Leopardus guigna/Leopardus_guigna_projection 2041-2060_novel.asc
ncols         515
nrows         545
xllcorner     -119.0
yllcorner     -58.333333333333
cellsize      0.166666666667
NODATA_value  -9999
[rows 90 to 119 of 545, columns 136 to 203 of 515]
9.7561E0 3.26531E0 4.85814E0 3.08611E0 3.08611E0 1.49328E0 1.49328E0 1.49328E0 1.49328E0 1.73221E0 1.334E0 1.23444E0 2.15032E0 1.49328E0 1.49328E0 3.08611E0 3.08611E0 1.13489E0 1.01543E0 6.57043E-1 8.95968E-1 1.25436E0 7.10801E0 4.73868E0 2.21005E0 3.08611E0 3.08611E0 1.49328E0 1.49328E0 1.49328E0 8.76058E-1 8.76058E-1 8.76058E-1 8.76058E-1 1.49328E0 1.49328E0 3.08611E0 3.08611E0 6.63016E0 6.63016E0 6.63016E0 6.63016E0 2.0448E1 2.0448E1 2.0448E1 2.0448E1 1.62469E1 1.02339E1 -9999 -9999 -9999 -9999 -9999 -9999 -9999 -9999 -9999 -9999 -9999 -9999 -9999 -9999 -9999 -9999 -9999 -9999 -9999 -9999
1.85366E1 1.60876E1 5.07715E0 6.63016E0 4.73868E0 2.03086E0 8.16327E-1 6.37133E-1 9.35789E-1 9.9552E-1 8.95968E-1 1.25436E0 1.79194E0 6.63016E0 6.63016E0 3.08611E0 3.08611E0 3.08611E0 1.47536E1 2.41513E1 2.10652E1 7.40667E0 1.29219E1 1.83574E1 1.52912E1 6.63016E0 1.32603E1 6.63016E0 3.08611E0 3.08611E0 3.08611E0 3.08611E0 1.49328E0 1.49328E0 1.49328E0 1.49328E0 3.08611E0 3.08611E0 6.63016E0 2.0448E1 2.0448E1 2.0448E1 2.0448E1 2.0448E1 2.0448E1 2.0448E1 2.2001E1 1.48333E1 -9999 -9999 -9999 -9999 -9999 -9999 -9999 -9999 -9999 -9999 -9999 -9999 -9999 -9999 -9999 -9999 -9999 -9999 -9999 -9999
1.56894E1 1.36784E1 1.90742E1 1.45346E1 2.03484E1 6.63016E0 6.63016E0 1.01543E0 1.51319E0 3.08611E0 1.65057E1 3.11797E1 1.54704E1 2.0448E1 2.0448E1 6.63016E0 6.63016E0 3.08611E0 2.0448E1 2.71379E1 1.97312E1 2.73569E1 2.0448E1 2.80936E1 1.92534E1 1.72424E1 1.59084E1 1.54704E1 1.41762E1 3.08611E0 3.08611E0 3.08611E0 3.08611E0 1.49328E0 1.49328E0 1.49328E0 3.08611E0 3.08611E0 6.63016E0 2.0448E1 2.0448E1 2.0448E1 2.0448E1 2.0448E1 3.50025E1 3.36287E1 2.60826E1 1.96516E1 -9999 -9999 -9999 -9999 -9999 -9999 -9999 -9999 -9999 -9999 -9999 -9999 -9999 -9999 -9999 -9999 -9999 -9999 -9999 -9999
1.68442E1 1.61075E1 2.21404E1 2.2658E1 2.0448E1 2.0448E1 2.0448E1 3.08611E0 6.63016E0 6.63016E0 2.0448E1 4.17919E1 2.97063E1 3.2215E1 2.0448E1 2.0448E1 3.30114E1 2.0448E1 2.0448E1 2.0448E1 2.07865E1 1.64062E1 1.67446E1 2.23196E1 2.44102E1 2.6003E1 3.11E1 3.92036E1 1.38377E1 1.22449E1 6.63016E0 4.69885E0 3.08611E0 3.08611E0 3.08611E0 3.08611E0 3.08611E0 3.08611E0 6.63016E0 6.63016E0 2.0448E1 2.0448E1 1.59084E1 1.75012E1 2.46889E1 3.41065E1 2.96665E1 2.17621E1 -9999 -9999 -9999 -9999 -9999 -9999 -9999 -9999 -9999 -9999 -9999 -9999 -9999 -9999 -9999 -9999 -9999 -9999 -9999 -9999
1.49129E1 1.72822E1 6.63016E0 2.0448E1 2.0448E1 2.0448E1 3.27327E1 6.63016E0 3.08611E0 6.63016E0 3.83474E1 2.80139E1 2.33748E1 2.96068E1 3.81085E1 6.63016E0 6.63016E0 6.63016E0 6.63016E0 6.63016E0 1.75411E1 1.35192E1 1.0453E1 1.30214E1 1.61872E1 2.27974E1 2.60627E1 2.83126E1 3.35092E1 9.71628E0 7.40667E0 6.63016E0 2.88701E0 3.08611E0 3.08611E0 3.08611E0 3.08611E0 6.63016E0 6.63016E0 6.63016E0 2.0448E1 2.0448E1 3.83673E1 6.72972E0 1.30214E1 2.10851E1 2.03683E1 2.13041E1 -9999 -9999 -9999 -9999 -9999 -9999 -9999 -9999 -9999 -9999 -9999 -9999 -9999 -9999 -9999 -9999 -9999 -9999 -9999 -9999
1.31608E1 1.08313E1 9.13888E0 1.74614E1 3.08611E0 3.08611E0 3.08611E0 1.49328E0 3.08611E0 1.49328E0 1.49328E0 3.08611E0 2.06869E1 2.72374E1 2.0448E1 6.63016E0 3.08611E0 1.56496E1 1.28223E1 3.08611E0 1.49328E0 3.08611E0 1.86162E1 1.18865E1 1.16277E1 1.71229E1 1.84968E1 2.57242E1 3.55202E1 3.49826E1 1.11299E1 6.63016E0 6.63016E0 3.08611E0 3.08611E0 3.08611E0 3.08611E0 6.63016E0 6.63016E0 6.63016E0 1.64659E1 1.21852E1 1.14485E1 3.28522E0 5.99303E0 8.74067E0 1.12295E1 1.26232E1 -9999 -9999 -9999 -9999 -9999 -9999 -9999 -9999 -9999 -9999 -9999 -9999 -9999 -9999 -9999 -9999 -9999 -9999 -9999 -9999
1.66252E1 1.41364E1 6.63016E0 6.63016E0 1.49328E0 3.08611E0 1.49328E0 1.49328E0 -9999 1.49328E0 8.76058E-1 8.76058E-1 1.49328E0 1.12892E1 1.64858E1 6.63016E0 1.26033E1 6.63016E0 9.7561E0 3.08611E0 8.76058E-1 1.49328E0 3.08611E0 1.91538E1 1.2225E1 1.52115E1 1.75012E1 1.79592E1 2.10851E1 6.63016E0 6.63016E0 6.63016E0 3.08611E0 3.08611E0 3.08611E0 3.08611E0 6.63016E0 6.63016E0 6.63016E0 8.58138E0 5.95321E0 4.26083E0 6.76954E0 8.02389E0 5.71429E0 2.50871E0 4.99751E0 -9999 -9999 -9999 -9999 -9999 -9999 -9999 -9999 -9999 -9999 -9999 -9999 -9999 -9999 -9999 -9999 -9999 -9999 -9999 -9999 -9999
8.56147E0 1.35192E1 1.36585E1 6.63016E0 9.13888E0 6.63016E0 1.49328E0 1.49328E0 -9999 -9999 -9999 1.49328E0 1.49328E0 -9999 1.49328E0 8.06371E0 1.26829E1 6.63016E0 3.08611E0 3.08611E0 3.08611E0 3.08611E0 3.08611E0 6.63016E0 1.81782E1 1.84569E1 1.95918E1 2.0229E1 2.97461E1 6.63016E0 6.63016E0 6.63016E0 3.08611E0 3.08611E0 2.80737E0 3.08611E0 4.0219E0 5.3559E0 4.69885E0 3.16575E0 1.73221E0 1.47337E0 1.41364E0 1.01543E0 8.36237E-1 -9999 -9999 -9999 -9999 -9999 -9999 -9999 -9999 -9999 -9999 -9999 -9999 -9999 -9999 -9999 -9999 -9999 -9999 -9999 -9999 -9999 -9999 -9999
1.62071E1 1.54505E1 1.2444E1 9.13888E0 6.63016E0 1.49328E0 -9999 -9999 -9999 -9999 -9999 -9999 -9999 -9999 -9999 1.49328E0 9.13888E0 1.02539E1 6.63016E0 3.08611E0 1.49328E0 3.08611E0 6.63016E0 6.63016E0 6.63016E0 1.80986E1 2.23992E1 1.46541E1 5.59482E0 7.52613E0 8.40219E0 5.27626E0 2.92683E0 1.77203E0 1.5331E0 1.5331E0 1.67247E0 2.36934E0 1.95122E0 1.47337E0 1.11498E0 9.9552E-1 8.95968E-1 7.16775E-1 5.77402E-1 -9999 -9999 -9999 -9999 -9999 -9999 -9999 -9999 -9999 -9999 -9999 -9999 -9999 -9999 -9999 -9999 -9999 -9999 -9999 -9999 -9999 -9999 -9999
1.32006E1 1.20657E1 6.63016E0 -9999 -9999 -9999 -9999 -9999 -9999 -9999 -9999 -9999 -9999 -9999 -9999 -9999 3.08611E0 8.66103E0 9.13888E0 1.19263E1 4.69885E0 3.18566E0 1.14485E1 3.08611E0 3.08611E0 3.08611E0 3.08611E0 1.44948E1 1.21653E1 1.21055E1 1.01543E0 2.42907E0 1.5331E0 1.11498E0 9.15879E-1 7.96416E-1 8.95968E-1 1.23444E0 1.23444E0 1.01543E0 9.15879E-1 9.9552E-1 8.16327E-1 8.36237E-1 -9999 -9999 -9999 -9999 -9999 -9999 -9999 -9999 -9999 -9999 -9999 -9999 -9999 -9999 -9999 -9999 -9999 -9999 -9999 -9999 -9999 -9999 -9999 -9999
-9999 -9999 -9999 -9999 -9999 -9999 -9999 -9999 -9999 -9999 -9999 -9999 -9999 -9999 -9999 -9999 -9999 1.49328E0 1.49328E0 4.55948E0 4.36038E0 2.03086E0 6.6899E0 1.60677E1 3.08611E0 3.08611E0 3.08611E0 1.09308E1 1.17272E1 1.08512E1 6.96864E-1 8.56147E-1 8.95968E-1 7.56595E-1 5.97312E-1 4.9776E-1 5.97312E-1 7.16775E-1 8.16327E-1 8.56147E-1 9.9552E-1 1.25436E0 1.73221E0 1.25436E0 1.59283E0 2.46889E0 -9999 1.02339E1 -9999 -9999 2.0448E1 6.63016E0 1.24241E1 -9999 6.63016E0 -9999 -9999 -9999 2.96665E1 -9999 3.71926E1 6.63016E0 6.63016E0 6.63016E0 2.0448E1 1.24241E1 2.43703E1 3.90244E0
-9999 -9999 -9999 -9999 -9999 -9999 -9999 -9999 -9999 -9999 -9999 -9999 -9999 -9999 -9999 -9999 -9999 -9999 -9999 1.31409E0 8.36237E-1 1.05127E1 1.39174E1 2.03484E1 1.66451E1 2.19612E1 1.85366E1 1.62867E1 8.02389E0 8.84022E0 1.1548E1 5.27626E0 1.25436E0 8.56147E-1 6.57043E-1 1.25436E0 8.18318E0 1.334E0 7.36685E-1 9.9552E-1 1.19462E0 2.32952E0 5.81384E0 2.19014E0 3.12593E0 6.57043E0 1.92534E1 2.0448E1 4.95769E1 4.58537E1 6.63016E0 6.63016E0 2.0448E1 2.0448E1 2.0448E1 4.11548E1 2.54057E1 2.97063E1 4.56147E1 2.0448E1 6.63016E0 2.0448E1 4.87407E1 5.01941E1 2.0448E1 3.71926E1 3.18566E1 1.7561E1
-9999 -9999 -9999 -9999 -9999 -9999 -9999 -9999 -9999 -9999 -9999 -9999 -9999 -9999 -9999 -9999 -9999 -9999 -9999 -9999 1.49328E0 1.35391E0 4.0219E0 1.60876E1 1.33201E1 1.73818E1 1.36187E1 1.52713E1 9.67646E0 8.16327E0 1.05127E1 1.26829E1 1.50124E1 1.33997E1 1.12494E1 2.01095E1 1.73619E1 1.67048E1 2.21005E0 1.59283E0 5.95321E0 1.65256E0 1.65256E0 1.24241E1 6.63016E0 2.0448E1 5.38975E1 4.11548E1 4.11548E1 2.0448E1 3.08611E0 2.0448E1 2.0448E1 3.06819E1 2.77551E1 4.63713E1 2.0448E1 2.0448E1 2.0448E1 2.0448E1 4.17521E1 2.97461E1 3.33499E1 4.66302E1 4.19711E1 3.33499E1 3.33499E1 2.43703E1
-9999 -9999 -9999 -9999 -9999 -9999 -9999 -9999 -9999 -9999 -9999 -9999 -9999 -9999 -9999 -9999 -9999 -9999 -9999 -9999 -9999 1.49328E0 3.08611E0 1.9114E0 1.45147E1 9.7561E0 8.46192E0 1.06322E1 1.3997E1 1.59482E1 1.23644E1 1.00747E1 5.37581E0 1.54704E1 1.49726E1 2.33748E1 1.78596E1 6.889E0 1.01543E1 1.3101E1 1.8676E1 2.12842E1 3.18566E1 2.0448E1 4.11548E1 4.7327E1 2.0448E1 2.0448E1 2.0448E1 2.0448E1 3.08611E0 2.0448E1 4.11548E1 3.65754E1 4.11548E1 3.65754E1 3.21155E1 3.09408E1 3.52016E1 3.98208E1 3.50622E1 3.44052E1 4.11548E1 2.0448E1 3.11996E1 4.84818E1 3.71926E1 2.43703E1
-9999 -9999 -9999 -9999 -9999 -9999 -9999 -9999 -9999 -9999 -9999 -9999 -9999 -9999 -9999 -9999 -9999 -9999 -9999 -9999 -9999 -9999 1.49328E0 3.08611E0 6.57043E-1 2.82728E0 4.75859E0 9.19861E0 9.15879E0 1.26033E1 1.50124E1 1.36784E1 1.6884E1 1.69438E1 2.26381E1 2.47685E1 2.34744E1 1.56297E1 1.6008E1 2.07666E1 3.35092E1 6.63016E0 2.0448E1 4.81633E1 3.33897E1 4.11548E1 3.64759E1 3.86262E1 2.0448E1 2.0448E1 3.08611E0 6.63016E0 4.11548E1 2.79542E1 3.75908E1 2.51667E1 2.93878E1 2.85515E1 2.78148E1 3.39871E1 2.89298E1 4.11548E1 4.08163E1 3.21354E1 4.8661E1 5.09507E1 4.59333E1 3.18566E1
-9999 -9999 -9999 -9999 -9999 -9999 -9999 -9999 -9999 -9999 -9999 -9999 -9999 -9999 -9999 -9999 -9999 -9999 -9999 -9999 -9999 -9999 -9999 1.49328E0 6.37133E-1 1.59283E-1 5.97312E-1 1.00548E1 8.78049E0 9.1787E0 9.15879E0 1.23843E1 1.69637E1 2.1324E1 2.56844E1 3.15978E1 2.8233E1 2.0448E1 2.0448E1 6.63016E0 6.63016E0 3.15381E1 3.52016E1 3.39273E1 2.96267E1 3.62967E1 3.7989E1 3.27327E1 2.0448E1 2.54455E1 4.11548E1 2.0448E1 3.96018E1 2.0448E1 4.11548E1 2.16426E1 2.52066E1 3.12792E1 3.46839E1 3.92036E1 4.03584E1 2.85316E1 2.54256E1 4.11548E1 4.48382E1 5.65854E1 3.18566E1 3.18566E1
-9999 -9999 -9999 -9999 -9999 -9999 -9999 -9999 -9999 -9999 -9999 -9999 -9999 -9999 -9999 -9999 -9999 -9999 -9999 -9999 -9999 -9999 -9999 -9999 8.76058E-1 1.49328E0 9.9552E-2 3.18566E-1 3.60378E0 1.14087E1 1.07317E1 1.13888E1 1.26232E1 1.76008E1 1.79393E1 1.74614E1 1.81782E1 1.98109E1 2.08661E1 2.20806E1 1.79393E1 2.68193E1 3.36486E1 2.85913E1 3.03036E1 3.59582E1 2.97063E1 2.81334E1 2.0448E1 2.0448E1 2.83524E1 4.11548E1 3.91638E1 3.32106E1 2.0448E1 3.78099E1 3.11996E1 3.1558E1 3.77103E1 3.52016E1 2.0448E1 2.0448E1 6.63016E0 2.0448E1 4.11548E1 4.11548E1 3.18566E1 3.18566E1
-9999 -9999 -9999 -9999 -9999 -9999 -9999 -9999 -9999 -9999 -9999 -9999 -9999 -9999 -9999 -9999 -9999 -9999 -9999 -9999 -9999 -9999 -9999 -9999 -9999 1.49328E0 1.49328E0 6.37133E-1 4.57939E-1 2.98656E-1 1.09507E0 2.6879E0 1.35789E1 1.60279E1 1.555E1 1.75212E1 1.65256E1 1.52514E1 2.01294E1 1.9333E1 1.73619E1 2.58238E1 2.98656E1 2.21404E1 2.97262E1 1.80986E1 3.03235E1 2.25187E1 2.41911E1 3.23743E1 2.50672E1 3.03435E1 3.35092E1 3.34495E1 3.50821E1 3.62369E1 3.11E1 3.12792E1 4.11548E1 2.0448E1 6.63016E0 2.0448E1 2.0448E1 4.11548E1 4.11548E1 4.11548E1 3.18566E1 3.18566E1
-9999 -9999 -9999 -9999 -9999 -9999 -9999 -9999 -9999 -9999 -9999 -9999 -9999 -9999 -9999 -9999 -9999 -9999 -9999 -9999 -9999 -9999 -9999 -9999 -9999 -9999 1.49328E0 1.49328E0 3.08611E0 2.56844E0 3.38477E-1 2.98656E-1 1.79194E0 8.66103E0 1.52315E1 1.94525E1 2.07865E1 1.84171E1 2.03883E1 1.75411E1 1.23843E1 2.14037E1 2.41314E1 1.75212E1 2.58039E1 1.6884E1 2.26381E1 2.12444E1 1.68044E1 2.25784E1 2.60627E1 2.67397E1 3.23146E1 2.00896E1 3.19761E1 3.52812E1 3.05625E1 3.23146E1 3.45645E1 4.11548E1 4.11548E1 2.0448E1 2.0448E1 2.0448E1 4.11548E1 4.11548E1 3.18566E1 2.96665E1
-9999 -9999 -9999 -9999 -9999 -9999 -9999 -9999 -9999 -9999 -9999 -9999 -9999 -9999 -9999 -9999 -9999 -9999 -9999 -9999 -9999 -9999 -9999 -9999 -9999 -9999 -9999 1.49328E0 1.49328E0 1.49328E0 1.49328E0 1.19462E0 1.59283E0 2.56844E0 6.15231E0 1.49726E1 1.93927E1 2.04878E1 1.72623E1 1.47337E1 1.23843E1 1.47337E1 1.85366E1 2.19612E1 2.32753E1 2.50274E1 2.41513E1 2.42509E1 1.95719E1 2.10652E1 2.34146E1 2.62618E1 2.0448E1 2.22997E1 2.98855E1 2.57442E1 3.112E1 3.15381E1 3.85665E1 3.06819E1 4.11548E1 4.11548E1 4.11548E1 4.11548E1 4.39223E1 4.61722E1 3.18566E1 2.66003E1
-9999 -9999 -9999 -9999 -9999 -9999 -9999 -9999 -9999 -9999 -9999 -9999 -9999 -9999 -9999 -9999 -9999 -9999 -9999 -9999 -9999 -9999 -9999 -9999 -9999 -9999 -9999 -9999 -9999 3.08611E0 1.49328E0 3.08611E0 3.08611E0 3.08611E0 6.63016E0 1.88352E1 1.90742E1 1.72623E1 1.60876E1 1.72623E1 1.72623E1 1.97312E1 6.63016E0 6.63016E0 2.27178E1 2.0448E1 2.45893E1 2.45893E1 2.37531E1 1.88552E1 1.89945E1 2.45893E1 2.666E1 1.94724E1 2.59433E1 2.3773E1 4.1115E1 3.13987E1 3.11797E1 2.0448E1 2.0448E1 3.15381E1 3.76705E1 4.38626E1 5.65854E1 4.61722E1 3.18566E1 2.17621E1
-9999 -9999 -9999 -9999 -9999 -9999 -9999 -9999 -9999 -9999 -9999 -9999 -9999 -9999 -9999 -9999 -9999 -9999 -9999 -9999 -9999 -9999 -9999 -9999 -9999 -9999 -9999 -9999 -9999 -9999 -9999 -9999 -9999 -9999 -9999 -9999 6.63016E0 1.72623E1 1.85366E1 1.97312E1 1.98109E1 2.03883E1 6.63016E0 2.0448E1 2.0448E1 2.0448E1 2.0448E1 2.0448E1 2.28771E1 2.27178E1 2.25187E1 2.0448E1 2.56247E1 2.65804E1 2.51667E1 2.68591E1 2.56844E1 2.0448E1 3.84072E1 4.11548E1 3.03634E1 4.17919E1 4.11548E1 4.11548E1 4.97362E1 4.61722E1 3.18566E1 2.17621E1
-9999 -9999 -9999 -9999 -9999 -9999 -9999 -9999 -9999 -9999 -9999 -9999 -9999 -9999 -9999 -9999 -9999 -9999 -9999 -9999 -9999 -9999 -9999 -9999 -9999 -9999 -9999 -9999 -9999 -9999 -9999 -9999 -9999 -9999 -9999 -9999 -9999 -9999 2.00697E1 2.03883E1 1.96516E1 2.01294E1 1.94525E1 2.01294E1 2.07865E1 2.07865E1 6.63016E0 6.63016E0 2.17222E1 2.01095E1 2.0448E1 3.08611E0 2.0448E1 6.63016E0 2.83723E1 3.27327E1 2.97461E1 2.0448E1 2.93878E1 2.58437E1 3.84271E1 4.17521E1 3.61772E1 4.11548E1 4.3106E1 4.11548E1 3.33499E1 2.17621E1
-9999 -9999 -9999 -9999 -9999 -9999 -9999 -9999 -9999 -9999 -9999 -9999 -9999 -9999 -9999 -9999 -9999 -9999 -9999 -9999 -9999 -9999 -9999 -9999 -9999 -9999 -9999 -9999 -9999 -9999 -9999 -9999 -9999 -9999 -9999 -9999 -9999 -9999 -9999 6.63016E0 2.00697E1 1.90742E1 1.92932E1 2.00697E1 2.06073E1 2.00697E1 1.72623E1 1.72623E1 6.63016E0 3.08611E0 3.08611E0 1.49328E0 1.49328E0 1.49328E0 6.63016E0 2.0448E1 2.0448E1 2.79343E1 2.72175E1 3.17571E1 4.04978E1 4.61523E1 5.32006E1 4.25087E1 5.13489E1 4.30264E1 3.71926E1 2.43703E1
-9999 -9999 -9999 -9999 -9999 -9999 -9999 -9999 -9999 -9999 -9999 -9999 -9999 -9999 -9999 -9999 -9999 -9999 -9999 -9999 -9999 -9999 -9999 -9999 -9999 -9999 -9999 -9999 -9999 -9999 -9999 -9999 -9999 -9999 -9999 -9999 -9999 -9999 -9999 -9999 -9999 -9999 -9999 -9999 1.24241E1 6.63016E0 1.84769E1 1.85366E1 1.72623E1 6.63016E0 1.65256E0 -9999 1.99104E-2 1.99104E-2 1.65256E0 1.65256E0 2.14037E1 2.47685E1 3.00647E1 3.47835E1 3.62369E1 4.01792E1 5.65854E1 5.42359E1 4.87805E1 3.71926E1 2.96665E1 1.96516E1
-9999 -9999 -9999 -9999 -9999 -9999 -9999 -9999 -9999 -9999 -9999 -9999 -9999 -9999 -9999 -9999 -9999 -9999 -9999 -9999 -9999 -9999 -9999 -9999 -9999 -9999 -9999 -9999 -9999 -9999 -9999 -9999 -9999 -9999 -9999 -9999 -9999 -9999 -9999 -9999 -9999 -9999 -9999 -9999 -9999 -9999 -9999 1.24241E1 1.23843E1 1.24241E1 -9999 -9999 -9999 -9999 1.99104E-2 6.63016E0 1.82578E1 1.81782E1 1.90742E1 2.97461E1 2.82529E1 2.80338E1 3.22349E1 3.23146E1 3.71926E1 3.71926E1 2.43703E1 1.24241E1
-9999 -9999 -9999 -9999 -9999 -9999 -9999 -9999 -9999 -9999 -9999 -9999 -9999 -9999 -9999 -9999 -9999 -9999 -9999 -9999 -9999 -9999 -9999 -9999 -9999 -9999 -9999 -9999 -9999 -9999 -9999 -9999 -9999 -9999 -9999 -9999 -9999 -9999 -9999 -9999 -9999 -9999 -9999 -9999 -9999 -9999 -9999 -9999 -9999 -9999 -9999 -9999 -9999 -9999 1.99104E-2 3.98208E-2 1.49328E0 1.65256E0 1.50523E1 2.17222E1 2.88502E1 3.71926E1 2.56844E1 4.30264E1 3.71926E1 2.66003E1 2.17621E1 1.7561E1
-9999 -9999 -9999 -9999 -9999 -9999 -9999 -9999 -9999 -9999 -9999 -9999 -9999 -9999 -9999 -9999 -9999 -9999 -9999 -9999 -9999 -9999 -9999 -9999 -9999 -9999 -9999 -9999 -9999 -9999 -9999 -9999 -9999 -9999 -9999 -9999 -9999 -9999 -9999 -9999 -9999 -9999 -9999 -9999 -9999 -9999 -9999 -9999 -9999 -9999 -9999 -9999 1.65256E0 -9999 1.99104E-2 3.98208E-2 3.98208E-2 1.65256E0 6.63016E0 1.81782E1 2.58238E1 3.07218E1 3.66152E1 4.03385E1 3.33499E1 1.96516E1 1.7561E1 1.38975E1
-9999 -9999 -9999 -9999 -9999 -9999 -9999 -9999 -9999 -9999 -9999 -9999 -9999 -9999 -9999 -9999 -9999 -9999 -9999 -9999 -9999 -9999 -9999 -9999 -9999 -9999 -9999 -9999 -9999 -9999 -9999 -9999 -9999 -9999 -9999 -9999 -9999 -9999 -9999 -9999 -9999 -9999 -9999 -9999 -9999 -9999 -9999 -9999 -9999 -9999 -9999 -9999 -9999 -9999 3.98208E-2 1.65256E0 1.65256E0 1.65256E0 1.65256E0 6.63016E0 1.90742E1 3.12394E1 4.64709E1 3.71926E1 2.66003E1 1.96516E1 1.38975E1 1.22449E1
-9999 -9999 -9999 -9999 -9999 -9999 -9999 -9999 -9999 -9999 -9999 -9999 -9999 -9999 -9999 -9999 -9999 -9999 -9999 -9999 -9999 -9999 -9999 -9999 -9999 -9999 -9999 -9999 -9999 -9999 -9999 -9999 -9999 -9999 -9999 -9999 -9999 -9999 -9999 -9999 -9999 -9999 -9999 -9999 -9999 -9999 -9999 -9999 -9999 -9999 -9999 -9999 -9999 -9999 -9999 1.65256E0 6.63016E0 6.63016E0 1.65256E0 1.65256E0 1.24241E1 2.88502E1 4.11548E1 2.96665E1 1.61075E1 1.38975E1 1.22449E1 1.14684E1
