Leopardus guigna/Leopardus_guigna.asc
ncols         515
nrows         545
xllcorner     -119.0
yllcorner     -58.333333333333
cellsize      0.166666666667
NODATA_value  -9999
[rows 290 to 318 of 545, columns 396 to 461 of 515]
1.32086E-6 2.68776E-6 2.54196E-6 1.08273E-6 1.02919E-6 7.25834E-7 7.45202E-7 7.38934E-7 7.17545E-7 7.09087E-7 7.00848E-7 4.87069E-7 7.84885E-7 4.9369E-7 7.92624E-7 7.93745E-7 8.18946E-7 1.22066E-6 2.67453E-6 1.73127E-6 1.74391E-6 2.8254E-6 2.84427E-6 2.68257E-6 3.78479E-6 7.50122E-6 7.14239E-6 4.72034E-6 6.42007E-6 8.83346E-6 1.20146E-5 1.31555E-5 1.30613E-5 9.30608E-6 9.44631E-6 9.77216E-6 9.89089E-6 6.70155E-6 7.0054E-6 4.65899E-6 3.39266E-6 1.20418E-6 1.68161E-6 1.77796E-6 1.86925E-6 2.26895E-6 2.57073E-6 1.81777E-6 1.26485E-6 1.43333E-6 2.50327E-6 1.88062E-6 4.99631E-6 3.86597E-6 4.1746E-6 2.25788E-6 2.44084E-6 1.71409E-6 3.46361E-6 6.68996E-6 6.21735E-6 7.22783E-6 7.19947E-6 7.16465E-6 5.1172E-6 6.96244E-6
1.07547E-6 2.67687E-6 2.60958E-6 1.8532E-6 1.76576E-6 1.02798E-6 7.44104E-7 7.40233E-7 7.459E-7 1.19134E-6 1.15755E-6 8.41166E-7 8.05616E-7 8.09877E-7 8.19411E-7 1.32338E-6 1.2927E-6 2.76543E-6 2.67502E-6 2.83922E-6 2.60149E-6 2.72796E-6 2.66032E-6 2.65207E-6 3.67597E-6 3.7098E-6 5.06725E-6 4.96828E-6 9.8623E-6 9.5352E-6 1.21809E-5 1.32493E-5 1.32565E-5 9.49031E-6 1.01646E-5 1.08133E-5 5.31826E-6 5.29214E-6 7.30171E-6 4.80667E-6 3.37356E-6 1.64861E-6 1.76643E-6 1.9443E-6 2.45124E-6 2.12039E-6 2.42615E-6 1.70792E-6 1.68724E-6 2.24666E-6 3.41236E-6 2.55454E-6 4.22828E-6 4.08238E-6 4.67511E-6 2.52978E-6 2.40256E-6 3.57635E-6 5.8001E-6 1.0248E-5 8.47368E-6 8.09919E-6 8.18157E-6 3.84078E-6 2.79605E-6 7.21185E-6
1.88169E-6 2.6459E-6 2.71161E-6 1.84129E-6 2.77761E-6 1.83604E-6 7.61528E-7 7.53141E-7 1.254E-6 1.18797E-6 1.85993E-6 1.13576E-6 8.64561E-7 8.18966E-7 1.79579E-6 1.967E-6 1.84539E-6 2.80966E-6 2.7466E-6 2.79582E-6 2.67263E-6 2.62497E-6 4.00191E-6 3.78619E-6 3.64537E-6 3.75958E-6 5.31414E-6 5.14529E-6 7.68366E-6 6.61319E-6 1.25246E-5 1.31558E-5 1.36648E-5 9.55505E-6 1.07947E-5 5.77942E-6 6.06481E-6 5.8653E-6 7.65275E-6 7.6245E-6 5.09028E-6 3.24869E-6 2.04066E-6 1.83687E-6 2.15989E-6 2.26393E-6 1.58854E-6 1.59946E-6 3.28625E-6 2.88087E-6 3.51995E-6 3.35408E-6 3.751E-6 4.19731E-6 3.24627E-6 4.18151E-6 3.66846E-6 5.1238E-6 6.18817E-6 9.3599E-6 8.19549E-6 8.71748E-6 4.23003E-6 4.08395E-6 2.67405E-6 3.94736E-6
4.17022E-6 2.8752E-6 4.36897E-6 4.07591E-6 7.83597E-6 3.67212E-6 1.7651E-6 1.29404E-6 1.21782E-6 1.95591E-6 1.96737E-6 1.98739E-6 1.20162E-6 1.35714E-6 1.99697E-6 1.41425E-6 1.96791E-6 2.97103E-6 2.99895E-6 1.85695E-6 2.84475E-6 2.84195E-6 2.82681E-6 2.58762E-6 3.67329E-6 5.23015E-6 5.20225E-6 5.02834E-6 6.71786E-6 7.04902E-6 1.35567E-5 1.38098E-5 9.41032E-6 9.81671E-6 1.25823E-5 1.1106E-5 6.50351E-6 3.92143E-6 3.6936E-6 6.87465E-6 5.05978E-6 5.27079E-6 3.35306E-6 1.77517E-6 1.98955E-6 2.08509E-6 2.16074E-6 1.42088E-6 1.78853E-6 2.21594E-6 2.14396E-6 2.21338E-6 4.22658E-6 6.45743E-6 5.7216E-6 3.6554E-6 3.72052E-6 1.03324E-5 8.43131E-6 9.28733E-6 8.07488E-6 4.245E-6 8.37157E-6 4.14662E-6 2.29384E-6 3.89422E-6
3.32394E-6 3.00783E-6 2.97171E-6 2.79536E-6 4.24264E-6 6.23001E-6 2.88932E-6 2.92166E-6 2.72577E-6 2.69479E-6 2.10014E-6 1.98082E-6 1.97214E-6 1.93823E-6 1.9908E-6 2.0956E-6 2.07432E-6 2.00891E-6 1.9488E-6 1.92329E-6 3.00751E-6 2.88185E-6 2.8834E-6 4.15528E-6 3.92655E-6 5.35604E-6 5.67142E-6 7.60231E-6 6.99569E-6 7.43397E-6 9.45284E-6 9.81142E-6 1.48376E-5 1.05366E-5 1.04903E-5 1.10127E-5 6.42675E-6 4.14892E-6 3.91524E-6 3.70992E-6 6.99373E-6 5.45089E-6 3.36365E-6 3.55559E-6 3.826E-6 1.68422E-6 1.97359E-6 1.09157E-6 2.82992E-6 1.44838E-6 2.71293E-6 2.61892E-6 5.14507E-6 8.06393E-6 4.97072E-6 3.42648E-6 3.7728E-6 1.23875E-5 9.4382E-6 9.22017E-6 3.80645E-6 4.03426E-6 5.27747E-6 2.13225E-6 2.28329E-6 2.58093E-6
2.24188E-6 3.47542E-6 4.92557E-6 4.78839E-6 4.52418E-6 4.4283E-6 3.96609E-6 3.91521E-6 2.79651E-6 2.87132E-6 2.11862E-6 4.26751E-6 2.04323E-6 1.97669E-6 3.05753E-6 2.04798E-6 2.07856E-6 2.08411E-6 2.09921E-6 1.99559E-6 3.08112E-6 2.93868E-6 2.97259E-6 2.82682E-6 4.33576E-6 5.58131E-6 7.49629E-6 7.62836E-6 7.86917E-6 7.77751E-6 7.93648E-6 1.48035E-5 1.76241E-5 1.40617E-5 1.06501E-5 1.49602E-5 6.32532E-6 4.10117E-6 3.98226E-6 3.79219E-6 3.66666E-6 3.41939E-6 2.5773E-6 2.31621E-6 1.55919E-6 1.24112E-6 1.3898E-6 1.631E-6 1.48739E-6 1.36693E-6 2.16358E-6 3.38156E-6 5.6867E-6 5.72321E-6 6.00794E-6 4.481E-6 6.96183E-6 1.43598E-5 8.8444E-6 8.29682E-6 3.90268E-6 4.20468E-6 4.11627E-6 2.67083E-6 2.62779E-6 1.6816E-6
3.9101E-6 3.7519E-6 3.56743E-6 4.87798E-6 4.72328E-6 4.40246E-6 6.43596E-6 6.54141E-6 4.8314E-6 4.7129E-6 2.9859E-6 4.51667E-6 4.43438E-6 3.30044E-6 3.25826E-6 3.18602E-6 2.10283E-6 2.15823E-6 2.11114E-6 1.99342E-6 3.12561E-6 2.98097E-6 2.90005E-6 2.99039E-6 6.22725E-6 5.70167E-6 8.2352E-6 8.08771E-6 8.2178E-6 8.27809E-6 1.09293E-5 1.53863E-5 2.01261E-5 1.38223E-5 1.10423E-5 1.15865E-5 6.14773E-6 4.0593E-6 3.99277E-6 3.79066E-6 3.7257E-6 3.44454E-6 3.43767E-6 2.63738E-6 1.91751E-6 1.24229E-6 1.24581E-6 2.45961E-6 1.53458E-6 1.66232E-6 2.25228E-6 3.79409E-6 5.57976E-6 5.46437E-6 8.35042E-6 4.38874E-6 8.2185E-6 2.67295E-5 1.12169E-5 1.06974E-5 3.96356E-6 4.00888E-6 2.5951E-6 1.48593E-6 1.42444E-6 8.55426E-7
4.15151E-6 4.05345E-6 3.84173E-6 3.58358E-6 4.79901E-6 7.31326E-6 6.76204E-6 6.54581E-6 4.68753E-6 4.81859E-6 4.71754E-6 4.64329E-6 4.56786E-6 4.5889E-6 4.61748E-6 2.09643E-6 2.08234E-6 2.20229E-6 2.17393E-6 2.00151E-6 3.28913E-6 4.04765E-6 4.22224E-6 4.44533E-6 4.21286E-6 8.6221E-6 8.90962E-6 8.53138E-6 1.14897E-5 8.87757E-6 1.18443E-5 1.14066E-5 1.1098E-5 1.15579E-5 1.19032E-5 1.14507E-5 6.13489E-6 3.97018E-6 2.56645E-6 3.75784E-6 2.63488E-6 4.01242E-6 1.75708E-6 2.88695E-6 1.22185E-6 1.58182E-6 2.585E-6 2.44698E-6 2.65157E-6 1.31057E-6 3.17422E-6 3.94134E-6 3.87636E-6 6.11811E-6 3.85472E-6 4.36631E-6 9.69322E-6 1.46688E-5 9.50749E-6 7.20888E-6 3.88536E-6 3.76852E-6 2.62289E-6 3.98401E-6 1.2485E-6 2.63157E-6
8.60312E-6 4.23327E-6 6.45536E-6 1.08391E-5 8.09852E-6 7.64608E-6 1.13335E-5 9.98797E-6 1.29816E-5 1.02048E-5 6.02197E-6 6.14399E-6 4.64071E-6 4.79587E-6 2.19489E-6 2.0956E-6 2.20606E-6 2.21827E-6 2.08371E-6 2.15708E-6 2.15795E-6 3.14644E-6 4.44251E-6 4.42634E-6 4.39271E-6 9.04632E-6 9.7391E-6 9.41666E-6 1.31203E-5 1.28321E-5 1.17609E-5 1.79601E-5 1.18753E-5 1.18135E-5 1.19214E-5 4.78086E-6 6.1324E-6 6.02948E-6 2.46299E-6 1.99134E-6 1.82755E-6 3.61618E-6 3.17114E-6 2.73376E-6 1.81292E-6 1.86275E-6 2.65358E-6 2.76079E-6 1.57354E-6 3.19113E-6 2.90207E-6 2.46882E-6 2.29747E-6 3.88547E-6 4.54113E-6 8.88853E-6 7.83591E-6 8.34633E-6 6.85042E-6 3.62976E-6 7.22292E-6 3.82822E-6 3.86629E-6 5.11555E-6 2.59373E-6 8.19441E-6
9.15411E-6 1.13539E-5 1.44508E-5 1.8668E-5 1.74047E-5 8.91012E-6 1.54944E-5 1.44679E-5 1.3649E-5 1.34711E-5 9.60257E-6 6.13095E-6 4.45765E-6 4.8047E-6 2.28666E-6 2.25042E-6 2.26221E-6 2.2627E-6 2.24448E-6 2.1728E-6 2.183E-6 4.65175E-6 4.66282E-6 4.46375E-6 6.32327E-6 6.41412E-6 1.02483E-5 6.37064E-6 5.34452E-6 7.75337E-6 1.54432E-5 1.58536E-5 7.11045E-6 1.24091E-5 1.77032E-5 8.53574E-6 3.75279E-6 3.80861E-6 1.87111E-6 1.2788E-6 1.86365E-6 2.00874E-6 2.89913E-6 2.59411E-6 2.98646E-6 2.99624E-6 3.80942E-6 2.80669E-6 2.93488E-6 1.86202E-6 2.79667E-6 6.64501E-6 5.85216E-6 3.38596E-6 8.35217E-6 9.70299E-6 7.04517E-6 6.82868E-6 5.71739E-6 6.86083E-6 7.56809E-6 4.91252E-6 7.58932E-6 7.31383E-6 8.07408E-6 8.4062E-6
1.03359E-5 1.5686E-5 1.04435E-5 7.36028E-6 1.3174E-5 1.80742E-5 1.32963E-5 1.22995E-5 1.49815E-5 1.4245E-5 1.01521E-5 9.9644E-6 4.58168E-6 4.81943E-6 2.2938E-6 2.31601E-6 2.35677E-6 2.32685E-6 2.30196E-6 2.26786E-6 3.49217E-6 4.80826E-6 4.82028E-6 4.65497E-6 6.66205E-6 6.71135E-6 4.20426E-6 4.30008E-6 8.16074E-6 8.1648E-6 7.61956E-6 7.52108E-6 7.14596E-6 1.80688E-5 1.81983E-5 9.90959E-6 3.8117E-6 2.94644E-6 2.14529E-6 1.24224E-6 1.84488E-6 2.77144E-6 2.73496E-6 2.61904E-6 2.72264E-6 5.58842E-6 5.8888E-6 3.18965E-6 2.82173E-6 3.00269E-6 5.03484E-6 1.14324E-5 1.60078E-5 7.15629E-6 7.07127E-6 1.32119E-5 7.7571E-6 7.51609E-6 6.70184E-6 7.02581E-6 7.58046E-6 7.27739E-6 7.17816E-6 1.42656E-5 1.52616E-5 9.29269E-6
1.15547E-5 1.16049E-5 8.52352E-6 7.90309E-6 9.01862E-6 1.31697E-5 6.16905E-6 8.76979E-6 1.16577E-5 1.10276E-5 1.05611E-5 1.0188E-5 4.60308E-6 4.76097E-6 4.96758E-6 2.34017E-6 2.41644E-6 2.41681E-6 2.36655E-6 3.00505E-6 4.68408E-6 3.08072E-6 4.52945E-6 6.0121E-6 6.7072E-6 1.04049E-5 4.27815E-6 4.26831E-6 8.89139E-6 8.90498E-6 7.74295E-6 1.10012E-5 1.0891E-5 1.84435E-5 1.02571E-5 5.68846E-6 3.67346E-6 2.62298E-6 2.73943E-6 1.78366E-6 4.3144E-6 2.30925E-6 2.46595E-6 2.60509E-6 2.63045E-6 5.53827E-6 3.83015E-6 2.31637E-6 4.48745E-6 2.45199E-6 4.04552E-6 1.02438E-5 1.56232E-5 6.85579E-6 8.02652E-6 2.40716E-5 1.15841E-5 1.01498E-5 1.06202E-5 7.40585E-6 1.32621E-5 1.35247E-5 9.48776E-6 1.44344E-5 1.60013E-5 1.46816E-5
1.90526E-5 1.21438E-5 8.57311E-6 8.16102E-6 7.36827E-6 1.33902E-5 8.30731E-6 6.19699E-6 8.34295E-6 7.87308E-6 7.50935E-6 6.80727E-6 4.91953E-6 4.92995E-6 3.14104E-6 2.41526E-6 2.56411E-6 2.4997E-6 3.26092E-6 5.06382E-6 3.14458E-6 5.03876E-6 9.18467E-6 6.53752E-6 4.27165E-6 4.28899E-6 4.32295E-6 6.6793E-6 9.12892E-6 6.36515E-6 6.0069E-6 5.51822E-6 8.1391E-6 7.09729E-6 1.01889E-5 5.28462E-6 5.32315E-6 2.53097E-6 2.55761E-6 2.54409E-6 3.89032E-6 3.61341E-6 3.71713E-6 4.06133E-6 5.4938E-6 5.50267E-6 3.96834E-6 3.32745E-6 6.31398E-6 6.56249E-6 3.80637E-6 1.58638E-5 1.12593E-5 7.37896E-6 1.15961E-5 2.3412E-5 1.12015E-5 1.01794E-5 1.08661E-5 1.38046E-5 1.26162E-5 1.39403E-5 1.56251E-5 8.68261E-6 2.88955E-6 4.97168E-6
1.92662E-5 1.91468E-5 1.20517E-5 8.87937E-6 8.14169E-6 1.16966E-5 1.40448E-5 6.4392E-6 6.15596E-6 5.80977E-6 5.24303E-6 5.4739E-6 6.79634E-6 4.95472E-6 5.12653E-6 3.30672E-6 2.63157E-6 2.63888E-6 3.42698E-6 5.25872E-6 5.23822E-6 5.1821E-6 6.81762E-6 6.4135E-6 4.42238E-6 4.42148E-6 4.34043E-6 4.16264E-6 6.78055E-6 6.12403E-6 8.79833E-6 5.44819E-6 8.00303E-6 5.01518E-6 4.74717E-6 7.05525E-6 3.54303E-6 3.72324E-6 3.63218E-6 7.13399E-6 3.66515E-6 5.00459E-6 3.69614E-6 4.01719E-6 4.24776E-6 2.86907E-6 1.98198E-6 4.02737E-6 6.30761E-6 8.03158E-6 4.65037E-6 6.36898E-6 4.72515E-6 6.45762E-6 1.92622E-5 2.14946E-5 1.83592E-5 1.23009E-5 1.32139E-5 1.82452E-5 2.56213E-5 1.48393E-5 5.86231E-6 4.65979E-6 2.26423E-6 2.35149E-6
2.132E-5 1.97335E-5 1.24847E-5 9.53738E-6 8.90115E-6 8.27275E-6 1.15083E-5 7.15813E-6 6.5155E-6 6.29959E-6 4.2895E-6 3.95204E-6 5.64851E-6 5.38682E-6 3.42951E-6 3.52133E-6 2.39085E-6 2.67638E-6 3.64463E-6 3.344E-6 3.52523E-6 5.23545E-6 4.47824E-6 4.37649E-6 3.19812E-6 3.20493E-6 3.2303E-6 4.13385E-6 3.69639E-6 5.62032E-6 5.34658E-6 5.01508E-6 4.9046E-6 7.35676E-6 7.11164E-6 6.94047E-6 7.09841E-6 7.20608E-6 6.88576E-6 7.26061E-6 4.99424E-6 5.08219E-6 1.0606E-5 6.0156E-6 2.75427E-6 2.90561E-6 3.1645E-6 6.41264E-6 8.02572E-6 6.90424E-6 5.08953E-6 5.1685E-6 5.09874E-6 6.84058E-6 1.34391E-5 3.2619E-5 1.91163E-5 2.09513E-5 3.18309E-5 1.39899E-5 1.57343E-5 1.12267E-5 5.92111E-6 4.82879E-6 7.68297E-6 1.53485E-6
2.1558E-5 2.0996E-5 1.99943E-5 9.54254E-6 8.83546E-6 8.63716E-6 8.18457E-6 7.74074E-6 5.17407E-6 4.88317E-6 4.73841E-6 4.43647E-6 4.13388E-6 4.16921E-6 4.01734E-6 3.92388E-6 2.48769E-6 1.87412E-6 3.78035E-6 3.7156E-6 2.36525E-6 3.39121E-6 2.24094E-6 2.15762E-6 3.39828E-6 3.27778E-6 3.13797E-6 2.86098E-6 2.59686E-6 2.51004E-6 3.57847E-6 3.84139E-6 5.03262E-6 6.61686E-6 6.51937E-6 6.73284E-6 6.80383E-6 6.94453E-6 7.23732E-6 7.15E-6 5.03931E-6 8.07523E-6 7.41787E-6 4.45718E-6 5.82352E-6 3.05991E-6 3.14746E-6 6.36397E-6 7.97483E-6 6.96775E-6 4.96173E-6 5.01166E-6 5.0171E-6 6.53542E-6 2.40739E-5 2.42456E-5 2.59209E-5 2.63517E-5 1.71114E-5 1.88663E-5 2.01543E-5 1.14004E-5 1.20562E-5 4.79928E-6 2.33264E-6 1.15074E-6
2.2404E-5 2.22939E-5 2.07545E-5 2.04695E-5 1.9301E-5 8.8695E-6 8.47007E-6 8.12747E-6 7.83319E-6 4.81152E-6 4.59181E-6 4.76389E-6 4.47157E-6 4.4307E-6 4.23014E-6 2.7597E-6 2.71419E-6 1.88013E-6 2.66693E-6 2.57744E-6 2.53648E-6 2.43555E-6 3.29975E-6 3.07613E-6 5.62195E-6 7.90397E-6 4.15096E-6 3.5608E-6 8.19911E-6 4.45079E-6 4.89396E-6 5.51169E-6 9.89147E-6 7.80634E-6 6.56587E-6 9.93742E-6 1.253E-5 1.02922E-5 7.50911E-6 7.36271E-6 1.04127E-5 1.14343E-5 7.91798E-6 5.71045E-6 6.0146E-6 3.11068E-6 3.3039E-6 4.26786E-6 6.59041E-6 4.55413E-6 4.73631E-6 4.92071E-6 4.87851E-6 4.45025E-6 1.43416E-5 2.03551E-5 2.7998E-5 2.57196E-5 1.83242E-5 1.89907E-5 1.95306E-5 2.15594E-5 2.25951E-5 1.85967E-5 1.10705E-5 1.24273E-6
2.48584E-5 2.34488E-5 2.26159E-5 2.20049E-5 7.47335E-6 7.00488E-6 6.80222E-6 6.51421E-6 6.28894E-6 4.90341E-6 4.72068E-6 4.58038E-6 4.1557E-6 5.59909E-6 2.64401E-6 3.98599E-6 2.81223E-6 2.79927E-6 2.80113E-6 2.66117E-6 2.53181E-6 3.45969E-6 3.30734E-6 6.60991E-6 6.1604E-6 5.57695E-6 5.00436E-6 3.53505E-6 2.50691E-6 4.21908E-6 5.81972E-6 7.92249E-6 8.61561E-6 8.3521E-6 6.53245E-6 1.02653E-5 1.91077E-5 1.47005E-5 7.86096E-6 1.09479E-5 1.14813E-5 8.3153E-6 8.89709E-6 8.68865E-6 6.11099E-6 4.18664E-6 3.18959E-6 4.45884E-6 4.49861E-6 4.61506E-6 6.03483E-6 6.35943E-6 4.89607E-6 4.40497E-6 1.10663E-5 3.11737E-5 3.49075E-5 1.89379E-5 1.84028E-5 1.84145E-5 1.88784E-5 2.00891E-5 2.14023E-5 1.87292E-5 5.32228E-6 2.06786E-6
1.30019E-5 1.61087E-5 8.51343E-6 8.27761E-6 7.99959E-6 7.54692E-6 7.18088E-6 1.03867E-5 7.12132E-6 4.70264E-6 4.81242E-6 4.94175E-6 2.89344E-6 4.68274E-6 4.37357E-6 4.1663E-6 3.01649E-6 2.9639E-6 2.95615E-6 2.83627E-6 3.59123E-6 3.60399E-6 5.61984E-6 7.35395E-6 6.88524E-6 6.23644E-6 5.39759E-6 5.76282E-6 4.99939E-6 4.66705E-6 6.35026E-6 1.22941E-5 1.21662E-5 1.23003E-5 1.32739E-5 1.42078E-5 1.41341E-5 1.53574E-5 1.12681E-5 1.14307E-5 2.31223E-5 8.40219E-6 1.1036E-5 5.84144E-6 4.01223E-6 4.18629E-6 4.32246E-6 4.478E-6 4.48413E-6 4.48737E-6 5.8482E-6 9.13266E-6 5.8274E-6 4.28312E-6 8.02852E-6 3.11995E-5 1.88256E-5 1.17894E-5 9.23919E-6 1.80997E-5 1.84599E-5 2.00762E-5 1.71635E-5 4.71102E-6 1.07695E-6 1.21481E-6
1.08482E-5 1.02528E-5 9.45036E-6 9.25751E-6 8.59411E-6 8.04712E-6 7.50574E-6 7.12724E-6 6.93551E-6 6.76949E-6 7.33951E-6 3.19862E-6 4.89647E-6 4.87241E-6 2.83834E-6 2.78936E-6 2.59855E-6 2.46002E-6 4.07263E-6 4.13163E-6 4.01775E-6 6.06501E-6 6.18378E-6 7.47003E-6 7.41585E-6 6.74462E-6 4.54904E-6 4.13246E-6 5.59816E-6 5.33372E-6 4.85324E-6 6.90385E-6 1.06701E-5 1.1133E-5 1.14023E-5 1.54034E-5 1.54272E-5 1.61525E-5 2.12839E-5 7.89323E-6 1.50413E-5 1.06158E-5 1.09985E-5 7.52905E-6 4.02957E-6 4.13169E-6 4.20184E-6 6.74072E-6 8.87019E-6 5.54161E-6 8.66752E-6 8.55062E-6 8.83059E-6 5.54519E-6 7.77561E-6 1.04821E-5 4.63153E-5 1.12718E-5 1.12575E-5 1.41619E-5 9.47533E-6 5.35196E-6 9.12105E-6 4.85602E-6 1.07362E-6 1.22409E-6
1.2152E-5 1.14391E-5 1.05789E-5 9.99096E-6 9.20405E-6 8.51806E-6 1.15562E-5 1.09338E-5 6.73722E-6 7.09788E-6 7.36065E-6 4.51939E-6 3.22421E-6 3.07072E-6 4.05315E-6 3.82699E-6 3.78889E-6 3.61496E-6 5.29945E-6 6.61863E-6 4.13296E-6 4.07611E-6 3.95637E-6 8.14049E-6 5.59517E-6 6.2716E-6 4.37692E-6 4.1251E-6 5.87783E-6 1.11719E-5 1.09724E-5 1.58018E-5 1.52524E-5 1.52723E-5 1.62541E-5 1.69019E-5 1.78807E-5 2.3712E-5 1.47803E-5 1.58317E-5 1.93433E-5 2.02338E-5 1.43984E-5 7.72142E-6 5.18735E-6 5.18888E-6 5.31951E-6 9.06935E-6 8.75529E-6 8.59279E-6 8.74739E-6 8.48667E-6 8.80483E-6 4.47695E-6 8.08043E-6 7.06335E-6 3.63543E-5 1.84993E-5 9.47142E-6 9.64631E-6 9.89307E-6 8.3544E-6 4.43695E-6 9.31953E-7 1.05916E-6 2.82658E-6
1.2916E-5 1.19839E-5 8.5052E-6 4.92968E-6 1.0145E-5 8.83031E-6 8.01824E-6 1.15361E-5 7.23434E-6 7.07217E-6 7.77722E-6 4.71564E-6 5.52055E-6 5.1493E-6 5.84133E-6 6.54757E-6 3.95145E-6 3.84166E-6 5.8785E-6 5.48728E-6 5.03766E-6 3.32005E-6 4.27581E-6 4.07086E-6 2.81519E-6 5.063E-6 4.66458E-6 7.12681E-6 6.65121E-6 9.96714E-6 1.21903E-5 1.82443E-5 1.74604E-5 2.12878E-5 1.67948E-5 1.88777E-5 1.54484E-5 1.56781E-5 1.69847E-5 2.06736E-5 2.94145E-5 2.17003E-5 1.54182E-5 8.28848E-6 5.23247E-6 5.26816E-6 5.52959E-6 5.49119E-6 9.01765E-6 1.34875E-5 1.35964E-5 1.41563E-5 9.1503E-6 9.49044E-6 6.93626E-6 7.52445E-6 1.80535E-5 2.60929E-5 9.15698E-6 9.45464E-6 2.76059E-5 2.97571E-5 1.99182E-6 9.33086E-7 5.59318E-6 5.82287E-6
1.02561E-5 9.90365E-6 5.66278E-6 5.3354E-6 5.04358E-6 9.49244E-6 8.63399E-6 1.22594E-5 7.7401E-6 7.41494E-6 7.18492E-6 4.26966E-6 5.72087E-6 4.04249E-6 6.40386E-6 6.15372E-6 6.03313E-6 3.77395E-6 3.6358E-6 3.41875E-6 3.15292E-6 3.11967E-6 3.06073E-6 2.95138E-6 4.71003E-6 4.65205E-6 5.24195E-6 7.90163E-6 7.72164E-6 7.50929E-6 1.49388E-5 2.04763E-5 1.87114E-5 1.86398E-5 2.39105E-5 2.72392E-5 1.58497E-5 1.55439E-5 2.14652E-5 2.15444E-5 2.07036E-5 2.78721E-5 1.5907E-5 6.84967E-6 6.71215E-6 5.61382E-6 5.73385E-6 5.66109E-6 9.06474E-6 1.26644E-5 1.38808E-5 1.47413E-5 1.39927E-5 9.47636E-6 6.94351E-6 6.08253E-6 1.97924E-5 9.30664E-6 1.72216E-5 1.73598E-5 1.43864E-5 5.06474E-6 1.99115E-6 2.19735E-6 1.15709E-5 1.58998E-5
6.9811E-6 6.34054E-6 5.93573E-6 5.68472E-6 5.31176E-6 6.3571E-6 9.2936E-6 8.70195E-6 8.47149E-6 8.14669E-6 4.85246E-6 4.69597E-6 7.27302E-6 7.08442E-6 6.96238E-6 4.23617E-6 4.29657E-6 4.08268E-6 3.92379E-6 3.72408E-6 3.40278E-6 3.2978E-6 3.1491E-6 3.18064E-6 5.16187E-6 4.81894E-6 5.74557E-6 5.73837E-6 5.75593E-6 8.82466E-6 8.77486E-6 1.1827E-5 2.12707E-5 1.91236E-5 3.75084E-5 3.76199E-5 2.77312E-5 2.90864E-5 2.07428E-5 3.84372E-5 2.80741E-5 2.99963E-5 1.80312E-5 1.18621E-5 7.45338E-6 7.63559E-6 1.19725E-5 1.13864E-5 8.49027E-6 1.36883E-5 1.38728E-5 9.57256E-6 1.43424E-5 7.11503E-6 7.01896E-6 9.49109E-6 2.07565E-5 1.02327E-5 1.50133E-5 9.61239E-6 1.63927E-5 9.28869E-6 1.95262E-6 2.9802E-6 1.13748E-5 3.06978E-5
7.44296E-6 1.10158E-5 6.23711E-6 5.91265E-6 5.37444E-6 6.72843E-6 6.40742E-6 9.33702E-6 9.14292E-6 8.8333E-6 8.24207E-6 5.07717E-6 7.69433E-6 7.52086E-6 7.63884E-6 7.51103E-6 7.58795E-6 5.38064E-6 3.11398E-6 2.919E-6 2.6999E-6 2.61526E-6 3.41503E-6 3.49942E-6 3.54547E-6 5.38288E-6 5.14337E-6 3.79857E-6 6.04972E-6 5.75471E-6 8.69623E-6 7.91198E-6 7.41397E-6 1.05359E-5 3.7762E-5 3.80475E-5 4.02226E-5 4.14116E-5 3.79611E-5 2.62747E-5 2.83545E-5 1.46759E-5 1.62067E-5 1.60893E-5 8.59244E-6 1.30303E-5 1.25321E-5 1.18721E-5 9.10361E-6 8.81358E-6 1.4099E-5 9.45751E-6 7.16859E-6 6.56428E-6 6.45365E-6 1.22185E-5 2.66297E-5 1.58858E-5 1.5389E-5 2.04938E-5 2.24378E-5 5.92997E-6 2.80204E-6 6.71571E-6 1.75668E-5 5.52687E-5
7.84092E-6 1.0846E-5 6.24605E-6 5.97536E-6 5.70507E-6 5.39669E-6 6.85737E-6 6.53881E-6 6.32854E-6 5.78403E-6 5.5997E-6 5.4351E-6 8.29063E-6 6.41343E-6 7.77138E-6 8.07085E-6 8.57729E-6 4.982E-6 4.57773E-6 4.00708E-6 3.61425E-6 3.49164E-6 5.1714E-6 5.42408E-6 5.67576E-6 5.74596E-6 3.07807E-6 4.83781E-6 4.38856E-6 4.17719E-6 3.87908E-6 7.55616E-6 6.93148E-6 1.07888E-5 2.0682E-5 5.54131E-5 4.16678E-5 4.43341E-5 4.12925E-5 3.04222E-5 2.12111E-5 1.57652E-5 1.7052E-5 1.7411E-5 1.45842E-5 1.33309E-5 2.44745E-5 1.89545E-5 1.23985E-5 9.39932E-6 1.42715E-5 1.41248E-5 9.08504E-6 1.25688E-5 2.05712E-5 2.10724E-5 4.6754E-5 2.84246E-5 1.66151E-5 1.12458E-5 1.46698E-5 3.75075E-6 2.99465E-6 6.58702E-6 2.80544E-5 6.8827E-5
7.83761E-6 6.99865E-6 6.61008E-6 6.31042E-6 6.09824E-6 5.60356E-6 7.05365E-6 7.12659E-6 6.85182E-6 6.53266E-6 6.08673E-6 9.39495E-6 5.63095E-6 1.09312E-5 1.07363E-5 1.17771E-5 9.69107E-6 8.65041E-6 4.78392E-6 4.0378E-6 3.7253E-6 3.50404E-6 3.91996E-6 3.08754E-6 3.26025E-6 4.41197E-6 3.22437E-6 3.12604E-6 6.24249E-6 5.57627E-6 5.03758E-6 7.49023E-6 2.17373E-5 2.11891E-5 1.41255E-5 1.26613E-5 1.33135E-5 2.98133E-5 5.43365E-5 4.14098E-5 2.18282E-5 1.61035E-5 1.74572E-5 1.80965E-5 1.81446E-5 2.56284E-5 2.4442E-5 1.96569E-5 1.2592E-5 9.35631E-6 1.65179E-5 2.52612E-5 1.3804E-5 1.34382E-5 3.63369E-5 2.22516E-5 3.92401E-5 1.88431E-5 1.08224E-5 1.20634E-5 6.11971E-6 6.74834E-6 8.87451E-6 1.87773E-5 3.64115E-5 4.17878E-5
8.47655E-6 7.80775E-6 7.26404E-6 6.69628E-6 6.35558E-6 6.07371E-6 5.70932E-6 7.26793E-6 7.72474E-6 5.29124E-6 1.11416E-5 1.07912E-5 8.40773E-6 7.85783E-6 1.27242E-5 9.83964E-6 1.01055E-5 9.3206E-6 8.56685E-6 4.37267E-6 3.83954E-6 3.6888E-6 3.8159E-6 4.00657E-6 3.52729E-6 6.3058E-6 4.54982E-6 4.29982E-6 6.22095E-6 5.41925E-6 4.7205E-6 7.34115E-6 2.34732E-5 2.48773E-5 2.33496E-5 4.35414E-5 9.17373E-6 1.16444E-5 3.12979E-5 2.91737E-5 2.22729E-5 2.50342E-5 2.70645E-5 1.77965E-5 2.74578E-5 2.59764E-5 3.61603E-5 1.94735E-5 1.20584E-5 1.75738E-5 1.39844E-5 1.59041E-5 1.55371E-5 1.18428E-5 2.12742E-5 3.23299E-5 6.01173E-5 3.09392E-5 1.15044E-5 1.27303E-5 8.44968E-6 9.28832E-6 1.9202E-5 3.87494E-5 4.48159E-5 7.63176E-5
9.01352E-6 8.35496E-6 7.60144E-6 7.23621E-6 6.50944E-6 8.72266E-6 6.10915E-6 5.84918E-6 5.85978E-6 8.07609E-6 1.26411E-5 7.61351E-6 7.41562E-6 8.84599E-6 1.0547E-5 1.02314E-5 9.95646E-6 1.02111E-5 9.78985E-6 7.7366E-6 7.20799E-6 4.3587E-6 4.16536E-6 4.93104E-6 4.70687E-6 7.3238E-6 7.00828E-6 6.84989E-6 6.29574E-6 8.76253E-6 8.38431E-6 8.04232E-6 1.67972E-5 2.83478E-5 2.62962E-5 4.83136E-5 1.22484E-5 1.21606E-5 1.32198E-5 2.49578E-5 3.221E-5 2.46537E-5 3.81139E-5 2.88988E-5 2.84869E-5 2.67757E-5 3.65206E-5 2.31382E-5 1.80987E-5 2.49942E-5 1.70739E-5 1.58658E-5 2.30418E-5 2.70884E-5 1.67523E-5 2.46188E-5 4.68909E-5 3.14459E-5 2.36923E-5 1.70272E-5 1.98374E-5 1.98683E-5 3.64005E-5 1.04202E-4 4.50155E-5 4.29864E-5
