Leopardus guigna/Leopardus_guigna_projection 2041-2060.asc
ncols         515
nrows         545
xllcorner     -119.0
yllcorner     -58.333333333333
cellsize      0.166666666667
NODATA_value  -9999
[rows 87 to 115 of 545, columns 132 to 197 of 515]
8.38868E-7 1.29253E-4 1.49853E-5 3.78185E-6 1.05396E-6 3.81227E-7 7.89629E-8 3.7633E-8 3.5393E-8 3.37147E-8 3.19907E-8 4.40194E-8 1.20522E-7 1.42442E-7 5.83815E-7 1.46438E-6 1.80757E-6 1.69247E-6 1.30114E-6 1.10795E-6 1.03524E-6 1.01787E-6 9.71912E-7 1.02904E-6 8.42129E-7 7.87951E-7 6.8701E-7 5.6667E-7 4.72286E-7 2.70453E-7 2.09716E-7 1.33525E-7 7.09011E-8 5.42439E-8 4.84886E-8 3.55246E-8 2.78823E-8 2.72525E-8 3.17471E-8 3.36083E-8 6.8353E-8 1.05512E-7 1.42054E-7 2.03062E-7 2.46928E-7 2.96289E-7 2.36106E-7 2.47399E-7 3.86296E-7 3.96205E-7 5.39434E-7 6.47381E-7 -9999 -9999 -9999 -9999 -9999 -9999 -9999 -9999 -9999 -9999 -9999 -9999 -9999 -9999
4.63664E-7 4.20391E-5 2.55382E-5 1.28473E-5 1.63865E-6 1.44529E-6 1.52133E-7 6.72612E-8 4.81924E-8 3.75763E-8 4.19263E-8 7.41549E-8 9.81568E-8 2.40106E-7 5.97671E-7 9.78145E-7 1.07921E-6 1.0244E-6 9.02019E-7 9.84375E-7 1.13648E-6 1.44413E-6 1.73989E-6 2.01256E-6 2.06002E-6 1.73184E-6 1.57985E-6 1.41399E-6 1.31691E-6 5.35676E-7 3.35971E-7 2.72136E-7 1.56984E-7 8.26279E-8 5.64849E-8 3.73013E-8 3.95315E-8 4.42783E-8 4.21376E-8 5.89798E-8 9.96724E-8 1.37169E-7 2.27351E-7 3.57968E-7 5.04729E-7 3.52801E-7 3.67193E-7 6.18031E-7 4.95503E-7 7.04986E-7 8.30123E-7 1.1476E-6 -9999 -9999 -9999 -9999 -9999 -9999 -9999 -9999 -9999 -9999 -9999 -9999 -9999 -9999
4.74671E-7 1.00458E-5 4.09939E-5 6.27655E-4 8.4093E-6 3.2474E-6 4.27566E-7 1.61642E-7 6.39597E-8 4.75303E-8 5.52753E-8 1.04973E-7 2.58276E-7 4.16004E-7 8.99733E-7 1.2962E-6 1.31932E-6 1.2986E-6 1.65428E-6 2.26554E-6 2.34322E-6 2.86672E-6 3.3453E-6 2.76968E-6 2.47419E-6 2.22818E-6 2.1304E-6 4.7909E-6 2.17142E-6 1.43367E-6 6.79647E-7 3.63522E-7 2.28056E-7 1.4204E-7 9.64651E-8 6.95358E-8 7.78823E-8 6.78097E-8 7.48925E-8 8.53935E-8 1.33267E-7 2.06935E-7 3.49348E-7 6.41946E-7 5.57355E-7 4.22658E-7 8.03231E-7 9.60653E-7 9.18887E-7 1.50032E-6 1.44208E-6 1.76309E-6 -9999 -9999 -9999 -9999 -9999 -9999 -9999 -9999 -9999 -9999 -9999 -9999 -9999 -9999
3.23465E-6 2.32117E-5 1.74823E-5 2.88717E-4 8.53122E-6 9.65014E-5 5.32975E-6 3.75044E-7 1.29788E-7 6.76575E-8 6.36555E-8 1.13975E-7 1.81627E-7 8.59681E-7 2.30316E-6 3.18576E-6 3.08047E-6 2.54346E-6 3.08245E-6 4.35755E-6 4.85666E-6 3.82261E-6 1.21685E-5 9.10816E-6 2.11388E-5 5.8816E-6 4.90984E-5 1.49202E-5 3.88161E-6 5.48849E-6 2.34886E-6 9.85908E-7 4.31202E-7 2.82047E-7 1.69079E-7 9.4937E-8 1.39578E-7 9.61479E-8 9.23017E-8 1.23308E-7 1.78165E-7 2.26144E-7 5.45536E-7 9.49465E-7 7.13326E-7 1.054E-6 1.56491E-6 1.6779E-6 2.30632E-6 2.07264E-6 2.34653E-6 1.83182E-6 -9999 -9999 -9999 -9999 -9999 -9999 -9999 -9999 -9999 -9999 -9999 -9999 -9999 -9999
1.44787E-6 7.8643E-6 2.65506E-5 7.51304E-5 3.93136E-5 2.0736E-4 1.17588E-5 9.09575E-7 4.26567E-7 1.28981E-7 1.3641E-7 1.81904E-7 4.11653E-7 1.40283E-6 3.52538E-6 4.53659E-6 3.25147E-6 5.87015E-6 8.03452E-6 4.03696E-6 4.9849E-6 1.06142E-5 5.88689E-5 9.33496E-5 7.67527E-5 2.45168E-5 2.99775E-5 5.79489E-5 3.10646E-5 4.03241E-6 5.36125E-6 2.44902E-6 8.58673E-7 5.54378E-7 6.29654E-7 4.10223E-7 2.69128E-7 1.64396E-7 1.37467E-7 1.2438E-7 1.4991E-7 1.89123E-7 5.85908E-7 9.36051E-7 1.20017E-6 1.65899E-6 2.27121E-6 2.34415E-6 2.58881E-6 2.71267E-6 2.63967E-6 2.37945E-6 -9999 -9999 -9999 -9999 -9999 -9999 -9999 -9999 -9999 -9999 -9999 -9999 -9999 -9999
3.77882E-6 7.42485E-7 4.44921E-6 2.69065E-5 1.40318E-5 3.24861E-5 5.39664E-5 2.12903E-6 2.51464E-6 6.24116E-7 3.27976E-7 9.72163E-8 4.62112E-7 2.19262E-6 7.05431E-6 1.01036E-5 5.20096E-6 5.54993E-6 6.13565E-6 1.92518E-6 1.95296E-6 2.10348E-6 5.181E-6 3.17591E-6 6.97571E-6 1.38332E-5 9.45666E-6 1.76751E-5 2.42472E-5 2.21033E-5 2.63566E-5 1.41047E-5 3.54796E-6 9.22925E-7 4.9962E-7 6.76897E-7 1.09837E-6 4.47686E-7 3.5028E-7 3.19697E-7 2.10653E-7 2.70204E-7 4.66524E-7 1.44698E-6 2.80299E-6 2.17926E-6 2.9736E-6 3.46825E-6 1.00525E-5 1.5428E-5 9.58305E-6 8.28884E-6 -9999 -9999 -9999 -9999 -9999 -9999 -9999 -9999 -9999 -9999 -9999 -9999 -9999 -9999
9.81669E-6 6.1282E-7 1.53726E-6 1.85226E-6 1.66376E-6 4.72969E-6 1.75536E-6 3.33894E-6 9.87581E-7 8.42164E-7 6.20703E-7 1.31028E-7 4.76111E-7 2.02504E-6 3.61218E-6 3.9519E-6 7.54243E-6 4.86532E-6 1.11196E-6 8.01104E-7 1.23482E-6 6.48652E-7 7.62219E-7 4.9449E-7 1.75682E-6 1.20529E-5 1.27746E-5 8.76825E-6 1.09318E-5 1.24787E-5 9.57114E-6 5.04073E-6 6.09384E-6 2.98052E-6 1.42962E-6 1.23501E-6 8.80195E-7 7.75296E-7 6.40561E-7 6.39658E-7 5.80074E-7 7.0358E-7 7.17938E-7 1.11305E-6 2.94998E-6 3.31801E-6 3.40003E-6 1.17997E-5 1.00685E-4 1.75736E-4 2.19657E-5 7.11576E-6 -9999 -9999 -9999 -9999 -9999 -9999 -9999 -9999 -9999 -9999 -9999 -9999 -9999 -9999
4.19865E-6 5.42771E-7 1.17433E-6 1.18611E-6 4.71888E-7 5.85241E-7 1.45964E-7 1.51795E-7 2.62326E-7 2.70879E-7 1.57989E-7 4.46291E-8 1.07783E-7 4.82233E-7 6.40447E-7 1.30081E-6 3.79616E-6 2.17963E-6 4.60858E-7 1.26196E-7 1.2553E-7 1.38093E-7 1.02099E-7 7.53427E-8 3.53463E-7 9.10738E-6 1.93182E-5 1.48193E-5 1.18141E-5 9.90013E-6 8.90845E-6 9.94793E-6 5.19387E-6 6.03492E-6 1.80506E-6 1.60619E-6 1.05435E-6 8.36643E-7 7.12876E-7 8.49911E-7 8.40101E-7 1.18021E-6 1.48332E-6 2.29642E-6 4.74345E-6 4.59501E-6 1.00517E-5 6.28131E-5 1.09273E-4 1.23256E-4 8.64069E-6 3.53676E-6 -9999 -9999 -9999 -9999 -9999 -9999 -9999 -9999 -9999 -9999 -9999 -9999 -9999 -9999
1.74212E-6 4.71065E-7 2.01819E-6 6.0709E-7 2.62957E-7 2.22832E-7 2.72929E-7 8.81881E-7 4.45555E-8 3.42871E-8 2.91052E-8 8.57835E-9 9.85984E-9 7.08941E-9 8.73391E-9 9.27066E-9 2.09206E-7 9.01403E-7 1.08809E-7 7.31795E-8 4.1042E-8 2.34339E-7 1.57035E-7 4.95075E-8 1.77288E-8 5.81839E-8 2.51095E-6 9.98308E-6 1.46452E-5 8.25627E-6 1.59599E-5 9.34608E-6 3.41589E-6 3.18682E-6 2.39099E-6 1.71551E-6 1.5301E-6 1.0814E-6 9.81981E-7 1.00118E-6 1.07059E-6 1.41865E-6 2.05375E-6 3.26955E-6 7.08944E-6 1.43988E-5 9.90862E-5 1.01032E-4 1.55394E-4 1.1259E-5 3.19474E-6 1.82769E-6 -9999 -9999 -9999 -9999 -9999 -9999 -9999 -9999 -9999 -9999 -9999 -9999 -9999 -9999
1.33605E-6 6.57237E-7 7.1859E-7 4.63849E-7 7.81213E-7 3.93452E-7 1.93789E-7 9.91425E-8 3.48334E-8 2.92402E-8 1.18695E-8 5.64723E-9 -9999 8.35208E-9 5.72123E-9 5.7861E-9 1.29847E-8 5.29338E-8 1.54969E-7 9.16988E-8 1.49801E-7 1.42535E-7 2.57115E-7 1.27129E-7 3.05292E-8 2.02377E-8 5.82098E-8 9.50843E-7 6.13241E-6 7.14864E-6 8.01481E-6 4.01981E-5 7.13147E-6 5.64931E-7 1.0427E-6 1.26695E-6 1.06672E-6 1.19266E-6 1.38656E-6 1.60486E-6 2.05105E-6 2.09947E-6 2.86354E-6 5.90984E-6 1.49911E-5 3.84017E-5 2.59889E-4 3.09068E-4 7.80053E-5 3.56081E-6 2.87063E-6 -9999 -9999 -9999 -9999 -9999 -9999 -9999 -9999 -9999 -9999 -9999 -9999 -9999 -9999 -9999
1.62827E-6 1.82627E-6 2.03268E-6 4.87718E-6 1.15564E-5 2.91225E-6 3.53562E-7 9.61436E-8 1.54957E-7 6.02107E-8 6.21435E-9 5.6344E-9 -9999 -9999 -9999 1.0124E-8 7.26009E-9 -9999 8.21595E-9 2.05848E-7 4.21732E-7 1.83493E-7 9.14648E-8 1.38608E-7 5.97067E-8 4.5097E-8 4.13837E-8 6.65377E-8 8.91298E-7 1.98624E-6 2.78078E-6 2.13041E-5 4.24701E-6 5.66534E-7 5.8374E-7 1.32423E-6 9.36173E-7 1.67419E-6 2.21398E-6 2.20711E-6 2.96842E-6 2.89532E-6 3.5561E-6 6.66925E-6 2.14166E-5 3.90915E-5 4.56563E-5 2.23383E-5 3.36562E-6 -9999 -9999 -9999 -9999 -9999 -9999 -9999 -9999 -9999 -9999 -9999 -9999 -9999 -9999 -9999 -9999 -9999
4.07039E-7 4.38746E-7 1.18532E-6 3.71133E-6 1.95728E-6 4.67618E-7 1.24018E-7 5.14698E-8 2.89897E-8 9.34301E-9 -9999 -9999 -9999 -9999 -9999 -9999 -9999 -9999 -9999 6.27947E-9 5.44233E-7 4.16984E-7 2.13474E-7 1.82601E-7 6.24239E-8 3.73427E-8 4.79981E-8 7.38963E-8 5.90297E-8 4.26933E-7 1.02601E-6 8.65748E-6 5.37182E-5 1.12267E-5 3.23582E-6 1.10839E-6 1.36283E-6 2.40899E-6 2.47116E-6 2.30344E-6 2.82639E-6 2.61521E-6 3.03326E-6 5.11345E-6 1.24692E-5 1.37475E-5 1.50474E-5 3.29931E-6 3.71711E-6 -9999 -9999 -9999 -9999 -9999 -9999 -9999 -9999 -9999 -9999 -9999 -9999 -9999 -9999 -9999 -9999 -9999
8.95716E-8 1.2227E-7 2.47083E-7 1.85191E-7 6.13439E-8 3.44962E-8 1.31851E-8 -9999 -9999 -9999 -9999 -9999 -9999 -9999 -9999 -9999 -9999 -9999 -9999 -9999 9.05624E-9 1.84223E-7 5.22771E-7 4.69402E-7 6.12969E-8 8.54158E-8 7.39445E-8 4.50696E-8 4.0174E-8 3.42827E-8 5.10449E-8 3.93643E-7 5.58164E-5 4.2052E-4 7.40571E-5 1.66978E-6 2.00093E-6 3.16631E-6 3.23165E-6 4.02632E-6 3.65616E-6 2.70931E-6 2.25207E-6 3.04481E-6 6.4706E-6 8.12297E-6 1.83002E-6 2.61702E-6 -9999 -9999 -9999 -9999 -9999 -9999 -9999 -9999 -9999 -9999 -9999 -9999 -9999 -9999 -9999 -9999 -9999 -9999
-9999 -9999 2.89905E-8 1.56661E-8 -9999 -9999 -9999 -9999 -9999 -9999 -9999 -9999 -9999 -9999 -9999 -9999 -9999 -9999 -9999 -9999 -9999 1.14303E-9 3.3174E-9 1.86181E-7 9.78096E-7 5.33098E-7 4.38603E-7 2.98464E-7 6.80051E-8 8.12886E-8 1.41272E-7 2.66148E-6 1.9743E-5 1.15985E-4 1.26611E-4 8.34863E-5 1.35832E-5 7.08886E-6 5.33449E-6 5.26469E-6 6.93127E-6 1.05121E-5 4.73486E-6 3.2542E-6 3.58148E-6 5.20475E-6 1.21802E-5 2.50204E-6 2.66946E-6 6.51263E-6 -9999 4.05336E-6 -9999 -9999 9.39502E-6 6.02323E-6 8.05311E-6 -9999 6.00762E-6 -9999 -9999 -9999 1.03957E-5 -9999 6.66395E-6 5.84696E-6
-9999 -9999 -9999 -9999 -9999 -9999 -9999 -9999 -9999 -9999 -9999 -9999 -9999 -9999 -9999 -9999 -9999 -9999 -9999 -9999 -9999 -9999 -9999 2.03724E-9 3.23245E-8 2.04054E-6 2.43217E-6 3.2548E-6 3.89312E-6 1.48956E-6 3.45814E-6 4.97344E-6 2.96561E-5 4.47066E-5 1.50932E-4 4.6186E-4 2.93947E-4 7.3719E-5 1.96389E-5 7.33666E-5 4.7373E-4 1.54841E-4 1.44341E-5 2.1245E-6 7.93782E-6 7.09755E-6 1.64927E-6 5.68314E-7 1.63538E-6 3.38094E-6 1.37397E-6 1.70056E-6 1.87236E-5 1.60637E-5 6.5708E-7 1.16858E-6 6.10818E-6 5.54287E-6 1.01511E-5 1.08E-5 3.24198E-5 1.71137E-5 3.89604E-6 1.33736E-6 1.33139E-6 1.92381E-6
-9999 -9999 -9999 -9999 -9999 -9999 -9999 -9999 -9999 -9999 -9999 -9999 -9999 -9999 -9999 -9999 -9999 -9999 -9999 -9999 -9999 -9999 -9999 -9999 2.98852E-9 1.76658E-8 2.20847E-7 4.2703E-6 5.6648E-6 4.70792E-6 1.19948E-5 9.22453E-6 2.00979E-5 2.39997E-5 5.00798E-5 1.01175E-4 2.80763E-4 3.9294E-4 2.83594E-4 2.75069E-4 5.28572E-4 4.71573E-4 5.86112E-5 3.31306E-6 5.0349E-7 1.12293E-7 2.40091E-7 8.23276E-7 1.29556E-6 1.95378E-6 3.71616E-6 2.30425E-6 3.03202E-6 6.63545E-7 9.42526E-8 8.13944E-7 9.9292E-7 1.96411E-5 7.12295E-6 1.10091E-6 6.11456E-7 4.79322E-7 3.34211E-7 4.23587E-7 2.58599E-6 7.91598E-6
-9999 -9999 -9999 -9999 -9999 -9999 -9999 -9999 -9999 -9999 -9999 -9999 -9999 -9999 -9999 -9999 -9999 -9999 -9999 -9999 -9999 -9999 -9999 -9999 -9999 3.81814E-9 6.58389E-9 8.27984E-8 5.40282E-6 1.2235E-5 1.68409E-5 1.03154E-5 1.02084E-5 1.06344E-5 2.90985E-5 1.15126E-4 1.26169E-4 2.09376E-4 1.27939E-4 1.52676E-4 2.07488E-4 8.44013E-6 1.54254E-6 6.97633E-6 1.6084E-6 3.93971E-6 2.83557E-7 4.65873E-7 3.68051E-6 3.16802E-6 5.61375E-7 6.14043E-7 2.95208E-6 2.25153E-6 7.39458E-8 5.42663E-7 1.23969E-6 3.65517E-6 9.10972E-7 2.62489E-6 1.9683E-6 2.97266E-6 2.04926E-6 1.295E-6 2.14178E-6 1.94303E-6
-9999 -9999 -9999 -9999 -9999 -9999 -9999 -9999 -9999 -9999 -9999 -9999 -9999 -9999 -9999 -9999 -9999 -9999 -9999 -9999 -9999 -9999 -9999 -9999 -9999 -9999 1.93633E-9 2.56918E-9 6.39693E-8 4.39786E-6 1.43628E-5 1.53441E-5 2.1912E-5 3.45555E-5 3.03836E-5 7.83552E-5 7.94383E-5 1.0659E-4 6.34156E-5 2.78586E-5 2.82225E-5 7.2362E-4 3.47837E-4 3.3435E-5 1.19874E-6 5.29307E-8 3.29385E-7 7.61424E-7 3.07028E-5 4.42036E-6 1.51772E-5 1.16873E-5 1.45935E-6 5.88591E-6 3.94877E-7 1.15062E-6 2.40047E-6 9.54111E-6 1.54928E-6 2.33049E-5 2.51458E-6 4.2394E-6 4.97682E-6 1.67489E-6 5.08711E-6 5.08806E-7
-9999 -9999 -9999 -9999 -9999 -9999 -9999 -9999 -9999 -9999 -9999 -9999 -9999 -9999 -9999 -9999 -9999 -9999 -9999 -9999 -9999 -9999 -9999 -9999 -9999 -9999 -9999 2.6231E-9 7.20546E-9 2.6432E-8 1.21786E-6 1.81105E-5 1.79998E-5 1.86935E-5 3.90649E-5 1.09034E-4 5.31824E-5 1.7553E-5 4.17938E-6 8.18083E-7 1.57407E-7 5.65184E-8 4.07566E-8 1.83612E-8 1.86272E-8 4.71419E-7 1.45208E-6 4.85109E-6 1.95607E-5 8.11715E-6 3.81998E-6 6.09296E-6 1.19962E-6 5.40987E-5 1.19304E-5 2.26575E-6 2.54124E-6 3.31101E-7 5.40784E-7 3.29522E-5 2.29802E-5 2.0437E-6 1.40839E-6 8.40816E-7 7.77433E-7 6.3562E-6
-9999 -9999 -9999 -9999 -9999 -9999 -9999 -9999 -9999 -9999 -9999 -9999 -9999 -9999 -9999 -9999 -9999 -9999 -9999 -9999 -9999 -9999 -9999 -9999 -9999 -9999 -9999 -9999 2.50296E-9 3.78555E-9 9.45778E-7 3.67608E-6 1.65361E-5 2.18729E-5 1.16234E-5 5.87118E-5 1.00692E-4 1.74677E-5 7.26465E-6 6.63593E-7 4.75797E-7 4.70704E-7 3.6909E-6 3.60434E-7 1.24464E-7 6.73843E-7 6.46047E-7 4.1021E-6 4.49123E-6 1.89337E-6 5.02406E-6 6.77336E-6 1.67483E-6 5.37934E-6 1.63621E-5 4.03477E-6 2.98661E-6 2.09532E-6 5.08296E-7 9.96484E-7 2.55769E-6 1.08446E-6 7.19521E-7 1.01677E-6 3.2339E-7 2.16951E-7
-9999 -9999 -9999 -9999 -9999 -9999 -9999 -9999 -9999 -9999 -9999 -9999 -9999 -9999 -9999 -9999 -9999 -9999 -9999 -9999 -9999 -9999 -9999 -9999 -9999 -9999 -9999 -9999 -9999 3.20235E-9 1.56474E-8 1.34941E-7 9.54198E-7 6.04259E-6 3.13769E-6 9.74173E-6 3.27919E-5 2.46464E-5 9.29629E-6 7.96248E-6 1.58193E-5 4.06111E-5 7.28189E-7 4.0593E-7 2.47152E-7 1.57315E-6 1.13117E-6 1.22099E-5 1.57805E-6 4.61818E-5 1.63882E-6 9.3186E-6 1.11995E-5 4.40147E-6 6.4467E-6 2.2285E-6 2.75499E-6 1.03499E-6 5.93079E-7 1.1376E-6 6.98532E-7 1.08711E-6 3.6154E-7 3.40263E-7 1.48265E-7 3.88784E-7
-9999 -9999 -9999 -9999 -9999 -9999 -9999 -9999 -9999 -9999 -9999 -9999 -9999 -9999 -9999 -9999 -9999 -9999 -9999 -9999 -9999 -9999 -9999 -9999 -9999 -9999 -9999 -9999 -9999 -9999 5.83689E-9 6.99766E-9 1.56535E-8 3.53531E-8 4.94107E-7 2.40639E-6 3.07137E-6 2.40962E-6 5.59701E-6 1.91753E-6 2.36653E-6 7.40914E-6 1.43229E-6 3.49848E-7 1.84402E-7 2.03295E-6 2.31637E-6 3.08731E-5 3.16997E-6 1.88294E-5 3.64553E-6 6.34348E-6 1.53067E-5 8.37825E-6 4.63639E-6 2.86145E-6 9.00217E-7 7.97339E-6 1.0248E-6 1.34368E-6 8.8634E-7 7.96349E-7 8.86441E-7 3.7557E-7 5.25365E-7 4.34947E-7
-9999 -9999 -9999 -9999 -9999 -9999 -9999 -9999 -9999 -9999 -9999 -9999 -9999 -9999 -9999 -9999 -9999 -9999 -9999 -9999 -9999 -9999 -9999 -9999 -9999 -9999 -9999 -9999 -9999 -9999 -9999 8.67138E-9 8.71186E-9 4.30396E-9 6.24442E-9 9.46371E-8 9.94941E-8 7.22804E-8 1.77426E-7 6.18399E-7 3.17501E-7 6.63482E-7 3.69517E-7 2.56901E-7 1.12189E-7 1.38316E-7 3.10785E-7 1.26082E-6 4.50381E-7 9.11361E-7 2.06953E-6 1.31469E-6 5.66629E-6 3.98942E-6 1.95633E-6 1.84539E-6 2.95006E-7 6.49552E-6 1.64552E-6 6.2938E-6 1.52378E-6 7.00247E-7 3.63696E-7 1.75843E-6 4.33205E-7 1.46885E-6
-9999 -9999 -9999 -9999 -9999 -9999 -9999 -9999 -9999 -9999 -9999 -9999 -9999 -9999 -9999 -9999 -9999 -9999 -9999 -9999 -9999 -9999 -9999 -9999 -9999 -9999 -9999 -9999 -9999 -9999 -9999 -9999 -9999 7.273E-9 5.45293E-9 5.4253E-9 5.4119E-9 1.66728E-8 3.51046E-9 4.5374E-8 6.87432E-8 2.99985E-7 2.19545E-7 3.38391E-7 2.3466E-7 7.38372E-8 4.57787E-8 4.68955E-8 1.30804E-7 8.59973E-8 1.61309E-7 2.08522E-7 6.48297E-7 4.00309E-6 4.11955E-6 5.96608E-7 1.67158E-6 5.18008E-6 2.42871E-6 2.55088E-6 2.6859E-7 1.09444E-6 7.79581E-7 1.58702E-7 3.19524E-7 4.38488E-6
-9999 -9999 -9999 -9999 -9999 -9999 -9999 -9999 -9999 -9999 -9999 -9999 -9999 -9999 -9999 -9999 -9999 -9999 -9999 -9999 -9999 -9999 -9999 -9999 -9999 -9999 -9999 -9999 -9999 -9999 -9999 -9999 -9999 -9999 -9999 -9999 -9999 -9999 -9999 -9999 7.10788E-9 4.35794E-8 4.88183E-7 1.27204E-6 1.35527E-6 1.49343E-7 6.84452E-8 1.28164E-7 9.40809E-8 7.85807E-8 1.27536E-5 1.00447E-5 2.30997E-7 6.57135E-7 8.7016E-7 1.07262E-7 5.16771E-7 7.72748E-7 2.35819E-6 1.80342E-6 1.88846E-6 1.6766E-7 7.26948E-7 2.86983E-7 3.0448E-6 1.44978E-6
-9999 -9999 -9999 -9999 -9999 -9999 -9999 -9999 -9999 -9999 -9999 -9999 -9999 -9999 -9999 -9999 -9999 -9999 -9999 -9999 -9999 -9999 -9999 -9999 -9999 -9999 -9999 -9999 -9999 -9999 -9999 -9999 -9999 -9999 -9999 -9999 -9999 -9999 -9999 -9999 -9999 -9999 9.47005E-8 1.75332E-7 4.56271E-7 2.74465E-7 6.57045E-7 2.41566E-7 3.44056E-7 2.62622E-5 1.13517E-5 1.33829E-5 6.0417E-7 3.23725E-5 1.4138E-5 9.31365E-6 9.49522E-8 3.50184E-8 2.0229E-7 4.07306E-7 8.82358E-7 9.4508E-8 1.21594E-6 5.5034E-6 9.77828E-7 1.08249E-6
-9999 -9999 -9999 -9999 -9999 -9999 -9999 -9999 -9999 -9999 -9999 -9999 -9999 -9999 -9999 -9999 -9999 -9999 -9999 -9999 -9999 -9999 -9999 -9999 -9999 -9999 -9999 -9999 -9999 -9999 -9999 -9999 -9999 -9999 -9999 -9999 -9999 -9999 -9999 -9999 -9999 -9999 -9999 2.68808E-8 7.41903E-8 3.91125E-7 3.55144E-7 2.21257E-7 3.29418E-7 3.14984E-5 2.73346E-5 6.1053E-5 1.86546E-5 7.144E-6 2.39531E-6 3.61953E-6 2.99277E-6 4.92699E-6 3.07067E-8 6.44352E-8 4.60684E-8 7.36277E-7 4.39282E-7 2.08307E-7 7.4756E-7 8.23504E-7
-9999 -9999 -9999 -9999 -9999 -9999 -9999 -9999 -9999 -9999 -9999 -9999 -9999 -9999 -9999 -9999 -9999 -9999 -9999 -9999 -9999 -9999 -9999 -9999 -9999 -9999 -9999 -9999 -9999 -9999 -9999 -9999 -9999 -9999 -9999 -9999 -9999 -9999 -9999 -9999 -9999 -9999 -9999 -9999 -9999 -9999 -9999 -9999 4.54831E-8 9.84789E-6 4.32382E-5 1.07976E-4 3.98582E-5 4.82881E-6 2.54363E-6 -9999 3.83453E-6 2.88474E-6 5.4827E-6 7.35299E-7 7.67232E-7 9.62627E-7 6.40364E-7 5.59912E-7 1.35747E-6 2.16594E-6
-9999 -9999 -9999 -9999 -9999 -9999 -9999 -9999 -9999 -9999 -9999 -9999 -9999 -9999 -9999 -9999 -9999 -9999 -9999 -9999 -9999 -9999 -9999 -9999 -9999 -9999 -9999 -9999 -9999 -9999 -9999 -9999 -9999 -9999 -9999 -9999 -9999 -9999 -9999 -9999 -9999 -9999 -9999 -9999 -9999 -9999 -9999 -9999 -9999 -9999 -9999 2.08004E-5 3.03698E-5 1.52314E-5 -9999 -9999 -9999 -9999 1.34152E-6 1.73778E-8 8.08374E-8 2.77617E-7 5.29602E-7 8.54791E-7 4.35827E-6 1.44672E-5
