Leopardus guigna/Leopardus_guigna_projection 2041-2060_novel.asc
ncols         515
nrows         545
xllcorner     -119.0
yllcorner     -58.333333333333
cellsize      0.166666666667
NODATA_value  -9999
[rows 30 to 59 of 545, columns 68 to 135 of 515]
2.78746E0 1.41364E0 6.37133E-1 6.37133E-1 5.37581E-1 2.58835E-1 1.75212E0 1.75212E0 2.78746E0 3.08611E0 6.05276E0 3.08611E0 3.08611E0 8.76058E-1 3.58387E-1 8.76058E-1 8.76058E-1 3.08611E0 1.49328E0 5.97312E0 3.08611E0 6.63016E0 3.08611E0 3.08611E0 3.08611E0 1.49328E0 8.76058E-1 8.76058E-1 1.49328E0 1.28621E1 1.64062E1 6.63016E0 3.08611E0 6.63016E0 2.11448E1 3.08611E0 1.49328E0 1.49328E0 8.76058E-1 8.76058E-1 8.76058E-1 8.76058E-1 8.76058E-1 8.76058E-1 3.58387E-1 3.58387E-1 3.58387E-1 3.58387E-1 3.58387E-1 3.58387E-1 3.58387E-1 8.76058E-1 8.76058E-1 8.76058E-1 8.76058E-1 8.76058E-1 1.49328E0 1.49328E0 3.08611E0 3.08611E0 5.97312E0 5.19662E0 -9999 -9999 -9999 -9999 -9999 -9999
2.78746E0 1.75212E0 3.38477E-1 1.99104E-1 6.37133E-1 6.37133E-1 3.20557E0 1.13489E0 1.75212E0 5.45545E0 3.08611E0 5.49527E0 3.08611E0 1.49328E0 8.76058E-1 8.76058E-1 8.76058E-1 1.49328E0 3.08611E0 3.08611E0 6.63016E0 1.44948E1 3.08611E0 1.8895E1 6.63016E0 1.49328E0 8.76058E-1 8.76058E-1 1.49328E0 6.63016E0 1.41165E1 6.63016E0 1.49328E0 1.79393E1 2.11448E1 3.08611E0 8.76058E-1 8.76058E-1 8.76058E-1 8.76058E-1 8.76058E-1 8.76058E-1 3.58387E-1 3.58387E-1 3.58387E-1 3.58387E-1 3.58387E-1 3.58387E-1 3.58387E-1 3.58387E-1 3.58387E-1 8.76058E-1 8.76058E-1 8.76058E-1 8.76058E-1 8.76058E-1 8.76058E-1 1.49328E0 3.08611E0 3.08611E0 4.42011E0 2.92683E0 -9999 -9999 -9999 -9999 -9999 -9999
3.78298E0 1.13489E0 6.37133E-1 3.38477E-1 2.58835E-1 3.38477E-1 1.75212E0 6.37133E-1 1.01543E0 3.78298E0 5.57491E0 4.79841E0 2.78746E0 1.49328E0 1.49328E0 8.76058E-1 8.76058E-1 8.76058E-1 3.08611E0 1.49328E0 1.12494E1 6.63016E0 1.49328E0 1.49328E0 1.49328E0 8.76058E-1 1.49328E0 8.76058E-1 1.49328E0 3.08611E0 1.67048E1 1.6884E1 6.63016E0 6.63016E0 2.0448E1 3.08611E0 1.49328E0 8.76058E-1 8.76058E-1 1.49328E0 3.08611E0 8.76058E-1 3.58387E-1 3.58387E-1 3.58387E-1 3.58387E-1 3.58387E-1 3.58387E-1 3.58387E-1 3.58387E-1 3.58387E-1 3.58387E-1 8.76058E-1 8.76058E-1 8.76058E-1 8.76058E-1 1.49328E0 1.49328E0 3.08611E0 3.08611E0 5.97312E0 -9999 -9999 -9999 -9999 -9999 -9999 -9999
2.78746E0 2.05077E0 1.01543E0 4.57939E-1 5.37581E-1 2.58835E-1 6.37133E-1 9.15879E-1 1.75212E0 3.78298E0 4.34047E0 2.78746E0 2.78746E0 1.75212E0 6.37133E-1 1.01543E0 1.13489E0 1.01543E0 1.49328E0 1.49328E0 1.49328E0 1.49328E0 8.76058E-1 8.76058E-1 8.76058E-1 8.76058E-1 3.08611E0 8.76058E-1 1.49328E0 1.49328E0 3.08611E0 6.63016E0 3.08611E0 1.49328E0 1.49328E0 3.08611E0 1.49328E0 1.49328E0 1.49328E0 8.76058E-1 1.49328E0 1.49328E0 3.58387E-1 3.08611E0 8.76058E-1 3.58387E-1 3.58387E-1 3.58387E-1 3.58387E-1 3.58387E-1 3.58387E-1 3.58387E-1 3.58387E-1 8.76058E-1 8.76058E-1 8.76058E-1 1.49328E0 1.49328E0 3.08611E0 3.08611E0 5.97312E0 -9999 -9999 -9999 -9999 -9999 -9999 -9999
3.58387E-1 3.08611E0 1.75212E0 9.15879E-1 1.41364E0 6.37133E-1 1.01543E0 1.75212E0 1.41364E0 1.41364E0 3.78298E0 4.79841E0 1.13489E0 1.13489E0 9.15879E-1 1.01543E0 9.15879E-1 1.01543E0 3.08611E0 1.49328E0 8.76058E-1 1.49328E0 8.76058E-1 8.76058E-1 8.76058E-1 8.76058E-1 1.49328E0 3.08611E0 3.08611E0 6.63016E0 3.08611E0 6.63016E0 6.63016E0 6.63016E0 1.49328E0 2.01891E1 6.63016E0 3.08611E0 2.22598E1 6.63016E0 1.49328E0 8.76058E-1 8.76058E-1 1.49328E0 1.49328E0 8.76058E-1 3.58387E-1 3.58387E-1 3.58387E-1 9.9552E-2 3.58387E-1 3.58387E-1 3.58387E-1 8.76058E-1 8.76058E-1 8.76058E-1 8.76058E-1 1.49328E0 1.49328E0 3.08611E0 6.63016E0 -9999 -9999 -9999 -9999 -9999 -9999 -9999
1.49328E0 5.99303E0 6.53061E0 4.34047E0 3.78298E0 1.75212E0 1.75212E0 2.38925E0 2.78746E0 4.79841E0 3.78298E0 3.20557E0 1.75212E0 2.05077E0 1.13489E0 5.37581E-1 3.38477E-1 9.15879E-1 2.38925E0 1.49328E0 1.13489E0 1.49328E0 8.76058E-1 1.49328E0 1.49328E0 1.49328E0 1.49328E0 3.08611E0 1.41165E1 1.49328E0 8.76058E-1 8.76058E-1 1.49328E0 3.08611E0 6.63016E0 1.97909E1 1.99701E1 6.63016E0 6.63016E0 3.08611E0 1.49328E0 8.76058E-1 1.49328E0 1.49328E0 1.49328E0 8.76058E-1 3.58387E-1 3.58387E-1 3.58387E-1 3.58387E-1 3.58387E-1 3.58387E-1 3.58387E-1 8.76058E-1 8.76058E-1 8.76058E-1 8.76058E-1 8.76058E-1 1.49328E0 3.08611E0 6.63016E0 -9999 -9999 -9999 -9999 -9999 -9999 -9999
6.63016E0 6.53061E0 3.78298E0 4.34047E0 2.05077E0 2.38925E0 1.75212E0 1.41364E0 2.38925E0 4.34047E0 4.79841E0 5.41563E0 2.38925E0 1.41364E0 1.01543E0 4.57939E-1 5.37581E-1 4.57939E-1 2.05077E0 2.38925E0 1.49328E0 1.49328E0 8.76058E-1 8.76058E-1 1.49328E0 1.49328E0 6.63016E0 8.76058E-1 3.08611E0 3.58387E-1 8.76058E-1 3.08611E0 1.65655E1 6.63016E0 3.08611E0 1.86959E1 1.73818E1 2.01891E1 6.63016E0 3.08611E0 1.49328E0 1.49328E0 3.08611E0 3.08611E0 3.08611E0 8.76058E-1 3.58387E-1 3.58387E-1 3.58387E-1 3.58387E-1 3.58387E-1 3.58387E-1 3.58387E-1 3.58387E-1 8.76058E-1 8.76058E-1 8.76058E-1 8.76058E-1 1.49328E0 1.49328E0 6.63016E0 -9999 -9999 -9999 -9999 -9999 -9999 -9999
3.08611E0 6.63016E0 7.04828E0 2.78746E0 1.13489E0 1.41364E0 2.05077E0 1.75212E0 2.05077E0 3.78298E0 5.49527E0 5.23644E0 4.34047E0 2.05077E0 2.05077E0 4.57939E-1 6.37133E-1 9.15879E-1 1.75212E0 1.41364E0 1.49328E0 1.49328E0 8.76058E-1 8.76058E-1 1.49328E0 8.76058E-1 3.08611E0 8.76058E-1 1.65655E1 3.58387E-1 1.49328E0 6.63016E0 1.65655E1 1.85764E1 6.63016E0 3.08611E0 1.84769E1 1.90343E1 1.96715E1 6.63016E0 3.08611E0 3.08611E0 6.63016E0 6.63016E0 6.63016E0 3.08611E0 3.08611E0 8.76058E-1 3.58387E-1 3.58387E-1 3.58387E-1 3.58387E-1 3.58387E-1 3.58387E-1 8.76058E-1 8.76058E-1 8.76058E-1 1.49328E0 1.49328E0 3.08611E0 3.08611E0 5.97312E0 -9999 -9999 -9999 -9999 -9999 -9999
8.76058E-1 3.08611E0 1.49328E0 5.99303E0 1.41364E0 1.75212E0 2.05077E0 2.38925E0 2.78746E0 5.49527E0 6.61025E0 5.45545E0 4.34047E0 4.34047E0 9.15879E-1 1.13489E0 1.99104E-1 5.37581E-1 1.13489E0 2.05077E0 2.05077E0 2.78746E0 1.49328E0 8.76058E-1 8.76058E-1 6.37133E-1 8.76058E-1 8.76058E-1 1.49328E0 3.08611E0 1.49328E0 3.08611E0 3.08611E0 1.73221E1 1.8656E1 6.63016E0 1.70632E1 1.83375E1 6.63016E0 6.63016E0 6.63016E0 6.63016E0 6.63016E0 3.08611E0 1.49328E0 3.08611E0 2.0448E1 3.08611E0 8.76058E-1 3.58387E-1 3.58387E-1 3.58387E-1 3.58387E-1 3.58387E-1 8.76058E-1 8.76058E-1 1.49328E0 1.49328E0 1.49328E0 3.08611E0 3.08611E0 5.97312E0 -9999 -9999 -9999 -9999 -9999 -9999
6.63016E0 8.76058E-1 1.49328E0 1.03136E1 2.38925E0 2.05077E0 1.75212E0 4.34047E0 3.20557E0 4.34047E0 7.04828E0 5.49527E0 5.81384E0 2.38925E0 3.20557E0 1.75212E0 5.37581E-1 1.39373E-1 6.37133E-1 1.41364E0 3.20557E0 3.78298E0 1.49328E0 1.49328E0 8.76058E-1 8.76058E-1 8.76058E-1 8.76058E-1 8.76058E-1 8.76058E-1 1.49328E0 1.49328E0 1.49328E0 3.08611E0 6.63016E0 1.91538E1 1.56098E1 1.90941E1 6.63016E0 6.63016E0 3.08611E0 3.08611E0 6.63016E0 6.63016E0 1.49328E0 1.49328E0 3.08611E0 1.49328E0 3.58387E-1 3.58387E-1 9.9552E-2 9.9552E-2 3.58387E-1 3.58387E-1 8.76058E-1 8.76058E-1 1.49328E0 1.49328E0 1.49328E0 3.08611E0 3.08611E0 6.59034E0 3.72325E0 -9999 -9999 -9999 -9999 -9999
6.63016E0 3.08611E0 8.76058E-1 1.28621E1 7.04828E0 3.20557E0 4.79841E0 5.49527E0 3.20557E0 3.20557E0 5.99303E0 3.78298E0 5.49527E0 3.78298E0 3.20557E0 1.75212E0 1.13489E0 1.39373E-1 2.58835E-1 4.57939E-1 1.13489E0 3.20557E0 3.78298E0 6.63016E0 1.49328E0 1.49328E0 1.49328E0 1.49328E0 8.76058E-1 8.76058E-1 8.76058E-1 1.49328E0 1.49328E0 1.49328E0 3.08611E0 6.63016E0 1.98905E1 1.84769E1 1.76804E1 1.65655E1 1.78596E1 1.91538E1 6.63016E0 3.08611E0 1.49328E0 1.49328E0 8.76058E-1 8.76058E-1 3.58387E-1 3.58387E-1 3.58387E-1 3.58387E-1 3.58387E-1 8.76058E-1 8.76058E-1 8.76058E-1 1.49328E0 1.49328E0 3.08611E0 3.08611E0 3.08611E0 5.19662E0 3.72325E0 -9999 -9999 -9999 -9999 -9999
3.58387E-1 3.08611E0 3.08611E0 1.57292E1 8.34246E0 1.50124E1 1.57292E1 7.80488E0 4.34047E0 5.49527E0 3.78298E0 4.79841E0 6.53061E0 2.05077E0 9.15879E-1 3.78298E0 1.75212E0 1.01543E0 1.99104E-1 9.15879E-1 1.01543E0 4.79841E0 9.53708E0 1.49328E0 1.49328E0 1.49328E0 1.49328E0 8.76058E-1 8.76058E-1 1.49328E0 1.49328E0 1.49328E0 3.08611E0 3.08611E0 3.08611E0 6.63016E0 6.63016E0 6.63016E0 1.96516E1 1.98706E1 1.73221E1 1.64062E1 1.3778E1 2.47685E1 2.0448E1 1.49328E0 8.76058E-1 8.76058E-1 3.58387E-1 3.58387E-1 3.58387E-1 3.58387E-1 3.58387E-1 3.58387E-1 8.76058E-1 8.76058E-1 1.49328E0 1.49328E0 1.49328E0 3.08611E0 3.08611E0 4.42011E0 -9999 -9999 -9999 -9999 -9999 -9999
3.58387E-1 8.76058E-1 8.76058E-1 1.41961E1 1.50124E1 1.86162E1 1.89945E1 1.41563E1 7.04828E0 3.20557E0 3.78298E0 3.20557E0 3.78298E0 2.05077E0 9.15879E-1 9.15879E-1 9.15879E-1 1.13489E0 6.37133E-1 3.38477E-1 1.99104E-1 1.75212E0 6.63016E0 3.08611E0 1.49328E0 1.49328E0 8.76058E-1 3.58387E-1 3.58387E-1 8.76058E-1 1.49328E0 1.67048E1 1.60677E1 1.71628E1 1.50124E1 1.79393E1 1.65655E1 1.73221E1 1.77402E1 1.62071E1 1.60677E1 1.1548E1 9.31807E0 1.1787E1 2.11648E1 6.63016E0 8.76058E-1 8.76058E-1 8.76058E-1 3.58387E-1 3.58387E-1 3.58387E-1 3.58387E-1 3.58387E-1 3.58387E-1 8.76058E-1 8.76058E-1 1.49328E0 1.49328E0 3.08611E0 3.08611E0 2.92683E0 -9999 -9999 -9999 -9999 -9999 -9999
3.58387E-1 3.58387E-1 8.76058E-1 1.49328E0 6.63016E0 1.64858E1 1.44749E1 1.38178E1 1.14684E1 3.78298E0 9.15879E-1 2.05077E0 1.41364E0 1.13489E0 1.01543E0 1.41364E0 1.01543E0 1.41364E0 4.57939E-1 9.15879E-1 9.15879E-1 6.37133E-1 8.76058E-1 1.49328E0 8.76058E-1 3.08611E0 3.08611E0 1.49328E0 3.08611E0 3.08611E0 1.49328E0 1.49328E0 3.08611E0 1.50124E1 1.56098E1 1.38377E1 1.28223E1 1.27227E1 1.47934E1 1.33997E1 1.00747E1 1.16874E1 1.06521E1 8.97959E0 1.39771E1 3.03235E1 1.49328E0 8.76058E-1 8.76058E-1 8.76058E-1 3.58387E-1 3.58387E-1 3.58387E-1 3.58387E-1 3.58387E-1 8.76058E-1 8.76058E-1 1.49328E0 1.49328E0 3.08611E0 -9999 -9999 -9999 -9999 -9999 -9999 -9999 -9999
3.58387E-1 3.58387E-1 8.76058E-1 1.49328E0 1.49328E0 3.08611E0 1.4455E1 1.08512E1 1.03136E1 5.99303E0 1.01543E0 4.57939E-1 1.41364E0 2.58835E-1 9.9552E-2 2.58835E-1 9.15879E-1 4.57939E-1 4.57939E-1 1.13489E0 1.49328E0 4.34047E0 1.49328E0 1.49328E0 3.08611E0 1.49328E0 1.10503E1 3.08611E0 3.08611E0 6.63016E0 3.08611E0 6.63016E0 3.08611E0 6.63016E0 1.10503E1 1.28621E1 1.27626E1 1.2006E1 1.23644E1 1.03136E1 9.03932E0 4.79841E0 4.79841E0 1.00946E1 1.22051E1 2.22997E1 2.0448E1 1.49328E0 1.49328E0 8.76058E-1 8.76058E-1 3.58387E-1 3.58387E-1 3.58387E-1 3.58387E-1 8.76058E-1 8.76058E-1 8.76058E-1 1.49328E0 -9999 -9999 -9999 -9999 -9999 -9999 -9999 -9999 -9999
8.76058E-1 3.58387E-1 3.58387E-1 3.58387E-1 8.76058E-1 6.63016E0 8.28273E0 1.30015E1 1.38576E1 1.35192E1 2.38925E0 4.57939E-1 3.38477E-1 5.37581E-1 6.37133E-1 3.98208E-2 3.38477E-1 4.57939E-1 1.99104E-1 4.57939E-1 6.37133E-1 1.75212E0 3.08611E0 1.49328E0 1.49328E0 1.49328E0 1.49328E0 6.63016E0 2.05077E0 5.49527E0 6.53061E0 5.49527E0 7.80488E0 6.53061E0 6.53061E0 9.53708E0 1.03136E1 1.10503E1 9.03932E0 4.79841E0 5.49527E0 1.01543E0 9.15879E-1 3.20557E0 9.67646E0 1.77203E1 2.43504E1 3.08611E0 8.76058E-1 8.76058E-1 8.76058E-1 8.76058E-1 3.58387E-1 3.58387E-1 3.58387E-1 8.76058E-1 8.76058E-1 1.49328E0 1.49328E0 3.08611E0 -9999 -9999 -9999 -9999 -9999 -9999 -9999 -9999
1.49328E0 8.76058E-1 3.58387E-1 8.76058E-1 1.49328E0 1.49328E0 6.63016E0 1.49328E0 1.30015E1 1.41165E1 3.78298E0 1.01543E0 9.9552E-2 1.99104E-1 1.99104E-1 1.01543E0 1.39373E-1 5.37581E-1 3.38477E-1 1.13489E0 5.59482E0 3.20557E0 4.34047E0 5.49527E0 7.80488E0 6.53061E0 2.05077E0 2.78746E0 2.38925E0 2.78746E0 2.05077E0 2.05077E0 3.78298E0 3.20557E0 2.38925E0 5.99303E0 1.23245E1 7.04828E0 5.49527E0 2.78746E0 4.57939E-1 2.78746E0 9.15879E-1 1.75212E0 3.78298E0 9.53708E0 1.77402E1 3.33897E1 1.49328E0 8.76058E-1 8.76058E-1 3.08611E0 3.08611E0 1.49328E0 1.49328E0 8.76058E-1 1.49328E0 1.49328E0 1.49328E0 -9999 -9999 -9999 -9999 -9999 -9999 -9999 -9999 -9999
1.49328E0 1.49328E0 3.58387E-1 8.76058E-1 1.49328E0 1.49328E0 3.08611E0 3.08611E0 1.01344E1 1.27825E1 6.53061E0 1.75212E0 7.96416E-2 9.9552E-2 7.96416E-2 1.01543E0 1.13489E0 1.01543E0 2.05077E0 2.78746E0 6.33151E0 3.46441E0 3.56396E0 7.24739E0 5.99303E0 2.05077E0 5.49527E0 4.34047E0 5.99303E0 2.78746E0 1.75212E0 9.15879E-1 3.20557E0 2.78746E0 1.75212E0 3.20557E0 9.03932E0 1.1548E1 2.38925E0 9.53708E0 6.37133E-1 1.99104E-1 9.15879E-1 3.38477E-1 1.13489E0 7.80488E0 1.56894E1 2.69985E1 3.08611E0 1.49328E0 8.76058E-1 3.08611E0 3.08611E0 6.63016E0 3.08611E0 8.76058E-1 1.49328E0 1.49328E0 1.49328E0 -9999 -9999 -9999 -9999 -9999 -9999 -9999 -9999 -9999
-9999 2.46889E0 1.49328E0 8.76058E-1 1.49328E0 1.49328E0 3.08611E0 8.46192E0 9.97511E0 9.03932E0 1.75212E0 1.99104E-1 7.96416E-2 7.96416E-2 1.39373E-1 3.38477E-1 1.75212E0 1.41364E0 1.01543E0 1.75212E0 4.65903E0 2.38925E0 5.27626E0 6.53061E0 6.53061E0 2.38925E0 4.79841E0 7.04828E0 4.34047E0 2.78746E0 2.05077E0 1.13489E0 5.37581E-1 1.75212E0 2.05077E0 2.78746E0 2.78746E0 2.78746E0 1.41364E0 1.41364E0 2.58835E-1 -1.11987E0 7.96416E-2 2.58835E-1 9.15879E-1 4.34047E0 1.12693E1 1.8895E1 6.63016E0 1.49328E0 8.76058E-1 8.76058E-1 8.76058E-1 1.49328E0 1.49328E0 8.76058E-1 1.49328E0 1.49328E0 1.49328E0 -9999 -9999 -9999 -9999 -9999 -9999 -9999 -9999 -9999
-9999 -9999 1.49328E0 1.49328E0 2.80737E0 1.49328E0 2.56844E0 6.78945E0 7.04828E0 1.25037E1 7.04828E0 3.20557E0 1.99104E-1 1.39373E-1 1.59283E-1 5.97312E-2 1.13489E0 3.78298E0 2.78746E0 3.78298E0 5.51518E0 6.27178E0 8.86013E0 8.34246E0 6.53061E0 7.04828E0 9.03932E0 7.04828E0 4.79841E0 3.78298E0 6.37133E-1 3.38477E-1 4.57939E-1 3.38477E-1 4.57939E-1 5.37581E-1 2.38925E0 9.15879E-1 1.13489E0 2.05077E0 1.39373E-1 7.96416E-2 3.38477E-1 1.59283E-1 3.38477E-1 1.41364E0 9.03932E0 1.50124E1 6.63016E0 1.49328E0 8.76058E-1 8.76058E-1 8.76058E-1 8.76058E-1 8.76058E-1 8.76058E-1 1.49328E0 1.49328E0 1.49328E0 -9999 -9999 -9999 -9999 -9999 -9999 -9999 -9999 -9999
-9999 -9999 -9999 -9999 1.49328E0 1.49328E0 2.34943E0 2.40916E0 3.86262E0 5.41563E0 7.80488E0 3.20557E0 3.38477E-1 9.9552E-2 1.39373E-1 1.99104E-1 1.01543E0 4.34047E0 5.49527E0 4.34047E0 4.79841E0 7.04828E0 1.10304E1 1.02539E1 7.04828E0 5.49527E0 5.99303E0 9.53708E0 6.53061E0 1.10503E1 2.78746E0 2.58835E-1 1.99104E-1 1.99104E-1 3.38477E-1 6.37133E-1 9.15879E-1 5.37581E-1 3.38477E-1 2.58835E-1 9.9552E-2 6.37133E-1 3.38477E-1 2.58835E-1 6.37133E-1 6.37133E-1 7.80488E0 1.57292E1 2.69985E1 6.63016E0 8.76058E-1 8.76058E-1 8.76058E-1 8.76058E-1 1.49328E0 8.76058E-1 1.49328E0 3.08611E0 3.08611E0 -9999 -9999 -9999 -9999 -9999 -9999 -9999 -9999 -9999
-9999 -9999 -9999 -9999 -9999 1.49328E0 1.49328E0 1.49328E0 2.34943E0 7.50622E0 8.72076E0 9.35789E0 2.38925E0 7.96416E-2 3.98208E-2 2.58835E-1 1.01543E0 4.34047E0 5.99303E0 6.53061E0 4.79841E0 2.05077E0 9.03932E0 8.34246E0 5.49527E0 5.99303E0 2.38925E0 5.49527E0 3.20557E0 4.34047E0 3.20557E0 1.99104E-1 7.96416E-2 1.99104E-1 6.37133E-1 9.15879E-1 1.01543E0 6.37133E-1 9.9552E-2 9.9552E-2 5.97312E-2 4.57939E-1 4.57939E-1 6.37133E-1 1.75212E0 1.41364E0 1.09507E1 9.89547E0 1.2663E1 2.05674E1 1.49328E0 8.76058E-1 8.76058E-1 1.49328E0 3.08611E0 1.49328E0 1.49328E0 3.08611E0 3.08611E0 -9999 -9999 -9999 -9999 -9999 -9999 -9999 -9999 -9999
-9999 -9999 -9999 -9999 -9999 1.81185E0 1.89149E0 1.89149E0 2.8671E0 3.34495E0 4.16127E0 9.03932E0 2.05077E0 5.37581E-1 9.15879E-1 1.13489E0 3.20557E0 3.78298E0 1.00747E1 7.04828E0 7.04828E0 4.34047E0 2.78746E0 9.53708E0 4.79841E0 5.99303E0 2.05077E0 2.38925E0 1.75212E0 5.37581E-1 1.99104E-1 7.96416E-2 1.39373E-1 1.59283E-1 5.37581E-1 1.13489E0 1.13489E0 4.57939E-1 9.9552E-2 7.96416E-2 2.05077E0 2.78746E0 1.13489E0 1.01543E0 2.78746E0 3.20557E0 9.53708E0 9.11896E0 1.50124E1 2.0229E1 2.0448E1 1.49328E0 8.76058E-1 1.49328E0 3.08611E0 3.08611E0 1.49328E0 3.08611E0 6.63016E0 -9999 -9999 -9999 -9999 -9999 -9999 -9999 -9999 -9999
-9999 -9999 -9999 -9999 -9999 -9999 1.81185E0 1.81185E0 1.77203E0 1.85167E0 6.05276E0 1.07914E1 6.53061E0 3.20557E0 4.79841E0 4.79841E0 9.03932E0 9.07914E0 9.11896E0 4.79841E0 8.86013E0 8.86013E0 3.20557E0 7.80488E0 5.99303E0 7.04828E0 2.38925E0 1.75212E0 9.15879E-1 4.57939E-1 2.58835E-1 1.59283E-1 1.99104E-1 1.39373E-1 1.59283E-1 3.38477E-1 1.59283E-1 2.58835E-1 5.37581E-1 2.58835E-1 7.80488E0 9.03932E0 2.05077E0 1.75212E0 2.78746E0 7.04828E0 4.79841E0 1.05923E1 1.52912E1 6.63016E0 2.0448E1 6.63016E0 1.49328E0 1.49328E0 6.63016E0 2.0448E1 6.63016E0 3.08611E0 6.63016E0 -9999 -9999 -9999 -9999 -9999 -9999 -9999 -9999 -9999
-9999 -9999 -9999 -9999 -9999 -9999 -9999 1.55301E0 1.45346E0 1.81185E0 3.26531E0 5.23644E0 7.8447E0 9.53708E0 8.34246E0 5.99303E0 8.34246E0 9.19861E0 1.06322E1 8.34246E0 9.41762E0 9.41762E0 7.04828E0 1.0214E1 9.85565E0 1.00946E1 8.34246E0 4.79841E0 4.57939E-1 9.15879E-1 5.37581E-1 3.38477E-1 1.59283E-1 9.9552E-2 7.96416E-2 5.97312E-2 5.97312E-2 4.57939E-1 2.05077E0 1.75212E0 6.53061E0 5.49527E0 4.79841E0 5.49527E0 4.79841E0 7.04828E0 7.04828E0 1.10503E1 1.50124E1 6.63016E0 2.69985E1 2.0448E1 3.08611E0 3.08611E0 2.0448E1 4.11548E1 2.0448E1 6.63016E0 6.63016E0 -9999 -9999 -9999 -9999 -9999 -9999 -9999 -9999 -9999
-9999 -9999 -9999 -9999 -9999 -9999 -9999 -9999 1.35391E0 1.45346E0 1.77203E0 2.52862E0 2.8671E0 9.11896E0 6.23196E0 9.53708E0 9.7561E0 1.07118E1 8.34246E0 8.78049E0 9.03932E0 8.86013E0 9.41762E0 3.20557E0 7.80488E0 6.53061E0 1.13489E0 6.37133E-1 2.05077E0 1.01543E0 1.13489E0 9.15879E-1 4.57939E-1 2.58835E-1 1.39373E-1 1.99104E-2 7.96416E-2 4.57939E-1 1.75212E0 6.53061E0 5.49527E0 7.04828E0 3.78298E0 7.80488E0 6.53061E0 5.99303E0 9.53708E0 1.03136E1 1.70632E1 2.07068E1 2.10254E1 6.63016E0 3.08611E0 3.08611E0 2.0448E1 3.41264E1 4.11548E1 2.0448E1 2.0448E1 -9999 -9999 -9999 -9999 -9999 -9999 -9999 -9999 -9999
-9999 -9999 -9999 -9999 -9999 -9999 -9999 -9999 -9999 1.43355E0 1.43355E0 1.49328E0 1.99104E0 6.5107E0 2.94674E0 3.40468E0 5.57491E0 7.62568E0 7.80488E0 8.70085E0 9.05923E0 4.34047E0 8.34246E0 7.04828E0 9.25834E0 7.04828E0 1.41364E0 7.04828E0 1.05525E1 2.38925E0 4.34047E0 1.41364E0 1.41364E0 1.75212E0 1.13489E0 6.37133E-1 2.58835E-1 1.13489E0 9.03932E0 1.10503E1 1.23245E1 1.16874E1 6.53061E0 6.53061E0 9.53708E0 7.80488E0 1.33997E1 6.63016E0 1.73021E1 2.70981E1 1.96117E1 3.08611E0 3.08611E0 3.08611E0 6.63016E0 2.0448E1 4.11548E1 2.0448E1 2.0448E1 -9999 -9999 -9999 -9999 -9999 -9999 -9999 -9999 -9999
-9999 -9999 -9999 -9999 -9999 -9999 -9999 -9999 -9999 -9999 1.43355E0 1.67247E0 1.49328E0 2.01095E0 1.87158E0 3.78298E0 3.66351E0 9.03932E0 8.78049E0 8.38228E0 8.50174E0 1.13489E0 4.34047E0 8.72076E0 9.77601E0 1.01543E0 4.79841E0 6.53061E0 9.03932E0 6.53061E0 1.03136E1 5.99303E0 4.34047E0 3.20557E0 3.20557E0 1.01543E0 1.41364E0 4.79841E0 9.03932E0 1.10503E1 9.03932E0 1.57292E1 9.03932E0 1.10503E1 1.16874E1 3.08611E0 6.63016E0 3.08611E0 2.36536E1 6.63016E0 2.0448E1 1.49328E0 1.49328E0 1.49328E0 3.08611E0 6.63016E0 6.63016E0 2.0448E1 2.0448E1 -9999 -9999 -9999 -9999 -9999 -9999 -9999 -9999 -9999
-9999 -9999 -9999 -9999 -9999 -9999 -9999 -9999 -9999 -9999 -9999 1.43355E0 1.55301E0 1.49328E0 2.01095E0 5.85366E0 1.49328E0 7.24739E0 6.05276E0 7.02837E0 7.50622E0 6.37133E-1 1.13489E0 6.53061E0 2.58835E-1 1.75212E0 9.81583E0 1.0453E1 5.99303E0 1.03136E1 1.02339E1 1.10503E1 6.53061E0 5.99303E0 4.79841E0 3.78298E0 3.78298E0 7.80488E0 1.16874E1 1.41165E1 1.10503E1 1.41165E1 1.65655E1 1.61872E1 1.96117E1 3.08611E0 1.49328E0 3.08611E0 1.96516E1 3.08611E0 3.08611E0 1.49328E0 1.49328E0 1.49328E0 1.49328E0 1.49328E0 3.08611E0 6.63016E0 1.22648E1 -9999 -9999 -9999 -9999 -9999 -9999 -9999 -9999 -9999
-9999 -9999 -9999 -9999 -9999 -9999 -9999 -9999 -9999 -9999 -9999 -9999 1.43355E0 8.76058E-1 1.49328E0 3.32504E0 2.46889E0 6.74963E0 3.08611E0 5.41563E0 6.33151E0 8.76058E-1 2.58835E-1 6.37133E-1 4.57939E-1 2.78746E0 9.77601E0 3.78298E0 7.80488E0 1.10503E1 1.03932E1 1.11498E1 7.04828E0 5.49527E0 5.99303E0 5.49527E0 5.99303E0 7.80488E0 1.2663E1 1.59084E1 1.33997E1 1.65655E1 1.28621E1 1.78596E1 2.0886E1 6.63016E0 3.08611E0 3.08611E0 1.97312E1 6.63016E0 3.08611E0 1.49328E0 1.49328E0 1.49328E0 1.49328E0 1.49328E0 3.08611E0 6.63016E0 9.81583E0 -9999 -9999 -9999 -9999 -9999 -9999 -9999 -9999 -9999
