Leopardus guigna/Leopardus_guigna.asc
ncols         515
nrows         545
xllcorner     -119.0
yllcorner     -58.333333333333
cellsize      0.166666666667
NODATA_value  -9999
[rows 0 to 28 of 545, columns 0 to 65 of 515]
-9999 -9999 -9999 -9999 -9999 -9999 -9999 -9999 -9999 -9999 3.86337E-2 8.76594E-3 3.19857E-3 9.8618E-4 1.34645E-4 1.23703E-4 8.33924E-5 7.60684E-5 4.16021E-5 2.50818E-6 9.46779E-7 1.00902E-6 4.43384E-7 6.23128E-7 3.0673E-7 9.7418E-8 8.34517E-8 8.60871E-8 2.93508E-7 3.12547E-7 3.36984E-7 1.79564E-7 1.85988E-7 1.75979E-7 1.70264E-7 1.58187E-7 3.40133E-7 3.10907E-7 6.43857E-7 1.08788E-6 6.65086E-7 3.59255E-7 3.31129E-7 3.32714E-7 5.07189E-7 4.82187E-7 4.97459E-7 9.73239E-7 8.24458E-6 2.20419E-4 8.9336E-6 4.22722E-6 2.00395E-5 1.78698E-5 4.90605E-6 4.75181E-6 2.40332E-6 1.32071E-6 1.3461E-6 3.85182E-6 1.8145E-6 2.92467E-6 4.53669E-6 1.10797E-5 6.54311E-6 3.83439E-6
-9999 -9999 -9999 -9999 -9999 -9999 -9999 -9999 -9999 -9999 -9999 1.54256E-2 6.62561E-3 1.47812E-3 2.42889E-4 1.35424E-4 2.9842E-4 2.03514E-4 1.65018E-4 4.56801E-5 1.02929E-5 4.56155E-6 1.31849E-6 1.30419E-6 2.99624E-7 1.61758E-7 9.74089E-8 1.58888E-7 3.34966E-7 3.03344E-7 3.37927E-7 3.61855E-7 3.20855E-7 1.80986E-7 1.93259E-7 2.06211E-7 3.60231E-7 3.8896E-7 6.07675E-7 7.14429E-7 7.03295E-7 6.41146E-7 3.89468E-7 6.08052E-7 5.65997E-7 9.76042E-7 5.09852E-7 1.70239E-6 8.83732E-7 2.00075E-6 4.08428E-5 6.59697E-6 6.004E-6 9.32751E-6 4.66015E-6 4.57706E-6 1.36306E-5 2.42035E-6 2.29176E-6 3.99323E-6 3.11835E-6 3.1786E-6 2.67862E-6 2.48651E-6 2.41318E-6 2.64111E-6
-9999 -9999 -9999 -9999 -9999 -9999 -9999 -9999 -9999 -9999 -9999 -9999 1.09731E-2 3.06243E-3 7.35855E-4 2.59184E-4 2.18984E-4 3.68574E-4 2.73478E-4 7.97128E-5 2.27517E-4 1.68818E-5 4.18804E-6 1.28862E-6 6.58637E-7 1.52761E-7 1.87431E-7 1.69965E-7 3.38815E-7 3.50539E-7 3.39313E-7 2.95915E-7 1.83429E-7 2.04063E-7 3.79598E-7 2.28864E-7 3.55801E-7 7.89006E-7 7.41071E-7 4.24991E-7 6.89534E-7 1.17868E-6 1.09258E-6 1.95672E-6 2.01428E-6 1.97981E-6 1.07249E-6 1.00904E-6 9.73721E-7 1.91757E-6 1.18608E-5 1.05733E-5 3.16403E-6 8.63732E-6 4.52646E-6 4.3982E-6 4.48906E-6 1.362E-5 1.29652E-5 2.13691E-6 3.40995E-6 3.17632E-6 2.97883E-6 2.60325E-6 2.64226E-6 2.64433E-6
-9999 -9999 -9999 -9999 -9999 -9999 -9999 -9999 -9999 -9999 -9999 -9999 1.58022E-2 8.50313E-3 2.79785E-3 4.36605E-4 1.545E-4 1.61026E-4 4.30792E-4 1.62886E-4 1.39755E-4 6.72689E-5 5.00453E-6 1.918E-6 2.00469E-6 1.08379E-6 5.87563E-7 3.72153E-7 3.0384E-7 3.53865E-7 3.62043E-7 3.93475E-7 3.08813E-7 1.80296E-7 2.17359E-7 4.21266E-7 5.36422E-7 4.3457E-7 7.55239E-7 7.68682E-7 7.5985E-7 8.14981E-7 1.15836E-6 2.01748E-6 1.37015E-5 2.21E-6 8.63768E-6 4.58884E-6 2.12076E-6 7.47878E-6 6.7017E-6 1.01726E-5 3.1412E-6 8.44723E-6 1.37068E-5 4.31655E-6 4.47816E-6 2.21983E-5 1.02051E-4 3.72334E-6 6.04706E-6 3.22355E-6 2.98969E-6 4.64358E-6 4.33893E-6 4.45297E-6
-9999 -9999 -9999 -9999 -9999 -9999 -9999 -9999 -9999 -9999 -9999 -9999 -9999 3.5624E-2 5.5183E-3 1.37002E-3 3.23151E-4 1.5456E-4 1.51323E-4 1.14402E-4 6.56317E-5 2.82643E-5 4.2173E-6 2.50077E-6 1.70173E-6 3.08689E-6 2.05917E-6 9.7125E-7 6.4592E-7 7.40447E-7 7.34365E-7 3.78134E-7 3.36281E-7 2.89046E-7 2.02312E-7 4.53496E-7 7.47947E-7 8.46098E-7 4.76657E-7 4.56479E-7 4.06024E-7 8.69852E-7 7.77861E-7 1.22585E-6 1.42203E-5 4.57708E-6 4.98444E-6 2.63585E-6 1.50771E-5 4.00612E-5 1.14681E-5 1.64971E-5 3.01281E-6 4.74637E-6 7.89221E-6 4.48855E-6 7.76079E-6 2.14092E-5 4.62097E-5 6.92394E-6 9.82409E-6 5.3636E-6 3.11791E-6 2.9546E-6 2.74617E-6 2.62981E-6
-9999 -9999 -9999 -9999 -9999 -9999 -9999 -9999 -9999 -9999 -9999 -9999 -9999 5.17575E-2 5.56132E-3 1.38436E-3 3.99993E-4 2.33238E-4 6.4335E-5 5.20405E-5 4.63959E-5 1.64759E-5 3.61268E-6 1.44526E-6 1.80034E-6 2.20429E-6 1.13802E-5 1.50503E-6 1.19299E-6 1.1363E-6 2.16291E-6 1.23023E-6 4.01614E-7 3.69736E-7 2.19646E-7 4.36526E-7 4.42244E-7 7.78103E-7 8.4635E-7 5.27331E-7 8.23003E-7 1.27142E-6 2.42035E-6 2.32252E-6 8.25918E-6 9.10122E-6 9.4315E-6 9.40242E-6 1.56602E-5 2.46292E-5 1.97778E-5 1.65258E-5 5.2134E-6 5.03457E-6 8.27067E-6 2.67062E-6 4.43882E-6 1.32251E-5 4.25004E-6 1.12185E-5 9.36358E-6 1.28541E-5 5.20913E-6 4.77529E-6 2.85689E-6 2.7722E-6
-9999 -9999 -9999 -9999 -9999 -9999 -9999 -9999 -9999 -9999 -9999 -9999 -9999 -9999 5.60721E-3 3.05537E-3 1.05521E-3 4.23568E-4 1.14747E-4 5.89065E-5 5.10152E-5 1.91787E-5 4.29174E-6 8.07793E-7 1.70009E-6 -9999 -9999 -9999 -9999 1.83062E-6 -9999 -9999 7.18745E-7 3.72505E-7 4.01547E-7 4.23812E-7 2.4716E-7 4.76914E-7 8.57247E-7 1.48198E-6 1.59587E-6 1.47942E-6 2.5302E-6 2.46943E-6 4.68927E-6 9.13095E-6 9.47528E-6 1.67281E-5 5.19932E-6 2.54111E-5 2.27296E-5 5.56761E-5 1.8579E-5 5.70779E-6 1.5865E-5 2.7808E-6 2.63459E-6 4.49148E-6 2.56436E-6 6.97299E-6 9.13789E-6 8.56047E-6 5.09818E-6 4.70641E-6 2.77746E-6 2.87829E-6
-9999 -9999 -9999 -9999 -9999 -9999 -9999 -9999 -9999 -9999 -9999 -9999 -9999 -9999 -9999 1.07796E-2 3.64789E-3 8.20482E-4 1.06343E-4 7.36957E-5 6.57687E-5 6.69383E-6 1.73948E-6 2.67304E-6 9.54253E-7 -9999 -9999 -9999 -9999 -9999 -9999 -9999 2.3484E-6 1.24121E-6 1.29734E-6 3.85865E-7 2.37949E-7 2.47442E-7 7.46719E-7 9.51539E-7 1.483E-6 1.57312E-6 2.3345E-6 1.37996E-6 2.78475E-6 2.99966E-6 5.49517E-6 1.74416E-5 1.73046E-5 1.74323E-5 2.74204E-5 1.49612E-5 7.6465E-6 1.15982E-5 1.0359E-5 5.40908E-6 5.14365E-6 4.84588E-6 2.8297E-6 7.39701E-6 1.63002E-5 3.38367E-5 5.13535E-6 4.6756E-6 2.79021E-6 2.85662E-6
-9999 -9999 -9999 -9999 -9999 -9999 -9999 -9999 -9999 -9999 -9999 -9999 -9999 -9999 -9999 -9999 1.05136E-2 1.20942E-3 2.56547E-4 7.01121E-5 2.16202E-4 9.46173E-5 1.97043E-6 1.69784E-6 1.02354E-6 2.44038E-6 -9999 -9999 -9999 -9999 -9999 -9999 -9999 -9999 -9999 7.72526E-7 2.47548E-7 2.57619E-7 5.06846E-7 1.01435E-6 9.45306E-7 9.01754E-7 8.67006E-7 1.40614E-6 4.82265E-6 1.60886E-6 3.23597E-6 1.72363E-5 1.86929E-5 3.14468E-5 1.80713E-5 2.7765E-5 8.69974E-6 1.32934E-5 1.97021E-5 6.15082E-6 3.30428E-6 3.11447E-6 1.75906E-6 1.25905E-5 3.86356E-5 1.46135E-5 5.15667E-6 2.93156E-6 2.98372E-6 2.99232E-6
-9999 -9999 -9999 -9999 -9999 -9999 -9999 -9999 -9999 -9999 -9999 -9999 -9999 -9999 -9999 2.78322E-2 1.65438E-2 2.22517E-3 5.47861E-4 7.74696E-5 2.40357E-4 3.70487E-4 9.61096E-6 1.6026E-6 1.9524E-6 2.02026E-6 -9999 -9999 -9999 -9999 -9999 -9999 -9999 -9999 -9999 7.46276E-7 4.4382E-7 3.0011E-7 5.03804E-7 5.72251E-7 9.19377E-7 1.69555E-6 1.06706E-6 9.73517E-7 7.60946E-7 8.65561E-7 1.75223E-6 3.59783E-6 6.51378E-6 1.99949E-5 1.12924E-5 1.77088E-5 1.63057E-5 1.47064E-5 5.56348E-5 6.79819E-6 3.73054E-6 3.40123E-6 1.07258E-6 1.41593E-5 1.93364E-5 6.46934E-6 3.3186E-6 3.06484E-6 2.95918E-6 2.78066E-6
-9999 -9999 -9999 -9999 -9999 -9999 -9999 -9999 -9999 -9999 -9999 -9999 -9999 -9999 -9999 -9999 -9999 9.0855E-3 8.74335E-4 7.83372E-5 3.58643E-5 1.33115E-4 4.64222E-5 8.28077E-7 1.08723E-6 1.13706E-6 -9999 -9999 -9999 -9999 -9999 -9999 -9999 -9999 -9999 1.30476E-6 4.48661E-7 4.97901E-7 4.93448E-7 6.38597E-7 6.6458E-7 6.29189E-7 6.24659E-7 9.59404E-7 7.60977E-7 8.6628E-7 1.74964E-6 1.81406E-6 3.50234E-6 6.89894E-6 3.38801E-5 1.93757E-5 1.04229E-5 9.21191E-6 8.45241E-6 1.34763E-5 4.21916E-6 3.84746E-6 3.87114E-6 3.60098E-6 1.39721E-5 7.06458E-6 9.71771E-6 5.21705E-6 4.71997E-6 4.69498E-6
-9999 -9999 -9999 -9999 -9999 -9999 -9999 -9999 -9999 -9999 -9999 -9999 -9999 -9999 -9999 -9999 -9999 1.76494E-2 4.84841E-3 2.92163E-4 4.54665E-5 2.98632E-5 2.59927E-5 2.58969E-6 2.39594E-6 1.59252E-6 2.0215E-6 -9999 -9999 -9999 -9999 -9999 -9999 -9999 -9999 2.44417E-6 7.79632E-7 4.82339E-7 8.20293E-7 6.11342E-7 7.46531E-7 7.33265E-7 6.59397E-7 5.39255E-7 4.78957E-7 8.02154E-7 8.59779E-7 9.07888E-7 1.90635E-6 1.24642E-5 1.29013E-5 2.01703E-5 6.47068E-6 6.0383E-6 3.09942E-6 1.52255E-5 1.45599E-5 2.5173E-6 2.22129E-5 2.033E-5 6.9457E-6 2.22468E-5 4.73277E-5 1.155E-5 7.09446E-6 4.49131E-6
-9999 -9999 -9999 -9999 -9999 -9999 -9999 -9999 -9999 -9999 -9999 -9999 -9999 -9999 -9999 -9999 -9999 2.18664E-2 1.15928E-2 7.53222E-4 7.64438E-5 2.17703E-5 1.77274E-5 9.54424E-6 2.34112E-6 2.0005E-6 2.44709E-6 -9999 -9999 -9999 -9999 -9999 -9999 -9999 -9999 -9999 2.17283E-6 8.27639E-7 5.1358E-7 1.03327E-6 1.34091E-6 1.40369E-6 1.2175E-6 6.21874E-7 5.48144E-7 4.83993E-7 8.93214E-7 8.62668E-7 3.52022E-6 4.34517E-6 7.7899E-6 2.18519E-5 6.58583E-6 3.55759E-6 3.3138E-6 5.74809E-6 1.76263E-5 2.73484E-6 1.02116E-5 4.29652E-5 5.51501E-6 2.04436E-5 5.40806E-5 3.37764E-5 2.2682E-5 6.81954E-6
-9999 -9999 -9999 -9999 -9999 -9999 -9999 -9999 -9999 -9999 -9999 -9999 -9999 -9999 -9999 -9999 -9999 -9999 -9999 2.06861E-3 1.62048E-4 4.37232E-5 1.09287E-5 8.62105E-6 5.39483E-6 2.55517E-6 3.96928E-6 -9999 -9999 -9999 -9999 -9999 -9999 -9999 -9999 -9999 6.29186E-6 2.45831E-6 1.78327E-6 2.11249E-6 2.34088E-6 2.57129E-6 2.18124E-6 3.58943E-6 1.9388E-6 1.70577E-6 1.66214E-6 1.64012E-6 3.44385E-6 3.95918E-6 7.8007E-6 1.31964E-5 3.7028E-6 1.18353E-5 6.66197E-6 3.44445E-6 2.15926E-5 3.62188E-6 6.80304E-6 2.55896E-5 1.45488E-5 4.18689E-5 4.65176E-5 2.73659E-5 1.96082E-5 1.07492E-5
-9999 -9999 -9999 -9999 -9999 -9999 -9999 -9999 -9999 -9999 -9999 -9999 -9999 -9999 -9999 -9999 -9999 -9999 -9999 4.95152E-3 6.31425E-4 5.92008E-5 2.58529E-5 6.29727E-6 5.92215E-6 5.25064E-6 1.31032E-5 -9999 -9999 -9999 -9999 -9999 -9999 -9999 -9999 -9999 -9999 4.24086E-6 3.39491E-6 3.32252E-6 2.34004E-6 4.84993E-6 2.40169E-6 4.03031E-6 6.27518E-6 5.2824E-6 1.95027E-6 1.66073E-6 1.84057E-6 3.82127E-6 1.26491E-5 1.33793E-5 1.88445E-6 7.31231E-6 2.04972E-6 2.0107E-6 2.46909E-5 4.128E-6 2.27088E-6 3.48283E-5 1.32662E-4 9.74316E-5 7.39684E-5 3.5435E-5 2.25959E-5 1.27831E-5
-9999 -9999 -9999 -9999 -9999 -9999 -9999 -9999 -9999 -9999 -9999 -9999 -9999 -9999 -9999 -9999 -9999 -9999 -9999 4.45948E-3 6.64455E-4 9.52544E-5 3.06651E-5 1.4632E-5 7.2399E-6 5.5462E-6 9.63952E-6 2.92127E-5 -9999 -9999 -9999 -9999 -9999 -9999 -9999 -9999 -9999 7.37422E-6 3.00176E-6 3.45584E-6 4.00226E-6 5.13358E-6 5.12392E-6 4.23684E-6 7.00605E-6 4.04662E-6 3.58226E-6 1.81608E-6 1.83115E-6 3.59469E-6 3.65894E-6 7.29733E-6 1.95654E-6 7.42414E-6 4.06849E-6 1.09561E-6 8.2453E-6 4.66465E-6 2.76212E-6 1.87911E-5 1.13478E-4 2.36624E-4 1.2174E-4 7.01845E-5 3.65036E-5 1.89099E-5
-9999 -9999 -9999 -9999 -9999 -9999 -9999 -9999 -9999 -9999 -9999 -9999 -9999 -9999 -9999 -9999 -9999 -9999 -9999 9.54446E-3 1.42097E-3 1.19767E-4 7.08998E-5 2.52459E-5 1.25461E-5 1.19222E-5 9.50085E-6 2.39545E-5 3.44184E-5 5.83857E-5 -9999 -9999 -9999 -9999 -9999 -9999 -9999 -9999 4.92815E-6 3.59578E-6 3.91487E-6 2.56382E-6 4.75447E-6 4.76892E-6 5.1374E-6 4.21498E-6 4.52069E-6 2.29113E-6 1.24226E-6 1.75751E-6 2.03569E-6 7.60744E-6 4.25499E-6 2.35075E-6 8.49737E-6 2.38502E-6 1.182E-6 5.10003E-6 2.35248E-6 5.40858E-6 1.9806E-5 3.6771E-4 2.14702E-4 8.19124E-5 6.15842E-5 2.941E-5
-9999 -9999 -9999 -9999 -9999 -9999 -9999 -9999 -9999 -9999 -9999 -9999 -9999 -9999 -9999 -9999 -9999 -9999 -9999 -9999 2.15631E-3 4.67011E-4 3.11522E-4 7.80036E-5 3.03978E-5 1.0897E-5 6.52822E-6 8.77112E-6 8.98014E-6 1.06975E-5 1.52477E-5 -9999 1.22431E-5 7.92649E-6 -9999 -9999 -9999 -9999 8.24277E-6 5.53693E-6 4.08901E-6 2.91197E-6 3.39084E-6 3.21008E-6 2.65325E-6 2.75617E-6 2.7914E-6 2.5481E-6 1.48242E-6 1.09989E-6 1.07457E-6 1.13126E-6 4.41572E-6 2.41395E-6 4.86341E-6 2.52282E-6 6.81649E-7 2.675E-6 2.4809E-6 4.94545E-6 9.32402E-6 3.03761E-5 1.33911E-4 1.41472E-4 8.00723E-5 4.03869E-5
-9999 -9999 -9999 -9999 -9999 -9999 -9999 -9999 -9999 -9999 -9999 -9999 -9999 -9999 -9999 -9999 -9999 -9999 -9999 -9999 -9999 -9999 1.17589E-3 3.94135E-4 1.90754E-4 5.83395E-5 1.32702E-5 7.6434E-6 9.10449E-6 1.05876E-5 6.75497E-6 5.83042E-6 1.37384E-5 6.49804E-6 -9999 -9999 -9999 -9999 -9999 5.30755E-6 4.05233E-6 4.94175E-6 2.91234E-6 1.78369E-6 1.52161E-6 1.59868E-6 2.72241E-6 2.325E-6 1.44939E-6 5.68526E-7 1.15652E-6 7.16082E-7 1.22858E-6 4.72477E-6 2.60292E-6 1.28623E-6 6.47994E-7 5.36633E-6 1.18734E-6 2.44748E-6 4.15072E-6 1.39496E-5 9.83547E-5 8.31158E-5 6.53388E-5 4.92068E-5
-9999 -9999 -9999 -9999 2.34008E-3 -9999 -9999 -9999 -9999 -9999 -9999 -9999 -9999 -9999 -9999 -9999 -9999 -9999 -9999 -9999 -9999 -9999 -9999 -9999 7.97609E-4 2.79122E-4 3.69775E-5 1.50259E-5 7.90835E-6 1.1406E-5 1.11948E-5 5.85969E-6 1.90599E-5 7.33487E-6 6.98418E-6 -9999 -9999 -9999 -9999 1.45701E-5 9.59028E-6 7.26752E-6 2.51003E-6 1.71813E-6 1.74633E-6 1.66543E-6 1.70134E-6 1.43515E-6 1.17518E-6 6.73319E-7 6.53274E-7 6.79283E-7 1.16556E-6 2.56673E-6 5.16976E-6 5.89155E-7 6.9026E-7 2.70234E-6 1.15544E-6 4.77449E-6 8.19223E-6 4.07997E-5 3.34813E-5 1.15112E-4 9.18473E-5 5.6388E-5
-9999 -9999 -9999 2.1346E-4 2.09778E-4 -9999 -9999 -9999 -9999 -9999 -9999 -9999 -9999 -9999 -9999 -9999 -9999 -9999 -9999 -9999 -9999 -9999 -9999 -9999 -9999 9.50453E-4 3.85601E-4 7.72078E-5 1.36633E-5 1.48195E-5 1.19226E-5 9.87395E-6 1.20531E-5 5.46956E-5 1.38654E-5 2.2843E-5 -9999 -9999 1.88969E-5 8.77845E-6 9.50771E-6 6.25839E-6 2.36425E-6 1.64838E-6 1.6269E-6 1.66973E-6 8.18759E-7 8.24686E-7 6.37473E-7 6.31611E-7 6.44508E-7 6.6196E-7 2.29686E-6 2.32539E-6 5.35374E-6 2.37793E-6 2.63914E-6 5.71101E-7 5.38883E-7 8.30565E-6 2.55764E-5 1.26238E-5 2.94158E-5 7.69032E-5 5.40309E-5 4.03365E-5
-9999 -9999 -9999 -9999 3.60704E-4 -9999 -9999 -9999 -9999 -9999 -9999 -9999 -9999 -9999 -9999 -9999 -9999 -9999 -9999 -9999 -9999 -9999 -9999 -9999 -9999 -9999 1.24115E-3 5.57609E-4 5.90376E-5 7.05529E-5 2.10868E-5 1.82713E-5 1.53377E-5 1.09133E-5 2.87831E-5 2.5058E-5 -9999 -9999 1.06616E-5 7.95575E-6 1.37406E-5 1.08326E-5 4.28679E-6 2.92378E-6 1.683E-6 1.55294E-6 8.30234E-7 7.82397E-7 7.76051E-7 6.3186E-7 1.22344E-6 1.20434E-6 1.17989E-6 1.24468E-6 2.80694E-6 1.36322E-6 2.47528E-6 2.54038E-6 2.37698E-6 7.90815E-6 2.36144E-5 1.15783E-5 2.60352E-5 5.20396E-5 6.41684E-5 3.29408E-5
-9999 -9999 -9999 -9999 -9999 -9999 -9999 -9999 -9999 -9999 -9999 -9999 -9999 -9999 -9999 -9999 -9999 -9999 -9999 -9999 -9999 -9999 -9999 -9999 -9999 -9999 -9999 1.4807E-3 1.07019E-3 2.46186E-4 3.48689E-5 1.90793E-5 1.54474E-5 6.79321E-6 6.51463E-6 -9999 2.1902E-5 -9999 1.98128E-5 1.18059E-5 1.12962E-5 -9999 2.03286E-5 5.19859E-6 2.81516E-6 1.72341E-6 1.71063E-6 1.35625E-6 1.39122E-6 1.04302E-6 1.06605E-6 1.12393E-6 1.0803E-6 2.27943E-6 1.35251E-6 1.2519E-6 5.99299E-7 1.01768E-5 9.63377E-6 1.37592E-5 5.45063E-5 3.00093E-5 3.74227E-5 4.71744E-5 7.92149E-5 1.69467E-5
-9999 -9999 -9999 -9999 -9999 -9999 -9999 -9999 -9999 -9999 -9999 -9999 -9999 -9999 -9999 -9999 -9999 -9999 -9999 -9999 -9999 -9999 -9999 -9999 -9999 -9999 -9999 -9999 3.1234E-3 7.33685E-4 6.35293E-5 1.94377E-5 1.71015E-5 7.02363E-6 3.32909E-6 5.8111E-6 2.25789E-5 2.4417E-5 -9999 -9999 -9999 -9999 2.08328E-5 1.50266E-5 5.8032E-6 4.04926E-6 1.87755E-6 1.6078E-6 2.87699E-6 1.03505E-6 1.05777E-6 1.08031E-6 1.06588E-6 1.04794E-6 5.94806E-7 2.52906E-6 2.63116E-7 2.58488E-6 1.73007E-5 1.43847E-5 4.8393E-5 2.57174E-5 5.41152E-5 4.87877E-5 1.09245E-4 5.16961E-5
-9999 -9999 -9999 -9999 -9999 -9999 -9999 -9999 -9999 -9999 -9999 -9999 -9999 -9999 -9999 -9999 -9999 -9999 -9999 -9999 -9999 -9999 3.46112E-4 -9999 -9999 -9999 -9999 -9999 -9999 2.12219E-3 2.12018E-4 3.20268E-5 1.80969E-5 1.75648E-5 8.17055E-6 3.44325E-6 3.60572E-6 -9999 -9999 -9999 2.03583E-5 -9999 -9999 4.35262E-5 2.09841E-5 6.49754E-6 2.89747E-6 2.09294E-6 3.12853E-6 1.0628E-6 7.29884E-7 1.20949E-6 5.7753E-7 9.11165E-7 4.62064E-7 1.03594E-6 2.62382E-7 2.59391E-6 4.8675E-6 2.50861E-5 4.61652E-5 2.41242E-5 3.4694E-5 9.5687E-5 9.67295E-5 8.98224E-5
-9999 -9999 -9999 -9999 -9999 -9999 -9999 -9999 -9999 -9999 -9999 -9999 -9999 -9999 -9999 -9999 -9999 -9999 -9999 -9999 5.00133E-4 -9999 1.34507E-4 8.91658E-5 -9999 -9999 -9999 -9999 -9999 1.78468E-3 3.55214E-4 5.02273E-5 1.89808E-5 8.95248E-6 9.07926E-6 4.54816E-6 3.4645E-6 3.48231E-6 -9999 -9999 -9999 -9999 -9999 -9999 -9999 8.45386E-6 4.2137E-6 1.65526E-6 1.44685E-6 1.43529E-6 9.55542E-7 1.77824E-6 1.11093E-6 8.61632E-7 2.59966E-7 4.5359E-7 5.20128E-7 6.05424E-7 1.2474E-6 4.14756E-5 3.42758E-5 4.7151E-5 1.72529E-5 4.73378E-5 1.78063E-4 1.49892E-4
-9999 -9999 -9999 -9999 -9999 -9999 -9999 -9999 -9999 -9999 -9999 -9999 -9999 -9999 -9999 -9999 -9999 -9999 -9999 -9999 -9999 2.55457E-4 9.62365E-5 2.42096E-4 -9999 -9999 -9999 -9999 7.64962E-4 7.41763E-4 1.54513E-4 5.573E-5 1.93593E-5 7.14617E-6 4.14387E-6 5.16562E-6 3.32607E-6 3.51846E-6 -9999 -9999 -9999 -9999 -9999 -9999 -9999 -9999 4.36726E-6 4.11219E-6 1.71651E-6 1.86931E-6 1.33638E-6 1.54461E-6 1.00165E-6 4.90173E-7 4.26039E-7 5.08592E-7 6.09025E-7 1.11223E-6 2.34719E-6 2.53549E-5 2.26691E-5 1.2661E-5 1.13809E-5 1.05314E-5 1.07473E-4 1.29887E-4
-9999 -9999 -9999 -9999 -9999 -9999 -9999 -9999 -9999 -9999 -9999 -9999 -9999 -9999 -9999 -9999 -9999 -9999 -9999 -9999 -9999 -9999 4.6373E-4 2.49314E-4 -9999 -9999 -9999 6.00509E-4 3.70722E-4 2.20007E-4 8.57853E-5 3.14921E-5 1.01764E-5 4.96652E-6 4.12623E-6 4.20564E-6 2.18392E-6 1.61216E-6 -9999 -9999 -9999 -9999 -9999 -9999 -9999 1.64364E-5 4.60751E-6 3.19433E-6 3.04342E-6 2.30827E-6 2.73902E-6 1.61588E-6 1.40602E-6 7.93289E-7 6.52781E-7 4.2533E-7 1.1959E-6 1.10642E-6 2.21658E-6 7.63321E-6 1.22815E-5 3.2915E-6 1.14123E-5 1.05021E-5 4.5631E-5 5.45467E-5
-9999 -9999 -9999 -9999 -9999 -9999 -9999 -9999 -9999 -9999 -9999 -9999 -9999 -9999 -9999 -9999 -9999 -9999 -9999 -9999 -9999 -9999 -9999 1.83723E-4 7.41891E-5 5.63279E-5 8.63348E-5 1.05892E-4 1.58096E-4 1.80006E-4 1.19045E-4 2.2733E-5 9.66623E-6 4.69131E-6 4.12579E-6 6.57604E-6 3.1648E-6 2.47591E-6 2.33822E-6 -9999 -9999 -9999 -9999 -9999 -9999 -9999 -9999 -9999 -9999 -9999 4.33981E-6 1.47239E-6 2.01687E-6 3.23064E-7 4.45219E-7 5.16183E-7 9.44682E-7 1.03542E-6 1.1458E-6 3.2207E-6 3.11004E-6 2.98385E-6 3.10773E-5 1.81112E-5 2.48705E-5 2.24262E-5
