Leopardus guigna/Leopardus_guigna.asc
ncols         515
nrows         545
xllcorner     -119.0
yllcorner     -58.333333333333
cellsize      0.166666666667
NODATA_value  -9999
[rows 435 to 463 of 545, columns 264 to 329 of 515]
-9999 -9999 -9999 -9999 -9999 -9999 -9999 8.98489E-1 9.53587E-1 9.63695E-1 9.66636E-1 8.76627E-1 8.2495E-1 7.01305E-1 6.50684E-1 7.10185E-1 8.67106E-1 9.20066E-1 8.56754E-1 9.18968E-1 8.46247E-1 6.98792E-1 4.22663E-1 1.21784E-1 4.52704E-2 1.33352E-2 6.07477E-3 1.90018E-3 9.29452E-4 4.14401E-4 3.73495E-4 1.90724E-4 1.94849E-4 9.93307E-5 7.36232E-5 6.49522E-5 5.83326E-5 5.74474E-5 5.12251E-5 5.187E-5 3.67736E-5 4.07461E-5 2.7866E-5 2.9779E-5 2.08871E-5 1.44503E-5 1.5491E-5 1.69053E-5 1.71002E-5 1.85664E-5 1.14706E-5 1.1306E-5 1.79159E-5 1.76444E-5 1.08993E-5 1.08184E-5 1.71558E-5 1.65082E-5 1.6422E-5 1.67676E-5 1.63985E-5 1.63465E-5 1.61213E-5 1.62915E-5 1.62521E-5 1.63554E-5
-9999 -9999 -9999 -9999 -9999 -9999 -9999 9.49866E-1 9.55971E-1 9.63102E-1 8.33195E-1 7.69291E-1 6.74687E-1 6.41308E-1 5.93973E-1 5.18107E-1 5.1421E-1 5.27263E-1 7.53846E-1 8.9862E-1 9.04149E-1 7.71534E-1 6.29489E-1 1.93782E-1 3.72022E-2 1.4886E-2 5.67983E-3 3.12513E-3 1.23259E-3 9.58662E-4 4.67937E-4 4.35683E-4 2.7444E-4 2.1133E-4 1.63075E-4 1.29894E-4 8.61454E-5 7.84982E-5 7.23418E-5 5.31167E-5 5.41095E-5 5.76662E-5 4.26618E-5 2.97817E-5 3.40849E-5 2.32281E-5 2.37278E-5 2.52294E-5 1.63614E-5 1.71204E-5 1.76406E-5 1.07944E-5 1.08062E-5 1.74242E-5 1.72143E-5 1.06113E-5 1.03448E-5 1.74238E-5 1.65079E-5 1.66829E-5 1.70501E-5 1.67932E-5 1.65644E-5 1.65088E-5 1.64801E-5 1.63299E-5
-9999 -9999 -9999 -9999 -9999 -9999 -9999 9.40363E-1 9.33506E-1 8.74272E-1 8.2983E-1 7.13737E-1 6.20922E-1 5.95575E-1 5.59733E-1 7.40361E-1 8.95791E-1 7.36416E-1 8.38583E-1 8.86617E-1 9.00608E-1 8.22033E-1 5.50647E-1 2.17114E-1 4.41137E-2 1.75722E-2 8.64771E-3 3.49642E-3 1.60216E-3 1.08339E-3 6.88938E-4 5.92811E-4 4.21074E-4 3.12186E-4 2.44092E-4 1.39124E-4 1.19963E-4 1.09142E-4 1.05103E-4 7.10315E-5 7.22952E-5 5.69064E-5 6.15016E-5 4.68077E-5 3.1583E-5 3.48943E-5 2.34033E-5 2.50901E-5 1.60142E-5 1.69515E-5 1.75563E-5 1.785E-5 1.13718E-5 1.86601E-5 1.72289E-5 1.7328E-5 1.75279E-5 1.77908E-5 2.41222E-5 1.92942E-5 1.70801E-5 1.7568E-5 1.70092E-5 1.69682E-5 1.71123E-5 1.67993E-5
-9999 -9999 -9999 -9999 -9999 -9999 -9999 9.35088E-1 9.44989E-1 8.82328E-1 8.1159E-1 6.9502E-1 7.09721E-1 5.53245E-1 5.15227E-1 5.77745E-1 8.72653E-1 8.55415E-1 8.68562E-1 8.47435E-1 8.86209E-1 8.23503E-1 4.54248E-1 3.22372E-1 4.71151E-2 1.64804E-2 8.14861E-3 3.72978E-3 2.00186E-3 1.34614E-3 9.7951E-4 6.59681E-4 4.27417E-4 3.00742E-4 1.67281E-4 1.42275E-4 1.27242E-4 1.10212E-4 1.11714E-4 7.581E-5 7.45668E-5 8.80804E-5 6.94925E-5 4.76936E-5 3.27342E-5 3.60407E-5 3.73237E-5 2.49901E-5 2.55007E-5 2.61013E-5 1.68516E-5 1.70209E-5 1.74182E-5 1.82433E-5 1.94023E-5 1.75364E-5 2.75721E-5 2.80921E-5 2.7081E-5 2.80536E-5 2.90152E-5 2.85136E-5 2.88563E-5 2.91756E-5 2.81596E-5 2.85944E-5
-9999 -9999 -9999 -9999 -9999 -9999 8.97082E-1 9.12241E-1 9.18543E-1 9.22416E-1 7.88967E-1 6.84382E-1 6.64565E-1 6.44839E-1 4.77319E-1 4.42227E-1 8.51167E-1 8.61837E-1 8.88276E-1 8.71399E-1 8.72366E-1 6.26862E-1 4.92619E-1 1.59871E-1 9.51582E-2 3.36242E-2 1.13847E-2 3.97427E-3 1.89361E-3 1.35223E-3 9.80247E-4 5.98913E-4 2.82948E-4 2.29853E-4 1.82592E-4 1.59415E-4 1.83895E-4 1.79356E-4 8.36794E-5 8.05711E-5 9.23323E-5 6.49124E-5 6.54585E-5 4.8153E-5 4.87728E-5 3.27378E-5 3.43426E-5 3.59786E-5 3.71284E-5 2.41962E-5 2.62784E-5 2.6818E-5 2.70058E-5 1.68538E-5 1.68904E-5 2.75008E-5 2.81183E-5 2.8536E-5 2.81154E-5 2.8902E-5 4.87E-5 2.905E-5 2.93411E-5 3.01529E-5 2.95334E-5 2.92999E-5
-9999 -9999 -9999 -9999 -9999 -9999 8.99636E-1 8.64065E-1 9.09984E-1 8.27395E-1 7.63902E-1 7.55991E-1 6.1686E-1 5.87472E-1 5.64961E-1 6.45573E-1 6.30975E-1 7.49458E-1 8.65505E-1 8.65698E-1 8.09413E-1 6.99176E-1 4.75671E-1 1.33961E-1 1.16058E-1 4.41783E-2 1.68937E-2 8.11469E-3 2.77768E-3 1.87027E-3 1.10759E-3 4.67307E-4 3.36944E-4 2.03481E-4 1.7022E-4 1.76522E-4 1.95586E-4 1.66093E-4 1.25113E-4 8.89147E-5 1.02786E-4 6.93642E-5 6.74509E-5 6.93491E-5 4.74988E-5 4.78962E-5 4.94105E-5 4.87798E-5 5.15138E-5 5.47349E-5 3.66911E-5 3.81605E-5 4.02187E-5 2.656E-5 2.76058E-5 2.737E-5 2.86754E-5 2.86656E-5 4.62221E-5 2.89176E-5 -9999 4.6246E-5 4.6593E-5 4.69245E-5 4.66275E-5 4.81942E-5
-9999 -9999 -9999 -9999 -9999 -9999 8.57176E-1 8.84618E-1 8.58775E-1 8.84992E-1 8.07741E-1 6.86023E-1 6.37363E-1 5.19396E-1 6.37021E-1 7.41966E-1 6.12739E-1 6.12182E-1 8.22135E-1 8.74539E-1 8.7193E-1 6.24075E-1 2.88048E-1 1.25979E-1 1.12852E-1 4.64735E-2 1.92291E-2 6.41918E-3 2.38161E-3 1.7965E-3 1.20991E-3 7.41224E-4 4.42962E-4 2.77334E-4 1.48429E-4 1.38172E-4 1.57267E-4 1.431E-4 1.01826E-4 1.09836E-4 1.06494E-4 1.0421E-4 7.0544E-5 6.9655E-5 6.58496E-5 6.47746E-5 9.37787E-5 9.2248E-5 6.38508E-5 7.18405E-5 4.93513E-5 5.37687E-5 5.89682E-5 4.10576E-5 4.25987E-5 4.37591E-5 4.34076E-5 4.41293E-5 4.48985E-5 2.80675E-5 -9999 -9999 -9999 -9999 4.7526E-5 7.34712E-5
-9999 -9999 -9999 -9999 -9999 -9999 8.33236E-1 8.55594E-1 8.60393E-1 8.50552E-1 7.49123E-1 6.12839E-1 5.89851E-1 6.26434E-1 6.37564E-1 6.29625E-1 7.13148E-1 8.17687E-1 7.97384E-1 8.44324E-1 7.2139E-1 5.83191E-1 4.08992E-1 1.9639E-1 1.23367E-1 6.79034E-2 2.18536E-2 7.43986E-3 3.50497E-3 3.14086E-3 1.32873E-3 8.39052E-4 5.06073E-4 2.94888E-4 2.40454E-4 1.85568E-4 1.48074E-4 1.35988E-4 1.2708E-4 1.05116E-4 1.00226E-4 9.23422E-5 1.03478E-4 1.27359E-4 1.20178E-4 1.21669E-4 1.20527E-4 1.16852E-4 1.14427E-4 1.17787E-4 9.40241E-5 7.54973E-5 5.56899E-5 5.9864E-5 6.32609E-5 4.17239E-5 4.3056E-5 4.32717E-5 4.39152E-5 4.36417E-5 -9999 -9999 -9999 -9999 -9999 -9999
-9999 -9999 -9999 -9999 -9999 -9999 7.76067E-1 8.34433E-1 8.29519E-1 7.94438E-1 6.73133E-1 6.88996E-1 5.7621E-1 5.73233E-1 8.20017E-1 8.25997E-1 7.45202E-1 8.6738E-1 8.28164E-1 8.60234E-1 7.37746E-1 5.54435E-1 3.49895E-1 2.76282E-1 9.93115E-2 2.98962E-2 2.13978E-2 1.34465E-2 1.01972E-2 5.97001E-3 1.58401E-3 7.04785E-4 5.10701E-4 3.33303E-4 2.17042E-4 1.76064E-4 1.54437E-4 1.45079E-4 1.19758E-4 1.10115E-4 1.0295E-4 1.40054E-4 1.32297E-4 1.29435E-4 1.23394E-4 1.24366E-4 1.21493E-4 1.5548E-4 1.51123E-4 1.68153E-4 1.36261E-4 7.29811E-5 8.29552E-5 6.17288E-5 6.35767E-5 4.08564E-5 4.07615E-5 4.11669E-5 4.31352E-5 4.37883E-5 -9999 -9999 -9999 -9999 -9999 -9999
-9999 -9999 -9999 -9999 -9999 -9999 -9999 7.8145E-1 7.27199E-1 7.6846E-1 6.49401E-1 6.3064E-1 6.45735E-1 6.6942E-1 8.04867E-1 8.25982E-1 7.68789E-1 8.44671E-1 8.67175E-1 8.74489E-1 7.50808E-1 4.45451E-1 2.66333E-1 2.05925E-1 1.10779E-1 2.47621E-2 6.88505E-3 5.78709E-3 4.48723E-3 3.18441E-3 1.7877E-3 9.77898E-4 1.11725E-3 4.36772E-4 4.93869E-4 6.06619E-4 3.56869E-4 2.0846E-4 1.79869E-4 1.70486E-4 1.53055E-4 1.44581E-4 1.39557E-4 1.31488E-4 1.20983E-4 1.21505E-4 1.22443E-4 1.80193E-4 1.73019E-4 1.19845E-4 9.94288E-5 7.5005E-5 8.53124E-5 5.90119E-5 5.9655E-5 6.14781E-5 6.44587E-5 6.44635E-5 4.1423E-5 4.09844E-5 4.18976E-5 -9999 -9999 -9999 -9999 -9999
-9999 -9999 -9999 -9999 -9999 7.57371E-1 7.55E-1 7.64147E-1 7.19331E-1 7.55354E-1 7.40686E-1 6.26605E-1 6.30534E-1 6.76766E-1 8.18026E-1 8.66146E-1 8.62224E-1 7.28355E-1 8.96773E-1 8.20675E-1 6.70453E-1 3.71677E-1 2.16758E-1 1.31843E-1 5.0588E-2 1.47585E-2 6.59371E-3 3.69614E-3 3.42428E-3 2.30892E-3 1.50932E-3 1.31698E-3 1.04741E-3 5.54479E-4 6.21207E-4 9.28593E-4 4.84577E-4 2.28613E-4 1.97626E-4 2.16292E-4 2.19378E-4 1.53674E-4 1.50581E-4 1.3896E-4 1.24211E-4 1.24297E-4 1.06526E-4 1.05544E-4 1.53885E-4 1.03232E-4 1.14618E-4 7.781E-5 8.46835E-5 8.81041E-5 5.99396E-5 6.2561E-5 6.37246E-5 6.39754E-5 6.2112E-5 6.05192E-5 6.25547E-5 -9999 -9999 -9999 -9999 -9999
-9999 -9999 -9999 -9999 -9999 7.51105E-1 7.44696E-1 7.4958E-1 6.98644E-1 7.15185E-1 6.87983E-1 5.75434E-1 6.26901E-1 6.65316E-1 8.11089E-1 8.46998E-1 7.23505E-1 8.78565E-1 7.98452E-1 6.97471E-1 5.86526E-1 2.85853E-1 1.34756E-1 6.08992E-2 2.72675E-2 9.44612E-3 4.83208E-3 3.85812E-3 2.41801E-3 1.73874E-3 1.16306E-3 1.24444E-3 1.04707E-3 8.7632E-4 1.04275E-3 5.52033E-4 3.49933E-4 5.02117E-4 3.12369E-4 2.63609E-4 5.18685E-4 1.99328E-4 1.45254E-4 1.40993E-4 1.917E-4 1.26563E-4 1.01377E-4 8.29053E-5 8.87278E-5 8.23325E-5 7.88862E-5 8.16653E-5 8.63802E-5 6.03092E-5 6.04565E-5 6.1463E-5 6.10848E-5 6.09381E-5 6.1921E-5 5.98677E-5 -9999 -9999 -9999 -9999 -9999 -9999
-9999 -9999 -9999 -9999 -9999 7.38624E-1 7.60738E-1 7.43512E-1 7.53985E-1 6.57471E-1 -9999 -9999 -9999 5.23538E-1 7.12037E-1 8.81182E-1 7.7079E-1 7.94114E-1 9.22765E-1 8.78883E-1 4.95648E-1 3.64846E-1 1.49517E-1 8.98554E-2 2.30146E-2 6.33196E-3 5.1911E-3 3.47986E-3 3.06979E-3 1.84781E-3 9.80524E-4 9.37812E-4 7.11447E-4 1.15888E-3 1.11536E-3 9.78608E-4 8.03569E-4 1.17921E-3 8.06041E-4 6.81739E-4 5.15401E-4 2.87235E-4 1.72671E-4 1.96704E-4 1.79753E-4 1.03291E-4 1.16973E-4 8.18928E-5 6.53289E-5 8.61307E-5 8.11708E-5 8.51423E-5 8.67957E-5 6.19564E-5 6.08993E-5 6.17047E-5 6.02213E-5 6.10689E-5 5.91821E-5 6.00876E-5 5.90365E-5 -9999 -9999 -9999 -9999 2.7998E-4
-9999 -9999 -9999 -9999 5.76442E-1 7.2255E-1 7.65609E-1 7.68561E-1 7.48917E-1 6.50253E-1 6.50559E-1 6.61392E-1 5.72298E-1 6.71268E-1 8.51006E-1 8.60022E-1 8.77092E-1 7.95336E-1 8.93975E-1 8.25297E-1 6.92197E-1 3.4862E-1 1.05197E-1 7.1895E-2 1.66047E-2 7.77504E-3 3.8114E-3 2.20598E-3 2.12262E-3 2.14863E-3 1.24467E-3 9.84226E-4 5.62296E-4 5.7742E-4 4.33713E-4 7.6966E-4 6.59544E-4 3.83896E-4 4.60451E-4 3.08244E-4 2.86723E-4 3.87437E-4 1.73572E-4 1.37955E-4 1.49244E-4 1.19793E-4 8.24505E-5 8.88398E-5 9.23647E-5 8.73365E-5 8.90795E-5 8.83968E-5 8.99355E-5 6.37911E-5 6.40589E-5 6.24906E-5 6.12583E-5 6.08624E-5 5.86721E-5 5.61336E-5 8.88663E-5 9.11418E-5 9.82493E-5 2.24824E-4 2.66577E-4 2.9197E-4
-9999 -9999 -9999 -9999 6.45523E-1 7.33184E-1 7.17382E-1 7.64364E-1 7.03833E-1 6.93599E-1 6.4769E-1 6.62108E-1 -9999 8.17329E-1 8.28727E-1 8.56853E-1 9.08627E-1 7.16682E-1 6.96751E-1 6.85388E-1 6.24871E-1 2.13259E-1 1.48139E-1 5.4666E-2 3.79161E-2 8.14794E-3 4.1079E-3 3.07176E-3 2.37779E-3 2.75432E-3 1.05095E-3 9.23475E-4 6.83963E-4 3.91458E-4 3.20846E-4 3.92258E-4 4.27863E-4 2.88119E-4 2.60002E-4 1.68802E-4 2.34508E-4 2.2611E-4 2.27109E-4 2.19309E-4 1.52051E-4 1.23355E-4 8.61253E-5 9.433E-5 9.82833E-5 9.88879E-5 9.44923E-5 9.25297E-5 6.24351E-5 6.4822E-5 6.18195E-5 6.22065E-5 6.06877E-5 5.78178E-5 5.82539E-5 5.74039E-5 8.64372E-5 9.27215E-5 1.48629E-4 1.61039E-4 2.52804E-4 2.8524E-4
-9999 -9999 -9999 -9999 6.26931E-1 7.35245E-1 7.29269E-1 7.6363E-1 7.02047E-1 6.9037E-1 6.86091E-1 6.50304E-1 7.14856E-1 8.14759E-1 8.45526E-1 8.72463E-1 8.40168E-1 7.43451E-1 7.64746E-1 5.89397E-1 5.45284E-1 3.04857E-1 2.28563E-1 5.2784E-2 1.24824E-2 5.05547E-3 3.30083E-3 2.19122E-3 1.7385E-3 1.53958E-3 8.89768E-4 5.10997E-4 6.15994E-4 4.45634E-4 3.94514E-4 3.99239E-4 3.47655E-4 4.41716E-4 3.39223E-4 2.18739E-4 2.29625E-4 2.1553E-4 2.63401E-4 3.46747E-4 2.34476E-4 1.30672E-4 9.21586E-5 1.05165E-4 7.45276E-5 7.59078E-5 6.81408E-5 6.49386E-5 6.41139E-5 6.255E-5 6.07166E-5 5.98425E-5 6.027E-5 5.79457E-5 5.34466E-5 5.43449E-5 8.60079E-5 9.22117E-5 1.35471E-4 2.42631E-4 2.67537E-4 2.89248E-4
-9999 -9999 -9999 -9999 -9999 7.26924E-1 7.20735E-1 7.1521E-1 7.22667E-1 6.71485E-1 -9999 6.78019E-1 6.43477E-1 7.90915E-1 8.19777E-1 7.65095E-1 8.81339E-1 8.16135E-1 8.45319E-1 7.39621E-1 3.25757E-1 2.41607E-1 1.24609E-1 4.46925E-2 9.20938E-3 3.99271E-3 2.62269E-3 2.25025E-3 2.25711E-3 1.40902E-3 1.47085E-3 4.62581E-4 4.26981E-4 5.76869E-4 5.17305E-4 4.54127E-4 4.027E-4 5.42082E-4 4.67122E-4 4.3166E-4 4.69858E-4 3.99566E-4 3.66789E-4 2.6114E-4 1.98868E-4 9.7542E-5 7.8012E-5 5.08435E-5 5.26809E-5 5.18073E-5 4.92569E-5 7.01574E-5 6.62185E-5 4.02174E-5 6.1117E-5 5.86202E-5 5.64555E-5 5.52937E-5 5.49451E-5 5.43766E-5 8.66448E-5 -9999 -9999 -9999 2.73312E-4 3.06931E-4
-9999 -9999 -9999 -9999 6.19273E-1 7.00897E-1 7.04765E-1 6.87183E-1 7.00543E-1 6.48829E-1 -9999 -9999 -9999 7.7247E-1 8.12299E-1 8.19412E-1 7.48777E-1 8.17872E-1 5.37682E-1 5.6786E-1 4.24696E-1 1.58233E-1 1.12423E-1 2.18032E-2 1.83328E-2 5.50377E-3 2.34966E-3 1.36288E-3 1.26181E-3 1.25835E-3 1.20498E-3 1.09036E-3 6.79302E-4 3.1615E-4 4.837E-4 4.76355E-4 3.02646E-4 3.02795E-4 2.77178E-4 4.79748E-4 4.40023E-4 2.00139E-4 2.3032E-4 1.48962E-4 1.07433E-4 7.5996E-5 5.7096E-5 7.45157E-5 7.63907E-5 6.25903E-5 6.18633E-5 5.38615E-5 6.58446E-5 6.45514E-5 6.26634E-5 5.82969E-5 5.63709E-5 5.48938E-5 5.24233E-5 5.38739E-5 8.69636E-5 1.3929E-4 1.57998E-4 2.75483E-4 4.06825E-4 4.62776E-4
-9999 -9999 -9999 5.04348E-1 6.21815E-1 7.08473E-1 6.94308E-1 6.88855E-1 6.73854E-1 6.30389E-1 5.79719E-1 -9999 7.39529E-1 7.68451E-1 8.36742E-1 8.599E-1 8.12928E-1 8.24144E-1 7.82847E-1 7.78805E-1 4.5379E-1 1.51107E-1 9.871E-2 2.55261E-2 9.76607E-3 5.40028E-3 2.73581E-3 1.33762E-3 1.18082E-3 8.9252E-4 1.14086E-3 9.9848E-4 9.13955E-4 6.04471E-4 3.32256E-4 2.58607E-4 3.26541E-4 2.16371E-4 2.92178E-4 3.7963E-4 2.67335E-4 1.80717E-4 1.87986E-4 1.18105E-4 9.0671E-5 6.80627E-5 6.81204E-5 6.01135E-5 5.92324E-5 5.63263E-5 8.68384E-5 6.90946E-5 6.6358E-5 6.30831E-5 6.4453E-5 6.07098E-5 6.36556E-5 5.7051E-5 5.51229E-5 5.56266E-5 8.60156E-5 1.45282E-4 1.59409E-4 2.59897E-4 -9999 -9999
-9999 -9999 -9999 5.11818E-1 5.56052E-1 6.49108E-1 6.63083E-1 6.58993E-1 6.47886E-1 -9999 -9999 6.68108E-1 7.21349E-1 7.60042E-1 7.413E-1 8.48836E-1 8.21224E-1 7.12704E-1 8.74495E-1 5.4852E-1 5.01066E-1 1.97095E-1 1.72583E-1 6.02164E-2 1.26933E-2 1.11676E-2 3.10975E-3 1.68908E-3 1.08374E-3 1.73296E-3 7.41855E-4 8.94083E-4 1.30345E-3 1.0499E-3 2.83345E-4 2.9586E-4 3.67322E-4 2.25215E-4 1.63153E-4 2.7566E-4 1.29634E-4 1.50764E-4 1.02411E-4 1.06291E-4 1.13883E-4 1.06259E-4 9.61403E-5 9.16914E-5 8.16889E-5 7.60473E-5 7.17399E-5 6.9161E-5 6.43784E-5 6.558E-5 6.48746E-5 6.15731E-5 6.17724E-5 5.93641E-5 5.96475E-5 9.53342E-5 8.51456E-5 8.89985E-5 -9999 -9999 -9999 -9999
-9999 -9999 -9999 -9999 4.44589E-1 5.87013E-1 6.3137E-1 6.27707E-1 6.00319E-1 -9999 -9999 6.98243E-1 7.37892E-1 7.2141E-1 7.39745E-1 7.79249E-1 8.55322E-1 8.69662E-1 5.85128E-1 4.89824E-1 3.82513E-1 1.86495E-1 1.32361E-1 6.63035E-2 7.41688E-3 8.13465E-3 4.69072E-3 2.06725E-3 2.06512E-3 2.60506E-3 9.99085E-4 6.39829E-4 1.13671E-3 6.90702E-4 2.88535E-4 2.75046E-4 4.3666E-4 2.22864E-4 1.6103E-4 1.73857E-4 1.6714E-4 1.11934E-4 1.61211E-4 1.58319E-4 1.65926E-4 1.47564E-4 1.43542E-4 8.85668E-5 8.84196E-5 1.20518E-4 1.16653E-4 1.12183E-4 1.0858E-4 1.04321E-4 6.91824E-5 1.03483E-4 9.62444E-5 9.75373E-5 9.67866E-5 9.52558E-5 -9999 -9999 -9999 -9999 -9999 -9999
2.69265E-1 3.14994E-1 3.37517E-1 -9999 -9999 -9999 -9999 -9999 -9999 -9999 -9999 6.71246E-1 7.2649E-1 7.66162E-1 6.64918E-1 7.46035E-1 7.14758E-1 8.5195E-1 8.17956E-1 6.32409E-1 3.95025E-1 2.04948E-1 1.04848E-1 3.31697E-2 8.88894E-3 7.97016E-3 3.80341E-3 1.79484E-3 1.3507E-3 1.06691E-3 5.95591E-4 5.54801E-4 6.95371E-4 7.38323E-4 3.26234E-4 3.08748E-4 2.14311E-4 1.77286E-4 2.43476E-4 1.6836E-4 1.79979E-4 1.74104E-4 1.54631E-4 1.89192E-4 1.70868E-4 1.74237E-4 1.42485E-4 1.2978E-4 1.19876E-4 1.1895E-4 1.22099E-4 1.16411E-4 1.16424E-4 1.31489E-4 1.1163E-4 1.53354E-4 1.48279E-4 1.51302E-4 1.48261E-4 -9999 -9999 -9999 -9999 -9999 -9999 -9999
-9999 2.85731E-1 -9999 -9999 -9999 4.90695E-1 4.53671E-1 5.20258E-1 -9999 5.57143E-1 -9999 6.59696E-1 6.95725E-1 7.38595E-1 7.09626E-1 7.37014E-1 8.41206E-1 7.92365E-1 5.69903E-1 5.04367E-1 1.57809E-1 1.96125E-1 5.30166E-2 4.02299E-2 1.2861E-2 1.35465E-2 4.61952E-3 2.32347E-3 1.25669E-3 1.07208E-3 6.29957E-4 4.24401E-4 5.43765E-4 5.46189E-4 3.55351E-4 2.74731E-4 2.2175E-4 2.01464E-4 1.9049E-4 1.47121E-4 1.52484E-4 1.58192E-4 1.5747E-4 1.51895E-4 1.96853E-4 2.07047E-4 1.56342E-4 2.05066E-4 1.90742E-4 1.78477E-4 1.77262E-4 1.81814E-4 1.71493E-4 1.69557E-4 1.69935E-4 1.62516E-4 1.65523E-4 1.65013E-4 1.69155E-4 -9999 -9999 -9999 -9999 -9999 -9999 -9999
-9999 -9999 -9999 -9999 3.62226E-1 4.79822E-1 4.54165E-1 4.80453E-1 4.34628E-1 5.2111E-1 6.05687E-1 6.2581E-1 6.63825E-1 7.46002E-1 7.30022E-1 8.2162E-1 8.39921E-1 6.09033E-1 2.97191E-1 2.24239E-1 1.66989E-1 1.6094E-1 6.84894E-2 2.75788E-2 8.30713E-3 7.94967E-3 2.34092E-3 2.04215E-3 2.81691E-3 3.1799E-3 1.81237E-3 5.87811E-4 5.65979E-4 5.99053E-4 3.88601E-4 2.81964E-4 1.92709E-4 1.92464E-4 1.66899E-4 1.39474E-4 1.48018E-4 1.56577E-4 2.11449E-4 1.50841E-4 1.5721E-4 1.5635E-4 1.72631E-4 2.17203E-4 1.9953E-4 1.96283E-4 1.92645E-4 1.89005E-4 1.87626E-4 2.60675E-4 2.71269E-4 2.68244E-4 2.65682E-4 2.74886E-4 2.79022E-4 -9999 -9999 -9999 -9999 -9999 -9999 -9999
-9999 -9999 -9999 3.0601E-1 3.42472E-1 3.31667E-1 4.28938E-1 4.41396E-1 4.63934E-1 4.8427E-1 5.84512E-1 6.34889E-1 5.73362E-1 6.68039E-1 7.43702E-1 7.88675E-1 8.43468E-1 6.608E-1 4.74954E-1 1.34135E-1 2.06433E-1 1.33752E-1 6.17009E-2 1.35741E-2 5.98452E-3 2.79435E-3 2.19029E-3 1.28424E-3 1.63111E-3 2.97294E-3 3.53501E-3 1.40575E-3 1.36933E-3 7.77995E-4 3.48591E-4 2.49128E-4 2.73351E-4 2.50751E-4 2.08133E-4 1.96593E-4 2.03434E-4 1.89139E-4 2.01072E-4 2.35924E-4 2.24022E-4 1.68826E-4 1.45915E-4 2.32376E-4 2.14374E-4 1.98695E-4 2.03849E-4 2.04069E-4 3.01717E-4 3.07344E-4 3.03522E-4 2.89609E-4 2.95487E-4 3.0053E-4 2.92479E-4 -9999 -9999 -9999 -9999 -9999 -9999 -9999
-9999 -9999 -9999 3.0028E-1 3.03705E-1 3.53737E-1 4.03515E-1 3.95082E-1 4.4862E-1 4.44834E-1 5.68714E-1 6.1788E-1 6.22592E-1 6.58954E-1 6.70741E-1 7.08527E-1 7.20485E-1 7.10417E-1 6.74019E-1 3.48026E-1 2.19152E-1 8.49195E-2 3.3715E-2 1.19886E-2 8.23447E-3 5.67079E-3 2.18186E-3 1.39731E-3 1.13263E-3 1.75549E-3 1.57894E-3 1.54874E-3 1.40248E-3 8.18423E-4 3.39633E-4 2.53777E-4 3.47846E-4 2.29632E-4 2.95377E-4 3.8639E-4 2.16577E-4 1.98644E-4 1.91847E-4 2.06666E-4 2.41641E-4 2.8682E-4 2.44793E-4 2.03284E-4 2.03387E-4 2.20831E-4 3.13387E-4 3.14967E-4 3.21259E-4 3.34743E-4 4.93615E-4 4.95209E-4 4.87353E-4 3.38586E-4 3.29831E-4 -9999 -9999 -9999 -9999 -9999 -9999 -9999
-9999 -9999 3.19234E-1 3.06096E-1 3.30463E-1 3.46082E-1 4.09874E-1 4.07594E-1 3.95238E-1 -9999 5.4369E-1 5.97604E-1 6.32273E-1 6.75895E-1 7.16319E-1 4.10251E-1 5.98798E-1 5.66249E-1 2.55885E-1 1.38379E-1 1.75505E-1 1.04242E-1 4.88621E-2 2.23023E-2 1.36453E-2 3.01889E-3 1.64346E-3 1.31506E-3 9.89472E-4 9.3366E-4 9.53527E-4 7.70914E-4 1.60482E-3 9.45948E-4 4.55929E-4 2.35769E-4 2.43547E-4 2.87041E-4 5.78791E-4 2.80472E-4 2.12799E-4 2.44637E-4 2.4716E-4 2.58881E-4 3.33397E-4 3.43759E-4 2.24677E-4 3.11678E-4 2.27943E-4 3.21923E-4 4.6884E-4 4.88644E-4 4.83056E-4 5.32914E-4 5.4623E-4 5.85262E-4 5.85747E-4 3.74559E-4 3.69343E-4 -9999 -9999 -9999 -9999 -9999 -9999 -9999
-9999 2.39659E-1 2.83366E-1 3.00736E-1 3.05223E-1 3.64485E-1 3.70258E-1 4.36933E-1 4.86732E-1 5.27168E-1 5.30411E-1 5.60208E-1 5.96864E-1 6.53941E-1 6.75515E-1 6.31876E-1 5.80757E-1 4.45944E-1 3.01403E-1 2.87021E-1 1.83622E-1 8.79177E-2 4.09043E-2 2.5971E-2 1.12855E-2 4.39521E-3 1.69362E-3 1.29664E-3 7.26242E-4 5.81857E-4 5.27253E-4 6.86268E-4 1.60698E-3 2.51934E-3 4.52454E-4 2.3406E-4 2.16657E-4 4.04721E-4 5.67508E-4 4.18266E-4 4.43954E-4 3.33005E-4 2.41787E-4 2.59076E-4 2.56278E-4 2.43623E-4 2.30084E-4 3.55844E-4 3.62198E-4 3.31974E-4 5.18454E-4 5.40829E-4 5.83522E-4 5.94768E-4 6.49808E-4 4.50314E-4 4.55811E-4 6.42039E-4 6.06837E-4 -9999 -9999 -9999 -9999 -9999 -9999 -9999
-9999 2.0946E-1 2.76704E-1 2.80794E-1 3.2943E-1 3.52829E-1 3.9731E-1 4.16857E-1 4.68131E-1 5.04368E-1 5.22904E-1 5.10261E-1 5.7528E-1 6.41438E-1 6.69702E-1 6.25546E-1 6.99217E-1 5.49897E-1 2.60927E-1 1.592E-1 9.29228E-2 3.27596E-2 2.53191E-2 2.22075E-2 9.56692E-3 3.00507E-3 1.5508E-3 1.36873E-3 7.03944E-4 6.1511E-4 5.04351E-4 1.33972E-3 1.48151E-3 1.30446E-3 3.32044E-4 3.36751E-4 3.15993E-4 2.91983E-4 3.62019E-4 4.2063E-4 2.42218E-4 3.42313E-4 3.38857E-4 3.61845E-4 3.42902E-4 3.78017E-4 3.75593E-4 3.86253E-4 5.40503E-4 5.26329E-4 5.6293E-4 6.41622E-4 6.80926E-4 6.73925E-4 6.83449E-4 5.12009E-4 4.91984E-4 -9999 -9999 -9999 -9999 -9999 -9999 -9999 -9999 -9999
