Leopardus guigna/Leopardus_guigna_projection 2041-2060.asc
ncols         515
nrows         545
xllcorner     -119.0
yllcorner     -58.333333333333
cellsize      0.166666666667
NODATA_value  -9999
[rows 174 to 202 of 545, columns 264 to 329 of 515]
3.50913E-5 1.0208E-4 5.31902E-3 5.01652E-3 2.26725E-3 8.33282E-5 1.37743E-5 5.84522E-6 4.13891E-6 3.80381E-6 2.85741E-6 2.14052E-6 1.68303E-6 1.43126E-6 1.33419E-6 1.30524E-6 1.2632E-6 1.49367E-6 1.63085E-6 2.10376E-6 2.77153E-6 3.06208E-6 3.45388E-6 3.7834E-6 3.56601E-6 3.82009E-6 3.58779E-6 3.93338E-6 3.98316E-6 3.3097E-6 3.14632E-6 3.70677E-6 3.93304E-6 3.70526E-6 3.73662E-6 3.19752E-6 3.06972E-6 2.78166E-6 2.55685E-6 2.29124E-6 2.28915E-6 1.84306E-6 1.54158E-6 1.45053E-6 1.4611E-6 1.53975E-6 1.6993E-6 1.69778E-6 1.70043E-6 1.46383E-6 1.49174E-6 1.69926E-6 1.56589E-6 2.16964E-6 2.00398E-6 1.23527E-4 3.0007E-4 2.27844E-6 1.57731E-6 1.95158E-6 1.51432E-5 4.85849E-5 1.13279E-4 4.31948E-5 1.22954E-5 2.69809E-5
1.60825E-5 7.94892E-4 1.03723E-3 1.87121E-4 5.4247E-5 1.01132E-4 1.89961E-5 5.59629E-6 3.88601E-6 3.11774E-6 2.56791E-6 1.99583E-6 1.51751E-6 1.43462E-6 1.33576E-6 1.33668E-6 1.40725E-6 1.33444E-6 1.5488E-6 2.07219E-6 2.49784E-6 2.96427E-6 3.14053E-6 3.39668E-6 3.92745E-6 4.18108E-6 4.13711E-6 4.02994E-6 3.37667E-6 3.52753E-6 4.3943E-6 4.22855E-6 3.92663E-6 3.96369E-6 3.833E-6 3.15429E-6 3.03271E-6 2.94959E-6 2.6625E-6 2.23474E-6 1.96344E-6 1.83214E-6 1.6836E-6 1.68363E-6 1.39356E-6 1.32984E-6 1.6408E-6 1.7797E-6 1.79711E-6 1.75692E-6 1.56064E-6 1.85566E-6 2.77566E-6 2.19961E-6 1.59309E-6 3.55354E-6 1.02248E-5 1.69093E-6 1.64231E-6 1.63823E-6 9.97827E-6 4.22871E-5 3.0765E-5 6.49394E-6 4.4402E-5 1.55192E-4
5.44813E-4 5.89982E-3 3.56251E-4 1.77415E-5 1.69914E-5 6.9534E-5 8.31461E-5 4.12454E-6 3.67143E-6 3.10828E-6 2.15876E-6 1.50234E-6 1.23829E-6 1.09742E-6 1.2407E-6 1.14175E-6 1.04179E-6 1.16404E-6 1.40342E-6 1.78919E-6 2.14313E-6 2.69762E-6 2.84024E-6 3.06503E-6 3.44233E-6 4.29999E-6 4.69707E-6 4.6612E-6 3.45505E-6 4.27142E-6 4.72854E-6 4.61595E-6 3.94426E-6 3.80226E-6 3.50258E-6 3.13767E-6 3.03517E-6 2.73238E-6 2.39867E-6 2.22378E-6 1.88192E-6 1.87966E-6 1.74377E-6 1.55259E-6 1.50375E-6 1.62094E-6 1.72477E-6 1.66813E-6 1.59263E-6 1.76084E-6 1.58912E-6 1.46367E-6 1.5152E-6 1.46017E-6 1.37106E-6 1.54641E-6 1.93436E-6 2.10643E-6 1.46577E-6 1.46486E-6 5.29741E-6 7.43077E-6 2.99268E-6 3.21354E-5 1.22007E-4 1.81525E-4
1.25173E-2 2.10196E-2 6.1551E-4 1.44498E-5 1.11579E-5 2.54467E-5 1.1906E-4 4.62304E-6 3.58574E-6 2.86049E-6 2.24429E-6 1.46988E-6 1.13437E-6 1.10131E-6 1.12362E-6 1.02082E-6 8.58455E-7 9.57461E-7 1.29454E-6 1.51533E-6 1.99888E-6 2.32827E-6 2.53769E-6 2.90564E-6 3.13395E-6 3.46766E-6 4.77284E-6 4.57673E-6 3.74501E-6 5.07402E-6 4.90144E-6 4.21356E-6 4.10842E-6 3.68634E-6 3.25593E-6 2.70644E-6 2.25987E-6 2.53619E-6 2.22877E-6 2.11692E-6 1.8016E-6 1.93678E-6 1.77712E-6 1.61611E-6 1.68701E-6 1.77068E-6 1.73478E-6 1.72569E-6 1.62032E-6 1.50928E-6 1.48742E-6 1.56856E-6 1.51122E-6 1.51333E-6 1.42252E-6 1.5486E-6 1.98344E-6 1.86774E-6 1.24724E-6 1.34401E-6 1.48055E-6 1.78492E-6 2.96596E-6 7.16501E-5 1.88445E-4 2.6256E-4
2.18416E-3 2.15391E-3 6.88177E-4 1.39444E-5 1.18212E-5 1.14786E-5 3.02487E-5 7.93439E-6 4.89131E-6 3.52968E-6 2.69412E-6 2.01513E-6 1.43214E-6 1.00657E-6 8.7535E-7 8.83529E-7 9.63659E-7 9.34657E-7 1.62599E-6 1.89999E-6 2.27371E-6 2.54858E-6 2.76125E-6 2.82944E-6 2.90405E-6 3.24227E-6 3.99426E-6 3.57512E-6 4.63189E-6 4.87794E-6 4.44321E-6 4.1495E-6 4.00608E-6 3.65025E-6 2.86044E-6 2.65776E-6 2.37666E-6 2.50531E-6 2.3477E-6 1.89218E-6 1.66994E-6 1.7809E-6 1.95504E-6 1.60908E-6 1.44858E-6 1.66441E-6 1.63617E-6 1.63871E-6 1.57497E-6 1.37807E-6 1.44768E-6 1.31725E-6 1.28338E-6 1.33158E-6 1.52735E-6 1.50338E-6 1.71466E-6 1.97316E-6 1.70848E-6 1.36556E-6 1.39506E-6 1.61429E-6 2.88455E-6 1.17984E-5 7.26784E-5 1.66097E-4
1.22754E-3 8.40209E-5 1.12454E-4 1.2261E-5 1.08229E-5 9.4158E-6 1.8115E-5 1.20248E-5 5.19586E-6 3.97984E-6 2.94412E-6 2.24443E-6 1.57497E-6 1.00634E-6 7.59981E-7 9.63038E-7 1.09419E-6 1.40695E-6 2.08431E-6 2.15007E-6 2.60724E-6 2.92682E-6 3.37305E-6 3.87013E-6 4.29646E-6 4.31132E-6 4.30631E-6 4.36205E-6 4.65617E-6 4.39242E-6 4.11359E-6 3.71564E-6 3.27848E-6 4.11178E-6 3.40609E-6 3.00953E-6 2.32579E-6 2.20589E-6 2.04481E-6 1.76519E-6 1.67994E-6 1.80935E-6 1.74531E-6 1.5827E-6 1.4736E-6 1.37445E-6 1.59565E-6 1.42884E-6 1.16016E-6 1.42354E-6 1.32364E-6 1.28188E-6 1.25422E-6 1.24166E-6 1.54703E-6 1.64649E-6 1.85682E-6 2.40417E-6 1.35881E-6 1.43859E-6 1.34739E-6 3.00683E-6 1.48154E-5 1.49455E-5 2.65434E-5 1.18319E-4
4.01987E-5 1.80855E-5 1.33031E-5 1.19712E-5 1.15769E-5 9.77131E-6 2.00753E-5 1.15897E-5 4.98174E-6 4.17747E-6 2.83521E-6 2.08686E-6 1.65326E-6 1.27928E-6 9.06222E-7 1.13272E-6 1.35525E-6 1.5528E-6 2.01286E-6 2.2106E-6 2.67663E-6 2.77903E-6 2.8771E-6 3.38376E-6 4.00755E-6 4.69595E-6 3.74043E-6 4.05266E-6 4.17294E-6 4.11402E-6 3.67892E-6 3.26613E-6 3.60851E-6 3.1803E-6 2.84113E-6 2.82572E-6 2.23378E-6 2.18893E-6 1.77765E-6 1.64437E-6 1.61567E-6 1.6625E-6 1.59578E-6 1.54609E-6 1.39662E-6 1.41276E-6 1.45965E-6 1.5435E-6 1.5309E-6 1.40882E-6 1.22584E-6 1.22373E-6 1.23691E-6 1.14189E-6 1.33849E-6 1.46471E-6 1.63754E-6 4.72526E-6 2.49713E-6 1.71489E-6 1.51567E-6 3.00344E-6 9.79394E-6 5.74233E-6 6.55423E-6 3.65826E-5
5.09439E-5 1.5207E-5 1.09702E-5 1.02155E-5 1.01748E-5 9.42262E-6 8.07622E-6 6.57397E-6 5.53912E-6 4.4638E-6 3.64203E-6 3.25184E-6 2.94441E-6 1.51923E-6 1.03845E-6 1.3595E-6 1.62363E-6 1.61571E-6 2.10082E-6 2.28556E-6 2.45604E-6 2.85375E-6 3.24342E-6 3.18875E-6 3.13703E-6 3.0892E-6 3.43834E-6 3.62441E-6 3.67266E-6 3.52925E-6 3.30378E-6 3.93352E-6 3.24083E-6 2.95903E-6 2.83983E-6 2.76862E-6 2.76722E-6 2.0005E-6 1.63233E-6 1.61546E-6 1.76434E-6 1.54453E-6 1.44228E-6 1.36556E-6 1.41235E-6 1.41549E-6 1.34117E-6 1.21865E-6 1.26299E-6 1.29299E-6 1.2139E-6 1.17146E-6 1.24282E-6 1.18343E-6 1.20179E-6 1.3131E-6 1.71604E-6 3.78303E-6 1.95248E-6 1.99283E-6 2.56788E-6 2.3434E-6 1.97751E-6 2.35728E-6 3.08922E-6 5.53601E-6
2.00798E-5 1.09804E-5 1.42443E-5 1.38712E-5 1.07901E-5 9.87909E-6 7.09537E-6 6.52856E-6 6.8785E-6 6.23179E-6 5.34478E-6 5.14233E-6 3.99435E-6 2.12019E-6 1.7096E-6 1.73071E-6 1.70205E-6 2.07332E-6 2.56467E-6 2.94882E-6 2.84066E-6 3.40175E-6 5.34615E-6 5.3511E-6 3.4169E-6 3.69874E-6 3.92187E-6 3.85889E-6 3.81451E-6 3.74479E-6 4.21391E-6 3.84119E-6 3.35314E-6 2.99567E-6 2.71053E-6 2.59456E-6 2.25383E-6 1.85893E-6 1.51831E-6 1.35555E-6 1.63895E-6 1.54775E-6 1.33567E-6 1.34109E-6 1.28263E-6 1.25167E-6 1.11963E-6 1.15078E-6 1.11591E-6 1.15201E-6 1.13244E-6 1.09169E-6 1.17572E-6 1.11661E-6 1.24513E-6 1.195E-6 1.73302E-6 7.51124E-6 1.92598E-6 1.74369E-6 4.56246E-6 7.7246E-6 4.82094E-6 6.09175E-6 7.09114E-6 9.32065E-6
6.76589E-6 9.09682E-6 1.26701E-5 1.34559E-5 1.26701E-5 1.00468E-5 1.00812E-5 9.67829E-6 8.85066E-6 7.91301E-6 6.50163E-6 5.59141E-6 4.01823E-6 2.65373E-6 2.25773E-6 2.69006E-6 2.48685E-6 2.46114E-6 2.72308E-6 3.36248E-6 3.84297E-6 4.27064E-6 5.23444E-6 3.21522E-6 3.32062E-6 3.59337E-6 3.52968E-6 3.86745E-6 4.64408E-6 4.22465E-6 4.05927E-6 3.60856E-6 3.23526E-6 2.78483E-6 2.56074E-6 2.11952E-6 1.8693E-6 1.74032E-6 1.48348E-6 1.38711E-6 1.74968E-6 1.54922E-6 1.22418E-6 1.17212E-6 1.15996E-6 1.09491E-6 1.02978E-6 1.03488E-6 1.06546E-6 1.0783E-6 1.01744E-6 1.17255E-6 1.08759E-6 1.18112E-6 1.10727E-6 1.09456E-6 2.18677E-6 1.15379E-5 1.79356E-6 2.07443E-6 1.07962E-5 1.39244E-5 1.45473E-5 1.55209E-5 1.5818E-5 1.45026E-5
6.08396E-6 7.51519E-6 9.56273E-6 1.12122E-5 1.07717E-5 9.33035E-6 8.67776E-6 8.40436E-6 8.21818E-6 7.2373E-6 6.14014E-6 5.2659E-6 4.24724E-6 3.62198E-6 3.46564E-6 2.95768E-6 3.15036E-6 2.90368E-6 3.2245E-6 3.90062E-6 4.55761E-6 4.50985E-6 5.51321E-6 3.8591E-6 3.50906E-6 3.90869E-6 3.90088E-6 4.51745E-6 4.48844E-6 4.07802E-6 3.36653E-6 3.17493E-6 2.88967E-6 2.70163E-6 2.58128E-6 2.19162E-6 1.77267E-6 1.50787E-6 1.4031E-6 1.20701E-6 1.09818E-6 1.08943E-6 1.21321E-6 9.20008E-7 9.71351E-7 1.01924E-6 9.63886E-7 9.50389E-7 9.67733E-7 9.97102E-7 8.93991E-7 1.05316E-6 1.0495E-6 1.07104E-6 1.21704E-6 1.16245E-6 7.65526E-6 1.27819E-5 1.9084E-6 6.41441E-6 1.08017E-5 9.48466E-6 1.10412E-5 1.23233E-5 1.40097E-5 1.50702E-5
5.19182E-6 6.20832E-6 8.29914E-6 9.90624E-6 9.88064E-6 7.91532E-6 9.1644E-6 9.68762E-6 8.48799E-6 7.75443E-6 6.88286E-6 5.43158E-6 5.33387E-6 3.73422E-6 3.46583E-6 3.29239E-6 3.24377E-6 3.59177E-6 3.34552E-6 3.66819E-6 3.99406E-6 4.27408E-6 4.07619E-6 4.4021E-6 4.28588E-6 4.02965E-6 3.95112E-6 4.05083E-6 3.98111E-6 4.02522E-6 4.00316E-6 3.46996E-6 3.01524E-6 2.61997E-6 2.29709E-6 1.9259E-6 1.682E-6 1.36555E-6 1.24707E-6 1.06216E-6 8.88908E-7 8.66518E-7 7.68729E-7 7.80091E-7 8.57968E-7 8.91826E-7 8.06893E-7 8.31904E-7 7.90419E-7 8.53198E-7 8.11016E-7 8.89993E-7 9.18783E-7 8.77105E-7 5.58311E-6 3.20017E-6 9.48728E-6 1.15841E-5 7.54523E-6 9.34485E-6 1.04708E-5 1.07251E-5 1.19146E-5 1.45692E-5 2.01583E-5 7.77223E-6
5.71465E-6 6.3805E-6 8.74124E-6 9.1174E-6 7.63627E-6 8.47406E-6 9.82932E-6 9.39461E-6 7.77048E-6 6.70676E-6 6.88401E-6 5.82627E-6 1.27334E-5 5.03172E-6 3.9101E-6 3.45034E-6 3.13153E-6 3.3175E-6 3.08846E-6 3.81372E-6 3.75872E-6 4.0209E-6 4.49643E-6 5.12131E-6 3.97092E-6 3.76336E-6 3.67848E-6 3.88018E-6 3.78895E-6 3.65138E-6 3.33842E-6 3.17958E-6 2.83317E-6 2.14453E-6 1.83393E-6 1.76652E-6 1.56447E-6 1.4073E-6 1.06428E-6 9.02983E-7 7.15257E-7 6.8415E-7 6.68531E-7 7.01085E-7 6.54355E-7 7.26239E-7 6.80822E-7 6.57766E-7 6.0336E-7 6.82028E-7 7.00346E-7 7.04871E-7 7.78142E-7 8.36403E-7 2.77064E-6 8.51755E-6 7.64773E-6 8.72385E-6 8.84646E-6 1.39791E-5 1.22034E-5 1.91979E-5 1.89538E-5 8.9331E-6 7.37748E-6 8.61408E-6
7.7775E-6 6.2637E-6 8.38067E-6 9.30999E-6 7.42758E-6 8.91363E-6 9.01313E-6 8.62287E-6 8.01554E-6 6.55965E-6 6.29985E-6 5.34243E-6 5.46276E-6 4.69099E-6 4.22364E-6 3.70987E-6 4.06313E-6 3.34864E-6 3.20897E-6 3.66899E-6 3.44824E-6 3.98744E-6 3.79686E-6 4.06578E-6 3.66961E-6 3.35801E-6 3.40659E-6 3.43611E-6 3.16467E-6 3.25839E-6 3.14406E-6 2.73307E-6 2.26308E-6 1.99841E-6 1.74304E-6 1.61964E-6 1.46309E-6 1.28606E-6 1.17253E-6 8.84489E-7 7.92523E-7 6.85346E-7 6.42773E-7 6.53482E-7 6.17144E-7 5.9965E-7 5.19849E-7 4.62537E-7 4.5039E-7 5.10949E-7 5.97322E-7 6.65868E-7 7.6939E-7 8.59851E-7 4.1122E-6 8.05297E-6 7.69726E-6 8.23938E-6 9.74697E-6 1.22717E-5 1.55717E-5 2.43463E-5 6.10565E-6 1.93254E-6 2.12991E-6 6.5607E-6
8.43074E-6 6.10412E-6 8.49551E-6 8.55479E-6 7.90281E-6 9.08811E-6 8.60529E-6 7.79034E-6 7.67202E-6 6.49183E-6 5.83482E-6 5.32058E-6 4.6555E-6 8.61671E-6 4.34919E-6 3.9181E-6 4.11669E-6 3.84981E-6 3.35868E-6 3.94295E-6 3.44308E-6 3.45932E-6 3.59474E-6 3.61263E-6 4.70819E-6 3.18548E-6 3.39917E-6 3.11382E-6 3.61538E-6 3.05244E-6 2.5908E-6 2.27462E-6 2.03428E-6 1.83185E-6 1.72376E-6 1.61791E-6 1.5413E-6 1.39951E-6 1.1926E-6 1.06175E-6 9.00673E-7 7.80847E-7 7.64797E-7 6.76412E-7 6.27111E-7 5.74933E-7 4.75113E-7 4.34666E-7 4.06933E-7 4.49076E-7 5.22244E-7 5.79698E-7 6.84227E-7 9.36833E-7 1.55452E-5 8.19443E-6 8.46787E-6 9.83022E-6 1.09271E-5 1.02716E-5 7.13199E-6 1.79268E-6 1.52738E-6 1.51405E-6 1.74852E-6 1.90644E-6
9.75882E-6 8.50106E-6 7.52631E-6 8.92135E-6 8.74606E-6 8.21042E-6 8.7115E-6 7.37661E-6 7.42327E-6 7.06392E-6 5.82207E-6 4.99875E-6 5.24313E-6 7.84075E-6 4.65743E-6 3.68833E-6 3.79966E-6 3.51518E-6 3.2802E-6 4.08664E-6 3.65106E-6 3.72222E-6 3.58299E-6 3.32112E-6 3.4782E-6 3.56034E-6 2.92536E-6 2.97914E-6 2.93123E-6 2.69469E-6 2.18234E-6 1.94775E-6 1.75357E-6 1.70174E-6 1.54748E-6 1.58477E-6 1.57564E-6 1.42083E-6 1.22867E-6 1.04114E-6 9.5702E-7 8.97183E-7 7.44272E-7 7.24831E-7 6.38275E-7 6.0712E-7 5.54513E-7 4.76439E-7 4.54327E-7 4.90708E-7 5.2008E-7 5.93608E-7 7.46914E-7 1.44828E-5 1.29178E-4 4.03486E-6 3.80618E-6 1.07663E-5 9.1203E-6 2.20087E-6 1.61892E-6 1.48387E-6 1.4683E-6 1.56148E-6 1.58031E-6 1.76037E-6
1.01361E-5 1.00069E-5 6.88926E-6 8.00898E-6 8.4326E-6 7.71161E-6 7.7496E-6 7.23002E-6 6.85264E-6 6.83767E-6 7.0289E-6 6.12606E-6 8.02844E-6 5.04776E-6 3.92311E-6 3.97978E-6 3.24887E-6 3.30183E-6 3.42463E-6 3.47995E-6 3.77433E-6 3.63801E-6 3.49385E-6 3.44327E-6 3.79565E-6 5.30868E-6 2.89874E-6 2.64917E-6 2.3042E-6 2.29119E-6 2.0332E-6 1.72356E-6 1.69156E-6 1.50619E-6 1.52909E-6 1.45207E-6 1.50411E-6 1.32728E-6 1.27992E-6 1.1189E-6 1.03905E-6 1.00167E-6 9.61326E-7 8.81789E-7 8.65125E-7 7.69026E-7 6.94752E-7 5.65587E-7 5.23072E-7 5.47721E-7 6.24099E-7 7.19141E-7 1.21009E-6 5.73047E-5 1.53712E-5 1.74487E-6 1.1715E-5 1.01024E-5 1.84843E-6 1.2613E-6 1.39064E-6 1.42896E-6 1.40093E-6 1.42373E-6 1.48302E-6 1.60136E-6
9.65719E-6 7.20609E-6 7.09643E-6 6.49906E-6 7.04957E-6 7.98205E-6 7.25685E-6 6.71585E-6 6.64393E-6 6.29807E-6 1.01253E-5 1.04386E-5 7.33848E-6 5.89484E-6 3.81727E-6 3.27144E-6 3.21871E-6 3.69145E-6 3.05259E-6 3.07696E-6 2.98552E-6 3.18822E-6 3.00058E-6 3.12631E-6 2.99365E-6 4.46539E-6 2.79718E-6 2.57506E-6 1.97799E-6 1.87538E-6 1.83698E-6 1.76096E-6 1.55357E-6 1.44171E-6 1.36971E-6 1.27305E-6 1.38496E-6 1.29751E-6 1.20607E-6 1.12035E-6 1.12561E-6 1.04362E-6 1.01036E-6 9.54967E-7 9.51479E-7 9.27033E-7 8.42521E-7 7.80774E-7 6.83745E-7 6.182E-7 6.8599E-7 1.06079E-6 1.16208E-6 9.42667E-7 2.00587E-6 3.00188E-6 1.06445E-5 3.68273E-5 2.91782E-6 1.197E-6 1.3612E-6 1.43513E-6 1.35879E-6 1.45807E-6 1.5415E-6 1.45248E-6
8.08955E-6 6.79445E-6 7.43716E-6 7.69886E-6 7.03701E-6 7.12997E-6 7.64547E-6 6.77886E-6 6.28635E-6 6.21015E-6 7.48882E-6 7.71383E-6 5.76278E-6 6.49224E-6 3.20095E-6 3.51347E-6 2.89704E-6 3.13852E-6 2.93441E-6 2.86075E-6 2.64336E-6 2.50303E-6 2.61006E-6 2.53149E-6 2.54416E-6 2.49829E-6 2.3084E-6 2.33438E-6 1.9194E-6 1.82916E-6 1.81523E-6 1.55602E-6 1.50121E-6 1.37419E-6 1.23383E-6 1.21026E-6 1.12169E-6 1.16266E-6 1.14323E-6 1.12619E-6 1.12471E-6 1.09971E-6 1.09151E-6 1.14914E-6 1.15381E-6 1.18404E-6 1.16634E-6 9.6102E-7 8.6457E-7 7.0225E-7 7.03359E-7 7.7043E-7 9.17796E-7 2.60221E-6 1.83851E-6 5.35073E-6 2.06921E-5 1.96832E-5 5.88022E-6 1.23102E-6 1.6007E-6 1.4274E-6 1.37329E-6 1.36231E-6 1.4554E-6 1.61611E-6
6.45611E-6 6.54508E-6 7.55641E-6 7.35441E-6 6.98217E-6 6.68667E-6 7.15003E-6 7.07605E-6 6.2156E-6 5.76909E-6 5.58334E-6 6.10275E-6 5.63447E-6 5.59547E-6 3.11966E-6 2.72687E-6 3.08637E-6 2.94804E-6 2.92332E-6 2.71044E-6 2.43821E-6 2.29194E-6 2.27493E-6 2.10992E-6 2.12919E-6 2.82598E-6 1.87356E-6 1.73103E-6 1.73848E-6 1.64263E-6 1.47291E-6 1.32563E-6 1.24949E-6 1.13358E-6 1.15846E-6 1.20409E-6 1.32736E-6 1.16573E-6 1.20728E-6 1.11852E-6 1.12826E-6 9.89624E-7 1.09296E-6 1.17792E-6 1.27699E-6 1.28651E-6 1.37061E-6 1.24238E-6 1.08004E-6 8.54431E-7 8.22946E-7 8.89039E-7 9.57911E-7 9.92792E-7 1.06522E-6 1.24011E-6 1.15852E-6 1.13145E-6 1.29963E-6 1.12407E-6 1.24181E-6 1.30331E-6 1.36758E-6 1.30392E-6 1.43273E-6 1.60259E-6
6.97592E-6 6.58486E-6 7.27099E-6 7.03627E-6 6.35585E-6 6.71686E-6 6.6971E-6 6.25466E-6 5.80605E-6 5.37655E-6 5.24749E-6 5.3166E-6 4.93775E-6 4.31194E-6 2.97338E-6 2.59459E-6 2.48209E-6 2.62953E-6 2.43434E-6 2.49547E-6 2.36819E-6 2.10931E-6 1.96607E-6 1.82745E-6 2.42543E-6 2.32927E-6 1.54728E-6 1.46347E-6 1.58402E-6 1.44704E-6 1.42204E-6 1.28054E-6 1.20803E-6 1.23046E-6 1.12271E-6 1.16065E-6 1.14624E-6 1.11397E-6 9.87735E-7 1.03338E-6 1.03592E-6 1.03272E-6 1.12675E-6 1.21217E-6 1.28589E-6 1.31494E-6 1.38949E-6 1.44869E-6 1.19257E-6 1.05676E-6 1.10271E-6 1.06341E-6 1.12917E-6 1.12007E-6 1.17173E-6 1.20859E-6 1.17728E-6 1.13723E-6 1.13585E-6 1.16268E-6 1.19761E-6 1.23843E-6 1.2995E-6 1.35397E-6 1.32649E-6 1.48346E-6
5.94803E-6 5.64601E-6 6.48223E-6 6.17033E-6 5.53043E-6 5.9082E-6 6.18632E-6 5.74251E-6 5.34684E-6 4.66927E-6 5.06054E-6 4.86936E-6 4.24398E-6 3.67344E-6 3.16626E-6 3.08491E-6 2.19029E-6 2.42442E-6 2.36889E-6 2.29169E-6 2.17492E-6 1.94052E-6 1.72249E-6 1.65461E-6 1.58963E-6 1.74271E-6 1.42163E-6 1.23554E-6 1.20979E-6 1.34376E-6 1.39359E-6 1.32339E-6 1.31364E-6 1.20876E-6 1.18626E-6 1.17524E-6 1.11556E-6 1.16108E-6 1.09761E-6 1.08774E-6 1.04774E-6 1.10523E-6 1.27176E-6 1.26005E-6 1.29114E-6 1.34757E-6 1.35311E-6 1.39502E-6 1.25106E-6 1.23216E-6 1.24085E-6 1.26564E-6 1.29486E-6 1.26994E-6 1.29595E-6 1.17785E-6 1.26372E-6 1.13978E-6 1.13999E-6 1.14224E-6 1.14974E-6 1.10627E-6 1.14043E-6 1.1742E-6 1.22497E-6 1.2716E-6
5.48099E-6 5.81074E-6 6.3274E-6 6.74721E-6 5.35324E-6 5.06744E-6 5.01529E-6 4.92705E-6 4.82745E-6 4.21257E-6 4.06058E-6 4.62453E-6 4.04094E-6 3.91774E-6 3.98539E-6 2.87204E-6 2.15584E-6 2.12318E-6 2.07544E-6 1.99004E-6 1.79629E-6 1.601E-6 1.48028E-6 1.30376E-6 1.19514E-6 1.19769E-6 1.14012E-6 1.16208E-6 1.05539E-6 1.10296E-6 1.13882E-6 1.21618E-6 1.57784E-6 1.15176E-6 1.08199E-6 1.59083E-6 1.69619E-6 1.62669E-6 1.70089E-6 1.71046E-6 1.08036E-6 1.681E-6 1.18082E-6 1.18899E-6 1.18436E-6 1.2913E-6 1.31429E-6 1.31638E-6 1.34715E-6 1.35447E-6 1.36193E-6 1.40461E-6 1.46536E-6 1.34501E-6 1.32755E-6 1.17576E-6 1.15687E-6 1.09503E-6 1.04748E-6 1.04898E-6 1.04557E-6 1.05765E-6 1.06024E-6 1.06332E-6 1.03264E-6 1.13421E-6
5.73667E-6 5.69314E-6 5.77252E-6 5.51135E-6 5.78419E-6 5.12285E-6 4.51675E-6 3.97175E-6 3.86761E-6 3.98492E-6 3.83635E-6 3.92956E-6 3.61819E-6 3.87428E-6 4.37631E-6 3.05384E-6 2.01572E-6 1.96757E-6 1.80994E-6 1.65478E-6 1.48527E-6 1.48169E-6 1.30453E-6 1.21385E-6 1.07035E-6 1.02303E-6 9.28904E-7 8.86027E-7 8.54433E-7 9.20148E-7 9.85205E-7 9.7229E-7 1.00449E-6 1.0494E-6 1.64279E-6 1.56706E-6 1.67296E-6 1.69021E-6 1.62928E-6 1.6685E-6 1.73089E-6 1.72558E-6 1.66808E-6 1.12713E-6 1.1022E-6 1.20471E-6 1.30447E-6 1.25962E-6 1.44924E-6 1.36198E-6 1.31017E-6 1.34277E-6 1.45807E-6 1.74381E-6 1.60743E-6 1.23164E-6 1.35231E-6 1.06519E-6 9.36516E-7 9.86575E-7 9.76799E-7 9.80515E-7 9.23751E-7 8.83504E-7 9.67312E-7 9.84916E-7
5.59395E-6 5.48923E-6 5.61272E-6 4.96256E-6 5.21283E-6 4.63836E-6 4.56659E-6 4.47138E-6 4.07877E-6 3.75007E-6 3.23036E-6 2.97523E-6 2.71367E-6 3.08304E-6 3.67836E-6 2.27435E-6 1.58464E-6 1.55413E-6 1.51928E-6 1.44793E-6 1.23089E-6 1.31313E-6 1.10934E-6 1.04238E-6 9.78155E-7 9.30859E-7 8.38268E-7 8.52748E-7 8.4431E-7 8.81942E-7 9.52023E-7 9.64274E-7 8.8428E-7 1.77617E-6 1.62482E-6 1.61706E-6 1.56527E-6 1.51165E-6 1.53222E-6 1.5892E-6 1.5919E-6 1.67995E-6 1.60643E-6 1.63786E-6 1.66763E-6 1.78925E-6 1.15608E-6 1.18861E-6 1.17235E-6 1.76289E-6 1.83314E-6 1.23201E-6 1.75865E-6 1.64845E-6 1.55868E-6 1.37793E-6 1.33856E-6 1.22417E-6 9.81836E-7 9.7467E-7 8.40927E-7 7.96175E-7 8.88201E-7 1.04005E-6 9.5595E-7 1.04385E-6
5.07729E-6 4.89831E-6 4.99173E-6 4.73356E-6 4.42934E-6 4.13791E-6 3.83375E-6 3.93398E-6 3.82432E-6 3.93596E-6 3.66026E-6 3.35644E-6 3.04637E-6 2.60769E-6 2.63341E-6 2.24652E-6 1.69078E-6 1.25679E-6 1.21779E-6 1.1725E-6 1.11368E-6 1.12556E-6 1.01193E-6 8.8667E-7 8.86804E-7 8.04249E-7 8.56986E-7 8.51958E-7 7.63549E-7 8.46293E-7 1.32967E-6 8.48003E-7 1.29402E-6 1.50165E-6 1.50451E-6 1.44551E-6 1.38651E-6 1.40871E-6 1.45471E-6 1.43356E-6 1.50362E-6 1.60999E-6 1.61467E-6 1.55444E-6 1.67238E-6 1.60109E-6 1.52297E-6 1.05975E-6 1.51499E-6 1.82779E-6 1.7855E-6 1.65506E-6 1.6647E-6 1.64965E-6 1.49933E-6 1.40758E-6 1.30749E-6 1.13586E-6 1.1129E-6 1.08717E-6 1.01005E-6 9.77225E-7 1.01552E-6 1.08491E-6 1.16593E-6 1.12179E-6
4.81995E-6 5.11882E-6 4.67774E-6 4.39646E-6 3.66343E-6 3.43654E-6 3.35571E-6 3.10009E-6 3.37387E-6 3.3228E-6 2.9018E-6 2.65674E-6 2.43283E-6 2.35196E-6 2.1365E-6 2.03948E-6 1.61398E-6 1.42593E-6 1.18253E-6 9.58061E-7 9.17136E-7 8.85783E-7 8.07723E-7 8.59857E-7 7.38604E-7 7.02324E-7 7.21258E-7 7.18866E-7 7.16725E-7 7.44446E-7 1.17231E-6 1.30832E-6 1.21017E-6 1.22381E-6 1.3174E-6 1.32981E-6 1.2933E-6 1.39184E-6 1.44492E-6 1.34631E-6 1.41601E-6 1.45064E-6 1.53757E-6 1.46602E-6 1.49853E-6 1.51792E-6 1.61644E-6 1.56517E-6 1.68787E-6 1.63298E-6 1.66279E-6 1.59349E-6 1.51924E-6 1.49129E-6 1.35253E-6 1.20114E-6 1.13167E-6 1.24336E-6 1.08606E-6 1.05581E-6 1.03053E-6 1.01174E-6 1.00821E-6 1.06408E-6 1.15567E-6 1.17623E-6
4.01206E-6 4.51749E-6 4.31836E-6 3.85806E-6 3.74769E-6 3.1266E-6 2.89446E-6 3.02015E-6 2.65319E-6 2.93468E-6 2.71731E-6 2.38371E-6 2.05454E-6 2.11449E-6 1.83493E-6 1.65048E-6 1.47624E-6 1.31119E-6 1.15204E-6 9.96453E-7 8.15154E-7 7.00531E-7 6.7238E-7 7.5831E-7 7.5454E-7 7.20906E-7 7.166E-7 7.12521E-7 9.90365E-7 1.11472E-6 1.06852E-6 1.05944E-6 1.08104E-6 9.97426E-7 1.15989E-6 1.17697E-6 1.25648E-6 1.23473E-6 1.29329E-6 1.34912E-6 1.35502E-6 1.36439E-6 1.37793E-6 1.3191E-6 1.42438E-6 1.50794E-6 1.43489E-6 1.53816E-6 1.48919E-6 1.5065E-6 1.51637E-6 1.36709E-6 1.35806E-6 1.33928E-6 1.15148E-6 1.1537E-6 1.1578E-6 1.13694E-6 1.04936E-6 9.64414E-7 9.97528E-7 9.78008E-7 9.70122E-7 1.02754E-6 1.04628E-6 1.0745E-6
4.07595E-6 4.32591E-6 3.74606E-6 3.3052E-6 3.06661E-6 2.84807E-6 2.65875E-6 2.34343E-6 2.30717E-6 2.30346E-6 2.40372E-6 2.12801E-6 1.75204E-6 1.81092E-6 1.5858E-6 1.36685E-6 1.22667E-6 1.15717E-6 1.07262E-6 9.34334E-7 7.73304E-7 7.30669E-7 7.37073E-7 7.03318E-7 6.04066E-7 9.16828E-7 9.8897E-7 1.05914E-6 1.02323E-6 9.66168E-7 9.89221E-7 9.83657E-7 9.14453E-7 9.4297E-7 1.02781E-6 1.09458E-6 1.1147E-6 1.15533E-6 1.15722E-6 1.20642E-6 1.13103E-6 1.21585E-6 1.36749E-6 1.30739E-6 1.42077E-6 1.42377E-6 1.41219E-6 1.50695E-6 1.36443E-6 1.37837E-6 1.38201E-6 1.31054E-6 1.28458E-6 1.18091E-6 1.14549E-6 1.10448E-6 1.11821E-6 1.04335E-6 9.61604E-7 9.25657E-7 8.94499E-7 9.33577E-7 9.7759E-7 9.21462E-7 1.05555E-6 1.15533E-6
