Leopardus guigna/Leopardus_guigna_projection 2041-2060_novel.asc
ncols         515
nrows         545
xllcorner     -119.0
yllcorner     -58.333333333333
cellsize      0.166666666667
NODATA_value  -9999
[rows 210 to 239 of 545, columns 204 to 271 of 515]
-9999 -9999 -9999 -9999 -9999 -9999 -9999 -9999 -9999 -9999 -9999 -9999 -9999 -9999 -9999 -9999 -9999 -9999 -9999 -9999 -9999 -9999 -9999 -9999 -9999 -9999 -9999 -9999 1.75212E0 -9999 1.81185E0 2.98656E0 2.50871E0 1.55301E0 1.24639E1 6.70981E0 6.65007E0 6.92882E0 8.78049E0 1.33798E1 1.5112E1 1.68243E1 9.59681E0 4.2011E0 3.28522E0 1.65256E0 1.65256E0 1.65256E0 1.65256E0 1.65256E0 1.65256E0 1.65256E0 1.65256E0 1.65256E0 1.65256E0 1.65256E0 1.65256E0 4.26083E0 4.10154E0 4.10154E0 4.10154E0 3.96217E0 4.04181E0 1.65256E0 1.65256E0 1.65256E0 1.65256E0 1.65256E0
-9999 -9999 -9999 -9999 -9999 -9999 -9999 -9999 -9999 -9999 -9999 -9999 -9999 -9999 -9999 -9999 -9999 -9999 -9999 -9999 -9999 -9999 -9999 -9999 -9999 -9999 -9999 -9999 -9999 1.89149E0 -9999 -9999 1.15082E1 1.03534E1 4.30065E0 5.51518E0 8.16327E0 8.16327E0 8.06371E0 1.80986E1 1.22648E1 2.08064E1 8.82031E0 5.41563E0 1.65256E0 1.65256E0 1.65256E0 1.65256E0 1.65256E0 1.65256E0 1.65256E0 1.65256E0 1.65256E0 1.65256E0 1.65256E0 1.65256E0 1.65256E0 1.65256E0 4.93778E0 4.83823E0 4.61921E0 4.2011E0 4.26083E0 3.72325E0 1.65256E0 1.65256E0 1.65256E0 1.65256E0
-9999 -9999 -9999 -9999 -9999 -9999 -9999 -9999 -9999 -9999 -9999 -9999 -9999 -9999 -9999 -9999 -9999 -9999 -9999 -9999 -9999 -9999 -9999 -9999 -9999 -9999 -9999 -9999 -9999 -9999 -9999 1.64659E1 1.64858E1 9.27825E0 4.67894E0 7.70533E0 8.66103E0 8.16327E0 7.8447E0 2.03484E1 1.67247E1 1.48731E1 6.3116E0 6.07267E0 1.65256E0 1.65256E0 1.65256E0 1.65256E0 1.65256E0 1.65256E0 1.65256E0 1.65256E0 1.65256E0 1.65256E0 1.65256E0 5.85366E0 5.81384E0 1.65256E0 5.53509E0 5.21653E0 5.01742E0 4.83823E0 4.71877E0 4.10154E0 1.65256E0 1.65256E0 1.65256E0 1.65256E0
-9999 -9999 -9999 -9999 -9999 -9999 -9999 -9999 -9999 -9999 -9999 -9999 -9999 -9999 -9999 -9999 -9999 -9999 -9999 -9999 -9999 -9999 -9999 -9999 -9999 -9999 -9999 -9999 -9999 -9999 -9999 2.72175E1 1.56098E1 6.80936E0 6.39124E0 8.02389E0 8.08362E0 7.4664E0 1.08512E1 1.9771E1 1.54903E1 9.87556E0 7.48631E0 1.65256E0 1.65256E0 1.65256E0 1.65256E0 1.65256E0 1.65256E0 1.65256E0 1.65256E0 1.65256E0 1.65256E0 1.65256E0 1.65256E0 1.65256E0 6.49079E0 6.29169E0 6.07267E0 5.71429E0 5.49527E0 5.19662E0 5.01742E0 4.53957E0 3.86262E0 1.65256E0 1.65256E0 1.65256E0
-9999 -9999 -9999 -9999 -9999 -9999 -9999 -9999 -9999 -9999 -9999 -9999 -9999 -9999 -9999 -9999 -9999 -9999 -9999 -9999 -9999 -9999 -9999 -9999 -9999 -9999 -9999 -9999 -9999 -9999 7.96416E0 2.6441E1 1.8656E1 1.18865E1 1.45147E1 7.78497E0 7.68542E0 9.5769E0 1.70632E1 2.19014E1 2.17422E1 2.00896E1 7.96416E0 1.65256E0 1.65256E0 1.65256E0 1.65256E0 1.65256E0 1.65256E0 1.65256E0 1.65256E0 1.65256E0 1.65256E0 1.65256E0 1.65256E0 1.65256E0 7.48631E0 7.0881E0 6.63016E0 6.29169E0 5.83375E0 5.53509E0 5.41563E0 4.95769E0 1.65256E0 1.65256E0 1.65256E0 1.65256E0
-9999 -9999 -9999 -9999 -9999 -9999 -9999 -9999 -9999 -9999 -9999 -9999 -9999 -9999 -9999 -9999 -9999 -9999 -9999 -9999 -9999 -9999 -9999 -9999 -9999 -9999 -9999 -9999 3.12593E0 5.19662E0 1.24241E1 2.07865E1 1.65455E1 1.45943E1 1.39771E1 8.58138E0 8.02389E0 1.3121E1 2.18019E1 1.93131E1 2.06073E1 1.74813E1 8.46192E0 1.65256E0 1.65256E0 1.65256E0 1.65256E0 1.65256E0 1.65256E0 1.65256E0 1.65256E0 1.65256E0 1.65256E0 1.65256E0 1.65256E0 1.65256E0 1.65256E0 7.96416E0 7.42658E0 6.86909E0 6.29169E0 5.83375E0 1.65256E0 1.65256E0 1.65256E0 1.65256E0 1.65256E0 1.65256E0
-9999 -9999 -9999 -9999 -9999 -9999 -9999 -9999 -9999 -9999 -9999 -9999 -9999 -9999 -9999 -9999 -9999 -9999 -9999 -9999 -9999 -9999 -9999 -9999 -9999 -9999 -9999 2.50871E0 5.23644E0 1.0891E1 1.50523E1 1.07914E1 1.29418E1 7.70533E0 9.19861E0 7.8447E0 1.58885E1 1.62469E1 2.16625E1 2.17422E1 1.60279E1 1.01941E1 1.65256E0 1.65256E0 1.65256E0 3.98208E-2 3.98208E-2 3.98208E-2 1.65256E0 1.65256E0 1.65256E0 1.65256E0 1.65256E0 1.65256E0 1.65256E0 1.65256E0 1.65256E0 8.86013E0 8.26282E0 7.48631E0 6.63016E0 1.65256E0 1.65256E0 1.65256E0 1.65256E0 1.65256E0 1.65256E0 1.65256E0
-9999 -9999 -9999 -9999 -9999 -9999 -9999 -9999 -9999 -9999 -9999 -9999 -9999 -9999 -9999 -9999 -9999 -9999 -9999 -9999 -9999 -9999 -9999 -9999 -9999 -9999 1.63265E0 1.43355E0 1.81185E0 3.74316E0 7.42658E0 8.223E0 1.334E1 9.67646E0 8.18318E0 8.9995E0 1.78596E1 2.67596E1 2.36336E1 2.03484E1 1.27626E1 1.02339E1 9.29816E0 3.98208E-2 1.65256E0 3.98208E-2 3.98208E-2 3.98208E-2 3.98208E-2 3.98208E-2 1.65256E0 1.65256E0 1.65256E0 1.65256E0 1.65256E0 1.65256E0 1.65256E0 9.7561E0 8.93977E0 8.10353E0 7.24739E0 1.65256E0 1.65256E0 1.65256E0 1.65256E0 1.65256E0 1.65256E0 1.65256E0
-9999 -9999 -9999 -9999 -9999 -9999 -9999 -9999 -9999 -9999 -9999 -9999 -9999 -9999 -9999 -9999 -9999 -9999 -9999 -9999 -9999 -9999 -9999 -9999 -9999 1.31409E0 7.16775E-1 1.1548E0 1.43355E0 1.87158E0 3.74316E0 8.02389E0 1.20259E1 1.46939E1 1.09109E1 1.18467E1 1.8676E1 2.66999E1 1.96117E1 2.03883E1 1.25236E1 1.21055E1 9.31807E0 3.98208E-2 1.65256E0 3.98208E-2 3.98208E-2 3.98208E-2 3.98208E-2 3.98208E-2 3.98208E-2 1.65256E0 1.65256E0 1.65256E0 1.65256E0 1.65256E0 1.65256E0 1.65256E0 1.65256E0 1.65256E0 1.65256E0 1.65256E0 1.65256E0 1.65256E0 1.65256E0 1.65256E0 1.65256E0 1.65256E0
-9999 -9999 -9999 -9999 -9999 -9999 -9999 -9999 -9999 -9999 -9999 -9999 -9999 -9999 -9999 -9999 -9999 -9999 -9999 -9999 -9999 -9999 -9999 -9999 1.29418E0 6.37133E-1 6.17222E-1 6.37133E-1 9.7561E-1 1.81185E0 4.51966E0 5.75411E0 1.30612E1 1.8895E1 1.25236E1 9.35789E0 1.90941E1 1.8437E1 2.00697E1 1.58089E1 1.5112E1 1.09905E1 1.65256E0 3.98208E-2 1.65256E0 3.98208E-2 3.98208E-2 3.98208E-2 3.98208E-2 3.98208E-2 3.98208E-2 3.98208E-2 1.65256E0 1.65256E0 1.65256E0 1.65256E0 1.65256E0 1.65256E0 1.65256E0 1.65256E0 1.65256E0 1.65256E0 1.65256E0 1.65256E0 1.65256E0 1.65256E0 1.65256E0 1.65256E0
-9999 -9999 -9999 -9999 -9999 -9999 -9999 -9999 -9999 -9999 -9999 -9999 -9999 -9999 -9999 -9999 -9999 -9999 -9999 -9999 -9999 -9999 -9999 7.96416E-1 4.9776E-1 3.98208E-1 2.78746E-1 2.19014E-1 2.78746E-1 7.96416E-1 2.34943E0 7.4664E0 1.43554E1 1.32404E1 1.6008E1 8.12344E0 1.27427E1 2.15231E1 2.10453E1 1.54903E1 1.3121E1 1.12693E1 1.65256E0 3.98208E-2 1.65256E0 3.98208E-2 3.98208E-2 3.98208E-2 3.98208E-2 3.98208E-2 3.98208E-2 3.98208E-2 3.98208E-2 1.65256E0 1.65256E0 1.65256E0 1.65256E0 1.65256E0 1.65256E0 1.65256E0 1.65256E0 1.65256E0 1.65256E0 1.65256E0 1.65256E0 1.65256E0 1.65256E0 1.65256E0
-9999 -9999 -9999 -9999 -9999 -9999 -9999 -9999 -9999 -9999 -9999 -9999 -9999 -9999 -9999 -9999 -9999 -9999 -9999 -9999 -9999 -9999 -9999 1.27427E0 1.59283E-1 1.79194E-1 7.96416E-2 -1.53671E0 -1.05776E0 3.58387E-1 1.31409E0 7.02837E0 1.43554E1 1.778E1 9.11896E0 1.00747E1 1.51319E1 2.40518E1 2.36336E1 1.67845E1 1.24241E1 1.2006E1 1.65256E0 3.98208E-2 1.65256E0 3.98208E-2 3.98208E-2 3.98208E-2 3.98208E-2 3.98208E-2 3.98208E-2 3.98208E-2 3.98208E-2 1.65256E0 1.65256E0 1.65256E0 1.65256E0 1.65256E0 1.65256E0 1.65256E0 1.65256E0 1.65256E0 1.65256E0 1.65256E0 1.65256E0 1.65256E0 1.65256E0 1.65256E0
-9999 -9999 -9999 -9999 -9999 -9999 -9999 -9999 -9999 -9999 -9999 -9999 -9999 -9999 -9999 -9999 -9999 -9999 -9999 -9999 -9999 -9999 -9999 7.16775E-1 1.19462E-1 1.39373E-1 1.99104E-2 -9.73202E0 -1.74957E0 4.9776E-1 2.05077E0 1.15082E1 1.57093E1 1.08711E1 8.9995E0 1.74216E1 1.51916E1 1.60677E1 2.56446E1 1.80388E1 1.24241E1 1.65256E0 1.65256E0 1.65256E0 1.65256E0 3.98208E-2 3.98208E-2 3.98208E-2 3.98208E-2 3.98208E-2 3.98208E-2 3.98208E-2 3.98208E-2 3.98208E-2 1.65256E0 1.65256E0 1.65256E0 1.65256E0 1.65256E0 1.65256E0 1.65256E0 1.65256E0 1.65256E0 1.65256E0 1.65256E0 1.65256E0 1.65256E0 1.65256E0
-9999 -9999 -9999 -9999 -9999 -9999 -9999 -9999 -9999 -9999 -9999 -9999 -9999 -9999 -9999 -9999 -9999 -9999 -9999 -9999 -9999 -9999 -9999 7.96416E-1 1.1548E0 7.96416E-1 1.39373E-1 7.96416E-2 9.9552E-2 9.7561E-1 5.81384E0 1.07914E1 1.37382E1 7.24739E0 1.03733E1 2.15829E1 1.1787E1 1.8895E1 2.69587E1 1.9552E1 1.24241E1 1.65256E0 1.65256E0 1.09109E1 1.65256E0 3.98208E-2 3.98208E-2 3.98208E-2 3.98208E-2 3.98208E-2 3.98208E-2 3.98208E-2 3.98208E-2 3.98208E-2 3.98208E-2 3.98208E-2 3.98208E-2 1.65256E0 1.65256E0 1.65256E0 1.65256E0 1.65256E0 1.65256E0 1.65256E0 1.65256E0 1.65256E0 1.65256E0 1.65256E0
-9999 -9999 -9999 -9999 -9999 -9999 -9999 -9999 -9999 -9999 -9999 -9999 -9999 -9999 -9999 -9999 -9999 -9999 -9999 -9999 -9999 -9999 -9999 -9999 1.35391E0 1.75212E0 6.37133E-1 3.98208E-1 1.99104E-1 1.07516E0 9.65655E0 5.39572E0 1.60677E1 8.223E0 1.50124E1 2.67994E1 1.56695E1 2.09059E1 2.82529E1 2.11847E1 1.53907E1 1.24241E1 1.65256E0 1.2444E1 1.18666E1 1.65256E0 3.98208E-2 3.98208E-2 3.98208E-2 3.98208E-2 3.98208E-2 3.98208E-2 3.98208E-2 3.98208E-2 3.98208E-2 3.98208E-2 3.98208E-2 3.98208E-2 3.98208E-2 1.65256E0 1.65256E0 1.65256E0 1.65256E0 1.65256E0 1.65256E0 1.65256E0 1.65256E0 1.65256E0
-9999 -9999 -9999 -9999 -9999 -9999 -9999 -9999 -9999 -9999 -9999 -9999 -9999 -9999 -9999 -9999 -9999 -9999 -9999 -9999 -9999 -9999 -9999 -9999 2.46889E0 4.81832E0 2.34943E0 4.9776E-1 3.58387E-1 2.19014E-1 1.73221E0 1.23644E1 8.16327E0 7.70533E0 9.73619E0 2.51468E1 2.28771E1 1.74216E1 2.14236E1 2.16625E1 1.70632E1 1.69438E1 1.52912E1 1.16277E1 1.12892E1 1.16277E1 1.65256E0 1.65256E0 3.98208E-2 3.98208E-2 3.98208E-2 3.98208E-2 3.98208E-2 3.98208E-2 3.98208E-2 3.98208E-2 3.98208E-2 3.98208E-2 3.98208E-2 3.98208E-2 1.65256E0 1.65256E0 1.65256E0 1.65256E0 1.65256E0 1.65256E0 1.65256E0 1.65256E0
-9999 -9999 -9999 -9999 -9999 -9999 -9999 -9999 -9999 -9999 -9999 -9999 -9999 -9999 -9999 -9999 -9999 -9999 -9999 -9999 -9999 -9999 -9999 -9999 8.36237E-1 3.18566E0 1.65256E0 4.18118E-1 1.79194E-1 1.19462E-1 1.79194E-1 1.27427E0 1.12892E1 9.11896E0 9.5769E0 1.5769E1 2.25187E1 2.51667E1 1.70433E1 2.65007E1 2.24788E1 2.20607E1 1.68044E1 1.29617E1 1.16277E1 9.7561E0 1.01941E1 1.65256E0 1.65256E0 1.65256E0 1.65256E0 3.98208E-2 3.98208E-2 3.98208E-2 3.98208E-2 3.98208E-2 3.98208E-2 3.98208E-2 3.98208E-2 3.98208E-2 3.98208E-2 1.65256E0 1.65256E0 1.65256E0 1.65256E0 1.65256E0 1.65256E0 1.65256E0
-9999 -9999 -9999 -9999 -9999 -9999 -9999 -9999 -9999 -9999 -9999 -9999 -9999 -9999 -9999 -9999 -9999 -9999 -9999 -9999 -9999 -9999 -9999 -9999 -9999 2.34943E0 7.96416E-1 2.38925E-1 3.98208E-2 -1.80279E0 1.19462E-1 5.57491E-1 1.67048E1 1.20458E1 9.81583E0 2.01294E1 2.52265E1 4.4878E1 2.67994E1 2.85316E1 1.78596E1 2.03683E1 1.49527E1 1.32205E1 1.08313E1 1.08313E1 1.24241E1 1.18666E1 1.45147E1 1.65256E0 1.65256E0 1.65256E0 3.98208E-2 3.98208E-2 3.98208E-2 3.98208E-2 3.98208E-2 3.98208E-2 3.98208E-2 3.98208E-2 3.98208E-2 1.65256E0 1.65256E0 1.65256E0 1.65256E0 1.65256E0 1.65256E0 1.65256E0
-9999 -9999 -9999 -9999 -9999 -9999 -9999 -9999 -9999 -9999 -9999 -9999 -9999 -9999 -9999 -9999 -9999 -9999 -9999 -9999 -9999 -9999 -9999 -9999 -9999 9.9552E-1 3.58387E-1 1.19462E-1 -9.98699E-2 -3.45249E0 9.9552E-2 4.9776E-1 1.41364E1 1.21055E1 8.12344E0 1.36585E1 1.86162E1 4.26481E1 4.11548E1 2.20209E1 9.71628E0 1.12295E1 1.59084E1 1.8218E1 1.64261E1 1.46541E1 1.41364E1 1.49527E1 1.5112E1 1.85963E1 1.65256E0 1.65256E0 3.98208E-2 3.98208E-2 3.98208E-2 3.98208E-2 3.98208E-2 3.98208E-2 3.98208E-2 3.98208E-2 3.98208E-2 3.98208E-2 1.65256E0 1.65256E0 1.65256E0 1.65256E0 1.65256E0 1.65256E0
-9999 -9999 -9999 -9999 -9999 -9999 -9999 -9999 -9999 -9999 -9999 -9999 -9999 -9999 -9999 -9999 -9999 -9999 -9999 -9999 -9999 -9999 -9999 -9999 -9999 3.18566E-1 1.39373E-1 9.9552E-2 9.9552E-2 1.19462E-1 9.9552E-2 2.78746E-1 1.4893E1 1.49129E1 9.39771E0 1.54505E1 1.3778E1 4.15729E1 4.56944E1 3.96416E1 2.26381E1 9.19861E0 1.2444E1 1.07317E1 1.86959E1 2.18417E1 2.25983E1 2.37929E1 1.96914E1 1.9552E1 1.65256E0 3.98208E-2 3.98208E-2 3.98208E-2 3.98208E-2 3.98208E-2 3.98208E-2 3.98208E-2 3.98208E-2 3.98208E-2 3.98208E-2 1.65256E0 1.65256E0 1.65256E0 1.65256E0 1.65256E0 1.65256E0 1.65256E0
-9999 -9999 -9999 -9999 -9999 -9999 -9999 -9999 -9999 -9999 -9999 -9999 -9999 -9999 -9999 -9999 -9999 -9999 -9999 -9999 -9999 -9999 -9999 9.9552E-2 1.59283E-1 1.19462E-1 1.19462E-1 5.97312E-2 -2.76068E0 1.19462E-1 1.19462E-1 1.59283E-1 1.5331E0 1.19462E1 1.61872E1 1.41762E1 2.04281E1 3.17372E1 2.0886E1 1.44948E1 2.14037E1 1.45943E1 1.10304E1 8.52165E0 9.19861E0 2.03883E1 2.83325E1 3.03036E1 2.67596E1 2.04679E1 2.48283E1 1.65256E0 3.98208E-2 3.98208E-2 3.98208E-2 3.98208E-2 3.98208E-2 3.98208E-2 3.98208E-2 3.98208E-2 3.98208E-2 3.98208E-2 1.65256E0 1.65256E0 1.65256E0 1.65256E0 1.65256E0 1.65256E0
-9999 -9999 -9999 -9999 -9999 -9999 -9999 -9999 -9999 -9999 -9999 -9999 -9999 -9999 -9999 -9999 -9999 -9999 -9999 -9999 -9999 -9999 -9999 -9999 2.38925E-1 1.79194E-1 1.99104E-2 -7.38464E-1 -1.69636E0 -1.64314E0 1.99104E-1 1.19462E-1 7.36685E-1 9.1787E0 8.89995E0 1.98308E1 1.96516E1 1.74614E1 2.72175E1 1.95321E1 1.01543E1 9.5769E0 1.06919E1 8.52165E0 6.63016E0 8.56147E0 2.56645E1 3.29318E1 2.96864E1 2.45893E1 2.35142E1 1.65256E0 1.65256E0 3.98208E-2 3.98208E-2 3.98208E-2 3.98208E-2 3.98208E-2 3.98208E-2 3.98208E-2 3.98208E-2 3.98208E-2 1.65256E0 1.65256E0 1.65256E0 1.65256E0 1.65256E0 1.65256E0
-9999 -9999 -9999 -9999 -9999 -9999 -9999 -9999 -9999 -9999 -9999 -9999 -9999 -9999 -9999 -9999 -9999 -9999 -9999 -9999 -9999 -9999 -9999 -9999 -9999 -9999 -3.12732E-1 -4.30395E0 5.97312E-2 7.96416E-2 1.39373E-1 2.38925E-1 4.9776E-1 1.09308E1 7.4664E0 1.3778E1 1.50324E1 1.00149E1 1.55699E1 2.00896E1 1.56894E1 8.78049E0 1.03534E1 9.1787E0 8.84022E0 9.31807E0 1.63265E1 2.32753E1 2.03285E1 2.87705E1 2.60826E1 2.42111E1 1.65256E0 1.65256E0 3.98208E-2 3.98208E-2 3.98208E-2 3.98208E-2 3.98208E-2 3.98208E-2 3.98208E-2 3.98208E-2 1.65256E0 1.65256E0 1.65256E0 1.65256E0 1.65256E0 1.65256E0
-9999 -9999 -9999 -9999 -9999 -9999 -9999 -9999 -9999 -9999 -9999 -9999 -9999 -9999 -9999 -9999 -9999 -9999 -9999 -9999 -9999 -9999 -9999 -9999 -9999 -9999 -9999 -9999 -6.85244E-1 1.19462E-1 3.18566E-1 3.58387E-1 2.19014E-1 1.19462E0 1.01543E1 9.79592E0 1.23245E1 8.97959E0 8.89995E0 1.08512E1 1.76406E1 9.1787E0 8.84022E0 8.223E0 1.45147E1 1.45744E1 1.05923E1 1.56894E1 1.89547E1 2.69587E1 2.0448E1 2.0448E1 2.32155E1 1.24241E1 1.65256E0 3.98208E-2 3.98208E-2 3.98208E-2 3.98208E-2 3.98208E-2 3.98208E-2 1.65256E0 1.65256E0 1.65256E0 1.65256E0 1.65256E0 1.65256E0 1.65256E0
-9999 -9999 -9999 -9999 -9999 -9999 -9999 -9999 -9999 -9999 -9999 -9999 -9999 -9999 -9999 -9999 -9999 -9999 -9999 -9999 -9999 -9999 -9999 -9999 -9999 -9999 -9999 -9999 -9999 2.19014E-1 1.73221E0 4.9776E-1 3.98208E-1 1.01543E0 2.13041E0 1.54306E1 1.45943E1 9.51717E0 7.2673E0 8.12344E0 7.90443E0 1.50324E1 8.12344E0 8.02389E0 1.13489E1 1.56894E1 1.67048E1 1.50324E1 2.51667E1 2.58238E1 2.20607E1 6.63016E0 2.0448E1 6.63016E0 6.63016E0 1.65256E0 1.65256E0 3.98208E-2 3.98208E-2 3.98208E-2 3.98208E-2 1.65256E0 1.65256E0 1.65256E0 1.65256E0 1.65256E0 1.65256E0 1.24241E1
-9999 -9999 -9999 -9999 -9999 -9999 -9999 -9999 -9999 -9999 -9999 -9999 -9999 -9999 -9999 -9999 -9999 -9999 -9999 -9999 -9999 -9999 -9999 -9999 -9999 -9999 -9999 -9999 -9999 -9999 -9999 2.4888E0 2.24988E0 1.27427E0 4.08163E0 1.10304E1 8.76058E0 7.10801E0 6.63016E0 6.39124E0 9.09905E0 1.52912E1 8.48183E0 8.0438E0 1.3101E1 1.63066E1 2.34744E1 2.11648E1 3.03833E1 2.0448E1 6.63016E0 6.63016E0 6.63016E0 2.30562E1 1.24241E1 1.24241E1 1.65256E0 1.65256E0 3.98208E-2 3.98208E-2 3.98208E-2 1.65256E0 1.65256E0 1.65256E0 1.65256E0 1.24241E1 1.24241E1 1.24241E1
-9999 -9999 -9999 -9999 -9999 -9999 -9999 -9999 -9999 -9999 -9999 -9999 -9999 -9999 -9999 -9999 -9999 -9999 -9999 -9999 -9999 -9999 -9999 -9999 -9999 -9999 -9999 -9999 -9999 -9999 -9999 1.89149E0 2.84719E0 2.6879E0 2.64808E0 1.01543E1 6.63016E0 6.65007E0 5.37581E0 4.24092E0 7.14783E0 1.13489E1 9.47735E0 5.85366E0 9.15879E0 1.36386E1 2.2439E1 2.66999E1 3.27128E1 2.0448E1 6.63016E0 1.65256E0 1.65256E0 2.0448E1 2.0448E1 2.0448E1 2.0448E1 1.65256E0 3.98208E-2 3.98208E-2 1.65256E0 1.65256E0 1.65256E0 1.65256E0 1.65256E0 1.24241E1 1.24241E1 1.24241E1
-9999 -9999 -9999 -9999 -9999 -9999 -9999 -9999 -9999 -9999 -9999 -9999 -9999 -9999 -9999 -9999 -9999 -9999 -9999 -9999 -9999 -9999 -9999 -9999 -9999 -9999 -9999 -9999 -9999 -9999 -9999 -9999 1.81185E0 1.81185E0 1.29418E0 1.63464E1 1.1767E1 8.16327E0 6.49079E0 7.02837E0 6.01294E0 7.18766E0 1.25236E1 6.15231E0 6.25187E0 8.97959E0 2.43902E1 3.91239E1 3.18566E1 6.63016E0 1.65256E0 1.65256E0 6.63016E0 2.0448E1 1.65256E0 1.65256E0 1.65256E0 1.65256E0 3.98208E-2 1.65256E0 1.65256E0 1.65256E0 1.65256E0 1.65256E0 1.65256E0 1.65256E0 1.24241E1 1.24241E1
-9999 -9999 -9999 -9999 -9999 -9999 -9999 -9999 -9999 -9999 -9999 -9999 -9999 -9999 -9999 -9999 -9999 -9999 -9999 -9999 -9999 -9999 -9999 -9999 -9999 -9999 -9999 -9999 -9999 -9999 -9999 -9999 -9999 2.19014E0 5.77402E-1 1.81185E0 1.16277E1 1.41364E1 9.15879E0 7.8447E0 7.8447E0 6.49079E0 1.06322E1 7.74515E0 5.91339E0 9.47735E0 2.14236E1 3.85665E1 3.18566E1 6.63016E0 1.65256E0 1.65256E0 2.0448E1 2.0448E1 1.24241E1 1.65256E0 3.98208E-2 3.98208E-2 3.98208E-2 3.98208E-2 1.65256E0 1.65256E0 1.24241E1 1.24241E1 1.24241E1 1.24241E1 1.24241E1 2.0448E1
-9999 -9999 -9999 -9999 -9999 -9999 -9999 -9999 -9999 -9999 -9999 -9999 -9999 -9999 -9999 -9999 -9999 -9999 -9999 -9999 -9999 -9999 -9999 -9999 -9999 -9999 -9999 -9999 -9999 -9999 -9999 -9999 -9999 1.73221E0 6.76954E-1 3.78298E0 9.13888E0 8.58138E0 8.30264E0 6.61025E0 8.00398E0 9.55699E0 1.10105E1 1.31807E1 6.1324E0 8.78049E0 1.34395E1 2.38328E1 3.38676E1 1.24241E1 6.63016E0 6.63016E0 2.60826E1 1.24241E1 2.0448E1 1.65256E0 1.65256E0 3.98208E-2 3.98208E-2 3.98208E-2 1.65256E0 1.65256E0 1.65256E0 1.24241E1 1.24241E1 1.24241E1 1.24241E1 1.24241E1
