Leopardus guigna/Leopardus_guigna_projection 2041-2060.asc
ncols         515
nrows         545
xllcorner     -119.0
yllcorner     -58.333333333333
cellsize      0.166666666667
NODATA_value  -9999
[rows 348 to 376 of 545, columns 264 to 329 of 515]
-9999 -9999 -9999 -9999 -9999 -9999 -9999 -9999 -9999 -9999 -9999 -9999 -9999 -9999 -9999 -9999 -9999 -9999 -9999 -9999 -9999 -9999 -9999 -9999 -9999 -9999 7.0742E-4 3.55992E-4 5.71352E-4 6.50227E-4 2.88513E-4 1.73957E-4 1.36551E-4 1.49928E-4 1.06989E-4 2.11609E-5 3.34464E-5 1.22411E-5 5.38568E-6 1.65634E-5 1.02416E-5 6.13251E-6 1.89982E-7 1.49126E-5 3.4499E-5 6.94746E-6 9.20132E-6 8.5364E-6 1.15644E-5 1.15463E-5 3.52194E-5 6.50417E-5 5.6419E-5 5.87308E-5 6.70543E-5 7.48321E-5 3.42742E-5 5.31605E-5 5.5199E-5 3.12782E-5 5.33235E-6 4.57651E-6 4.82278E-6 5.58675E-6 2.78579E-6 1.60131E-6
-9999 -9999 -9999 -9999 -9999 -9999 -9999 -9999 -9999 -9999 -9999 -9999 -9999 -9999 -9999 -9999 -9999 -9999 -9999 -9999 -9999 -9999 -9999 -9999 -9999 -9999 5.7787E-4 3.78246E-4 5.21856E-4 5.59679E-4 3.11511E-4 2.27299E-4 1.59942E-4 1.42622E-4 9.67423E-5 1.33756E-5 3.21468E-5 1.01086E-5 1.62475E-5 9.24338E-6 1.2052E-5 2.19292E-5 1.73736E-5 3.58515E-5 1.21704E-5 9.44401E-6 7.94699E-6 2.6619E-6 4.49441E-6 9.10107E-6 2.08042E-5 6.03174E-5 6.26393E-5 5.36663E-5 4.61275E-5 4.81944E-5 6.17964E-5 5.79813E-5 3.73088E-5 1.5025E-5 6.99375E-6 4.51057E-6 3.70366E-6 3.07144E-6 1.79504E-6 1.43105E-6
-9999 -9999 -9999 -9999 -9999 -9999 -9999 -9999 -9999 -9999 -9999 -9999 -9999 -9999 -9999 -9999 -9999 -9999 -9999 -9999 -9999 -9999 -9999 -9999 -9999 -9999 7.64723E-4 3.90914E-4 4.41061E-4 5.5486E-4 2.3657E-4 2.66963E-4 1.69397E-4 1.38097E-4 7.11234E-5 2.29168E-5 1.64731E-5 9.9285E-6 5.86259E-6 6.21999E-6 1.39464E-5 2.59036E-5 3.097E-5 2.80215E-5 1.6647E-5 2.72624E-5 1.16733E-5 1.0141E-6 5.04731E-7 6.163E-6 7.81798E-6 5.13334E-5 5.6077E-5 7.66284E-5 3.37345E-5 4.7215E-5 7.88414E-5 4.52995E-5 2.33633E-5 1.034E-5 1.33679E-5 5.52916E-6 3.01363E-6 2.70358E-6 1.59889E-6 1.18944E-6
-9999 -9999 -9999 -9999 -9999 -9999 -9999 -9999 -9999 -9999 -9999 -9999 -9999 -9999 -9999 -9999 -9999 -9999 -9999 -9999 -9999 -9999 -9999 -9999 -9999 -9999 8.60451E-4 5.10662E-4 5.41494E-4 3.89223E-4 2.61753E-4 2.98176E-4 1.99641E-4 1.49251E-4 5.35016E-5 3.34429E-5 5.82943E-6 5.74388E-6 1.71127E-6 1.72099E-6 4.1865E-6 2.03024E-5 2.7644E-5 1.31214E-5 2.93722E-5 3.33932E-5 1.27732E-5 2.89648E-6 1.23443E-6 2.61684E-6 8.55387E-6 3.00725E-5 1.88181E-5 6.45971E-5 3.55983E-5 6.69671E-5 5.02314E-5 1.54297E-5 1.16179E-5 1.16641E-5 2.42126E-5 7.88096E-6 2.80378E-6 2.19306E-6 1.3316E-6 1.10948E-6
-9999 -9999 -9999 -9999 -9999 -9999 -9999 -9999 -9999 -9999 -9999 -9999 -9999 -9999 -9999 -9999 -9999 -9999 -9999 -9999 -9999 -9999 -9999 -9999 -9999 -9999 9.41617E-4 7.49609E-4 6.91455E-4 4.90392E-4 3.21439E-4 3.53376E-4 2.63065E-4 1.31912E-4 8.88323E-5 5.35356E-5 1.51789E-5 1.81157E-6 3.07315E-6 9.58407E-7 3.88928E-7 2.72322E-5 2.49834E-5 1.96766E-5 3.72351E-5 3.48332E-5 2.40614E-5 7.12067E-6 8.665E-6 1.0241E-5 4.24476E-6 9.52517E-6 1.48327E-5 4.37651E-5 3.39991E-5 6.82591E-5 3.19974E-5 1.04363E-5 8.70799E-6 1.43774E-5 1.38777E-5 5.30968E-6 2.64206E-6 1.72116E-6 1.35019E-6 1.10149E-6
-9999 -9999 -9999 -9999 -9999 -9999 -9999 -9999 -9999 -9999 -9999 -9999 -9999 -9999 -9999 -9999 -9999 -9999 -9999 -9999 -9999 -9999 -9999 -9999 -9999 -9999 1.05735E-3 9.0821E-4 7.3198E-4 5.69939E-4 4.29155E-4 4.36102E-4 2.59916E-4 1.48615E-4 6.30817E-5 4.00244E-5 1.18187E-5 2.09098E-6 5.31384E-7 1.93742E-7 1.74871E-6 1.93436E-5 6.146E-6 2.22562E-5 4.03785E-5 3.39856E-5 3.14958E-5 1.73885E-6 2.18032E-5 2.33488E-5 1.49775E-5 8.14503E-6 3.93898E-5 6.22726E-5 2.70717E-5 5.82273E-5 2.21214E-5 6.6063E-6 4.66468E-6 8.67979E-6 8.78561E-6 4.57822E-6 1.9915E-6 1.47074E-6 1.19487E-6 1.08125E-6
-9999 -9999 -9999 -9999 -9999 -9999 -9999 -9999 -9999 -9999 -9999 -9999 -9999 -9999 -9999 -9999 -9999 -9999 -9999 -9999 -9999 -9999 -9999 -9999 -9999 -9999 1.49126E-3 1.68085E-3 1.64099E-3 1.3669E-3 5.67565E-4 5.28611E-4 1.57465E-4 5.84767E-5 1.24948E-5 2.95807E-5 1.08021E-5 1.37272E-6 1.94982E-7 3.72554E-7 6.0278E-6 7.90991E-6 2.15873E-6 2.03252E-5 2.32815E-5 2.55165E-5 2.79491E-5 1.12147E-6 3.59216E-5 2.57487E-5 1.26365E-5 3.96658E-5 4.82484E-5 4.11901E-5 2.9442E-5 2.83833E-5 2.0977E-5 7.27604E-6 3.13551E-6 4.73745E-6 3.61486E-6 2.67537E-6 1.83635E-6 1.34937E-6 1.09263E-6 9.8155E-7
-9999 -9999 -9999 -9999 -9999 -9999 -9999 -9999 -9999 -9999 -9999 -9999 -9999 -9999 -9999 -9999 -9999 -9999 -9999 -9999 -9999 -9999 -9999 -9999 -9999 -9999 2.35525E-3 2.30684E-3 2.44299E-3 3.53921E-3 8.52914E-4 4.82769E-4 1.70604E-4 7.12614E-5 4.9222E-6 1.80395E-5 4.53763E-6 1.25098E-6 4.86836E-7 3.28812E-7 6.81683E-7 4.38273E-7 6.48311E-6 1.43708E-5 8.12723E-6 2.2824E-5 2.74561E-5 2.36683E-5 2.99792E-5 2.88357E-5 1.84107E-5 4.25702E-5 4.65678E-5 3.61E-5 4.53166E-5 3.85739E-5 1.65677E-5 6.97955E-6 2.68238E-6 2.40152E-6 2.20414E-6 1.75853E-6 1.64291E-6 1.196E-6 1.06516E-6 9.45391E-7
-9999 -9999 -9999 -9999 -9999 -9999 -9999 -9999 -9999 -9999 -9999 -9999 -9999 -9999 -9999 -9999 -9999 -9999 -9999 -9999 -9999 -9999 -9999 -9999 -9999 3.8157E-3 2.97057E-3 3.46509E-3 4.63313E-3 3.14588E-3 1.20463E-3 3.72368E-4 1.71314E-4 6.99303E-5 1.06412E-5 2.44323E-5 1.98398E-6 9.45784E-7 5.81601E-7 1.04022E-6 1.18992E-6 9.10068E-6 1.89871E-5 4.29801E-5 1.49697E-5 1.42032E-5 1.60423E-5 2.32527E-5 4.28247E-5 4.61181E-5 4.73233E-5 2.35387E-5 3.53445E-5 3.41548E-5 1.66874E-5 3.19529E-5 1.22062E-5 3.87473E-6 2.64282E-6 2.27411E-6 1.86243E-6 1.54134E-6 1.50697E-6 1.27326E-6 1.12504E-6 8.81326E-7
-9999 -9999 -9999 -9999 -9999 -9999 -9999 -9999 -9999 -9999 -9999 -9999 -9999 -9999 -9999 -9999 -9999 -9999 -9999 -9999 -9999 -9999 -9999 -9999 -9999 4.13917E-3 3.75774E-3 4.38083E-3 5.42814E-3 3.85175E-3 1.47795E-3 5.52312E-4 2.0271E-4 8.30962E-5 7.87353E-6 1.77692E-5 1.64147E-6 9.285E-9 6.63339E-9 2.51704E-8 1.05271E-6 1.24549E-5 3.5535E-5 4.33289E-5 4.96931E-5 3.11625E-5 2.60091E-5 3.77616E-5 3.55847E-5 3.78872E-5 2.9292E-5 2.00812E-5 2.25834E-5 3.07311E-5 2.86762E-5 9.59195E-6 4.48048E-6 3.42458E-6 2.76815E-6 2.04706E-6 1.62469E-6 1.27547E-6 1.24658E-6 1.25119E-6 1.00507E-6 7.71052E-7
-9999 -9999 -9999 -9999 -9999 -9999 -9999 -9999 -9999 -9999 -9999 -9999 -9999 -9999 -9999 -9999 -9999 -9999 -9999 -9999 -9999 -9999 -9999 -9999 -9999 4.0623E-3 3.83109E-3 2.82811E-3 3.34649E-3 2.22454E-3 1.37303E-3 3.36038E-4 1.97525E-4 2.78491E-5 4.4501E-6 1.98248E-6 9.89748E-7 5.66628E-7 6.82508E-9 4.64425E-7 5.05814E-6 1.62765E-5 3.76231E-5 1.69656E-5 2.34727E-5 5.4476E-5 2.92566E-5 4.49684E-5 1.0835E-5 2.13461E-5 3.03982E-5 2.84046E-5 3.09479E-5 1.39378E-5 9.89467E-6 3.81212E-6 4.31217E-6 4.04149E-6 2.73289E-6 1.80248E-6 1.50608E-6 1.2889E-6 1.0751E-6 1.08631E-6 8.27785E-7 7.15573E-7
-9999 -9999 -9999 -9999 -9999 -9999 -9999 -9999 -9999 -9999 -9999 -9999 -9999 -9999 -9999 -9999 -9999 -9999 -9999 -9999 -9999 -9999 -9999 -9999 -9999 4.38969E-3 4.06508E-3 3.14256E-3 2.57532E-3 3.81276E-3 1.55011E-3 4.16147E-4 3.75991E-5 4.04676E-5 2.42801E-6 1.42512E-6 4.85313E-7 1.20614E-6 8.46718E-7 6.64017E-7 1.12905E-5 2.06914E-5 4.66295E-5 1.7981E-5 9.36147E-6 4.98334E-5 2.16351E-5 2.61344E-5 8.80959E-6 1.85877E-5 2.30229E-5 3.26974E-5 4.10653E-5 2.17389E-5 5.82601E-6 3.26172E-6 4.10355E-6 3.74192E-6 2.3923E-6 1.90484E-6 1.4782E-6 1.18455E-6 1.04967E-6 1.02337E-6 9.61729E-7 8.9437E-7
-9999 -9999 -9999 -9999 -9999 -9999 -9999 -9999 -9999 -9999 -9999 -9999 -9999 -9999 -9999 -9999 -9999 -9999 -9999 -9999 -9999 -9999 -9999 -9999 -9999 4.47178E-3 4.31891E-3 4.11943E-3 3.64433E-3 6.1779E-3 1.00416E-3 2.89836E-4 3.14108E-5 2.21152E-5 1.93617E-6 4.41314E-7 2.36536E-7 1.26957E-6 3.84438E-6 9.71842E-7 3.72118E-6 2.35239E-5 4.89165E-5 1.98939E-5 1.20255E-5 5.11476E-5 5.7386E-5 1.22544E-5 8.49049E-6 5.48635E-6 3.07081E-6 7.44624E-7 2.63881E-6 4.23451E-6 5.97382E-6 2.94004E-6 2.24016E-6 2.03964E-6 1.94802E-6 1.68287E-6 1.4035E-6 1.25348E-6 1.15012E-6 1.06401E-6 1.0704E-6 1.02977E-6
-9999 -9999 -9999 -9999 -9999 -9999 -9999 -9999 -9999 -9999 -9999 -9999 -9999 -9999 -9999 -9999 -9999 -9999 -9999 -9999 -9999 -9999 -9999 -9999 4.98303E-3 4.5567E-3 4.14516E-3 5.42764E-3 5.81121E-3 7.45289E-3 7.55549E-4 2.40238E-4 7.15631E-5 9.099E-6 5.42714E-7 2.24299E-7 3.01803E-8 1.08286E-8 3.06661E-7 1.53946E-6 2.22588E-5 4.51934E-5 5.45092E-5 2.2708E-5 1.99385E-5 4.48067E-5 1.71608E-5 2.69633E-6 1.26657E-6 1.03983E-6 4.23685E-7 4.343E-7 5.82414E-7 6.79727E-6 6.81351E-6 4.21004E-6 1.55972E-6 1.30148E-6 1.47025E-6 1.35977E-6 1.41847E-6 1.45529E-6 1.20873E-6 1.06541E-6 1.11522E-6 1.1431E-6
-9999 -9999 -9999 -9999 -9999 -9999 -9999 -9999 -9999 -9999 -9999 -9999 -9999 -9999 -9999 -9999 -9999 -9999 -9999 -9999 -9999 -9999 -9999 -9999 4.70208E-3 3.5736E-3 2.97607E-3 4.25862E-3 8.26312E-3 5.85605E-3 7.01882E-4 2.04637E-4 3.1615E-5 2.55675E-5 6.46157E-6 4.08304E-7 7.37853E-9 5.18768E-9 1.01313E-6 2.72403E-6 1.66948E-5 5.04375E-5 5.90324E-5 2.64877E-5 1.26227E-5 1.53624E-5 9.2774E-6 1.37182E-6 8.26414E-7 7.53156E-7 4.4392E-7 4.72282E-7 5.26811E-7 1.24165E-5 5.34245E-6 4.596E-6 1.96953E-6 1.01088E-6 1.2636E-6 1.41052E-6 1.69732E-6 1.94127E-6 1.47835E-6 1.1765E-6 1.13071E-6 1.1677E-6
-9999 -9999 -9999 -9999 -9999 -9999 -9999 -9999 -9999 -9999 -9999 -9999 -9999 -9999 -9999 -9999 -9999 -9999 -9999 -9999 -9999 -9999 -9999 4.35833E-3 4.29614E-3 3.1746E-3 3.40884E-3 6.00778E-3 1.11108E-2 7.52433E-3 1.05818E-3 1.70987E-4 2.29272E-5 3.56609E-6 2.37433E-6 4.14335E-7 5.27568E-8 4.13996E-8 1.23998E-5 1.11195E-5 2.71791E-5 3.7035E-5 4.18602E-5 4.19065E-5 5.05791E-6 8.65662E-6 1.40889E-5 1.53844E-6 1.02686E-6 7.24691E-7 4.61965E-7 4.65382E-7 6.08876E-7 2.20923E-5 8.34279E-6 4.00705E-6 2.74906E-6 1.36536E-6 1.49595E-6 1.41333E-6 1.81055E-6 1.87641E-6 1.50761E-6 1.27415E-6 1.15761E-6 1.1059E-6
-9999 -9999 -9999 -9999 -9999 -9999 -9999 -9999 -9999 -9999 -9999 -9999 -9999 -9999 -9999 -9999 -9999 -9999 -9999 -9999 -9999 -9999 -9999 4.03312E-3 4.3746E-3 2.53055E-3 4.043E-3 1.04604E-2 1.395E-2 1.01069E-2 3.51847E-4 2.17504E-4 4.50633E-6 8.08966E-7 4.35809E-6 8.3419E-7 7.90216E-7 1.35297E-6 3.37745E-5 4.13486E-5 6.45001E-5 5.60216E-5 5.4443E-5 4.48668E-5 7.20888E-6 4.29312E-6 4.90135E-6 1.74487E-6 1.14008E-6 5.91693E-7 4.6352E-7 5.5403E-7 7.48004E-7 2.86344E-5 1.22303E-5 3.2746E-6 4.23672E-6 3.8767E-6 2.28127E-6 1.64652E-6 1.64763E-6 1.71008E-6 1.36854E-6 1.14999E-6 1.05225E-6 1.1129E-6
-9999 -9999 -9999 -9999 -9999 -9999 -9999 -9999 -9999 -9999 -9999 -9999 -9999 -9999 -9999 -9999 -9999 -9999 -9999 -9999 -9999 -9999 -9999 4.25212E-3 4.19407E-3 3.12833E-3 8.9001E-3 1.67632E-2 1.42515E-2 9.63118E-3 6.07193E-5 1.83886E-6 1.29372E-7 3.31111E-6 5.71565E-6 6.29842E-6 1.27025E-6 6.19514E-6 6.05438E-5 6.64841E-5 6.8802E-5 5.96383E-5 6.34843E-5 5.50091E-5 8.27996E-6 3.5658E-6 3.4581E-6 6.21093E-6 2.40219E-6 7.05918E-7 5.13489E-7 5.94059E-7 1.98908E-6 3.09488E-5 1.07376E-5 1.40871E-6 5.3307E-6 4.9935E-6 2.2607E-6 1.48116E-6 1.50042E-6 1.47877E-6 1.19305E-6 1.02414E-6 9.49668E-7 1.0124E-6
-9999 -9999 -9999 -9999 -9999 -9999 -9999 -9999 -9999 -9999 -9999 -9999 -9999 -9999 -9999 -9999 -9999 -9999 -9999 -9999 -9999 -9999 -9999 6.46908E-3 3.9709E-3 2.60172E-3 1.04473E-2 2.51038E-2 1.66731E-2 4.92509E-3 1.18074E-5 2.19272E-7 3.30996E-7 1.98066E-6 4.16152E-6 9.3615E-6 2.34302E-6 5.4157E-5 5.52938E-5 3.2479E-5 3.65076E-5 2.6454E-5 5.57853E-5 5.6525E-5 1.65267E-5 5.41928E-6 1.05048E-5 3.95925E-5 5.80712E-6 1.17795E-6 6.25686E-7 8.23533E-7 1.32817E-5 1.69284E-5 2.43743E-6 9.70364E-7 5.62973E-6 3.38467E-6 1.59649E-6 1.2777E-6 1.37046E-6 1.30418E-6 1.14004E-6 9.84383E-7 8.82169E-7 9.43608E-7
-9999 -9999 -9999 -9999 -9999 -9999 -9999 -9999 -9999 -9999 -9999 -9999 -9999 -9999 -9999 -9999 -9999 -9999 -9999 -9999 -9999 -9999 1.0595E-2 1.5601E-2 8.30734E-3 6.3163E-3 1.39406E-2 1.8756E-2 1.38952E-2 4.79756E-3 1.72664E-5 3.36276E-7 7.0353E-7 6.79832E-7 1.42382E-5 2.3306E-5 1.29977E-5 5.76424E-5 5.12901E-5 3.13954E-5 2.12672E-5 1.53973E-5 5.26609E-5 6.06104E-5 3.46027E-5 6.80054E-6 3.84078E-5 4.68061E-5 6.30317E-6 2.09463E-6 1.35865E-6 3.18408E-6 8.09393E-6 1.57646E-6 8.16495E-7 1.38363E-6 4.9556E-6 2.38158E-6 1.33056E-6 1.23746E-6 1.12785E-6 1.2311E-6 1.0699E-6 9.17798E-7 8.77986E-7 9.5869E-7
-9999 -9999 -9999 -9999 -9999 -9999 -9999 -9999 -9999 -9999 -9999 -9999 -9999 -9999 -9999 -9999 -9999 -9999 -9999 -9999 -9999 6.35178E-3 8.29957E-3 1.06924E-2 5.70482E-3 1.27836E-2 3.58159E-2 2.47905E-2 1.56326E-2 1.08297E-2 2.94496E-5 8.62748E-7 1.51555E-6 2.75285E-6 2.93925E-5 1.94258E-5 2.82863E-5 5.60522E-5 5.82353E-5 4.73586E-5 1.27366E-5 2.66212E-5 2.90009E-5 1.68878E-5 2.98066E-5 4.50441E-6 4.20097E-5 3.80383E-5 6.80567E-6 4.66948E-6 2.37561E-6 1.61712E-6 8.31751E-7 7.31954E-7 7.29992E-7 9.60852E-7 5.39835E-6 2.05507E-6 1.2205E-6 1.05916E-6 1.05484E-6 1.10574E-6 1.00756E-6 8.81164E-7 9.5094E-7 1.07469E-6
-9999 -9999 -9999 -9999 -9999 -9999 -9999 -9999 -9999 -9999 -9999 -9999 -9999 -9999 -9999 -9999 -9999 -9999 -9999 -9999 -9999 6.28699E-3 9.74478E-3 1.55734E-2 1.20433E-2 2.66144E-2 3.83936E-2 2.95125E-2 1.22028E-2 7.76506E-3 4.7119E-6 6.49961E-7 9.65234E-7 5.59273E-6 2.48091E-5 4.39294E-5 8.08267E-6 6.78928E-5 5.70065E-5 3.71652E-5 1.05611E-5 2.96511E-5 2.50641E-5 1.41017E-5 2.95109E-5 3.51427E-6 3.6547E-5 2.743E-5 1.28711E-5 7.50808E-6 1.38272E-6 9.00361E-7 7.91373E-7 6.45581E-7 6.54254E-7 7.21329E-7 3.84267E-6 1.83991E-6 1.08258E-6 1.00237E-6 1.01076E-6 1.0186E-6 8.87693E-7 9.01591E-7 1.07279E-6 1.31419E-6
-9999 -9999 -9999 -9999 -9999 -9999 -9999 -9999 -9999 -9999 -9999 -9999 -9999 -9999 -9999 -9999 -9999 -9999 -9999 -9999 -9999 -9999 8.41869E-3 1.62349E-2 8.98641E-3 3.27971E-2 4.96605E-2 1.58459E-2 2.16219E-3 1.69869E-3 1.98546E-6 1.31252E-6 3.47324E-6 5.91563E-6 2.35744E-5 3.96046E-5 2.93739E-5 4.42804E-5 3.43677E-5 3.88668E-5 1.11533E-5 1.8058E-5 5.23336E-5 5.85376E-5 1.08422E-5 2.70344E-6 1.42871E-5 1.55675E-5 1.4892E-5 2.13224E-6 1.23615E-6 9.65713E-7 7.619E-7 5.58572E-7 5.81466E-7 6.35691E-7 2.28607E-6 1.29183E-6 1.13336E-6 9.63443E-7 1.03744E-6 1.00708E-6 9.56766E-7 9.75321E-7 1.41744E-6 1.78092E-6
-9999 -9999 -9999 -9999 -9999 -9999 -9999 -9999 -9999 -9999 -9999 -9999 -9999 -9999 -9999 -9999 -9999 -9999 -9999 -9999 -9999 -9999 1.11868E-2 1.07926E-2 1.28727E-2 3.74716E-2 5.30847E-2 9.87319E-3 6.71686E-3 9.05886E-4 1.45564E-6 6.63329E-7 3.23937E-6 6.89891E-6 3.8981E-5 3.60628E-5 4.0529E-5 3.81149E-5 1.49802E-5 2.8489E-5 8.53956E-6 9.81042E-6 1.64543E-5 4.18781E-5 1.20522E-5 2.08818E-6 3.34464E-6 2.22265E-5 4.89987E-6 1.25193E-6 1.0873E-6 8.11511E-7 7.24528E-7 6.14936E-7 6.03185E-7 5.9916E-7 1.05207E-6 1.08655E-6 1.00072E-6 9.06991E-7 8.98395E-7 1.14777E-6 8.61423E-7 1.04964E-6 1.43973E-6 2.12128E-6
-9999 -9999 -9999 -9999 -9999 -9999 -9999 -9999 -9999 -9999 -9999 -9999 -9999 -9999 -9999 -9999 -9999 -9999 -9999 -9999 -9999 -9999 1.5952E-2 3.59089E-2 2.46932E-2 4.93865E-2 4.8848E-2 3.49194E-3 2.52883E-3 1.72083E-3 5.74869E-7 6.56546E-7 3.55559E-6 9.67006E-8 3.81097E-5 1.33942E-5 4.2727E-5 5.59399E-5 1.37199E-5 1.00936E-5 6.21262E-6 4.96876E-6 9.11161E-6 2.66987E-5 3.20404E-5 1.72781E-6 1.8455E-6 1.47354E-5 2.76319E-6 1.31387E-6 1.01246E-6 7.67857E-7 7.20692E-7 7.2638E-7 1.14325E-6 7.45665E-7 6.89443E-7 8.09025E-7 7.92411E-7 8.41025E-7 9.73221E-7 1.2009E-6 9.563E-7 1.07822E-6 1.52715E-6 3.22393E-6
-9999 -9999 -9999 -9999 -9999 -9999 -9999 -9999 -9999 -9999 -9999 -9999 -9999 -9999 -9999 -9999 -9999 -9999 -9999 -9999 -9999 -9999 1.54912E-2 1.80199E-2 2.62157E-2 4.18149E-2 5.49722E-2 1.86151E-2 1.46092E-3 1.08419E-3 7.60882E-7 2.39362E-6 9.29324E-7 6.40729E-7 3.26888E-5 4.35216E-5 3.72984E-5 6.03688E-5 4.18093E-5 5.91691E-6 7.62258E-6 4.24503E-6 4.99048E-6 1.4518E-5 3.376E-5 1.36107E-5 1.65832E-6 8.90519E-6 1.89241E-6 1.20255E-6 8.2713E-7 7.05098E-7 6.10362E-7 7.0036E-7 1.22808E-6 8.11997E-7 6.58598E-7 7.25572E-7 8.25538E-7 9.74111E-7 1.08693E-6 1.3846E-6 1.29454E-6 1.22197E-6 2.55586E-6 5.7598E-6
-9999 -9999 -9999 -9999 -9999 -9999 -9999 -9999 -9999 -9999 -9999 -9999 -9999 -9999 -9999 -9999 -9999 -9999 -9999 -9999 -9999 -9999 -9999 1.47744E-2 1.60641E-2 3.5484E-2 4.1755E-2 2.91165E-2 1.44414E-2 5.09454E-3 5.00933E-7 2.22277E-6 2.35507E-7 4.09747E-5 4.17304E-5 5.05734E-5 4.18427E-5 5.19905E-5 4.41157E-5 6.99664E-6 2.93677E-6 1.06565E-5 6.49654E-6 7.76607E-6 2.55303E-5 2.16224E-5 3.66808E-6 2.54214E-6 1.49116E-6 1.19461E-6 8.75639E-7 7.51246E-7 6.51837E-7 8.73182E-7 9.99042E-7 7.37465E-7 6.78471E-7 7.27672E-7 8.88281E-7 1.14343E-6 1.69464E-6 2.19389E-6 1.45232E-6 1.80022E-6 4.85638E-6 1.02868E-5
-9999 -9999 -9999 -9999 -9999 -9999 -9999 -9999 -9999 -9999 -9999 -9999 -9999 -9999 -9999 -9999 -9999 -9999 -9999 -9999 -9999 -9999 1.59141E-2 1.87694E-2 1.61025E-2 1.24116E-2 1.17171E-2 3.60575E-3 4.86544E-5 6.60239E-5 5.25614E-7 3.74615E-7 1.21868E-6 4.28928E-5 3.23306E-5 3.459E-5 5.2347E-5 2.84556E-5 2.2785E-5 8.8096E-6 2.01058E-6 6.62977E-6 9.80112E-6 6.94753E-6 1.24751E-5 7.42515E-6 7.66945E-6 2.31699E-6 1.4269E-6 1.16424E-6 1.00845E-6 9.044E-7 7.85857E-7 7.72855E-7 8.31206E-7 6.93954E-7 1.06494E-6 1.26781E-6 1.64911E-6 1.92901E-6 2.03794E-6 1.71014E-6 1.49922E-6 3.10948E-6 1.03805E-5 1.43234E-5
-9999 -9999 -9999 -9999 -9999 -9999 -9999 -9999 -9999 -9999 -9999 -9999 -9999 -9999 -9999 -9999 -9999 -9999 -9999 -9999 -9999 1.12954E-2 2.29283E-2 2.64583E-2 2.07577E-2 2.18334E-2 6.93237E-3 8.32557E-4 2.83061E-5 9.12878E-6 2.61917E-7 1.12004E-7 6.74742E-6 3.55631E-5 2.80257E-5 3.08002E-5 3.80956E-5 1.66246E-5 1.40247E-5 6.9331E-6 1.64148E-6 2.34693E-6 1.41282E-5 1.24733E-5 7.02602E-6 4.58469E-6 4.22308E-6 2.43203E-6 1.54721E-6 1.27316E-6 1.4415E-6 1.24998E-6 1.08162E-6 9.46841E-7 8.14257E-7 7.4664E-7 9.70344E-7 1.53358E-6 1.43654E-6 1.28151E-6 1.36522E-6 1.51689E-6 2.09996E-6 4.44259E-6 1.39764E-5 1.4931E-5
