Leopardus guigna/Leopardus_guigna_projection 2041-2060_novel.asc
ncols         515
nrows         545
xllcorner     -119.0
yllcorner     -58.333333333333
cellsize      0.166666666667
NODATA_value  -9999
[rows 390 to 419 of 545, columns 340 to 407 of 515]
2.57043E1 2.57043E1 2.57043E1 2.57043E1 3.15182E1 3.15182E1 2.84918E1 2.05475E1 1.80986E1 1.07317E1 6.59034E0 4.42011E0 1.02339E1 2.65207E1 3.08412E1 2.08661E1 3.15182E1 2.56446E1 2.37929E1 1.64659E1 2.56446E1 2.24191E1 1.62469E1 1.80986E1 9.81583E0 1.48333E1 2.01891E1 2.61224E1 2.78746E1 2.56446E1 2.25983E1 2.04679E1 1.91339E1 1.78198E1 1.64261E1 1.49527E1 1.41364E1 1.41364E1 1.111E1 8.40219E0 6.74963E0 5.41563E0 4.47984E0 4.26083E0 4.00199E0 4.26083E0 4.10154E0 4.47984E0 4.69885E0 5.41563E0 5.41563E0 4.9776E0 5.21653E0 5.41563E0 5.65455E0 2.92683E0 8.76058E-1 8.76058E-1 2.1105E0 -9999 -9999 -9999 -9999 -9999 -9999 -9999 -9999 -9999
2.11448E1 2.57043E1 2.57043E1 2.57043E1 3.15182E1 3.15182E1 3.15182E1 2.41115E1 1.88352E1 1.41165E1 6.59034E0 5.97312E0 5.19662E0 5.97312E0 1.93131E1 1.90144E1 2.84918E1 2.37929E1 2.13041E1 1.51717E1 2.49278E1 2.13041E1 1.55301E1 1.62469E1 1.18268E1 1.02339E1 2.54256E1 2.68591E1 2.60826E1 2.41314E1 2.18417E1 2.00697E1 1.85963E1 1.78198E1 1.74017E1 1.46541E1 1.32205E1 1.37183E1 1.05127E1 8.16327E0 6.66999E0 5.555E0 4.69885E0 4.26083E0 4.10154E0 4.00199E0 4.38029E0 4.81832E0 5.555E0 5.81384E0 6.3116E0 5.9333E0 5.9333E0 6.35142E0 3.72325E0 8.76058E-1 8.76058E-1 1.5331E0 3.72325E0 -9999 -9999 -9999 -9999 -9999 -9999 -9999 -9999 -9999
2.11448E1 2.57043E1 2.57043E1 2.57043E1 2.57043E1 2.57043E1 3.04032E1 3.04032E1 2.13041E1 1.55301E1 8.6212E0 5.97312E0 5.19662E0 4.42011E0 5.19662E0 9.81583E0 1.55301E1 1.778E1 1.64659E1 1.64659E1 2.44102E1 1.88352E1 1.29816E1 1.41165E1 1.26232E1 7.14783E0 2.05475E1 2.08661E1 2.31956E1 2.08661E1 2.15231E1 1.96914E1 1.84569E1 1.72424E1 1.59283E1 1.38377E1 1.111E1 9.83574E0 8.40219E0 7.4664E0 6.35142E0 5.27626E0 4.69885E0 4.26083E0 4.26083E0 4.26083E0 4.81832E0 5.65455E0 6.05276E0 6.3116E0 6.66999E0 6.53061E0 6.47088E0 3.72325E0 8.76058E-1 3.72325E0 2.1105E0 4.42011E0 -9999 -9999 -9999 -9999 -9999 -9999 -9999 -9999 -9999 -9999
2.11448E1 2.57043E1 2.57043E1 2.57043E1 2.57043E1 2.57043E1 2.57043E1 2.57043E1 2.57043E1 2.01891E1 1.41165E1 6.59034E0 5.19662E0 4.42011E0 3.72325E0 3.72325E0 5.97312E0 1.18268E1 1.12295E1 1.62469E1 2.05475E1 1.73021E1 1.26232E1 -9999 1.22648E1 1.33798E1 1.48333E1 1.88352E1 1.93131E1 2.21404E1 1.94126E1 1.85963E1 1.78198E1 1.70234E1 1.54306E1 1.2663E1 9.97511E0 8.28273E0 7.22748E0 6.47088E0 5.65455E0 4.9776E0 4.47984E0 3.86262E0 4.00199E0 5.03733E0 5.555E0 6.53061E0 6.53061E0 6.74963E0 6.74963E0 6.90891E0 2.1105E0 8.76058E-1 2.92683E0 4.42011E0 6.59034E0 2.92683E0 -9999 -9999 -9999 -9999 -9999 -9999 -9999 -9999 -9999 -9999
2.11448E1 2.11448E1 2.57043E1 2.57043E1 2.57043E1 2.57043E1 2.57043E1 2.57043E1 2.57043E1 2.57043E1 2.08661E1 1.55301E1 8.6212E0 4.42011E0 2.92683E0 2.92683E0 3.72325E0 5.19662E0 5.97312E0 6.59034E0 8.6212E0 1.55301E1 1.55301E1 -9999 1.43753E1 1.26232E1 1.90144E1 2.72374E1 2.45893E1 2.15231E1 1.96914E1 1.81782E1 1.68044E1 1.60478E1 1.54306E1 1.32205E1 9.7561E0 7.90443E0 6.72972E0 5.9333E0 5.41563E0 4.81832E0 4.26083E0 3.54405E0 4.00199E0 5.03733E0 5.81384E0 7.22748E0 7.4664E0 7.4664E0 7.4664E0 5.97312E0 1.5331E0 3.72325E0 7.90443E0 7.34694E0 3.72325E0 -9999 -9999 -9999 -9999 -9999 -9999 -9999 -9999 -9999 -9999 -9999
2.11448E1 2.11448E1 2.11448E1 2.57043E1 2.57043E1 2.57043E1 2.57043E1 2.57043E1 2.57043E1 2.57043E1 2.49278E1 2.13041E1 1.73021E1 1.07317E1 2.92683E0 2.92683E0 2.92683E0 2.92683E0 3.72325E0 4.42011E0 4.42011E0 5.19662E0 6.59034E0 -9999 1.07317E1 2.27775E1 2.86312E1 2.67596E1 2.37929E1 2.08064E1 1.88153E1 1.68044E1 1.58288E1 1.5112E1 1.46541E1 1.25436E1 9.49726E0 7.90443E0 6.66999E0 5.9333E0 5.27626E0 4.69885E0 4.10154E0 3.86262E0 4.00199E0 4.55948E0 5.47536E0 6.66999E0 7.0881E0 7.34694E0 7.60577E0 7.96416E0 2.1105E0 3.72325E0 8.60129E0 6.59034E0 -9999 -9999 -9999 -9999 -9999 -9999 -9999 -9999 -9999 -9999 -9999 -9999
2.11448E1 2.11448E1 2.11448E1 2.57043E1 2.57043E1 2.57043E1 2.57043E1 2.57043E1 2.57043E1 2.57043E1 2.57043E1 2.54256E1 2.27775E1 1.93131E1 1.41165E1 4.42011E0 2.92683E0 2.1105E0 2.1105E0 2.1105E0 2.1105E0 2.1105E0 -9999 -9999 1.41165E1 1.93131E1 2.72374E1 2.56446E1 2.28571E1 1.98706E1 1.76207E1 1.58288E1 1.46541E1 1.34594E1 1.24241E1 1.08313E1 9.13888E0 7.78497E0 6.74963E0 6.05276E0 5.41563E0 4.9776E0 4.47984E0 4.10154E0 4.26083E0 4.38029E0 5.47536E0 6.35142E0 6.66999E0 7.22748E0 7.64559E0 7.14783E0 4.42011E0 9.25834E0 -9999 -9999 -9999 -9999 -9999 -9999 -9999 -9999 -9999 -9999 -9999 -9999 -9999 -9999
2.11448E1 2.11448E1 2.11448E1 2.11448E1 2.11448E1 2.57043E1 2.57043E1 2.57043E1 2.57043E1 2.57043E1 2.57043E1 2.57043E1 2.57043E1 2.56446E1 1.96715E1 1.62469E1 7.96416E0 3.72325E0 2.92683E0 2.92683E0 2.1105E0 2.1105E0 -9999 -9999 2.13041E1 2.68591E1 2.65804E1 2.41314E1 2.08064E1 1.88153E1 1.64261E1 1.5112E1 1.38377E1 1.18666E1 1.08313E1 9.7561E0 8.40219E0 7.60577E0 6.72972E0 6.05276E0 5.47536E0 5.03733E0 4.9776E0 4.9776E0 4.81832E0 5.21653E0 5.41563E0 6.17222E0 6.47088E0 6.74963E0 7.60577E0 7.14783E0 8.6212E0 -9999 -9999 -9999 -9999 -9999 -9999 -9999 -9999 -9999 -9999 -9999 -9999 -9999 -9999 -9999
2.11448E1 2.11448E1 2.11448E1 2.11448E1 2.11448E1 2.57043E1 2.57043E1 2.57043E1 2.57043E1 2.11448E1 2.11448E1 2.57043E1 2.57043E1 2.57043E1 2.19014E1 1.55301E1 1.43753E1 1.26232E1 6.59034E0 2.92683E0 3.72325E0 2.92683E0 3.72325E0 9.25834E0 1.48333E1 2.44102E1 2.52265E1 2.23992E1 2.01692E1 1.7999E1 1.56496E1 1.41364E1 1.2663E1 1.1767E1 1.05127E1 9.13888E0 8.28273E0 7.64559E0 6.74963E0 6.3116E0 6.05276E0 5.81384E0 5.555E0 5.47536E0 4.81832E0 4.69885E0 5.21653E0 6.05276E0 6.3116E0 6.53061E0 7.22748E0 8.10353E0 8.28273E0 -9999 -9999 -9999 -9999 -9999 -9999 -9999 -9999 -9999 -9999 -9999 -9999 -9999 -9999 -9999
2.11448E1 2.11448E1 2.11448E1 2.11448E1 2.11448E1 2.11448E1 2.11448E1 2.11448E1 2.57043E1 2.57043E1 2.11448E1 2.57043E1 2.49278E1 2.08661E1 1.83773E1 1.80986E1 1.96715E1 1.59681E1 1.33798E1 1.18268E1 4.42011E0 3.72325E0 4.42011E0 4.42011E0 -9999 2.27775E1 2.54256E1 2.20607E1 1.96914E1 1.72424E1 1.57093E1 1.3997E1 1.29617E1 1.24241E1 1.07516E1 9.35789E0 8.40219E0 7.64559E0 6.90891E0 6.66999E0 6.66999E0 6.72972E0 6.53061E0 6.17222E0 5.555E0 5.47536E0 5.555E0 5.555E0 6.17222E0 6.3116E0 6.74963E0 8.0438E0 -9999 -9999 -9999 -9999 -9999 -9999 -9999 -9999 -9999 -9999 -9999 -9999 -9999 -9999 -9999 -9999
2.11448E1 2.11448E1 2.11448E1 2.11448E1 2.11448E1 2.11448E1 2.11448E1 2.11448E1 2.11448E1 2.57043E1 2.57043E1 2.57043E1 2.57043E1 2.57043E1 2.49278E1 2.31956E1 2.05475E1 1.69039E1 1.73021E1 1.33798E1 8.6212E0 5.19662E0 4.42011E0 -9999 -9999 -9999 1.69039E1 2.20607E1 1.9552E1 1.72424E1 1.56496E1 1.45147E1 1.34594E1 1.34594E1 1.1767E1 9.49726E0 8.60129E0 7.90443E0 7.4664E0 6.90891E0 7.22748E0 7.64559E0 7.90443E0 6.74963E0 5.65455E0 5.555E0 5.03733E0 5.41563E0 5.65455E0 6.17222E0 7.22748E0 -9999 -9999 -9999 -9999 -9999 -9999 -9999 -9999 -9999 -9999 -9999 -9999 -9999 -9999 -9999 -9999 -9999
2.11448E1 2.11448E1 2.11448E1 2.11448E1 2.11448E1 2.11448E1 2.57043E1 2.57043E1 2.11448E1 2.11448E1 2.57043E1 2.57043E1 2.57043E1 2.57043E1 2.44102E1 2.54256E1 2.56446E1 2.19014E1 1.73021E1 1.64659E1 1.22648E1 1.12295E1 5.97312E0 -9999 -9999 -9999 -9999 -9999 -9999 -9999 -9999 -9999 1.2663E1 1.29617E1 1.12892E1 9.35789E0 8.28273E0 7.60577E0 6.72972E0 6.53061E0 6.74963E0 7.64559E0 7.90443E0 6.47088E0 5.21653E0 5.27626E0 4.9776E0 5.21653E0 5.555E0 6.47088E0 -9999 -9999 -9999 -9999 -9999 -9999 -9999 -9999 -9999 -9999 -9999 -9999 -9999 -9999 -9999 -9999 -9999 -9999
1.79393E1 2.11448E1 2.11448E1 2.11448E1 2.11448E1 2.11448E1 2.11448E1 2.57043E1 2.11448E1 2.57043E1 2.57043E1 2.57043E1 2.57043E1 2.57043E1 2.57043E1 2.49278E1 2.0448E1 2.01891E1 1.80986E1 1.55301E1 1.64659E1 1.48333E1 1.41165E1 -9999 -9999 -9999 -9999 -9999 -9999 -9999 -9999 -9999 -9999 1.111E1 9.7561E0 8.16327E0 7.64559E0 6.74963E0 6.47088E0 6.35142E0 6.17222E0 6.66999E0 6.47088E0 5.9333E0 5.03733E0 4.69885E0 4.55948E0 4.69885E0 5.555E0 -9999 -9999 -9999 -9999 -9999 -9999 -9999 -9999 -9999 -9999 -9999 -9999 -9999 -9999 -9999 -9999 -9999 -9999 -9999
2.11448E1 2.11448E1 2.11448E1 2.11448E1 2.11448E1 2.11448E1 2.11448E1 2.11448E1 2.57043E1 2.57043E1 2.57043E1 2.57043E1 2.57043E1 2.57043E1 2.56446E1 2.37929E1 2.0448E1 2.0448E1 2.01891E1 1.80986E1 1.59681E1 1.43753E1 1.26232E1 1.02339E1 -9999 -9999 -9999 -9999 -9999 -9999 -9999 -9999 -9999 -9999 -9999 -9999 6.74963E0 6.66999E0 -9999 -9999 -9999 -9999 4.9776E0 4.47984E0 4.00199E0 4.10154E0 -9999 -9999 -9999 -9999 -9999 -9999 -9999 -9999 -9999 -9999 -9999 -9999 -9999 -9999 -9999 -9999 -9999 -9999 -9999 -9999 -9999 -9999
1.79393E1 1.79393E1 2.11448E1 2.11448E1 2.11448E1 2.11448E1 2.11448E1 2.57043E1 2.57043E1 2.57043E1 2.57043E1 2.57043E1 2.57043E1 2.54256E1 2.56446E1 2.31956E1 2.19014E1 2.05475E1 1.93131E1 1.90144E1 1.778E1 1.43753E1 1.33798E1 1.51717E1 1.51717E1 1.33798E1 8.6212E0 -9999 -9999 -9999 -9999 -9999 -9999 -9999 -9999 -9999 -9999 -9999 -9999 -9999 -9999 -9999 -9999 -9999 -9999 -9999 -9999 -9999 -9999 -9999 -9999 -9999 -9999 -9999 -9999 -9999 -9999 -9999 -9999 -9999 -9999 -9999 -9999 -9999 -9999 -9999 -9999 -9999
1.79393E1 1.79393E1 2.11448E1 2.11448E1 2.11448E1 2.11448E1 2.57043E1 2.57043E1 2.57043E1 2.57043E1 2.57043E1 2.57043E1 2.54256E1 2.31956E1 2.24191E1 2.13041E1 1.93131E1 1.96715E1 1.778E1 1.80986E1 1.778E1 1.69039E1 1.51717E1 1.33798E1 1.29816E1 1.33798E1 1.22648E1 1.12295E1 7.96416E0 -9999 -9999 -9999 -9999 -9999 -9999 -9999 -9999 -9999 -9999 -9999 -9999 -9999 -9999 -9999 -9999 -9999 -9999 -9999 -9999 -9999 -9999 -9999 -9999 -9999 -9999 -9999 -9999 -9999 -9999 -9999 -9999 -9999 -9999 -9999 -9999 -9999 -9999 -9999
1.79393E1 1.79393E1 2.11448E1 2.11448E1 2.11448E1 2.11448E1 2.57043E1 2.57043E1 2.57043E1 2.57043E1 2.57043E1 2.57043E1 2.57043E1 2.49278E1 2.27775E1 2.01891E1 1.90144E1 1.778E1 1.69039E1 1.59681E1 1.62469E1 1.64659E1 1.59681E1 1.41165E1 1.22648E1 1.02339E1 1.07317E1 1.07317E1 1.18268E1 9.25834E0 -9999 -9999 -9999 -9999 -9999 -9999 -9999 -9999 -9999 -9999 -9999 -9999 -9999 -9999 -9999 -9999 -9999 -9999 -9999 -9999 -9999 -9999 -9999 -9999 -9999 -9999 -9999 -9999 -9999 -9999 -9999 -9999 -9999 -9999 -9999 -9999 -9999 -9999
1.79393E1 1.79393E1 2.11448E1 2.11448E1 2.11448E1 2.11448E1 2.57043E1 2.57043E1 2.57043E1 2.57043E1 2.57043E1 2.57043E1 2.49278E1 2.41115E1 2.19014E1 1.93131E1 1.88352E1 1.778E1 1.62469E1 1.48333E1 1.48333E1 1.48333E1 1.43753E1 1.41165E1 1.29816E1 1.12295E1 8.6212E0 7.14783E0 6.59034E0 8.6212E0 8.6212E0 -9999 -9999 -9999 -9999 -9999 -9999 -9999 -9999 -9999 -9999 -9999 -9999 -9999 -9999 -9999 -9999 -9999 -9999 -9999 -9999 -9999 -9999 -9999 -9999 -9999 -9999 -9999 -9999 -9999 -9999 -9999 -9999 -9999 -9999 -9999 -9999 -9999
1.79393E1 2.11448E1 2.11448E1 2.11448E1 2.11448E1 2.57043E1 2.57043E1 2.57043E1 2.57043E1 2.57043E1 2.57043E1 2.57043E1 2.56446E1 2.31956E1 2.24191E1 2.13041E1 1.88352E1 1.62469E1 1.51717E1 1.41165E1 1.37979E1 1.33798E1 1.29816E1 1.29816E1 1.22648E1 9.81583E0 8.6212E0 7.96416E0 7.14783E0 5.19662E0 -9999 -9999 -9999 -9999 -9999 -9999 -9999 -9999 -9999 -9999 -9999 -9999 -9999 -9999 -9999 -9999 -9999 -9999 -9999 -9999 -9999 -9999 -9999 -9999 -9999 -9999 -9999 -9999 -9999 -9999 -9999 -9999 -9999 -9999 -9999 -9999 -9999 -9999
1.79393E1 2.11448E1 2.11448E1 2.11448E1 2.11448E1 2.11448E1 2.57043E1 2.57043E1 2.57043E1 2.57043E1 2.57043E1 2.57043E1 2.57043E1 2.41115E1 2.24191E1 2.01891E1 1.83773E1 1.69039E1 1.55301E1 1.48333E1 1.41165E1 1.41165E1 1.33798E1 1.22648E1 1.02339E1 9.25834E0 7.14783E0 7.96416E0 6.59034E0 -9999 -9999 -9999 -9999 -9999 -9999 -9999 -9999 -9999 -9999 -9999 -9999 -9999 -9999 -9999 -9999 -9999 -9999 -9999 -9999 -9999 -9999 -9999 -9999 -9999 -9999 -9999 -9999 -9999 -9999 -9999 -9999 -9999 -9999 -9999 -9999 -9999 -9999 -9999
1.79393E1 1.79393E1 2.11448E1 2.11448E1 2.11448E1 2.11448E1 2.11448E1 2.11448E1 2.57043E1 2.11448E1 2.11448E1 2.11448E1 2.57043E1 2.11448E1 2.11448E1 2.11448E1 1.96715E1 1.83773E1 1.73021E1 1.64659E1 1.55301E1 1.43753E1 1.29816E1 1.12295E1 1.07317E1 8.6212E0 8.6212E0 7.14783E0 5.19662E0 -9999 -9999 -9999 -9999 -9999 -9999 -9999 -9999 -9999 -9999 -9999 -9999 -9999 -9999 -9999 -9999 -9999 -9999 -9999 -9999 -9999 -9999 -9999 -9999 -9999 -9999 -9999 -9999 -9999 -9999 -9999 -9999 -9999 -9999 -9999 -9999 -9999 -9999 -9999
1.79393E1 1.79393E1 1.79393E1 2.11448E1 2.11448E1 2.11448E1 2.11448E1 2.11448E1 2.11448E1 2.11448E1 2.11448E1 2.11448E1 2.11448E1 2.11448E1 2.11448E1 2.11448E1 2.11448E1 2.31956E1 2.08661E1 1.93131E1 1.778E1 1.55301E1 1.33798E1 1.12295E1 8.6212E0 7.96416E0 7.96416E0 7.14783E0 5.19662E0 3.72325E0 -9999 -9999 -9999 -9999 -9999 -9999 -9999 -9999 -9999 -9999 -9999 -9999 -9999 -9999 -9999 -9999 -9999 -9999 -9999 -9999 -9999 -9999 -9999 -9999 -9999 -9999 -9999 -9999 -9999 -9999 -9999 -9999 -9999 -9999 -9999 -9999 -9999 -9999
1.79393E1 1.79393E1 1.79393E1 1.79393E1 2.11448E1 2.11448E1 2.11448E1 2.11448E1 2.11448E1 2.11448E1 2.11448E1 2.11448E1 2.11448E1 2.11448E1 2.11448E1 2.11448E1 2.11448E1 2.11448E1 2.11448E1 2.19014E1 1.93131E1 1.778E1 1.51717E1 1.26232E1 1.02339E1 7.96416E0 7.14783E0 7.14783E0 5.19662E0 3.72325E0 1.5331E0 -9999 -9999 -9999 -9999 -9999 -9999 -9999 -9999 -9999 -9999 -9999 -9999 -9999 -9999 -9999 -9999 -9999 -9999 -9999 -9999 -9999 -9999 -9999 -9999 -9999 -9999 -9999 -9999 -9999 -9999 -9999 -9999 -9999 -9999 -9999 -9999 -9999
1.44948E1 1.79393E1 1.79393E1 1.79393E1 1.79393E1 1.79393E1 2.11448E1 2.11448E1 2.11448E1 2.11448E1 2.11448E1 2.11448E1 2.11448E1 2.11448E1 2.11448E1 2.11448E1 2.11448E1 2.11448E1 2.11448E1 2.57043E1 2.41115E1 2.13041E1 1.80986E1 1.51717E1 1.26232E1 9.81583E0 8.6212E0 7.14783E0 4.42011E0 2.92683E0 1.5331E0 1.5331E0 1.5331E0 -9999 -9999 -9999 -9999 -9999 -9999 -9999 -9999 -9999 -9999 -9999 -9999 -9999 -9999 -9999 -9999 -9999 -9999 -9999 -9999 -9999 -9999 -9999 -9999 -9999 -9999 -9999 -9999 -9999 -9999 -9999 -9999 -9999 -9999 -9999
1.44948E1 1.44948E1 1.79393E1 1.79393E1 1.79393E1 1.79393E1 1.79393E1 1.79393E1 1.79393E1 1.79393E1 1.79393E1 2.11448E1 2.11448E1 2.11448E1 2.11448E1 2.11448E1 2.11448E1 2.11448E1 2.11448E1 2.57043E1 2.57043E1 2.57043E1 2.13041E1 1.73021E1 1.43753E1 1.26232E1 9.81583E0 6.59034E0 4.42011E0 2.92683E0 2.1105E0 1.5331E0 1.5331E0 2.92683E0 -9999 -9999 -9999 -9999 -9999 -9999 -9999 -9999 -9999 -9999 -9999 -9999 -9999 -9999 -9999 -9999 -9999 -9999 -9999 -9999 -9999 -9999 -9999 -9999 -9999 -9999 -9999 -9999 -9999 -9999 -9999 -9999 -9999 -9999
1.44948E1 1.44948E1 1.44948E1 1.44948E1 1.79393E1 1.79393E1 1.79393E1 1.79393E1 1.79393E1 1.79393E1 2.11448E1 2.11448E1 2.11448E1 2.11448E1 2.11448E1 2.11448E1 2.11448E1 2.11448E1 2.11448E1 2.11448E1 2.57043E1 2.57043E1 2.44102E1 2.01891E1 1.69039E1 1.37979E1 9.81583E0 6.59034E0 5.19662E0 4.42011E0 2.92683E0 2.1105E0 1.5331E0 2.92683E0 -9999 -9999 -9999 -9999 -9999 -9999 -9999 -9999 -9999 -9999 -9999 -9999 -9999 -9999 -9999 -9999 -9999 -9999 -9999 -9999 -9999 -9999 -9999 -9999 -9999 -9999 -9999 -9999 -9999 -9999 -9999 -9999 -9999 -9999
1.44948E1 1.44948E1 1.44948E1 1.44948E1 1.44948E1 1.79393E1 1.79393E1 1.79393E1 1.79393E1 1.79393E1 1.79393E1 2.11448E1 2.11448E1 2.11448E1 2.11448E1 2.11448E1 2.11448E1 2.11448E1 2.11448E1 2.57043E1 2.57043E1 2.57043E1 2.57043E1 2.56446E1 1.96715E1 1.51717E1 1.07317E1 7.14783E0 5.19662E0 5.19662E0 4.42011E0 2.1105E0 8.76058E-1 -9999 -9999 -9999 -9999 -9999 -9999 -9999 -9999 -9999 -9999 -9999 -9999 -9999 -9999 -9999 -9999 -9999 -9999 -9999 -9999 -9999 -9999 -9999 -9999 -9999 -9999 -9999 -9999 -9999 -9999 -9999 -9999 -9999 -9999 -9999
1.44948E1 1.44948E1 1.44948E1 1.44948E1 1.44948E1 1.44948E1 1.79393E1 1.79393E1 1.79393E1 1.79393E1 1.79393E1 1.79393E1 2.11448E1 2.11448E1 2.11448E1 2.11448E1 2.11448E1 2.11448E1 2.57043E1 2.57043E1 2.57043E1 2.57043E1 3.15182E1 3.08412E1 2.41115E1 1.83773E1 1.43753E1 1.07317E1 7.14783E0 5.19662E0 5.19662E0 3.72325E0 3.72325E0 -9999 -9999 -9999 -9999 -9999 -9999 -9999 -9999 -9999 -9999 -9999 -9999 -9999 -9999 -9999 -9999 -9999 -9999 -9999 -9999 -9999 -9999 -9999 -9999 -9999 -9999 -9999 -9999 -9999 -9999 -9999 -9999 -9999 -9999 -9999
1.44948E1 1.44948E1 1.44948E1 1.44948E1 1.44948E1 1.79393E1 1.79393E1 1.79393E1 1.79393E1 1.79393E1 1.79393E1 2.11448E1 2.11448E1 2.11448E1 2.11448E1 2.11448E1 2.11448E1 2.11448E1 2.57043E1 2.57043E1 2.57043E1 2.57043E1 3.15182E1 3.08014E1 2.68591E1 2.08661E1 1.64659E1 1.33798E1 9.81583E0 5.19662E0 3.72325E0 4.42011E0 -9999 -9999 -9999 -9999 -9999 -9999 -9999 -9999 -9999 -9999 -9999 -9999 -9999 -9999 -9999 -9999 -9999 -9999 -9999 -9999 -9999 -9999 -9999 -9999 -9999 -9999 -9999 -9999 -9999 -9999 -9999 -9999 -9999 -9999 -9999 -9999
1.44948E1 1.44948E1 1.44948E1 1.44948E1 1.79393E1 1.79393E1 1.79393E1 1.79393E1 1.79393E1 1.79393E1 1.79393E1 2.11448E1 2.11448E1 2.11448E1 2.11448E1 2.11448E1 2.11448E1 2.57043E1 2.57043E1 2.57043E1 3.15182E1 3.15182E1 3.12792E1 3.0005E1 2.83325E1 2.41115E1 1.88352E1 1.48333E1 1.07317E1 5.19662E0 2.1105E0 -9999 -9999 -9999 -9999 -9999 -9999 -9999 -9999 -9999 -9999 -9999 -9999 -9999 -9999 -9999 -9999 -9999 -9999 -9999 -9999 -9999 -9999 -9999 -9999 -9999 -9999 -9999 -9999 -9999 -9999 -9999 -9999 -9999 -9999 -9999 -9999 -9999
