Leopardus guigna/Leopardus_guigna.asc
ncols         515
nrows         545
xllcorner     -119.0
yllcorner     -58.333333333333
cellsize      0.166666666667
NODATA_value  -9999
[rows 348 to 376 of 545, columns 264 to 329 of 515]
-9999 -9999 -9999 -9999 -9999 -9999 -9999 -9999 -9999 -9999 -9999 -9999 -9999 -9999 -9999 -9999 -9999 -9999 -9999 -9999 -9999 -9999 -9999 -9999 -9999 2.93061E-3 2.50711E-3 1.03135E-3 2.41341E-3 2.22747E-3 1.02999E-3 8.37299E-4 6.36223E-4 5.44234E-4 2.18146E-4 1.01151E-5 4.18501E-5 7.36424E-6 2.61847E-6 2.08342E-5 5.95333E-6 2.48802E-6 3.93826E-8 1.02017E-5 1.19732E-4 3.5601E-6 6.59012E-6 4.84058E-6 9.4259E-6 6.48411E-6 6.99772E-5 2.35379E-4 2.16636E-4 2.25424E-4 2.17706E-4 2.422E-4 1.34085E-4 1.92766E-4 1.88864E-4 9.81988E-5 2.17026E-5 1.57556E-5 1.59366E-5 1.53246E-5 9.74087E-6 5.17327E-6
-9999 -9999 -9999 -9999 -9999 -9999 -9999 -9999 -9999 -9999 -9999 -9999 -9999 -9999 -9999 -9999 -9999 -9999 -9999 -9999 -9999 -9999 -9999 -9999 -9999 3.4583E-3 2.08494E-3 1.2858E-3 1.62141E-3 1.89841E-3 1.33421E-3 1.45149E-3 8.25959E-4 6.12633E-4 2.30171E-4 7.02204E-6 3.88272E-5 4.97955E-6 1.01112E-5 4.92221E-6 7.70236E-6 3.28076E-5 1.42761E-5 1.20897E-4 9.09972E-6 6.82797E-6 4.47785E-6 8.75676E-7 2.12821E-6 6.35068E-6 2.36758E-5 2.17494E-4 2.04071E-4 2.22396E-4 2.00422E-4 1.86417E-4 2.04398E-4 1.56668E-4 1.49058E-4 4.45342E-5 2.56604E-5 1.47408E-5 1.48016E-5 9.21651E-6 8.29371E-6 4.79691E-6
-9999 -9999 -9999 -9999 -9999 -9999 -9999 -9999 -9999 -9999 -9999 -9999 -9999 -9999 -9999 -9999 -9999 -9999 -9999 -9999 -9999 -9999 -9999 -9999 -9999 3.50454E-3 2.44241E-3 1.54821E-3 1.67766E-3 1.89843E-3 9.11797E-4 1.5698E-3 8.40191E-4 5.99908E-4 1.07141E-4 1.37821E-5 9.76251E-6 5.4658E-6 2.73299E-6 2.97148E-6 1.10165E-5 5.7667E-5 9.92884E-5 9.2158E-5 1.65598E-5 7.03818E-5 9.39808E-6 3.66491E-7 1.49814E-7 2.85117E-6 4.18873E-6 1.14837E-4 2.08056E-4 2.14009E-4 1.3726E-4 1.44875E-4 2.40113E-4 1.44692E-4 8.71503E-5 5.23461E-5 5.75091E-5 2.25691E-5 1.51067E-5 8.46158E-6 4.61756E-6 4.71058E-6
-9999 -9999 -9999 -9999 -9999 -9999 -9999 -9999 -9999 -9999 -9999 -9999 -9999 -9999 -9999 -9999 -9999 -9999 -9999 -9999 -9999 -9999 -9999 -9999 -9999 3.3034E-3 2.92518E-3 1.71081E-3 1.62141E-3 1.86145E-3 9.90803E-4 1.60398E-3 1.06325E-3 7.04797E-4 6.01375E-5 3.43954E-5 2.96211E-6 2.97185E-6 6.28621E-7 6.20447E-7 1.81686E-6 2.32503E-5 7.63764E-5 8.2611E-6 7.51596E-5 1.03964E-4 1.28365E-5 1.25442E-6 5.04793E-7 8.99983E-7 4.85716E-6 6.58101E-5 2.45371E-5 1.63098E-4 1.32608E-4 2.03339E-4 1.53937E-4 5.46088E-5 3.91626E-5 5.48777E-5 6.90794E-5 3.25517E-5 1.48957E-5 7.97378E-6 4.96504E-6 4.6644E-6
-9999 -9999 -9999 -9999 -9999 -9999 -9999 -9999 -9999 -9999 -9999 -9999 -9999 -9999 -9999 -9999 -9999 -9999 -9999 -9999 -9999 -9999 -9999 -9999 -9999 4.08326E-3 5.0599E-3 3.12829E-3 2.41341E-3 1.86145E-3 1.34379E-3 1.58768E-3 1.35774E-3 4.80266E-4 1.6271E-4 1.32756E-4 1.57152E-5 6.19774E-7 1.21914E-6 3.46848E-7 1.2331E-7 5.60805E-5 5.75463E-5 2.42208E-5 1.25524E-4 1.42296E-4 5.76299E-5 3.49549E-6 5.07482E-6 6.63025E-6 2.07091E-6 5.59988E-6 1.01347E-5 9.91671E-5 1.49931E-4 2.1475E-4 1.12382E-4 4.47569E-5 4.10582E-5 4.82089E-5 3.98865E-5 2.08303E-5 1.2724E-5 8.58041E-6 4.65303E-6 4.69233E-6
-9999 -9999 -9999 -9999 -9999 -9999 -9999 -9999 -9999 -9999 -9999 -9999 -9999 -9999 -9999 -9999 -9999 -9999 -9999 -9999 -9999 -9999 -9999 -9999 -9999 4.94843E-3 4.70296E-3 3.04651E-3 2.714E-3 2.05691E-3 1.58958E-3 1.72996E-3 1.11242E-3 5.0868E-4 7.12133E-5 6.42055E-5 8.12192E-6 8.53821E-7 1.58979E-7 5.66927E-8 6.92091E-7 2.39041E-5 2.64298E-6 2.51989E-5 1.78817E-4 1.45744E-4 7.97558E-5 6.86023E-7 3.26092E-5 4.94529E-5 1.98394E-5 4.55471E-6 9.38098E-5 2.07372E-4 9.31634E-5 1.65132E-4 7.83338E-5 2.71066E-5 2.24399E-5 2.95097E-5 3.08355E-5 2.10412E-5 8.48487E-6 4.79276E-6 4.97778E-6 4.72054E-6
-9999 -9999 -9999 -9999 -9999 -9999 -9999 -9999 -9999 -9999 -9999 -9999 -9999 -9999 -9999 -9999 -9999 -9999 -9999 -9999 -9999 -9999 -9999 -9999 -9999 7.03682E-3 5.96531E-3 5.65216E-3 5.38752E-3 6.29295E-3 2.12914E-3 2.01526E-3 1.6773E-4 4.43305E-5 7.50859E-6 2.63358E-5 6.01977E-6 5.38344E-7 5.59119E-8 1.20695E-7 2.82414E-6 3.6383E-6 7.57745E-7 2.82493E-5 7.28353E-5 8.30531E-5 7.5796E-5 4.4596E-7 1.10361E-4 6.41983E-5 1.44701E-5 8.11495E-5 1.64394E-4 1.70524E-4 1.06274E-4 4.97345E-5 5.48507E-5 3.05988E-5 1.31489E-5 2.07723E-5 1.39113E-5 6.92688E-6 8.1402E-6 4.59756E-6 4.42186E-6 4.42294E-6
-9999 -9999 -9999 -9999 -9999 -9999 -9999 -9999 -9999 -9999 -9999 -9999 -9999 -9999 -9999 -9999 -9999 -9999 -9999 -9999 -9999 -9999 -9999 -9999 -9999 7.63434E-3 8.67745E-3 6.26781E-3 9.55552E-3 1.13083E-2 3.34008E-3 1.99958E-3 2.65658E-4 7.26807E-5 2.198E-6 1.1421E-5 2.08893E-6 5.17367E-7 1.62975E-7 9.84688E-8 2.81037E-7 1.34718E-7 2.87693E-6 1.17937E-5 1.26304E-5 3.26096E-5 5.35701E-5 4.67322E-5 8.879E-5 6.15481E-5 2.16386E-5 1.40336E-4 1.49343E-4 1.35916E-4 1.21881E-4 9.10304E-5 3.95714E-5 2.16542E-5 8.90509E-6 9.7965E-6 9.83542E-6 7.1982E-6 5.18748E-6 5.15142E-6 4.47455E-6 2.67725E-6
-9999 -9999 -9999 -9999 -9999 -9999 -9999 -9999 -9999 -9999 -9999 -9999 -9999 -9999 -9999 -9999 -9999 -9999 -9999 -9999 -9999 -9999 -9999 -9999 -9999 1.22912E-2 9.50969E-3 1.33709E-2 1.39662E-2 1.18228E-2 3.63723E-3 1.36709E-3 3.19066E-4 9.8063E-5 6.23909E-6 1.86522E-5 8.14682E-7 4.04562E-7 1.97433E-7 4.08955E-7 4.93157E-7 5.38803E-6 1.36621E-5 1.18608E-4 8.025E-6 7.5787E-6 1.19354E-5 3.87903E-5 1.04898E-4 1.15495E-4 1.24112E-4 7.68306E-5 1.17342E-4 8.75492E-5 2.09918E-5 9.92733E-5 4.17549E-5 1.30953E-5 8.00491E-6 6.72906E-6 6.28928E-6 4.03214E-6 5.80917E-6 5.73339E-6 2.90498E-6 2.5175E-6
-9999 -9999 -9999 -9999 -9999 -9999 -9999 -9999 -9999 -9999 -9999 -9999 -9999 -9999 -9999 -9999 -9999 -9999 -9999 -9999 -9999 -9999 -9999 -9999 2.15206E-2 1.16561E-2 1.10867E-2 1.3728E-2 1.39662E-2 1.18228E-2 5.36965E-3 1.56239E-3 5.96727E-4 1.25129E-4 4.51987E-6 1.09773E-5 6.61592E-7 2.38382E-9 1.24847E-9 5.63719E-9 4.89341E-7 6.93325E-6 6.82364E-5 1.66331E-4 1.27788E-4 4.13552E-5 3.78953E-5 9.8101E-5 1.59506E-4 1.34617E-4 1.13718E-4 7.61689E-5 5.7905E-5 6.80212E-5 4.59664E-5 3.31317E-5 1.67957E-5 1.19859E-5 9.51683E-6 7.73137E-6 4.65902E-6 4.46425E-6 5.01017E-6 3.16538E-6 3.20174E-6 2.35198E-6
-9999 -9999 -9999 -9999 -9999 -9999 -9999 -9999 -9999 -9999 -9999 -9999 -9999 -9999 -9999 -9999 -9999 -9999 -9999 -9999 -9999 -9999 -9999 -9999 1.60929E-2 1.63335E-2 1.40408E-2 1.26821E-2 1.39662E-2 7.79471E-3 6.51651E-3 8.69864E-4 5.91486E-4 1.99265E-5 2.05468E-6 9.16733E-7 3.27692E-7 2.43892E-7 1.37336E-9 1.4208E-7 2.42369E-6 1.1005E-5 6.90426E-5 1.21652E-4 1.56673E-4 1.79796E-4 4.18954E-5 1.46778E-4 6.32658E-5 7.27348E-5 1.1878E-4 7.19393E-5 7.23007E-5 1.03146E-5 3.20897E-5 1.6964E-5 1.6373E-5 1.51308E-5 1.08659E-5 5.89024E-6 4.82053E-6 4.57707E-6 4.127E-6 4.52469E-6 2.55303E-6 2.55175E-6
-9999 -9999 -9999 -9999 -9999 -9999 -9999 -9999 -9999 -9999 -9999 -9999 -9999 -9999 -9999 -9999 -9999 -9999 -9999 -9999 -9999 -9999 -9999 -9999 2.00124E-2 1.93758E-2 2.00729E-2 1.23521E-2 8.69787E-3 1.38885E-2 7.5383E-3 1.16906E-3 2.93062E-5 2.82102E-5 8.78416E-7 4.33452E-7 1.34671E-7 4.21853E-7 3.35565E-7 1.91793E-7 6.14754E-6 2.17235E-5 1.72119E-4 8.07059E-5 6.32681E-5 1.45142E-4 1.71689E-5 8.443E-5 3.86029E-5 6.18838E-5 8.19218E-5 9.44908E-5 9.81545E-5 6.32027E-5 2.56008E-5 1.21907E-5 1.19309E-5 1.04148E-5 7.54051E-6 5.17701E-6 4.40073E-6 4.61861E-6 4.61865E-6 4.40775E-6 2.87454E-6 2.8799E-6
-9999 -9999 -9999 -9999 -9999 -9999 -9999 -9999 -9999 -9999 -9999 -9999 -9999 -9999 -9999 -9999 -9999 -9999 -9999 -9999 -9999 -9999 -9999 2.22624E-2 2.1707E-2 1.91035E-2 1.63931E-2 1.66501E-2 1.39662E-2 1.82307E-2 4.02496E-3 5.16711E-4 1.71381E-5 1.66483E-5 7.96191E-7 1.30682E-7 6.15675E-8 4.71023E-7 1.71131E-6 3.93997E-7 1.83904E-6 2.73618E-5 1.37738E-4 9.02605E-5 6.79675E-5 1.61031E-4 1.57788E-4 6.49172E-5 3.83668E-5 2.14367E-5 1.69452E-5 3.26873E-6 1.22386E-5 1.25995E-5 1.92018E-5 9.77689E-6 8.16582E-6 7.79616E-6 6.57796E-6 4.97052E-6 4.37244E-6 4.52834E-6 4.44908E-6 4.62594E-6 3.01518E-6 2.85488E-6
-9999 -9999 -9999 -9999 -9999 -9999 -9999 -9999 -9999 -9999 -9999 -9999 -9999 -9999 -9999 -9999 -9999 -9999 -9999 -9999 -9999 -9999 -9999 1.99101E-2 1.70765E-2 1.63489E-2 1.53559E-2 1.66501E-2 1.87167E-2 2.33197E-2 2.07465E-3 5.36345E-4 7.35192E-5 4.32294E-6 1.99784E-7 5.70836E-8 6.2544E-9 2.78514E-9 1.13932E-7 6.42545E-7 1.63165E-5 1.34553E-4 1.391E-4 1.39502E-4 1.18386E-4 1.24469E-4 8.99857E-5 1.31511E-5 5.94409E-6 4.99124E-6 2.35662E-6 2.33923E-6 2.14426E-6 2.18221E-5 2.58217E-5 2.06066E-5 5.35147E-6 3.5168E-6 5.67236E-6 5.07458E-6 4.53721E-6 4.35748E-6 4.41142E-6 2.63193E-6 3.19995E-6 3.03377E-6
-9999 -9999 -9999 -9999 -9999 -9999 -9999 -9999 -9999 -9999 -9999 -9999 -9999 -9999 -9999 -9999 -9999 -9999 -9999 -9999 -9999 -9999 -9999 2.00824E-2 1.91261E-2 1.7751E-2 1.36259E-2 1.70939E-2 3.82053E-2 2.77135E-2 2.16334E-3 3.01914E-4 2.58002E-5 1.82199E-5 3.3187E-6 1.1985E-7 1.44916E-9 9.3098E-10 4.37792E-7 1.16721E-6 1.02985E-5 1.3513E-4 1.79114E-4 1.45776E-4 6.14778E-5 7.73242E-5 5.6834E-5 7.62448E-6 3.59461E-6 3.3528E-6 2.44016E-6 2.40841E-6 2.29713E-6 4.71227E-5 2.07478E-5 1.62666E-5 8.55527E-6 3.26973E-6 5.45183E-6 5.26578E-6 4.89105E-6 4.72681E-6 4.85705E-6 2.64244E-6 2.6808E-6 2.72659E-6
-9999 -9999 -9999 -9999 -9999 -9999 -9999 -9999 -9999 -9999 -9999 -9999 -9999 -9999 -9999 -9999 -9999 -9999 -9999 -9999 -9999 -9999 1.75303E-2 1.33192E-2 1.70821E-2 1.33917E-2 1.25687E-2 2.60764E-2 3.83988E-2 1.72725E-2 3.08926E-3 2.39076E-4 1.41731E-5 1.72544E-6 1.00671E-6 1.25077E-7 1.3847E-8 1.25384E-8 6.37531E-6 6.23824E-6 1.62356E-5 4.24534E-5 6.5762E-5 1.82011E-4 3.43127E-5 3.69261E-5 7.40946E-5 7.78667E-6 4.26221E-6 3.51269E-6 2.46502E-6 2.39764E-6 2.04495E-6 7.60121E-5 2.44312E-5 1.10327E-5 7.78732E-6 5.09613E-6 5.04611E-6 5.11104E-6 4.68936E-6 4.79728E-6 4.97545E-6 2.66453E-6 2.74647E-6 2.71734E-6
-9999 -9999 -9999 -9999 -9999 -9999 -9999 -9999 -9999 -9999 -9999 -9999 -9999 -9999 -9999 -9999 -9999 -9999 -9999 -9999 -9999 -9999 1.13096E-2 1.31594E-2 1.55609E-2 1.21639E-2 2.01602E-2 4.16543E-2 4.71679E-2 1.36707E-2 4.92869E-4 3.06836E-4 2.03252E-6 3.53333E-7 1.87716E-6 2.93078E-7 2.9158E-7 5.61785E-7 3.13814E-5 4.52347E-5 1.97804E-4 1.13317E-4 1.33918E-4 1.51656E-4 2.79826E-5 1.68941E-5 2.51701E-5 8.01848E-6 4.18398E-6 3.35504E-6 2.52396E-6 2.54018E-6 3.70836E-6 7.10411E-5 3.48025E-5 1.15512E-5 1.14277E-5 1.21387E-5 7.72434E-6 4.97836E-6 4.74508E-6 4.85261E-6 4.47463E-6 2.71251E-6 2.74953E-6 2.74877E-6
-9999 -9999 -9999 -9999 -9999 -9999 -9999 -9999 -9999 -9999 -9999 -9999 -9999 -9999 -9999 -9999 -9999 -9999 -9999 -9999 -9999 -9999 1.48093E-2 1.43215E-2 1.31769E-2 9.83429E-3 3.67144E-2 5.08425E-2 3.15705E-2 6.96447E-3 3.90645E-5 8.23588E-7 4.15509E-8 1.4636E-6 2.77441E-6 3.40093E-6 5.39469E-7 3.65434E-6 1.54791E-4 2.37592E-4 2.42773E-4 2.36873E-4 1.54053E-4 1.73361E-4 3.94543E-5 1.50489E-5 1.50002E-5 3.18574E-5 1.24027E-5 3.38208E-6 2.60732E-6 2.43661E-6 7.37578E-6 6.57899E-5 3.12302E-5 5.03076E-6 1.60693E-5 1.84685E-5 7.77129E-6 5.03331E-6 4.96994E-6 5.02782E-6 2.78026E-6 2.73386E-6 2.76172E-6 2.75326E-6
-9999 -9999 -9999 -9999 -9999 -9999 -9999 -9999 -9999 -9999 -9999 -9999 -9999 -9999 -9999 -9999 -9999 -9999 -9999 -9999 -9999 -9999 2.48562E-2 2.38543E-2 1.61774E-2 9.57804E-3 3.12913E-2 6.66974E-2 3.3403E-2 3.38582E-3 7.02587E-6 8.18296E-8 1.26727E-7 7.98591E-7 1.65389E-6 4.61429E-6 9.99827E-7 1.18741E-4 2.27263E-4 1.50632E-4 1.42349E-4 1.18736E-4 9.32771E-5 1.84473E-4 7.52002E-5 2.48971E-5 3.84677E-5 1.07175E-4 2.48952E-5 6.01692E-6 2.55694E-6 4.79256E-6 5.3018E-5 4.779E-5 9.41785E-6 3.29772E-6 1.65459E-5 1.32977E-5 5.24972E-6 5.21753E-6 5.15752E-6 4.65169E-6 2.77896E-6 2.82806E-6 2.78715E-6 2.75085E-6
-9999 -9999 -9999 -9999 -9999 -9999 -9999 -9999 -9999 -9999 -9999 -9999 -9999 -9999 -9999 -9999 -9999 -9999 -9999 -9999 -9999 2.10005E-2 3.08972E-2 5.35995E-2 2.63258E-2 2.34187E-2 5.27643E-2 5.63187E-2 3.2977E-2 2.88284E-3 9.60234E-6 1.06674E-7 2.63964E-7 2.30185E-7 8.0777E-6 1.60449E-5 6.79441E-6 1.49371E-4 2.20964E-4 1.36748E-4 8.49634E-5 6.34053E-5 9.25591E-5 1.91655E-4 1.20449E-4 2.66201E-5 1.07639E-4 9.40268E-5 2.38885E-5 1.15767E-5 5.66214E-6 1.39561E-5 2.61105E-5 6.72196E-6 3.78187E-6 5.80132E-6 1.80721E-5 8.19E-6 5.43505E-6 3.20157E-6 2.85171E-6 2.81164E-6 2.81968E-6 2.83294E-6 2.78759E-6 2.82306E-6
-9999 -9999 -9999 -9999 -9999 -9999 -9999 -9999 -9999 -9999 -9999 -9999 -9999 -9999 -9999 -9999 -9999 -9999 -9999 -9999 2.42352E-2 2.39517E-2 2.27591E-2 3.64445E-2 2.24611E-2 4.18489E-2 8.6266E-2 6.96417E-2 3.71039E-2 1.44015E-2 1.74567E-5 3.57603E-7 6.52343E-7 1.33035E-6 2.35552E-5 1.22179E-5 2.27937E-5 8.32359E-5 1.1194E-4 2.00541E-4 7.93652E-5 1.16827E-4 2.02153E-5 1.05414E-5 1.23426E-4 2.28749E-5 1.06548E-4 7.28179E-5 2.44561E-5 2.5965E-5 9.71952E-6 8.3572E-6 4.03812E-6 4.0135E-6 3.88529E-6 3.68909E-6 1.86999E-5 8.61063E-6 3.24382E-6 2.92139E-6 2.87374E-6 2.82163E-6 2.94227E-6 2.68211E-6 2.58189E-6 2.63477E-6
-9999 -9999 -9999 -9999 -9999 -9999 -9999 -9999 -9999 -9999 -9999 -9999 -9999 -9999 -9999 -9999 -9999 -9999 -9999 -9999 4.76444E-2 2.02462E-2 2.7545E-2 4.75539E-2 3.65019E-2 9.02527E-2 6.99577E-2 2.99588E-2 9.25753E-3 6.2077E-3 1.99273E-6 2.85047E-7 3.50915E-7 2.793E-6 1.58169E-5 5.73835E-5 4.15281E-6 2.37554E-4 1.50659E-4 1.29256E-4 4.80807E-5 1.07886E-4 1.64773E-5 8.41663E-6 1.08669E-4 1.37697E-5 1.1558E-4 8.41246E-5 4.52818E-5 3.70547E-5 5.64953E-6 5.20315E-6 2.57802E-6 2.54109E-6 2.5063E-6 2.28254E-6 1.5698E-5 5.50916E-6 3.42964E-6 2.99308E-6 2.95013E-6 2.97168E-6 2.71502E-6 2.81004E-6 2.82228E-6 4.41942E-6
-9999 -9999 -9999 -9999 -9999 -9999 -9999 -9999 -9999 -9999 -9999 -9999 -9999 -9999 -9999 -9999 -9999 -9999 -9999 -9999 7.5171E-2 2.3421E-2 3.29413E-2 5.03762E-2 3.16181E-2 1.04786E-1 4.56428E-2 1.15717E-2 9.24097E-4 6.80571E-4 9.07643E-7 5.65321E-7 1.81936E-6 3.05424E-6 1.62112E-5 4.8741E-5 1.7111E-5 1.66706E-4 1.25817E-4 1.79954E-4 5.55482E-5 6.94166E-5 1.74955E-4 1.59238E-4 5.41033E-5 1.24791E-5 4.98743E-5 5.87165E-5 5.18817E-5 1.03445E-5 5.31052E-6 5.11429E-6 2.96449E-6 2.55936E-6 2.35461E-6 2.23162E-6 6.7592E-6 5.70122E-6 3.44583E-6 3.10348E-6 2.98653E-6 2.99915E-6 2.92446E-6 2.87977E-6 3.42677E-6 4.15985E-6
-9999 -9999 -9999 -9999 -9999 -9999 -9999 -9999 -9999 -9999 -9999 -9999 -9999 -9999 -9999 -9999 -9999 -9999 -9999 -9999 -9999 3.03493E-2 3.51263E-2 3.44061E-2 4.24999E-2 1.11153E-1 4.22379E-2 6.59003E-3 3.80356E-3 4.39893E-4 5.39079E-7 2.73463E-7 1.48814E-6 3.4591E-6 4.97613E-5 3.39622E-5 3.40275E-5 1.47312E-4 6.62037E-5 1.16838E-4 4.95858E-5 5.12406E-5 6.82864E-5 1.4595E-4 4.84584E-5 1.1077E-5 1.20688E-5 8.88766E-5 1.84762E-5 6.25934E-6 5.80043E-6 2.65341E-6 2.64146E-6 2.59634E-6 2.75467E-6 2.43915E-6 3.69126E-6 3.44466E-6 3.23537E-6 3.11572E-6 3.14134E-6 2.9294E-6 2.76067E-6 3.0165E-6 4.8618E-6 4.58792E-6
-9999 -9999 -9999 -9999 -9999 -9999 -9999 -9999 -9999 -9999 -9999 -9999 -9999 -9999 -9999 -9999 -9999 -9999 -9999 -9999 8.80232E-2 2.2343E-2 6.31987E-2 1.05183E-1 7.84168E-2 1.34967E-1 4.82398E-2 1.63147E-3 1.19601E-3 8.54905E-4 1.96066E-7 2.21509E-7 1.49844E-6 2.61122E-8 7.13353E-5 7.33818E-6 4.10159E-5 2.10329E-4 6.98885E-5 4.97979E-5 3.24561E-5 2.44445E-5 4.0776E-5 8.68358E-5 1.15436E-4 8.88042E-6 8.13567E-6 5.85414E-5 1.01821E-5 6.37719E-6 5.3847E-6 2.8776E-6 2.85419E-6 2.78375E-6 4.55597E-6 2.40203E-6 3.78259E-6 3.49095E-6 3.21504E-6 3.17851E-6 3.02108E-6 4.8403E-6 2.65162E-6 2.75325E-6 4.01414E-6 7.28728E-6
-9999 -9999 -9999 -9999 -9999 -9999 -9999 -9999 -9999 -9999 -9999 -9999 -9999 -9999 -9999 -9999 -9999 -9999 -9999 -9999 -9999 4.97696E-2 6.87784E-2 8.03922E-2 9.23254E-2 1.16444E-1 5.50165E-2 1.54462E-2 7.3333E-4 4.44407E-4 2.7143E-7 1.02106E-6 4.24797E-7 2.31858E-7 5.56765E-5 9.59669E-5 4.21396E-5 2.03405E-4 1.6253E-4 2.88411E-5 3.66996E-5 2.39862E-5 1.89019E-5 5.66474E-5 1.09258E-4 5.41085E-5 9.90165E-6 2.68014E-5 1.1358E-5 5.90582E-6 2.93469E-6 2.88891E-6 2.29825E-6 3.34186E-6 3.78962E-6 3.81522E-6 3.2834E-6 3.23685E-6 2.76342E-6 3.0737E-6 3.27481E-6 5.06411E-6 4.28017E-6 4.06531E-6 7.31604E-6 1.24276E-5
-9999 -9999 -9999 -9999 -9999 -9999 -9999 -9999 -9999 -9999 -9999 -9999 -9999 -9999 -9999 -9999 -9999 -9999 -9999 -9999 -9999 5.46811E-2 6.78582E-2 6.55219E-2 6.6551E-2 1.28297E-1 1.44164E-1 2.31335E-2 1.12001E-2 2.59807E-3 2.42346E-7 1.01051E-6 7.15374E-8 3.60999E-5 1.24762E-4 1.48011E-4 6.57252E-5 1.92729E-4 1.81519E-4 3.35134E-5 1.80327E-5 4.74296E-5 3.31419E-5 3.11271E-5 7.93953E-5 7.15082E-5 1.85176E-5 1.30454E-5 6.89742E-6 5.89186E-6 4.69891E-6 2.89048E-6 2.1806E-6 3.96191E-6 3.51142E-6 3.27355E-6 3.26335E-6 2.9551E-6 3.02301E-6 3.41781E-6 4.37889E-6 8.2785E-6 4.07659E-6 4.45912E-6 1.25243E-5 2.04662E-5
-9999 -9999 -9999 -9999 -9999 -9999 -9999 -9999 -9999 -9999 -9999 -9999 -9999 -9999 -9999 -9999 -9999 -9999 -9999 -9999 -9999 6.50833E-2 8.47488E-2 7.55932E-2 6.73002E-2 6.86371E-2 3.54755E-2 3.40911E-3 2.11611E-5 4.13434E-5 1.86423E-7 1.26847E-7 4.14034E-7 8.77089E-5 1.18031E-4 1.20778E-4 1.27921E-4 1.3683E-4 1.28512E-4 4.33989E-5 9.58898E-6 3.52419E-5 3.77635E-5 3.47925E-5 4.07832E-5 3.14267E-5 3.02376E-5 1.26073E-5 6.97865E-6 5.84678E-6 5.02663E-6 4.08382E-6 3.68857E-6 3.44065E-6 3.18888E-6 3.24604E-6 3.8767E-6 3.94943E-6 4.27579E-6 7.54448E-6 8.01479E-6 6.46205E-6 4.0802E-6 7.00949E-6 3.04638E-5 3.29803E-5
-9999 -9999 -9999 -9999 -9999 -9999 -9999 -9999 -9999 -9999 -9999 -9999 -9999 -9999 -9999 -9999 -9999 -9999 -9999 -9999 2.6712E-2 5.37001E-2 9.61187E-2 1.05281E-1 7.18762E-2 7.92678E-2 9.37855E-3 7.13755E-4 1.08139E-5 5.20616E-6 7.65926E-8 3.09464E-8 3.43502E-6 1.08413E-4 1.21573E-4 1.31413E-4 1.15044E-4 7.08931E-5 5.43331E-5 4.42581E-5 8.47603E-6 1.12601E-5 6.66123E-5 4.37647E-5 3.26682E-5 2.04183E-5 2.08486E-5 1.12096E-5 6.81897E-6 5.47084E-6 5.27237E-6 5.75082E-6 3.25581E-6 3.25355E-6 3.27104E-6 2.81796E-6 3.34469E-6 4.43106E-6 3.73263E-6 4.68727E-6 4.21652E-6 4.01791E-6 7.25888E-6 1.23047E-5 2.92586E-5 3.18431E-5
