Leopardus guigna/Leopardus_guigna_projection 2041-2060.asc
ncols         515
nrows         545
xllcorner     -119.0
yllcorner     -58.333333333333
cellsize      0.166666666667
NODATA_value  -9999
[rows 58 to 86 of 545, columns 66 to 131 of 515]
-9999 -9999 -9999 -9999 -9999 -9999 -9999 -9999 -9999 -9999 -9999 -9999 -9999 4.18765E-7 3.53948E-7 1.81613E-7 1.0434E-6 1.86238E-5 8.01262E-7 1.61514E-5 6.70976E-6 4.78287E-6 2.46696E-5 4.36445E-7 4.94389E-6 1.95089E-5 8.13246E-6 8.81521E-6 2.04042E-5 1.38259E-5 6.95382E-6 7.07199E-6 6.66253E-6 3.6054E-6 2.80995E-6 2.61919E-6 2.53148E-6 2.48024E-6 2.59955E-6 3.2781E-6 4.01775E-6 4.06782E-6 2.81728E-6 2.41291E-6 2.04427E-6 2.76429E-6 2.11093E-6 4.06904E-7 1.97394E-7 2.41405E-7 1.52322E-6 2.41679E-7 1.20287E-7 6.92955E-8 6.33767E-8 7.11515E-8 8.88377E-8 1.07148E-7 2.27122E-7 3.52099E-7 4.38458E-7 -9999 -9999 -9999 -9999 -9999
-9999 -9999 -9999 -9999 -9999 -9999 -9999 -9999 -9999 -9999 -9999 -9999 -9999 -9999 3.23242E-7 1.35985E-7 1.85443E-7 7.76505E-6 9.63601E-7 1.97861E-5 9.38576E-7 2.55843E-6 2.8058E-5 5.07685E-7 1.34303E-6 4.79517E-6 5.77316E-6 9.428E-6 2.01445E-5 5.52815E-6 6.02828E-6 6.86652E-6 6.31217E-6 5.60601E-6 3.47516E-6 2.7532E-6 2.73551E-6 2.73405E-6 2.63108E-6 2.97383E-6 3.55403E-6 3.57328E-6 2.60521E-6 2.19394E-6 1.60411E-6 4.54688E-6 1.8555E-6 7.01312E-7 2.80061E-7 3.11305E-7 9.8909E-7 4.38459E-7 1.15163E-7 8.01698E-8 7.21612E-8 7.26566E-8 9.70283E-8 1.12292E-7 1.84853E-7 2.49123E-7 3.74636E-7 -9999 -9999 -9999 -9999 -9999
-9999 -9999 -9999 -9999 -9999 -9999 -9999 -9999 -9999 -9999 -9999 -9999 -9999 -9999 2.53731E-7 1.22672E-7 1.69148E-7 3.62275E-7 4.13214E-6 1.65476E-5 7.28589E-7 5.86451E-7 1.386E-5 1.1011E-6 3.22085E-6 1.79856E-6 6.43052E-6 5.62406E-6 6.60681E-6 4.22719E-6 3.92842E-6 7.29416E-6 1.48922E-5 6.3575E-6 4.23108E-6 3.62483E-6 3.21864E-6 3.27179E-6 3.12979E-6 3.08119E-6 3.42444E-6 2.83004E-6 2.21754E-6 2.05488E-6 1.97958E-6 3.53809E-6 1.01152E-6 6.25456E-7 3.56569E-7 2.94068E-7 7.91021E-7 1.08443E-6 9.1786E-8 8.25853E-8 1.83576E-7 5.57231E-8 8.50414E-8 1.29174E-7 2.09843E-7 2.92366E-7 3.83112E-7 -9999 -9999 -9999 -9999 -9999
-9999 -9999 -9999 -9999 -9999 -9999 -9999 -9999 -9999 -9999 -9999 -9999 -9999 -9999 4.67905E-7 2.06332E-7 1.14996E-7 4.076E-7 6.83228E-7 1.22192E-5 2.47671E-7 4.05413E-7 3.77128E-6 2.02985E-6 1.19187E-5 1.52409E-6 6.02155E-6 3.1708E-6 3.54233E-6 4.83925E-6 3.38941E-6 9.74962E-6 2.36834E-5 6.88738E-6 5.11939E-6 4.28683E-6 4.11016E-6 4.20339E-6 3.98295E-6 4.56508E-6 3.7259E-6 2.83435E-6 2.1706E-6 2.29776E-6 2.63557E-6 3.26734E-6 1.06693E-6 3.61299E-7 2.23501E-7 2.22508E-7 9.71677E-7 1.59008E-6 1.37937E-7 7.73657E-8 1.701E-7 6.49366E-8 6.01534E-8 1.11729E-7 2.289E-7 3.03797E-7 4.19486E-7 -9999 -9999 -9999 -9999 -9999
-9999 -9999 -9999 -9999 -9999 -9999 -9999 -9999 -9999 -9999 -9999 -9999 -9999 -9999 2.09946E-7 3.05279E-7 7.66104E-8 5.22364E-8 2.10457E-7 1.69808E-6 2.15379E-7 2.90227E-6 4.7959E-7 1.17976E-6 1.78421E-5 7.55839E-7 1.36703E-6 1.73316E-6 2.54956E-6 5.51306E-6 4.30439E-6 1.03135E-5 1.22129E-5 8.63238E-6 5.99882E-6 5.03049E-6 4.27858E-6 5.56167E-6 4.27754E-6 4.16438E-6 3.65056E-6 4.40334E-6 2.74143E-6 1.93134E-6 5.611E-6 1.06439E-6 1.1783E-6 4.08192E-7 1.77281E-7 3.1707E-7 7.30549E-7 1.18793E-6 1.36207E-7 6.34167E-8 1.43274E-7 5.79431E-8 6.77538E-8 1.08701E-7 1.93228E-7 3.61215E-7 5.32505E-7 -9999 -9999 -9999 -9999 -9999
-9999 -9999 -9999 -9999 -9999 -9999 -9999 -9999 -9999 -9999 -9999 -9999 -9999 -9999 -9999 2.69977E-7 8.58808E-8 3.99272E-8 2.22626E-7 1.3085E-7 1.21714E-7 4.38443E-7 8.64179E-7 4.73714E-7 4.9651E-6 6.15856E-7 1.52794E-6 1.97294E-6 3.50104E-6 1.28975E-5 2.29101E-6 4.45984E-6 8.15224E-6 6.0045E-6 5.77955E-6 4.08942E-6 5.06486E-6 4.5641E-6 4.32305E-6 3.91751E-6 3.10556E-6 4.84488E-6 2.17676E-6 1.8647E-6 3.14873E-6 2.78145E-6 3.81306E-6 5.53939E-7 1.86872E-7 2.70888E-7 5.25226E-7 8.3378E-7 1.51851E-7 9.31879E-8 7.03824E-8 6.23191E-8 7.49559E-8 9.47067E-8 1.65586E-7 3.26303E-7 7.6805E-7 -9999 -9999 -9999 -9999 -9999
-9999 -9999 -9999 -9999 -9999 -9999 -9999 -9999 -9999 -9999 -9999 -9999 -9999 -9999 -9999 3.09525E-7 1.11592E-7 6.20039E-8 5.27242E-8 3.30717E-7 8.75187E-8 2.68474E-6 2.11825E-6 3.23907E-7 4.6583E-6 1.99557E-7 6.56285E-6 2.9378E-6 3.60581E-6 7.56125E-6 8.67207E-7 7.23458E-6 5.14303E-6 3.67948E-6 3.99099E-6 3.44697E-6 3.61149E-6 5.38203E-6 4.14547E-6 3.33769E-6 4.48859E-6 3.93492E-6 2.23737E-6 1.94766E-6 1.62201E-6 2.35518E-6 2.11664E-6 9.54931E-7 3.60517E-7 2.42751E-7 3.50772E-7 3.92592E-7 1.67915E-7 1.59915E-7 7.33588E-8 8.2027E-8 7.53723E-8 1.01103E-7 1.76516E-7 3.42543E-7 7.67488E-7 1.11018E-6 -9999 -9999 -9999 -9999
-9999 -9999 -9999 -9999 -9999 -9999 -9999 -9999 -9999 -9999 -9999 -9999 -9999 -9999 -9999 -9999 5.95278E-8 5.81044E-7 6.1046E-7 5.35663E-7 9.28919E-8 7.86437E-7 1.86826E-6 1.0179E-6 6.58698E-7 5.79214E-7 8.20977E-6 2.79868E-6 6.71539E-6 1.46349E-6 3.49656E-6 8.28688E-6 2.46622E-6 2.74612E-6 2.76683E-6 2.89164E-6 4.30462E-6 4.74343E-6 4.7254E-6 4.01216E-6 4.20488E-6 3.28873E-6 3.9538E-6 2.34249E-6 2.59848E-6 2.58595E-6 8.70696E-7 4.811E-7 6.2013E-7 3.42571E-7 5.00106E-7 2.87034E-7 5.60186E-7 1.0877E-6 2.68756E-7 1.3378E-7 1.11975E-7 1.4463E-7 2.70819E-7 4.06458E-7 6.60931E-7 9.34452E-7 -9999 -9999 -9999 -9999
-9999 -9999 -9999 -9999 -9999 -9999 -9999 -9999 -9999 -9999 -9999 -9999 -9999 -9999 -9999 -9999 -9999 1.39342E-6 2.95204E-6 2.14977E-6 3.38568E-7 1.36337E-7 1.50198E-6 1.97972E-6 8.36012E-8 3.44301E-6 5.6184E-6 4.8249E-6 9.02597E-6 1.25772E-6 8.06492E-6 3.62349E-6 2.32163E-6 2.44153E-6 1.89302E-6 3.04054E-6 3.00123E-6 5.03563E-6 9.23633E-6 7.94658E-6 5.58526E-6 4.52004E-6 3.10197E-6 3.01712E-6 3.67537E-6 4.19946E-6 1.49491E-6 1.50978E-6 8.16746E-7 1.5393E-6 5.17742E-7 3.36726E-7 2.1058E-6 6.54118E-6 4.739E-7 2.39931E-7 1.68477E-7 1.72056E-7 3.82382E-7 4.37783E-7 6.83263E-7 8.7084E-7 9.09253E-7 -9999 -9999 -9999
-9999 -9999 -9999 -9999 -9999 -9999 -9999 -9999 -9999 -9999 -9999 -9999 -9999 -9999 -9999 -9999 -9999 2.67507E-7 2.32202E-6 2.15482E-6 1.70352E-6 8.64106E-7 5.22028E-7 5.59496E-7 1.52825E-6 1.75072E-6 1.80188E-6 1.856E-6 1.3238E-6 3.06325E-6 4.14373E-6 1.84999E-6 2.37885E-6 2.49203E-6 1.87292E-6 2.10739E-6 2.12164E-6 3.0249E-6 8.02064E-6 6.61196E-6 7.76302E-6 3.79656E-6 2.94247E-6 3.84709E-6 4.35336E-6 4.36052E-6 2.66183E-6 3.39074E-6 1.59404E-6 2.91674E-6 1.87908E-6 4.84052E-7 1.03053E-6 2.87707E-6 1.13994E-6 4.14811E-7 2.63722E-7 2.80099E-7 2.97922E-7 6.03979E-7 5.0743E-6 2.9393E-6 9.47873E-7 -9999 -9999 -9999
-9999 -9999 -9999 -9999 -9999 -9999 -9999 -9999 -9999 -9999 -9999 -9999 -9999 -9999 -9999 -9999 -9999 9.23283E-7 1.82157E-6 9.47935E-7 7.06289E-7 1.09827E-6 4.98473E-7 1.42404E-7 1.27009E-7 7.35829E-7 2.38451E-6 2.48798E-7 1.27668E-6 3.10867E-6 2.68137E-6 2.87108E-6 1.93183E-6 3.0975E-6 2.98286E-6 2.48288E-6 1.75022E-6 1.4086E-6 1.64975E-6 3.60687E-6 1.21006E-5 6.33566E-6 3.46026E-6 3.85125E-6 4.45655E-6 4.57564E-6 3.44763E-6 2.51209E-6 1.49793E-6 1.53428E-6 2.86854E-6 8.95484E-7 7.00124E-7 2.26106E-6 1.32948E-6 1.8283E-6 2.61708E-6 1.11663E-6 8.33935E-7 5.38293E-7 7.85858E-7 7.87347E-7 1.10281E-6 -9999 -9999 -9999
-9999 -9999 -9999 -9999 -9999 -9999 -9999 -9999 -9999 -9999 -9999 -9999 -9999 -9999 -9999 -9999 7.86428E-7 3.18568E-7 7.65011E-7 1.59473E-6 3.14277E-7 1.48783E-6 2.04642E-6 1.06959E-6 3.92462E-7 1.72343E-7 2.65032E-7 7.39511E-7 2.03623E-6 2.50592E-6 2.77398E-6 3.23347E-6 2.76015E-6 3.28389E-6 3.74831E-6 2.23505E-6 2.08258E-6 1.01738E-6 8.50829E-7 1.1547E-6 2.13879E-6 4.78415E-6 3.29733E-6 4.30194E-6 4.48597E-6 5.52033E-6 9.08819E-6 6.44721E-6 1.70952E-6 1.42289E-6 5.62937E-6 1.20301E-6 3.38842E-6 8.62752E-7 6.06138E-6 4.38028E-6 9.01164E-6 2.41719E-6 2.8208E-6 3.2601E-6 5.71782E-7 3.05562E-7 4.34871E-7 5.10424E-7 -9999 -9999
-9999 -9999 -9999 -9999 -9999 -9999 -9999 -9999 -9999 -9999 -9999 -9999 -9999 -9999 -9999 -9999 2.89635E-7 5.81605E-7 3.60093E-6 1.0576E-5 3.49526E-6 7.67508E-7 9.94889E-7 2.03307E-6 1.66554E-6 7.96458E-7 1.2874E-6 1.09153E-6 8.91827E-7 1.24424E-6 1.8271E-6 2.61408E-6 3.98355E-6 2.9726E-6 2.87393E-6 2.72373E-6 1.72702E-6 1.30942E-6 1.13332E-6 1.21122E-6 1.45552E-6 3.24449E-6 2.86451E-6 4.22118E-6 4.98439E-6 3.94035E-6 3.63706E-6 3.30356E-6 2.78922E-6 3.27908E-6 3.88786E-6 1.9851E-6 4.41267E-6 4.30072E-6 1.25367E-6 8.24725E-6 9.41655E-6 1.19297E-5 4.97981E-6 1.66082E-6 9.98807E-7 1.14316E-6 7.54568E-7 7.79059E-7 -9999 -9999
-9999 -9999 -9999 -9999 -9999 -9999 -9999 -9999 -9999 -9999 -9999 -9999 -9999 -9999 -9999 -9999 -9999 1.8346E-6 3.32603E-6 1.52679E-5 1.41426E-5 2.40582E-6 1.60358E-6 1.76639E-6 7.55108E-7 6.9701E-7 3.06588E-6 1.87798E-6 9.33547E-7 9.59705E-7 2.02768E-6 2.27577E-6 2.39525E-6 2.12828E-6 2.38224E-6 2.54057E-6 2.4649E-6 2.48094E-6 1.69488E-6 1.71793E-6 1.68124E-6 1.95944E-6 1.94438E-6 2.93711E-6 2.47233E-6 2.69205E-6 3.17855E-6 3.2219E-6 2.95804E-6 2.43278E-6 1.47454E-6 2.02182E-6 3.49227E-6 3.26964E-6 1.97604E-6 2.69898E-6 1.36678E-5 2.92788E-5 2.00826E-5 6.17493E-6 1.6201E-6 2.0285E-6 1.02669E-6 9.81842E-7 1.66288E-6 -9999
-9999 -9999 -9999 -9999 -9999 -9999 -9999 -9999 -9999 -9999 -9999 -9999 -9999 -9999 -9999 1.7046E-6 3.77958E-6 9.64139E-6 1.22297E-5 6.93824E-6 1.03472E-5 4.61618E-6 3.53216E-6 4.76913E-6 7.96458E-7 1.19756E-6 1.66251E-6 2.57594E-6 1.51007E-6 2.3054E-6 2.19717E-6 1.84113E-6 1.47243E-6 1.6633E-6 1.79529E-6 1.75629E-6 2.24747E-6 2.26069E-6 1.97416E-6 1.75077E-6 1.38913E-6 2.24976E-6 3.05536E-6 3.01381E-6 3.5735E-6 5.19321E-6 8.86388E-6 4.08974E-6 4.6484E-6 4.05508E-6 5.1235E-6 4.58441E-6 3.58087E-6 3.88099E-6 4.72275E-6 3.4334E-6 4.28485E-6 3.3239E-5 4.90445E-5 4.00965E-5 6.33445E-6 3.67812E-6 1.39133E-6 1.76124E-6 3.04508E-6 5.3573E-6
-9999 -9999 -9999 -9999 -9999 -9999 -9999 -9999 -9999 -9999 -9999 -9999 -9999 -9999 -9999 1.28567E-6 1.52848E-6 1.66433E-6 3.04187E-6 1.71691E-5 1.08891E-5 6.79107E-6 1.46199E-6 4.6851E-6 3.93561E-6 5.38039E-6 1.67078E-6 3.59913E-6 7.06297E-6 4.80134E-6 6.30606E-6 5.57495E-6 1.6859E-6 1.49147E-6 1.86268E-6 1.93209E-6 2.5074E-6 2.49409E-6 2.56521E-6 2.77863E-6 2.58722E-6 3.17326E-6 2.88745E-6 3.78451E-6 6.63541E-6 8.85073E-6 1.6299E-5 1.02932E-5 7.03087E-6 7.98034E-6 9.0541E-6 6.70881E-6 5.28672E-6 5.18687E-6 4.95386E-6 1.65943E-5 1.06319E-5 8.20066E-6 3.00738E-5 4.62488E-5 1.9056E-5 1.05534E-5 2.24478E-6 1.84955E-6 4.48072E-6 1.12318E-5
-9999 -9999 -9999 -9999 -9999 -9999 -9999 -9999 -9999 -9999 -9999 -9999 -9999 -9999 -9999 9.58113E-7 5.60563E-7 4.66194E-7 4.24357E-7 1.00018E-6 2.47416E-5 2.77401E-6 1.26449E-6 1.04302E-6 3.33739E-6 2.27396E-5 5.53944E-6 1.34005E-6 2.4696E-6 2.28175E-6 2.27732E-6 1.72865E-6 1.35891E-6 1.8549E-6 2.26226E-6 2.8668E-6 2.33007E-6 2.58335E-6 3.64422E-6 4.72016E-6 4.17293E-6 3.70346E-6 4.52251E-6 2.90995E-6 3.88591E-6 1.14652E-5 1.68711E-5 1.6075E-5 1.82169E-5 1.43598E-5 1.23759E-5 6.66261E-6 6.71885E-6 6.5393E-6 6.10258E-6 9.10282E-6 2.59824E-5 1.42625E-5 1.77125E-5 4.9041E-5 6.52932E-5 1.86909E-5 1.3621E-5 9.25394E-6 1.3597E-5 8.86009E-6
-9999 -9999 -9999 -9999 -9999 -9999 -9999 -9999 -9999 -9999 -9999 -9999 -9999 -9999 -9999 -9999 5.90522E-7 4.57019E-7 2.26024E-7 2.31121E-7 8.15056E-6 4.93469E-6 1.42687E-6 6.27746E-7 1.70585E-6 1.06042E-5 1.94839E-6 5.33991E-6 8.21056E-6 5.49863E-6 3.83495E-6 2.14579E-6 2.02579E-6 2.06875E-6 2.23445E-6 3.02439E-6 3.13326E-6 3.18687E-6 4.17145E-6 6.91205E-6 7.40761E-6 7.15441E-6 6.36895E-6 6.38137E-6 1.08382E-5 5.78004E-6 1.04951E-5 2.07203E-5 2.22545E-5 2.25999E-5 1.91075E-5 1.35533E-5 6.28046E-6 5.97904E-6 5.6015E-6 6.41096E-6 1.08576E-5 2.37175E-5 2.47375E-5 3.76286E-5 4.65565E-5 5.03415E-5 7.6081E-5 6.56195E-5 4.56498E-5 2.79183E-5
-9999 -9999 -9999 -9999 -9999 -9999 -9999 -9999 -9999 -9999 -9999 -9999 -9999 -9999 -9999 -9999 -9999 4.17338E-7 4.18817E-7 2.23021E-7 5.02938E-7 1.51493E-6 5.53638E-7 3.70813E-7 2.16972E-7 3.17937E-6 8.32556E-6 2.35028E-6 1.99607E-6 2.74875E-6 4.70875E-6 3.53816E-6 3.23741E-6 5.58735E-6 7.14905E-6 5.8946E-6 1.05428E-5 7.48114E-6 8.09437E-6 5.14565E-6 3.93232E-6 3.71169E-6 1.0051E-5 3.13335E-5 2.55978E-5 1.10811E-5 4.45547E-5 2.95126E-5 2.11649E-5 2.59377E-5 3.07794E-5 2.01002E-5 8.81785E-6 6.5662E-6 4.93063E-6 6.52712E-6 8.82472E-6 1.30123E-5 2.89309E-5 3.41715E-5 3.25001E-5 3.31415E-5 3.29474E-5 5.95502E-5 9.27629E-5 1.16658E-4
-9999 -9999 -9999 -9999 -9999 -9999 -9999 -9999 -9999 -9999 -9999 -9999 -9999 -9999 -9999 -9999 -9999 -9999 2.95839E-7 2.1169E-7 1.79686E-7 7.12492E-7 1.17921E-5 7.82532E-6 3.49758E-7 2.88347E-6 3.03734E-5 1.30779E-6 1.22647E-6 3.07749E-6 8.30996E-7 2.90164E-7 8.44985E-7 3.3948E-6 6.80163E-6 8.06188E-6 1.17496E-5 1.11564E-5 6.76013E-6 4.3701E-6 5.09217E-6 6.97969E-6 2.28598E-6 2.17656E-5 2.88358E-5 1.59803E-5 6.02825E-5 2.56986E-5 2.52831E-5 2.24483E-5 2.86322E-5 3.72466E-5 8.61734E-6 6.24025E-6 4.28457E-6 9.38492E-6 9.92407E-6 9.69958E-6 1.13328E-5 2.11652E-5 2.45732E-5 2.92958E-5 1.4075E-5 1.98472E-5 3.25833E-5 2.02066E-4
-9999 -9999 -9999 -9999 -9999 -9999 -9999 -9999 -9999 -9999 -9999 -9999 -9999 -9999 -9999 -9999 -9999 -9999 3.29212E-7 1.83101E-7 1.59004E-7 3.71105E-7 6.46121E-7 1.82284E-6 6.76861E-6 1.07798E-6 4.03877E-6 8.33316E-7 3.35679E-6 1.08015E-6 9.32195E-8 3.019E-8 1.60277E-7 5.34725E-6 1.97094E-5 6.67495E-6 4.9675E-6 9.91819E-6 1.17447E-5 1.47147E-5 7.63989E-6 4.91512E-6 3.31051E-7 4.685E-6 3.50193E-6 4.50696E-6 4.97936E-5 3.36056E-5 2.69413E-5 2.06582E-5 1.67381E-5 2.30332E-5 9.75677E-6 3.62748E-6 3.68302E-6 1.82646E-5 2.3032E-5 1.30689E-5 1.11743E-5 9.48345E-6 1.14015E-5 1.98067E-5 1.38464E-5 1.15442E-5 3.64249E-5 1.59301E-4
-9999 -9999 -9999 -9999 -9999 -9999 -9999 -9999 -9999 -9999 -9999 -9999 -9999 -9999 -9999 -9999 -9999 -9999 -9999 -9999 1.85684E-7 1.38177E-7 1.27471E-7 7.6925E-7 2.5135E-7 1.05444E-7 1.18365E-7 2.14533E-7 6.75182E-6 1.68308E-6 2.55597E-8 8.52056E-9 2.78549E-8 1.13078E-6 2.57739E-6 5.59178E-7 3.34951E-7 3.41969E-6 5.32073E-6 2.69687E-6 1.38585E-6 5.34897E-7 1.81044E-7 5.75591E-8 2.11091E-8 5.28841E-7 4.96227E-6 2.59767E-5 3.85499E-5 1.80268E-5 1.10836E-5 1.39829E-5 1.61652E-5 6.13476E-6 3.47934E-6 1.7784E-5 2.47235E-5 5.08633E-6 5.69202E-6 3.18524E-5 1.50234E-5 9.74306E-6 1.24713E-5 1.90474E-5 1.10314E-4 1.08759E-4
-9999 -9999 -9999 -9999 -9999 -9999 -9999 -9999 -9999 -9999 -9999 -9999 -9999 -9999 -9999 -9999 -9999 -9999 -9999 -9999 -9999 -9999 1.3126E-7 2.25428E-7 1.34849E-7 1.19618E-7 1.79791E-7 2.71938E-7 9.76764E-7 5.35575E-7 2.14292E-8 1.2036E-8 2.05958E-8 3.56615E-8 8.24064E-8 9.55927E-8 1.92486E-7 1.56233E-6 1.76392E-6 1.81908E-7 9.21108E-8 7.51636E-8 3.22072E-8 2.02922E-8 1.2489E-8 6.51248E-8 7.24247E-7 1.11014E-5 3.42549E-5 2.83265E-5 1.44459E-5 1.718E-5 1.7095E-5 1.62245E-5 6.98517E-6 1.2157E-5 2.34646E-5 3.98065E-6 3.30715E-6 7.21062E-6 1.00399E-5 1.39097E-5 1.67896E-5 2.3147E-5 1.14914E-4 1.09336E-4
-9999 -9999 -9999 -9999 -9999 -9999 -9999 -9999 -9999 -9999 -9999 -9999 -9999 -9999 -9999 -9999 -9999 -9999 -9999 -9999 -9999 -9999 -9999 -9999 8.42657E-8 1.2049E-7 1.19563E-7 1.57764E-7 8.69618E-7 2.2235E-6 1.34006E-6 2.62905E-8 3.31662E-8 3.3825E-8 4.23079E-8 3.94751E-8 7.41662E-8 1.88916E-7 6.52143E-7 9.82743E-8 3.27145E-8 3.28365E-8 2.96086E-8 8.87112E-9 1.42918E-8 4.21651E-7 2.59846E-7 1.14142E-6 1.24651E-5 8.5635E-6 5.15197E-6 2.19427E-6 5.35865E-7 3.84178E-7 3.34478E-7 5.16954E-6 7.85297E-6 1.29902E-6 2.72679E-6 3.88956E-6 4.99612E-6 5.76151E-6 1.46929E-5 2.15894E-5 1.18557E-4 2.0479E-5
-9999 -9999 -9999 -9999 -9999 -9999 -9999 -9999 -9999 -9999 -9999 -9999 -9999 -9999 -9999 -9999 -9999 -9999 -9999 -9999 -9999 -9999 -9999 -9999 -9999 -9999 1.53735E-7 6.50043E-7 1.06324E-6 2.17984E-6 7.30481E-6 4.91775E-7 1.15801E-6 3.62369E-7 7.13713E-8 7.24997E-8 3.47779E-8 7.33282E-8 1.21624E-7 2.03509E-7 4.89485E-8 1.52903E-8 1.60156E-8 7.13522E-9 8.7185E-9 2.51875E-8 7.77445E-8 8.84645E-7 1.95077E-6 1.79388E-6 5.02693E-7 7.44391E-8 5.1385E-8 1.0338E-7 1.20063E-7 2.19833E-7 2.97927E-7 4.37215E-7 7.07727E-7 9.89627E-7 2.17816E-6 3.54002E-6 1.43327E-5 2.63654E-5 4.44051E-5 4.59804E-5
-9999 -9999 -9999 -9999 -9999 -9999 -9999 -9999 -9999 -9999 -9999 -9999 -9999 -9999 -9999 -9999 -9999 -9999 -9999 -9999 -9999 -9999 -9999 -9999 -9999 -9999 -9999 1.94839E-7 1.16122E-6 4.26764E-6 1.51504E-6 7.40568E-7 2.21178E-6 8.46467E-7 4.99227E-7 2.59494E-7 4.08879E-8 4.66368E-8 5.22027E-8 7.30593E-8 1.60603E-8 8.24776E-9 3.29633E-9 3.78138E-9 3.55141E-9 3.72046E-8 4.42835E-8 9.66967E-8 1.31442E-7 6.38494E-6 7.62139E-7 7.24135E-8 2.68657E-8 5.04954E-8 9.03374E-8 5.82927E-8 1.22763E-7 1.90423E-7 1.44253E-7 2.54024E-7 8.4113E-7 5.72148E-6 4.53936E-6 9.29442E-6 8.21494E-5 2.85619E-4
-9999 -9999 -9999 -9999 -9999 -9999 -9999 -9999 -9999 -9999 -9999 -9999 -9999 -9999 -9999 -9999 -9999 -9999 -9999 -9999 -9999 -9999 -9999 -9999 -9999 -9999 -9999 1.64913E-7 3.20812E-7 2.04901E-6 2.01879E-6 4.67208E-7 2.4654E-6 9.35833E-7 7.05998E-7 2.27662E-7 7.83876E-8 1.68826E-7 2.29909E-7 5.56195E-8 4.33735E-8 1.41633E-8 4.60439E-9 3.52277E-9 3.25871E-9 5.02211E-9 4.60412E-9 5.96909E-8 4.01711E-7 4.87257E-7 7.52479E-8 1.25269E-7 2.2323E-7 4.56829E-8 1.20338E-7 4.35862E-8 1.01581E-7 7.25779E-8 7.18154E-8 4.07685E-7 8.78797E-7 2.62635E-6 8.49595E-6 1.00163E-6 1.59065E-6 1.28604E-4
-9999 -9999 -9999 -9999 -9999 -9999 -9999 -9999 -9999 -9999 -9999 -9999 -9999 -9999 -9999 -9999 -9999 -9999 -9999 -9999 -9999 -9999 -9999 -9999 -9999 -9999 -9999 -9999 -9999 1.4878E-7 1.89739E-7 1.7893E-7 3.27715E-7 6.67099E-7 3.60194E-7 1.6409E-7 1.01624E-7 9.7612E-8 3.22342E-7 9.1102E-7 3.92569E-7 4.65422E-8 9.26563E-9 4.13133E-9 2.59256E-9 2.518E-9 6.54665E-9 1.04513E-7 2.13033E-7 1.5937E-7 1.17359E-8 1.83912E-8 4.92419E-8 2.90147E-8 4.09457E-8 4.11829E-8 3.7881E-8 4.74107E-8 4.47769E-8 1.07263E-7 2.29083E-7 5.08626E-7 1.52357E-6 1.37245E-6 6.60586E-8 6.4278E-6
-9999 -9999 -9999 -9999 -9999 -9999 -9999 -9999 -9999 -9999 -9999 -9999 -9999 -9999 -9999 -9999 -9999 -9999 -9999 -9999 -9999 -9999 -9999 -9999 -9999 -9999 -9999 -9999 -9999 -9999 -9999 -9999 -9999 6.20145E-8 3.5478E-8 4.22598E-8 7.90399E-8 1.14004E-7 1.77332E-7 7.52493E-7 7.87484E-7 1.26809E-7 3.51E-8 1.75011E-8 7.23476E-9 4.76015E-9 6.95757E-9 2.776E-8 3.94659E-8 1.42826E-8 1.40071E-8 3.3015E-8 3.3612E-8 1.55965E-8 5.19697E-8 4.59468E-8 5.14887E-8 4.60218E-8 3.09603E-8 4.61105E-8 1.2161E-7 5.25833E-7 4.94915E-6 7.89604E-7 6.18545E-7 6.12595E-8
