Leopardus jacobita/Leopardus_jacobita.asc
ncols         515
nrows         545
xllcorner     -119.0
yllcorner     -58.333333333333
cellsize      0.166666666667
NODATA_value  -9999
[rows 464 to 492 of 545, columns 264 to 329 of 515]
-9999 -9999 3.36853E-4 3.45832E-4 4.16068E-4 4.07289E-4 3.91294E-4 3.51975E-4 3.27129E-4 4.49671E-4 5.82429E-4 6.98179E-4 6.98139E-4 1.15043E-3 1.1737E-3 1.15281E-3 1.42408E-3 2.2726E-3 3.06778E-3 4.09058E-3 6.85419E-3 9.80235E-3 1.70426E-2 2.61002E-2 2.60197E-2 2.98008E-2 4.45555E-2 6.29746E-2 9.34283E-2 8.11894E-2 1.24593E-1 1.22115E-1 1.60398E-1 1.28093E-1 1.08677E-1 9.32813E-2 8.95031E-2 8.54984E-2 8.11523E-2 7.45957E-2 5.70384E-2 6.68141E-2 4.73269E-2 4.29848E-2 3.55351E-2 3.21831E-2 3.08002E-2 2.93511E-2 3.12813E-2 2.07535E-2 1.56756E-2 1.47723E-2 1.38379E-2 1.43685E-2 1.35392E-2 1.35008E-2 1.0801E-2 -9999 -9999 -9999 -9999 -9999 -9999 -9999 -9999 -9999
-9999 -9999 3.47341E-4 3.68059E-4 4.12211E-4 4.26382E-4 5.21235E-4 4.44934E-4 3.41516E-4 4.47717E-4 7.67821E-4 1.03451E-3 9.00751E-4 1.52817E-3 1.29962E-3 1.68424E-3 1.97043E-3 1.7922E-3 2.32064E-3 3.10868E-3 6.94902E-3 1.18327E-2 1.74454E-2 2.12044E-2 2.36842E-2 2.56515E-2 5.23937E-2 6.27821E-2 8.40644E-2 7.78937E-2 1.01043E-1 1.01169E-1 1.32911E-1 1.25151E-1 1.1005E-1 9.17818E-2 1.1144E-1 1.01521E-1 9.66031E-2 7.176E-2 5.72579E-2 6.78292E-2 5.82914E-2 4.72729E-2 3.321E-2 2.99333E-2 3.25837E-2 3.12088E-2 1.83363E-2 1.55638E-2 1.46684E-2 1.28576E-2 1.14286E-2 8.69675E-3 9.15633E-3 9.96934E-3 1.01118E-2 5.0239E-3 -9999 -9999 -9999 -9999 -9999 -9999 -9999 -9999
-9999 -9999 3.52354E-4 4.47533E-4 4.23736E-4 4.52374E-4 5.48078E-4 4.58753E-4 4.1332E-4 5.90842E-4 5.35528E-4 1.09941E-3 1.22592E-3 1.20291E-3 1.40075E-3 2.04321E-3 1.80092E-3 2.14422E-3 2.51861E-3 2.43684E-3 3.78834E-3 8.06251E-3 1.31587E-2 1.97795E-2 2.41252E-2 3.31993E-2 4.70644E-2 6.34871E-2 7.76592E-2 6.73561E-2 7.45997E-2 9.45519E-2 9.93317E-2 7.60218E-2 5.72394E-2 5.60987E-2 5.38736E-2 7.29868E-2 5.84316E-2 7.28874E-2 5.09102E-2 5.70933E-2 4.5313E-2 2.82523E-2 2.61941E-2 2.95885E-2 3.05062E-2 1.97654E-2 1.43622E-2 1.40398E-2 1.1759E-2 6.21364E-3 -9999 -9999 -9999 -9999 -9999 -9999 -9999 -9999 -9999 -9999 -9999 -9999 -9999 -9999
-9999 -9999 3.64711E-4 4.50913E-4 4.51553E-4 4.19797E-4 4.80611E-4 4.34622E-4 5.15154E-4 6.84708E-4 9.63588E-4 7.1399E-4 8.99809E-4 8.17996E-4 8.52687E-4 1.2034E-3 1.98705E-3 2.31448E-3 2.95308E-3 5.98775E-3 8.43422E-3 1.1301E-2 1.41283E-2 1.91554E-2 2.28231E-2 3.00229E-2 4.40023E-2 5.42887E-2 7.04492E-2 6.49951E-2 6.56121E-2 8.23307E-2 9.01933E-2 8.51936E-2 3.75231E-2 3.97194E-2 4.451E-2 3.26427E-2 5.18037E-2 5.51925E-2 5.72982E-2 3.89501E-2 3.26086E-2 3.43784E-2 3.30015E-2 3.23946E-2 1.8191E-2 1.31905E-2 -9999 -9999 -9999 -9999 -9999 -9999 -9999 -9999 -9999 -9999 -9999 -9999 -9999 -9999 -9999 -9999 -9999 -9999
3.64574E-4 3.81769E-4 4.04807E-4 4.73835E-4 5.0365E-4 5.36256E-4 5.11548E-4 5.51056E-4 5.63566E-4 9.34865E-4 8.85299E-4 1.07834E-3 1.41644E-3 1.27928E-3 1.11658E-3 1.76145E-3 2.15808E-3 1.83243E-3 2.34809E-3 3.75051E-3 6.70871E-3 1.03729E-2 1.53785E-2 1.85146E-2 2.27356E-2 2.55489E-2 3.91194E-2 4.55965E-2 6.24391E-2 6.16235E-2 6.25463E-2 6.85174E-2 9.88981E-2 1.0152E-1 3.92707E-2 5.40326E-2 5.41803E-2 2.82587E-2 4.04716E-2 5.14128E-2 4.34198E-2 4.60968E-2 5.22756E-2 4.92737E-2 3.55895E-2 2.1541E-2 1.10803E-2 -9999 -9999 -9999 -9999 -9999 -9999 -9999 -9999 -9999 -9999 -9999 -9999 -9999 -9999 -9999 -9999 -9999 -9999 -9999
3.55768E-4 3.7257E-4 4.41207E-4 4.76269E-4 4.92011E-4 4.67184E-4 5.4213E-4 5.10418E-4 7.08833E-4 8.56088E-4 1.26791E-3 1.13457E-3 1.77498E-3 2.05639E-3 1.58427E-3 1.92096E-3 1.73673E-3 1.64703E-3 2.46044E-3 5.86021E-3 1.12212E-2 1.48624E-2 2.0587E-2 2.33981E-2 2.7863E-2 3.40259E-2 4.61949E-2 4.77705E-2 5.97529E-2 5.58636E-2 5.97713E-2 5.64963E-2 7.85569E-2 7.91888E-2 5.01626E-2 5.64835E-2 5.4988E-2 5.45655E-2 5.25849E-2 6.02019E-2 5.5151E-2 5.4453E-2 4.76315E-2 3.44564E-2 1.82153E-2 1.15095E-2 -9999 -9999 -9999 -9999 -9999 -9999 -9999 -9999 -9999 -9999 -9999 -9999 -9999 -9999 -9999 -9999 -9999 -9999 -9999 -9999
4.54308E-4 5.05293E-4 5.91657E-4 5.44995E-4 6.88291E-4 6.12339E-4 5.29363E-4 5.81856E-4 8.15885E-4 9.82311E-4 1.22413E-3 1.78302E-3 2.7836E-3 2.27365E-3 3.25018E-3 2.95109E-3 3.134E-3 3.38569E-3 4.68191E-3 6.00464E-3 8.90328E-3 1.38343E-2 1.56647E-2 2.34584E-2 3.83176E-2 4.80168E-2 5.39494E-2 6.09936E-2 6.13392E-2 6.57863E-2 5.61944E-2 5.6605E-2 5.65295E-2 4.45518E-2 5.09865E-2 5.67515E-2 5.53041E-2 7.1261E-2 6.81963E-2 7.87576E-2 5.8994E-2 4.71831E-2 3.81777E-2 2.39883E-2 1.24118E-2 1.03248E-2 -9999 -9999 -9999 -9999 -9999 -9999 -9999 -9999 -9999 -9999 -9999 -9999 -9999 -9999 -9999 -9999 -9999 -9999 -9999 -9999
4.71525E-4 5.01043E-4 5.70552E-4 6.24667E-4 7.39112E-4 6.93802E-4 6.96407E-4 8.03442E-4 1.00432E-3 1.23321E-3 1.41024E-3 2.09217E-3 2.39349E-3 3.1495E-3 2.61608E-3 3.62247E-3 4.17342E-3 4.47667E-3 1.1576E-2 1.34522E-2 1.79556E-2 2.17179E-2 2.46282E-2 3.73266E-2 5.14691E-2 6.37109E-2 6.09189E-2 6.22148E-2 5.71166E-2 5.88639E-2 4.72174E-2 5.38424E-2 4.49933E-2 4.39526E-2 4.90357E-2 5.05275E-2 6.7358E-2 6.84183E-2 6.52815E-2 5.82854E-2 3.81309E-2 2.74784E-2 2.19496E-2 1.75843E-2 1.32811E-2 -9999 -9999 -9999 -9999 -9999 -9999 -9999 -9999 -9999 -9999 -9999 -9999 -9999 -9999 -9999 -9999 -9999 -9999 -9999 -9999 -9999
4.56863E-4 5.56461E-4 6.20551E-4 5.74306E-4 7.90395E-4 7.0156E-4 7.31947E-4 8.66809E-4 1.10117E-3 1.39094E-3 1.93362E-3 2.93836E-3 3.09456E-3 3.24244E-3 4.7855E-3 4.48891E-3 4.46741E-3 4.60891E-3 7.45847E-3 1.29457E-2 1.34167E-2 2.24858E-2 3.40924E-2 5.44432E-2 7.33864E-2 6.56734E-2 6.00578E-2 5.91174E-2 4.90662E-2 5.30425E-2 4.54388E-2 5.26312E-2 4.79442E-2 4.20317E-2 4.08479E-2 4.57242E-2 6.40752E-2 5.85997E-2 3.44219E-2 3.42923E-2 2.55692E-2 2.07309E-2 2.34244E-2 1.75627E-2 1.5506E-2 -9999 -9999 -9999 -9999 -9999 -9999 -9999 -9999 -9999 -9999 -9999 -9999 -9999 -9999 -9999 -9999 -9999 -9999 -9999 -9999 -9999
4.20067E-4 5.45832E-4 4.84118E-4 4.48189E-4 5.92893E-4 5.74201E-4 6.80515E-4 1.0507E-3 1.73947E-3 1.83167E-3 1.50618E-3 2.3732E-3 3.60959E-3 2.72178E-3 5.25908E-3 6.03256E-3 6.63081E-3 9.20375E-3 4.63442E-3 5.78122E-3 7.49716E-3 1.26621E-2 2.1751E-2 3.97331E-2 4.78516E-2 5.92972E-2 4.90426E-2 3.86906E-2 3.95104E-2 2.92917E-2 3.10454E-2 3.42897E-2 3.55455E-2 3.05028E-2 3.51066E-2 4.02636E-2 3.85333E-2 3.80964E-2 3.59476E-2 2.68997E-2 2.9015E-2 2.82747E-2 2.4628E-2 2.52296E-2 1.61347E-2 1.3579E-2 -9999 -9999 -9999 -9999 -9999 -9999 -9999 -9999 -9999 -9999 -9999 -9999 -9999 -9999 -9999 -9999 -9999 -9999 -9999 -9999
4.47235E-4 4.65801E-4 4.68131E-4 4.73981E-4 5.5183E-4 6.25079E-4 6.77011E-4 1.52021E-3 1.86944E-3 4.2573E-3 3.96061E-3 3.37968E-3 4.03789E-3 3.37961E-3 3.22546E-3 3.38348E-3 4.58291E-3 1.07382E-2 1.7929E-2 1.86259E-2 2.45263E-2 2.50945E-2 2.16451E-2 3.16908E-2 3.50485E-2 3.79329E-2 4.3353E-2 3.70215E-2 2.80457E-2 2.24667E-2 2.49307E-2 2.64817E-2 2.72715E-2 2.28487E-2 2.2557E-2 2.63343E-2 3.71079E-2 3.82973E-2 3.57889E-2 3.42229E-2 3.25811E-2 2.65528E-2 3.15653E-2 2.68655E-2 2.01156E-2 1.39274E-2 1.53742E-2 -9999 -9999 -9999 -9999 -9999 -9999 -9999 -9999 -9999 -9999 -9999 -9999 -9999 -9999 -9999 -9999 -9999 -9999 -9999
4.16329E-4 4.20023E-4 4.78817E-4 5.13788E-4 6.01966E-4 6.35273E-4 1.06485E-3 1.70647E-3 2.8308E-3 4.52723E-3 4.19769E-3 3.9802E-3 3.20439E-3 2.84038E-3 2.65738E-3 5.31112E-3 8.99873E-3 1.59744E-2 2.63924E-2 3.60319E-2 4.78648E-2 6.19992E-2 8.98679E-2 8.86915E-2 6.33017E-2 4.84878E-2 4.6097E-2 3.45677E-2 3.51973E-2 2.60539E-2 2.56827E-2 2.54643E-2 1.8582E-2 2.01752E-2 2.29068E-2 2.23014E-2 2.75946E-2 2.60142E-2 2.54635E-2 3.09375E-2 2.77026E-2 2.66506E-2 2.78865E-2 2.67232E-2 2.20951E-2 1.94483E-2 1.58558E-2 1.46776E-2 1.25961E-2 -9999 -9999 -9999 -9999 -9999 -9999 -9999 -9999 -9999 -9999 -9999 -9999 -9999 -9999 -9999 -9999 -9999
-9999 3.52815E-4 4.16286E-4 4.4951E-4 5.50605E-4 7.16078E-4 1.21226E-3 2.55219E-3 4.96318E-3 5.90622E-3 4.4166E-3 4.36264E-3 4.39179E-3 4.59564E-3 6.49215E-3 6.76753E-3 1.26541E-2 2.04148E-2 3.2657E-2 4.9986E-2 5.67821E-2 6.78818E-2 8.46689E-2 1.1138E-1 8.74406E-2 6.16248E-2 4.57626E-2 4.30351E-2 4.90673E-2 4.26141E-2 3.45348E-2 3.28308E-2 3.48864E-2 3.81732E-2 4.16722E-2 3.41909E-2 2.78808E-2 3.00949E-2 3.11506E-2 3.0618E-2 2.57044E-2 2.24721E-2 2.85153E-2 2.69098E-2 2.26934E-2 2.04807E-2 2.22538E-2 1.8574E-2 1.60259E-2 1.56066E-2 -9999 -9999 -9999 -9999 -9999 -9999 -9999 -9999 -9999 -9999 -9999 -9999 -9999 -9999 -9999 -9999
-9999 -9999 -9999 5.26274E-4 6.02894E-4 8.30974E-4 1.45731E-3 2.9504E-3 5.81774E-3 5.43222E-3 3.95948E-3 4.92359E-3 4.85375E-3 4.67005E-3 6.5508E-3 7.43579E-3 1.29214E-2 2.24356E-2 3.49737E-2 5.07528E-2 6.28122E-2 7.38877E-2 1.01456E-1 9.38947E-2 6.88601E-2 4.73533E-2 4.32498E-2 4.16948E-2 5.77183E-2 5.92519E-2 4.21953E-2 3.74973E-2 3.75863E-2 5.1132E-2 5.18555E-2 4.21999E-2 3.46361E-2 3.39585E-2 2.54982E-2 2.61661E-2 2.47367E-2 2.34646E-2 2.11243E-2 2.28887E-2 2.1286E-2 1.98957E-2 2.14729E-2 1.99424E-2 1.80043E-2 1.51635E-2 1.45389E-2 1.5356E-2 1.38073E-2 1.30795E-2 1.02607E-2 1.08687E-2 -9999 -9999 -9999 -9999 -9999 -9999 -9999 -9999 -9999 -9999
-9999 -9999 -9999 4.22759E-4 6.55851E-4 1.10567E-3 1.47047E-3 3.1902E-3 5.259E-3 5.82771E-3 4.07816E-3 4.97119E-3 4.50203E-3 4.04546E-3 4.99596E-3 8.3375E-3 1.3407E-2 1.67782E-2 2.20049E-2 3.72179E-2 4.35198E-2 6.60475E-2 6.4467E-2 6.98468E-2 6.15156E-2 6.08252E-2 4.87894E-2 5.36409E-2 5.05388E-2 4.56964E-2 3.85304E-2 3.50352E-2 3.62575E-2 3.91103E-2 4.02138E-2 4.17493E-2 4.2706E-2 3.13799E-2 2.42969E-2 2.34577E-2 2.44623E-2 2.61958E-2 2.48944E-2 2.33907E-2 2.23074E-2 2.08311E-2 1.8946E-2 1.98554E-2 1.81052E-2 1.57924E-2 1.73039E-2 1.47393E-2 1.25344E-2 1.43749E-2 1.12702E-2 9.32703E-3 -9999 -9999 -9999 -9999 -9999 -9999 -9999 -9999 -9999 -9999
-9999 -9999 2.61661E-4 4.83644E-4 7.91742E-4 1.16501E-3 1.95187E-3 2.31834E-3 3.62341E-3 4.44274E-3 4.5774E-3 5.36331E-3 4.26738E-3 5.3766E-3 7.61825E-3 1.06801E-2 1.86394E-2 2.57706E-2 1.65461E-2 2.95009E-2 4.26926E-2 3.62447E-2 4.83866E-2 5.28185E-2 6.04042E-2 5.7303E-2 6.23759E-2 4.80233E-2 5.4638E-2 4.98681E-2 5.36934E-2 4.4354E-2 4.32581E-2 3.83127E-2 4.84984E-2 4.51682E-2 4.47674E-2 3.60295E-2 2.85191E-2 2.73299E-2 2.77456E-2 2.64042E-2 2.46709E-2 2.32571E-2 2.17109E-2 2.05692E-2 2.29786E-2 2.0301E-2 1.84733E-2 1.65979E-2 1.84914E-2 1.62212E-2 1.37318E-2 1.38431E-2 1.28023E-2 1.00702E-2 -9999 -9999 -9999 -9999 -9999 -9999 -9999 -9999 -9999 -9999
-9999 3.39314E-4 4.69034E-4 6.49241E-4 9.34483E-4 1.48603E-3 2.13001E-3 2.28006E-3 3.17279E-3 4.26541E-3 4.40703E-3 4.14122E-3 4.96405E-3 7.30769E-3 9.95198E-3 1.38475E-2 1.44722E-2 3.01553E-2 4.56305E-2 4.00709E-2 4.83262E-2 6.26146E-2 6.7646E-2 5.87767E-2 6.27602E-2 5.56107E-2 4.33304E-2 4.56014E-2 5.02339E-2 5.16685E-2 4.82394E-2 3.89947E-2 4.05311E-2 4.10858E-2 3.90104E-2 4.64602E-2 3.49436E-2 3.38651E-2 2.81695E-2 2.88011E-2 2.67858E-2 2.48381E-2 2.28921E-2 2.32425E-2 2.23878E-2 2.08369E-2 2.2574E-2 2.02777E-2 1.90244E-2 1.74153E-2 1.86284E-2 1.8128E-2 1.57652E-2 1.51328E-2 1.30176E-2 1.24998E-2 -9999 -9999 -9999 -9999 -9999 -9999 -9999 -9999 -9999 -9999
2.54868E-4 2.90242E-4 4.82697E-4 6.48138E-4 6.48274E-4 9.72374E-4 1.78054E-3 2.30259E-3 3.1235E-3 3.2477E-3 4.08695E-3 4.75671E-3 7.63869E-3 7.46501E-3 9.18361E-3 1.07963E-2 1.62764E-2 2.92743E-2 4.35878E-2 5.27653E-2 6.213E-2 5.80332E-2 6.41219E-2 5.62466E-2 6.38476E-2 5.92334E-2 4.51129E-2 4.62701E-2 4.24472E-2 4.23783E-2 4.47617E-2 4.77765E-2 3.78584E-2 3.68423E-2 3.85395E-2 4.08702E-2 3.76242E-2 3.24488E-2 3.38034E-2 2.83276E-2 2.89267E-2 2.06718E-2 1.89327E-2 2.32929E-2 2.23834E-2 2.14647E-2 2.409E-2 2.20975E-2 2.04594E-2 1.81653E-2 2.04655E-2 1.99201E-2 1.8247E-2 1.57861E-2 1.70628E-2 1.26472E-2 -9999 -9999 -9999 -9999 -9999 -9999 -9999 -9999 -9999 -9999
2.48616E-4 3.20136E-4 4.7247E-4 6.48699E-4 7.68697E-4 8.16133E-4 1.41432E-3 2.33333E-3 2.2667E-3 2.91161E-3 4.36978E-3 6.0254E-3 6.98924E-3 8.89629E-3 8.36476E-3 1.0144E-2 1.54592E-2 2.5233E-2 3.86055E-2 4.89401E-2 6.28548E-2 5.04227E-2 6.06943E-2 5.49807E-2 5.23384E-2 5.53178E-2 4.58389E-2 3.80226E-2 4.39997E-2 3.77311E-2 4.24742E-2 4.48895E-2 4.42527E-2 4.9029E-2 4.13294E-2 4.55947E-2 3.66009E-2 2.89464E-2 3.06709E-2 2.89642E-2 2.75242E-2 2.67885E-2 2.47398E-2 2.31826E-2 2.22103E-2 2.11042E-2 2.41877E-2 2.20605E-2 2.1075E-2 1.96609E-2 2.15556E-2 1.98395E-2 1.89434E-2 1.79063E-2 1.53357E-2 1.3859E-2 -9999 -9999 -9999 -9999 -9999 -9999 -9999 -9999 -9999 -9999
2.6393E-4 3.11977E-4 4.84883E-4 6.99502E-4 9.27595E-4 1.39486E-3 1.74477E-3 2.2289E-3 2.20979E-3 3.66092E-3 4.27148E-3 4.75005E-3 6.40955E-3 7.17705E-3 8.68088E-3 9.73912E-3 1.67157E-2 2.60227E-2 3.48518E-2 4.49339E-2 4.29826E-2 4.27933E-2 5.36037E-2 5.01097E-2 4.70098E-2 4.50913E-2 4.13278E-2 4.71748E-2 4.29311E-2 4.43167E-2 4.12927E-2 4.52716E-2 4.91403E-2 4.85606E-2 3.75653E-2 3.67331E-2 3.36777E-2 3.30908E-2 2.85219E-2 2.75476E-2 2.57245E-2 2.53721E-2 2.3359E-2 2.23513E-2 2.13786E-2 2.07951E-2 2.26488E-2 2.25618E-2 2.11744E-2 2.02634E-2 2.26443E-2 2.13059E-2 1.88218E-2 1.71271E-2 1.47448E-2 -9999 -9999 -9999 -9999 -9999 -9999 -9999 -9999 -9999 -9999 -9999
3.1796E-4 3.11015E-4 3.81628E-4 6.24116E-4 8.56495E-4 1.37699E-3 1.85422E-3 2.45308E-3 2.66815E-3 2.8851E-3 3.63711E-3 4.64068E-3 7.15937E-3 6.97518E-3 6.93118E-3 8.45866E-3 1.36182E-2 2.25009E-2 3.36564E-2 4.34929E-2 4.32864E-2 4.36369E-2 4.35968E-2 4.74889E-2 5.00105E-2 4.46771E-2 4.63395E-2 4.29397E-2 4.62115E-2 4.16936E-2 3.88895E-2 4.72667E-2 4.53884E-2 4.51475E-2 3.86288E-2 3.70107E-2 3.13793E-2 3.29586E-2 2.67551E-2 2.58812E-2 2.38836E-2 2.36972E-2 2.24275E-2 2.60798E-2 2.65488E-2 2.67598E-2 2.40439E-2 2.23518E-2 2.26792E-2 2.04207E-2 1.87702E-2 1.95741E-2 1.75782E-2 1.46577E-2 -9999 -9999 -9999 -9999 -9999 -9999 -9999 -9999 -9999 -9999 -9999 -9999
2.33609E-4 2.36497E-4 3.19121E-4 5.85064E-4 8.87395E-4 1.32611E-3 1.61114E-3 2.60923E-3 4.05312E-3 4.8164E-3 5.27726E-3 5.62472E-3 5.26068E-3 6.85435E-3 6.08681E-3 1.07126E-2 1.34867E-2 2.14771E-2 3.08488E-2 4.13697E-2 4.46827E-2 4.62681E-2 4.45106E-2 4.77723E-2 5.41093E-2 4.48617E-2 4.92303E-2 4.5896E-2 5.29658E-2 5.36369E-2 3.78348E-2 4.60587E-2 4.68014E-2 4.65743E-2 3.84596E-2 2.98629E-2 2.96685E-2 2.54491E-2 2.52942E-2 2.49514E-2 2.38676E-2 2.3911E-2 2.48167E-2 2.8413E-2 2.72725E-2 2.73227E-2 2.43411E-2 2.17937E-2 2.11658E-2 1.9278E-2 2.06474E-2 1.70075E-2 -9999 -9999 -9999 -9999 -9999 -9999 -9999 -9999 -9999 -9999 -9999 -9999 -9999 -9999
2.04962E-4 2.54856E-4 3.72139E-4 4.62756E-4 9.77181E-4 1.29053E-3 1.74394E-3 3.00597E-3 4.6304E-3 5.63185E-3 6.41472E-3 7.17303E-3 7.16517E-3 5.71237E-3 7.08422E-3 1.1706E-2 1.61525E-2 2.74498E-2 3.20319E-2 3.6623E-2 5.34371E-2 4.92967E-2 5.38238E-2 5.45498E-2 6.26041E-2 4.4233E-2 4.11368E-2 4.72338E-2 4.84859E-2 3.98105E-2 3.81642E-2 3.42995E-2 4.24998E-2 3.45167E-2 2.84459E-2 2.90709E-2 2.42946E-2 2.37869E-2 2.46619E-2 2.49609E-2 2.45039E-2 2.48369E-2 2.38011E-2 2.82224E-2 2.90906E-2 2.73981E-2 2.53672E-2 2.17865E-2 1.8746E-2 1.76529E-2 -9999 -9999 -9999 -9999 -9999 -9999 -9999 -9999 -9999 -9999 -9999 -9999 -9999 -9999 -9999 -9999
1.71592E-4 2.74806E-4 3.28119E-4 4.91727E-4 7.33528E-4 1.34572E-3 1.71941E-3 2.87032E-3 4.5028E-3 5.93965E-3 6.93281E-3 7.31032E-3 4.85535E-3 5.35506E-3 8.18251E-3 9.5161E-3 1.81338E-2 2.56755E-2 3.89739E-2 4.87465E-2 5.24068E-2 4.56484E-2 4.60827E-2 5.75111E-2 5.77898E-2 4.90788E-2 4.08479E-2 3.80813E-2 3.64179E-2 3.83831E-2 3.84916E-2 3.42956E-2 3.61934E-2 2.9695E-2 2.948E-2 2.9135E-2 2.99375E-2 3.14705E-2 2.64774E-2 2.69353E-2 2.66086E-2 3.29403E-2 3.11645E-2 3.06355E-2 2.95867E-2 2.78441E-2 2.44709E-2 2.1964E-2 -9999 -9999 -9999 -9999 -9999 -9999 -9999 -9999 -9999 -9999 -9999 -9999 -9999 -9999 -9999 -9999 -9999 -9999
1.87363E-4 2.82834E-4 4.07957E-4 4.62378E-4 7.86888E-4 1.09928E-3 1.59198E-3 3.12383E-3 5.1549E-3 5.92409E-3 5.7648E-3 4.87501E-3 6.47068E-3 7.04045E-3 4.96955E-3 7.60737E-3 1.69844E-2 2.67635E-2 4.74906E-2 5.4635E-2 4.65605E-2 3.52648E-2 1.76339E-2 3.2866E-2 5.06883E-2 5.16324E-2 5.35466E-2 5.10921E-2 3.93277E-2 4.08464E-2 4.3064E-2 3.52373E-2 3.74721E-2 2.9563E-2 2.85045E-2 2.97178E-2 3.13059E-2 3.06064E-2 3.10592E-2 3.15129E-2 3.2082E-2 3.23156E-2 3.24119E-2 3.10983E-2 2.68807E-2 2.4882E-2 2.26876E-2 -9999 -9999 -9999 -9999 -9999 -9999 -9999 -9999 -9999 -9999 -9999 -9999 -9999 -9999 -9999 -9999 -9999 -9999 -9999
2.16947E-4 2.82323E-4 4.6452E-4 4.41502E-4 8.58637E-4 1.2432E-3 1.49738E-3 2.53894E-3 5.73048E-3 6.47576E-3 7.90947E-3 1.01176E-2 9.57727E-3 9.62089E-3 8.19481E-3 9.63575E-3 1.55349E-2 3.1019E-2 4.70674E-2 6.16849E-2 5.56944E-2 5.01225E-2 4.39619E-2 4.47592E-2 5.38092E-2 5.71541E-2 4.73155E-2 4.11233E-2 3.915E-2 3.22769E-2 3.48396E-2 3.56351E-2 3.64205E-2 3.39768E-2 2.73777E-2 2.97286E-2 2.9381E-2 2.87421E-2 3.03597E-2 3.09214E-2 3.20102E-2 3.2122E-2 3.11574E-2 2.78537E-2 2.35502E-2 -9999 -9999 -9999 -9999 -9999 -9999 -9999 -9999 -9999 -9999 -9999 -9999 -9999 -9999 -9999 -9999 -9999 -9999 -9999 -9999 -9999
2.08192E-4 3.35666E-4 4.73615E-4 5.6635E-4 9.13014E-4 9.53384E-4 1.58811E-3 3.23746E-3 5.07341E-3 6.40839E-3 7.67808E-3 7.809E-3 6.48967E-3 1.17009E-2 1.22544E-2 1.58981E-2 2.21677E-2 2.92868E-2 3.1891E-2 4.79418E-2 5.40348E-2 4.87528E-2 4.56312E-2 4.41909E-2 4.4332E-2 4.64522E-2 3.84795E-2 4.03882E-2 3.89593E-2 3.63433E-2 3.50976E-2 3.31103E-2 3.22685E-2 3.3335E-2 3.05749E-2 3.03474E-2 3.02517E-2 3.1892E-2 3.27638E-2 3.40195E-2 3.56746E-2 3.55119E-2 2.81651E-2 2.61263E-2 2.27619E-2 -9999 -9999 -9999 -9999 -9999 -9999 -9999 -9999 -9999 -9999 -9999 -9999 -9999 -9999 -9999 -9999 -9999 -9999 -9999 -9999 -9999
1.88414E-4 2.67043E-4 3.9367E-4 4.69382E-4 9.22584E-4 1.12213E-3 1.88136E-3 3.43295E-3 5.59286E-3 6.57592E-3 5.55396E-3 6.91212E-3 5.81574E-3 5.36196E-3 1.28741E-2 2.15494E-2 3.29163E-2 4.54446E-2 5.08892E-2 3.71386E-2 4.6867E-2 5.09819E-2 4.9038E-2 4.57721E-2 4.52543E-2 4.52479E-2 4.69246E-2 3.92185E-2 3.59542E-2 3.5011E-2 3.3728E-2 2.74084E-2 2.4212E-2 2.43096E-2 2.36667E-2 2.85594E-2 3.03142E-2 2.979E-2 3.07603E-2 2.58971E-2 2.6552E-2 2.82324E-2 2.80112E-2 2.48775E-2 2.16847E-2 -9999 -9999 -9999 -9999 -9999 -9999 -9999 -9999 -9999 -9999 -9999 -9999 -9999 -9999 -9999 -9999 -9999 -9999 -9999 -9999 -9999
1.54394E-4 2.54302E-4 4.24909E-4 4.56554E-4 7.63673E-4 1.11333E-3 1.83515E-3 3.28488E-3 5.19828E-3 6.64001E-3 6.84734E-3 7.50588E-3 4.48709E-3 4.17888E-3 6.95337E-3 1.26301E-2 2.32498E-2 3.62654E-2 4.88549E-2 5.21044E-2 4.62022E-2 4.85168E-2 4.49501E-2 4.53336E-2 4.28522E-2 3.88532E-2 3.98624E-2 3.73533E-2 3.76915E-2 3.35838E-2 3.33054E-2 2.87659E-2 2.39304E-2 2.32953E-2 2.32341E-2 2.21377E-2 2.36417E-2 2.82568E-2 2.39489E-2 2.32675E-2 2.47613E-2 3.07972E-2 2.56403E-2 2.52266E-2 -9999 -9999 -9999 -9999 -9999 -9999 -9999 -9999 -9999 -9999 -9999 -9999 -9999 -9999 -9999 -9999 -9999 -9999 -9999 -9999 -9999 -9999
