Leopardus jacobita/Leopardus_jacobita_projection 2041-2060_novel.asc
ncols         515
nrows         545
xllcorner     -119.0
yllcorner     -58.333333333333
cellsize      0.166666666667
NODATA_value  -9999
[rows 0 to 29 of 545, columns 0 to 67 of 515]
-9999 -9999 -9999 -9999 -9999 -9999 -9999 -9999 -9999 -9999 -9999 -9999 2.24719E0 2.62504E0 3.53982E0 6.62225E0 1.28667E1 1.12558E1 1.12558E1 1.98866E-2 1.98866E-2 9.94332E-2 -7.89472E-1 -5.26318E-1 -2.63158E0 -6.31579E0 -6.8421E0 -5.52631E0 -2.36843E0 -1.84211E0 -1.84211E0 -3.68421E0 -4.21052E0 -3.94737E0 -3.68421E0 -2.89473E0 -1.05264E0 -1.05264E0 1.98866E-2 9.94332E-2 1.98866E-2 -7.89472E-1 -1.57894E0 -2.36843E0 1.98866E-2 1.98866E-2 1.98866E-2 9.94332E-2 1.4915E0 1.44974E1 1.4915E0 3.5796E-1 2.26708E0 2.26708E0 1.59093E-1 6.16486E-1 -1.5625E0 -5.625E0 -4.6875E0 1.59093E-1 -6.875E0 -6.875E0 -6.25002E-1 6.16486E-1 1.59093E-1 -1.5625E0 -2.5E0 1.59093E-1
-9999 -9999 -9999 -9999 -9999 -9999 -9999 -9999 -9999 -9999 -9999 -9999 -9999 3.22164E0 3.53982E0 6.36373E0 1.49349E1 1.44974E1 1.67446E1 1.4915E0 3.5796E-1 8.75012E-1 9.94332E-2 1.98866E-2 -1.57894E0 -5.52631E0 -5.78948E0 -4.73684E0 -2.36843E0 -5.26318E-1 1.98866E-2 -7.89472E-1 -2.36843E0 -3.1579E0 -4.21052E0 -2.89473E0 -7.89472E-1 -1.31579E0 1.98866E-2 1.98866E-2 1.98866E-2 1.98866E-2 -7.89472E-1 1.98866E-2 1.98866E-2 1.98866E-2 1.98866E-2 9.94332E-2 9.94332E-2 3.5796E-1 6.62225E0 1.4915E0 6.16486E-1 1.43184E0 1.59093E-1 1.59093E-1 2.26708E0 -6.25002E-1 -4.6875E0 -1.25E0 -4.6875E0 -2.8125E0 -5.3125E0 -2.1875E0 -2.1875E0 -1.875E0 -2.8125E0 -1.875E0
-9999 -9999 -9999 -9999 -9999 -9999 -9999 -9999 -9999 -9999 -9999 -9999 -9999 2.18753E0 2.983E0 5.42905E0 1.3165E1 1.74605E1 1.79974E1 7.39783E0 2.24719E0 1.4915E0 8.75012E-1 9.94332E-2 1.98866E-2 -3.1579E0 -3.94737E0 -3.42105E0 -1.31579E0 -1.31579E0 -5.26318E-1 -2.63154E-1 -3.1579E0 -3.94737E0 -2.36843E0 -3.1579E0 -5.26318E-1 1.98866E-2 1.98866E-2 -2.63154E-1 1.98866E-2 9.94332E-2 9.94332E-2 3.5796E-1 9.94332E-2 9.94332E-2 9.94332E-2 9.94332E-2 1.98866E-2 9.94332E-2 1.4915E0 1.4915E0 6.16486E-1 2.26708E0 1.59093E-1 -3.12495E-1 3.38073E-1 1.43184E0 1.43184E0 -2.8125E0 -2.8125E0 -9.37498E-1 -3.125E0 -3.4375E0 -1.5625E0 -1.5625E0 -2.5E0 -1.5625E0
-9999 -9999 -9999 -9999 -9999 -9999 -9999 -9999 -9999 -9999 -9999 -9999 -9999 -9999 2.32674E0 4.81257E0 6.68191E0 1.20314E1 1.94491E1 1.40201E1 3.53982E0 2.983E0 8.75012E-1 3.5796E-1 3.5796E-1 9.94332E-2 1.98866E-2 -1.05264E0 -1.05264E0 -5.26318E-1 -5.26318E-1 -1.57894E0 -2.10526E0 -3.1579E0 -5E0 -7.89472E-1 -7.89472E-1 -7.89472E-1 1.98866E-2 1.98866E-2 1.98866E-2 1.98866E-2 1.98866E-2 3.5796E-1 3.08243E0 3.5796E-1 1.4915E0 8.75012E-1 9.94332E-2 8.75012E-1 1.4915E0 3.08243E0 6.16486E-1 1.4915E0 2.26708E0 1.59093E-1 1.39207E-1 2.26708E0 5.96599E0 1.59093E-1 1.59093E-1 -9.37498E-1 -1.25E0 1.59093E-1 1.59093E-1 6.16486E-1 1.59093E-1 6.16486E-1
-9999 -9999 -9999 -9999 -9999 -9999 -9999 -9999 -9999 -9999 -9999 -9999 -9999 -9999 -9999 3.73869E0 8.4916E0 1.13752E1 1.27473E1 1.62673E1 1.08382E1 6.62225E0 8.75012E-1 3.5796E-1 3.5796E-1 8.75012E-1 -9999 9.94332E-2 1.98866E-2 1.98866E-2 1.98866E-2 1.98866E-2 -2.63154E-1 -1.84211E0 -3.94737E0 -1.84211E0 1.98866E-2 1.98866E-2 -5.26318E-1 -5.26318E-1 -5.26318E-1 1.98866E-2 1.98866E-2 9.94332E-2 3.08243E0 3.5796E-1 8.75012E-1 3.5796E-1 3.08243E0 5.96599E0 2.26708E0 5.96599E0 6.16486E-1 8.75012E-1 1.4915E0 6.16486E-1 6.16486E-1 2.26708E0 5.96599E0 1.59093E-1 1.41195E0 1.59093E-1 1.59093E-1 1.59093E-1 6.16486E-1 6.16486E-1 1.59093E-1 1.59093E-1
-9999 -9999 -9999 -9999 -9999 -9999 -9999 -9999 -9999 -9999 -9999 -9999 -9999 -9999 2.46594E0 2.80402E0 8.4916E0 1.53326E1 6.04554E0 8.51148E0 1.39207E1 3.08243E0 8.75012E-1 3.5796E-1 3.5796E-1 -9999 -9999 -9999 -9999 9.94332E-2 -9999 -9999 1.98866E-2 -2.10526E0 -2.89473E0 -1.05264E0 -1.57894E0 1.98866E-2 1.98866E-2 1.98866E-2 1.98866E-2 9.94332E-2 9.94332E-2 9.94332E-2 1.4915E0 8.75012E-1 8.75012E-1 8.75012E-1 3.08243E0 3.08243E0 3.89778E0 3.08243E0 8.75012E-1 8.75012E-1 1.4915E0 1.59093E-1 4.57393E-1 1.43184E0 1.39207E-1 6.16486E-1 5.36939E-1 2.26708E0 6.16486E-1 6.16486E-1 6.16486E-1 1.59093E-1 6.16486E-1 1.59093E-1
-9999 -9999 -9999 -9999 -9999 -9999 -9999 -9999 -9999 -9999 -9999 -9999 -9999 -9999 -9999 2.46594E0 3.48016E0 7.09953E0 1.40201E1 7.93477E0 1.27473E1 3.08243E0 8.75012E-1 9.94332E-2 3.5796E-1 -9999 -9999 -9999 -9999 -9999 -9999 -9999 -9999 1.98866E-2 -1.31579E0 -2.10526E0 -2.36843E0 -7.89472E-1 1.98866E-2 9.94332E-2 9.94332E-2 9.94332E-2 3.5796E-1 9.94332E-2 3.5796E-1 8.75012E-1 1.4915E0 3.08243E0 1.98866E-1 5.96599E0 2.26708E0 5.96599E0 3.89778E0 8.75012E-1 3.08243E0 6.16486E-1 1.39207E-1 6.16486E-1 5.96599E-2 1.43184E0 6.16486E-1 1.43184E0 6.16486E-1 6.16486E-1 6.16486E-1 1.59093E-1 6.16486E-1 6.16486E-1
-9999 -9999 -9999 -9999 -9999 -9999 -9999 -9999 -9999 -9999 -9999 -9999 -9999 -9999 -9999 -9999 2.58526E0 4.39495E0 1.23098E1 1.33042E1 1.33042E1 8.75012E-1 9.94332E-2 3.5796E-1 -9999 -9999 -9999 -9999 -9999 -9999 -9999 -9999 -9999 -9999 -9999 1.98866E-2 -2.36843E0 -2.36843E0 1.98866E-2 9.94332E-2 9.94332E-2 9.94332E-2 3.5796E-1 9.94332E-2 9.94332E-2 3.5796E-1 3.5796E-1 3.08243E0 1.4915E0 1.4915E0 3.08243E0 2.26708E0 8.75012E-1 1.4915E0 1.4915E0 1.43184E0 6.16486E-1 1.43184E0 1.98866E-1 1.4915E0 2.26708E0 5.96599E0 6.16486E-1 6.16486E-1 6.16486E-1 1.59093E-1 6.16486E-1 1.43184E0
-9999 -9999 -9999 -9999 -9999 -9999 -9999 -9999 -9999 -9999 -9999 -9999 -9999 -9999 -9999 -9999 2.46594E0 4.09665E0 9.86378E0 1.33042E1 1.62872E1 1.44974E1 9.94332E-2 9.94332E-2 -9999 -9999 -9999 -9999 -9999 -9999 -9999 -9999 -9999 -9999 -9999 -9999 -2.36843E0 -3.1579E0 1.98866E-2 1.98866E-2 1.98866E-2 1.98866E-2 1.98866E-2 9.94332E-2 8.75012E-1 9.94332E-2 3.5796E-1 3.08243E0 1.4915E0 5.96599E0 1.4915E0 3.08243E0 1.01422E0 1.43184E0 3.08243E0 1.43184E0 6.16486E-1 3.5796E-1 9.94332E-2 3.89778E0 5.96599E0 2.26708E0 1.43184E0 6.16486E-1 6.16486E-1 6.16486E-1 6.16486E-1 1.43184E0
-9999 -9999 -9999 -9999 -9999 -9999 -9999 -9999 -9999 -9999 -9999 -9999 -9999 -9999 -9999 -9999 -9999 3.34096E0 6.68191E0 1.31848E1 1.62872E1 1.28865E1 1.4915E0 9.94332E-2 3.5796E-1 -9999 -9999 -9999 -9999 -9999 -9999 -9999 -9999 -9999 -9999 -9999 -1.31579E0 -2.63158E0 -1.84211E0 -2.63154E-1 9.94332E-2 9.94332E-2 1.98866E-2 1.98866E-2 1.98866E-2 1.98866E-2 9.94332E-2 3.5796E-1 8.75012E-1 3.08243E0 1.13354E0 3.08243E0 3.08243E0 1.4915E0 8.4916E0 1.4915E0 6.16486E-1 8.75012E-1 9.94332E-2 3.89778E0 3.89778E0 6.16486E-1 6.16486E-1 6.16486E-1 6.16486E-1 1.43184E0 1.43184E0 2.26708E0
-9999 -9999 -9999 -9999 -9999 -9999 -9999 -9999 -9999 -9999 -9999 -9999 -9999 -9999 -9999 -9999 -9999 -9999 4.39495E0 1.08382E1 1.18922E1 1.27473E1 1.13553E1 9.94332E-2 3.5796E-1 3.5796E-1 -9999 -9999 -9999 -9999 -9999 -9999 -9999 -9999 -9999 -9999 1.98866E-2 -7.89472E-1 1.98866E-2 -1.57894E0 -1.84211E0 -1.57894E0 -1.05264E0 -2.63154E-1 1.98866E-2 1.98866E-2 9.94332E-2 9.94332E-2 3.5796E-1 8.75012E-1 3.08243E0 2.06821E0 1.01422E0 8.75012E-1 8.75012E-1 1.4915E0 8.75012E-1 3.5796E-1 3.5796E-1 3.5796E-1 3.89778E0 2.26708E0 2.26708E0 1.43184E0 1.43184E0 1.43184E0 1.41195E0 2.26708E0
-9999 -9999 -9999 -9999 -9999 -9999 -9999 -9999 -9999 -9999 -9999 -9999 -9999 -9999 -9999 -9999 -9999 -9999 2.58526E0 7.09953E0 9.6848E0 6.62225E0 1.08183E1 8.75012E-1 3.5796E-1 3.5796E-1 -9999 -9999 -9999 -9999 -9999 -9999 -9999 -9999 -9999 -9999 9.94332E-2 -5.26318E-1 1.98866E-2 -7.89472E-1 -1.57894E0 -7.89472E-1 1.98866E-2 -1.31579E0 -1.84211E0 -2.63154E-1 1.98866E-2 1.98866E-2 9.94332E-2 8.75012E-1 3.38073E-1 2.06821E0 2.58526E-1 6.36373E-1 2.58526E-1 3.08243E0 1.4915E0 3.5796E-1 3.08243E0 5.96599E0 1.4915E0 5.96599E0 8.4916E0 3.89778E0 2.26708E0 1.43184E0 1.41195E0 3.89778E0
-9999 -9999 -9999 -9999 -9999 -9999 -9999 -9999 -9999 -9999 -9999 -9999 -9999 -9999 -9999 -9999 -9999 -9999 -9999 3.73869E0 9.24729E0 6.62225E0 3.08243E0 3.08243E0 3.5796E-1 3.5796E-1 -9999 -9999 -9999 -9999 -9999 -9999 -9999 -9999 -9999 -9999 -9999 9.94332E-2 1.98866E-2 9.94332E-2 1.98866E-2 1.98866E-2 9.94332E-2 -2.63154E-1 -1.05264E0 -2.63154E-1 -1.11987E0 1.98866E-2 9.94332E-2 3.38073E-1 1.98866E-1 1.76991E0 8.75012E-1 9.94332E-2 3.5796E-1 8.75012E-1 1.4915E0 9.94332E-2 8.75012E-1 8.4916E0 8.75012E-1 3.89778E0 8.4916E0 5.96599E0 5.96599E0 2.26708E0 1.43184E0 2.26708E0
-9999 -9999 -9999 -9999 -9999 -9999 -9999 -9999 -9999 -9999 -9999 -9999 -9999 -9999 -9999 -9999 -9999 -9999 -9999 2.80402E0 5.42905E0 6.62225E0 3.08243E0 3.08243E0 1.4915E0 8.75012E-1 -9999 -9999 -9999 -9999 -9999 -9999 -9999 -9999 -9999 -9999 -9999 -9999 3.5796E-1 3.5796E-1 9.94332E-2 9.94332E-2 9.94332E-2 3.5796E-1 9.94332E-2 9.94332E-2 5.96599E-2 5.96599E-2 9.94332E-2 3.5796E-1 3.5796E-1 1.13354E0 3.5796E-1 1.4915E0 8.75012E-1 9.94332E-2 3.08243E0 3.5796E-1 3.5796E-1 3.08243E0 1.4915E0 5.96599E0 8.4916E0 5.96599E0 3.89778E0 2.26708E0 2.26708E0 2.26708E0
-9999 -9999 -9999 -9999 -9999 -9999 -9999 -9999 -9999 -9999 -9999 -9999 -9999 -9999 -9999 -9999 -9999 -9999 -9999 -9999 3.34096E0 4.6137E0 3.08243E0 1.4915E0 8.75012E-1 1.4915E0 -9999 -9999 -9999 -9999 -9999 -9999 -9999 -9999 -9999 -9999 -9999 -9999 3.5796E-1 3.5796E-1 3.5796E-1 3.5796E-1 1.98866E-1 1.59093E-1 2.58526E-1 1.59093E-1 1.98866E-2 7.95466E-2 9.94332E-2 3.5796E-1 1.4915E0 1.4915E0 9.94332E-2 8.75012E-1 9.94332E-2 1.98866E-2 1.4915E0 9.94332E-2 9.94332E-2 1.4915E0 5.96599E0 5.96599E0 5.96599E0 5.96599E0 3.89778E0 3.89778E0 3.89778E0 2.26708E0
-9999 -9999 -9999 -9999 -9999 -9999 -9999 -9999 -9999 -9999 -9999 -9999 -9999 -9999 -9999 -9999 -9999 -9999 -9999 -9999 2.58526E0 3.34096E0 4.6137E0 1.4915E0 1.41195E0 1.4915E0 1.4915E0 -9999 -9999 -9999 -9999 -9999 -9999 -9999 -9999 -9999 -9999 -9999 3.5796E-1 3.5796E-1 3.5796E-1 3.5796E-1 1.98866E-1 9.94332E-2 3.38073E-1 3.97733E-2 -5.09796E-1 9.94332E-2 7.95466E-2 3.5796E-1 3.5796E-1 8.75012E-1 1.98866E-2 8.75012E-1 3.5796E-1 1.98866E-2 8.75012E-1 3.5796E-1 9.94332E-2 1.4915E0 5.96599E0 8.4916E0 5.96599E0 5.96599E0 5.96599E0 5.96599E0 3.89778E0 2.26708E0
-9999 -9999 -9999 -9999 -9999 -9999 -9999 -9999 -9999 -9999 -9999 -9999 -9999 -9999 -9999 -9999 -9999 -9999 -9999 -9999 2.18753E0 2.80402E0 3.22164E0 3.73869E0 3.08243E0 1.4915E0 3.08243E0 -9999 -9999 -9999 -9999 -9999 -9999 -9999 -9999 -9999 -9999 -9999 -9999 3.5796E-1 3.5796E-1 3.5796E-1 3.5796E-1 3.5796E-1 3.5796E-1 1.59093E-1 7.95466E-2 7.95466E-2 1.98866E-2 9.94332E-2 9.94332E-2 3.5796E-1 3.5796E-1 9.94332E-2 8.75012E-1 9.94332E-2 -5.26318E-1 3.5796E-1 1.98866E-2 3.5796E-1 1.4915E0 8.4916E0 8.4916E0 8.4916E0 5.96599E0 5.96599E0 2.06821E0 6.36373E-1
-9999 -9999 -9999 -9999 -9999 -9999 -9999 -9999 -9999 -9999 -9999 -9999 -9999 -9999 -9999 -9999 -9999 -9999 -9999 -9999 -9999 -9999 -9999 2.46594E0 2.983E0 3.08243E0 1.4915E0 1.4915E0 8.75012E-1 -9999 -9999 -9999 -9999 -9999 -9999 -9999 -9999 -9999 -9999 -9999 3.5796E-1 3.5796E-1 9.94332E-2 9.94332E-2 3.5796E-1 2.58526E-1 5.96599E-2 7.95466E-2 1.98866E-2 1.98866E-2 1.98866E-2 1.98866E-2 3.5796E-1 9.94332E-2 3.5796E-1 9.94332E-2 -2.36843E0 9.94332E-2 9.94332E-2 9.94332E-2 8.75012E-1 3.08243E0 7.93477E0 7.93477E0 5.96599E0 5.96599E0 3.22164E0 4.57393E-1
-9999 -9999 -9999 -9999 -9999 -9999 -9999 -9999 -9999 -9999 -9999 -9999 -9999 -9999 -9999 -9999 -9999 -9999 -9999 -9999 -9999 -9999 -9999 -9999 2.04832E0 2.46594E0 3.08243E0 1.4915E0 1.4915E0 1.4915E0 1.4915E0 -9999 -9999 -9999 -9999 -9999 -9999 -9999 -9999 -9999 8.75012E-1 3.5796E-1 3.5796E-1 9.94332E-2 1.98866E-2 9.94332E-2 9.94332E-2 9.94332E-2 1.98866E-2 -7.89472E-1 1.98866E-2 -1.84211E0 1.98866E-2 3.38073E-1 9.94332E-2 1.98866E-2 -1.57894E0 3.5796E-1 1.98866E-2 9.94332E-2 9.94332E-2 1.4915E0 5.54837E0 5.96599E0 7.15919E0 2.40628E0 1.59093E-1 7.95466E-2
-9999 -9999 -9999 -9999 -9999 -9999 -9999 -9999 -9999 -9999 -9999 -9999 -9999 -9999 -9999 -9999 -9999 -9999 -9999 -9999 -9999 -9999 -9999 -9999 -9999 -9999 2.62504E0 3.08243E0 1.4915E0 3.08243E0 1.4915E0 1.4915E0 -9999 -9999 -9999 -9999 -9999 -9999 -9999 -9999 -9999 8.75012E-1 3.5796E-1 9.94332E-2 1.98866E-2 1.98866E-2 1.98866E-2 1.98866E-2 1.98866E-2 -2.36843E0 -1.31579E0 -1.31579E0 -1.11987E0 7.95466E-2 1.98866E-1 -1.84211E0 -7.89472E-1 9.94332E-2 1.98866E-2 3.5796E-1 8.75012E-1 3.08243E0 3.79835E0 5.96599E0 5.54837E0 1.01422E0 5.36939E-1 1.59093E-1
-9999 -9999 -9999 -9999 -9999 -9999 -9999 -9999 -9999 -9999 -9999 -9999 -9999 -9999 -9999 -9999 -9999 -9999 -9999 -9999 -9999 -9999 -9999 -9999 -9999 -9999 -9999 2.46594E0 3.08243E0 1.4915E0 3.08243E0 3.08243E0 -9999 -9999 -9999 -9999 -9999 -9999 -9999 1.4915E0 -9999 1.4915E0 3.5796E-1 9.94332E-2 1.98866E-2 1.98866E-2 -2.63154E-1 -7.89472E-1 -2.63154E-1 -1.84211E0 -2.63154E-1 -3.56017E0 7.95466E-2 1.98866E-2 1.59093E-1 9.94332E-2 9.94332E-2 -1.05264E0 -1.84211E0 8.75012E-1 2.06821E0 1.4915E0 2.80402E0 2.80402E0 1.76991E0 4.57393E-1 1.98866E-1 3.38073E-1
-9999 -9999 -9999 -9999 -9999 -9999 -9999 -9999 -9999 -9999 -9999 -9999 -9999 -9999 -9999 -9999 -9999 -9999 -9999 -9999 -9999 -9999 -9999 -9999 -9999 -9999 -9999 -9999 2.80402E0 2.62504E0 3.34096E0 3.08243E0 -9999 -9999 -9999 -9999 -9999 -9999 -9999 3.08243E0 -9999 -9999 8.75012E-1 9.94332E-2 1.98866E-2 1.98866E-2 1.98866E-2 1.98866E-2 1.98866E-2 1.98866E-2 1.98866E-2 -1.11987E0 -1.72995E0 -1.11987E0 9.94332E-2 1.98866E-2 9.94332E-2 9.94332E-2 9.94332E-2 8.75012E-1 1.41195E0 1.4915E0 1.76991E0 1.13354E0 1.76991E0 1.98866E-1 9.94332E-2 5.96599E-2
-9999 -9999 -9999 -9999 -9999 -9999 -9999 -9999 -9999 -9999 -9999 -9999 -9999 -9999 -9999 -9999 -9999 -9999 -9999 -9999 -9999 -9999 -9999 -9999 -9999 -9999 -9999 -9999 2.04832E0 2.46594E0 3.48016E0 5.96599E0 3.08243E0 3.08243E0 2.983E0 -9999 -9999 -9999 -9999 -9999 -9999 -9999 -9999 3.5796E-1 3.5796E-1 9.94332E-2 1.98866E-2 1.98866E-2 1.98866E-2 1.98866E-2 1.98866E-2 1.98866E-2 9.94332E-2 9.94332E-2 1.98866E-2 1.98866E-2 -1.84211E0 8.75012E-1 8.75012E-1 8.75012E-1 1.13354E0 2.06821E0 1.01422E0 5.36939E-1 1.76991E0 9.94332E-2 1.98866E-2 1.39207E-1
-9999 -9999 -9999 -9999 -9999 -9999 -9999 -9999 -9999 -9999 -9999 -9999 -9999 -9999 -9999 -9999 -9999 -9999 -9999 -9999 -9999 -9999 -9999 -9999 -9999 -9999 -9999 -9999 -9999 -9999 3.48016E0 6.62225E0 6.62225E0 3.08243E0 1.4915E0 -9999 -9999 -9999 -9999 -9999 -9999 -9999 -9999 -9999 8.75012E-1 9.94332E-2 9.94332E-2 9.94332E-2 3.5796E-1 9.94332E-2 9.94332E-2 9.94332E-2 1.98866E-2 1.98866E-2 -7.89472E-1 9.94332E-2 -4.73684E0 9.94332E-2 1.13354E0 1.13354E0 9.14786E-1 1.76991E0 6.36373E-1 1.98866E-1 1.13354E0 6.36373E-1 7.95466E-2 4.57393E-1
-9999 -9999 -9999 -9999 -9999 -9999 -9999 -9999 -9999 -9999 -9999 -9999 -9999 -9999 -9999 -9999 -9999 -9999 -9999 -9999 -9999 -9999 -9999 -9999 -9999 -9999 -9999 -9999 -9999 -9999 2.983E0 6.14497E0 6.62225E0 6.62225E0 3.08243E0 1.4915E0 -9999 -9999 -9999 -9999 -9999 -9999 -9999 -9999 -9999 8.75012E-1 9.94332E-2 9.94332E-2 3.5796E-1 9.94332E-2 1.98866E-2 1.98866E-2 1.98866E-2 1.98866E-2 -1.31579E0 1.98866E-2 -4.73684E0 9.94332E-2 3.5796E-1 1.76991E0 6.36373E-1 6.36373E-1 6.36373E-1 9.14786E-1 9.14786E-1 9.14786E-1 4.57393E-1 2.58526E-1
-9999 -9999 -9999 -9999 -9999 -9999 -9999 -9999 -9999 -9999 -9999 -9999 -9999 -9999 -9999 -9999 -9999 -9999 -9999 -9999 -9999 -9999 -9999 -9999 -9999 -9999 -9999 -9999 -9999 -9999 2.32674E0 3.50005E0 5.54837E0 3.08243E0 3.08243E0 1.4915E0 -9999 -9999 -9999 -9999 -9999 -9999 -9999 -9999 -9999 -9999 3.5796E-1 3.5796E-1 3.5796E-1 9.94332E-2 1.98866E-2 9.94332E-2 1.98866E-2 1.98866E-2 -2.89473E0 -5.26318E-1 -1.31579E0 -2.63154E-1 1.98866E-2 2.06821E0 2.40628E0 2.40628E0 2.40628E0 3.22164E0 1.76991E0 1.76991E0 1.01422E0 1.41195E0
-9999 -9999 -9999 -9999 -9999 -9999 -9999 -9999 -9999 -9999 -9999 -9999 -9999 -9999 -9999 -9999 -9999 -9999 -9999 -9999 -9999 -9999 -9999 -9999 -9999 -9999 -9999 -9999 -9999 -9999 2.32674E0 3.08243E0 3.50005E0 1.4915E0 1.4915E0 1.4915E0 8.75012E-1 -9999 -9999 -9999 -9999 -9999 -9999 -9999 -9999 -9999 -9999 8.75012E-1 3.5796E-1 3.5796E-1 9.94332E-2 9.94332E-2 1.98866E-2 -5.26318E-1 -2.10526E0 -1.84211E0 -7.89472E-1 1.98866E-2 9.94332E-2 2.80402E0 3.08243E0 1.4915E0 1.4915E0 1.4915E0 3.22164E0 1.41195E0 2.06821E0 1.01422E0
-9999 -9999 -9999 -9999 -9999 -9999 -9999 -9999 -9999 -9999 -9999 -9999 -9999 -9999 -9999 -9999 -9999 -9999 -9999 -9999 -9999 -9999 -9999 -9999 -9999 -9999 -9999 -9999 -9999 2.10798E0 2.46594E0 2.94322E0 2.983E0 1.4915E0 8.75012E-1 1.4915E0 8.75012E-1 -9999 -9999 -9999 -9999 -9999 -9999 -9999 -9999 -9999 -9999 -9999 -9999 -9999 -9999 3.5796E-1 3.5796E-1 1.98866E-2 1.98866E-2 1.98866E-2 1.98866E-2 1.98866E-2 9.94332E-2 8.75012E-1 1.4915E0 9.94332E-2 1.4915E0 1.4915E0 2.80402E0 2.80402E0 1.76991E0 9.14786E-1
-9999 -9999 -9999 -9999 -9999 -9999 -9999 -9999 -9999 -9999 -9999 -9999 -9999 -9999 -9999 -9999 -9999 -9999 -9999 -9999 -9999 -9999 -9999 -9999 -9999 -9999 -9999 -9999 -9999 -9999 -9999 2.74436E0 1.4915E0 1.4915E0 1.4915E0 1.4915E0 3.5796E-1 -9999 -9999 -9999 -9999 -9999 -9999 -9999 -9999 -9999 -9999 -9999 -9999 -9999 -9999 9.94332E-2 3.5796E-1 1.98866E-2 1.98866E-2 1.98866E-2 1.98866E-2 9.94332E-2 1.98866E-2 3.5796E-1 3.5796E-1 3.5796E-1 6.04554E0 3.08243E0 6.04554E0 4.81257E0 1.41195E0 1.13354E0
-9999 -9999 -9999 -9999 -9999 -9999 -9999 -9999 -9999 -9999 -9999 -9999 -9999 -9999 -9999 -9999 -9999 -9999 -9999 -9999 -9999 -9999 -9999 -9999 -9999 -9999 3.08243E0 2.58526E0 2.46594E0 -9999 -9999 2.66481E0 1.4915E0 8.75012E-1 8.75012E-1 1.4915E0 8.75012E-1 3.5796E-1 8.75012E-1 -9999 -9999 -9999 -9999 -9999 -9999 -9999 -9999 -9999 -9999 -9999 -9999 3.5796E-1 9.94332E-2 9.94332E-2 1.98866E-2 1.98866E-2 9.94332E-2 1.98866E-2 -7.89472E-1 9.94332E-2 1.98866E-2 3.5796E-1 8.75012E-1 3.5796E-1 3.08243E0 2.80402E0 2.06821E0 2.40628E0
