Leopardus jacobita/Leopardus_jacobita_projection 2041-2060_novel.asc
ncols         515
nrows         545
xllcorner     -119.0
yllcorner     -58.333333333333
cellsize      0.166666666667
NODATA_value  -9999
[rows 240 to 269 of 545, columns 408 to 475 of 515]
6.62225E0 6.62225E0 6.62225E0 6.62225E0 3.08243E0 3.08243E0 3.08243E0 1.4915E0 1.4915E0 1.4915E0 1.4915E0 1.4915E0 3.08243E0 3.08243E0 3.08243E0 3.08243E0 1.4915E0 3.08243E0 1.4915E0 1.4915E0 3.08243E0 1.4915E0 3.08243E0 3.08243E0 3.08243E0 3.08243E0 3.08243E0 3.08243E0 3.08243E0 3.08243E0 3.08243E0 3.08243E0 3.08243E0 3.08243E0 3.08243E0 3.08243E0 3.08243E0 3.08243E0 3.08243E0 3.08243E0 3.08243E0 3.08243E0 3.08243E0 3.08243E0 1.4915E0 3.08243E0 3.08243E0 1.4915E0 3.08243E0 1.4915E0 1.4915E0 1.4915E0 1.4915E0 1.4915E0 1.4915E0 1.4915E0 1.4915E0 1.4915E0 1.4915E0 1.4915E0 3.08243E0 1.04405E1 1.89719E1 2.00259E1 2.37248E1 2.38839E1 2.3327E1 2.52958E1
6.62225E0 3.08243E0 3.08243E0 3.08243E0 3.08243E0 3.08243E0 1.4915E0 1.4915E0 1.4915E0 1.4915E0 1.4915E0 1.4915E0 1.4915E0 1.4915E0 3.08243E0 3.08243E0 1.4915E0 1.4915E0 1.4915E0 1.4915E0 1.4915E0 3.08243E0 3.08243E0 3.08243E0 3.08243E0 3.08243E0 3.08243E0 6.62225E0 6.62225E0 3.08243E0 3.08243E0 3.08243E0 3.08243E0 3.08243E0 3.08243E0 3.08243E0 3.08243E0 3.08243E0 3.08243E0 3.08243E0 3.08243E0 3.08243E0 3.08243E0 1.4915E0 3.08243E0 3.08243E0 3.08243E0 3.08243E0 3.08243E0 1.4915E0 1.4915E0 1.4915E0 1.4915E0 1.4915E0 1.4915E0 1.4915E0 1.4915E0 1.4915E0 1.4915E0 1.4915E0 3.08243E0 1.04405E1 2.04435E1 1.75599E1 1.75599E1 2.04236E1 2.04236E1 2.04236E1
3.08243E0 3.08243E0 3.08243E0 3.08243E0 3.08243E0 1.4915E0 1.4915E0 1.4915E0 1.4915E0 1.4915E0 1.4915E0 1.4915E0 1.4915E0 3.08243E0 3.08243E0 1.4915E0 1.4915E0 1.4915E0 3.08243E0 3.08243E0 3.08243E0 3.08243E0 3.08243E0 3.08243E0 3.08243E0 3.08243E0 3.08243E0 6.62225E0 3.08243E0 3.08243E0 3.08243E0 3.08243E0 3.08243E0 3.08243E0 3.08243E0 3.08243E0 3.08243E0 3.08243E0 3.08243E0 3.08243E0 3.08243E0 3.08243E0 3.08243E0 1.4915E0 3.08243E0 6.62225E0 3.08243E0 3.08243E0 3.08243E0 1.4915E0 1.4915E0 1.4915E0 1.4915E0 1.4915E0 1.4915E0 1.4915E0 1.4915E0 1.4915E0 1.4915E0 1.4915E0 3.08243E0 6.62225E0 1.39207E1 1.56906E1 1.90116E1 6.62225E0 2.04236E1 2.04236E1
3.08243E0 3.08243E0 3.08243E0 3.08243E0 3.08243E0 3.08243E0 1.4915E0 1.4915E0 1.4915E0 3.08243E0 1.4915E0 1.4915E0 1.4915E0 3.08243E0 3.08243E0 1.4915E0 1.4915E0 3.08243E0 3.08243E0 3.08243E0 3.08243E0 3.08243E0 3.08243E0 3.08243E0 3.08243E0 3.08243E0 3.08243E0 3.08243E0 3.08243E0 6.62225E0 3.08243E0 3.08243E0 1.4915E0 3.08243E0 3.08243E0 3.08243E0 3.08243E0 3.08243E0 3.08243E0 3.08243E0 6.62225E0 3.08243E0 3.08243E0 1.4915E0 3.08243E0 3.08243E0 3.08243E0 3.08243E0 1.4915E0 1.4915E0 8.75012E-1 1.4915E0 1.4915E0 1.4915E0 1.4915E0 1.4915E0 1.4915E0 1.4915E0 1.4915E0 1.4915E0 3.08243E0 6.62225E0 1.99264E1 1.71622E1 1.81565E1 1.71622E1 1.99264E1 1.90116E1
6.62225E0 6.62225E0 3.08243E0 1.4915E0 1.4915E0 1.4915E0 1.4915E0 1.4915E0 1.4915E0 3.08243E0 1.4915E0 1.4915E0 1.4915E0 3.08243E0 3.08243E0 3.08243E0 1.4915E0 3.08243E0 3.08243E0 3.08243E0 3.08243E0 3.08243E0 3.08243E0 3.08243E0 3.08243E0 3.08243E0 3.08243E0 3.08243E0 3.08243E0 6.62225E0 3.08243E0 3.08243E0 3.08243E0 3.08243E0 3.08243E0 3.08243E0 3.08243E0 3.08243E0 3.08243E0 3.08243E0 6.62225E0 3.08243E0 3.08243E0 1.4915E0 3.08243E0 3.08243E0 3.08243E0 3.08243E0 1.4915E0 1.4915E0 8.75012E-1 8.75012E-1 8.75012E-1 1.4915E0 1.4915E0 1.4915E0 1.4915E0 1.4915E0 1.4915E0 1.4915E0 3.08243E0 1.23496E1 1.81565E1 1.81565E1 1.90116E1 1.90116E1 1.71622E1 1.64463E1
3.08243E0 3.08243E0 3.08243E0 1.4915E0 1.4915E0 1.4915E0 1.4915E0 1.4915E0 1.4915E0 1.4915E0 1.4915E0 1.4915E0 3.08243E0 3.08243E0 3.08243E0 3.08243E0 3.08243E0 3.08243E0 3.08243E0 3.08243E0 3.08243E0 3.08243E0 3.08243E0 3.08243E0 3.08243E0 6.62225E0 6.62225E0 6.62225E0 3.08243E0 6.62225E0 3.08243E0 3.08243E0 3.08243E0 3.08243E0 3.08243E0 3.08243E0 3.08243E0 3.08243E0 3.08243E0 6.62225E0 6.62225E0 3.08243E0 1.4915E0 1.4915E0 3.08243E0 3.08243E0 3.08243E0 3.08243E0 1.4915E0 3.08243E0 1.4915E0 1.4915E0 8.75012E-1 1.4915E0 1.4915E0 1.4915E0 1.4915E0 1.4915E0 3.08243E0 3.08243E0 6.62225E0 6.62225E0 6.62225E0 1.43184E1 1.71622E1 2.04236E1 1.99264E1 1.56906E1
3.08243E0 3.08243E0 1.4915E0 1.4915E0 1.4915E0 3.08243E0 1.4915E0 1.4915E0 3.08243E0 3.08243E0 3.08243E0 3.08243E0 3.08243E0 3.08243E0 6.62225E0 3.08243E0 3.08243E0 3.08243E0 3.08243E0 3.08243E0 3.08243E0 3.08243E0 3.08243E0 3.08243E0 3.08243E0 6.62225E0 6.62225E0 3.08243E0 3.08243E0 3.08243E0 3.08243E0 1.4915E0 3.08243E0 3.08243E0 3.08243E0 3.08243E0 3.08243E0 3.08243E0 3.08243E0 3.08243E0 3.08243E0 1.4915E0 1.4915E0 3.08243E0 6.62225E0 6.62225E0 6.62225E0 3.08243E0 3.08243E0 3.08243E0 3.08243E0 1.4915E0 1.4915E0 8.75012E-1 8.75012E-1 1.4915E0 3.08243E0 3.08243E0 3.08243E0 6.62225E0 6.62225E0 6.62225E0 6.62225E0 1.39207E1 1.81565E1 1.99264E1 1.99264E1 1.48951E1
3.08243E0 3.08243E0 1.4915E0 3.08243E0 3.08243E0 3.08243E0 3.08243E0 1.4915E0 3.08243E0 3.08243E0 3.08243E0 3.08243E0 3.08243E0 6.62225E0 6.62225E0 3.08243E0 3.08243E0 3.08243E0 3.08243E0 3.08243E0 3.08243E0 3.08243E0 3.08243E0 3.08243E0 6.62225E0 6.62225E0 3.08243E0 3.08243E0 3.08243E0 3.08243E0 3.08243E0 3.08243E0 3.08243E0 3.08243E0 3.08243E0 3.08243E0 3.08243E0 3.08243E0 3.08243E0 3.08243E0 1.4915E0 1.4915E0 1.4915E0 3.08243E0 6.62225E0 6.62225E0 6.62225E0 3.08243E0 3.08243E0 3.08243E0 3.08243E0 3.08243E0 1.4915E0 8.75012E-1 8.75012E-1 1.4915E0 3.08243E0 6.62225E0 3.08243E0 3.08243E0 6.62225E0 6.62225E0 6.62225E0 1.31848E1 1.71622E1 1.71622E1 1.43184E1 1.23496E1
3.08243E0 3.08243E0 3.08243E0 3.08243E0 3.08243E0 3.08243E0 3.08243E0 3.08243E0 3.08243E0 3.08243E0 3.08243E0 3.08243E0 3.08243E0 6.62225E0 6.62225E0 3.08243E0 3.08243E0 3.08243E0 3.08243E0 3.08243E0 3.08243E0 3.08243E0 3.08243E0 3.08243E0 6.62225E0 3.08243E0 6.62225E0 3.08243E0 3.08243E0 3.08243E0 3.08243E0 3.08243E0 3.08243E0 3.08243E0 3.08243E0 3.08243E0 3.08243E0 3.08243E0 3.08243E0 1.4915E0 1.4915E0 3.08243E0 3.08243E0 3.08243E0 6.62225E0 6.62225E0 6.62225E0 6.62225E0 6.62225E0 3.08243E0 1.4915E0 1.4915E0 8.75012E-1 1.4915E0 1.4915E0 1.4915E0 3.08243E0 3.08243E0 3.08243E0 3.08243E0 6.62225E0 6.62225E0 6.62225E0 6.62225E0 6.62225E0 1.56906E1 6.62225E0 1.23496E1
3.08243E0 3.08243E0 3.08243E0 3.08243E0 3.08243E0 3.08243E0 3.08243E0 3.08243E0 3.08243E0 3.08243E0 3.08243E0 3.08243E0 3.08243E0 6.62225E0 3.08243E0 3.08243E0 3.08243E0 3.08243E0 3.08243E0 3.08243E0 3.08243E0 3.08243E0 3.08243E0 3.08243E0 6.62225E0 6.62225E0 6.62225E0 6.62225E0 3.08243E0 3.08243E0 1.4915E0 3.08243E0 3.08243E0 3.08243E0 3.08243E0 3.08243E0 3.08243E0 3.08243E0 3.08243E0 1.4915E0 1.4915E0 3.08243E0 6.62225E0 3.08243E0 6.62225E0 5.66769E0 6.46316E0 3.08243E0 1.4915E0 1.4915E0 1.4915E0 1.4915E0 1.4915E0 1.4915E0 1.4915E0 3.08243E0 3.08243E0 3.08243E0 3.08243E0 3.08243E0 3.08243E0 6.62225E0 6.62225E0 6.62225E0 6.62225E0 6.62225E0 6.62225E0 1.39207E1
3.08243E0 3.08243E0 3.08243E0 1.4915E0 3.08243E0 3.08243E0 3.08243E0 3.08243E0 3.08243E0 3.08243E0 3.08243E0 3.08243E0 6.62225E0 6.62225E0 3.08243E0 3.08243E0 3.08243E0 3.08243E0 3.08243E0 3.08243E0 3.08243E0 3.08243E0 3.08243E0 3.08243E0 3.08243E0 3.08243E0 6.62225E0 3.08243E0 3.08243E0 3.08243E0 1.4915E0 3.08243E0 3.08243E0 3.08243E0 3.08243E0 3.08243E0 3.08243E0 3.08243E0 3.08243E0 1.4915E0 1.4915E0 3.08243E0 6.62225E0 6.06543E0 6.06543E0 4.6137E0 3.08243E0 3.08243E0 1.4915E0 1.4915E0 1.4915E0 1.4915E0 1.4915E0 1.4915E0 1.4915E0 3.08243E0 3.08243E0 1.4915E0 1.4915E0 3.08243E0 3.08243E0 3.08243E0 6.62225E0 6.62225E0 6.62225E0 1.39207E1 1.39207E1 1.48951E1
1.4915E0 3.08243E0 3.08243E0 3.08243E0 3.08243E0 3.08243E0 3.08243E0 3.08243E0 3.08243E0 3.08243E0 3.08243E0 3.08243E0 6.62225E0 6.62225E0 3.08243E0 3.08243E0 3.08243E0 3.08243E0 3.08243E0 3.08243E0 3.08243E0 3.08243E0 3.08243E0 3.08243E0 3.08243E0 3.08243E0 3.08243E0 3.08243E0 3.08243E0 3.08243E0 3.08243E0 3.08243E0 3.08243E0 3.08243E0 3.08243E0 3.08243E0 3.08243E0 3.08243E0 1.4915E0 1.4915E0 3.08243E0 6.62225E0 6.62225E0 6.06543E0 3.93756E0 2.2273E0 3.08243E0 3.08243E0 3.08243E0 1.4915E0 1.4915E0 3.08243E0 1.4915E0 1.4915E0 1.4915E0 3.08243E0 3.08243E0 1.4915E0 1.4915E0 6.62225E0 6.62225E0 3.08243E0 3.08243E0 6.62225E0 6.62225E0 1.90116E1 1.99264E1 2.04236E1
3.08243E0 3.08243E0 3.08243E0 3.08243E0 3.08243E0 3.08243E0 3.08243E0 3.08243E0 3.08243E0 3.08243E0 3.08243E0 3.08243E0 6.62225E0 6.62225E0 3.08243E0 3.08243E0 3.08243E0 3.08243E0 3.08243E0 3.08243E0 3.08243E0 3.08243E0 3.08243E0 3.08243E0 3.08243E0 3.08243E0 3.08243E0 3.08243E0 3.08243E0 1.4915E0 3.08243E0 1.4915E0 1.4915E0 3.08243E0 3.08243E0 1.4915E0 1.4915E0 1.4915E0 1.4915E0 3.08243E0 3.08243E0 6.62225E0 6.62225E0 3.20175E0 2.2273E0 3.08243E0 3.08243E0 1.4915E0 1.4915E0 1.4915E0 1.4915E0 1.4915E0 1.4915E0 1.4915E0 3.08243E0 3.08243E0 3.08243E0 3.08243E0 3.08243E0 6.46316E0 6.62225E0 3.08243E0 6.62225E0 6.62225E0 1.15343E1 1.64463E1 2.04236E1 2.04236E1
3.08243E0 3.08243E0 3.08243E0 3.08243E0 3.08243E0 3.08243E0 3.08243E0 3.08243E0 3.08243E0 3.08243E0 3.08243E0 3.08243E0 6.62225E0 6.62225E0 3.08243E0 3.08243E0 6.62225E0 6.62225E0 3.08243E0 3.08243E0 3.08243E0 3.08243E0 3.08243E0 3.08243E0 3.08243E0 3.08243E0 3.08243E0 3.08243E0 3.08243E0 3.08243E0 3.08243E0 1.4915E0 1.4915E0 1.4915E0 1.4915E0 1.4915E0 1.4915E0 1.4915E0 1.4915E0 3.08243E0 6.62225E0 6.62225E0 3.08243E0 3.08243E0 3.08243E0 3.08243E0 3.08243E0 3.08243E0 1.4915E0 1.4915E0 1.4915E0 1.4915E0 3.08243E0 6.46316E0 3.08243E0 5.66769E0 3.08243E0 3.08243E0 3.08243E0 4.6137E0 6.46316E0 7.31829E0 7.31829E0 7.31829E0 1.04405E1 1.43184E1 1.64463E1 2.6668E1
3.08243E0 3.08243E0 3.08243E0 3.08243E0 3.08243E0 3.08243E0 3.08243E0 3.08243E0 3.08243E0 3.08243E0 3.08243E0 6.62225E0 6.62225E0 6.62225E0 6.62225E0 6.62225E0 2.04236E1 6.62225E0 3.08243E0 3.08243E0 3.08243E0 3.08243E0 3.08243E0 3.08243E0 3.08243E0 3.08243E0 3.08243E0 6.62225E0 3.08243E0 3.08243E0 3.08243E0 1.4915E0 1.4915E0 1.4915E0 1.4915E0 1.4915E0 3.08243E0 3.08243E0 1.4915E0 1.4915E0 1.4915E0 3.08243E0 1.4915E0 3.08243E0 3.08243E0 3.08243E0 3.08243E0 1.4915E0 1.4915E0 1.4915E0 1.4915E0 1.4915E0 3.08243E0 3.08243E0 3.08243E0 5.66769E0 6.46316E0 5.66769E0 4.6137E0 7.31829E0 8.67058E0 1.04405E1 9.30695E0 1.09377E1 1.56906E1 2.80402E1 3.04067E1 3.18982E1
3.08243E0 3.08243E0 3.08243E0 3.08243E0 3.08243E0 3.08243E0 3.08243E0 3.08243E0 3.08243E0 3.08243E0 3.08243E0 6.62225E0 6.62225E0 6.62225E0 6.62225E0 6.62225E0 2.04236E1 2.04236E1 3.08243E0 3.08243E0 3.08243E0 3.08243E0 3.08243E0 3.08243E0 3.08243E0 3.08243E0 3.08243E0 6.62225E0 6.62225E0 6.62225E0 3.08243E0 3.08243E0 3.08243E0 3.08243E0 3.08243E0 3.08243E0 1.4915E0 1.4915E0 1.4915E0 1.4915E0 1.4915E0 1.4915E0 1.4915E0 3.08243E0 3.08243E0 3.08243E0 3.08243E0 3.08243E0 1.4915E0 1.4915E0 1.4915E0 1.4915E0 3.08243E0 3.08243E0 5.66769E0 5.66769E0 3.08243E0 3.20175E0 7.31829E0 1.23496E1 1.23496E1 9.824E0 1.04405E1 2.6668E1 3.8063E1 3.53386E1 3.22363E1 3.25544E1
3.08243E0 3.08243E0 3.08243E0 3.08243E0 3.08243E0 3.08243E0 3.08243E0 3.08243E0 3.08243E0 3.08243E0 3.08243E0 6.62225E0 6.62225E0 6.62225E0 6.62225E0 6.62225E0 6.62225E0 2.04236E1 6.62225E0 3.08243E0 3.08243E0 3.08243E0 3.08243E0 3.08243E0 3.08243E0 3.08243E0 3.08243E0 3.08243E0 6.62225E0 6.62225E0 6.62225E0 6.62225E0 6.62225E0 3.08243E0 4.6137E0 3.08243E0 1.4915E0 1.4915E0 1.4915E0 3.08243E0 3.08243E0 3.08243E0 3.08243E0 6.46316E0 3.08243E0 6.46316E0 3.08243E0 3.08243E0 3.08243E0 3.08243E0 1.4915E0 1.4915E0 1.4915E0 1.4915E0 3.08243E0 3.08243E0 5.66769E0 9.824E0 1.43184E1 2.08412E1 1.15343E1 1.04405E1 1.71622E1 3.40261E1 3.7546E1 3.82221E1 3.42448E1 3.27732E1
3.08243E0 3.08243E0 3.08243E0 3.08243E0 3.08243E0 3.08243E0 3.08243E0 3.08243E0 3.08243E0 3.08243E0 6.62225E0 6.62225E0 6.62225E0 6.62225E0 6.62225E0 6.62225E0 6.62225E0 2.04236E1 6.62225E0 6.62225E0 3.08243E0 3.08243E0 3.08243E0 3.08243E0 3.08243E0 3.08243E0 3.08243E0 3.08243E0 6.62225E0 6.62225E0 6.62225E0 6.62225E0 7.31829E0 6.46316E0 3.08243E0 1.4915E0 1.4915E0 1.4915E0 1.4915E0 3.08243E0 3.08243E0 3.08243E0 5.66769E0 6.46316E0 6.46316E0 6.62225E0 3.08243E0 3.08243E0 3.08243E0 3.08243E0 1.4915E0 1.4915E0 3.08243E0 3.08243E0 3.08243E0 5.66769E0 8.67058E0 1.81565E1 2.28696E1 1.43184E1 1.09377E1 1.48951E1 3.16198E1 3.53386E1 4.06483E1 3.95943E1 3.47817E1 2.04236E1
3.08243E0 3.08243E0 3.08243E0 1.4915E0 3.08243E0 3.08243E0 3.08243E0 3.08243E0 3.08243E0 3.08243E0 6.62225E0 6.62225E0 6.62225E0 6.62225E0 6.62225E0 6.62225E0 3.08243E0 6.62225E0 6.62225E0 6.62225E0 3.08243E0 3.08243E0 3.08243E0 3.08243E0 3.08243E0 3.08243E0 6.62225E0 3.08243E0 6.62225E0 6.62225E0 6.62225E0 6.62225E0 6.46316E0 6.46316E0 3.08243E0 1.4915E0 1.4915E0 1.4915E0 3.08243E0 5.66769E0 3.08243E0 3.08243E0 4.6137E0 6.46316E0 6.46316E0 6.62225E0 6.62225E0 3.08243E0 3.08243E0 3.08243E0 3.08243E0 3.08243E0 3.08243E0 3.08243E0 3.08243E0 5.66769E0 9.30695E0 1.71622E1 2.08412E1 1.23496E1 1.04405E1 2.08412E1 3.51198E1 3.84807E1 4.11057E1 2.04236E1 2.04236E1 2.04236E1
1.4915E0 1.4915E0 3.08243E0 1.4915E0 3.08243E0 3.08243E0 3.08243E0 3.08243E0 3.08243E0 3.08243E0 6.62225E0 6.62225E0 6.62225E0 2.04236E1 6.62225E0 6.62225E0 6.62225E0 2.04236E1 2.04236E1 6.62225E0 3.08243E0 3.08243E0 3.08243E0 3.08243E0 3.08243E0 3.08243E0 3.08243E0 6.62225E0 6.62225E0 6.62225E0 6.62225E0 6.62225E0 6.46316E0 5.66769E0 3.08243E0 3.08243E0 1.4915E0 3.08243E0 3.08243E0 3.08243E0 3.08243E0 3.08243E0 4.6137E0 5.66769E0 3.08243E0 6.62225E0 6.62225E0 6.62225E0 3.08243E0 3.08243E0 3.08243E0 3.08243E0 3.08243E0 3.08243E0 6.46316E0 4.6137E0 8.03421E0 1.31848E1 1.39207E1 1.09377E1 9.30695E0 2.28696E1 3.70488E1 4.16824E1 4.03898E1 2.04236E1 2.04236E1 2.04236E1
1.4915E0 1.4915E0 3.08243E0 3.08243E0 3.08243E0 3.08243E0 3.08243E0 3.08243E0 3.08243E0 3.08243E0 6.62225E0 6.62225E0 6.62225E0 6.62225E0 6.62225E0 6.62225E0 3.08243E0 6.62225E0 2.04236E1 6.62225E0 6.62225E0 3.08243E0 3.08243E0 3.08243E0 3.08243E0 6.62225E0 3.08243E0 6.62225E0 6.62225E0 6.62225E0 6.62225E0 6.62225E0 3.08243E0 4.6137E0 3.08243E0 2.2273E0 3.08243E0 3.08243E0 1.4915E0 1.4915E0 1.4915E0 3.08243E0 3.08243E0 4.6137E0 6.46316E0 6.62225E0 6.62225E0 6.62225E0 3.08243E0 3.08243E0 5.66769E0 3.08243E0 3.08243E0 6.62225E0 6.62225E0 7.31829E0 6.46316E0 8.03421E0 9.824E0 8.03421E0 9.30695E0 2.6668E1 4.11057E1 4.62166E1 4.11057E1 2.04236E1 2.04236E1 2.04236E1
1.4915E0 1.4915E0 3.08243E0 3.08243E0 3.08243E0 3.08243E0 3.08243E0 3.08243E0 3.08243E0 3.08243E0 6.62225E0 6.62225E0 3.08243E0 6.62225E0 3.08243E0 6.62225E0 6.62225E0 3.08243E0 6.62225E0 6.62225E0 6.62225E0 6.62225E0 6.62225E0 3.08243E0 6.62225E0 6.62225E0 6.62225E0 6.62225E0 6.62225E0 6.62225E0 6.62225E0 6.62225E0 3.08243E0 3.08243E0 2.2273E0 2.2273E0 3.08243E0 3.08243E0 1.4915E0 1.4915E0 1.4915E0 1.4915E0 3.08243E0 3.08243E0 3.08243E0 6.62225E0 6.62225E0 6.62225E0 3.08243E0 6.46316E0 5.66769E0 6.46316E0 6.62225E0 7.31829E0 8.03421E0 7.31829E0 6.46316E0 7.31829E0 1.81565E1 1.04405E1 1.39207E1 3.62335E1 4.2458E1 4.66938E1 4.11057E1 2.04236E1 2.04236E1 2.04236E1
1.4915E0 1.4915E0 1.4915E0 1.4915E0 3.08243E0 3.08243E0 3.08243E0 3.08243E0 3.08243E0 3.08243E0 3.08243E0 3.08243E0 3.08243E0 6.62225E0 6.62225E0 6.62225E0 3.08243E0 3.08243E0 3.08243E0 6.62225E0 2.04236E1 6.62225E0 6.62225E0 6.62225E0 6.62225E0 6.62225E0 1.79179E1 6.62225E0 6.62225E0 6.62225E0 6.62225E0 6.62225E0 6.46316E0 3.08243E0 4.6137E0 3.08243E0 3.08243E0 3.08243E0 1.4915E0 1.4915E0 1.4915E0 1.4915E0 1.4915E0 3.08243E0 3.08243E0 3.08243E0 6.62225E0 6.62225E0 3.08243E0 6.46316E0 6.46316E0 7.31829E0 7.31829E0 7.31829E0 8.03421E0 7.31829E0 7.31829E0 9.30695E0 3.26539E1 3.0347E1 3.46624E1 3.7188E1 4.06483E1 4.37307E1 4.11057E1 3.80034E1 3.46624E1 3.22363E1
1.4915E0 1.4915E0 1.4915E0 1.4915E0 3.08243E0 3.08243E0 3.08243E0 3.08243E0 3.08243E0 3.08243E0 3.08243E0 3.08243E0 6.62225E0 6.62225E0 3.08243E0 3.08243E0 3.08243E0 3.08243E0 6.62225E0 6.62225E0 6.62225E0 2.04236E1 3.08243E0 6.62225E0 6.62225E0 6.62225E0 1.79179E1 1.79179E1 6.62225E0 6.62225E0 6.62225E0 6.62225E0 6.62225E0 6.46316E0 5.66769E0 4.6137E0 3.08243E0 1.4915E0 1.4915E0 1.4915E0 1.4915E0 1.4915E0 1.4915E0 3.08243E0 3.08243E0 3.08243E0 3.08243E0 3.08243E0 3.08243E0 6.46316E0 7.31829E0 9.30695E0 6.46316E0 9.30695E0 8.03421E0 8.03421E0 9.30695E0 1.31848E1 3.11425E1 3.44437E1 3.39266E1 3.68897E1 3.77647E1 4.03898E1 4.06483E1 3.8063E1 3.46624E1 3.04067E1
1.4915E0 1.4915E0 1.4915E0 1.4915E0 1.4915E0 3.08243E0 3.08243E0 3.08243E0 3.08243E0 3.08243E0 6.62225E0 3.08243E0 6.62225E0 6.62225E0 3.08243E0 3.08243E0 3.08243E0 3.08243E0 6.62225E0 6.62225E0 6.62225E0 6.62225E0 3.08243E0 3.08243E0 6.62225E0 6.62225E0 6.62225E0 6.62225E0 6.62225E0 6.62225E0 6.62225E0 6.62225E0 6.62225E0 6.62225E0 6.62225E0 3.08243E0 3.08243E0 1.4915E0 1.4915E0 1.4915E0 1.4915E0 1.4915E0 1.4915E0 3.08243E0 3.08243E0 1.4915E0 1.4915E0 3.08243E0 5.66769E0 7.31829E0 8.03421E0 1.31848E1 9.30695E0 1.04405E1 9.30695E0 9.824E0 1.31848E1 2.37447E1 3.0705E1 3.29323E1 3.64124E1 3.7546E1 3.62335E1 3.82221E1 3.95943E1 3.7546E1 3.45431E1 3.05061E1
1.4915E0 1.4915E0 1.4915E0 1.4915E0 1.4915E0 3.08243E0 3.08243E0 3.08243E0 3.08243E0 3.08243E0 3.08243E0 3.08243E0 3.08243E0 3.08243E0 3.08243E0 3.08243E0 6.62225E0 3.08243E0 3.08243E0 6.62225E0 6.62225E0 3.08243E0 3.08243E0 3.08243E0 6.62225E0 6.62225E0 6.62225E0 6.62225E0 6.62225E0 6.62225E0 6.62225E0 6.62225E0 6.62225E0 6.62225E0 6.62225E0 6.62225E0 6.46316E0 3.08243E0 1.4915E0 1.4915E0 1.4915E0 1.4915E0 1.4915E0 1.4915E0 3.08243E0 1.4915E0 1.4915E0 3.08243E0 3.08243E0 6.46316E0 6.46316E0 1.23496E1 9.30695E0 9.30695E0 9.824E0 1.31848E1 2.45799E1 3.65715E1 3.35289E1 3.46425E1 3.7188E1 3.70488E1 3.77647E1 4.01313E1 3.98727E1 3.53386E1 3.0884E1 2.66879E1
1.4915E0 1.4915E0 1.4915E0 1.4915E0 3.08243E0 3.08243E0 3.08243E0 3.08243E0 3.08243E0 3.08243E0 3.08243E0 3.08243E0 3.08243E0 3.08243E0 3.08243E0 3.08243E0 6.62225E0 6.62225E0 6.62225E0 6.62225E0 3.08243E0 3.08243E0 3.08243E0 3.08243E0 3.08243E0 3.08243E0 6.62225E0 6.62225E0 6.62225E0 6.62225E0 1.53724E1 1.67446E1 6.62225E0 6.62225E0 6.62225E0 6.62225E0 3.08243E0 3.08243E0 3.08243E0 1.4915E0 1.4915E0 1.4915E0 1.4915E0 1.4915E0 3.08243E0 3.08243E0 1.4915E0 1.4915E0 3.08243E0 7.31829E0 6.46316E0 8.03421E0 9.824E0 1.15343E1 1.31848E1 2.28696E1 3.89381E1 3.18982E1 3.28329E1 3.7367E1 3.49408E1 3.69295E1 4.01313E1 4.35716E1 3.98727E1 3.41255E1 2.92731E1 2.66879E1
1.4915E0 1.4915E0 1.4915E0 1.4915E0 3.08243E0 3.08243E0 3.08243E0 3.08243E0 3.08243E0 3.08243E0 3.08243E0 3.08243E0 3.08243E0 3.08243E0 3.08243E0 3.08243E0 6.62225E0 6.62225E0 6.62225E0 6.62225E0 6.62225E0 3.08243E0 3.08243E0 3.08243E0 3.08243E0 3.08243E0 3.08243E0 6.62225E0 1.91906E1 6.62225E0 6.62225E0 6.62225E0 6.62225E0 6.62225E0 6.62225E0 6.62225E0 6.62225E0 6.62225E0 6.62225E0 3.08243E0 6.62225E0 6.46316E0 3.08243E0 3.08243E0 1.4915E0 3.08243E0 1.4915E0 3.08243E0 3.08243E0 5.66769E0 5.66769E0 5.66769E0 1.31848E1 1.39207E1 1.90116E1 3.37079E1 3.91966E1 3.25942E1 3.91966E1 3.64124E1 3.46624E1 3.57363E1 3.86994E1 4.3154E1 4.03898E1 3.53982E1 3.23755E1 2.98697E1
1.4915E0 1.4915E0 1.4915E0 1.4915E0 3.08243E0 3.08243E0 3.08243E0 3.08243E0 3.08243E0 3.08243E0 3.08243E0 3.08243E0 3.08243E0 3.08243E0 3.08243E0 6.62225E0 6.62225E0 6.62225E0 9.824E0 6.62225E0 6.62225E0 6.62225E0 3.08243E0 3.08243E0 3.08243E0 3.08243E0 3.08243E0 6.62225E0 2.04236E1 1.91906E1 1.79179E1 1.67446E1 1.79179E1 6.62225E0 6.62225E0 6.62225E0 6.62225E0 8.03421E0 6.62225E0 6.62225E0 6.62225E0 6.46316E0 6.46316E0 3.08243E0 1.4915E0 3.08243E0 1.4915E0 6.62225E0 6.62225E0 3.08243E0 6.06543E0 3.20175E0 8.67058E0 1.31848E1 2.28696E1 3.42249E1 4.49239E1 3.41255E1 4.76683E1 4.20801E1 3.62335E1 3.53386E1 3.82221E1 4.45461E1 4.16824E1 3.7188E1 3.38073E1 3.0884E1
1.4915E0 1.4915E0 3.08243E0 1.4915E0 3.08243E0 3.08243E0 3.08243E0 3.08243E0 3.08243E0 3.08243E0 3.08243E0 3.08243E0 3.08243E0 3.08243E0 6.62225E0 6.62225E0 6.62225E0 6.62225E0 6.62225E0 6.62225E0 3.08243E0 3.08243E0 3.08243E0 3.08243E0 3.08243E0 3.08243E0 3.08243E0 6.62225E0 2.04236E1 1.91906E1 1.91906E1 1.79179E1 1.79179E1 6.62225E0 6.62225E0 6.62225E0 6.62225E0 6.62225E0 6.62225E0 6.62225E0 6.46316E0 6.46316E0 6.62225E0 3.08243E0 1.4915E0 3.08243E0 1.4915E0 6.62225E0 9.9831E0 3.08243E0 3.08243E0 6.06543E0 6.46316E0 1.09377E1 2.45799E1 3.50204E1 4.37904E1 4.54211E1 5.69951E1 4.53416E1 3.82221E1 3.47817E1 3.41255E1 4.14835E1 4.22392E1 3.7546E1 3.32505E1 2.93328E1
