Leopardus jacobita/Leopardus_jacobita_projection 2041-2060.asc
ncols         515
nrows         545
xllcorner     -119.0
yllcorner     -58.333333333333
cellsize      0.166666666667
NODATA_value  -9999
[rows 232 to 260 of 545, columns 396 to 461 of 515]
3.19511E-5 3.34782E-5 3.03701E-5 2.7733E-5 3.60995E-5 3.98006E-5 4.31554E-5 4.69019E-5 4.65081E-5 4.25132E-5 4.95854E-5 5.3697E-5 4.24968E-5 3.77618E-5 4.06264E-5 8.56655E-5 5.32395E-5 4.42726E-5 2.72081E-5 2.18789E-5 1.75509E-5 1.48701E-5 1.65986E-5 1.751E-5 1.79824E-5 2.02579E-5 2.38748E-5 2.86117E-5 2.92667E-5 4.37423E-5 6.14793E-5 8.88047E-5 1.06567E-4 1.2078E-4 1.10269E-4 1.04489E-4 1.18293E-4 1.74347E-4 1.98215E-4 2.20186E-4 2.24328E-4 2.46026E-4 2.23921E-4 1.89436E-4 1.7996E-4 1.9691E-4 1.44493E-4 1.31674E-4 8.92516E-5 7.77517E-5 8.78643E-5 6.64718E-5 7.37194E-5 7.8749E-5 6.58468E-5 7.78602E-5 7.68031E-5 5.88915E-5 5.00191E-5 6.18955E-5 5.03543E-5 4.62345E-5 6.45224E-5 8.0876E-5 7.94163E-5 6.77879E-5
3.0946E-5 3.1299E-5 3.12694E-5 3.13257E-5 3.37082E-5 3.61584E-5 4.9108E-5 5.58997E-5 4.45952E-5 3.8965E-5 3.22288E-5 4.14565E-5 4.03885E-5 4.18026E-5 3.67992E-5 4.88566E-5 4.72734E-5 3.20147E-5 2.63408E-5 2.76567E-5 2.18651E-5 1.78923E-5 1.7044E-5 1.87669E-5 2.06347E-5 1.96234E-5 1.99624E-5 2.88486E-5 3.10207E-5 4.25309E-5 6.99051E-5 9.54676E-5 1.0686E-4 1.05373E-4 1.13355E-4 1.16825E-4 1.24965E-4 1.96333E-4 1.87131E-4 2.13525E-4 2.35884E-4 2.15568E-4 2.59836E-4 2.45235E-4 1.97401E-4 1.76977E-4 1.66541E-4 1.18957E-4 1.13012E-4 9.90545E-5 7.70304E-5 6.27159E-5 8.64372E-5 9.30291E-5 7.37946E-5 1.02328E-4 6.92756E-5 6.0554E-5 6.77786E-5 6.39595E-5 5.11856E-5 5.20605E-5 6.13369E-5 9.17204E-5 1.24883E-4 1.28725E-4
3.40904E-5 3.30971E-5 4.18601E-5 3.89345E-5 3.41706E-5 4.13197E-5 3.86494E-5 4.74642E-5 4.65546E-5 3.56736E-5 3.57089E-5 3.64115E-5 4.35626E-5 3.84293E-5 3.67185E-5 2.96546E-5 2.56145E-5 2.1425E-5 2.11391E-5 2.43637E-5 2.30832E-5 1.84126E-5 2.05921E-5 2.04537E-5 2.1093E-5 2.24989E-5 2.33492E-5 3.21915E-5 3.25223E-5 4.1903E-5 6.75456E-5 8.20986E-5 8.42793E-5 8.27029E-5 9.77366E-5 1.01705E-4 1.2966E-4 1.79566E-4 1.88939E-4 2.01765E-4 2.56121E-4 2.08574E-4 2.92946E-4 2.5109E-4 2.55077E-4 2.78322E-4 2.37915E-4 1.80589E-4 1.34284E-4 9.76982E-5 8.08823E-5 6.9011E-5 9.14114E-5 7.65212E-5 6.97939E-5 6.44538E-5 6.95938E-5 6.68763E-5 5.55453E-5 5.68056E-5 4.90279E-5 5.57478E-5 7.59844E-5 9.26972E-5 1.56138E-4 1.6479E-4
3.9567E-5 4.31716E-5 4.962E-5 4.43389E-5 5.63034E-5 5.57877E-5 3.9117E-5 4.03567E-5 4.00544E-5 3.89742E-5 3.88502E-5 3.76241E-5 3.70923E-5 3.84672E-5 2.82374E-5 2.59805E-5 2.45108E-5 2.2975E-5 2.44542E-5 2.23221E-5 2.13285E-5 2.06286E-5 2.23187E-5 1.93387E-5 2.09726E-5 2.39984E-5 2.62988E-5 3.23677E-5 3.72426E-5 4.59314E-5 5.78634E-5 8.07553E-5 6.90124E-5 7.15126E-5 8.72332E-5 9.77503E-5 1.15634E-4 1.57096E-4 1.86495E-4 2.30607E-4 2.5451E-4 2.68316E-4 3.16544E-4 3.04896E-4 2.51453E-4 2.02355E-4 1.75536E-4 1.2534E-4 1.01824E-4 9.24353E-5 1.00851E-4 1.10367E-4 8.23253E-5 6.071E-5 5.77549E-5 5.25527E-5 4.64636E-5 4.46169E-5 3.88914E-5 3.9663E-5 4.79451E-5 7.95917E-5 7.70944E-5 8.77156E-5 1.15915E-4 1.42523E-4
4.49788E-5 5.0476E-5 4.64945E-5 4.19189E-5 4.08284E-5 4.13704E-5 4.80635E-5 4.87362E-5 4.23243E-5 3.87436E-5 4.22868E-5 4.61912E-5 5.04161E-5 5.25817E-5 3.39093E-5 2.50515E-5 2.51083E-5 2.55285E-5 2.57393E-5 2.26457E-5 2.15684E-5 2.36553E-5 2.3822E-5 2.53139E-5 2.79076E-5 2.77078E-5 2.95943E-5 3.31217E-5 3.94392E-5 4.6126E-5 6.06685E-5 7.18985E-5 6.06393E-5 6.71724E-5 8.23725E-5 1.04277E-4 1.13582E-4 1.39811E-4 1.78643E-4 2.27647E-4 2.73873E-4 2.63348E-4 1.97421E-4 1.9139E-4 1.47729E-4 1.53816E-4 1.60454E-4 1.29218E-4 9.92134E-5 1.09257E-4 1.15724E-4 9.03309E-5 6.9848E-5 7.12733E-5 7.29717E-5 5.9834E-5 4.68817E-5 4.18126E-5 4.98824E-5 5.17986E-5 7.44E-5 9.45891E-5 8.57779E-5 9.80279E-5 1.04539E-4 1.26787E-4
4.1944E-5 4.90973E-5 4.48962E-5 4.33197E-5 4.71275E-5 4.82264E-5 5.22954E-5 5.08379E-5 5.10036E-5 4.92079E-5 5.76848E-5 5.80876E-5 6.60628E-5 4.95446E-5 4.29915E-5 3.56776E-5 2.84823E-5 2.81905E-5 2.65155E-5 2.39291E-5 2.29265E-5 2.44633E-5 2.41141E-5 2.90046E-5 2.85095E-5 2.70453E-5 3.25792E-5 3.50909E-5 3.99329E-5 4.20192E-5 5.8279E-5 5.83945E-5 5.25508E-5 7.35936E-5 8.32685E-5 9.73235E-5 1.32476E-4 1.61465E-4 1.98201E-4 2.66116E-4 2.57856E-4 2.45328E-4 2.58373E-4 1.76602E-4 1.40055E-4 1.17939E-4 1.09353E-4 8.49148E-5 8.80765E-5 7.74048E-5 8.48183E-5 9.13595E-5 8.3736E-5 9.22437E-5 8.68952E-5 7.95565E-5 6.15132E-5 6.07155E-5 6.79049E-5 7.98593E-5 9.0261E-5 9.37575E-5 9.839E-5 1.08858E-4 1.38842E-4 1.49837E-4
5.20281E-5 5.6954E-5 4.46317E-5 5.45889E-5 6.48531E-5 6.58901E-5 6.70916E-5 5.67051E-5 5.68717E-5 5.77586E-5 5.5428E-5 5.35376E-5 5.18167E-5 4.42103E-5 4.60264E-5 4.6964E-5 3.37298E-5 2.74985E-5 2.90914E-5 2.53085E-5 2.36716E-5 2.47481E-5 2.68538E-5 2.89707E-5 3.5988E-5 3.02008E-5 3.97172E-5 4.30337E-5 3.55722E-5 4.44593E-5 4.35535E-5 4.41206E-5 4.56254E-5 5.1295E-5 6.74496E-5 8.88796E-5 1.37037E-4 1.91398E-4 2.29039E-4 2.08062E-4 2.02423E-4 1.62725E-4 1.73736E-4 1.60749E-4 1.20742E-4 1.09747E-4 1.11363E-4 9.85975E-5 1.11948E-4 1.01266E-4 9.34797E-5 1.2202E-4 1.24204E-4 1.44846E-4 1.1226E-4 8.00776E-5 7.02213E-5 1.0005E-4 1.02886E-4 9.92234E-5 1.19407E-4 1.16926E-4 1.09206E-4 1.26766E-4 1.52666E-4 1.65864E-4
5.69833E-5 5.85366E-5 5.1769E-5 7.08097E-5 1.07524E-4 9.86134E-5 7.16888E-5 5.82445E-5 6.96023E-5 6.66306E-5 6.31159E-5 6.57691E-5 6.50125E-5 5.46287E-5 6.09127E-5 6.17071E-5 3.78007E-5 3.39977E-5 3.58711E-5 3.14607E-5 2.73413E-5 2.78181E-5 2.75477E-5 3.36673E-5 3.48154E-5 3.65908E-5 4.33179E-5 4.3431E-5 3.83699E-5 4.66551E-5 4.23881E-5 4.41851E-5 4.62912E-5 4.19581E-5 5.4494E-5 8.39729E-5 1.17989E-4 1.41647E-4 1.61618E-4 1.88076E-4 1.68912E-4 1.54212E-4 1.47301E-4 1.31133E-4 1.38327E-4 1.41673E-4 1.44428E-4 1.42986E-4 1.24052E-4 1.13898E-4 1.28168E-4 1.47067E-4 1.6115E-4 1.61304E-4 1.38706E-4 9.66409E-5 8.69074E-5 1.49072E-4 1.47159E-4 1.33521E-4 1.60827E-4 1.49645E-4 1.30368E-4 1.74818E-4 1.98877E-4 2.03743E-4
5.44161E-5 5.31041E-5 6.22642E-5 6.63822E-5 1.11097E-4 9.26046E-5 7.60738E-5 7.77392E-5 6.64608E-5 7.44116E-5 6.81272E-5 8.9536E-5 8.3905E-5 7.23297E-5 6.92733E-5 7.69898E-5 4.64849E-5 3.9479E-5 3.39726E-5 2.74798E-5 2.86162E-5 2.99499E-5 3.08499E-5 3.52188E-5 3.429E-5 3.73524E-5 4.55111E-5 4.28139E-5 4.11659E-5 4.45772E-5 4.36617E-5 4.26603E-5 4.65871E-5 5.0184E-5 6.19294E-5 8.94512E-5 1.2513E-4 1.22911E-4 1.50579E-4 1.91562E-4 1.85495E-4 1.47224E-4 1.57663E-4 1.72614E-4 1.81942E-4 1.74733E-4 1.73112E-4 1.69572E-4 1.61531E-4 1.30978E-4 1.66606E-4 1.73357E-4 2.10759E-4 1.93608E-4 1.28084E-4 1.1628E-4 1.10722E-4 2.0148E-4 2.06327E-4 1.65627E-4 2.04215E-4 1.76263E-4 1.36756E-4 1.7296E-4 1.99539E-4 2.48449E-4
5.73786E-5 5.59085E-5 5.9895E-5 6.81391E-5 8.6302E-5 7.10827E-5 7.51962E-5 9.40225E-5 9.60864E-5 9.30599E-5 7.59211E-5 7.87499E-5 8.24914E-5 7.83501E-5 7.79185E-5 6.99219E-5 5.62598E-5 4.00359E-5 3.54803E-5 2.91143E-5 3.35471E-5 3.29935E-5 3.17756E-5 3.44834E-5 3.74538E-5 4.09862E-5 4.96476E-5 4.27233E-5 3.95991E-5 4.50925E-5 4.39409E-5 4.70109E-5 5.17076E-5 6.30605E-5 7.59316E-5 9.32583E-5 1.23556E-4 1.37769E-4 1.43475E-4 2.38537E-4 2.1624E-4 1.77675E-4 1.7561E-4 2.27871E-4 1.97033E-4 1.80087E-4 2.25849E-4 2.17385E-4 1.78236E-4 1.51761E-4 1.80262E-4 2.14682E-4 2.54948E-4 2.02868E-4 1.50074E-4 1.06831E-4 1.74684E-4 2.81827E-4 2.75748E-4 2.45632E-4 2.36279E-4 2.03712E-4 1.86258E-4 2.19017E-4 2.38381E-4 2.5712E-4
5.49268E-5 5.42333E-5 6.45129E-5 7.69897E-5 7.43959E-5 1.00028E-4 1.24695E-4 1.26364E-4 1.06698E-4 8.0167E-5 7.89363E-5 8.27238E-5 7.35623E-5 6.66907E-5 6.5941E-5 6.00869E-5 5.72979E-5 4.22336E-5 3.80358E-5 3.7413E-5 3.97546E-5 4.23912E-5 3.82529E-5 3.68593E-5 4.00521E-5 4.54488E-5 5.61967E-5 4.4152E-5 4.98289E-5 4.71106E-5 5.08897E-5 6.13375E-5 7.11126E-5 8.1071E-5 9.39962E-5 1.15628E-4 1.43588E-4 1.64336E-4 1.80698E-4 2.27019E-4 2.16847E-4 2.39595E-4 1.80741E-4 2.45783E-4 1.54154E-4 2.02194E-4 2.33778E-4 2.33382E-4 1.93912E-4 2.00584E-4 2.0521E-4 2.44383E-4 2.79342E-4 2.50488E-4 1.64023E-4 1.17168E-4 2.53627E-4 3.23841E-4 3.22683E-4 3.53987E-4 3.18741E-4 2.09985E-4 2.19281E-4 2.75582E-4 2.82588E-4 2.74924E-4
6.10507E-5 5.82766E-5 6.64247E-5 7.93793E-5 8.35984E-5 1.10267E-4 1.71098E-4 1.56408E-4 8.94113E-5 8.30629E-5 8.41229E-5 8.68064E-5 8.30859E-5 7.43458E-5 7.46233E-5 6.46075E-5 5.4304E-5 5.39825E-5 4.40601E-5 4.70806E-5 4.69383E-5 5.45337E-5 4.55981E-5 4.466E-5 4.71098E-5 5.81715E-5 7.07399E-5 5.06415E-5 5.24406E-5 5.8197E-5 6.20698E-5 7.4422E-5 8.52808E-5 9.16828E-5 9.94724E-5 1.43235E-4 1.57248E-4 1.83909E-4 2.15865E-4 2.23318E-4 2.22788E-4 2.94492E-4 2.32855E-4 2.37955E-4 1.44599E-4 2.12644E-4 3.07952E-4 2.8221E-4 2.48377E-4 2.10743E-4 2.72577E-4 2.60689E-4 4.01416E-4 2.54511E-4 1.52622E-4 1.47386E-4 2.31433E-4 3.40456E-4 3.63094E-4 3.38912E-4 2.46521E-4 2.36842E-4 2.52941E-4 3.12141E-4 3.30627E-4 3.24782E-4
5.49717E-5 5.93991E-5 7.03409E-5 7.68612E-5 9.99717E-5 1.02533E-4 1.62212E-4 1.26484E-4 8.83745E-5 8.49226E-5 7.97581E-5 1.07816E-4 1.22359E-4 9.5899E-5 7.47462E-5 6.0294E-5 5.33064E-5 5.49632E-5 4.59393E-5 5.05553E-5 5.1754E-5 5.5981E-5 4.74054E-5 4.9899E-5 5.46997E-5 7.31831E-5 9.01461E-5 6.54943E-5 6.51162E-5 6.80074E-5 7.63711E-5 8.42743E-5 1.05786E-4 1.13302E-4 1.22867E-4 1.39027E-4 1.78598E-4 2.43261E-4 2.45294E-4 2.58465E-4 2.29466E-4 3.22158E-4 2.56917E-4 1.92755E-4 1.85091E-4 2.55432E-4 3.93436E-4 3.21568E-4 2.15044E-4 2.28172E-4 3.2506E-4 2.81176E-4 3.73717E-4 3.09624E-4 1.76475E-4 1.34903E-4 2.4508E-4 3.63559E-4 3.97768E-4 3.32204E-4 2.66294E-4 2.96486E-4 2.91502E-4 2.91559E-4 3.16772E-4 3.66667E-4
6.16554E-5 6.03221E-5 6.68641E-5 8.14025E-5 1.08047E-4 1.21504E-4 1.65715E-4 1.35426E-4 8.83676E-5 8.51682E-5 8.37266E-5 8.80786E-5 9.2066E-5 8.85095E-5 7.27885E-5 6.50697E-5 6.22463E-5 5.44482E-5 4.72284E-5 5.23443E-5 6.25852E-5 5.76188E-5 5.67415E-5 5.65711E-5 6.78663E-5 9.66839E-5 9.6368E-5 7.64129E-5 7.96689E-5 8.01974E-5 9.45304E-5 9.35886E-5 1.02888E-4 1.13791E-4 1.37399E-4 1.53921E-4 1.80789E-4 2.91571E-4 2.95936E-4 2.98591E-4 2.52997E-4 3.4809E-4 2.72639E-4 1.80752E-4 2.52682E-4 3.22839E-4 3.5798E-4 2.41985E-4 2.31089E-4 1.82332E-4 2.48238E-4 4.18293E-4 3.12751E-4 2.38661E-4 1.55316E-4 1.7675E-4 3.68194E-4 4.3634E-4 4.35483E-4 3.64476E-4 3.11056E-4 4.57871E-4 3.72034E-4 3.55255E-4 3.05718E-4 3.39673E-4
6.61477E-5 6.8374E-5 6.88312E-5 6.18674E-5 7.37753E-5 1.05975E-4 1.01429E-4 1.22473E-4 9.24744E-5 8.74513E-5 9.65433E-5 1.15965E-4 7.94797E-5 6.64635E-5 6.34224E-5 6.05437E-5 5.96711E-5 6.65009E-5 5.34022E-5 6.10179E-5 7.30847E-5 6.60098E-5 6.69632E-5 6.82939E-5 7.82591E-5 1.0129E-4 1.25197E-4 1.12394E-4 9.61422E-5 9.26684E-5 1.01589E-4 1.18157E-4 1.3045E-4 1.3645E-4 1.6332E-4 1.6057E-4 2.0438E-4 3.28517E-4 2.69527E-4 2.46189E-4 3.08819E-4 3.82639E-4 2.64991E-4 1.84153E-4 2.489E-4 2.0812E-4 3.04915E-4 2.44742E-4 2.05392E-4 2.99384E-4 3.11459E-4 3.89339E-4 2.76392E-4 1.59504E-4 1.50185E-4 2.31366E-4 4.58405E-4 5.44832E-4 5.6958E-4 4.12039E-4 4.90492E-4 5.42007E-4 5.54252E-4 4.14668E-4 4.12692E-4 3.08287E-4
6.79188E-5 6.45803E-5 6.50781E-5 7.87283E-5 6.9107E-5 9.88203E-5 1.0197E-4 1.08103E-4 1.04277E-4 8.80887E-5 9.22664E-5 1.31073E-4 8.85471E-5 8.03964E-5 6.47165E-5 6.53868E-5 7.66257E-5 7.00874E-5 6.66136E-5 6.50647E-5 7.23372E-5 6.85877E-5 7.57127E-5 8.37966E-5 9.07156E-5 1.32268E-4 1.52907E-4 1.28611E-4 1.12079E-4 1.01011E-4 1.22677E-4 1.2821E-4 1.49082E-4 1.53639E-4 1.78304E-4 1.94934E-4 2.67081E-4 2.74335E-4 2.49391E-4 3.02921E-4 3.36492E-4 2.94479E-4 2.13871E-4 2.43745E-4 3.08448E-4 2.51924E-4 3.03777E-4 3.52097E-4 2.48041E-4 3.03198E-4 4.2543E-4 2.27335E-4 1.49751E-4 1.38441E-4 1.71229E-4 3.4222E-4 6.39968E-4 6.82786E-4 7.12258E-4 5.53106E-4 8.04352E-4 7.05748E-4 7.56239E-4 5.98019E-4 3.83644E-4 3.07889E-4
7.2692E-5 7.28448E-5 7.23279E-5 7.81056E-5 7.4215E-5 8.0076E-5 1.01069E-4 1.06727E-4 1.07466E-4 9.95617E-5 1.00194E-4 1.27301E-4 9.41037E-5 1.01362E-4 7.65096E-5 7.29557E-5 8.04509E-5 7.69451E-5 7.61246E-5 6.58631E-5 7.59728E-5 8.35396E-5 8.03651E-5 9.8997E-5 1.15605E-4 1.49149E-4 1.62738E-4 1.26566E-4 1.254E-4 1.11118E-4 1.24108E-4 1.43369E-4 1.56411E-4 1.83612E-4 1.80793E-4 2.05916E-4 3.14919E-4 2.79668E-4 3.26176E-4 3.61737E-4 3.2839E-4 2.52514E-4 2.1132E-4 2.63612E-4 3.43232E-4 2.96722E-4 4.48764E-4 2.79862E-4 2.35758E-4 4.13242E-4 2.65718E-4 1.68724E-4 1.15775E-4 1.8552E-4 2.14382E-4 4.32022E-4 7.72676E-4 8.6304E-4 8.36095E-4 8.73147E-4 9.44451E-4 6.5437E-4 5.44289E-4 4.25385E-4 3.47792E-4 3.56273E-4
7.12648E-5 8.1423E-5 8.03076E-5 8.17354E-5 8.66616E-5 8.38849E-5 8.55054E-5 9.47885E-5 1.22346E-4 1.05322E-4 1.00756E-4 1.00473E-4 8.47494E-5 8.59062E-5 8.25496E-5 8.80254E-5 7.72683E-5 7.67911E-5 7.02181E-5 7.68616E-5 8.76135E-5 9.80984E-5 9.95469E-5 1.08802E-4 1.3504E-4 1.88374E-4 1.62916E-4 1.31942E-4 1.2325E-4 1.29058E-4 1.44105E-4 1.56936E-4 1.62094E-4 1.49981E-4 1.56866E-4 2.02071E-4 2.9642E-4 3.32887E-4 3.68709E-4 3.60814E-4 3.50532E-4 2.50788E-4 2.01987E-4 2.98656E-4 3.7821E-4 4.88644E-4 3.59735E-4 2.8698E-4 3.26727E-4 3.92069E-4 2.87286E-4 1.61459E-4 1.14851E-4 2.00601E-4 4.06138E-4 4.43522E-4 8.56463E-4 1.17095E-3 1.04743E-3 8.33208E-4 5.58648E-4 5.40092E-4 4.761E-4 3.96315E-4 3.92792E-4 4.04227E-4
8.4716E-5 7.52714E-5 8.88021E-5 9.49378E-5 8.58565E-5 8.75592E-5 7.9028E-5 8.399E-5 1.1368E-4 1.10277E-4 1.11659E-4 1.11204E-4 8.7937E-5 9.48311E-5 8.3991E-5 7.84286E-5 7.8341E-5 7.52186E-5 7.76952E-5 8.58685E-5 8.70756E-5 9.41923E-5 9.64136E-5 1.0525E-4 1.49937E-4 1.95129E-4 1.39161E-4 1.26271E-4 1.42512E-4 1.3507E-4 1.36365E-4 1.4449E-4 1.49584E-4 1.5562E-4 1.70465E-4 1.8799E-4 2.34953E-4 3.46593E-4 3.44762E-4 2.99615E-4 3.01076E-4 3.74206E-4 2.70543E-4 2.23625E-4 3.72701E-4 6.84771E-4 4.45463E-4 6.19155E-4 6.42233E-4 5.43668E-4 2.57821E-4 1.55008E-4 1.7109E-4 3.52629E-4 8.28491E-4 6.87166E-4 9.00994E-4 1.1254E-3 8.25097E-4 7.39111E-4 6.06703E-4 5.77131E-4 5.24738E-4 4.60772E-4 5.30813E-4 4.66546E-4
7.38281E-5 7.84609E-5 7.84829E-5 8.90738E-5 9.08612E-5 8.21108E-5 9.41267E-5 8.9123E-5 1.20372E-4 1.27978E-4 1.20969E-4 1.19929E-4 8.15109E-5 8.4523E-5 9.22998E-5 8.15026E-5 7.97684E-5 7.61133E-5 8.63801E-5 9.44559E-5 9.96364E-5 9.74459E-5 1.07621E-4 1.23202E-4 1.61334E-4 1.88331E-4 1.44623E-4 1.19313E-4 1.48021E-4 1.56188E-4 1.40534E-4 1.53153E-4 1.51763E-4 1.58013E-4 1.96125E-4 2.07927E-4 2.16318E-4 3.19088E-4 3.9802E-4 4.4525E-4 4.28105E-4 3.57973E-4 3.74643E-4 3.59776E-4 5.04323E-4 6.11792E-4 8.74583E-4 7.69604E-4 6.34673E-4 4.54457E-4 2.44898E-4 2.34572E-4 3.40897E-4 6.25555E-4 1.01367E-3 1.09231E-3 9.65234E-4 7.22862E-4 9.76454E-4 9.05767E-4 8.06026E-4 5.78221E-4 5.0407E-4 5.50428E-4 4.56429E-4 4.22543E-4
7.23231E-5 7.80075E-5 7.80207E-5 8.83692E-5 8.40801E-5 9.10251E-5 9.92131E-5 1.04676E-4 1.12103E-4 1.4345E-4 1.42129E-4 1.01474E-4 8.50319E-5 8.64994E-5 9.37617E-5 1.01446E-4 9.79074E-5 8.84828E-5 9.24593E-5 1.01595E-4 1.04362E-4 1.05898E-4 1.15947E-4 1.27309E-4 1.85555E-4 1.72397E-4 1.33431E-4 1.28565E-4 1.54491E-4 1.71201E-4 1.51925E-4 1.65582E-4 1.72031E-4 1.73383E-4 2.14561E-4 2.25796E-4 2.4869E-4 3.1084E-4 5.25069E-4 5.13215E-4 4.3719E-4 3.94128E-4 5.05456E-4 4.11912E-4 4.44352E-4 5.70242E-4 5.77796E-4 4.46743E-4 3.69012E-4 3.08456E-4 2.57381E-4 3.85277E-4 6.04289E-4 9.58499E-4 9.97849E-4 9.54909E-4 7.68415E-4 8.97128E-4 8.2268E-4 8.32252E-4 8.18574E-4 6.62931E-4 5.94748E-4 4.97787E-4 3.70103E-4 2.99819E-4
8.43329E-5 8.11339E-5 8.66151E-5 8.71237E-5 8.36391E-5 8.5796E-5 9.16713E-5 1.22886E-4 1.32029E-4 1.4121E-4 1.18063E-4 9.01548E-5 8.99104E-5 9.17254E-5 1.30461E-4 1.22917E-4 1.11621E-4 1.2531E-4 9.60786E-5 1.32704E-4 1.35704E-4 1.4819E-4 1.62352E-4 1.75815E-4 2.40628E-4 2.23581E-4 1.94084E-4 1.72987E-4 2.07496E-4 2.46991E-4 2.0597E-4 1.68094E-4 2.34491E-4 2.30372E-4 2.71191E-4 2.70415E-4 3.54311E-4 5.15673E-4 5.98909E-4 5.24495E-4 4.76469E-4 5.1559E-4 5.28788E-4 5.3525E-4 4.70501E-4 5.34172E-4 5.87051E-4 4.99529E-4 4.42694E-4 4.23563E-4 3.66891E-4 5.6208E-4 9.02848E-4 8.15999E-4 7.40461E-4 7.91488E-4 8.08505E-4 8.12407E-4 7.71209E-4 8.19885E-4 7.11078E-4 6.48208E-4 6.40861E-4 5.13763E-4 4.13071E-4 3.08858E-4
7.63206E-5 8.17373E-5 8.83121E-5 9.07488E-5 9.17162E-5 1.00682E-4 1.07945E-4 1.08187E-4 1.39045E-4 1.49456E-4 1.05314E-4 9.38026E-5 1.22239E-4 1.24885E-4 1.26482E-4 1.21822E-4 1.08398E-4 1.31211E-4 1.23726E-4 1.39905E-4 1.43706E-4 1.5461E-4 1.63388E-4 1.88838E-4 2.31849E-4 2.66173E-4 2.07076E-4 2.0646E-4 3.69603E-4 2.93563E-4 2.28614E-4 2.13969E-4 2.08107E-4 2.46105E-4 2.69737E-4 2.87715E-4 3.35905E-4 4.11413E-4 5.35838E-4 7.8042E-4 6.372E-4 6.6335E-4 6.13666E-4 5.68046E-4 5.48237E-4 6.25447E-4 7.00825E-4 6.59197E-4 6.83286E-4 5.64351E-4 4.70056E-4 4.86059E-4 5.30231E-4 5.95917E-4 5.94616E-4 7.83975E-4 9.43789E-4 9.01669E-4 9.19281E-4 8.06736E-4 7.21841E-4 6.99632E-4 6.20917E-4 5.34454E-4 4.74981E-4 4.93696E-4
8.35121E-5 8.83393E-5 9.65112E-5 9.29136E-5 8.92984E-5 1.30302E-4 1.32936E-4 1.42444E-4 1.43898E-4 1.54653E-4 1.30155E-4 1.14539E-4 1.29093E-4 1.29457E-4 1.25457E-4 1.11505E-4 1.13967E-4 1.23126E-4 1.27544E-4 1.43409E-4 1.54125E-4 1.63403E-4 1.74098E-4 2.01218E-4 2.55591E-4 2.49422E-4 2.18113E-4 1.81358E-4 3.90881E-4 4.11205E-4 2.57021E-4 2.44018E-4 2.49275E-4 2.32484E-4 2.57081E-4 2.85686E-4 3.38921E-4 4.13795E-4 5.67471E-4 7.87604E-4 7.64037E-4 8.85498E-4 6.93557E-4 7.14845E-4 9.71473E-4 9.19243E-4 1.0839E-3 8.46349E-4 6.79409E-4 6.35397E-4 6.52335E-4 6.02666E-4 5.85748E-4 6.71858E-4 7.34633E-4 1.06282E-3 1.09835E-3 9.98026E-4 1.0606E-3 9.85236E-4 9.40182E-4 8.60273E-4 6.95825E-4 6.54359E-4 7.21692E-4 7.49433E-4
8.57527E-5 9.15826E-5 9.3923E-5 9.07319E-5 1.30284E-4 1.35253E-4 1.45305E-4 1.48388E-4 1.50318E-4 1.53378E-4 1.37264E-4 1.21664E-4 1.21945E-4 1.34015E-4 1.21129E-4 1.10051E-4 1.17019E-4 1.25119E-4 1.33882E-4 1.4452E-4 1.51209E-4 1.67797E-4 1.86553E-4 2.02026E-4 2.40183E-4 2.61812E-4 2.39282E-4 1.7676E-4 2.76919E-4 4.26117E-4 2.71951E-4 2.443E-4 2.65429E-4 2.62726E-4 2.71809E-4 3.18436E-4 3.54902E-4 4.44927E-4 4.83876E-4 7.41655E-4 1.15466E-3 1.7501E-3 1.36089E-3 1.7946E-3 2.47787E-3 1.37632E-3 1.36268E-3 1.11881E-3 8.73393E-4 7.25767E-4 7.33571E-4 8.56347E-4 8.56786E-4 1.10129E-3 1.16091E-3 1.3671E-3 1.20609E-3 1.26103E-3 1.21629E-3 1.03801E-3 9.9348E-4 9.58263E-4 8.096E-4 7.33103E-4 7.35895E-4 7.09455E-4
1.35346E-4 1.25962E-4 1.2641E-4 1.22684E-4 1.26635E-4 1.39423E-4 1.35016E-4 1.29271E-4 1.4012E-4 1.67819E-4 1.57595E-4 1.26664E-4 1.35116E-4 1.42342E-4 1.19888E-4 1.06481E-4 1.14259E-4 1.2185E-4 1.27647E-4 1.28955E-4 1.44902E-4 1.72422E-4 1.92783E-4 2.29612E-4 2.4431E-4 2.47716E-4 2.62895E-4 1.74875E-4 2.09026E-4 4.17118E-4 2.95581E-4 2.68528E-4 2.67394E-4 2.78379E-4 3.07837E-4 4.04319E-4 4.44761E-4 4.67785E-4 6.09272E-4 7.39174E-4 1.15454E-3 1.6677E-3 1.92225E-3 2.49446E-3 3.12812E-3 2.76605E-3 1.34001E-3 1.0807E-3 9.90619E-4 9.84521E-4 1.06065E-3 1.25528E-3 1.27416E-3 1.63085E-3 2.09716E-3 1.81753E-3 1.48369E-3 1.26838E-3 1.23642E-3 1.12536E-3 1.10825E-3 1.02496E-3 7.93784E-4 7.53992E-4 7.62657E-4 7.87885E-4
1.45426E-4 1.36356E-4 1.36486E-4 1.42202E-4 1.40052E-4 1.45316E-4 1.25275E-4 1.28936E-4 1.37839E-4 1.4513E-4 1.83045E-4 1.39892E-4 1.33953E-4 1.32389E-4 1.16184E-4 1.09996E-4 1.17194E-4 1.17336E-4 1.16995E-4 1.33322E-4 1.49334E-4 1.76205E-4 1.97618E-4 2.34991E-4 2.50479E-4 2.79201E-4 2.6494E-4 1.76631E-4 2.09479E-4 2.96552E-4 3.24066E-4 2.95525E-4 2.80473E-4 3.0803E-4 3.40663E-4 4.04494E-4 5.30361E-4 4.88857E-4 7.15098E-4 7.50461E-4 1.14904E-3 1.58075E-3 1.9417E-3 2.22438E-3 2.89006E-3 3.10138E-3 1.55678E-3 1.11181E-3 1.05294E-3 1.30166E-3 1.7452E-3 2.35706E-3 2.20391E-3 2.18244E-3 2.06608E-3 1.61658E-3 1.30301E-3 1.47515E-3 1.46488E-3 1.12126E-3 1.01385E-3 9.11657E-4 8.18323E-4 8.78613E-4 7.82119E-4 8.29728E-4
1.65039E-4 1.41346E-4 1.47799E-4 1.47569E-4 1.54813E-4 1.3651E-4 1.23124E-4 1.19081E-4 1.27523E-4 1.35328E-4 1.44119E-4 1.24126E-4 1.05329E-4 9.79265E-5 1.02101E-4 1.14241E-4 1.21683E-4 1.27127E-4 1.29407E-4 1.43828E-4 1.68858E-4 1.68841E-4 1.88208E-4 2.36293E-4 2.5368E-4 2.95629E-4 2.54595E-4 1.83187E-4 2.18882E-4 3.46905E-4 3.74382E-4 2.59816E-4 2.76903E-4 2.92343E-4 3.43469E-4 3.8267E-4 4.94225E-4 5.83051E-4 6.37999E-4 9.89651E-4 1.21883E-3 1.44061E-3 1.54293E-3 2.51473E-3 2.32957E-3 3.05118E-3 2.11974E-3 1.50319E-3 1.33463E-3 1.96775E-3 2.13041E-3 1.95296E-3 1.80783E-3 1.84231E-3 2.30089E-3 1.48063E-3 1.16995E-3 1.23809E-3 1.28722E-3 1.19164E-3 9.59929E-4 8.01095E-4 8.84734E-4 8.93466E-4 7.69811E-4 8.82886E-4
1.81078E-4 1.67054E-4 1.71937E-4 1.84028E-4 1.94518E-4 1.53731E-4 1.36974E-4 1.38987E-4 1.25292E-4 1.12971E-4 1.06924E-4 1.0745E-4 1.02798E-4 9.66144E-5 1.00043E-4 1.17412E-4 1.4042E-4 1.46866E-4 1.33024E-4 1.41501E-4 1.54729E-4 1.73148E-4 1.92818E-4 2.43433E-4 2.29197E-4 2.54724E-4 2.29785E-4 1.87064E-4 2.02351E-4 2.56554E-4 3.42219E-4 2.90444E-4 3.09082E-4 3.47939E-4 3.88853E-4 4.28643E-4 4.68278E-4 7.26482E-4 7.23748E-4 9.97587E-4 1.5538E-3 1.5989E-3 1.75495E-3 1.73404E-3 1.77507E-3 2.35741E-3 2.53647E-3 1.97747E-3 1.98947E-3 2.02028E-3 1.62546E-3 1.53133E-3 1.49478E-3 1.62813E-3 2.04137E-3 1.70749E-3 1.11722E-3 1.07201E-3 9.96982E-4 8.27189E-4 7.92836E-4 8.09201E-4 1.14234E-3 1.01059E-3 8.43617E-4 9.99159E-4
