Leopardus jacobita/Leopardus_jacobita_projection 2041-2060.asc
ncols         515
nrows         545
xllcorner     -119.0
yllcorner     -58.333333333333
cellsize      0.166666666667
NODATA_value  -9999
[rows 464 to 492 of 545, columns 264 to 329 of 515]
-9999 -9999 -9999 -9999 3.47485E-4 3.9983E-4 3.60333E-4 3.23316E-4 -9999 -9999 5.39005E-4 6.33292E-4 6.85094E-4 1.29354E-3 1.1136E-3 1.23301E-3 1.42561E-3 2.51104E-3 3.4295E-3 4.99988E-3 7.06811E-3 1.08614E-2 1.73201E-2 2.46211E-2 2.70664E-2 3.01215E-2 4.28332E-2 6.13985E-2 7.52909E-2 7.59677E-2 9.12588E-2 1.20936E-1 1.23322E-1 1.14436E-1 8.88377E-2 8.095E-2 8.02851E-2 6.79607E-2 6.29371E-2 5.92921E-2 4.54537E-2 4.56514E-2 4.07642E-2 3.83244E-2 3.05347E-2 2.468E-2 2.34384E-2 2.2195E-2 2.04767E-2 1.47758E-2 1.18881E-2 1.05258E-2 9.67669E-3 9.26466E-3 9.45062E-3 -9999 -9999 -9999 -9999 -9999 -9999 -9999 -9999 -9999 -9999 -9999
-9999 -9999 -9999 -9999 3.81331E-4 4.16688E-4 4.80269E-4 4.06849E-4 -9999 -9999 7.65844E-4 1.0881E-3 1.01114E-3 1.61634E-3 1.35352E-3 1.92135E-3 1.98509E-3 1.79077E-3 2.6908E-3 3.57601E-3 7.65689E-3 1.24126E-2 1.61716E-2 2.14832E-2 2.27347E-2 2.73351E-2 4.50678E-2 5.96174E-2 6.52465E-2 7.17711E-2 8.30658E-2 9.61774E-2 1.03664E-1 1.03385E-1 9.17315E-2 8.11146E-2 8.85206E-2 8.24703E-2 7.22696E-2 5.87716E-2 5.32702E-2 6.03266E-2 4.91501E-2 3.4366E-2 2.48622E-2 2.18831E-2 2.41761E-2 2.10055E-2 1.33013E-2 1.18495E-2 1.02311E-2 -9999 -9999 -9999 -9999 -9999 -9999 -9999 -9999 -9999 -9999 -9999 -9999 -9999 -9999 -9999
-9999 -9999 -9999 -9999 3.65271E-4 -9999 5.08192E-4 3.9554E-4 -9999 4.74217E-4 5.02006E-4 1.07982E-3 1.30926E-3 1.34534E-3 1.63556E-3 2.091E-3 1.86799E-3 2.31815E-3 2.81456E-3 2.24732E-3 4.40202E-3 8.67838E-3 1.24165E-2 2.01418E-2 2.48149E-2 3.13907E-2 4.48036E-2 5.6058E-2 6.32376E-2 6.2749E-2 6.55273E-2 8.84092E-2 8.69131E-2 6.56207E-2 4.15323E-2 4.35677E-2 5.21354E-2 5.9406E-2 5.45482E-2 5.0508E-2 4.54363E-2 4.32701E-2 3.23637E-2 2.35712E-2 2.12542E-2 2.21935E-2 2.34929E-2 1.29054E-2 -9999 -9999 -9999 -9999 -9999 -9999 -9999 -9999 -9999 -9999 -9999 -9999 -9999 -9999 -9999 -9999 -9999 -9999
-9999 -9999 -9999 -9999 -9999 3.76675E-4 4.63252E-4 -9999 -9999 -9999 9.68566E-4 -9999 8.66798E-4 7.8375E-4 8.52746E-4 1.21232E-3 2.28706E-3 2.24859E-3 3.14404E-3 5.58802E-3 8.14114E-3 1.05945E-2 1.41601E-2 1.91858E-2 2.38988E-2 2.57154E-2 4.00918E-2 5.00188E-2 5.23817E-2 5.68086E-2 5.64271E-2 6.73561E-2 7.69997E-2 6.54234E-2 3.09996E-2 3.34469E-2 3.3663E-2 2.52729E-2 4.27486E-2 4.72727E-2 4.36614E-2 3.19869E-2 2.71657E-2 2.75986E-2 2.66595E-2 2.37147E-2 1.26343E-2 -9999 -9999 -9999 -9999 -9999 -9999 -9999 -9999 -9999 -9999 -9999 -9999 -9999 -9999 -9999 -9999 -9999 -9999 -9999
-9999 -9999 -9999 4.58527E-4 4.48982E-4 -9999 4.95085E-4 4.99365E-4 5.61643E-4 9.02289E-4 7.85532E-4 1.05665E-3 1.41867E-3 1.23657E-3 1.13607E-3 1.76619E-3 2.27643E-3 1.55631E-3 2.43578E-3 3.61115E-3 6.19138E-3 9.86922E-3 1.39779E-2 1.82741E-2 2.21753E-2 2.5712E-2 3.72241E-2 4.52437E-2 4.56585E-2 5.26491E-2 5.36167E-2 5.62269E-2 7.34688E-2 7.41395E-2 3.00966E-2 3.76663E-2 3.74572E-2 2.06143E-2 2.96098E-2 4.45289E-2 3.64416E-2 3.30916E-2 3.9113E-2 3.81443E-2 2.75668E-2 1.52183E-2 -9999 -9999 -9999 -9999 -9999 -9999 -9999 -9999 -9999 -9999 -9999 -9999 -9999 -9999 -9999 -9999 -9999 -9999 -9999 -9999
-9999 -9999 -9999 4.30612E-4 4.25804E-4 4.02944E-4 -9999 4.71459E-4 -9999 7.92579E-4 1.15909E-3 1.2028E-3 1.78456E-3 2.24723E-3 1.67766E-3 1.88957E-3 1.61845E-3 1.63207E-3 2.17984E-3 5.4816E-3 1.15264E-2 1.44526E-2 1.85313E-2 2.05656E-2 2.4872E-2 3.33791E-2 4.22692E-2 4.53131E-2 4.70397E-2 4.66151E-2 4.49949E-2 4.75641E-2 6.2961E-2 6.22921E-2 4.49727E-2 4.6599E-2 4.33011E-2 4.6522E-2 4.37925E-2 4.39908E-2 4.58024E-2 4.24352E-2 3.82586E-2 2.43357E-2 1.34173E-2 -9999 -9999 -9999 -9999 -9999 -9999 -9999 -9999 -9999 -9999 -9999 -9999 -9999 -9999 -9999 -9999 -9999 -9999 -9999 -9999 -9999
-9999 4.59687E-4 5.52618E-4 4.64252E-4 6.29843E-4 5.65783E-4 4.81346E-4 5.3997E-4 -9999 8.92013E-4 1.12426E-3 1.8237E-3 2.93084E-3 2.52458E-3 3.42743E-3 3.25597E-3 3.44587E-3 3.61873E-3 4.38622E-3 5.1356E-3 8.07971E-3 1.23076E-2 1.51758E-2 2.24507E-2 3.57831E-2 4.36887E-2 4.93611E-2 4.80168E-2 4.62461E-2 4.46919E-2 4.40115E-2 4.21233E-2 4.10339E-2 3.28806E-2 4.4704E-2 4.74501E-2 4.83532E-2 5.41328E-2 5.38115E-2 5.60928E-2 5.08102E-2 3.98874E-2 2.81454E-2 1.70577E-2 -9999 -9999 -9999 -9999 -9999 -9999 -9999 -9999 -9999 -9999 -9999 -9999 -9999 -9999 -9999 -9999 -9999 -9999 -9999 -9999 -9999 -9999
-9999 4.32705E-4 5.01083E-4 6.03381E-4 6.60088E-4 6.48544E-4 6.16333E-4 7.46478E-4 -9999 1.17423E-3 1.56062E-3 2.17858E-3 2.69056E-3 3.30208E-3 2.83751E-3 3.91965E-3 4.03357E-3 4.54554E-3 1.21964E-2 1.38652E-2 1.69838E-2 1.90171E-2 2.27581E-2 3.35611E-2 4.92812E-2 5.72573E-2 5.63714E-2 5.17123E-2 4.56001E-2 4.4837E-2 3.71209E-2 3.98544E-2 3.34624E-2 3.33981E-2 3.76731E-2 4.06968E-2 4.59713E-2 5.01466E-2 4.93086E-2 4.07569E-2 2.9328E-2 2.00319E-2 1.73657E-2 1.35614E-2 -9999 -9999 -9999 -9999 -9999 -9999 -9999 -9999 -9999 -9999 -9999 -9999 -9999 -9999 -9999 -9999 -9999 -9999 -9999 -9999 -9999 -9999
3.93542E-4 5.04656E-4 5.76824E-4 5.52681E-4 7.19041E-4 6.1853E-4 6.88992E-4 -9999 9.89837E-4 1.34781E-3 1.97462E-3 2.99173E-3 3.16097E-3 3.08528E-3 5.33345E-3 4.46945E-3 4.51642E-3 4.81525E-3 7.68568E-3 1.16175E-2 1.21754E-2 2.08922E-2 3.5164E-2 5.21282E-2 6.58188E-2 6.28655E-2 5.87634E-2 5.10104E-2 4.213E-2 3.93452E-2 3.97932E-2 4.17443E-2 3.37881E-2 3.10905E-2 3.17071E-2 3.63914E-2 4.41902E-2 4.15855E-2 2.90787E-2 2.35909E-2 1.91263E-2 1.62896E-2 1.59252E-2 1.23945E-2 -9999 -9999 -9999 -9999 -9999 -9999 -9999 -9999 -9999 -9999 -9999 -9999 -9999 -9999 -9999 -9999 -9999 -9999 -9999 -9999 -9999 -9999
4.28274E-4 5.04439E-4 4.98631E-4 4.1234E-4 5.29267E-4 5.64436E-4 6.54959E-4 -9999 1.72699E-3 1.74566E-3 1.57424E-3 2.27525E-3 3.69454E-3 2.55768E-3 5.46133E-3 6.26221E-3 7.90239E-3 1.002E-2 4.55157E-3 5.2273E-3 6.50838E-3 1.0138E-2 1.94983E-2 3.24427E-2 3.82916E-2 4.42721E-2 4.31837E-2 3.80747E-2 2.96116E-2 2.5138E-2 2.60068E-2 2.72414E-2 2.80595E-2 2.60149E-2 2.80023E-2 3.41421E-2 3.40103E-2 3.17144E-2 2.68727E-2 2.3063E-2 2.10468E-2 2.10654E-2 1.99847E-2 1.64517E-2 -9999 -9999 -9999 -9999 -9999 -9999 -9999 -9999 -9999 -9999 -9999 -9999 -9999 -9999 -9999 -9999 -9999 -9999 -9999 -9999 -9999 -9999
3.79761E-4 4.40604E-4 4.21189E-4 4.1856E-4 5.02715E-4 5.66173E-4 -9999 -9999 2.00711E-3 4.73265E-3 4.27398E-3 3.62891E-3 4.06703E-3 3.40345E-3 3.02819E-3 3.46439E-3 4.88975E-3 1.03904E-2 1.76202E-2 1.59232E-2 2.14036E-2 1.82059E-2 1.88853E-2 2.59277E-2 2.74344E-2 3.13817E-2 3.38933E-2 2.87214E-2 2.31943E-2 1.87567E-2 1.76287E-2 1.83457E-2 1.80952E-2 1.74082E-2 1.74447E-2 2.1358E-2 2.73475E-2 2.75525E-2 2.74734E-2 2.76646E-2 2.61721E-2 2.37E-2 2.25673E-2 2.07989E-2 1.5578E-2 -9999 -9999 -9999 -9999 -9999 -9999 -9999 -9999 -9999 -9999 -9999 -9999 -9999 -9999 -9999 -9999 -9999 -9999 -9999 -9999 -9999
-9999 3.5146E-4 3.76957E-4 -9999 -9999 6.05327E-4 -9999 1.75205E-3 2.87095E-3 5.07153E-3 4.53605E-3 4.27886E-3 3.42556E-3 2.71764E-3 2.52434E-3 5.41169E-3 1.00346E-2 1.82426E-2 2.64777E-2 3.0323E-2 4.41855E-2 5.95789E-2 7.51194E-2 7.00034E-2 5.6814E-2 4.10842E-2 4.05138E-2 2.83784E-2 2.76249E-2 2.27558E-2 1.88594E-2 1.7858E-2 1.42572E-2 1.51724E-2 1.77376E-2 1.66531E-2 2.21666E-2 2.20919E-2 2.15302E-2 2.10029E-2 2.13175E-2 2.25107E-2 2.10928E-2 2.03876E-2 1.78189E-2 1.51805E-2 1.27457E-2 -9999 -9999 -9999 -9999 -9999 -9999 -9999 -9999 -9999 -9999 -9999 -9999 -9999 -9999 -9999 -9999 -9999 -9999 -9999
-9999 -9999 -9999 -9999 -9999 -9999 1.11099E-3 2.49415E-3 5.14004E-3 7.08342E-3 4.6575E-3 4.6332E-3 4.60313E-3 4.2586E-3 6.84997E-3 7.47409E-3 1.47475E-2 2.35726E-2 3.38417E-2 5.17963E-2 5.62157E-2 6.62041E-2 8.85992E-2 1.03182E-1 8.14415E-2 5.17997E-2 3.81896E-2 3.12715E-2 4.26433E-2 3.51128E-2 2.4935E-2 2.30438E-2 2.41427E-2 3.15306E-2 3.80391E-2 2.94266E-2 2.2417E-2 2.18003E-2 2.15935E-2 2.21338E-2 2.15922E-2 1.79834E-2 2.01848E-2 2.02039E-2 1.90049E-2 1.78696E-2 1.72326E-2 1.47578E-2 -9999 -9999 -9999 -9999 -9999 -9999 -9999 -9999 -9999 -9999 -9999 -9999 -9999 -9999 -9999 -9999 -9999 -9999
-9999 -9999 -9999 -9999 -9999 7.33385E-4 1.37722E-3 2.79373E-3 6.07839E-3 6.09196E-3 4.17665E-3 4.8929E-3 4.92006E-3 4.95833E-3 6.05044E-3 7.5924E-3 1.26219E-2 2.35468E-2 4.06937E-2 5.68003E-2 6.95742E-2 7.59676E-2 9.59125E-2 8.65621E-2 5.96194E-2 3.90307E-2 3.97987E-2 3.72418E-2 5.34533E-2 4.89458E-2 3.41261E-2 2.80764E-2 2.63867E-2 3.87185E-2 4.70427E-2 3.61325E-2 2.84829E-2 2.73291E-2 1.99872E-2 1.91115E-2 1.97458E-2 1.89881E-2 1.8294E-2 1.64461E-2 1.6517E-2 1.49723E-2 1.53876E-2 1.53152E-2 1.41133E-2 1.17758E-2 -9999 -9999 -9999 -9999 -9999 -9999 -9999 -9999 -9999 -9999 -9999 -9999 -9999 -9999 -9999 -9999
-9999 -9999 -9999 -9999 -9999 9.14458E-4 1.32235E-3 3.16852E-3 5.39011E-3 6.89701E-3 4.0538E-3 5.54483E-3 4.2617E-3 4.22978E-3 4.27812E-3 8.07002E-3 1.30023E-2 1.55881E-2 1.95152E-2 3.28523E-2 3.60852E-2 5.2271E-2 5.69792E-2 5.41086E-2 4.76581E-2 4.6719E-2 4.04527E-2 3.99795E-2 4.86435E-2 4.18786E-2 3.16069E-2 2.8128E-2 2.72325E-2 3.28802E-2 3.32303E-2 3.77515E-2 4.23317E-2 2.32828E-2 1.95736E-2 1.8585E-2 2.12317E-2 2.14943E-2 1.85122E-2 1.80062E-2 1.69693E-2 1.64286E-2 1.49982E-2 1.41794E-2 1.41239E-2 1.31633E-2 1.22648E-2 1.14945E-2 1.16631E-2 9.8374E-3 8.66729E-3 -9999 -9999 -9999 -9999 -9999 -9999 -9999 -9999 -9999 -9999 -9999
-9999 -9999 -9999 -9999 6.92397E-4 1.0841E-3 1.78054E-3 2.38937E-3 3.92389E-3 5.11258E-3 4.864E-3 6.0467E-3 4.10057E-3 5.23841E-3 7.62219E-3 1.13844E-2 1.93763E-2 3.019E-2 1.64069E-2 2.40309E-2 3.24898E-2 2.87808E-2 4.22834E-2 4.63595E-2 4.99509E-2 4.99784E-2 4.41413E-2 4.06558E-2 4.42614E-2 4.76126E-2 4.41008E-2 3.66622E-2 3.21367E-2 3.1362E-2 3.67118E-2 4.22553E-2 4.23272E-2 3.17443E-2 2.29921E-2 2.00486E-2 2.3474E-2 2.1715E-2 1.85961E-2 1.66761E-2 1.66022E-2 1.64584E-2 1.59104E-2 1.45809E-2 1.44162E-2 1.40455E-2 1.35341E-2 1.28613E-2 1.09665E-2 1.0175E-2 8.94711E-3 -9999 -9999 -9999 -9999 -9999 -9999 -9999 -9999 -9999 -9999 -9999
-9999 -9999 -9999 5.36395E-4 7.92797E-4 1.20085E-3 1.86343E-3 2.14214E-3 2.85862E-3 4.64053E-3 4.54398E-3 3.84643E-3 5.01973E-3 8.54202E-3 1.1123E-2 1.53738E-2 1.88581E-2 3.42193E-2 4.46334E-2 3.75457E-2 3.49565E-2 4.93939E-2 5.66053E-2 5.20624E-2 4.90346E-2 4.65427E-2 3.80796E-2 3.811E-2 3.88152E-2 3.88714E-2 4.08747E-2 3.42773E-2 3.30353E-2 3.10824E-2 3.20543E-2 3.68603E-2 2.98656E-2 2.44793E-2 2.23662E-2 2.06506E-2 1.89477E-2 1.84863E-2 1.66973E-2 1.64515E-2 1.69807E-2 1.67959E-2 1.55901E-2 1.5173E-2 1.49897E-2 1.4415E-2 1.37897E-2 1.38346E-2 1.26202E-2 1.22541E-2 1.01904E-2 -9999 -9999 -9999 -9999 -9999 -9999 -9999 -9999 -9999 -9999 -9999
1.63269E-4 -9999 3.39605E-4 4.97372E-4 5.43903E-4 8.07993E-4 1.69256E-3 1.95971E-3 2.89001E-3 3.55004E-3 3.83055E-3 4.70653E-3 7.88997E-3 8.53475E-3 1.08908E-2 1.21274E-2 2.08872E-2 3.43695E-2 5.28368E-2 6.13334E-2 5.58503E-2 5.3863E-2 5.54033E-2 4.99719E-2 5.30142E-2 4.75234E-2 4.1431E-2 3.42508E-2 3.32907E-2 3.31643E-2 3.62566E-2 4.23065E-2 3.40612E-2 3.24367E-2 3.25423E-2 3.81534E-2 2.92491E-2 2.63879E-2 2.32875E-2 2.15975E-2 1.95408E-2 1.69419E-2 1.60063E-2 1.67139E-2 1.74915E-2 1.88788E-2 1.76231E-2 1.74556E-2 1.5949E-2 1.50908E-2 1.45988E-2 1.4962E-2 1.33333E-2 1.19139E-2 -9999 -9999 -9999 -9999 -9999 -9999 -9999 -9999 -9999 -9999 -9999 -9999
1.85487E-4 -9999 -9999 -9999 6.52438E-4 7.67463E-4 -9999 -9999 1.98885E-3 2.73765E-3 4.41221E-3 6.39809E-3 7.38465E-3 9.47463E-3 9.28232E-3 1.0602E-2 1.74104E-2 2.76283E-2 3.68876E-2 5.04745E-2 5.57271E-2 4.88077E-2 5.13558E-2 5.01762E-2 4.62004E-2 4.76811E-2 3.67978E-2 3.12441E-2 3.22211E-2 3.33542E-2 3.53196E-2 3.66133E-2 3.84327E-2 3.84992E-2 3.36906E-2 3.55261E-2 2.82724E-2 2.41518E-2 2.25065E-2 2.02937E-2 1.89027E-2 1.85339E-2 1.72975E-2 1.71088E-2 1.82694E-2 1.80762E-2 1.81237E-2 1.77204E-2 1.64231E-2 1.69532E-2 1.54999E-2 1.42729E-2 1.46329E-2 1.35695E-2 -9999 -9999 -9999 -9999 -9999 -9999 -9999 -9999 -9999 -9999 -9999 -9999
2.06439E-4 2.41406E-4 -9999 5.29455E-4 7.63788E-4 1.17464E-3 1.51487E-3 -9999 -9999 3.34442E-3 4.1418E-3 4.84588E-3 6.5677E-3 8.27279E-3 9.96928E-3 9.78881E-3 1.69928E-2 2.54196E-2 3.44083E-2 3.61249E-2 3.7734E-2 4.27018E-2 4.7319E-2 4.02649E-2 4.00789E-2 4.00305E-2 3.1561E-2 3.30739E-2 3.45374E-2 3.58883E-2 3.68995E-2 3.7824E-2 4.46782E-2 3.96932E-2 3.41289E-2 3.00343E-2 2.6051E-2 2.46831E-2 2.28033E-2 2.03621E-2 1.88684E-2 1.87951E-2 1.80353E-2 1.78074E-2 1.87101E-2 1.77801E-2 1.67554E-2 1.73828E-2 1.66081E-2 1.70797E-2 1.54367E-2 1.50674E-2 1.48119E-2 -9999 -9999 -9999 -9999 -9999 -9999 -9999 -9999 -9999 -9999 -9999 -9999 -9999
2.43794E-4 2.30449E-4 -9999 4.9764E-4 6.53442E-4 1.14052E-3 1.70193E-3 2.45676E-3 2.59402E-3 2.66695E-3 3.31795E-3 5.13042E-3 7.34927E-3 8.59773E-3 7.9652E-3 9.59964E-3 1.2875E-2 2.27624E-2 3.14809E-2 3.59006E-2 3.65682E-2 3.8528E-2 4.04414E-2 4.04692E-2 4.22298E-2 3.81365E-2 3.72301E-2 4.01722E-2 3.48425E-2 3.58338E-2 3.51884E-2 4.11403E-2 4.2595E-2 4.01801E-2 3.40217E-2 3.1804E-2 2.62066E-2 2.34373E-2 2.15358E-2 2.01524E-2 1.84755E-2 1.82014E-2 1.8557E-2 1.88318E-2 1.89607E-2 1.9915E-2 1.75732E-2 1.73543E-2 1.76879E-2 1.70463E-2 1.51748E-2 1.42848E-2 -9999 -9999 -9999 -9999 -9999 -9999 -9999 -9999 -9999 -9999 -9999 -9999 -9999 -9999
1.67389E-4 -9999 -9999 -9999 7.30796E-4 1.09918E-3 1.43636E-3 2.41643E-3 4.3274E-3 5.48614E-3 5.54978E-3 6.00728E-3 5.62367E-3 7.71034E-3 6.01964E-3 1.24818E-2 1.40574E-2 2.08992E-2 2.96964E-2 4.12906E-2 4.75437E-2 4.57836E-2 3.9232E-2 4.23547E-2 4.3087E-2 4.059E-2 3.56379E-2 3.47274E-2 4.33552E-2 4.27824E-2 3.2667E-2 3.60675E-2 3.97877E-2 3.70808E-2 3.24982E-2 2.51512E-2 2.15155E-2 2.04675E-2 1.99076E-2 2.04477E-2 1.93563E-2 2.04429E-2 2.13305E-2 2.04938E-2 1.98839E-2 1.93715E-2 1.83477E-2 1.72533E-2 1.66631E-2 -9999 -9999 -9999 -9999 -9999 -9999 -9999 -9999 -9999 -9999 -9999 -9999 -9999 -9999 -9999 -9999 -9999
-9999 1.89561E-4 2.84715E-4 -9999 8.03285E-4 1.22655E-3 1.47783E-3 3.00306E-3 5.03557E-3 6.26253E-3 7.64706E-3 7.92935E-3 8.71733E-3 6.46909E-3 7.25143E-3 1.37238E-2 1.84048E-2 2.75534E-2 3.46063E-2 4.09132E-2 5.65673E-2 4.71115E-2 4.83074E-2 5.05209E-2 4.87415E-2 4.02478E-2 3.62703E-2 4.09128E-2 3.92289E-2 3.8317E-2 3.37737E-2 2.94309E-2 3.28526E-2 3.20554E-2 2.46204E-2 2.10348E-2 2.14192E-2 2.01997E-2 2.11484E-2 2.07716E-2 2.1033E-2 2.11939E-2 1.96135E-2 2.0227E-2 1.9719E-2 1.93765E-2 1.87482E-2 1.67607E-2 -9999 -9999 -9999 -9999 -9999 -9999 -9999 -9999 -9999 -9999 -9999 -9999 -9999 -9999 -9999 -9999 -9999 -9999
1.3785E-4 2.05794E-4 2.70948E-4 -9999 5.82466E-4 1.09757E-3 1.44397E-3 3.10604E-3 5.01066E-3 6.69524E-3 7.67083E-3 7.66775E-3 5.2057E-3 6.17962E-3 8.34093E-3 1.06592E-2 1.95643E-2 3.0443E-2 4.18603E-2 4.69729E-2 4.86522E-2 3.97662E-2 3.96157E-2 4.5796E-2 5.00913E-2 4.19583E-2 3.555E-2 3.6185E-2 3.10132E-2 3.25545E-2 3.01865E-2 2.62076E-2 2.59591E-2 2.65071E-2 2.22854E-2 2.23665E-2 2.24423E-2 2.24893E-2 2.24695E-2 2.25494E-2 2.31873E-2 2.40845E-2 2.23979E-2 2.35684E-2 2.25255E-2 2.1283E-2 1.91415E-2 -9999 -9999 -9999 -9999 -9999 -9999 -9999 -9999 -9999 -9999 -9999 -9999 -9999 -9999 -9999 -9999 -9999 -9999 -9999
1.35415E-4 2.412E-4 3.16619E-4 -9999 6.28854E-4 9.58344E-4 1.41839E-3 3.13238E-3 5.63849E-3 6.92641E-3 6.69718E-3 5.26558E-3 7.2998E-3 7.23777E-3 5.42533E-3 6.87715E-3 1.71914E-2 3.08009E-2 4.78021E-2 5.13498E-2 3.79414E-2 3.05535E-2 1.92322E-2 2.73165E-2 4.49392E-2 4.82895E-2 4.84267E-2 4.09579E-2 3.13991E-2 3.56442E-2 3.80684E-2 3.31726E-2 2.9016E-2 2.61028E-2 2.42543E-2 2.51374E-2 2.44891E-2 2.42308E-2 2.45688E-2 2.38339E-2 2.3821E-2 2.55756E-2 2.60215E-2 2.39739E-2 2.07074E-2 -9999 -9999 -9999 -9999 -9999 -9999 -9999 -9999 -9999 -9999 -9999 -9999 -9999 -9999 -9999 -9999 -9999 -9999 -9999 -9999 -9999
1.75273E-4 2.26004E-4 4.10745E-4 3.53043E-4 7.16064E-4 1.13131E-3 1.31339E-3 2.45371E-3 5.89713E-3 7.77111E-3 9.05899E-3 1.14216E-2 1.00966E-2 1.19723E-2 9.044E-3 8.69048E-3 1.42055E-2 3.03536E-2 4.45763E-2 5.70782E-2 4.7147E-2 4.52868E-2 3.8794E-2 3.75844E-2 4.56785E-2 4.64462E-2 3.76718E-2 3.53115E-2 3.05278E-2 2.84849E-2 3.30252E-2 3.23156E-2 3.42329E-2 2.83101E-2 2.53262E-2 2.56234E-2 2.4366E-2 2.52678E-2 2.56901E-2 2.52312E-2 2.66598E-2 2.64107E-2 2.34898E-2 2.04219E-2 -9999 -9999 -9999 -9999 -9999 -9999 -9999 -9999 -9999 -9999 -9999 -9999 -9999 -9999 -9999 -9999 -9999 -9999 -9999 -9999 -9999 -9999
1.77467E-4 2.87309E-4 3.9831E-4 4.21219E-4 7.18967E-4 8.43371E-4 1.47661E-3 3.17792E-3 5.46777E-3 8.36573E-3 8.39287E-3 9.59078E-3 6.79211E-3 1.29125E-2 1.45154E-2 1.47821E-2 2.19667E-2 2.55962E-2 2.86091E-2 3.88635E-2 4.67725E-2 4.82035E-2 3.81495E-2 3.69501E-2 3.7312E-2 3.52478E-2 3.49058E-2 3.40258E-2 3.25298E-2 3.11643E-2 2.76984E-2 2.68145E-2 2.75348E-2 2.81847E-2 2.66532E-2 2.53703E-2 2.50673E-2 2.5209E-2 2.57633E-2 2.55208E-2 2.52017E-2 2.74775E-2 2.31195E-2 2.07275E-2 -9999 -9999 -9999 -9999 -9999 -9999 -9999 -9999 -9999 -9999 -9999 -9999 -9999 -9999 -9999 -9999 -9999 -9999 -9999 -9999 -9999 -9999
1.49063E-4 2.25646E-4 3.13065E-4 3.92445E-4 7.29809E-4 -9999 1.87844E-3 3.05866E-3 5.85184E-3 7.82018E-3 6.25999E-3 7.98965E-3 5.16202E-3 5.1378E-3 1.14772E-2 2.23499E-2 3.19104E-2 3.86113E-2 4.38292E-2 3.17835E-2 3.70001E-2 4.3026E-2 3.65132E-2 3.3979E-2 3.32528E-2 3.49708E-2 3.57615E-2 3.36502E-2 3.0239E-2 2.74734E-2 2.57113E-2 2.52041E-2 2.2626E-2 2.28051E-2 1.97494E-2 2.21286E-2 2.40054E-2 2.50464E-2 2.29146E-2 2.16324E-2 2.14223E-2 2.12808E-2 2.31156E-2 2.04163E-2 -9999 -9999 -9999 -9999 -9999 -9999 -9999 -9999 -9999 -9999 -9999 -9999 -9999 -9999 -9999 -9999 -9999 -9999 -9999 -9999 -9999 -9999
1.17002E-4 2.19677E-4 3.82569E-4 3.95649E-4 6.18912E-4 -9999 1.4713E-3 2.8563E-3 5.74757E-3 6.95449E-3 7.21363E-3 7.79271E-3 4.47983E-3 3.45983E-3 6.54963E-3 1.16208E-2 2.03689E-2 3.1894E-2 4.00592E-2 3.98178E-2 3.70576E-2 3.74909E-2 3.584E-2 3.55359E-2 3.34668E-2 3.35272E-2 3.41519E-2 3.20762E-2 3.06863E-2 2.83571E-2 2.51081E-2 2.15651E-2 2.0606E-2 1.97711E-2 1.96567E-2 2.01904E-2 2.05812E-2 2.13329E-2 2.06346E-2 1.74317E-2 1.86458E-2 2.25861E-2 2.21857E-2 -9999 -9999 -9999 -9999 -9999 -9999 -9999 -9999 -9999 -9999 -9999 -9999 -9999 -9999 -9999 -9999 -9999 -9999 -9999 -9999 -9999 -9999 -9999
