Leopardus jacobita/Leopardus_jacobita.asc
ncols         515
nrows         545
xllcorner     -119.0
yllcorner     -58.333333333333
cellsize      0.166666666667
NODATA_value  -9999
[rows 290 to 318 of 545, columns 396 to 461 of 515]
4.3398E-3 3.85049E-3 3.121E-3 1.4409E-3 1.18357E-3 1.06523E-3 9.6026E-4 9.99446E-4 9.66669E-4 8.98741E-4 9.16337E-4 7.31434E-4 1.05051E-3 6.89013E-4 1.05942E-3 9.55127E-4 8.30135E-4 1.04451E-3 1.94422E-3 1.34564E-3 1.3143E-3 1.79873E-3 1.61113E-3 1.40275E-3 1.97066E-3 3.53834E-3 3.95718E-3 3.30531E-3 4.00519E-3 6.06547E-3 7.14851E-3 7.81029E-3 9.67703E-3 7.61089E-3 7.60728E-3 9.16027E-3 9.45946E-3 1.03287E-2 1.16821E-2 8.04247E-3 4.84896E-3 3.68434E-3 4.81364E-3 4.92439E-3 5.98713E-3 7.06373E-3 7.38361E-3 5.4487E-3 4.51462E-3 3.90506E-3 5.7663E-3 4.4902E-3 1.03638E-2 6.94358E-3 6.72886E-3 4.68062E-3 4.80161E-3 3.96381E-3 5.63553E-3 9.2149E-3 9.48195E-3 1.14318E-2 1.24202E-2 1.15455E-2 8.16516E-3 1.0752E-2
3.18827E-3 3.42373E-3 2.64947E-3 2.00867E-3 1.69838E-3 1.03858E-3 8.40586E-4 9.09732E-4 8.47821E-4 1.17234E-3 1.18616E-3 9.95145E-4 9.48573E-4 1.04944E-3 8.93667E-4 1.15361E-3 1.13852E-3 1.90123E-3 1.86392E-3 1.87979E-3 1.60457E-3 1.66003E-3 1.4882E-3 1.39378E-3 1.886E-3 2.21913E-3 2.73079E-3 3.21933E-3 5.50665E-3 6.23996E-3 7.95126E-3 8.94575E-3 9.82618E-3 8.30372E-3 7.84656E-3 8.52252E-3 5.80757E-3 6.06893E-3 1.22795E-2 8.21836E-3 5.51875E-3 4.61513E-3 5.02644E-3 5.79793E-3 6.57051E-3 7.52431E-3 7.81061E-3 5.656E-3 5.29382E-3 6.67936E-3 8.57258E-3 7.53837E-3 9.70111E-3 6.6215E-3 7.17979E-3 4.30064E-3 5.23626E-3 6.58064E-3 8.48192E-3 1.50272E-2 1.36705E-2 1.19967E-2 1.10486E-2 6.83129E-3 5.69005E-3 1.04023E-2
2.77953E-3 3.06354E-3 2.27359E-3 1.70172E-3 2.23365E-3 1.55383E-3 9.14779E-4 8.64906E-4 1.21199E-3 1.08083E-3 1.61211E-3 1.01795E-3 9.27285E-4 8.71306E-4 1.30378E-3 1.40834E-3 1.29802E-3 1.86564E-3 1.79025E-3 1.71156E-3 1.53912E-3 1.60611E-3 2.04156E-3 1.90743E-3 2.04062E-3 2.42774E-3 2.8241E-3 2.82903E-3 4.73665E-3 4.73291E-3 8.60855E-3 9.05775E-3 1.08937E-2 8.84934E-3 7.81624E-3 5.02694E-3 6.36553E-3 6.56959E-3 1.21457E-2 1.31187E-2 8.6312E-3 6.59116E-3 5.22634E-3 6.36966E-3 7.40866E-3 7.82618E-3 6.14097E-3 6.61848E-3 9.31879E-3 7.48441E-3 1.00261E-2 8.29612E-3 9.32043E-3 9.02871E-3 5.63998E-3 6.73867E-3 7.38567E-3 8.97718E-3 1.22204E-2 1.66677E-2 1.44329E-2 1.17308E-2 6.5474E-3 7.57059E-3 6.0077E-3 7.55772E-3
4.08385E-3 2.8197E-3 3.22801E-3 2.92696E-3 4.2251E-3 2.3717E-3 1.30553E-3 1.2281E-3 1.07212E-3 1.4136E-3 1.54642E-3 1.48613E-3 9.51115E-4 1.22672E-3 1.2185E-3 1.2392E-3 1.30002E-3 1.91641E-3 1.85207E-3 1.25606E-3 1.65427E-3 1.71606E-3 1.5004E-3 1.54819E-3 2.2723E-3 2.80764E-3 3.24788E-3 3.66319E-3 4.49244E-3 5.16666E-3 9.39803E-3 1.0258E-2 8.30696E-3 9.37144E-3 1.06994E-2 9.18425E-3 6.36996E-3 4.57318E-3 4.65145E-3 8.53866E-3 9.90881E-3 1.11404E-2 8.68348E-3 5.79023E-3 7.04909E-3 7.7111E-3 9.132E-3 6.61067E-3 6.52873E-3 8.31675E-3 7.37338E-3 7.30258E-3 1.07779E-2 1.02404E-2 8.06304E-3 6.55229E-3 7.09358E-3 1.36519E-2 1.35046E-2 1.62579E-2 1.45038E-2 8.11495E-3 1.11205E-2 8.06365E-3 5.55847E-3 7.34832E-3
3.03361E-3 2.15491E-3 2.00076E-3 1.87077E-3 2.58917E-3 3.53298E-3 1.92811E-3 1.81557E-3 1.66469E-3 1.6743E-3 1.53376E-3 1.56413E-3 1.47313E-3 1.30445E-3 1.27646E-3 1.3764E-3 1.38361E-3 1.31504E-3 1.33912E-3 1.30258E-3 1.865E-3 1.84483E-3 1.81125E-3 2.38365E-3 2.53177E-3 2.98515E-3 3.50646E-3 4.16756E-3 5.22599E-3 5.38089E-3 6.7894E-3 7.00347E-3 1.10815E-2 1.02101E-2 1.08579E-2 1.06888E-2 6.42447E-3 4.47091E-3 5.44865E-3 5.83299E-3 9.92677E-3 1.16093E-2 9.12218E-3 9.2756E-3 1.04281E-2 6.95626E-3 8.60659E-3 5.72033E-3 9.15798E-3 6.86954E-3 9.97888E-3 7.81722E-3 1.0931E-2 1.27534E-2 6.81941E-3 5.14218E-3 5.97346E-3 1.54055E-2 1.37977E-2 1.47177E-2 8.32649E-3 8.58218E-3 9.10415E-3 5.96785E-3 5.90462E-3 5.61742E-3
1.68081E-3 2.55872E-3 2.69485E-3 2.61846E-3 2.47339E-3 2.27281E-3 2.2999E-3 2.13108E-3 1.77883E-3 1.59248E-3 1.56635E-3 2.03901E-3 1.47966E-3 1.42407E-3 2.03227E-3 1.4392E-3 1.40032E-3 1.3403E-3 1.34999E-3 1.32616E-3 1.98958E-3 1.81774E-3 2.06861E-3 2.08017E-3 2.90292E-3 3.6533E-3 4.55146E-3 4.78236E-3 5.48804E-3 5.45881E-3 6.3427E-3 9.29657E-3 1.11929E-2 1.09159E-2 1.13841E-2 1.1457E-2 6.22631E-3 4.93767E-3 5.92396E-3 6.85059E-3 7.19365E-3 6.66634E-3 7.46986E-3 8.23507E-3 6.26276E-3 6.30587E-3 6.34553E-3 6.58468E-3 6.71941E-3 5.78227E-3 7.97557E-3 1.07161E-2 1.24327E-2 1.08652E-2 8.32665E-3 6.26426E-3 7.49367E-3 1.6531E-2 1.28488E-2 1.20399E-2 7.8478E-3 8.35599E-3 7.98621E-3 6.08476E-3 6.05192E-3 4.8057E-3
2.40339E-3 2.37562E-3 2.26291E-3 2.31825E-3 2.08917E-3 2.11235E-3 2.88333E-3 2.77648E-3 2.26177E-3 2.321E-3 1.61493E-3 2.09226E-3 2.11803E-3 2.00275E-3 2.0251E-3 2.07213E-3 1.38695E-3 1.3373E-3 1.42436E-3 1.44211E-3 2.0906E-3 2.0148E-3 2.09126E-3 2.51635E-3 4.00574E-3 4.15827E-3 4.6801E-3 5.66326E-3 6.16922E-3 6.37474E-3 7.14436E-3 1.08063E-2 1.26996E-2 1.16341E-2 1.10609E-2 1.06202E-2 6.16505E-3 4.98381E-3 5.88332E-3 7.02814E-3 7.25608E-3 6.86203E-3 8.1387E-3 8.964E-3 7.49638E-3 5.57533E-3 5.76446E-3 9.66908E-3 6.10045E-3 5.23094E-3 7.04751E-3 9.73058E-3 1.08104E-2 9.39385E-3 1.22079E-2 6.45202E-3 1.13115E-2 1.97633E-2 1.53336E-2 1.41735E-2 7.17481E-3 7.02687E-3 5.56071E-3 4.55914E-3 4.89783E-3 3.09234E-3
2.13304E-3 2.05084E-3 1.91088E-3 1.8137E-3 2.1782E-3 2.84824E-3 2.72011E-3 2.53945E-3 2.22518E-3 2.05236E-3 2.05811E-3 2.29129E-3 2.49542E-3 2.43705E-3 2.47385E-3 1.54739E-3 1.36574E-3 1.34373E-3 1.4082E-3 1.50572E-3 2.07953E-3 2.31893E-3 2.54471E-3 3.00813E-3 2.84849E-3 4.77729E-3 4.65309E-3 5.57159E-3 7.29752E-3 7.04313E-3 7.76794E-3 8.30895E-3 9.35252E-3 1.06398E-2 9.96557E-3 9.28352E-3 5.74235E-3 4.6907E-3 4.60432E-3 6.28764E-3 7.09059E-3 7.25361E-3 5.49952E-3 8.8786E-3 4.73787E-3 5.10861E-3 8.63833E-3 9.29621E-3 8.52858E-3 5.08226E-3 7.58089E-3 8.35405E-3 8.01625E-3 1.00072E-2 6.76874E-3 6.98382E-3 1.10474E-2 1.43801E-2 1.312E-2 9.51304E-3 6.41247E-3 6.66516E-3 5.21788E-3 8.07155E-3 3.54608E-3 4.87101E-3
3.26692E-3 1.76757E-3 2.37272E-3 3.14188E-3 2.78541E-3 2.69473E-3 3.66336E-3 3.78627E-3 4.00331E-3 3.46745E-3 2.62998E-3 2.7013E-3 2.36823E-3 2.20042E-3 1.62093E-3 1.69064E-3 1.6264E-3 1.50431E-3 1.47053E-3 1.58946E-3 1.54023E-3 2.39636E-3 2.922E-3 3.215E-3 3.46919E-3 5.43942E-3 5.78675E-3 6.40515E-3 7.92788E-3 7.84249E-3 8.42025E-3 1.23052E-2 9.12967E-3 9.68739E-3 8.90817E-3 5.90774E-3 6.32693E-3 6.73804E-3 4.10467E-3 5.04997E-3 6.25135E-3 6.51675E-3 7.69737E-3 7.30608E-3 6.47504E-3 7.13752E-3 8.17265E-3 7.92078E-3 5.0519E-3 7.12034E-3 6.86042E-3 5.66051E-3 5.74037E-3 7.70946E-3 7.03777E-3 1.07417E-2 9.55014E-3 1.05177E-2 9.97996E-3 6.08048E-3 8.83278E-3 6.46951E-3 7.00232E-3 7.05578E-3 4.57521E-3 8.71542E-3
2.91974E-3 3.13099E-3 3.81645E-3 4.29893E-3 4.53147E-3 3.17812E-3 3.89856E-3 4.09931E-3 4.13231E-3 3.98984E-3 3.9791E-3 2.54358E-3 2.30101E-3 2.19044E-3 1.49328E-3 1.68698E-3 1.73667E-3 1.74535E-3 1.78716E-3 1.72159E-3 1.56569E-3 2.73648E-3 3.08323E-3 3.28694E-3 4.24106E-3 4.35997E-3 6.49368E-3 5.28679E-3 4.81639E-3 6.71158E-3 1.01365E-2 9.80405E-3 7.07752E-3 8.8339E-3 1.19754E-2 6.2862E-3 5.21328E-3 5.46144E-3 3.71985E-3 4.24741E-3 5.88316E-3 6.20891E-3 7.4755E-3 6.68346E-3 9.02053E-3 9.40712E-3 1.00304E-2 7.89775E-3 7.09983E-3 4.96345E-3 6.38155E-3 1.23122E-2 9.94105E-3 7.20851E-3 9.79093E-3 1.13587E-2 8.42162E-3 8.49871E-3 7.72479E-3 8.47186E-3 8.86753E-3 6.40318E-3 9.76282E-3 9.07554E-3 7.75564E-3 7.18476E-3
2.59545E-3 3.59952E-3 2.35231E-3 2.11213E-3 3.53229E-3 4.01075E-3 3.43066E-3 3.48238E-3 3.8619E-3 3.88898E-3 3.76478E-3 3.70919E-3 2.26678E-3 2.2451E-3 1.60449E-3 1.67325E-3 1.77922E-3 1.88233E-3 2.01745E-3 2.04967E-3 2.64684E-3 3.11021E-3 3.38778E-3 3.72005E-3 4.10996E-3 4.62631E-3 4.26626E-3 4.13538E-3 7.44196E-3 6.96347E-3 6.762E-3 6.94142E-3 6.28418E-3 1.11233E-2 1.08656E-2 7.44166E-3 4.6654E-3 4.52521E-3 4.97184E-3 4.06611E-3 5.46411E-3 5.39269E-3 6.05722E-3 8.71644E-3 9.32435E-3 1.45813E-2 1.46642E-2 7.15821E-3 7.05778E-3 7.21688E-3 8.66087E-3 1.5463E-2 1.58132E-2 1.02341E-2 9.39726E-3 9.47462E-3 6.07965E-3 6.66501E-3 7.18264E-3 7.94325E-3 7.85529E-3 8.087E-3 7.85434E-3 1.16791E-2 8.53159E-3 5.72262E-3
2.27271E-3 2.12725E-3 2.01114E-3 2.05666E-3 2.1374E-3 3.3583E-3 1.99111E-3 2.96666E-3 3.74868E-3 3.60802E-3 3.45818E-3 3.45737E-3 2.32064E-3 2.50996E-3 2.53529E-3 1.68825E-3 1.81778E-3 1.86975E-3 2.03855E-3 2.26613E-3 3.23461E-3 2.40492E-3 3.16768E-3 4.44623E-3 4.40711E-3 6.0483E-3 3.56831E-3 4.09597E-3 7.4741E-3 7.60925E-3 6.22814E-3 7.97498E-3 8.11398E-3 1.13203E-2 8.12605E-3 6.26478E-3 4.57106E-3 3.96173E-3 5.27183E-3 3.79392E-3 6.62032E-3 7.02059E-3 7.06601E-3 7.86858E-3 7.93019E-3 1.36171E-2 9.41065E-3 6.32655E-3 8.59039E-3 6.53884E-3 8.31612E-3 1.43813E-2 1.39594E-2 9.58088E-3 8.66251E-3 8.72971E-3 6.96043E-3 7.45459E-3 7.96135E-3 6.83244E-3 9.28878E-3 9.07519E-3 7.66584E-3 1.04411E-2 8.21154E-3 5.7502E-3
3.26353E-3 2.14764E-3 2.12157E-3 2.12631E-3 1.87199E-3 3.49223E-3 2.27436E-3 1.93308E-3 3.03586E-3 2.9766E-3 2.78684E-3 2.85353E-3 2.48765E-3 2.59464E-3 1.98119E-3 1.8086E-3 1.81025E-3 1.9225E-3 2.26539E-3 3.46638E-3 2.58585E-3 3.85947E-3 6.18306E-3 4.05267E-3 4.00163E-3 3.58751E-3 3.54031E-3 5.65648E-3 6.84235E-3 5.74898E-3 5.81241E-3 4.9483E-3 6.28074E-3 6.57985E-3 7.7953E-3 5.61499E-3 5.22983E-3 3.50487E-3 4.38541E-3 4.09949E-3 6.46182E-3 8.43027E-3 9.97369E-3 9.73739E-3 1.0885E-2 1.30191E-2 9.00843E-3 8.33728E-3 1.26752E-2 1.29676E-2 7.88728E-3 1.62865E-2 1.23642E-2 9.91761E-3 1.00256E-2 7.54721E-3 6.09455E-3 6.77699E-3 7.37422E-3 8.3487E-3 8.19449E-3 7.69774E-3 8.26007E-3 6.10388E-3 2.83448E-3 3.2101E-3
3.19334E-3 3.3879E-3 2.17039E-3 2.13511E-3 1.90151E-3 2.73589E-3 3.20728E-3 2.0276E-3 2.07292E-3 2.11502E-3 2.13833E-3 2.66083E-3 2.96454E-3 3.05971E-3 2.78139E-3 1.96769E-3 1.83223E-3 2.08482E-3 2.42935E-3 3.61154E-3 3.73557E-3 3.91106E-3 4.35351E-3 4.20841E-3 3.67195E-3 3.50902E-3 3.62573E-3 3.76285E-3 5.3036E-3 4.59897E-3 5.61979E-3 4.60473E-3 5.97383E-3 5.24774E-3 4.9825E-3 6.01302E-3 4.08719E-3 4.19495E-3 4.51163E-3 7.96026E-3 5.70817E-3 7.23774E-3 8.63909E-3 8.65606E-3 9.84845E-3 6.93552E-3 5.00918E-3 8.52068E-3 1.20374E-2 1.14943E-2 7.8132E-3 9.64401E-3 7.46867E-3 8.79902E-3 1.1134E-2 7.69541E-3 6.43526E-3 6.48009E-3 6.71754E-3 7.96976E-3 8.49405E-3 6.75117E-3 3.55692E-3 3.69163E-3 2.27886E-3 2.04905E-3
3.02118E-3 3.15752E-3 2.13826E-3 2.14647E-3 1.9012E-3 1.78718E-3 2.75605E-3 2.02573E-3 2.21972E-3 2.27684E-3 2.06929E-3 2.01351E-3 2.90871E-3 2.97902E-3 2.11565E-3 2.39283E-3 1.79182E-3 1.93417E-3 2.46134E-3 2.60753E-3 3.07914E-3 4.18122E-3 3.5898E-3 3.47198E-3 2.40005E-3 2.95934E-3 3.29033E-3 3.53607E-3 3.71802E-3 4.51272E-3 4.44634E-3 4.85327E-3 4.73547E-3 6.29512E-3 6.35157E-3 5.77303E-3 5.6278E-3 5.07504E-3 5.42526E-3 7.04038E-3 6.1727E-3 6.13738E-3 1.02063E-2 7.51161E-3 5.90878E-3 5.67767E-3 5.14791E-3 1.12218E-2 1.22377E-2 1.08507E-2 8.87976E-3 8.91564E-3 8.65631E-3 9.34806E-3 1.0006E-2 1.01522E-2 7.78799E-3 8.73545E-3 7.76378E-3 6.91892E-3 6.54281E-3 4.94503E-3 3.35074E-3 3.07468E-3 3.45896E-3 1.27946E-3
2.88047E-3 2.79545E-3 3.04777E-3 1.8954E-3 1.78689E-3 1.83772E-3 1.94005E-3 2.02857E-3 1.98724E-3 2.16195E-3 2.24566E-3 2.12837E-3 2.38831E-3 2.51505E-3 2.53551E-3 2.683E-3 1.92548E-3 1.6426E-3 2.60609E-3 2.75652E-3 2.60776E-3 2.95261E-3 2.65119E-3 1.96465E-3 2.99015E-3 2.83903E-3 3.12003E-3 3.2699E-3 3.02231E-3 2.97477E-3 3.55499E-3 3.25405E-3 4.81426E-3 6.42784E-3 5.32501E-3 5.9475E-3 4.62762E-3 3.99727E-3 4.78846E-3 5.58488E-3 4.72417E-3 6.98339E-3 7.32817E-3 6.88872E-3 8.51062E-3 4.79785E-3 4.7386E-3 1.01929E-2 1.11657E-2 1.14782E-2 9.07723E-3 8.22954E-3 8.42673E-3 8.92782E-3 1.15314E-2 1.03876E-2 9.47009E-3 8.07134E-3 6.11865E-3 6.69251E-3 6.97087E-3 5.3975E-3 5.24977E-3 2.93149E-3 1.82001E-3 1.03693E-3
2.66221E-3 2.67653E-3 2.95578E-3 2.80516E-3 2.89004E-3 1.84902E-3 1.84382E-3 1.97924E-3 2.13839E-3 2.00117E-3 2.11972E-3 2.25077E-3 2.46335E-3 2.40698E-3 2.54138E-3 1.8045E-3 1.86294E-3 1.67611E-3 1.93433E-3 2.23407E-3 2.36907E-3 2.40716E-3 2.77952E-3 2.59654E-3 4.29609E-3 6.50012E-3 3.56699E-3 3.62839E-3 5.73463E-3 5.07962E-3 5.51754E-3 5.42248E-3 7.24135E-3 6.4923E-3 5.26652E-3 5.69744E-3 6.05111E-3 4.81946E-3 4.41407E-3 5.49476E-3 6.15398E-3 7.3532E-3 6.6842E-3 6.91716E-3 7.50206E-3 4.95775E-3 4.93525E-3 6.26274E-3 9.6657E-3 7.65724E-3 8.62122E-3 8.39532E-3 8.81844E-3 6.29897E-3 1.0431E-2 9.85255E-3 9.21285E-3 7.14417E-3 7.07773E-3 5.38704E-3 5.81305E-3 6.66795E-3 5.92691E-3 4.94948E-3 3.19815E-3 8.84009E-4
2.40417E-3 2.66939E-3 2.72427E-3 2.78354E-3 1.61379E-3 1.65336E-3 1.68664E-3 1.67536E-3 1.79735E-3 1.96011E-3 2.10877E-3 2.17035E-3 2.11997E-3 2.45735E-3 1.60108E-3 2.03655E-3 1.65862E-3 1.83797E-3 1.9753E-3 2.34269E-3 2.37077E-3 2.75015E-3 2.60218E-3 4.18079E-3 4.63511E-3 4.46822E-3 4.12088E-3 3.46002E-3 3.22221E-3 4.95672E-3 6.45999E-3 7.31343E-3 7.37607E-3 6.71539E-3 5.13537E-3 5.55653E-3 7.18727E-3 5.55062E-3 5.02794E-3 5.93414E-3 6.13638E-3 5.15638E-3 7.31209E-3 7.85196E-3 7.27278E-3 6.26382E-3 5.32811E-3 5.40899E-3 7.00436E-3 7.72467E-3 8.41799E-3 8.25798E-3 7.65354E-3 7.00325E-3 9.90704E-3 1.00097E-2 7.42084E-3 6.19488E-3 7.05919E-3 6.43061E-3 6.50271E-3 6.72796E-3 5.5828E-3 5.00189E-3 1.94915E-3 1.05288E-3
1.46525E-3 1.78895E-3 1.44139E-3 1.51958E-3 1.6236E-3 1.63422E-3 1.66143E-3 2.49818E-3 1.89688E-3 1.85484E-3 2.12583E-3 2.20134E-3 1.56705E-3 2.25716E-3 2.30546E-3 1.94021E-3 1.93322E-3 1.99651E-3 2.08578E-3 2.27256E-3 2.61558E-3 2.56184E-3 3.9126E-3 4.40843E-3 4.52257E-3 4.01688E-3 3.86336E-3 4.86249E-3 5.10843E-3 4.47644E-3 6.72986E-3 7.46065E-3 7.84139E-3 7.92434E-3 6.83794E-3 6.8088E-3 5.61152E-3 5.89711E-3 5.5922E-3 6.09186E-3 7.44604E-3 6.74961E-3 6.96212E-3 5.47211E-3 4.86478E-3 5.96416E-3 5.18756E-3 5.50399E-3 7.07729E-3 7.8674E-3 8.03793E-3 1.20319E-2 7.78356E-3 7.67701E-3 9.321E-3 1.00278E-2 5.38048E-3 5.70439E-3 5.19876E-3 6.48513E-3 5.67284E-3 5.52053E-3 5.21867E-3 2.3008E-3 8.95497E-4 7.67001E-4
1.21486E-3 1.37507E-3 1.46781E-3 1.46314E-3 1.53178E-3 1.58994E-3 1.69672E-3 1.66017E-3 1.85522E-3 1.97213E-3 2.32565E-3 1.59304E-3 2.26761E-3 2.17285E-3 1.57437E-3 1.656E-3 1.93816E-3 1.83381E-3 2.26311E-3 2.49633E-3 2.40858E-3 3.70479E-3 3.27131E-3 4.15122E-3 4.20279E-3 3.87048E-3 3.52655E-3 3.08874E-3 4.76015E-3 4.14937E-3 3.93015E-3 5.13669E-3 5.29383E-3 4.90175E-3 5.17639E-3 6.3891E-3 5.53887E-3 5.75387E-3 6.27561E-3 5.97696E-3 7.1932E-3 6.20328E-3 6.78025E-3 5.86595E-3 5.12747E-3 5.99814E-3 6.34961E-3 6.71744E-3 7.45398E-3 8.2942E-3 1.12123E-2 9.93984E-3 1.10929E-2 7.7912E-3 1.00308E-2 1.00578E-2 8.50501E-3 5.32802E-3 5.36222E-3 5.73233E-3 4.65456E-3 2.85271E-3 3.44904E-3 2.03591E-3 8.25978E-4 7.66678E-4
1.19448E-3 1.26994E-3 1.32514E-3 1.38575E-3 1.54068E-3 1.60449E-3 2.33529E-3 2.37766E-3 1.85369E-3 2.13373E-3 2.48924E-3 1.76971E-3 1.5436E-3 1.48794E-3 1.75134E-3 1.95793E-3 2.09295E-3 1.98016E-3 2.89489E-3 3.24617E-3 2.25616E-3 2.4653E-3 2.30965E-3 3.65844E-3 3.05314E-3 2.98749E-3 3.05715E-3 2.56745E-3 3.64248E-3 4.87134E-3 4.93228E-3 5.48298E-3 5.18188E-3 5.04807E-3 5.27273E-3 5.10962E-3 5.7746E-3 6.93087E-3 6.24613E-3 7.0215E-3 7.57162E-3 7.65185E-3 7.01611E-3 5.84532E-3 5.63757E-3 6.35467E-3 7.02898E-3 7.81417E-3 7.70685E-3 8.60338E-3 1.17575E-2 9.65901E-3 9.18332E-3 6.19748E-3 8.67589E-3 8.35648E-3 1.07273E-2 5.95848E-3 5.42392E-3 4.76782E-3 3.89518E-3 3.84814E-3 2.24703E-3 9.31505E-4 8.53585E-4 1.10339E-3
1.15699E-3 1.2424E-3 1.14341E-3 8.26515E-4 1.42262E-3 1.55881E-3 1.41062E-3 2.30568E-3 1.83131E-3 2.04281E-3 2.49282E-3 1.72778E-3 1.63172E-3 2.14657E-3 2.5965E-3 2.88476E-3 2.01409E-3 2.00098E-3 2.89851E-3 3.04082E-3 2.9672E-3 1.9627E-3 2.16427E-3 2.11382E-3 1.88168E-3 2.58289E-3 2.29716E-3 3.06025E-3 3.072E-3 3.40122E-3 3.50154E-3 4.66533E-3 4.79394E-3 5.2816E-3 4.95702E-3 5.66964E-3 5.78396E-3 6.35057E-3 6.63475E-3 6.9774E-3 8.6369E-3 7.20759E-3 7.30174E-3 7.46385E-3 6.15902E-3 6.97431E-3 6.58198E-3 7.71E-3 8.45656E-3 1.22715E-2 1.14154E-2 9.23115E-3 7.48245E-3 8.12812E-3 7.73357E-3 8.37627E-3 9.48275E-3 6.99933E-3 5.09647E-3 4.38364E-3 5.96438E-3 5.2957E-3 1.34888E-3 8.40694E-4 1.86389E-3 1.87197E-3
1.01872E-3 9.45456E-4 7.01001E-4 8.03209E-4 8.80757E-4 1.5578E-3 1.5723E-3 2.38834E-3 1.87164E-3 2.09428E-3 2.30681E-3 1.59774E-3 1.76326E-3 1.70661E-3 2.51841E-3 2.65017E-3 2.72923E-3 1.74744E-3 1.83398E-3 1.9774E-3 2.02517E-3 1.95187E-3 1.78927E-3 1.721E-3 2.23523E-3 2.23951E-3 2.02957E-3 2.60948E-3 2.27837E-3 2.01353E-3 2.58278E-3 3.43877E-3 3.94326E-3 4.01574E-3 4.46445E-3 4.99719E-3 4.89195E-3 5.05906E-3 6.67174E-3 6.96966E-3 7.08284E-3 7.27881E-3 7.58441E-3 6.20023E-3 6.97037E-3 6.4072E-3 7.1365E-3 7.1274E-3 7.87197E-3 1.11425E-2 1.04625E-2 7.6176E-3 8.79853E-3 7.18853E-3 7.41558E-3 7.05813E-3 8.19855E-3 5.15076E-3 5.72114E-3 5.3975E-3 5.24745E-3 2.63645E-3 1.42795E-3 1.29305E-3 3.00932E-3 2.92883E-3
6.11203E-4 6.25352E-4 7.28045E-4 8.02394E-4 8.28353E-4 9.37626E-4 1.51025E-3 1.71873E-3 1.86279E-3 1.83423E-3 1.38169E-3 1.366E-3 2.09119E-3 2.14904E-3 2.39809E-3 1.70373E-3 1.63482E-3 1.768E-3 1.86049E-3 1.93337E-3 2.02755E-3 1.973E-3 1.7228E-3 1.64009E-3 2.09754E-3 1.58064E-3 2.07466E-3 1.81676E-3 1.52773E-3 1.8749E-3 1.4456E-3 2.17147E-3 3.32341E-3 3.30303E-3 4.56016E-3 4.64151E-3 5.12454E-3 5.84215E-3 5.70296E-3 7.45872E-3 6.7302E-3 8.29286E-3 7.93995E-3 9.44108E-3 6.85569E-3 6.57077E-3 1.00033E-2 9.98243E-3 1.02571E-2 9.12284E-3 9.37752E-3 7.36059E-3 7.94817E-3 5.23877E-3 5.96765E-3 6.99212E-3 6.33788E-3 4.25046E-3 4.87773E-3 4.00111E-3 4.90087E-3 3.11438E-3 1.48219E-3 1.50752E-3 3.21853E-3 4.31528E-3
5.3277E-4 8.66576E-4 7.06078E-4 6.99706E-4 7.49282E-4 9.22396E-4 9.59452E-4 1.64991E-3 1.60625E-3 1.70251E-3 1.80897E-3 1.13539E-3 1.65538E-3 1.70966E-3 1.95722E-3 2.26172E-3 2.02933E-3 1.58232E-3 1.22902E-3 1.4337E-3 1.5481E-3 1.50989E-3 1.82014E-3 1.73819E-3 1.46114E-3 1.78291E-3 1.52043E-3 1.39245E-3 1.62331E-3 1.48058E-3 1.9746E-3 1.92488E-3 1.81173E-3 2.30355E-3 3.54371E-3 4.20843E-3 5.66172E-3 6.01507E-3 6.48922E-3 6.99492E-3 6.76035E-3 6.63656E-3 9.35056E-3 9.75739E-3 5.82566E-3 8.44023E-3 7.5537E-3 9.03415E-3 9.63655E-3 9.28027E-3 8.91142E-3 6.45368E-3 5.27411E-3 4.96615E-3 4.55707E-3 6.02399E-3 5.09462E-3 4.77586E-3 4.71446E-3 5.75735E-3 5.50989E-3 2.884E-3 1.88434E-3 2.54651E-3 4.33968E-3 6.02998E-3
4.72519E-4 7.05955E-4 6.0033E-4 6.70457E-4 6.84234E-4 7.58712E-4 8.33116E-4 9.58241E-4 1.01739E-3 1.09758E-3 1.10676E-3 1.07152E-3 1.56149E-3 1.48173E-3 2.1568E-3 2.06283E-3 2.04168E-3 1.42474E-3 1.48471E-3 1.67556E-3 1.7952E-3 1.85473E-3 2.22945E-3 1.88538E-3 1.80654E-3 1.52718E-3 1.23459E-3 1.52882E-3 1.44093E-3 1.21598E-3 1.21936E-3 2.0515E-3 2.00216E-3 2.29836E-3 2.37748E-3 4.01898E-3 5.05511E-3 5.61165E-3 5.99308E-3 6.69875E-3 7.13161E-3 7.37168E-3 8.87235E-3 8.969E-3 7.84265E-3 6.81591E-3 9.7043E-3 9.851E-3 8.27108E-3 7.63126E-3 8.49027E-3 7.44266E-3 5.11446E-3 5.98964E-3 7.32076E-3 7.43008E-3 5.65134E-3 5.43525E-3 4.73234E-3 3.82618E-3 4.32201E-3 2.16329E-3 1.95727E-3 3.02637E-3 5.9245E-3 5.74645E-3
4.75144E-4 5.01407E-4 5.52349E-4 6.32234E-4 6.38887E-4 7.44721E-4 8.28209E-4 8.28025E-4 8.91872E-4 8.83357E-4 8.73028E-4 9.60202E-4 1.01303E-3 2.0694E-3 2.18102E-3 1.89924E-3 1.72534E-3 2.02088E-3 1.45293E-3 1.69759E-3 1.75869E-3 1.88846E-3 1.9402E-3 1.50366E-3 1.28174E-3 1.44519E-3 1.3143E-3 1.29068E-3 1.87293E-3 1.80203E-3 1.74366E-3 1.8246E-3 2.52096E-3 2.09023E-3 2.23172E-3 2.50228E-3 2.84429E-3 4.51444E-3 6.34528E-3 6.96187E-3 6.86924E-3 6.10922E-3 7.27059E-3 7.86179E-3 7.60485E-3 8.07392E-3 8.24824E-3 9.29649E-3 6.98371E-3 6.25415E-3 7.72629E-3 8.8458E-3 6.86294E-3 6.73005E-3 9.20927E-3 7.77734E-3 7.22233E-3 4.67493E-3 3.42043E-3 3.86431E-3 2.76043E-3 2.68368E-3 2.94613E-3 4.28361E-3 6.61292E-3 5.36861E-3
4.37946E-4 4.41747E-4 4.88292E-4 5.84859E-4 5.85679E-4 6.53991E-4 6.86062E-4 7.65379E-4 8.33247E-4 6.60995E-4 1.03632E-3 1.17785E-3 1.13358E-3 1.28202E-3 1.95437E-3 1.7041E-3 1.56093E-3 1.69988E-3 1.8684E-3 1.4736E-3 1.65016E-3 1.68851E-3 1.71219E-3 1.70874E-3 1.30364E-3 2.14814E-3 1.50715E-3 1.46373E-3 1.92029E-3 1.76852E-3 1.90684E-3 2.13283E-3 2.20344E-3 1.5744E-3 2.1918E-3 2.76523E-3 2.50114E-3 3.32837E-3 4.94363E-3 5.08911E-3 6.10016E-3 7.78129E-3 7.24882E-3 6.34443E-3 8.18105E-3 7.19224E-3 9.27611E-3 8.33119E-3 6.62127E-3 7.61012E-3 6.94701E-3 7.35909E-3 7.65302E-3 6.88583E-3 6.83762E-3 8.17915E-3 8.13606E-3 4.74335E-3 3.34022E-3 3.53746E-3 2.67962E-3 2.65512E-3 4.0735E-3 5.47948E-3 6.30515E-3 5.75815E-3
4.2269E-4 4.37561E-4 4.7339E-4 5.33449E-4 5.29573E-4 6.92989E-4 6.44336E-4 6.45567E-4 5.79795E-4 7.29601E-4 9.91201E-4 7.4478E-4 8.91146E-4 1.06593E-3 1.48128E-3 1.48784E-3 1.5538E-3 1.60199E-3 1.70535E-3 2.04514E-3 2.19175E-3 1.53495E-3 1.60948E-3 1.76966E-3 1.70839E-3 2.31373E-3 2.12435E-3 2.09186E-3 1.92821E-3 2.38569E-3 1.98635E-3 1.972E-3 1.78208E-3 1.34205E-3 1.83533E-3 2.72258E-3 3.06461E-3 4.03654E-3 4.00933E-3 5.10034E-3 5.09453E-3 5.11839E-3 6.38797E-3 6.32865E-3 6.74143E-3 7.63108E-3 8.77923E-3 7.05844E-3 6.85183E-3 8.44289E-3 6.91014E-3 6.91776E-3 7.79205E-3 7.17136E-3 5.87536E-3 6.77127E-3 6.22937E-3 4.89613E-3 4.24629E-3 3.20602E-3 3.03399E-3 3.88739E-3 6.45774E-3 7.6135E-3 7.22865E-3 6.83353E-3
