Leopardus jacobita/Leopardus_jacobita_projection 2041-2060_novel.asc
ncols         515
nrows         545
xllcorner     -119.0
yllcorner     -58.333333333333
cellsize      0.166666666667
NODATA_value  -9999
[rows 360 to 389 of 545, columns 340 to 407 of 515]
6.62225E0 6.62225E0 6.62225E0 6.62225E0 6.62225E0 6.62225E0 6.62225E0 6.62225E0 6.62225E0 2.04236E1 2.04236E1 2.04236E1 2.04236E1 2.04236E1 2.04236E1 2.04236E1 2.04236E1 2.04236E1 2.04236E1 2.04236E1 2.04236E1 2.04236E1 2.04236E1 2.04236E1 2.04236E1 2.04236E1 2.04236E1 2.04236E1 2.04236E1 2.04236E1 2.04236E1 2.04236E1 2.04236E1 2.04236E1 2.04236E1 2.85373E1 2.04236E1 2.04236E1 2.45799E1 2.04236E1 2.29094E1 2.19151E1 2.00656E1 1.83554E1 1.68042E1 1.58298E1 1.52729E1 1.51139E1 1.44178E1 1.37417E1 1.25684E1 1.13553E1 1.06791E1 9.70468E0 8.55126E0 8.23307E0 7.5967E0 7.2984E0 6.86089E0 6.68191E0 7.2984E0 8.86944E0 1.17729E1 1.3682E1 1.44775E1 1.45968E1 1.37417E1 1.1057E1
6.62225E0 6.62225E0 6.62225E0 6.62225E0 6.62225E0 6.62225E0 6.62225E0 6.62225E0 6.62225E0 2.04236E1 2.04236E1 2.04236E1 2.04236E1 2.04236E1 2.04236E1 2.04236E1 2.04236E1 2.04236E1 2.04236E1 2.04236E1 2.04236E1 2.04236E1 2.04236E1 2.04236E1 2.04236E1 2.04236E1 2.04236E1 2.04236E1 2.04236E1 2.04236E1 2.04236E1 2.04236E1 2.04236E1 2.04236E1 2.04236E1 2.04236E1 2.04236E1 2.04236E1 2.49776E1 2.33867E1 2.23725E1 2.06026E1 1.86934E1 1.71423E1 1.59093E1 1.48156E1 1.45968E1 1.42388E1 1.3682E1 1.35826E1 1.27473E1 1.16735E1 1.0699E1 9.44616E0 8.11375E0 7.85523E0 7.17908E0 6.48305E0 6.30407E0 6.42339E0 6.68191E0 7.85523E0 9.70468E0 1.16735E1 1.23297E1 1.19519E1 1.1236E1 9.30695E0
6.62225E0 6.62225E0 6.62225E0 6.62225E0 6.62225E0 6.62225E0 6.62225E0 6.62225E0 2.04236E1 2.04236E1 2.04236E1 2.04236E1 2.04236E1 2.04236E1 2.04236E1 2.04236E1 2.04236E1 2.04236E1 2.04236E1 2.04236E1 2.04236E1 2.04236E1 2.04236E1 2.04236E1 2.04236E1 2.04236E1 2.04236E1 2.04236E1 2.04236E1 2.04236E1 2.04236E1 2.04236E1 2.04236E1 2.04236E1 2.04236E1 2.04236E1 2.04236E1 2.04236E1 2.51765E1 2.04236E1 2.21338E1 1.95685E1 1.71423E1 1.56309E1 1.45968E1 1.37814E1 1.33042E1 1.32047E1 1.30456E1 1.29661E1 1.26081E1 1.19121E1 1.1057E1 9.70468E0 8.11375E0 7.41772E0 6.68191E0 5.88645E0 5.88645E0 6.00577E0 6.26429E0 7.2984E0 8.11375E0 9.18763E0 9.70468E0 9.30695E0 8.55126E0 7.99443E0
6.62225E0 6.62225E0 6.62225E0 6.62225E0 6.62225E0 6.62225E0 2.04236E1 2.04236E1 2.04236E1 2.04236E1 2.04236E1 2.04236E1 2.04236E1 2.04236E1 2.04236E1 2.04236E1 2.04236E1 2.04236E1 2.04236E1 2.04236E1 2.04236E1 2.04236E1 2.04236E1 2.04236E1 2.04236E1 2.04236E1 2.04236E1 2.04236E1 2.04236E1 2.04236E1 2.04236E1 2.04236E1 2.04236E1 2.04236E1 2.04236E1 2.04236E1 2.04236E1 2.04236E1 2.04236E1 2.04236E1 2.04236E1 1.80173E1 1.58298E1 1.43383E1 1.30258E1 1.26678E1 1.26678E1 1.26081E1 1.2449E1 1.25684E1 1.24292E1 1.2111E1 1.15343E1 9.70468E0 8.05409E0 7.03987E0 6.26429E0 5.36939E0 5.23019E0 5.60803E0 6.12509E0 6.42339E0 6.86089E0 7.5967E0 7.99443E0 7.85523E0 7.2984E0 6.68191E0
6.62225E0 6.62225E0 6.62225E0 6.62225E0 6.62225E0 6.62225E0 2.04236E1 2.04236E1 2.04236E1 2.04236E1 2.04236E1 2.04236E1 2.04236E1 2.04236E1 2.04236E1 2.04236E1 2.04236E1 2.04236E1 2.04236E1 2.04236E1 2.04236E1 2.04236E1 2.04236E1 2.04236E1 2.04236E1 2.04236E1 2.04236E1 2.04236E1 2.04236E1 2.04236E1 2.04236E1 2.04236E1 2.04236E1 2.04236E1 2.04236E1 2.04236E1 2.04236E1 2.04236E1 2.04236E1 2.04236E1 1.87929E1 1.65457E1 1.45371E1 1.26479E1 1.18326E1 1.1753E1 1.1932E1 1.21706E1 1.23496E1 1.25684E1 1.26479E1 1.27473E1 1.25087E1 1.0699E1 8.55126E0 7.2984E0 5.88645E0 4.93189E0 4.51427E0 4.93189E0 5.36939E0 5.76713E0 6.48305E0 6.86089E0 7.17908E0 6.86089E0 6.42339E0 5.76713E0
6.62225E0 6.62225E0 6.62225E0 6.62225E0 2.04236E1 2.04236E1 2.04236E1 2.04236E1 2.04236E1 2.04236E1 2.04236E1 2.04236E1 2.04236E1 2.88555E1 2.83981E1 2.76226E1 2.04236E1 2.04236E1 2.04236E1 2.12389E1 2.04236E1 2.04236E1 2.04236E1 2.04236E1 2.04236E1 2.04236E1 2.04236E1 2.04236E1 2.04236E1 2.04236E1 2.04236E1 2.04236E1 2.04236E1 2.04236E1 2.04236E1 2.04236E1 2.04236E1 2.04236E1 2.04236E1 2.04236E1 1.82361E1 1.56906E1 1.33042E1 1.18127E1 1.0878E1 1.09178E1 1.1236E1 1.1753E1 1.2111E1 1.24292E1 1.27473E1 1.28865E1 1.28865E1 1.19519E1 9.30695E0 7.2984E0 5.88645E0 4.7728E0 3.95744E0 3.59948E0 3.59948E0 4.65348E0 5.42905E0 6.26429E0 6.62225E0 6.12509E0 5.76713E0 5.17053E0
6.62225E0 2.04236E1 2.04236E1 2.04236E1 2.04236E1 2.04236E1 2.04236E1 2.04236E1 2.04236E1 2.04236E1 2.04236E1 2.04236E1 2.83981E1 2.83981E1 2.88555E1 2.04236E1 2.04236E1 2.04236E1 2.04236E1 2.4043E1 2.04236E1 2.04236E1 2.04236E1 2.04236E1 2.04236E1 2.04236E1 2.04236E1 2.04236E1 2.04236E1 2.04236E1 2.04236E1 2.04236E1 2.04236E1 2.04236E1 2.04236E1 2.04236E1 2.04236E1 2.04236E1 2.04236E1 2.02446E1 1.74804E1 1.52531E1 1.32246E1 1.16337E1 1.10172E1 1.0699E1 1.07786E1 1.1236E1 1.18127E1 1.23496E1 1.26081E1 1.30456E1 1.34633E1 1.33638E1 9.78423E0 7.85523E0 6.48305E0 5.76713E0 4.33529E0 3.26141E0 2.72447E0 3.38073E0 4.65348E0 6.00577E0 6.26429E0 5.42905E0 5.17053E0 4.65348E0
2.04236E1 2.04236E1 2.04236E1 2.04236E1 2.04236E1 2.04236E1 2.04236E1 2.04236E1 2.04236E1 2.04236E1 2.04236E1 2.04236E1 2.80203E1 2.92334E1 2.92334E1 2.04236E1 2.04236E1 2.04236E1 1.92503E1 2.04236E1 2.04236E1 2.04236E1 2.04236E1 2.04236E1 2.04236E1 2.04236E1 2.04236E1 2.04236E1 2.04236E1 2.04236E1 2.04236E1 2.04236E1 2.04236E1 2.04236E1 2.04236E1 2.04236E1 2.04236E1 2.04236E1 2.04236E1 1.9648E1 1.73213E1 1.51735E1 1.33638E1 1.1236E1 1.0699E1 9.92344E0 9.78423E0 1.06791E1 1.1057E1 1.17729E1 1.26081E1 1.31252E1 1.36621E1 1.17729E1 9.44616E0 8.11375E0 7.85523E0 7.41772E0 5.23019E0 3.50005E0 2.8239E0 3.26141E0 4.43472E0 5.42905E0 6.30407E0 5.17053E0 5.17053E0 4.7728E0
2.04236E1 2.04236E1 2.04236E1 2.04236E1 2.04236E1 2.04236E1 2.04236E1 2.04236E1 2.04236E1 2.04236E1 2.04236E1 2.76226E1 2.88555E1 2.92334E1 2.88555E1 2.04236E1 2.04236E1 1.8952E1 1.8952E1 2.04236E1 2.04236E1 2.04236E1 2.04236E1 2.04236E1 2.04236E1 2.04236E1 2.04236E1 2.04236E1 2.04236E1 2.04236E1 2.04236E1 2.04236E1 2.04236E1 2.04236E1 2.04236E1 2.04236E1 2.04236E1 2.04236E1 2.19151E1 1.91508E1 1.70031E1 1.48553E1 1.25684E1 1.1057E1 1.01422E1 9.44616E0 9.44616E0 9.70468E0 9.70468E0 9.92344E0 1.06791E1 1.1057E1 1.06791E1 9.70468E0 8.73024E0 8.73024E0 8.73024E0 8.73024E0 7.41772E0 5.76713E0 4.43472E0 3.95744E0 4.05688E0 4.21597E0 4.93189E0 4.33529E0 4.7728E0 4.93189E0
2.04236E1 2.04236E1 2.04236E1 2.04236E1 2.04236E1 2.04236E1 2.04236E1 2.04236E1 2.04236E1 2.04236E1 2.67674E1 2.83981E1 2.92334E1 2.92334E1 2.72447E1 2.04236E1 2.04832E1 1.8773E1 1.96082E1 2.04236E1 2.04236E1 2.04236E1 2.04236E1 2.04236E1 2.04236E1 2.04236E1 2.04236E1 2.04236E1 2.04236E1 2.04236E1 2.04236E1 2.04236E1 2.04236E1 2.04236E1 2.04236E1 2.68669E1 2.48782E1 2.25117E1 2.03838E1 1.87929E1 1.63468E1 1.4557E1 1.2449E1 1.0699E1 9.70468E0 9.0882E0 8.73024E0 8.35239E0 8.23307E0 8.23307E0 8.35239E0 8.86944E0 8.35239E0 8.11375E0 8.23307E0 1.01422E1 1.23297E1 1.2449E1 1.5969E1 1.73213E1 1.57502E1 9.18763E0 6.7018E0 4.33529E0 3.38073E0 3.81824E0 5.17053E0 5.42905E0
2.04236E1 2.04236E1 2.04236E1 2.04236E1 2.04236E1 2.04236E1 2.04236E1 2.04236E1 2.04236E1 2.72447E1 2.67674E1 2.80203E1 2.88555E1 2.83981E1 2.04236E1 2.04236E1 1.83156E1 1.83156E1 2.43413E1 2.04236E1 2.04236E1 2.04236E1 2.04236E1 2.04236E1 2.04236E1 2.04236E1 2.04236E1 2.04236E1 2.04236E1 2.04236E1 2.04236E1 2.04236E1 2.04236E1 3.03072E1 2.85373E1 2.68669E1 2.42617E1 2.19747E1 1.96082E1 1.73213E1 1.5611E1 1.37417E1 1.16735E1 9.92344E0 8.73024E0 8.23307E0 7.99443E0 7.55693E0 7.2984E0 7.17908E0 7.03987E0 6.7018E0 6.7018E0 7.03987E0 7.85523E0 1.0699E1 1.50144E1 1.99861E1 2.68669E1 3.15402E1 3.52789E1 2.8239E1 1.69434E1 7.41772E0 3.26141E0 3.50005E0 4.43472E0 4.33529E0
2.04236E1 2.04236E1 2.04236E1 2.04236E1 2.04236E1 3.17391E1 3.07448E1 2.92334E1 2.80203E1 2.72447E1 2.67674E1 2.80203E1 2.88555E1 2.76226E1 2.55742E1 2.01253E1 1.7719E1 1.7719E1 2.04236E1 2.04236E1 2.04236E1 2.04236E1 2.04236E1 2.04236E1 2.04236E1 2.04236E1 2.04236E1 2.04236E1 2.04236E1 2.04236E1 2.04236E1 3.31709E1 2.04236E1 2.76226E1 2.72447E1 2.62504E1 2.31878E1 2.07219E1 1.87332E1 1.63468E1 1.4557E1 1.2449E1 1.0699E1 9.0882E0 7.99443E0 7.5967E0 7.17908E0 6.62225E0 6.26429E0 5.88645E0 5.76713E0 5.60803E0 5.42905E0 6.00577E0 7.5967E0 1.06791E1 1.51735E1 2.48782E1 3.44039E1 4.1404E1 3.99523E1 3.74466E1 2.55543E1 1.37417E1 5.23019E0 4.21597E0 3.69892E0 3.95744E0
2.04236E1 2.04236E1 3.17391E1 3.17391E1 2.04236E1 2.04236E1 2.98697E1 2.83981E1 2.76226E1 2.60515E1 2.76226E1 2.83981E1 2.83981E1 2.64492E1 2.04236E1 1.80372E1 1.68639E1 1.80372E1 2.04236E1 2.04236E1 2.04236E1 2.04236E1 2.04236E1 2.04236E1 2.04236E1 2.04236E1 2.04236E1 2.04236E1 2.04236E1 2.04236E1 2.04236E1 3.12021E1 2.67674E1 3.04663E1 2.76226E1 2.45003E1 2.19747E1 1.96082E1 1.80968E1 1.5969E1 1.4219E1 1.17729E1 9.78423E0 8.35239E0 7.5967E0 6.7018E0 6.12509E0 5.60803E0 5.36939E0 4.7728E0 4.51427E0 4.43472E0 4.21597E0 4.93189E0 6.30407E0 8.73024E0 1.55514E1 2.51367E1 3.38073E1 3.99523E1 3.93954E1 2.60515E1 2.46793E1 1.51735E1 7.5967E0 4.99155E0 3.69892E0 3.95744E0
3.17391E1 3.17391E1 2.57731E1 3.17391E1 3.17391E1 3.07448E1 2.98697E1 2.88555E1 2.72447E1 2.60515E1 2.64492E1 2.76226E1 2.80203E1 2.04236E1 1.92503E1 1.68639E1 1.64264E1 1.80372E1 1.96082E1 2.04236E1 2.04236E1 2.04236E1 2.04236E1 2.04236E1 2.04236E1 2.04236E1 2.04236E1 2.04236E1 2.04236E1 2.04236E1 2.83981E1 2.83981E1 3.34493E1 3.02874E1 2.73243E1 2.34265E1 2.03838E1 1.85145E1 1.67247E1 1.51735E1 1.25684E1 1.01422E1 8.55126E0 7.41772E0 6.62225E0 6.00577E0 5.42905E0 4.99155E0 4.65348E0 4.05688E0 3.59948E0 3.26141E0 3.10232E0 3.69892E0 4.7728E0 6.7018E0 1.07786E1 1.69434E1 2.37049E1 3.0705E1 3.0705E1 2.37248E1 1.7719E1 1.17729E1 6.7018E0 4.7728E0 3.95744E0 4.93189E0
3.17391E1 2.57731E1 3.17391E1 3.17391E1 3.17391E1 3.17391E1 2.92334E1 2.83981E1 2.76226E1 2.67674E1 2.64492E1 2.72447E1 2.04236E1 2.01253E1 1.7719E1 1.62076E1 1.59292E1 1.92503E1 2.01253E1 2.01253E1 2.04236E1 2.04236E1 2.04236E1 2.04236E1 2.04236E1 2.04236E1 2.04236E1 2.04236E1 2.04236E1 2.04236E1 2.88555E1 3.39266E1 3.28527E1 2.99095E1 2.62504E1 2.20543E1 1.90514E1 1.65258E1 1.47758E1 1.33638E1 1.07786E1 8.86944E0 7.41772E0 6.30407E0 5.5086E0 4.99155E0 4.43472E0 3.95744E0 3.69892E0 3.38073E0 2.983E0 2.72447E0 2.50572E0 2.72447E0 3.50005E0 4.99155E0 7.17908E0 1.0699E1 1.51735E1 1.79179E1 1.87332E1 1.57502E1 1.13553E1 7.5967E0 5.60803E0 4.93189E0 5.36939E0 6.30407E0
3.17391E1 3.17391E1 3.17391E1 3.17391E1 3.17391E1 3.17391E1 3.16794E1 2.88555E1 2.67674E1 2.60515E1 2.64492E1 2.67674E1 2.04236E1 1.64264E1 1.64264E1 1.54917E1 1.64264E1 1.92503E1 1.8952E1 1.96082E1 2.04236E1 2.04236E1 2.04236E1 2.04236E1 2.04236E1 2.04236E1 2.04236E1 2.04236E1 2.04236E1 2.76226E1 3.51596E1 3.12021E1 3.27732E1 3.02874E1 2.62504E1 2.14378E1 1.83753E1 1.51735E1 1.28667E1 1.07786E1 8.86944E0 7.41772E0 6.26429E0 5.42905E0 4.65348E0 4.21597E0 3.59948E0 3.38073E0 3.38073E0 3.10232E0 2.56538E0 2.42617E0 2.26708E0 2.34662E0 2.46594E0 3.10232E0 4.21597E0 5.76713E0 7.17908E0 8.11375E0 8.73024E0 7.99443E0 6.68191E0 5.36939E0 4.7728E0 4.99155E0 -9999 7.17908E0
3.31709E1 3.17391E1 3.17391E1 3.17391E1 3.17391E1 3.17391E1 3.17391E1 3.03072E1 2.67674E1 2.53555E1 2.53555E1 2.04236E1 2.04236E1 1.59292E1 1.43383E1 1.47957E1 1.59292E1 1.80372E1 1.96082E1 2.04236E1 2.04236E1 2.04236E1 2.04236E1 2.04236E1 2.04236E1 2.04236E1 2.04236E1 2.04236E1 2.4043E1 2.72447E1 2.76226E1 2.04236E1 2.04236E1 2.04236E1 2.62504E1 2.14378E1 1.754E1 1.44178E1 1.13553E1 9.18763E0 7.85523E0 6.48305E0 5.42905E0 4.51427E0 3.69892E0 2.983E0 2.72447E0 2.72447E0 2.50572E0 2.18753E0 2.06821E0 1.96878E0 2.12787E0 2.06821E0 1.88923E0 2.06821E0 2.26708E0 2.72447E0 3.38073E0 3.69892E0 3.69892E0 3.50005E0 3.26141E0 3.10232E0 3.26141E0 4.43472E0 -9999 -9999
3.31709E1 3.17391E1 3.17391E1 3.17391E1 3.17391E1 3.17391E1 3.17391E1 2.98697E1 2.80203E1 2.55742E1 2.48583E1 2.04236E1 1.68639E1 1.54917E1 1.40797E1 1.43383E1 1.47957E1 1.83156E1 2.04236E1 2.04236E1 2.04236E1 2.04236E1 2.04236E1 2.04236E1 2.04236E1 2.04236E1 2.04236E1 2.37248E1 2.04236E1 2.04236E1 2.04236E1 2.04236E1 2.04236E1 3.00686E1 2.6668E1 2.19747E1 1.77389E1 1.39008E1 1.06791E1 8.35239E0 7.55693E0 6.42339E0 4.99155E0 3.95744E0 3.10232E0 2.56538E0 2.34662E0 2.12787E0 1.82957E0 1.71025E0 1.7898E0 1.7898E0 1.7898E0 1.96878E0 1.94889E0 1.7898E0 1.94889E0 1.94889E0 1.96878E0 1.88923E0 1.82957E0 1.82957E0 1.96878E0 2.42617E0 3.38073E0 4.7728E0 -9999 -9999
3.4742E1 3.17391E1 3.17391E1 3.17391E1 2.57731E1 3.17391E1 3.17391E1 3.03072E1 2.60515E1 2.53555E1 2.43413E1 1.92503E1 1.51337E1 1.47957E1 1.40797E1 1.40797E1 1.51337E1 2.04236E1 2.04236E1 2.04236E1 2.04236E1 2.04236E1 2.04236E1 2.04236E1 2.04236E1 2.04236E1 2.23526E1 2.04236E1 2.04236E1 2.04236E1 2.04236E1 2.04236E1 2.04236E1 3.02078E1 2.68669E1 2.19747E1 1.79179E1 1.47758E1 1.1236E1 8.86944E0 7.73591E0 6.48305E0 5.17053E0 3.69892E0 2.8239E0 2.42617E0 2.06821E0 1.59093E0 1.57105E0 1.4915E0 1.59093E0 1.7898E0 1.59093E0 1.82957E0 1.88923E0 1.88923E0 2.34662E0 3.69892E0 4.65348E0 4.43472E0 2.88356E0 2.50572E0 2.88356E0 3.10232E0 4.21597E0 5.5086E0 -9999 -9999
3.39266E1 3.17391E1 3.17391E1 3.17391E1 3.17391E1 3.17391E1 3.17391E1 2.72447E1 2.4043E1 2.31282E1 2.04236E1 1.72616E1 1.40797E1 1.40797E1 1.29462E1 1.37616E1 2.04236E1 2.04236E1 2.04236E1 2.04236E1 2.04236E1 2.04236E1 2.04236E1 2.04236E1 2.04236E1 2.04236E1 2.53555E1 2.4043E1 2.04236E1 2.04236E1 2.04236E1 3.40459E1 3.19578E1 2.92334E1 2.57333E1 2.11395E1 1.80968E1 1.51735E1 1.19519E1 9.70468E0 8.35239E0 7.03987E0 5.60803E0 4.43472E0 2.88356E0 2.18753E0 1.88923E0 1.4915E0 1.29263E0 1.43184E0 1.59093E0 1.94889E0 1.88923E0 2.06821E0 2.18753E0 2.8239E0 3.69892E0 4.7728E0 5.36939E0 5.5086E0 4.7728E0 4.65348E0 4.65348E0 5.17053E0 6.12509E0 -9999 -9999 -9999
3.17391E1 2.57731E1 2.57731E1 3.17391E1 3.17391E1 3.17391E1 3.17391E1 2.55742E1 2.37248E1 2.31282E1 2.12389E1 1.40797E1 1.29462E1 1.37616E1 1.17928E1 2.04236E1 2.04236E1 2.04236E1 2.04236E1 2.04236E1 2.04236E1 2.04236E1 2.04236E1 2.04236E1 2.04236E1 2.04236E1 2.08014E1 2.37248E1 2.04236E1 2.04236E1 2.04236E1 2.04236E1 3.09635E1 2.76226E1 2.42617E1 2.02844E1 1.754E1 1.55514E1 1.36224E1 1.16735E1 1.07786E1 9.30695E0 6.48305E0 4.51427E0 2.983E0 2.12787E0 1.71025E0 1.29263E0 1.23297E0 1.57105E0 1.7898E0 2.12787E0 2.18753E0 2.34662E0 2.8239E0 4.93189E0 5.36939E0 6.00577E0 6.68191E0 6.7018E0 6.42339E0 6.30407E0 6.12509E0 6.62225E0 7.13931E0 -9999 -9999 -9999
2.57731E1 2.57731E1 2.57731E1 3.17391E1 2.57731E1 3.17391E1 3.16794E1 2.55742E1 2.23526E1 2.01253E1 1.59292E1 1.25882E1 1.25882E1 1.22303E1 1.43383E1 2.04236E1 2.04236E1 2.04236E1 2.04236E1 2.04236E1 2.04236E1 2.04236E1 2.80203E1 2.04236E1 2.04236E1 2.55742E1 2.27106E1 2.04236E1 2.04236E1 2.04236E1 2.04236E1 2.04236E1 2.04236E1 2.68669E1 2.31878E1 1.97872E1 1.73213E1 1.50144E1 1.31252E1 1.16735E1 1.16735E1 1.0699E1 7.55693E0 5.23019E0 3.38073E0 2.26708E0 1.59093E0 1.29263E0 1.23297E0 1.71025E0 2.12787E0 2.46594E0 2.56538E0 2.72447E0 3.95744E0 5.23019E0 6.00577E0 6.48305E0 6.68191E0 6.86089E0 7.17908E0 7.2984E0 7.41772E0 7.99443E0 -9999 -9999 -9999 -9999
2.57731E1 2.57731E1 2.57731E1 2.57731E1 3.17391E1 3.17391E1 2.92334E1 2.31282E1 1.8773E1 1.7719E1 1.33439E1 1.11962E1 1.22303E1 1.54917E1 2.53555E1 2.04236E1 2.04236E1 2.04236E1 2.04236E1 2.83981E1 2.72447E1 2.98697E1 3.12021E1 2.98697E1 2.37248E1 2.18355E1 1.8952E1 2.04236E1 2.04236E1 3.17391E1 2.04236E1 2.04236E1 2.04236E1 2.53356E1 2.19747E1 1.9469E1 1.65258E1 1.39008E1 1.15343E1 1.04604E1 9.92344E0 8.86944E0 7.41772E0 5.42905E0 3.59948E0 2.12787E0 1.57105E0 1.37218E0 1.29263E0 1.82957E0 2.06821E0 2.72447E0 2.983E0 3.59948E0 4.21597E0 4.7728E0 5.60803E0 6.42339E0 6.7018E0 7.55693E0 7.41772E0 7.5967E0 8.11375E0 -9999 -9999 -9999 -9999 6.58248E0
2.57731E1 2.57731E1 2.57731E1 2.57731E1 3.17391E1 3.17391E1 2.76226E1 2.4043E1 1.7719E1 1.33439E1 1.11962E1 1.11962E1 1.22303E1 2.37248E1 3.17391E1 3.17391E1 3.17391E1 3.17391E1 2.92334E1 2.60515E1 2.80203E1 2.92334E1 3.07448E1 2.83981E1 2.23526E1 1.59292E1 1.8773E1 2.04236E1 2.04236E1 3.17391E1 3.17391E1 3.02078E1 2.04236E1 2.46793E1 2.07219E1 1.85145E1 1.5611E1 1.19519E1 1.04604E1 9.30695E0 8.55126E0 7.55693E0 6.42339E0 4.99155E0 3.38073E0 2.34662E0 1.71025E0 1.37218E0 1.43184E0 1.71025E0 1.88923E0 2.42617E0 2.983E0 3.81824E0 4.33529E0 4.93189E0 5.88645E0 6.86089E0 7.2984E0 7.85523E0 8.35239E0 9.18763E0 -9999 -9999 -9999 -9999 -9999 -9999
2.57731E1 2.57731E1 2.57731E1 2.57731E1 2.57731E1 3.12021E1 2.53555E1 2.27106E1 1.83156E1 1.25882E1 9.78423E0 1.22303E1 2.64492E1 3.17391E1 3.17391E1 3.17391E1 3.07448E1 2.92334E1 2.72447E1 2.43413E1 2.88555E1 3.03072E1 3.03072E1 2.64492E1 2.31282E1 1.72616E1 2.01253E1 2.04236E1 2.04236E1 3.17391E1 3.11823E1 2.90544E1 2.62504E1 2.27702E1 2.00855E1 1.67247E1 1.4219E1 1.1057E1 9.18763E0 7.99443E0 7.2984E0 6.68191E0 5.5086E0 4.21597E0 2.983E0 2.26708E0 1.57105E0 1.23297E0 1.23297E0 1.37218E0 1.71025E0 2.12787E0 2.50572E0 3.26141E0 4.05688E0 4.7728E0 5.60803E0 6.42339E0 7.17908E0 8.35239E0 9.18763E0 4.41484E0 -9999 -9999 -9999 -9999 -9999 -9999
2.57731E1 2.57731E1 2.57731E1 2.57731E1 2.57731E1 2.72447E1 2.18355E1 2.04832E1 1.47957E1 1.02018E1 1.54917E1 2.31282E1 2.43413E1 3.07448E1 3.17391E1 3.17391E1 3.07448E1 2.76226E1 2.48583E1 2.4043E1 2.60515E1 2.88555E1 2.98697E1 2.27106E1 2.04832E1 1.47957E1 2.18355E1 3.17391E1 3.17391E1 3.17391E1 2.99095E1 2.76226E1 2.48782E1 2.09605E1 1.89122E1 1.58497E1 1.31252E1 1.04604E1 8.35239E0 7.2984E0 6.30407E0 5.60803E0 4.93189E0 3.81824E0 2.72447E0 2.18753E0 1.71025E0 1.37218E0 1.23297E0 1.57105E0 1.82957E0 2.06821E0 2.26708E0 2.88356E0 3.59948E0 4.65348E0 5.60803E0 6.62225E0 7.73591E0 9.30695E0 -9999 -9999 -9999 -9999 -9999 -9999 -9999 -9999
2.11992E1 2.57731E1 2.57731E1 2.57731E1 2.57731E1 2.60515E1 2.72447E1 1.83156E1 1.11962E1 9.78423E0 3.16794E1 3.84807E1 3.17391E1 3.17391E1 3.17391E1 3.17391E1 3.17391E1 2.92334E1 2.55742E1 2.08014E1 2.55742E1 2.92334E1 2.83981E1 2.4043E1 1.51337E1 1.8773E1 2.4043E1 3.17391E1 3.17391E1 3.0705E1 2.88356E1 2.6668E1 2.3864E1 2.06026E1 1.754E1 1.50144E1 1.2449E1 9.92344E0 8.11375E0 6.86089E0 5.88645E0 5.23019E0 4.33529E0 3.59948E0 2.8239E0 2.26708E0 1.96878E0 1.82957E0 1.88923E0 1.88923E0 1.96878E0 2.18753E0 2.72447E0 3.10232E0 3.81824E0 4.7728E0 5.88645E0 7.03987E0 8.23307E0 3.7188E0 -9999 -9999 -9999 -9999 -9999 -9999 -9999 -9999
2.11992E1 2.57731E1 2.57731E1 2.57731E1 3.17391E1 2.27106E1 2.37248E1 1.68639E1 9.2274E0 7.95466E0 2.18355E1 3.17391E1 3.17391E1 3.17391E1 3.17391E1 3.17391E1 3.17391E1 3.03072E1 2.76226E1 2.04832E1 2.64492E1 2.72447E1 2.4043E1 2.27106E1 1.51337E1 1.22303E1 1.92503E1 2.53555E1 2.88555E1 2.60515E1 2.73243E1 2.55543E1 2.25117E1 1.96082E1 1.65258E1 1.48553E1 1.23297E1 9.78423E0 8.11375E0 7.03987E0 6.00577E0 5.23019E0 4.33529E0 3.59948E0 2.88356E0 2.50572E0 2.46594E0 2.42617E0 2.50572E0 2.46594E0 2.56538E0 2.72447E0 2.88356E0 3.50005E0 4.21597E0 5.17053E0 6.00577E0 7.03987E0 4.41484E0 3.7188E0 5.19041E0 -9999 -9999 -9999 -9999 -9999 -9999 -9999
2.11992E1 2.57731E1 2.57731E1 3.17391E1 3.17391E1 2.67674E1 2.04832E1 1.72616E1 1.0699E1 7.13931E0 1.33439E1 3.17391E1 3.17391E1 3.17391E1 3.12021E1 2.60515E1 3.17391E1 3.17391E1 2.53555E1 1.8952E1 2.64492E1 2.53555E1 2.04832E1 2.04832E1 1.54917E1 1.33439E1 2.4043E1 2.76226E1 2.72447E1 2.67674E1 2.59918E1 2.3864E1 2.09605E1 1.90514E1 1.60883E1 1.47758E1 1.25684E1 1.06791E1 8.86944E0 7.41772E0 6.26429E0 5.42905E0 4.65348E0 3.59948E0 2.88356E0 2.8239E0 2.8239E0 3.26141E0 3.69892E0 3.69892E0 3.26141E0 3.38073E0 3.59948E0 3.69892E0 4.33529E0 5.23019E0 6.42339E0 2.10798E0 5.19041E0 7.13931E0 -9999 -9999 -9999 -9999 -9999 -9999 -9999 -9999
2.11992E1 2.11992E1 2.57731E1 2.57731E1 3.17391E1 3.17391E1 2.37248E1 1.68639E1 1.43383E1 7.95466E0 6.58248E0 1.62076E1 3.07448E1 3.16794E1 3.17391E1 2.37248E1 3.17391E1 3.17391E1 2.72447E1 1.80372E1 2.48583E1 2.18355E1 1.8952E1 1.83156E1 1.0699E1 1.51337E1 2.48583E1 3.02874E1 2.8239E1 2.6489E1 2.37049E1 2.1756E1 2.00855E1 1.85145E1 1.63468E1 1.48553E1 1.37417E1 1.17729E1 1.01422E1 8.05409E0 6.7018E0 5.5086E0 4.65348E0 3.95744E0 3.50005E0 3.59948E0 3.69892E0 3.95744E0 4.65348E0 4.93189E0 4.43472E0 4.05688E0 4.21597E0 4.43472E0 4.93189E0 5.60803E0 4.41484E0 1.53127E0 5.19041E0 6.58248E0 -9999 -9999 -9999 -9999 -9999 -9999 -9999 -9999
