Leopardus jacobita/Leopardus_jacobita_projection 2041-2060.asc
ncols         515
nrows         545
xllcorner     -119.0
yllcorner     -58.333333333333
cellsize      0.166666666667
NODATA_value  -9999
[rows 232 to 260 of 545, columns 330 to 395 of 515]
5.10543E-6 5.48013E-6 5.50299E-6 5.17474E-6 5.52446E-6 5.5862E-6 5.55998E-6 5.29526E-6 5.02455E-6 5.03967E-6 4.49934E-6 4.52259E-6 3.80998E-6 3.91697E-6 3.64657E-6 3.5201E-6 3.45093E-6 3.2578E-6 3.27439E-6 3.57658E-6 3.80701E-6 3.66792E-6 3.75864E-6 3.87477E-6 4.20496E-6 4.6117E-6 4.40768E-6 4.45476E-6 4.49422E-6 4.24406E-6 4.82844E-6 5.15875E-6 5.58135E-6 4.69052E-6 4.64385E-6 4.39336E-6 4.48665E-6 4.53844E-6 5.61178E-6 5.06528E-6 6.41677E-6 7.2371E-6 8.31855E-6 8.36816E-6 8.674E-6 9.28226E-6 8.53787E-6 9.09531E-6 1.04716E-5 9.55274E-6 1.19824E-5 1.73426E-5 1.74553E-5 1.85968E-5 2.08755E-5 2.13195E-5 2.28575E-5 2.36521E-5 2.73943E-5 2.56468E-5 2.86182E-5 3.45958E-5 3.10451E-5 3.31752E-5 3.67658E-5 3.25113E-5
5.61932E-6 5.98006E-6 5.65307E-6 6.01039E-6 5.66447E-6 5.74839E-6 5.42911E-6 5.39892E-6 5.11192E-6 4.82324E-6 4.79707E-6 5.03711E-6 4.17059E-6 3.73943E-6 3.96138E-6 3.75076E-6 3.73342E-6 3.74E-6 3.80948E-6 3.84018E-6 3.91058E-6 3.98812E-6 4.64357E-6 4.2759E-6 4.91378E-6 5.03923E-6 5.43806E-6 5.17687E-6 5.20789E-6 4.6323E-6 5.25141E-6 5.63637E-6 5.9658E-6 5.5172E-6 4.91499E-6 5.19421E-6 5.35116E-6 5.82663E-6 6.372E-6 6.09826E-6 8.45618E-6 9.70357E-6 1.09833E-5 9.72136E-6 1.18602E-5 1.26123E-5 1.2134E-5 1.18473E-5 1.21139E-5 1.19317E-5 1.27134E-5 1.55219E-5 1.67757E-5 1.82004E-5 1.92991E-5 1.95516E-5 2.38299E-5 2.47103E-5 2.7037E-5 2.66781E-5 3.06862E-5 3.65725E-5 3.81535E-5 3.40835E-5 3.7496E-5 3.45462E-5
6.1059E-6 6.1289E-6 6.18439E-6 6.20243E-6 6.16328E-6 6.23806E-6 5.89367E-6 5.85888E-6 5.53325E-6 5.19441E-6 4.6786E-6 5.31857E-6 4.77526E-6 4.11264E-6 4.01505E-6 4.00423E-6 4.0345E-6 4.26048E-6 4.08046E-6 4.39476E-6 4.48234E-6 4.32333E-6 5.06167E-6 4.93413E-6 5.76951E-6 5.86545E-6 5.6185E-6 6.0612E-6 6.03568E-6 5.06072E-6 5.77303E-6 6.63365E-6 6.54634E-6 7.1239E-6 6.60316E-6 9.12961E-6 7.61649E-6 9.39344E-6 8.54006E-6 7.62763E-6 8.80371E-6 1.17489E-5 1.19161E-5 1.11081E-5 1.40756E-5 1.53624E-5 1.44015E-5 1.41286E-5 1.43549E-5 1.64838E-5 1.50203E-5 1.54559E-5 1.63554E-5 1.92214E-5 1.95896E-5 2.23375E-5 2.44305E-5 2.48449E-5 2.69072E-5 2.87885E-5 2.88789E-5 3.72893E-5 3.51079E-5 3.70642E-5 3.77345E-5 3.41053E-5
5.89478E-6 5.94999E-6 6.68593E-6 6.72927E-6 6.69158E-6 6.35937E-6 6.3836E-6 6.00642E-6 5.65849E-6 5.60674E-6 5.60457E-6 5.74895E-6 4.95944E-6 4.54862E-6 4.66182E-6 4.63748E-6 4.64511E-6 4.64477E-6 4.98178E-6 4.73334E-6 4.83269E-6 4.70385E-6 5.51496E-6 5.43301E-6 6.33527E-6 6.90739E-6 6.54458E-6 7.7182E-6 7.86027E-6 6.22808E-6 7.16671E-6 8.47255E-6 8.82956E-6 9.21408E-6 1.10431E-5 1.10298E-5 9.58548E-6 9.76609E-6 9.95948E-6 1.04064E-5 1.13148E-5 1.37292E-5 1.38326E-5 1.39363E-5 1.62407E-5 1.64426E-5 1.61481E-5 1.59868E-5 1.72844E-5 1.79738E-5 1.63834E-5 1.52647E-5 1.98156E-5 2.11036E-5 2.08943E-5 2.22635E-5 2.65908E-5 2.67617E-5 2.77454E-5 2.88767E-5 2.92968E-5 3.18435E-5 3.83726E-5 4.26317E-5 4.01379E-5 4.22979E-5
6.34517E-6 6.39352E-6 7.18927E-6 7.24013E-6 7.2362E-6 6.86029E-6 6.86516E-6 6.48873E-6 6.10087E-6 6.46074E-6 6.72811E-6 5.60222E-6 5.72397E-6 5.22377E-6 5.11121E-6 5.07447E-6 5.36685E-6 5.05538E-6 5.40564E-6 5.45003E-6 4.9028E-6 5.7269E-6 6.34238E-6 6.28539E-6 7.87256E-6 9.0505E-6 9.09137E-6 1.05721E-5 1.01189E-5 8.66301E-6 8.78272E-6 9.24636E-6 1.17414E-5 1.09475E-5 1.39142E-5 1.43642E-5 1.21495E-5 1.30431E-5 1.26937E-5 1.25184E-5 1.23572E-5 1.52116E-5 1.46789E-5 1.54027E-5 1.95255E-5 1.83983E-5 1.94257E-5 1.96446E-5 2.09953E-5 2.10761E-5 1.94401E-5 1.64223E-5 1.85309E-5 2.11601E-5 2.26248E-5 2.43075E-5 2.5019E-5 3.05276E-5 2.86004E-5 2.84768E-5 3.06342E-5 3.19797E-5 3.77599E-5 3.98402E-5 4.56405E-5 4.12244E-5
6.82534E-6 6.48689E-6 6.92945E-6 6.55902E-6 7.34441E-6 7.41135E-6 6.98546E-6 7.01542E-6 7.49755E-6 6.659E-6 6.5635E-6 6.43736E-6 6.65696E-6 5.76616E-6 5.96962E-6 6.29177E-6 5.86907E-6 5.48291E-6 5.82179E-6 5.86399E-6 5.95091E-6 6.4678E-6 6.85365E-6 8.2302E-6 9.69754E-6 1.21984E-5 1.18917E-5 1.29137E-5 1.29422E-5 1.09764E-5 9.72909E-6 1.07293E-5 1.40396E-5 1.30212E-5 1.3429E-5 1.37122E-5 1.47339E-5 1.39292E-5 1.59794E-5 1.52463E-5 1.48482E-5 1.81145E-5 1.69339E-5 1.89765E-5 2.11642E-5 2.18356E-5 1.9763E-5 2.12434E-5 2.08558E-5 2.04451E-5 1.9628E-5 1.78431E-5 2.25256E-5 2.14669E-5 2.47654E-5 2.55213E-5 2.43174E-5 3.04175E-5 3.10979E-5 3.03294E-5 3.22102E-5 3.40666E-5 4.00116E-5 4.73203E-5 4.57258E-5 4.50329E-5
8.76735E-6 6.97125E-6 7.03883E-6 7.04691E-6 8.36735E-6 7.96559E-6 7.58039E-6 8.09773E-6 8.642E-6 8.62388E-6 8.07712E-6 7.01485E-6 6.82933E-6 6.67843E-6 6.55329E-6 6.88448E-6 6.37045E-6 6.71704E-6 6.69484E-6 6.32603E-6 6.35039E-6 7.35973E-6 8.91616E-6 1.18578E-5 1.32408E-5 1.38358E-5 1.35915E-5 1.3939E-5 1.46702E-5 1.26182E-5 1.16811E-5 1.25851E-5 1.5884E-5 1.36916E-5 1.28877E-5 1.22352E-5 1.54467E-5 1.53614E-5 1.62212E-5 1.77454E-5 1.81143E-5 1.86476E-5 2.01742E-5 2.16472E-5 2.25105E-5 2.1711E-5 2.07722E-5 2.41157E-5 2.33068E-5 2.2696E-5 2.52905E-5 2.06607E-5 2.22199E-5 2.57241E-5 2.40319E-5 2.49435E-5 2.61302E-5 2.89036E-5 3.14041E-5 3.05078E-5 3.22444E-5 3.397E-5 3.59944E-5 4.45942E-5 5.60886E-5 5.01218E-5
9.64338E-6 9.53676E-6 1.00468E-5 8.05001E-6 7.57953E-6 8.1227E-6 8.19376E-6 9.3212E-6 8.39437E-6 1.03926E-5 8.82499E-6 8.70722E-6 8.2744E-6 7.73698E-6 7.60743E-6 8.04185E-6 7.3248E-6 7.23734E-6 6.84038E-6 6.86909E-6 6.95401E-6 8.71206E-6 1.14579E-5 1.47007E-5 1.61672E-5 1.68421E-5 1.63921E-5 1.77485E-5 1.8224E-5 1.63157E-5 1.40388E-5 1.48882E-5 1.98172E-5 1.74477E-5 1.44991E-5 1.55359E-5 1.38117E-5 1.62601E-5 1.79896E-5 2.17235E-5 2.21991E-5 2.18605E-5 2.39001E-5 2.43005E-5 2.37956E-5 2.51026E-5 2.27026E-5 2.3388E-5 2.39557E-5 2.32631E-5 2.47353E-5 2.38725E-5 2.46236E-5 2.86016E-5 2.66611E-5 2.52816E-5 2.63567E-5 2.88703E-5 3.11139E-5 3.50198E-5 3.42491E-5 3.81231E-5 3.45498E-5 4.00663E-5 4.77062E-5 5.43408E-5
1.05202E-5 1.04504E-5 1.07543E-5 8.28167E-6 8.16939E-6 8.61303E-6 9.25734E-6 1.15813E-5 1.1052E-5 1.16965E-5 1.21651E-5 1.08552E-5 1.07087E-5 1.04678E-5 1.09142E-5 1.03341E-5 9.30908E-6 9.39832E-6 9.44608E-6 9.05705E-6 9.62091E-6 1.14452E-5 1.23061E-5 1.39817E-5 1.68129E-5 2.10295E-5 1.95751E-5 2.10805E-5 2.52927E-5 1.88286E-5 1.9933E-5 1.6947E-5 2.00167E-5 1.83492E-5 1.83204E-5 1.83179E-5 1.86588E-5 1.75116E-5 1.87706E-5 2.03476E-5 2.8097E-5 2.74389E-5 2.67354E-5 2.66884E-5 2.73048E-5 2.54457E-5 2.47417E-5 2.33125E-5 2.58262E-5 2.50049E-5 2.48377E-5 2.56656E-5 2.39638E-5 2.69007E-5 2.56584E-5 2.45555E-5 2.86539E-5 2.77856E-5 3.29009E-5 3.43001E-5 3.45139E-5 3.66431E-5 3.63315E-5 3.82048E-5 4.79391E-5 5.48836E-5
1.14658E-5 1.11653E-5 1.26054E-5 1.31468E-5 1.14419E-5 1.09953E-5 1.08217E-5 1.34508E-5 1.47366E-5 1.50893E-5 1.64375E-5 1.53851E-5 1.41051E-5 1.2654E-5 1.30796E-5 1.33235E-5 1.215E-5 1.1459E-5 1.11616E-5 1.20679E-5 1.22848E-5 1.3033E-5 1.46306E-5 1.62435E-5 1.88956E-5 2.27918E-5 2.42483E-5 2.52197E-5 2.50459E-5 2.67488E-5 2.20649E-5 2.14961E-5 2.13842E-5 2.01318E-5 2.1472E-5 2.26074E-5 2.1722E-5 2.20769E-5 2.11816E-5 2.01578E-5 2.62935E-5 3.07646E-5 3.26783E-5 2.87606E-5 2.5841E-5 2.4394E-5 2.39211E-5 2.43375E-5 2.65456E-5 2.42261E-5 2.35368E-5 2.06994E-5 2.10902E-5 2.3121E-5 2.49574E-5 2.45782E-5 2.72463E-5 2.83631E-5 3.31558E-5 3.49392E-5 3.68311E-5 3.92678E-5 3.86901E-5 4.04239E-5 4.52914E-5 5.67086E-5
1.19285E-5 1.2672E-5 1.51164E-5 1.53896E-5 1.43908E-5 1.4488E-5 1.66423E-5 1.9778E-5 2.19994E-5 2.43249E-5 2.07526E-5 1.87384E-5 1.86205E-5 1.73335E-5 1.61267E-5 1.516E-5 1.58647E-5 1.57184E-5 1.54381E-5 1.64075E-5 1.61452E-5 1.68618E-5 1.81476E-5 2.02915E-5 2.15684E-5 2.64533E-5 2.61282E-5 2.89234E-5 2.70725E-5 2.73835E-5 2.59102E-5 2.67812E-5 2.40347E-5 2.30968E-5 2.51577E-5 2.50931E-5 2.28269E-5 2.12616E-5 2.19117E-5 2.29078E-5 2.31803E-5 2.78964E-5 3.68016E-5 3.23511E-5 2.6278E-5 2.79932E-5 2.48503E-5 2.40749E-5 2.46487E-5 2.52427E-5 2.3773E-5 1.89005E-5 1.91075E-5 2.20427E-5 2.25653E-5 2.38773E-5 2.45485E-5 2.77389E-5 3.07804E-5 3.73217E-5 4.25137E-5 3.98039E-5 3.97704E-5 4.09924E-5 4.57917E-5 5.09387E-5
1.51254E-5 1.4222E-5 1.68387E-5 1.76885E-5 1.89689E-5 1.9047E-5 2.01858E-5 2.17419E-5 2.61044E-5 2.69836E-5 2.91473E-5 2.79041E-5 2.63903E-5 2.08581E-5 1.98033E-5 2.09865E-5 1.99312E-5 1.81366E-5 1.98885E-5 2.16009E-5 2.11742E-5 2.14608E-5 2.32686E-5 2.24937E-5 2.50689E-5 2.82926E-5 2.73594E-5 2.74142E-5 2.98173E-5 3.91767E-5 3.21331E-5 3.34366E-5 2.67581E-5 2.68626E-5 2.72603E-5 2.91892E-5 2.83119E-5 2.30031E-5 2.62611E-5 2.51434E-5 2.58481E-5 3.19921E-5 4.0371E-5 4.1489E-5 3.71134E-5 3.72421E-5 2.65381E-5 2.36781E-5 2.50949E-5 2.42202E-5 2.13431E-5 1.98911E-5 1.82495E-5 1.74627E-5 2.00897E-5 2.30156E-5 2.59395E-5 2.92351E-5 2.91637E-5 3.93285E-5 4.00986E-5 3.96126E-5 3.97962E-5 4.20046E-5 4.62735E-5 5.09657E-5
1.71422E-5 1.62811E-5 2.03E-5 1.96108E-5 2.23816E-5 2.39489E-5 2.48594E-5 2.50416E-5 2.82776E-5 2.93552E-5 2.85677E-5 3.03859E-5 2.88159E-5 1.75359E-5 2.10484E-5 2.55903E-5 2.33271E-5 2.368E-5 2.34206E-5 2.53886E-5 2.49247E-5 2.54383E-5 2.86769E-5 2.67355E-5 2.83546E-5 2.81634E-5 2.82343E-5 3.16571E-5 3.57054E-5 3.69922E-5 3.4275E-5 3.94347E-5 3.08794E-5 3.09557E-5 3.34946E-5 3.13234E-5 3.32543E-5 2.85145E-5 2.91283E-5 2.7161E-5 3.32038E-5 4.21745E-5 3.98517E-5 4.67592E-5 4.14268E-5 4.46603E-5 4.34367E-5 3.89403E-5 2.75146E-5 2.41186E-5 2.03513E-5 1.78722E-5 1.83717E-5 1.56461E-5 2.03511E-5 2.09039E-5 2.40787E-5 2.80809E-5 3.0517E-5 3.62043E-5 3.75139E-5 3.78621E-5 4.02861E-5 4.48149E-5 4.70228E-5 4.91038E-5
1.80349E-5 2.06397E-5 2.1603E-5 2.27284E-5 2.65874E-5 2.99555E-5 3.10265E-5 3.03536E-5 2.93367E-5 3.07007E-5 3.0868E-5 3.23695E-5 2.89678E-5 2.67595E-5 2.74507E-5 2.27299E-5 2.94809E-5 3.06979E-5 2.97703E-5 3.08775E-5 3.18966E-5 2.98524E-5 3.35836E-5 3.33384E-5 3.29964E-5 3.25838E-5 3.40008E-5 3.48834E-5 4.30437E-5 4.43194E-5 4.11644E-5 3.80827E-5 3.63823E-5 3.56015E-5 4.17043E-5 3.39352E-5 3.24714E-5 3.31352E-5 2.9498E-5 3.16949E-5 3.96552E-5 4.06028E-5 4.35124E-5 4.23379E-5 4.35837E-5 4.20896E-5 4.41642E-5 4.50641E-5 4.27738E-5 3.49177E-5 2.21681E-5 1.86036E-5 1.94203E-5 1.68624E-5 1.91765E-5 2.05214E-5 2.34032E-5 2.66727E-5 3.23381E-5 3.65628E-5 3.74169E-5 3.76089E-5 4.25952E-5 4.49947E-5 5.22727E-5 5.59311E-5
1.97117E-5 2.06213E-5 2.37666E-5 2.77704E-5 3.10486E-5 3.39944E-5 3.49615E-5 3.56186E-5 3.44134E-5 3.23904E-5 3.14058E-5 2.90538E-5 2.55468E-5 3.24394E-5 3.90527E-5 2.93715E-5 2.92018E-5 3.3819E-5 3.48218E-5 3.56687E-5 3.48645E-5 3.7066E-5 3.95428E-5 3.91692E-5 3.8149E-5 3.77667E-5 3.8245E-5 3.68765E-5 4.11888E-5 5.16871E-5 4.77285E-5 3.86509E-5 4.70967E-5 4.56778E-5 5.69129E-5 3.88833E-5 3.96615E-5 3.81238E-5 3.16971E-5 3.18241E-5 3.56196E-5 3.41485E-5 3.46111E-5 3.39385E-5 3.59822E-5 3.37737E-5 3.56854E-5 3.43535E-5 3.53351E-5 3.5159E-5 3.35031E-5 2.24922E-5 1.76458E-5 1.54145E-5 1.86411E-5 2.13235E-5 2.04384E-5 2.64626E-5 3.21167E-5 3.41068E-5 3.5001E-5 3.70325E-5 4.45639E-5 4.4624E-5 5.28207E-5 6.0094E-5
1.47811E-5 2.02365E-5 2.52098E-5 3.17903E-5 3.54619E-5 4.00182E-5 4.11493E-5 3.85472E-5 4.0077E-5 3.72551E-5 3.30301E-5 2.50331E-5 2.7714E-5 3.54023E-5 4.84111E-5 4.83852E-5 3.94647E-5 3.89241E-5 4.03775E-5 3.68991E-5 4.22381E-5 4.06405E-5 4.48741E-5 4.73157E-5 4.60765E-5 4.56393E-5 4.35358E-5 4.28534E-5 4.78568E-5 5.76843E-5 4.80259E-5 4.65789E-5 5.99946E-5 5.17894E-5 6.38184E-5 5E-5 5.75841E-5 4.56641E-5 3.5817E-5 3.57012E-5 3.59453E-5 3.23718E-5 3.20396E-5 2.69057E-5 2.77928E-5 2.61575E-5 2.75494E-5 2.38922E-5 2.29839E-5 2.53737E-5 3.13491E-5 3.30528E-5 3.34163E-5 2.50992E-5 2.17278E-5 2.78887E-5 2.37494E-5 2.91049E-5 3.2E-5 3.40887E-5 3.62945E-5 4.0879E-5 4.36161E-5 4.38309E-5 5.34289E-5 6.77005E-5
2.16392E-5 2.60151E-5 3.2295E-5 3.33501E-5 3.92453E-5 4.66286E-5 4.7794E-5 4.63915E-5 4.43312E-5 4.19068E-5 3.85581E-5 3.55902E-5 3.51488E-5 4.40125E-5 5.10267E-5 5.4532E-5 5.47623E-5 4.72561E-5 4.92087E-5 4.74339E-5 4.96076E-5 4.99207E-5 4.8171E-5 5.32258E-5 5.49344E-5 5.35669E-5 4.99184E-5 4.62898E-5 4.83453E-5 5.49844E-5 5.99115E-5 6.16144E-5 5.69851E-5 5.58584E-5 5.74293E-5 5.01228E-5 5.79552E-5 5.19728E-5 4.68314E-5 3.85866E-5 3.6784E-5 3.47038E-5 3.19433E-5 2.76872E-5 2.60929E-5 2.37223E-5 2.31607E-5 2.11717E-5 2.22853E-5 2.29476E-5 2.69896E-5 3.02619E-5 3.30461E-5 2.92567E-5 2.63971E-5 3.32942E-5 3.1451E-5 2.85145E-5 3.22072E-5 3.36181E-5 3.75337E-5 3.98223E-5 4.29434E-5 4.8353E-5 5.54198E-5 6.32148E-5
2.79865E-5 3.38316E-5 4.07971E-5 4.05574E-5 4.46367E-5 5.2635E-5 5.28951E-5 4.83961E-5 4.93953E-5 5.14437E-5 5.13211E-5 4.92039E-5 4.93827E-5 5.34666E-5 6.29814E-5 6.61119E-5 7.18731E-5 7.60818E-5 7.17553E-5 5.45141E-5 5.83822E-5 5.33653E-5 5.48499E-5 6.02502E-5 6.18809E-5 5.58721E-5 5.53838E-5 5.52451E-5 5.73125E-5 5.51845E-5 5.64949E-5 6.99112E-5 6.04002E-5 6.35333E-5 6.10212E-5 5.92298E-5 6.37102E-5 7.22016E-5 5.89979E-5 4.31056E-5 4.1884E-5 3.24087E-5 3.19887E-5 2.80192E-5 2.70384E-5 2.44305E-5 2.22741E-5 2.03679E-5 1.99261E-5 2.07459E-5 2.2919E-5 2.30181E-5 2.72873E-5 2.70682E-5 2.88987E-5 3.62246E-5 3.66321E-5 2.93736E-5 3.14739E-5 3.70482E-5 4.16216E-5 4.22192E-5 4.75853E-5 5.09393E-5 5.77806E-5 7.04462E-5
3.41613E-5 3.95659E-5 4.44406E-5 5.03776E-5 5.80099E-5 6.28466E-5 6.24235E-5 6.69372E-5 6.0576E-5 6.69775E-5 6.89532E-5 6.57245E-5 6.466E-5 7.56584E-5 8.23436E-5 8.05491E-5 8.88855E-5 8.70545E-5 8.6624E-5 8.20554E-5 8.15043E-5 7.42913E-5 5.89534E-5 6.55579E-5 7.05843E-5 6.77441E-5 5.80994E-5 5.60488E-5 6.26363E-5 6.20444E-5 7.05004E-5 7.3867E-5 6.7812E-5 7.05145E-5 6.7334E-5 5.81101E-5 7.05245E-5 8.01225E-5 7.45888E-5 6.26707E-5 5.58847E-5 4.35974E-5 3.76779E-5 3.20343E-5 2.89939E-5 2.53901E-5 2.02839E-5 1.83952E-5 1.80928E-5 1.97465E-5 1.92999E-5 2.15186E-5 2.3173E-5 2.34371E-5 2.63751E-5 3.34264E-5 3.16373E-5 2.84789E-5 3.10818E-5 3.56184E-5 3.85255E-5 4.40544E-5 5.37368E-5 5.79677E-5 6.13642E-5 7.49222E-5
4.29409E-5 4.39655E-5 5.54101E-5 6.28012E-5 7.35325E-5 7.70691E-5 8.07221E-5 7.75789E-5 7.80818E-5 8.66869E-5 8.73484E-5 8.6167E-5 8.76752E-5 9.67386E-5 1.06651E-4 1.01962E-4 9.70043E-5 1.00794E-4 9.8375E-5 9.54728E-5 9.01641E-5 9.32987E-5 9.21679E-5 9.5021E-5 9.35927E-5 7.64659E-5 6.93349E-5 6.00112E-5 5.42013E-5 6.22021E-5 7.1631E-5 8.55917E-5 7.53848E-5 7.2963E-5 6.31451E-5 6.78407E-5 6.70334E-5 8.04509E-5 7.75454E-5 6.21121E-5 5.17927E-5 4.25756E-5 4.07583E-5 3.31327E-5 2.85292E-5 2.53638E-5 2.45701E-5 2.10472E-5 1.78295E-5 1.84829E-5 2.101E-5 1.83915E-5 2.08118E-5 2.1317E-5 2.4867E-5 3.07718E-5 3.06171E-5 3.1603E-5 3.46996E-5 3.97747E-5 4.06131E-5 5.15869E-5 5.68552E-5 5.69677E-5 6.5296E-5 7.81695E-5
4.34296E-5 5.15992E-5 5.66406E-5 7.39246E-5 8.00447E-5 8.91126E-5 9.29673E-5 9.70272E-5 1.05403E-4 1.20399E-4 1.10424E-4 1.11116E-4 1.12034E-4 1.18044E-4 1.26683E-4 1.28034E-4 1.14595E-4 1.24204E-4 1.18726E-4 1.08595E-4 1.02435E-4 1.12447E-4 1.09128E-4 1.19457E-4 1.24582E-4 1.14766E-4 8.43143E-5 7.56319E-5 7.72404E-5 8.38686E-5 9.15862E-5 1.01697E-4 9.23956E-5 8.41037E-5 7.69154E-5 8.03565E-5 7.47083E-5 7.52705E-5 7.62232E-5 5.70111E-5 5.12615E-5 4.68606E-5 4.40631E-5 3.792E-5 2.9232E-5 2.31455E-5 2.06416E-5 1.84834E-5 1.78506E-5 1.99272E-5 1.99596E-5 1.8899E-5 1.92269E-5 2.07887E-5 2.14173E-5 2.65491E-5 3.16084E-5 2.94099E-5 3.6158E-5 3.99096E-5 4.78358E-5 5.12607E-5 5.55169E-5 6.33873E-5 7.66781E-5 8.2289E-5
4.95797E-5 5.85113E-5 6.72309E-5 8.07456E-5 9.63787E-5 1.07975E-4 1.17506E-4 1.18445E-4 1.24783E-4 1.31994E-4 1.24151E-4 1.40922E-4 1.32715E-4 1.42363E-4 1.47037E-4 1.41521E-4 1.35027E-4 1.43839E-4 1.38225E-4 1.23724E-4 1.23591E-4 1.27839E-4 1.24492E-4 1.20858E-4 1.24679E-4 1.38622E-4 1.26838E-4 1.14459E-4 8.85317E-5 8.43816E-5 9.75419E-5 1.01057E-4 9.62691E-5 9.31101E-5 8.38077E-5 7.53868E-5 7.20879E-5 7.74585E-5 8.36328E-5 6.97535E-5 6.15176E-5 5.39844E-5 4.60645E-5 4.16612E-5 3.16246E-5 2.65214E-5 2.21969E-5 1.85748E-5 1.74592E-5 1.51526E-5 1.68306E-5 1.77257E-5 1.72819E-5 1.8914E-5 1.99615E-5 2.63996E-5 3.46916E-5 3.39295E-5 3.97224E-5 4.68915E-5 5.36942E-5 5.42988E-5 6.17269E-5 7.07159E-5 7.5508E-5 9.11975E-5
4.80886E-5 5.80921E-5 7.72087E-5 9.78348E-5 1.13146E-4 1.15453E-4 1.28298E-4 1.40614E-4 1.41667E-4 1.49543E-4 1.40329E-4 1.40352E-4 1.64665E-4 1.69868E-4 1.72824E-4 1.67616E-4 1.52054E-4 1.61768E-4 1.53699E-4 1.39672E-4 1.41619E-4 1.4377E-4 1.4629E-4 1.42286E-4 1.44403E-4 1.53249E-4 1.41162E-4 1.37057E-4 1.39568E-4 9.4099E-5 1.28676E-4 1.05343E-4 1.04615E-4 1.07506E-4 8.5567E-5 9.38776E-5 9.34083E-5 7.62907E-5 8.48752E-5 8.0323E-5 7.15073E-5 6.12202E-5 5.03377E-5 4.28079E-5 3.47796E-5 3.33764E-5 2.61924E-5 2.05944E-5 1.87876E-5 1.74241E-5 1.85458E-5 1.9355E-5 1.63979E-5 1.71695E-5 2.01444E-5 2.74124E-5 3.08496E-5 4.26609E-5 5.64084E-5 5.53309E-5 5.65015E-5 6.52406E-5 6.57294E-5 7.90424E-5 7.36287E-5 8.54164E-5
4.95946E-5 5.53264E-5 8.26976E-5 1.02709E-4 1.13793E-4 1.24193E-4 1.32678E-4 1.48145E-4 1.61195E-4 1.65856E-4 1.5572E-4 1.75104E-4 1.69256E-4 1.74248E-4 1.99758E-4 2.12295E-4 2.16945E-4 1.84472E-4 1.5668E-4 1.51321E-4 1.40876E-4 1.5941E-4 1.74214E-4 1.60092E-4 1.91736E-4 1.69925E-4 1.44717E-4 1.49107E-4 1.5093E-4 1.45725E-4 1.50521E-4 1.15615E-4 1.09965E-4 1.04251E-4 1.00504E-4 1.04774E-4 1.06401E-4 9.56787E-5 8.43325E-5 9.30024E-5 8.79303E-5 7.17912E-5 5.86344E-5 5.43326E-5 4.61081E-5 4.27792E-5 3.35798E-5 2.88875E-5 2.60591E-5 2.48975E-5 2.13173E-5 2.06488E-5 2.2233E-5 2.08802E-5 2.47263E-5 2.95892E-5 3.8833E-5 5.0528E-5 5.68307E-5 5.89305E-5 6.37742E-5 6.81838E-5 8.29142E-5 8.07237E-5 8.00717E-5 7.91255E-5
5.15784E-5 5.63042E-5 8.10016E-5 1.08456E-4 1.11495E-4 1.33384E-4 1.36885E-4 1.52535E-4 1.59571E-4 1.85974E-4 1.91948E-4 1.94915E-4 2.06711E-4 2.00933E-4 2.64285E-4 2.27453E-4 2.40126E-4 1.82631E-4 1.7117E-4 1.70514E-4 1.56711E-4 1.75731E-4 1.90541E-4 1.8412E-4 2.15752E-4 1.96361E-4 2.0282E-4 2.03345E-4 1.9766E-4 1.80878E-4 1.76488E-4 1.68658E-4 1.58932E-4 1.207E-4 1.11758E-4 1.07995E-4 1.16228E-4 1.24363E-4 1.09351E-4 1.22004E-4 1.1614E-4 9.07666E-5 7.79682E-5 7.20309E-5 6.46739E-5 5.30352E-5 4.84377E-5 4.12235E-5 3.62077E-5 3.12013E-5 2.93035E-5 2.60764E-5 2.76833E-5 3.00732E-5 3.14318E-5 3.98303E-5 4.92159E-5 5.73864E-5 6.36721E-5 8.32823E-5 8.58476E-5 9.17267E-5 8.77538E-5 8.892E-5 9.35435E-5 8.68545E-5
5.38884E-5 5.68255E-5 7.96851E-5 1.0859E-4 1.12602E-4 1.40015E-4 1.46093E-4 1.7392E-4 1.94389E-4 1.88031E-4 2.02187E-4 2.02945E-4 2.12009E-4 2.37786E-4 2.66777E-4 2.13615E-4 2.57347E-4 1.90645E-4 1.95157E-4 1.8961E-4 1.72073E-4 2.00107E-4 2.04666E-4 2.48054E-4 2.30474E-4 2.3959E-4 2.43448E-4 2.38534E-4 2.47765E-4 2.80249E-4 2.44517E-4 2.10336E-4 1.93333E-4 1.87757E-4 1.29036E-4 1.31849E-4 1.86783E-4 1.71326E-4 1.71143E-4 1.44316E-4 1.26633E-4 1.12624E-4 1.04592E-4 9.07602E-5 8.58854E-5 7.94306E-5 6.55042E-5 4.97271E-5 4.43656E-5 4.06604E-5 4.03542E-5 3.83317E-5 3.9708E-5 4.29471E-5 4.48364E-5 4.89096E-5 5.26848E-5 6.72409E-5 8.89988E-5 9.91867E-5 1.08306E-4 9.398E-5 9.46979E-5 9.91252E-5 1.02291E-4 1.30848E-4
5.66579E-5 6.1532E-5 9.05246E-5 1.0667E-4 1.18101E-4 1.41108E-4 1.68856E-4 1.64877E-4 1.85503E-4 2.22328E-4 2.18915E-4 2.07244E-4 2.07418E-4 2.29908E-4 2.81446E-4 2.58728E-4 2.35762E-4 2.24952E-4 2.11049E-4 2.15465E-4 2.07068E-4 2.26677E-4 2.59521E-4 2.82032E-4 2.50281E-4 2.89193E-4 2.97769E-4 2.60096E-4 2.69043E-4 3.08072E-4 3.3652E-4 3.03481E-4 2.29701E-4 2.19745E-4 2.33372E-4 2.21907E-4 1.96429E-4 2.30105E-4 2.01151E-4 1.76581E-4 1.55151E-4 1.37731E-4 1.27027E-4 1.05808E-4 1.04463E-4 9.16233E-5 8.87459E-5 7.36589E-5 6.05775E-5 6.08969E-5 5.49561E-5 5.64118E-5 5.766E-5 6.28642E-5 7.65524E-5 7.13963E-5 7.03365E-5 8.96627E-5 1.10914E-4 1.22187E-4 1.20032E-4 1.04505E-4 1.11267E-4 1.59904E-4 1.63737E-4 1.40508E-4
7.65093E-5 9.92663E-5 1.34758E-4 1.21934E-4 1.17394E-4 1.56077E-4 1.76868E-4 1.74453E-4 2.15863E-4 2.39841E-4 2.18399E-4 2.03466E-4 1.85368E-4 1.94514E-4 2.67017E-4 3.09011E-4 2.14495E-4 2.34617E-4 2.43198E-4 2.14155E-4 2.20231E-4 2.183E-4 2.35682E-4 2.91252E-4 3.00001E-4 3.29853E-4 3.22647E-4 3.00427E-4 3.26016E-4 3.29618E-4 3.22125E-4 2.95913E-4 2.53886E-4 2.39834E-4 2.45201E-4 2.314E-4 2.1818E-4 2.47417E-4 2.84324E-4 2.89916E-4 1.83088E-4 1.72147E-4 1.61169E-4 1.41895E-4 1.39523E-4 1.17232E-4 1.04023E-4 9.2161E-5 8.19609E-5 9.00072E-5 8.75462E-5 7.95313E-5 8.85349E-5 1.10563E-4 1.05351E-4 1.07683E-4 1.06999E-4 1.03426E-4 1.12863E-4 1.16565E-4 1.18691E-4 1.80747E-4 1.8112E-4 1.74945E-4 1.7954E-4 1.62189E-4
7.80208E-5 1.40649E-4 2.46617E-4 1.14369E-4 1.17934E-4 1.59792E-4 1.72891E-4 1.93112E-4 2.30907E-4 2.72581E-4 2.19858E-4 2.00874E-4 1.83053E-4 2.18276E-4 2.82431E-4 2.92824E-4 2.46507E-4 2.4115E-4 2.58396E-4 2.45722E-4 2.37995E-4 2.49126E-4 2.89686E-4 3.61289E-4 3.24902E-4 3.57589E-4 3.23833E-4 3.23008E-4 3.33031E-4 3.38848E-4 3.33219E-4 3.22455E-4 2.71795E-4 2.42054E-4 2.65289E-4 2.67816E-4 2.36101E-4 2.09788E-4 2.30061E-4 2.61992E-4 2.51387E-4 2.69482E-4 1.97634E-4 1.9602E-4 1.82371E-4 1.54538E-4 1.45277E-4 1.38053E-4 1.12701E-4 1.27165E-4 1.31097E-4 1.33277E-4 1.30042E-4 1.61533E-4 1.32333E-4 1.31505E-4 1.26009E-4 1.16611E-4 1.23044E-4 1.92974E-4 1.94747E-4 2.23484E-4 2.09284E-4 2.04707E-4 1.87615E-4 1.91147E-4
