Leopardus jacobita/Leopardus_jacobita_projection 2041-2060.asc
ncols         515
nrows         545
xllcorner     -119.0
yllcorner     -58.333333333333
cellsize      0.166666666667
NODATA_value  -9999
[rows 319 to 347 of 545, columns 264 to 329 of 515]
-9999 -9999 -9999 -9999 -9999 -9999 -9999 -9999 -9999 -9999 -9999 -9999 -9999 -9999 -9999 -9999 -9999 -9999 -9999 -9999 -9999 -9999 -9999 -9999 -9999 -9999 -9999 -9999 -9999 1.04128E-2 2.55599E-2 1.77201E-2 5.87106E-3 1.18671E-2 3.93866E-2 1.36099E-1 5.64917E-1 6.23021E-1 6.09518E-1 6.49988E-1 6.14364E-1 6.95161E-1 6.91653E-1 6.01892E-1 6.71806E-1 7.12208E-1 6.82134E-1 6.27502E-1 5.63978E-1 5.19445E-1 3.53457E-1 4.58852E-1 7.23764E-1 6.0779E-1 4.4149E-1 2.49103E-1 1.35474E-1 1.55407E-1 1.28177E-1 2.64019E-1 2.01937E-1 1.18004E-1 7.02722E-2 4.0346E-3 8.55876E-4 9.47631E-4
-9999 -9999 -9999 -9999 -9999 -9999 -9999 -9999 -9999 -9999 -9999 -9999 -9999 -9999 -9999 -9999 -9999 -9999 -9999 -9999 -9999 -9999 -9999 -9999 -9999 -9999 -9999 -9999 -9999 8.34274E-3 1.7274E-2 2.13606E-2 7.51838E-3 9.83459E-3 3.37077E-2 1.15269E-1 5.77158E-1 7.9589E-1 7.03686E-1 6.99967E-1 5.20127E-1 6.30383E-1 6.15766E-1 6.25938E-1 5.79197E-1 5.23804E-1 5.57249E-1 5.93822E-1 5.46721E-1 3.53491E-1 4.13712E-1 4.43412E-1 5.57344E-1 7.07985E-1 5.63235E-1 2.50117E-1 1.69927E-1 4.29376E-1 1.29052E-1 1.15245E-1 2.14605E-1 1.39936E-2 1.77113E-2 9.91105E-3 1.04762E-3 6.27527E-4
-9999 -9999 -9999 -9999 -9999 -9999 -9999 -9999 -9999 -9999 -9999 -9999 -9999 -9999 -9999 -9999 -9999 -9999 -9999 -9999 -9999 -9999 -9999 -9999 -9999 -9999 -9999 -9999 -9999 -9999 2.13904E-2 1.60314E-2 6.73097E-3 7.64647E-3 2.33196E-2 9.51576E-2 3.81579E-1 7.47907E-1 6.16978E-1 6.52663E-1 4.28009E-1 6.85025E-1 5.52648E-1 4.03271E-1 4.02268E-1 4.0825E-1 4.72479E-1 3.72187E-1 3.32781E-1 3.58613E-1 3.92648E-1 4.90991E-1 6.19674E-1 6.70732E-1 6.76265E-1 4.19574E-1 3.04683E-1 4.09339E-1 9.10973E-2 1.44867E-1 1.51303E-1 8.02559E-2 1.06909E-2 6.13544E-3 2.06326E-3 1.0002E-3
-9999 -9999 -9999 -9999 -9999 -9999 -9999 -9999 -9999 -9999 -9999 -9999 -9999 -9999 -9999 -9999 -9999 -9999 -9999 -9999 -9999 -9999 -9999 -9999 -9999 -9999 -9999 -9999 -9999 -9999 2.68157E-2 1.04553E-2 5.14417E-3 6.25326E-3 1.95317E-2 9.07019E-2 2.76778E-1 5.19925E-1 7.6518E-1 8.61058E-1 5.62099E-1 4.27889E-1 5.31012E-1 5.47541E-1 5.89155E-1 3.93798E-1 4.6856E-1 3.48825E-1 3.34585E-1 3.9101E-1 4.39111E-1 6.17711E-1 8.01567E-1 6.24315E-1 5.8129E-1 4.43471E-1 3.88312E-1 4.18003E-1 7.94793E-2 1.68847E-1 2.10236E-1 1.32898E-1 8.36454E-2 2.86214E-2 6.11187E-3 1.05576E-3
-9999 -9999 -9999 -9999 -9999 -9999 -9999 -9999 -9999 -9999 -9999 -9999 -9999 -9999 -9999 -9999 -9999 -9999 -9999 -9999 -9999 -9999 -9999 -9999 -9999 -9999 -9999 -9999 -9999 -9999 2.11741E-2 8.73052E-3 6.35323E-3 6.50798E-3 1.61826E-2 1.03819E-1 2.79231E-1 3.91149E-1 4.24005E-1 3.87801E-1 3.79793E-1 7.11556E-1 6.93905E-1 5.56773E-1 3.66595E-1 3.56702E-1 5.41455E-1 3.08068E-1 3.26051E-1 3.92883E-1 4.39841E-1 6.41426E-1 7.77491E-1 6.33076E-1 6.34238E-1 3.11242E-1 3.59967E-1 5.74511E-1 1.32718E-1 3.0131E-1 2.49922E-1 4.11287E-2 6.214E-2 8.169E-2 9.44666E-3 1.7576E-3
-9999 -9999 -9999 -9999 -9999 -9999 -9999 -9999 -9999 -9999 -9999 -9999 -9999 -9999 -9999 -9999 -9999 -9999 -9999 -9999 -9999 -9999 -9999 -9999 -9999 -9999 -9999 -9999 -9999 -9999 5.12867E-2 2.93631E-2 1.0226E-2 7.57086E-3 2.16364E-2 1.2942E-1 2.28366E-1 2.78484E-1 3.91117E-1 6.44038E-1 3.33471E-1 5.88646E-1 7.88715E-1 9.20183E-1 4.55768E-1 4.41252E-1 3.13435E-1 3.27201E-1 3.84496E-1 4.5384E-1 7.67985E-1 8.10487E-1 7.86597E-1 6.89094E-1 5.37765E-1 3.48211E-1 2.70232E-1 5.25111E-1 1.81542E-1 5.46219E-1 3.39241E-1 2.5076E-2 2.60281E-2 3.59112E-2 6.59379E-3 3.20659E-3
-9999 -9999 -9999 -9999 -9999 -9999 -9999 -9999 -9999 -9999 -9999 -9999 -9999 -9999 -9999 -9999 -9999 -9999 -9999 -9999 -9999 -9999 -9999 -9999 -9999 -9999 -9999 -9999 -9999 1.88825E-2 1.02281E-1 7.51621E-2 1.77065E-2 8.01493E-3 2.97188E-2 1.3904E-1 2.08006E-1 1.55186E-1 1.2893E-1 3.31112E-1 6.03188E-1 7.8955E-1 8.56573E-1 8.51474E-1 6.18064E-1 3.48843E-1 4.40408E-1 4.39732E-1 4.55221E-1 5.38171E-1 8.7474E-1 8.69206E-1 6.71617E-1 6.5078E-1 4.98858E-1 5.0271E-1 3.80387E-1 3.47868E-1 3.62262E-1 6.34444E-1 1.67231E-1 2.51773E-2 2.74188E-2 4.46094E-3 3.08718E-3 2.85025E-3
-9999 -9999 -9999 -9999 -9999 -9999 -9999 -9999 -9999 -9999 -9999 -9999 -9999 -9999 -9999 -9999 -9999 -9999 -9999 -9999 -9999 -9999 -9999 -9999 -9999 -9999 -9999 -9999 -9999 7.62033E-2 1.16173E-1 5.828E-2 1.5298E-2 1.02933E-2 4.77039E-2 1.45596E-1 2.1826E-1 2.12897E-1 1.07764E-1 5.89556E-1 4.79829E-1 8.41273E-1 8.25683E-1 8.90845E-1 7.111E-1 3.80274E-1 6.91578E-1 7.02682E-1 9.25481E-1 8.1071E-1 7.78638E-1 6.23106E-1 5.91501E-1 6.34407E-1 5.01156E-1 4.9066E-1 4.18244E-1 3.88832E-1 5.65619E-1 6.78174E-1 1.58341E-1 5.3022E-2 5.54115E-2 2.13563E-3 1.92626E-3 1.99295E-3
-9999 -9999 -9999 -9999 -9999 -9999 -9999 -9999 -9999 -9999 -9999 -9999 -9999 -9999 -9999 -9999 -9999 -9999 -9999 -9999 -9999 -9999 -9999 -9999 -9999 -9999 -9999 -9999 -9999 4.11429E-2 9.93305E-2 5.18036E-2 1.69919E-2 1.30021E-2 4.92964E-2 8.98904E-2 1.57962E-1 1.59853E-1 8.75427E-2 1.7834E-1 4.26293E-1 6.19306E-1 8.40018E-1 9.08678E-1 6.23052E-1 4.34862E-1 7.49115E-1 7.86172E-1 7.9047E-1 7.90449E-1 7.61683E-1 4.14276E-1 7.29954E-1 6.03609E-1 4.84936E-1 5.103E-1 4.43222E-1 5.26209E-1 7.52976E-1 7.59605E-1 2.11308E-1 5.52097E-2 1.72219E-2 1.95972E-3 9.84076E-4 1.02942E-3
-9999 -9999 -9999 -9999 -9999 -9999 -9999 -9999 -9999 -9999 -9999 -9999 -9999 -9999 -9999 -9999 -9999 -9999 -9999 -9999 -9999 -9999 -9999 -9999 -9999 -9999 -9999 -9999 -9999 9.37161E-2 9.1088E-2 4.9025E-2 1.98948E-2 2.29455E-2 5.26604E-2 9.53573E-2 1.37809E-1 7.13602E-2 5.75822E-2 6.48677E-2 8.92885E-2 5.07522E-1 9.26642E-1 6.86339E-1 9.11074E-1 5.52027E-1 8.1212E-1 8.70998E-1 7.93777E-1 8.91066E-1 8.525E-1 5.58683E-1 7.84198E-1 6.32132E-1 5.37892E-1 5.81484E-1 5.0588E-1 5.79622E-1 8.72422E-1 5.79264E-1 2.30085E-1 4.36719E-2 3.48528E-3 1.52039E-3 1.31755E-3 4.9662E-4
-9999 -9999 -9999 -9999 -9999 -9999 -9999 -9999 -9999 -9999 -9999 -9999 -9999 -9999 -9999 -9999 -9999 -9999 -9999 -9999 -9999 -9999 -9999 -9999 -9999 -9999 -9999 -9999 -9999 1.06467E-1 1.16059E-1 1.13257E-1 2.54189E-2 2.62371E-2 4.98788E-2 9.34706E-2 6.37014E-2 5.52807E-2 4.31133E-2 5.57737E-2 1.15528E-1 5.25426E-1 9.26709E-1 8.91913E-1 7.6244E-1 7.03831E-1 8.54058E-1 9.11233E-1 9.04854E-1 8.71703E-1 4.9745E-1 6.30283E-1 8.07147E-1 5.55874E-1 6.24615E-1 5.53929E-1 5.58587E-1 6.63323E-1 9.11355E-1 6.95338E-1 2.42918E-1 1.09944E-2 1.07616E-3 9.98528E-4 5.65988E-4 4.3662E-4
-9999 -9999 -9999 -9999 -9999 -9999 -9999 -9999 -9999 -9999 -9999 -9999 -9999 -9999 -9999 -9999 -9999 -9999 -9999 -9999 -9999 -9999 -9999 -9999 -9999 -9999 -9999 -9999 -9999 5.15188E-2 1.40402E-1 9.92066E-2 3.991E-2 2.82383E-2 4.58693E-2 9.43977E-2 6.97546E-2 4.48022E-2 5.52861E-2 1.15859E-1 1.48646E-1 3.60999E-1 8.49202E-1 9.00254E-1 6.34283E-1 6.8396E-1 8.48711E-1 9.52908E-1 8.76828E-1 8.43873E-1 8.64856E-1 7.27012E-1 7.52888E-1 5.34507E-1 6.36846E-1 5.27187E-1 6.57196E-1 7.97138E-1 7.77683E-1 4.86071E-1 7.63373E-2 4.95117E-3 1.60997E-3 6.54791E-4 3.71593E-4 4.16517E-4
-9999 -9999 -9999 -9999 -9999 -9999 -9999 -9999 -9999 -9999 -9999 -9999 -9999 -9999 -9999 -9999 -9999 -9999 -9999 -9999 -9999 -9999 -9999 -9999 -9999 -9999 -9999 -9999 -9999 7.31689E-2 8.3504E-2 7.57525E-2 4.88786E-2 3.46312E-2 5.36361E-2 8.39663E-2 8.65792E-2 5.02994E-2 6.32665E-2 9.56271E-2 7.91823E-2 1.13062E-1 7.9649E-1 7.27704E-1 8.14487E-1 8.34019E-1 8.61628E-1 8.69326E-1 8.61282E-1 8.3085E-1 8.56491E-1 7.94422E-1 7.88767E-1 6.35288E-1 5.55131E-1 5.15947E-1 6.87185E-1 8.25088E-1 6.99665E-1 2.66607E-1 4.83104E-2 2.98109E-3 8.551E-4 4.779E-4 3.46974E-4 4.20275E-4
-9999 -9999 -9999 -9999 -9999 -9999 -9999 -9999 -9999 -9999 -9999 -9999 -9999 -9999 -9999 -9999 -9999 -9999 -9999 -9999 -9999 -9999 -9999 -9999 -9999 -9999 -9999 -9999 -9999 6.50095E-2 1.08961E-1 6.98535E-2 4.95212E-2 3.98811E-2 6.62759E-2 6.0417E-2 5.99109E-2 7.03504E-2 7.71868E-2 5.82792E-2 3.72254E-2 4.16417E-2 3.33983E-1 7.85544E-1 8.3359E-1 4.26002E-1 4.76986E-1 8.35183E-1 8.91419E-1 7.93707E-1 8.97583E-1 8.00451E-1 8.29014E-1 7.18774E-1 4.79412E-1 5.77394E-1 7.22866E-1 7.5686E-1 8.37313E-1 4.98751E-1 1.36434E-1 2.94219E-3 9.43068E-4 4.04398E-4 3.9403E-4 4.33118E-4
-9999 -9999 -9999 -9999 -9999 -9999 -9999 -9999 -9999 -9999 -9999 -9999 -9999 -9999 -9999 -9999 -9999 -9999 -9999 -9999 -9999 -9999 -9999 -9999 -9999 -9999 -9999 -9999 1.12281E-2 6.21965E-2 9.64272E-2 6.21452E-2 5.44773E-2 3.4418E-2 5.63174E-2 7.12561E-2 9.81866E-2 1.43508E-1 1.11869E-1 4.57997E-2 3.02927E-2 3.16105E-2 2.45424E-1 8.18289E-1 8.10802E-1 5.49866E-1 6.06593E-1 7.72683E-1 8.03788E-1 7.1498E-1 7.05727E-1 7.99513E-1 7.78939E-1 6.60816E-1 4.8904E-1 7.33975E-1 7.73568E-1 7.11156E-1 8.1937E-1 8.53053E-1 2.14522E-1 4.42889E-3 9.4757E-4 4.84475E-4 3.76661E-4 4.24788E-4
-9999 -9999 -9999 -9999 -9999 -9999 -9999 -9999 -9999 -9999 -9999 -9999 -9999 -9999 -9999 -9999 -9999 -9999 -9999 -9999 -9999 -9999 -9999 -9999 -9999 -9999 -9999 2.04857E-3 1.80817E-2 7.18225E-2 8.71759E-2 3.42992E-2 5.96999E-2 5.00857E-2 7.32494E-2 9.41532E-2 8.57773E-2 9.03634E-2 5.90744E-2 4.6822E-2 4.61658E-2 3.18706E-2 8.33001E-2 5.93621E-1 8.19914E-1 7.08583E-1 4.17226E-1 4.47354E-1 6.66389E-1 6.58094E-1 6.50488E-1 7.34535E-1 6.45756E-1 7.14933E-1 5.64901E-1 8.15725E-1 7.35569E-1 6.24704E-1 6.98497E-1 8.63596E-1 3.25764E-1 5.00179E-3 9.96678E-4 5.44963E-4 4.54151E-4 3.83968E-4
-9999 -9999 -9999 -9999 -9999 -9999 -9999 -9999 -9999 -9999 -9999 -9999 -9999 -9999 -9999 -9999 -9999 -9999 -9999 -9999 -9999 -9999 -9999 -9999 -9999 -9999 -9999 3.43359E-3 1.87524E-2 3.29202E-2 4.05112E-2 3.67598E-2 8.13927E-2 8.59742E-2 7.90713E-2 7.93046E-2 6.91756E-2 8.00869E-2 4.64837E-2 4.72777E-2 4.75971E-2 3.91296E-2 1.26761E-1 6.53003E-1 5.77165E-1 6.20524E-1 7.21523E-1 3.74647E-1 5.06972E-1 7.8097E-1 7.74066E-1 6.69342E-1 6.77156E-1 5.52755E-1 5.2067E-1 5.82194E-1 8.34503E-1 5.96267E-1 7.33509E-1 4.98119E-1 1.08693E-1 5.78851E-3 8.60853E-4 6.35289E-4 5.86846E-4 5.81457E-4
-9999 -9999 -9999 -9999 -9999 -9999 -9999 -9999 -9999 -9999 -9999 -9999 -9999 -9999 -9999 -9999 -9999 -9999 -9999 -9999 -9999 -9999 -9999 -9999 -9999 -9999 -9999 -9999 1.46201E-2 4.81013E-2 3.69345E-2 1.96259E-2 5.88975E-2 8.8759E-2 8.7004E-2 6.36873E-2 5.19412E-2 7.06249E-2 5.5414E-2 5.02572E-2 4.67477E-2 4.18278E-2 1.57203E-1 7.10522E-1 6.80502E-1 6.99446E-1 6.85714E-1 4.66547E-1 4.81758E-1 6.62937E-1 7.91803E-1 6.96253E-1 6.90892E-1 4.83259E-1 5.77967E-1 6.622E-1 8.51958E-1 5.05638E-1 6.77375E-1 6.23564E-2 4.14359E-2 8.05473E-3 9.6332E-4 6.80953E-4 6.51063E-4 7.8043E-4
-9999 -9999 -9999 -9999 -9999 -9999 -9999 -9999 -9999 -9999 -9999 -9999 -9999 -9999 -9999 -9999 -9999 -9999 -9999 -9999 -9999 -9999 -9999 -9999 -9999 -9999 -9999 -9999 1.28545E-2 1.99856E-2 2.08441E-2 1.59324E-2 6.19791E-2 8.5264E-2 9.99176E-2 8.10316E-2 7.05641E-2 1.95497E-1 9.62489E-2 6.97185E-2 6.49763E-2 6.13411E-2 2.2E-1 7.18208E-1 9.72351E-1 7.23238E-1 5.98162E-1 4.73614E-1 7.59226E-1 6.65666E-1 7.91165E-1 7.26972E-1 5.47725E-1 6.11198E-1 6.1881E-1 7.74666E-1 6.76061E-1 5.54045E-1 2.42354E-1 9.43706E-3 2.95496E-3 1.08591E-3 8.09425E-4 7.7527E-4 8.39148E-4 9.34181E-4
-9999 -9999 -9999 -9999 -9999 -9999 -9999 -9999 -9999 -9999 -9999 -9999 -9999 -9999 -9999 -9999 -9999 -9999 -9999 -9999 -9999 -9999 -9999 -9999 -9999 -9999 -9999 9.42111E-3 2.11185E-2 7.67054E-2 3.86312E-2 1.81293E-2 3.98642E-2 8.6476E-2 8.7002E-2 7.55325E-2 1.07104E-1 2.33129E-1 6.77006E-2 1.79009E-1 8.79155E-2 1.45385E-1 3.15878E-1 5.12738E-1 7.23596E-1 7.16468E-1 5.43551E-1 2.89781E-1 5.57672E-1 6.82394E-1 8.20542E-1 7.76938E-1 6.31708E-1 6.44902E-1 8.24458E-1 8.69989E-1 7.43932E-1 1.6927E-1 3.25068E-2 4.84344E-3 2.24301E-3 1.06526E-3 1.11884E-3 1.58357E-3 1.19274E-3 9.7921E-4
-9999 -9999 -9999 -9999 -9999 -9999 -9999 -9999 -9999 -9999 -9999 -9999 -9999 -9999 -9999 -9999 -9999 -9999 -9999 -9999 -9999 -9999 -9999 -9999 -9999 -9999 -9999 4.49413E-2 4.91289E-2 7.1577E-2 6.7187E-2 5.26935E-2 7.64444E-2 9.52504E-2 1.25012E-1 1.55717E-1 3.25961E-1 2.07277E-1 1.57849E-1 3.00656E-1 1.41512E-1 2.98827E-1 6.91918E-1 6.19283E-1 4.75719E-1 7.36041E-1 6.72124E-1 3.1557E-1 5.38245E-1 6.98234E-1 9.11376E-1 8.93471E-1 6.62336E-1 8.2091E-1 7.9401E-1 9.44424E-1 6.46124E-1 4.91843E-2 1.6641E-2 7.31333E-3 1.8605E-3 1.32386E-3 2.10448E-3 7.30544E-3 2.27544E-3 1.06154E-3
-9999 -9999 -9999 -9999 -9999 -9999 -9999 -9999 -9999 -9999 -9999 -9999 -9999 -9999 -9999 -9999 -9999 -9999 -9999 -9999 -9999 -9999 -9999 -9999 -9999 -9999 -9999 8.42363E-2 1.24894E-1 9.09256E-2 7.5739E-2 7.51054E-2 9.95502E-2 1.25627E-1 1.89381E-1 3.27484E-1 3.79907E-1 2.15943E-1 5.10369E-1 3.14467E-1 3.06283E-1 7.89175E-1 4.17702E-1 6.09662E-1 2.81004E-1 6.0976E-1 6.55961E-1 4.84095E-1 5.48707E-1 9.5706E-1 9.08969E-1 8.71453E-1 7.48221E-1 7.8288E-1 7.69299E-1 8.82887E-1 8.05127E-1 4.60028E-2 1.00637E-2 6.92593E-3 2.36546E-3 1.97471E-3 3.7367E-3 1.29889E-2 2.44855E-3 1.18516E-3
-9999 -9999 -9999 -9999 -9999 -9999 -9999 -9999 -9999 -9999 -9999 -9999 -9999 -9999 -9999 -9999 -9999 -9999 -9999 -9999 -9999 -9999 -9999 -9999 -9999 -9999 -9999 1.05156E-1 2.33932E-1 2.36379E-1 1.07992E-1 8.71624E-2 8.15242E-2 1.30698E-1 1.96495E-1 3.65457E-1 2.48515E-1 3.23494E-1 6.17417E-1 5.34465E-1 5.7404E-1 7.22844E-1 4.66269E-1 1.66698E-1 2.94102E-1 3.15151E-1 6.66124E-1 4.67972E-1 7.21583E-1 9.39173E-1 8.72258E-1 9.34259E-1 9.33396E-1 8.94713E-1 6.32121E-1 8.07274E-1 7.84721E-1 6.81238E-2 9.63885E-3 6.10153E-3 3.08914E-3 2.69868E-3 5.22992E-3 1.3238E-2 1.91022E-3 1.36291E-3
-9999 -9999 -9999 -9999 -9999 -9999 -9999 -9999 -9999 -9999 -9999 -9999 -9999 -9999 -9999 -9999 -9999 -9999 -9999 -9999 -9999 -9999 -9999 -9999 -9999 -9999 -9999 1.28822E-1 3.07533E-1 2.80169E-1 1.46576E-1 7.36207E-2 6.83188E-2 1.37416E-1 3.27551E-1 3.29302E-1 2.7597E-1 4.47412E-1 7.13844E-1 7.54423E-1 5.66167E-1 6.38646E-1 2.42546E-1 2.55466E-1 2.34307E-1 2.33539E-1 5.70195E-1 4.19561E-1 7.35308E-1 5.38775E-1 7.17082E-1 9.54178E-1 8.98555E-1 9.15029E-1 6.82357E-1 6.24428E-1 3.41991E-1 2.59345E-2 6.53835E-3 5.40583E-3 3.5204E-3 3.95273E-3 8.12297E-3 3.22011E-3 1.84174E-3 1.88957E-3
-9999 -9999 -9999 -9999 -9999 -9999 -9999 -9999 -9999 -9999 -9999 -9999 -9999 -9999 -9999 -9999 -9999 -9999 -9999 -9999 -9999 -9999 -9999 -9999 -9999 -9999 -9999 1.49482E-1 2.66254E-1 2.35979E-1 2.03098E-1 1.01397E-1 1.38459E-1 2.06517E-1 3.65939E-1 4.55941E-1 3.23968E-1 5.59403E-1 8.37625E-1 7.01661E-1 5.35131E-1 5.54998E-1 2.17219E-1 2.66237E-1 2.11004E-1 2.76491E-1 5.60401E-1 5.25877E-1 5.15107E-1 5.56713E-1 8.14228E-1 9.76414E-1 7.286E-1 7.31196E-1 5.79241E-1 4.24755E-1 6.1501E-2 1.41289E-2 8.41552E-3 5.63076E-3 5.92714E-3 1.26058E-2 4.07847E-3 2.39631E-3 2.31419E-3 2.0764E-3
-9999 -9999 -9999 -9999 -9999 -9999 -9999 -9999 -9999 -9999 -9999 -9999 -9999 -9999 -9999 -9999 -9999 -9999 -9999 -9999 -9999 -9999 -9999 -9999 -9999 -9999 -9999 3.78536E-2 2.10208E-1 2.45198E-1 1.71358E-1 2.01118E-1 2.64851E-1 2.10681E-1 3.52921E-1 5.56531E-1 4.72316E-1 6.1641E-1 7.15756E-1 7.23588E-1 5.52081E-1 4.93328E-1 2.71093E-1 2.40485E-1 2.33364E-1 1.92715E-1 6.33416E-1 6.01045E-1 8.47775E-1 7.04551E-1 9.38039E-1 9.75404E-1 6.86784E-1 3.73889E-1 7.48249E-1 2.51663E-1 2.72944E-2 1.61866E-2 1.14461E-2 6.64367E-3 6.89947E-3 1.0489E-2 4.01169E-3 2.64212E-3 2.51798E-3 2.04726E-3
-9999 -9999 -9999 -9999 -9999 -9999 -9999 -9999 -9999 -9999 -9999 -9999 -9999 -9999 -9999 -9999 -9999 -9999 -9999 -9999 -9999 -9999 -9999 -9999 -9999 -9999 -9999 9.50009E-3 6.65849E-2 6.81596E-2 9.5204E-2 1.89772E-1 2.79856E-1 3.07133E-1 5.51799E-1 5.93073E-1 4.71459E-1 5.70094E-1 6.42489E-1 7.75291E-1 5.92187E-1 4.40252E-1 5.1778E-1 2.88161E-1 3.0086E-1 2.24557E-1 5.37926E-1 5.43641E-1 8.84678E-1 8.19796E-1 9.74352E-1 8.32915E-1 5.43839E-1 3.50947E-1 7.10963E-1 3.36768E-1 2.34051E-2 1.36459E-2 1.4497E-2 5.13818E-3 5.60434E-3 4.52317E-3 2.80666E-3 2.12433E-3 2.28483E-3 1.78623E-3
-9999 -9999 -9999 -9999 -9999 -9999 -9999 -9999 -9999 -9999 -9999 -9999 -9999 -9999 -9999 -9999 -9999 -9999 -9999 -9999 -9999 -9999 -9999 -9999 -9999 -9999 -9999 -9999 3.66387E-2 5.83112E-2 9.36945E-2 1.0369E-1 1.8674E-1 2.54153E-1 5.0671E-1 6.20253E-1 4.9543E-1 5.34092E-1 7.75312E-1 7.60283E-1 6.63459E-1 4.49485E-1 6.89833E-1 5.42948E-1 6.46342E-1 4.38848E-1 6.10491E-1 6.45178E-1 7.29564E-1 8.43031E-1 9.36324E-1 3.41199E-1 2.8754E-1 3.88361E-1 5.5376E-1 2.60723E-1 3.17365E-2 9.11846E-3 1.35907E-2 1.18682E-2 3.71848E-3 3.57019E-3 2.45179E-3 2.23309E-3 2.08016E-3 1.85231E-3
-9999 -9999 -9999 -9999 -9999 -9999 -9999 -9999 -9999 -9999 -9999 -9999 -9999 -9999 -9999 -9999 -9999 -9999 -9999 -9999 -9999 -9999 -9999 -9999 -9999 -9999 -9999 -9999 2.32045E-2 4.65446E-2 9.26914E-2 7.81129E-2 1.48566E-1 2.36208E-1 3.47702E-1 5.45248E-1 6.37973E-1 5.72292E-1 7.53197E-1 6.85353E-1 7.22741E-1 6.43814E-1 6.99495E-1 6.91308E-1 5.297E-1 4.20576E-1 7.36264E-1 5.89744E-1 7.07424E-1 9.31435E-1 8.90902E-1 2.5135E-1 1.62074E-1 4.17127E-1 4.74874E-1 2.16734E-1 1.69131E-2 1.21753E-2 4.54482E-2 1.84966E-2 4.15397E-3 3.88288E-3 3.00101E-3 2.8063E-3 2.21496E-3 1.70526E-3
