Leopardus jacobita/Leopardus_jacobita.asc
ncols         515
nrows         545
xllcorner     -119.0
yllcorner     -58.333333333333
cellsize      0.166666666667
NODATA_value  -9999
[rows 406 to 434 of 545, columns 264 to 329 of 515]
-9999 -9999 -9999 -9999 -9999 -9999 -9999 -9999 -9999 -9999 -9999 -9999 -9999 -9999 -9999 1.68745E-2 2.35997E-2 2.49775E-2 3.18193E-2 2.9733E-2 2.8897E-2 5.67754E-2 5.11701E-2 4.72071E-2 6.51591E-2 1.34175E-1 1.59796E-1 2.13191E-1 1.95403E-1 1.97553E-1 2.21448E-1 2.25125E-1 1.78631E-1 1.66402E-1 1.71095E-1 2.22779E-1 3.21598E-1 3.27084E-1 3.68218E-1 2.94924E-1 1.36121E-1 6.49614E-2 5.65578E-2 5.30478E-2 5.29552E-2 3.86593E-2 3.34248E-2 3.15552E-2 3.56561E-2 3.35855E-2 3.27645E-2 2.76201E-2 2.63304E-2 2.50189E-2 2.31128E-2 2.66326E-2 3.5657E-2 3.73673E-2 2.94455E-2 2.78828E-2 3.17671E-2 2.85989E-2 2.62456E-2 2.15724E-2 1.32079E-2 1.06441E-2
-9999 -9999 -9999 -9999 -9999 -9999 -9999 -9999 -9999 -9999 -9999 -9999 -9999 -9999 1.74512E-2 2.23174E-2 1.92454E-2 2.38478E-2 2.82756E-2 2.97305E-2 3.3033E-2 3.92601E-2 4.11353E-2 4.23761E-2 7.34591E-2 1.20059E-1 1.76794E-1 2.05564E-1 2.34286E-1 2.06177E-1 2.40891E-1 2.34075E-1 1.82939E-1 1.58601E-1 1.82532E-1 2.27439E-1 3.55446E-1 3.70875E-1 4.3143E-1 3.93246E-1 2.00952E-1 1.04156E-1 5.65395E-2 6.2975E-2 3.91003E-2 3.57462E-2 3.21894E-2 2.95159E-2 3.36646E-2 3.21343E-2 3.13567E-2 2.51819E-2 2.54828E-2 2.46984E-2 2.58062E-2 2.72407E-2 3.82708E-2 3.56196E-2 2.8128E-2 2.66623E-2 3.03661E-2 2.72005E-2 2.45009E-2 2.1252E-2 1.23947E-2 1.03178E-2
-9999 -9999 -9999 -9999 -9999 -9999 -9999 -9999 -9999 -9999 -9999 -9999 -9999 -9999 1.95123E-2 2.09635E-2 2.19239E-2 1.91798E-2 2.65867E-2 2.46739E-2 2.42854E-2 3.26587E-2 2.90131E-2 4.37686E-2 1.08078E-1 1.54116E-1 1.85188E-1 2.08177E-1 2.57717E-1 2.45073E-1 2.98059E-1 2.94274E-1 2.2501E-1 1.89304E-1 2.13557E-1 1.53683E-1 3.61348E-1 5.19237E-1 6.56242E-1 5.36651E-1 3.86888E-1 1.34488E-1 8.54987E-2 5.92633E-2 3.48442E-2 3.41589E-2 3.07089E-2 3.28452E-2 3.08786E-2 2.87647E-2 2.94076E-2 2.39898E-2 2.47795E-2 2.45756E-2 2.5342E-2 2.3339E-2 3.72638E-2 3.46628E-2 2.74044E-2 2.65531E-2 2.96139E-2 2.67724E-2 2.32667E-2 1.86924E-2 1.20182E-2 9.63884E-3
-9999 -9999 -9999 -9999 -9999 -9999 -9999 -9999 -9999 -9999 -9999 -9999 -9999 -9999 1.90891E-2 1.87431E-2 1.75588E-2 1.78449E-2 1.59116E-2 1.52254E-2 1.22136E-2 1.366E-2 2.16987E-2 3.01616E-2 6.35751E-2 1.15076E-1 1.78646E-1 2.00973E-1 2.73787E-1 2.69278E-1 2.51655E-1 2.79222E-1 2.74998E-1 1.99055E-1 2.58559E-1 2.06705E-1 4.1817E-1 4.46206E-1 4.97388E-1 4.34059E-1 3.7574E-1 1.44531E-1 8.00822E-2 5.45578E-2 3.21558E-2 3.03207E-2 2.86744E-2 3.11806E-2 2.86784E-2 2.75308E-2 2.91848E-2 2.36069E-2 2.37532E-2 2.38446E-2 2.55484E-2 3.56693E-2 3.62522E-2 3.44259E-2 2.73018E-2 2.59249E-2 2.89708E-2 2.57776E-2 2.13917E-2 1.85703E-2 1.20701E-2 9.93252E-3
-9999 -9999 -9999 -9999 -9999 -9999 -9999 -9999 -9999 -9999 -9999 -9999 -9999 1.19866E-2 1.66372E-2 1.74416E-2 1.46395E-2 1.3421E-2 1.17215E-2 9.86246E-3 1.20777E-2 1.41909E-2 2.77106E-2 4.72688E-2 9.15677E-2 1.38459E-1 1.75663E-1 1.84807E-1 2.53735E-1 3.01716E-1 2.99811E-1 1.98414E-1 3.37375E-1 2.91635E-1 2.43775E-1 2.48478E-1 3.61899E-1 5.18976E-1 5.09788E-1 4.42007E-1 2.67842E-1 1.29671E-1 8.95573E-2 5.27578E-2 4.57561E-2 3.24565E-2 2.59995E-2 2.9067E-2 2.64966E-2 2.61407E-2 2.7151E-2 2.73602E-2 2.25458E-2 2.30303E-2 2.5593E-2 3.53252E-2 3.61549E-2 2.75414E-2 2.66414E-2 2.53204E-2 2.94828E-2 2.55059E-2 2.27199E-2 2.07909E-2 1.2468E-2 1.03057E-2
-9999 -9999 -9999 -9999 -9999 -9999 -9999 -9999 -9999 -9999 -9999 -9999 -9999 1.24466E-2 1.22148E-2 1.12199E-2 1.23233E-2 8.38093E-3 8.38384E-3 9.53033E-3 1.14716E-2 1.20451E-2 2.862E-2 7.06515E-2 1.08397E-1 1.53093E-1 1.5718E-1 1.83825E-1 2.37661E-1 3.52149E-1 2.84766E-1 1.97586E-1 2.90436E-1 4.07941E-1 2.97095E-1 2.90258E-1 4.23159E-1 4.65288E-1 4.52943E-1 3.25272E-1 2.06757E-1 1.16133E-1 7.9068E-2 4.4987E-2 4.79852E-2 2.97035E-2 2.77932E-2 2.78902E-2 2.43835E-2 2.51806E-2 2.5339E-2 2.66272E-2 2.23061E-2 2.40343E-2 2.20205E-2 3.67374E-2 2.94224E-2 2.73731E-2 2.65902E-2 1.98871E-2 2.7672E-2 2.5064E-2 2.20328E-2 1.92898E-2 1.66651E-2 1.13998E-2
-9999 -9999 -9999 -9999 -9999 -9999 -9999 -9999 -9999 -9999 -9999 -9999 5.0621E-3 8.2883E-3 8.08901E-3 8.05276E-3 6.90601E-3 7.57083E-3 7.89436E-3 1.09566E-2 1.26438E-2 1.49563E-2 4.46329E-2 9.31853E-2 1.08805E-1 1.555E-1 1.81762E-1 2.4293E-1 2.7825E-1 2.78454E-1 3.50294E-1 2.39005E-1 1.99394E-1 3.36081E-1 3.81537E-1 3.94674E-1 3.75442E-1 4.00782E-1 3.51327E-1 2.99337E-1 2.05514E-1 1.34302E-1 7.48997E-2 4.25757E-2 4.65653E-2 2.86572E-2 2.67198E-2 2.51794E-2 2.56612E-2 2.41634E-2 2.4496E-2 2.11624E-2 2.18833E-2 2.39706E-2 3.52049E-2 3.56047E-2 2.82168E-2 2.62607E-2 2.5022E-2 2.43202E-2 2.71167E-2 2.52806E-2 2.32869E-2 1.94868E-2 1.34395E-2 1.18683E-2
-9999 -9999 -9999 -9999 -9999 -9999 -9999 -9999 -9999 -9999 -9999 -9999 6.70024E-3 6.55807E-3 6.43045E-3 6.13405E-3 6.23889E-3 6.76746E-3 7.91741E-3 1.28571E-2 1.08202E-2 2.37272E-2 4.94041E-2 8.78714E-2 1.32018E-1 1.45143E-1 1.64359E-1 2.08428E-1 3.02039E-1 2.79377E-1 4.08099E-1 2.61064E-1 2.11634E-1 3.80449E-1 5.17332E-1 6.00544E-1 4.12699E-1 4.01933E-1 2.81602E-1 2.27531E-1 1.29768E-1 1.3034E-1 7.3411E-2 4.43226E-2 4.95018E-2 4.327E-2 2.76418E-2 2.61674E-2 2.50165E-2 2.35611E-2 2.32871E-2 2.02589E-2 2.14857E-2 2.42197E-2 3.55723E-2 3.42274E-2 2.77639E-2 2.58673E-2 2.4665E-2 2.39532E-2 2.77339E-2 2.57038E-2 2.18216E-2 1.87534E-2 1.71125E-2 1.27377E-2
-9999 -9999 -9999 -9999 -9999 -9999 -9999 -9999 -9999 -9999 -9999 5.19471E-3 6.36784E-3 7.2463E-3 5.66816E-3 5.35712E-3 5.91825E-3 6.45399E-3 1.23524E-2 8.9466E-3 1.19616E-2 2.80681E-2 5.04237E-2 1.18516E-1 1.33025E-1 1.70963E-1 2.24456E-1 1.85324E-1 2.98137E-1 2.64477E-1 3.4169E-1 1.75612E-1 2.17533E-1 4.26378E-1 5.09287E-1 4.07702E-1 3.1744E-1 2.71586E-1 2.31491E-1 2.24776E-1 1.35821E-1 9.62023E-2 7.82603E-2 4.68942E-2 4.33238E-2 4.58571E-2 2.87079E-2 2.37021E-2 2.2018E-2 2.3899E-2 2.36243E-2 2.12363E-2 2.32892E-2 2.44118E-2 2.13261E-2 3.44523E-2 3.28381E-2 2.5556E-2 2.47683E-2 2.41764E-2 1.88481E-2 2.59435E-2 2.32076E-2 1.98945E-2 1.63697E-2 1.80932E-2
-9999 -9999 -9999 -9999 -9999 -9999 -9999 -9999 -9999 -9999 5.26814E-3 6.04188E-3 6.36008E-3 6.92123E-3 6.00995E-3 5.15156E-3 5.21601E-3 6.15285E-3 8.54042E-3 1.178E-2 1.85905E-2 4.46831E-2 5.12187E-2 1.03354E-1 1.40328E-1 1.68911E-1 2.22944E-1 2.28411E-1 3.63282E-1 3.1153E-1 1.8186E-1 1.4178E-1 2.89033E-1 4.0557E-1 3.89995E-1 3.71006E-1 2.911E-1 1.9927E-1 2.0322E-1 1.42408E-1 1.55898E-1 9.6228E-2 8.01507E-2 4.89225E-2 4.48796E-2 3.17031E-2 2.81144E-2 2.45235E-2 2.59962E-2 2.13135E-2 2.04693E-2 2.24822E-2 2.15511E-2 2.22555E-2 2.02756E-2 3.41988E-2 3.33642E-2 2.6825E-2 2.54271E-2 2.48018E-2 2.30549E-2 2.67042E-2 2.47191E-2 2.16889E-2 2.13185E-2 2.14484E-2
-9999 -9999 -9999 -9999 -9999 -9999 -9999 -9999 6.09498E-3 -9999 4.56889E-3 5.0311E-3 5.71331E-3 5.96702E-3 4.70832E-3 4.6128E-3 4.94279E-3 5.19144E-3 9.66411E-3 1.35708E-2 1.9041E-2 4.47075E-2 7.04269E-2 9.4793E-2 1.21446E-1 1.91063E-1 1.77049E-1 2.23485E-1 3.10546E-1 3.95827E-1 2.79118E-1 1.92359E-1 2.56372E-1 3.14735E-1 3.5956E-1 3.82731E-1 2.97146E-1 2.01973E-1 2.08236E-1 1.54195E-1 1.40203E-1 1.02075E-1 8.41266E-2 5.22888E-2 4.70726E-2 2.73546E-2 3.00567E-2 2.96188E-2 2.88458E-2 2.31493E-2 2.17195E-2 2.14887E-2 2.28155E-2 2.31577E-2 2.47343E-2 2.27155E-2 3.50225E-2 2.71877E-2 2.65782E-2 2.5823E-2 2.46303E-2 2.44999E-2 2.31534E-2 2.16564E-2 2.38218E-2 2.15474E-2
-9999 -9999 -9999 -9999 -9999 -9999 -9999 -9999 5.01149E-3 5.33924E-3 4.26071E-3 5.85051E-3 4.52602E-3 4.8316E-3 5.64112E-3 4.78761E-3 4.64846E-3 5.30652E-3 7.89399E-3 1.11992E-2 2.14654E-2 3.6829E-2 8.06665E-2 1.08703E-1 1.80301E-1 1.21303E-1 1.7986E-1 1.9466E-1 2.53922E-1 3.39422E-1 2.80444E-1 1.71467E-1 1.71658E-1 2.01568E-1 2.26507E-1 2.61764E-1 4.29789E-1 2.95521E-1 2.12743E-1 1.71097E-1 1.60415E-1 9.36709E-2 1.01362E-1 5.49402E-2 4.91684E-2 4.4858E-2 2.7551E-2 2.67843E-2 2.6387E-2 2.6194E-2 2.28487E-2 2.25798E-2 2.36635E-2 2.47909E-2 2.55986E-2 2.29491E-2 3.45938E-2 3.29773E-2 2.73106E-2 2.7458E-2 2.66549E-2 2.67686E-2 2.63421E-2 2.53375E-2 2.44067E-2 2.27655E-2
-9999 -9999 -9999 -9999 -9999 -9999 -9999 2.40113E-3 3.60536E-3 2.79094E-3 3.33723E-3 5.22087E-3 4.6428E-3 3.88114E-3 4.91528E-3 4.20464E-3 4.46766E-3 4.91803E-3 7.13244E-3 9.70475E-3 1.7485E-2 2.71067E-2 5.34513E-2 9.64414E-2 1.46538E-1 1.14122E-1 1.90207E-1 1.34456E-1 1.96179E-1 4.02017E-1 2.99948E-1 2.223E-1 1.5606E-1 2.03319E-1 1.85597E-1 1.4991E-1 1.37344E-1 1.44989E-1 2.23215E-1 1.75508E-1 1.74491E-1 1.07707E-1 9.16387E-2 6.43884E-2 6.12256E-2 5.44479E-2 3.19452E-2 2.89866E-2 2.77965E-2 2.82848E-2 2.54773E-2 2.53257E-2 2.51041E-2 2.49003E-2 2.33387E-2 3.45818E-2 3.48423E-2 2.87485E-2 2.89629E-2 3.59634E-2 2.95905E-2 2.9929E-2 2.97041E-2 2.89442E-2 2.70933E-2 2.59614E-2
-9999 -9999 -9999 -9999 -9999 -9999 -9999 2.27125E-3 2.7142E-3 2.66658E-3 3.75011E-3 5.39682E-3 4.77724E-3 3.88534E-3 4.13889E-3 4.45484E-3 4.46253E-3 4.71472E-3 7.25753E-3 7.92904E-3 1.1765E-2 3.10272E-2 6.92042E-2 1.05675E-1 1.30166E-1 1.34466E-1 1.35797E-1 1.35674E-1 1.9469E-1 2.82601E-1 2.8781E-1 3.41916E-1 3.18895E-1 2.85108E-1 1.78178E-1 1.38953E-1 1.35852E-1 1.38048E-1 1.44276E-1 1.46565E-1 1.86204E-1 1.16415E-1 1.01272E-1 5.97944E-2 5.9267E-2 5.97343E-2 3.32954E-2 5.0142E-2 3.04699E-2 2.74556E-2 2.68343E-2 2.81749E-2 2.29545E-2 2.76693E-2 3.7307E-2 2.41809E-2 2.42139E-2 3.66591E-2 3.67147E-2 3.12301E-2 3.8444E-2 3.1854E-2 3.15917E-2 3.0967E-2 2.99212E-2 2.85796E-2
-9999 -9999 -9999 -9999 -9999 -9999 -9999 1.79569E-3 1.78426E-3 2.26312E-3 4.76624E-3 8.02849E-3 5.60403E-3 4.6804E-3 4.69861E-3 4.67188E-3 3.93765E-3 3.71149E-3 6.82239E-3 5.38562E-3 1.0016E-2 2.55656E-2 6.32471E-2 9.94368E-2 1.29044E-1 1.35782E-1 1.70046E-1 1.93259E-1 1.67807E-1 2.25476E-1 2.49696E-1 3.56432E-1 2.12819E-1 1.23882E-1 1.64848E-1 2.01095E-1 2.87657E-1 2.09499E-1 1.41461E-1 1.175E-1 1.19391E-1 1.19202E-1 1.09273E-1 6.52604E-2 6.67576E-2 5.73165E-2 5.73144E-2 5.62321E-2 5.08966E-2 2.87472E-2 2.78403E-2 2.75017E-2 2.96325E-2 2.95415E-2 2.40364E-2 2.49718E-2 2.487E-2 2.5119E-2 3.87869E-2 3.22482E-2 4.98358E-2 4.09285E-2 4.05091E-2 3.96778E-2 3.12211E-2 2.9395E-2
-9999 -9999 -9999 -9999 -9999 -9999 -9999 -9999 1.71409E-3 1.68126E-3 3.71478E-3 7.40823E-3 7.06817E-3 5.26606E-3 5.94009E-3 3.97308E-3 3.24835E-3 3.11724E-3 4.35256E-3 3.51957E-3 7.26001E-3 1.12804E-2 3.13815E-2 6.43095E-2 1.13798E-1 1.25621E-1 1.59593E-1 1.91638E-1 1.56682E-1 2.22555E-1 2.39972E-1 3.88613E-1 2.61766E-1 1.15362E-1 1.54297E-1 2.44374E-1 3.93197E-1 3.2544E-1 1.41882E-1 1.12809E-1 1.15555E-1 1.19726E-1 1.09787E-1 6.96997E-2 6.3832E-2 6.67099E-2 5.89918E-2 5.25976E-2 4.82923E-2 3.06808E-2 3.08553E-2 2.89054E-2 3.01904E-2 4.12103E-2 2.65993E-2 2.6462E-2 2.65707E-2 3.88481E-2 3.94039E-2 3.33811E-2 3.43959E-2 3.4198E-2 4.17381E-2 4.04249E-2 3.15634E-2 3.00221E-2
-9999 -9999 -9999 -9999 -9999 -9999 -9999 -9999 1.39306E-3 1.6616E-3 2.57281E-3 5.19402E-3 6.01207E-3 5.0757E-3 4.27165E-3 3.67953E-3 3.06945E-3 3.43712E-3 4.13408E-3 5.96077E-3 5.47273E-3 1.83198E-2 3.74696E-2 6.91069E-2 1.24636E-1 9.44835E-2 1.21483E-1 1.55789E-1 1.84435E-1 2.45452E-1 1.67873E-1 2.78758E-1 3.68817E-1 1.68294E-1 6.46027E-2 6.60674E-2 1.00739E-1 1.54356E-1 9.18214E-2 9.58152E-2 1.16219E-1 8.00785E-2 7.46493E-2 7.07545E-2 6.8974E-2 6.04132E-2 6.726E-2 5.8216E-2 5.30097E-2 5.05699E-2 3.10814E-2 3.08112E-2 3.12215E-2 3.26538E-2 4.08531E-2 4.1239E-2 4.15403E-2 4.19302E-2 4.13762E-2 4.19157E-2 3.47002E-2 3.4479E-2 3.44392E-2 3.35355E-2 3.21585E-2 3.03065E-2
-9999 -9999 -9999 -9999 -9999 -9999 -9999 -9999 -9999 1.50516E-3 2.41312E-3 3.88257E-3 4.71305E-3 5.1455E-3 3.87743E-3 3.39892E-3 3.02908E-3 3.73394E-3 3.78442E-3 5.58801E-3 9.0867E-3 7.80703E-3 1.84217E-2 5.35575E-2 9.72946E-2 9.35659E-2 1.19858E-1 1.93735E-1 1.64472E-1 2.23687E-1 2.48015E-1 1.85948E-1 4.51911E-1 2.44219E-1 9.2331E-2 5.05034E-2 5.95381E-2 5.53305E-2 9.43252E-2 9.76885E-2 1.16927E-1 1.18533E-1 7.62395E-2 7.27919E-2 6.88839E-2 6.5038E-2 6.35595E-2 5.63151E-2 5.81011E-2 3.5602E-2 3.28473E-2 3.26758E-2 3.3172E-2 2.85294E-2 4.05848E-2 4.22092E-2 4.38317E-2 4.38647E-2 4.2943E-2 4.37048E-2 4.52636E-2 4.39785E-2 3.4892E-2 3.40018E-2 2.11751E-2 3.01289E-2
-9999 -9999 -9999 -9999 -9999 -9999 7.44891E-4 -9999 1.52783E-3 2.28779E-3 3.14997E-3 4.07711E-3 5.13187E-3 4.7068E-3 3.76446E-3 3.51961E-3 3.75059E-3 4.39721E-3 5.50458E-3 9.05156E-3 9.23593E-3 1.21025E-2 1.62403E-2 5.27316E-2 8.86911E-2 1.1875E-1 1.00624E-1 1.59304E-1 2.20592E-1 2.26517E-1 2.03254E-1 1.8017E-1 3.76704E-1 3.0879E-1 1.37056E-1 7.1451E-2 7.88118E-2 8.81521E-2 9.23722E-2 1.36939E-1 1.37868E-1 1.43561E-1 1.13653E-1 7.6286E-2 8.90436E-2 8.71844E-2 8.17287E-2 6.3317E-2 6.22443E-2 5.76272E-2 4.54311E-2 4.48595E-2 4.61911E-2 3.60502E-2 4.33745E-2 4.31409E-2 4.4678E-2 4.63652E-2 4.6034E-2 4.64741E-2 4.66928E-2 4.6164E-2 3.69324E-2 3.56218E-2 3.38471E-2 3.21341E-2
-9999 -9999 -9999 -9999 -9999 -9999 7.61737E-4 -9999 1.88173E-3 2.47102E-3 3.44636E-3 4.18024E-3 5.10338E-3 4.69208E-3 3.72679E-3 4.01781E-3 3.82727E-3 5.16499E-3 5.4116E-3 6.96776E-3 1.24463E-2 1.41375E-2 1.98488E-2 4.95934E-2 8.2838E-2 1.24819E-1 1.06997E-1 1.41536E-1 2.16457E-1 2.51442E-1 2.86187E-1 2.65347E-1 2.41846E-1 2.05403E-1 1.34595E-1 8.82672E-2 1.2E-1 9.09795E-2 1.31159E-1 1.40103E-1 1.42452E-1 1.38025E-1 1.37E-1 1.15431E-1 1.15838E-1 1.11715E-1 7.07581E-2 6.61144E-2 6.28739E-2 5.66667E-2 5.19025E-2 4.59919E-2 2.98829E-2 3.07417E-2 4.75899E-2 4.67167E-2 4.64928E-2 4.77758E-2 4.83033E-2 4.82794E-2 4.07436E-2 4.05925E-2 3.9237E-2 3.84876E-2 3.7062E-2 3.42958E-2
-9999 -9999 -9999 -9999 -9999 -9999 -9999 -9999 1.41247E-3 2.24087E-3 3.24913E-3 3.44059E-3 4.34764E-3 3.87595E-3 2.73861E-3 2.9536E-3 3.50086E-3 4.38489E-3 4.97318E-3 6.80446E-3 1.02033E-2 1.19343E-2 2.31503E-2 4.90827E-2 8.64389E-2 1.26506E-1 1.45744E-1 1.68443E-1 2.4231E-1 3.31187E-1 3.14203E-1 1.89168E-1 2.69578E-1 1.48692E-1 9.97041E-2 7.70504E-2 5.95549E-2 4.67723E-2 7.25814E-2 9.85767E-2 1.25169E-1 8.51965E-2 9.13062E-2 1.15905E-1 1.161E-1 1.20046E-1 1.14357E-1 7.10543E-2 6.34458E-2 6.02934E-2 5.58783E-2 5.06426E-2 4.85042E-2 3.15657E-2 3.30281E-2 5.08357E-2 5.08893E-2 3.45403E-2 5.13562E-2 5.23825E-2 5.24704E-2 4.23908E-2 4.21315E-2 4.07559E-2 3.8795E-2 2.94162E-2
-9999 -9999 -9999 -9999 -9999 -9999 -9999 -9999 -9999 1.48764E-3 2.35141E-3 3.18202E-3 3.07014E-3 3.05924E-3 2.85157E-3 2.64167E-3 3.69753E-3 3.57213E-3 5.8072E-3 1.07832E-2 9.99064E-3 1.36993E-2 2.71227E-2 5.95974E-2 8.13872E-2 1.10523E-1 1.84841E-1 2.03612E-1 2.93983E-1 3.28079E-1 4.17752E-1 3.10195E-1 2.78701E-1 2.2289E-1 1.51883E-1 8.43676E-2 1.2694E-1 1.94238E-1 1.1177E-1 1.2905E-1 1.1088E-1 8.48779E-2 1.25719E-1 1.14783E-1 1.0845E-1 1.13057E-1 1.18633E-1 1.09226E-1 6.5423E-2 5.92043E-2 5.57007E-2 5.47755E-2 5.51099E-2 4.52992E-2 5.52933E-2 5.53379E-2 5.61686E-2 5.66606E-2 5.73087E-2 4.6398E-2 4.52002E-2 4.41135E-2 4.35809E-2 4.29826E-2 4.18544E-2 3.25383E-2
-9999 -9999 -9999 -9999 -9999 -9999 -9999 -9999 -9999 9.8901E-4 1.33307E-3 1.86759E-3 1.99958E-3 2.3826E-3 2.61273E-3 2.77758E-3 3.00007E-3 3.24819E-3 4.13436E-3 5.55102E-3 8.40633E-3 1.30131E-2 2.4928E-2 4.59977E-2 1.0528E-1 1.33681E-1 1.67393E-1 2.22538E-1 3.56181E-1 4.04722E-1 3.62072E-1 4.12764E-1 3.10653E-1 2.38768E-1 1.31114E-1 1.2082E-1 1.04286E-1 1.35986E-1 1.56465E-1 1.24811E-1 9.66565E-2 7.56071E-2 1.25613E-1 8.57562E-2 8.18821E-2 8.69833E-2 1.06519E-1 1.05571E-1 7.71313E-2 4.6649E-2 5.54705E-2 4.58679E-2 4.62186E-2 4.71589E-2 4.99642E-2 5.09516E-2 5.06009E-2 5.00595E-2 5.05894E-2 4.96898E-2 4.81625E-2 4.70411E-2 4.68479E-2 4.64995E-2 4.54642E-2 3.58589E-2
-9999 -9999 -9999 -9999 -9999 -9999 -9999 -9999 -9999 -9999 1.33629E-3 1.46427E-3 1.71471E-3 1.96966E-3 2.06736E-3 2.3331E-3 2.35709E-3 2.83544E-3 3.64121E-3 4.65705E-3 8.25864E-3 1.41826E-2 3.0404E-2 6.31632E-2 1.13441E-1 1.1376E-1 1.3038E-1 2.11222E-1 3.40158E-1 3.78515E-1 4.62711E-1 4.18681E-1 2.92095E-1 2.51156E-1 1.37748E-1 1.43383E-1 9.84123E-2 9.01087E-2 8.90564E-2 1.05867E-1 1.14889E-1 1.19527E-1 9.57593E-2 1.21536E-1 9.04166E-2 9.5762E-2 9.29225E-2 8.08889E-2 7.17382E-2 6.50184E-2 4.34923E-2 4.53342E-2 4.75473E-2 4.99989E-2 5.20708E-2 5.31617E-2 5.432E-2 5.40662E-2 5.43555E-2 5.27128E-2 5.21694E-2 5.10536E-2 4.98718E-2 4.96348E-2 4.82497E-2 3.83625E-2
-9999 -9999 -9999 -9999 -9999 -9999 -9999 -9999 -9999 -9999 9.55958E-4 1.30608E-3 1.37566E-3 1.78915E-3 1.83208E-3 1.98671E-3 1.898E-3 1.76736E-3 2.81176E-3 3.91239E-3 7.35385E-3 1.19659E-2 2.97627E-2 7.49045E-2 9.22767E-2 1.21416E-1 1.45862E-1 2.06002E-1 2.26133E-1 2.92499E-1 3.86901E-1 3.05684E-1 2.77501E-1 3.03609E-1 1.90978E-1 1.75116E-1 9.65064E-2 8.86506E-2 1.21952E-1 1.66429E-1 1.70052E-1 2.11525E-1 1.42967E-1 1.29849E-1 8.34753E-2 8.71572E-2 8.85721E-2 8.41657E-2 7.17975E-2 6.29909E-2 6.54098E-2 4.67071E-2 4.86379E-2 6.18499E-2 6.79677E-2 6.81962E-2 5.57577E-2 5.69938E-2 5.66159E-2 5.52092E-2 5.4802E-2 5.39291E-2 5.32725E-2 5.25768E-2 4.14909E-2 5.93137E-2
-9999 -9999 -9999 -9999 -9999 -9999 -9999 -9999 -9999 -9999 9.07963E-4 1.26447E-3 1.2464E-3 1.23831E-3 1.64383E-3 1.87369E-3 2.14498E-3 3.20282E-3 7.23547E-3 6.24661E-3 5.64756E-3 1.06986E-2 2.07472E-2 4.28773E-2 6.91718E-2 9.02971E-2 1.37708E-1 1.71808E-1 2.16024E-1 2.28337E-1 2.99038E-1 3.00687E-1 2.59243E-1 2.13941E-1 1.06923E-1 5.36467E-2 2.50979E-2 4.43111E-2 1.46903E-1 2.34785E-1 2.26544E-1 1.65702E-1 1.41189E-1 1.30743E-1 8.3757E-2 8.60253E-2 8.66508E-2 8.64205E-2 7.53232E-2 6.9933E-2 6.96428E-2 7.20161E-2 7.5588E-2 7.70629E-2 5.47398E-2 6.79238E-2 6.81406E-2 8.56174E-2 8.6241E-2 8.50767E-2 8.42133E-2 8.36055E-2 8.12161E-2 6.61119E-2 6.4946E-2 6.15441E-2
-9999 -9999 -9999 -9999 -9999 -9999 -9999 -9999 -9999 9.07035E-4 9.62413E-4 1.11132E-3 1.09936E-3 1.30795E-3 1.48734E-3 1.86545E-3 1.72437E-3 2.29785E-3 3.70474E-3 7.63816E-3 1.09009E-2 1.52006E-2 2.75129E-2 5.02012E-2 5.62609E-2 7.7662E-2 1.16605E-1 1.60383E-1 1.96955E-1 2.55771E-1 2.45735E-1 2.11159E-1 2.34879E-1 1.99751E-1 7.4723E-2 5.88247E-2 1.0284E-1 1.06864E-1 1.77479E-1 2.13326E-1 2.18991E-1 1.66811E-1 1.65407E-1 1.09822E-1 1.26813E-1 8.68508E-2 8.50833E-2 5.82777E-2 8.02087E-2 6.21763E-2 7.55816E-2 7.77236E-2 7.91236E-2 7.94208E-2 8.16936E-2 5.54179E-2 6.87895E-2 6.88333E-2 7.00019E-2 6.96372E-2 6.97988E-2 7.0623E-2 6.84572E-2 6.65562E-2 6.54879E-2 6.35332E-2
-9999 -9999 -9999 -9999 -9999 -9999 -9999 -9999 -9999 8.52627E-4 7.88264E-4 9.3552E-4 1.07006E-3 1.07009E-3 1.57248E-3 1.76607E-3 2.04118E-3 2.51094E-3 2.79411E-3 5.32284E-3 6.84946E-3 1.35087E-2 1.79495E-2 3.85343E-2 4.38136E-2 7.59855E-2 8.42116E-2 1.21781E-1 1.94763E-1 1.378E-1 1.76314E-1 1.61992E-1 1.64737E-1 1.4518E-1 1.81845E-1 1.52473E-1 1.39211E-1 1.60262E-1 1.80334E-1 2.08705E-1 2.14889E-1 1.58386E-1 1.61496E-1 1.08601E-1 1.30668E-1 9.18045E-2 9.04397E-2 9.02986E-2 5.63129E-2 6.47664E-2 6.57915E-2 6.66379E-2 6.71973E-2 6.92884E-2 6.98265E-2 6.94658E-2 7.05685E-2 6.8558E-2 6.95986E-2 6.98918E-2 6.89926E-2 6.81268E-2 6.82097E-2 6.84314E-2 6.72914E-2 5.86625E-2
-9999 -9999 -9999 -9999 -9999 -9999 -9999 8.03034E-4 9.40844E-4 8.88326E-4 8.74162E-4 1.01346E-3 1.18632E-3 1.10292E-3 1.39788E-3 1.90906E-3 2.42564E-3 3.73682E-3 3.6347E-3 4.93696E-3 9.27502E-3 1.6647E-2 2.12127E-2 3.15052E-2 3.86004E-2 6.79972E-2 1.15211E-1 1.01298E-1 1.17581E-1 7.84536E-2 1.14173E-1 1.92884E-1 2.25835E-1 2.00683E-1 2.10906E-1 1.98281E-1 1.86757E-1 1.6868E-1 2.24754E-1 2.0071E-1 2.08672E-1 2.21241E-1 2.22479E-1 1.60917E-1 1.61011E-1 1.15037E-1 1.13967E-1 7.76333E-2 7.4552E-2 6.88858E-2 6.83189E-2 6.83729E-2 6.89068E-2 7.09149E-2 6.99433E-2 6.80311E-2 6.90253E-2 6.73967E-2 6.2608E-2 6.49425E-2 6.76484E-2 6.94155E-2 6.71967E-2 6.68751E-2 6.36663E-2 5.75871E-2
