Leopardus jacobita/Leopardus_jacobita.asc
ncols         515
nrows         545
xllcorner     -119.0
yllcorner     -58.333333333333
cellsize      0.166666666667
NODATA_value  -9999
[rows 261 to 289 of 545, columns 330 to 395 of 515]
1.88591E-4 3.08474E-4 3.86704E-4 4.54582E-4 5.86584E-4 6.6332E-4 5.20042E-4 5.75869E-4 6.04989E-4 4.63929E-4 4.52656E-4 4.76873E-4 4.95326E-4 5.22614E-4 8.23286E-4 8.61696E-4 7.17311E-4 7.64516E-4 5.47343E-4 8.25215E-4 7.47079E-4 7.83199E-4 7.8614E-4 8.16871E-4 7.574E-4 1.15288E-3 7.93503E-4 8.36967E-4 8.94014E-4 1.04451E-3 1.08887E-3 7.40794E-4 7.43213E-4 7.23502E-4 6.22858E-4 8.89565E-4 6.40219E-4 6.62238E-4 7.27294E-4 6.41931E-4 6.55997E-4 7.97494E-4 6.99255E-4 6.71044E-4 1.0293E-3 6.94287E-4 7.61436E-4 1.02175E-3 6.96152E-4 7.22887E-4 7.50971E-4 6.28925E-4 6.81681E-4 9.06973E-4 1.12686E-3 7.67161E-4 8.43973E-4 8.07809E-4 6.41735E-4 6.60932E-4 6.39053E-4 6.65329E-4 6.63688E-4 6.65515E-4 6.13821E-4 6.05358E-4
2.10211E-4 2.17947E-4 2.42429E-4 2.78424E-4 3.9291E-4 4.38783E-4 4.68379E-4 5.34327E-4 5.18053E-4 4.61053E-4 4.66464E-4 4.77181E-4 5.1033E-4 5.46932E-4 8.86443E-4 6.27356E-4 5.8503E-4 6.01254E-4 8.85907E-4 8.60528E-4 7.88874E-4 8.17341E-4 1.24242E-3 7.58477E-4 1.17338E-3 1.23177E-3 8.21138E-4 8.48451E-4 8.80575E-4 1.05635E-3 7.89876E-4 8.8181E-4 8.53765E-4 7.03582E-4 1.04871E-3 1.07644E-3 8.06675E-4 8.15886E-4 8.29631E-4 9.28909E-4 8.41022E-4 8.70046E-4 9.19245E-4 7.92842E-4 1.02575E-3 1.1154E-3 1.01105E-3 1.16579E-3 8.02962E-4 8.09191E-4 8.81743E-4 8.86588E-4 9.88094E-4 9.40517E-4 9.82521E-4 1.06138E-3 9.87216E-4 7.34956E-4 8.79243E-4 8.28827E-4 8.29769E-4 8.6752E-4 8.42076E-4 8.31896E-4 7.26529E-4 7.2585E-4
2.42618E-4 2.4455E-4 2.75683E-4 3.40687E-4 3.65696E-4 4.51474E-4 4.29509E-4 4.89455E-4 5.40524E-4 4.63824E-4 5.02177E-4 5.26505E-4 5.50392E-4 5.51695E-4 6.26618E-4 6.53475E-4 6.48849E-4 6.47245E-4 6.01468E-4 9.49124E-4 8.80065E-4 8.44391E-4 1.16317E-3 1.19853E-3 8.18219E-4 1.2633E-3 1.30724E-3 8.6511E-4 9.53208E-4 1.18751E-3 1.26026E-3 9.46856E-4 8.02551E-4 1.08703E-3 1.03764E-3 1.14407E-3 8.67334E-4 8.61578E-4 9.09781E-4 8.90865E-4 9.85712E-4 1.39221E-3 1.36156E-3 1.48264E-3 1.35697E-3 1.17616E-3 1.18088E-3 1.26908E-3 1.34061E-3 1.16059E-3 1.03078E-3 1.06106E-3 1.01109E-3 1.0679E-3 9.83433E-4 9.27133E-4 1.26944E-3 1.40803E-3 9.5971E-4 1.01072E-3 1.01427E-3 9.25966E-4 9.50969E-4 9.06459E-4 8.95971E-4 8.77564E-4
2.72426E-4 3.13309E-4 3.26159E-4 3.27952E-4 3.30819E-4 4.00882E-4 4.55841E-4 4.72312E-4 5.75452E-4 6.90303E-4 5.41231E-4 5.65493E-4 5.60593E-4 5.89199E-4 6.482E-4 6.83376E-4 6.38955E-4 6.13306E-4 5.95018E-4 9.55154E-4 1.00098E-3 8.76039E-4 1.31221E-3 8.32865E-4 1.46124E-3 9.29261E-4 1.52209E-3 1.0096E-3 9.95878E-4 1.1443E-3 1.24591E-3 8.71022E-4 1.16864E-3 7.29321E-4 8.59049E-4 8.05272E-4 8.48948E-4 9.17238E-4 9.60884E-4 1.42276E-3 1.5476E-3 1.47402E-3 1.3142E-3 1.3167E-3 1.3758E-3 1.3472E-3 1.45994E-3 1.03896E-3 1.18571E-3 1.23784E-3 1.28242E-3 1.19336E-3 1.19654E-3 1.36663E-3 1.03022E-3 1.53807E-3 1.52047E-3 1.04522E-3 1.0474E-3 1.00839E-3 1.05376E-3 1.10535E-3 1.11599E-3 1.12979E-3 1.07325E-3 9.93044E-4
2.43487E-4 2.92326E-4 3.05399E-4 3.18709E-4 3.63204E-4 3.01103E-4 5.32725E-4 3.95967E-4 6.11069E-4 7.0917E-4 8.49282E-4 5.88638E-4 5.5267E-4 5.90911E-4 6.48986E-4 6.36859E-4 6.31142E-4 5.98427E-4 5.293E-4 5.50638E-4 9.83672E-4 9.52345E-4 1.41424E-3 1.5538E-3 1.63231E-3 1.09144E-3 1.0281E-3 1.00684E-3 1.09816E-3 1.09893E-3 1.18496E-3 1.25455E-3 1.08105E-3 1.18084E-3 1.02381E-3 8.90965E-4 1.27533E-3 1.35913E-3 1.26603E-3 1.3254E-3 1.46896E-3 1.20858E-3 1.15201E-3 1.78287E-3 1.82213E-3 1.77662E-3 1.21495E-3 1.7455E-3 1.84225E-3 1.94881E-3 1.31219E-3 1.41491E-3 1.5255E-3 1.54725E-3 1.51951E-3 1.57838E-3 1.63745E-3 1.73575E-3 1.62005E-3 1.71285E-3 1.94465E-3 1.39365E-3 1.46174E-3 1.43693E-3 1.35474E-3 1.1863E-3
3.26655E-4 3.51263E-4 3.66905E-4 3.61014E-4 3.70675E-4 3.97643E-4 4.96276E-4 6.0224E-4 5.19239E-4 6.24209E-4 7.4459E-4 8.78834E-4 8.84961E-4 5.99065E-4 6.09501E-4 6.64087E-4 6.43847E-4 8.58953E-4 5.60819E-4 8.30023E-4 8.40835E-4 9.60826E-4 1.52682E-3 1.63829E-3 1.14442E-3 1.18192E-3 1.79096E-3 1.7156E-3 1.63765E-3 1.65671E-3 1.17765E-3 1.21742E-3 1.286E-3 1.38387E-3 1.03996E-3 1.25523E-3 1.22873E-3 1.20083E-3 1.86334E-3 1.62422E-3 1.68308E-3 1.67229E-3 1.62507E-3 1.62178E-3 1.98074E-3 2.1193E-3 2.03862E-3 1.80071E-3 1.97584E-3 1.42567E-3 1.49491E-3 1.6437E-3 1.66812E-3 1.77078E-3 1.74393E-3 1.8099E-3 2.01827E-3 1.94281E-3 2.00697E-3 2.19326E-3 2.21231E-3 1.4837E-3 1.70079E-3 1.72184E-3 1.62595E-3 1.47181E-3
3.01386E-4 3.7875E-4 2.56977E-4 3.89758E-4 3.96054E-4 4.0847E-4 4.27097E-4 4.89507E-4 4.93876E-4 7.48182E-4 1.22223E-3 9.67322E-4 1.04896E-3 1.0136E-3 9.81795E-4 9.41313E-4 9.478E-4 7.71325E-4 7.79419E-4 8.12054E-4 8.2541E-4 9.56901E-4 1.08947E-3 1.67153E-3 1.83027E-3 2.02325E-3 2.002E-3 1.7176E-3 1.11994E-3 1.14182E-3 1.22233E-3 1.23066E-3 1.21291E-3 1.34133E-3 1.43794E-3 1.06545E-3 1.54509E-3 1.37867E-3 1.67434E-3 1.8476E-3 1.75236E-3 1.1018E-3 1.15148E-3 1.6885E-3 1.6295E-3 1.90493E-3 1.58834E-3 2.03596E-3 2.16037E-3 1.70207E-3 1.73438E-3 1.8814E-3 1.97641E-3 2.58821E-3 2.93674E-3 2.09638E-3 1.61297E-3 2.07204E-3 2.16132E-3 1.95041E-3 2.02341E-3 1.41737E-3 1.59752E-3 1.87626E-3 1.81245E-3 1.59011E-3
2.87886E-4 3.56387E-4 3.59195E-4 3.84709E-4 3.54415E-4 3.70806E-4 4.08707E-4 4.32506E-4 5.07163E-4 5.51689E-4 6.78526E-4 6.57413E-4 8.15218E-4 1.04047E-3 9.77232E-4 8.36457E-4 8.50399E-4 8.25747E-4 8.53614E-4 8.48628E-4 9.66331E-4 9.94352E-4 1.50616E-3 1.68144E-3 1.24753E-3 1.44408E-3 1.30223E-3 1.15096E-3 1.14967E-3 1.24012E-3 1.30823E-3 1.44116E-3 1.28934E-3 1.23248E-3 1.42128E-3 1.54396E-3 1.58273E-3 1.5909E-3 1.27123E-3 1.90166E-3 1.86E-3 1.53127E-3 1.41201E-3 1.48101E-3 1.9741E-3 1.96481E-3 1.461E-3 1.78955E-3 1.81573E-3 2.58544E-3 2.60614E-3 2.79027E-3 2.1775E-3 2.54544E-3 2.28154E-3 2.56743E-3 1.7579E-3 1.90801E-3 2.07493E-3 1.97249E-3 2.01283E-3 2.06211E-3 1.47322E-3 1.47875E-3 1.76028E-3 1.60102E-3
2.70028E-4 2.77167E-4 3.00768E-4 3.35587E-4 3.57115E-4 3.9576E-4 4.14912E-4 4.53741E-4 4.98932E-4 5.4566E-4 5.45975E-4 5.98801E-4 6.14677E-4 1.05892E-3 8.73388E-4 7.74333E-4 8.72355E-4 5.67363E-4 8.70332E-4 8.36205E-4 9.79402E-4 9.79003E-4 1.52836E-3 1.72904E-3 2.02499E-3 2.01358E-3 1.26536E-3 1.24296E-3 1.27057E-3 1.33405E-3 1.41423E-3 1.50833E-3 1.4121E-3 1.41316E-3 1.50357E-3 1.61149E-3 1.52291E-3 1.60404E-3 1.24875E-3 1.75018E-3 1.91789E-3 1.49254E-3 1.68575E-3 1.43137E-3 2.04964E-3 2.00379E-3 2.46795E-3 1.76804E-3 2.43582E-3 2.14224E-3 2.34361E-3 2.98297E-3 3.24494E-3 2.49371E-3 2.69251E-3 2.85134E-3 2.74672E-3 1.95249E-3 2.06335E-3 2.02367E-3 1.96903E-3 2.08755E-3 2.12154E-3 2.14158E-3 1.48296E-3 1.54914E-3
2.70143E-4 2.82725E-4 2.8812E-4 2.9668E-4 3.38374E-4 3.8484E-4 4.17817E-4 4.80739E-4 5.22057E-4 5.41033E-4 5.08585E-4 6.28151E-4 5.8885E-4 8.31041E-4 9.77614E-4 7.63754E-4 8.37063E-4 6.09483E-4 8.87779E-4 8.97279E-4 1.39244E-3 1.39167E-3 1.60161E-3 1.58427E-3 1.61482E-3 1.54456E-3 1.18731E-3 1.26308E-3 1.33866E-3 1.49558E-3 1.29826E-3 1.51243E-3 1.44171E-3 1.58033E-3 1.71534E-3 1.76883E-3 1.69197E-3 1.46745E-3 1.95073E-3 1.71543E-3 1.84728E-3 1.70811E-3 1.56601E-3 2.11845E-3 2.26806E-3 2.29303E-3 2.64902E-3 2.84897E-3 2.16914E-3 2.28758E-3 2.32687E-3 2.39879E-3 2.30457E-3 2.44671E-3 2.785E-3 2.94033E-3 2.90466E-3 2.95271E-3 2.99178E-3 2.24571E-3 3.26681E-3 2.23066E-3 2.22954E-3 2.02875E-3 2.18788E-3 2.40697E-3
2.88426E-4 2.90056E-4 2.97043E-4 3.40202E-4 3.64176E-4 3.68041E-4 4.25757E-4 4.48665E-4 4.66085E-4 5.19563E-4 5.10493E-4 5.68631E-4 5.95846E-4 5.51659E-4 5.84845E-4 7.41546E-4 7.97845E-4 8.17496E-4 8.3407E-4 7.81207E-4 8.43665E-4 1.20958E-3 1.36793E-3 1.54571E-3 1.39504E-3 1.01807E-3 1.12625E-3 1.24202E-3 1.39367E-3 1.47015E-3 1.42903E-3 1.6169E-3 1.59525E-3 1.66358E-3 1.81308E-3 1.93425E-3 1.90675E-3 1.92727E-3 1.84417E-3 1.77472E-3 1.98359E-3 1.98475E-3 1.79287E-3 1.91062E-3 2.17583E-3 2.59986E-3 1.66237E-3 1.79175E-3 2.10993E-3 2.17612E-3 2.46931E-3 2.43045E-3 3.45323E-3 2.51773E-3 2.59057E-3 2.86066E-3 2.71132E-3 2.8305E-3 3.12912E-3 3.2793E-3 3.19565E-3 3.27532E-3 3.2429E-3 2.12152E-3 1.9274E-3 1.96071E-3
3.00486E-4 2.89615E-4 4.34186E-4 5.18877E-4 3.70754E-4 3.53755E-4 3.63333E-4 3.60372E-4 3.80216E-4 3.95692E-4 4.64153E-4 4.40871E-4 4.29405E-4 5.42303E-4 5.84318E-4 4.20229E-4 4.88182E-4 7.24125E-4 7.82141E-4 8.44101E-4 1.30447E-3 8.33047E-4 1.22091E-3 1.36588E-3 1.41403E-3 1.54524E-3 1.80125E-3 1.35089E-3 1.35511E-3 1.28558E-3 1.42851E-3 1.61855E-3 1.57103E-3 1.58676E-3 1.6861E-3 1.94042E-3 2.79505E-3 1.94563E-3 2.02168E-3 1.3482E-3 2.0053E-3 2.00127E-3 1.81739E-3 1.94985E-3 2.09621E-3 2.41586E-3 2.59365E-3 1.97756E-3 2.04985E-3 2.23641E-3 2.42268E-3 2.81298E-3 2.79092E-3 4.25501E-3 3.31042E-3 2.65488E-3 3.93091E-3 2.70307E-3 3.43977E-3 3.41226E-3 3.0889E-3 3.1452E-3 3.23377E-3 3.22436E-3 2.2095E-3 2.96501E-3
2.96499E-4 2.96047E-4 4.6844E-4 5.0275E-4 3.50401E-4 3.43609E-4 3.75701E-4 3.70435E-4 3.53898E-4 3.51368E-4 3.74419E-4 3.58746E-4 4.03826E-4 4.31037E-4 5.2787E-4 5.80521E-4 4.47592E-4 4.97748E-4 4.66748E-4 7.75561E-4 8.32529E-4 8.15304E-4 7.73452E-4 1.26442E-3 1.40955E-3 1.52175E-3 1.64843E-3 1.80177E-3 1.29697E-3 1.32745E-3 1.35794E-3 1.48888E-3 1.645E-3 1.69108E-3 1.82078E-3 2.03679E-3 2.06957E-3 1.87736E-3 2.14077E-3 2.12023E-3 1.82763E-3 1.90628E-3 1.86689E-3 1.74591E-3 2.11232E-3 2.15992E-3 2.24506E-3 2.94808E-3 2.06381E-3 2.1855E-3 3.5265E-3 2.86063E-3 2.87699E-3 4.2208E-3 4.54704E-3 3.74751E-3 4.32014E-3 3.11355E-3 3.32981E-3 3.87763E-3 3.40744E-3 3.50526E-3 2.59261E-3 2.43223E-3 3.22032E-3 3.01687E-3
2.74609E-4 2.64825E-4 2.77482E-4 2.5517E-4 2.59076E-4 3.09045E-4 3.23815E-4 4.6995E-4 5.0564E-4 3.52405E-4 3.71062E-4 3.65639E-4 4.54016E-4 3.07004E-4 4.67986E-4 4.88092E-4 5.69317E-4 4.60476E-4 4.40261E-4 4.23337E-4 7.17243E-4 7.0997E-4 7.06918E-4 1.22507E-3 1.415E-3 2.22292E-3 1.55729E-3 1.80189E-3 1.22147E-3 1.24746E-3 1.33754E-3 1.5638E-3 1.62895E-3 2.70448E-3 2.5603E-3 1.78275E-3 2.08488E-3 1.9625E-3 2.12961E-3 1.97324E-3 1.79985E-3 1.86431E-3 2.00719E-3 2.25916E-3 2.00877E-3 2.40875E-3 2.62285E-3 2.94232E-3 3.10304E-3 3.27276E-3 3.53422E-3 4.52284E-3 3.11845E-3 4.46857E-3 4.41012E-3 4.53444E-3 5.05374E-3 4.77631E-3 3.45914E-3 3.73218E-3 3.59313E-3 3.56688E-3 3.68443E-3 2.43479E-3 3.16266E-3 2.90367E-3
2.44397E-4 2.73E-4 2.47831E-4 2.69236E-4 2.32218E-4 2.81099E-4 2.98106E-4 4.4958E-4 4.85871E-4 3.43849E-4 3.59707E-4 4.08512E-4 3.93411E-4 4.59439E-4 4.31622E-4 4.34609E-4 3.20198E-4 3.80163E-4 6.42719E-4 4.44698E-4 6.37443E-4 6.56691E-4 7.41886E-4 8.23517E-4 1.4509E-3 1.54785E-3 1.54129E-3 1.8073E-3 1.3201E-3 1.3258E-3 1.50071E-3 1.52504E-3 1.70841E-3 1.80852E-3 2.62781E-3 2.60079E-3 2.03773E-3 1.96646E-3 2.32396E-3 2.23477E-3 2.01822E-3 2.01217E-3 2.12942E-3 2.38938E-3 2.07657E-3 2.515E-3 2.65842E-3 2.99153E-3 3.25096E-3 3.30116E-3 3.62303E-3 3.465E-3 4.58662E-3 4.79425E-3 4.87826E-3 3.57025E-3 5.12906E-3 3.47298E-3 3.90967E-3 3.86803E-3 4.08876E-3 3.1095E-3 3.22715E-3 3.63924E-3 4.26506E-3 3.03675E-3
2.36915E-4 2.4754E-4 2.34598E-4 2.40259E-4 2.54502E-4 2.53558E-4 2.90591E-4 3.03672E-4 4.60675E-4 4.75733E-4 4.12578E-4 4.50142E-4 3.99472E-4 3.73713E-4 3.96752E-4 3.92334E-4 4.04433E-4 4.15195E-4 4.18323E-4 4.94947E-4 4.77056E-4 4.95868E-4 5.74928E-4 9.09542E-4 1.48565E-3 1.73021E-3 1.64221E-3 1.83748E-3 1.32236E-3 1.34376E-3 1.44975E-3 1.65592E-3 1.73962E-3 2.22554E-3 2.88151E-3 2.86154E-3 3.09014E-3 2.86885E-3 2.53698E-3 2.55885E-3 2.12407E-3 2.26013E-3 2.30485E-3 2.41161E-3 2.31744E-3 2.28038E-3 2.79531E-3 3.11051E-3 3.33259E-3 3.8921E-3 3.59055E-3 3.77672E-3 3.9917E-3 4.18434E-3 4.85166E-3 5.80531E-3 4.91166E-3 5.27388E-3 5.73028E-3 5.77536E-3 3.8142E-3 3.21851E-3 3.23178E-3 3.82449E-3 2.7895E-3 2.64406E-3
2.03972E-4 2.17628E-4 2.14492E-4 2.11478E-4 2.2274E-4 2.37786E-4 2.65441E-4 2.84502E-4 4.11222E-4 4.90118E-4 5.16491E-4 5.36948E-4 3.5049E-4 3.48592E-4 3.7909E-4 4.15969E-4 5.5507E-4 5.68072E-4 8.11426E-4 7.67755E-4 4.49864E-4 5.04817E-4 5.55075E-4 7.94232E-4 1.12305E-3 1.49918E-3 1.77884E-3 1.83547E-3 2.1115E-3 1.47945E-3 1.51994E-3 1.63398E-3 2.49834E-3 2.64383E-3 2.79967E-3 2.46402E-3 2.82564E-3 2.29092E-3 2.52368E-3 2.54692E-3 2.6422E-3 2.59776E-3 2.36909E-3 2.26457E-3 2.29118E-3 2.22885E-3 2.94382E-3 2.94085E-3 3.22017E-3 3.64078E-3 3.70303E-3 5.69929E-3 4.01815E-3 4.01649E-3 4.46977E-3 5.39476E-3 4.97512E-3 5.11499E-3 5.32966E-3 5.59735E-3 3.4941E-3 3.22652E-3 3.96097E-3 3.40637E-3 3.66455E-3 3.95583E-3
1.9191E-4 2.16087E-4 2.05869E-4 2.1564E-4 2.01734E-4 2.34511E-4 2.47398E-4 2.51868E-4 2.61897E-4 2.6213E-4 2.9092E-4 3.31553E-4 3.37582E-4 3.49447E-4 3.58623E-4 3.66965E-4 5.40536E-4 5.57113E-4 8.20947E-4 1.29251E-3 7.61843E-4 5.18769E-4 5.37529E-4 6.05014E-4 8.24558E-4 9.99155E-4 1.5436E-3 1.86269E-3 2.11744E-3 2.22421E-3 2.36948E-3 2.46907E-3 2.2372E-3 2.18549E-3 2.24567E-3 2.53433E-3 2.89965E-3 2.29874E-3 2.4416E-3 2.48357E-3 2.52423E-3 2.55318E-3 2.33035E-3 2.27374E-3 2.56818E-3 2.13721E-3 2.25651E-3 2.76248E-3 2.88849E-3 3.51057E-3 5.33626E-3 6.00434E-3 5.93304E-3 3.92594E-3 3.81138E-3 5.09827E-3 5.19185E-3 4.91326E-3 5.42797E-3 5.33375E-3 3.24044E-3 3.37016E-3 3.24702E-3 3.12458E-3 3.47046E-3 3.61855E-3
1.63751E-4 1.84345E-4 1.7535E-4 1.91978E-4 2.03252E-4 1.95054E-4 2.1567E-4 2.35556E-4 2.37018E-4 2.40652E-4 2.51648E-4 3.016E-4 3.31865E-4 3.35507E-4 3.35253E-4 3.21179E-4 3.32583E-4 3.46154E-4 6.85051E-4 1.38348E-3 8.70706E-4 5.12932E-4 5.38357E-4 5.99994E-4 6.61929E-4 5.90799E-4 1.12886E-3 1.56E-3 2.15069E-3 2.33696E-3 2.37712E-3 2.0301E-3 2.10394E-3 2.26134E-3 2.27875E-3 2.46198E-3 2.56655E-3 2.43164E-3 3.59793E-3 3.32813E-3 3.45911E-3 3.36739E-3 3.17214E-3 2.24841E-3 2.53589E-3 2.22575E-3 2.06178E-3 2.3689E-3 2.41369E-3 3.66237E-3 4.49259E-3 5.31549E-3 5.66019E-3 5.867E-3 4.00474E-3 4.28403E-3 5.09061E-3 4.87039E-3 5.44693E-3 5.31416E-3 4.95317E-3 5.12442E-3 3.14792E-3 3.15735E-3 3.60628E-3 3.62837E-3
1.53169E-4 1.58909E-4 1.55945E-4 1.61655E-4 1.63822E-4 1.80026E-4 1.94082E-4 2.08112E-4 2.08014E-4 2.29888E-4 2.35764E-4 2.76835E-4 4.47577E-4 4.84885E-4 3.31007E-4 3.02851E-4 3.24543E-4 3.51203E-4 6.16775E-4 1.52897E-3 8.7432E-4 7.64245E-4 5.86068E-4 5.73479E-4 5.60055E-4 6.43122E-4 1.18037E-3 1.6014E-3 1.88297E-3 1.84961E-3 2.05688E-3 2.18045E-3 2.12988E-3 2.13019E-3 2.41468E-3 3.48893E-3 2.4387E-3 3.18573E-3 2.73869E-3 2.3751E-3 1.63759E-3 1.71135E-3 1.86007E-3 1.75468E-3 2.03279E-3 2.24873E-3 2.05841E-3 2.32813E-3 2.3637E-3 3.65649E-3 4.37549E-3 4.55158E-3 5.08573E-3 5.43743E-3 4.15929E-3 4.33049E-3 4.93144E-3 5.20194E-3 5.26804E-3 5.1285E-3 5.30767E-3 4.78687E-3 4.58902E-3 2.99644E-3 3.61382E-3 3.59668E-3
1.33097E-4 1.43333E-4 1.35745E-4 1.3688E-4 1.49083E-4 1.6344E-4 1.80422E-4 1.87696E-4 2.02337E-4 2.19326E-4 2.26803E-4 2.3072E-4 2.75483E-4 3.03317E-4 2.95461E-4 2.9636E-4 3.07469E-4 3.20523E-4 3.46248E-4 1.47177E-3 1.27323E-3 7.83038E-4 5.54251E-4 5.27758E-4 5.75895E-4 6.34182E-4 7.55977E-4 2.11301E-3 1.82568E-3 1.86265E-3 1.99338E-3 3.13169E-3 3.00754E-3 2.23094E-3 3.13358E-3 3.11473E-3 2.712E-3 1.27374E-3 1.43317E-3 1.44951E-3 1.55359E-3 1.7548E-3 1.72646E-3 1.67876E-3 1.66856E-3 1.84969E-3 2.15071E-3 1.96681E-3 2.93638E-3 3.08136E-3 2.13467E-3 3.70474E-3 4.86731E-3 5.08657E-3 4.14286E-3 4.60129E-3 4.67459E-3 4.48774E-3 5.12327E-3 4.31952E-3 4.38631E-3 4.52848E-3 4.40527E-3 4.82304E-3 4.7995E-3 3.24468E-3
1.03321E-4 1.10902E-4 1.13969E-4 1.21455E-4 1.33564E-4 1.44613E-4 1.61347E-4 1.72563E-4 1.86491E-4 2.04938E-4 2.1952E-4 2.57215E-4 2.72462E-4 2.70367E-4 2.8439E-4 2.93057E-4 3.05802E-4 3.1493E-4 3.56192E-4 8.14365E-4 1.45777E-3 8.7651E-4 7.43407E-4 5.65886E-4 5.78834E-4 8.54472E-4 6.80575E-4 1.13792E-3 2.44118E-3 1.76949E-3 2.83657E-3 2.82061E-3 2.69171E-3 2.77359E-3 2.39983E-3 1.55505E-3 1.21582E-3 1.30825E-3 1.40808E-3 1.61665E-3 2.22506E-3 1.35393E-3 1.22414E-3 1.15597E-3 1.28599E-3 1.60709E-3 1.54064E-3 1.51357E-3 1.60527E-3 1.6319E-3 2.90925E-3 3.57491E-3 4.31694E-3 4.7332E-3 5.59903E-3 5.84774E-3 6.31976E-3 6.14078E-3 5.53065E-3 5.50276E-3 5.72435E-3 4.5232E-3 4.75963E-3 5.59105E-3 5.30625E-3 5.04251E-3
7.84495E-5 8.66139E-5 9.72389E-5 1.03863E-4 1.14515E-4 1.31725E-4 1.48642E-4 1.63769E-4 1.73758E-4 1.96491E-4 2.38311E-4 2.4369E-4 2.54058E-4 2.50757E-4 2.70285E-4 2.83938E-4 3.00005E-4 2.15006E-4 3.61341E-4 3.52771E-4 6.45972E-4 1.45013E-3 8.71442E-4 5.4052E-4 3.85091E-4 9.90816E-4 8.27564E-4 5.12405E-4 1.62922E-3 2.25885E-3 2.13834E-3 2.14604E-3 2.08394E-3 2.17907E-3 2.29687E-3 1.93574E-3 1.03318E-3 1.05077E-3 1.03624E-3 1.00482E-3 1.10834E-3 1.11254E-3 1.08842E-3 1.02917E-3 1.48059E-3 9.13075E-4 9.30221E-4 1.05575E-3 1.26975E-3 2.18338E-3 2.49389E-3 3.17042E-3 3.62002E-3 4.21173E-3 4.70942E-3 5.01824E-3 5.59536E-3 9.52752E-3 6.70077E-3 6.75558E-3 6.30746E-3 4.65053E-3 5.13147E-3 6.91923E-3 5.50398E-3 3.71653E-3
6.52504E-5 7.07462E-5 7.85627E-5 9.12215E-5 1.07408E-4 1.18203E-4 1.36465E-4 1.46422E-4 1.63352E-4 1.77021E-4 2.15519E-4 2.24491E-4 2.44597E-4 2.35963E-4 2.58144E-4 2.73111E-4 2.93274E-4 2.09795E-4 3.52172E-4 3.44388E-4 3.52014E-4 3.90991E-4 6.79389E-4 8.22704E-4 3.49852E-4 5.57123E-4 4.94933E-4 4.88443E-4 6.58552E-4 1.66797E-3 1.7465E-3 1.18753E-3 1.27315E-3 2.11562E-3 2.13535E-3 1.85987E-3 9.68107E-4 9.47448E-4 1.00188E-3 1.02059E-3 8.66317E-4 7.50763E-4 7.31593E-4 1.04964E-3 9.08713E-4 7.98242E-4 9.67097E-4 1.25473E-3 1.50226E-3 1.4941E-3 1.84459E-3 2.58217E-3 3.28658E-3 4.05712E-3 4.4577E-3 6.63705E-3 7.86054E-3 1.08138E-2 7.59671E-3 7.44617E-3 7.5639E-3 8.16183E-3 9.07468E-3 5.8129E-3 5.63385E-3 3.53129E-3
5.38485E-5 5.88876E-5 6.50718E-5 7.39454E-5 8.97956E-5 1.04872E-4 1.20636E-4 1.32459E-4 1.4344E-4 1.60768E-4 1.93895E-4 2.15155E-4 2.30536E-4 2.28812E-4 2.46789E-4 2.63244E-4 2.87578E-4 3.19787E-4 3.23764E-4 3.40688E-4 3.34181E-4 3.40526E-4 4.60331E-4 4.68224E-4 2.8659E-4 3.51534E-4 5.41407E-4 3.92452E-4 5.61825E-4 8.94996E-4 9.46635E-4 1.0539E-3 1.13466E-3 1.20432E-3 1.22632E-3 1.27872E-3 7.67177E-4 8.86169E-4 8.79766E-4 9.37021E-4 7.96592E-4 6.45936E-4 9.3593E-4 8.72339E-4 7.75149E-4 5.74545E-4 1.21502E-3 1.86185E-3 1.61837E-3 1.61316E-3 1.94094E-3 2.46586E-3 2.90906E-3 6.68247E-3 7.84185E-3 8.47558E-3 9.26009E-3 6.99589E-3 6.83543E-3 7.22018E-3 7.97353E-3 8.68382E-3 6.26189E-3 6.83278E-3 6.55753E-3 4.27028E-3
4.42881E-5 4.72879E-5 5.49377E-5 6.51992E-5 7.64173E-5 9.17276E-5 1.06264E-4 1.23373E-4 1.33115E-4 1.47042E-4 1.8435E-4 2.02136E-4 1.9955E-4 2.14559E-4 2.32638E-4 2.63907E-4 2.74357E-4 3.09586E-4 1.98653E-4 3.13772E-4 2.16668E-4 2.42319E-4 2.97055E-4 3.09087E-4 2.7003E-4 2.90788E-4 3.08644E-4 3.34756E-4 4.96458E-4 5.07219E-4 5.70695E-4 5.91969E-4 6.22483E-4 9.3183E-4 9.72348E-4 6.62334E-4 6.99844E-4 8.73187E-4 8.64401E-4 8.08629E-4 7.72863E-4 6.52974E-4 1.0642E-3 1.48849E-3 7.15749E-4 5.63394E-4 6.7677E-4 9.20888E-4 1.42556E-3 1.98541E-3 2.30558E-3 2.59673E-3 2.78117E-3 5.78258E-3 6.80578E-3 5.24412E-3 5.59873E-3 6.30787E-3 6.51338E-3 7.22981E-3 7.8464E-3 8.29656E-3 6.53509E-3 6.61024E-3 4.57462E-3 4.55265E-3
4.22616E-5 4.50837E-5 4.74305E-5 5.52115E-5 6.39109E-5 8.19848E-5 9.76059E-5 1.23498E-4 2.13639E-4 2.30866E-4 1.70708E-4 2.81415E-4 1.81987E-4 1.99895E-4 2.17736E-4 2.51937E-4 2.66794E-4 2.92815E-4 1.91463E-4 2.06732E-4 2.0311E-4 2.04953E-4 2.11377E-4 2.23964E-4 2.45121E-4 2.52911E-4 2.6755E-4 2.9417E-4 4.44331E-4 4.51432E-4 5.36111E-4 4.76203E-4 4.69702E-4 5.70575E-4 5.93234E-4 5.91251E-4 5.75143E-4 6.34293E-4 8.24416E-4 7.68829E-4 7.22559E-4 1.00379E-3 1.07871E-3 8.46446E-4 8.191E-4 4.94206E-4 5.7122E-4 7.30578E-4 7.34657E-4 2.85758E-3 2.30707E-3 2.66531E-3 3.36387E-3 3.91339E-3 4.31602E-3 4.51222E-3 4.90691E-3 6.16061E-3 6.60458E-3 7.89649E-3 7.65316E-3 6.14358E-3 7.07585E-3 7.44809E-3 7.22939E-3 7.06959E-3
3.85028E-5 4.29744E-5 4.32375E-5 4.65699E-5 6.02911E-5 7.56886E-5 8.56669E-5 1.66221E-4 1.966E-4 2.21458E-4 2.39132E-4 2.59736E-4 2.68086E-4 2.88217E-4 2.11749E-4 2.38158E-4 2.49361E-4 2.61184E-4 1.76231E-4 2.61448E-4 2.80987E-4 1.972E-4 1.72233E-4 1.90399E-4 1.91306E-4 2.17116E-4 3.53664E-4 3.80875E-4 2.50758E-4 4.26706E-4 2.75894E-4 2.8166E-4 2.80371E-4 3.12538E-4 5.06378E-4 5.56891E-4 5.53855E-4 5.83693E-4 7.47772E-4 6.88998E-4 6.89521E-4 1.06925E-3 9.85096E-4 6.67227E-4 5.68529E-4 5.88785E-4 4.62191E-4 4.7681E-4 5.10697E-4 5.82167E-4 1.09025E-3 4.29436E-3 5.65596E-3 3.3894E-3 3.45059E-3 3.7756E-3 4.36035E-3 4.98574E-3 5.68084E-3 7.39322E-3 7.35404E-3 8.96591E-3 6.68147E-3 6.47202E-3 6.95272E-3 7.06313E-3
3.58877E-5 4.04075E-5 3.87823E-5 4.39571E-5 5.17762E-5 6.61381E-5 7.75068E-5 1.50028E-4 1.69919E-4 2.29126E-4 2.28013E-4 2.25306E-4 2.49026E-4 1.90391E-4 2.40824E-4 2.70742E-4 2.2608E-4 2.47819E-4 1.6747E-4 2.56922E-4 1.73496E-4 1.77923E-4 1.79916E-4 1.55495E-4 1.75048E-4 1.78507E-4 2.05433E-4 5.67879E-4 3.58752E-4 2.33388E-4 2.43392E-4 2.45402E-4 2.58197E-4 2.88687E-4 3.05146E-4 4.90424E-4 5.6437E-4 5.49612E-4 5.33415E-4 4.64491E-4 1.13711E-3 1.04703E-3 6.11112E-4 6.89762E-4 6.1223E-4 6.28237E-4 4.46999E-4 4.60196E-4 4.61388E-4 5.38352E-4 9.8307E-4 3.64663E-3 5.51678E-3 3.11867E-3 2.17242E-3 3.31692E-3 4.13997E-3 3.11247E-3 4.65858E-3 6.52102E-3 6.77292E-3 8.10936E-3 5.58582E-3 5.62576E-3 3.99772E-3 3.83059E-3
