Leopardus jacobita/Leopardus_jacobita_projection 2041-2060_novel.asc
ncols         515
nrows         545
xllcorner     -119.0
yllcorner     -58.333333333333
cellsize      0.166666666667
NODATA_value  -9999
[rows 210 to 239 of 545, columns 408 to 475 of 515]
1.65059E0 1.65059E0 1.65059E0 1.65059E0 1.65059E0 1.65059E0 3.97733E-2 3.97733E-2 3.97733E-2 3.97733E-2 3.97733E-2 3.97733E-2 3.97733E-2 3.97733E-2 3.97733E-2 3.97733E-2 3.97733E-2 3.97733E-2 3.97733E-2 3.97733E-2 3.97733E-2 3.97733E-2 1.65059E0 1.65059E0 3.97733E-2 3.97733E-2 3.97733E-2 3.97733E-2 3.97733E-2 3.97733E-2 3.97733E-2 3.97733E-2 3.97733E-2 3.97733E-2 3.97733E-2 3.97733E-2 3.97733E-2 3.97733E-2 1.98866E-2 1.98866E-2 3.97733E-2 -9999 -9999 3.97733E-2 3.97733E-2 3.97733E-2 3.97733E-2 3.97733E-2 3.97733E-2 -9999 -9999 -9999 -9999 -9999 -9999 -9999 -9999 -9999 -9999 -9999 -9999 -9999 -9999 -9999 -9999 -9999 -9999 -9999
1.65059E0 1.65059E0 1.65059E0 1.65059E0 1.65059E0 3.97733E-2 3.97733E-2 3.97733E-2 3.97733E-2 3.97733E-2 3.97733E-2 3.97733E-2 3.97733E-2 3.97733E-2 3.97733E-2 3.97733E-2 3.97733E-2 3.97733E-2 3.97733E-2 3.97733E-2 3.97733E-2 3.97733E-2 1.65059E0 1.65059E0 1.65059E0 3.97733E-2 3.97733E-2 3.97733E-2 3.97733E-2 3.97733E-2 3.97733E-2 3.97733E-2 3.97733E-2 3.97733E-2 3.97733E-2 3.97733E-2 3.97733E-2 3.97733E-2 1.98866E-2 3.97733E-2 3.97733E-2 -9999 3.97733E-2 3.97733E-2 3.97733E-2 3.97733E-2 3.97733E-2 3.97733E-2 3.97733E-2 3.97733E-2 3.97733E-2 -9999 -9999 -9999 -9999 -9999 -9999 -9999 -9999 -9999 -9999 -9999 -9999 -9999 -9999 -9999 -9999 -9999
1.65059E0 1.65059E0 1.65059E0 1.65059E0 1.65059E0 1.65059E0 3.97733E-2 3.97733E-2 3.97733E-2 3.97733E-2 3.97733E-2 3.97733E-2 3.97733E-2 3.97733E-2 3.97733E-2 3.97733E-2 3.97733E-2 3.97733E-2 3.97733E-2 3.97733E-2 1.65059E0 1.65059E0 1.65059E0 1.65059E0 3.97733E-2 3.97733E-2 3.97733E-2 3.97733E-2 1.65059E0 3.97733E-2 3.97733E-2 3.97733E-2 3.97733E-2 3.97733E-2 3.97733E-2 3.97733E-2 3.97733E-2 3.97733E-2 3.97733E-2 3.97733E-2 3.97733E-2 3.97733E-2 3.97733E-2 3.97733E-2 3.97733E-2 3.97733E-2 3.97733E-2 3.97733E-2 3.97733E-2 3.97733E-2 3.97733E-2 3.97733E-2 3.97733E-2 3.97733E-2 1.98866E-2 1.98866E-2 -9999 -9999 -9999 -9999 -9999 3.97733E-2 3.97733E-2 3.97733E-2 3.97733E-2 3.97733E-2 -9999 -9999
1.65059E0 1.65059E0 1.65059E0 1.65059E0 3.97733E-2 1.65059E0 3.97733E-2 3.97733E-2 3.97733E-2 3.97733E-2 3.97733E-2 3.97733E-2 3.97733E-2 3.97733E-2 3.97733E-2 3.97733E-2 3.97733E-2 3.97733E-2 3.97733E-2 3.97733E-2 1.65059E0 1.65059E0 1.65059E0 1.65059E0 1.65059E0 1.65059E0 1.65059E0 1.65059E0 1.65059E0 3.97733E-2 3.97733E-2 3.97733E-2 3.97733E-2 3.97733E-2 3.97733E-2 3.97733E-2 3.97733E-2 3.97733E-2 3.97733E-2 3.97733E-2 3.97733E-2 3.97733E-2 3.97733E-2 3.97733E-2 3.97733E-2 3.97733E-2 3.97733E-2 3.97733E-2 3.97733E-2 3.97733E-2 3.97733E-2 3.97733E-2 3.97733E-2 3.97733E-2 3.97733E-2 3.97733E-2 3.97733E-2 1.65059E0 1.65059E0 1.65059E0 1.65059E0 3.97733E-2 3.97733E-2 1.65059E0 1.65059E0 1.65059E0 1.65059E0 1.65059E0
1.65059E0 1.65059E0 1.65059E0 1.65059E0 3.97733E-2 3.97733E-2 3.97733E-2 3.97733E-2 3.97733E-2 3.97733E-2 3.97733E-2 3.97733E-2 3.97733E-2 3.97733E-2 3.97733E-2 3.97733E-2 3.97733E-2 3.97733E-2 1.65059E0 1.65059E0 1.65059E0 1.65059E0 1.65059E0 1.65059E0 1.65059E0 1.65059E0 1.65059E0 1.65059E0 1.65059E0 1.65059E0 1.65059E0 1.65059E0 3.97733E-2 3.97733E-2 3.97733E-2 3.97733E-2 3.97733E-2 3.97733E-2 3.97733E-2 3.97733E-2 3.97733E-2 3.97733E-2 3.97733E-2 3.97733E-2 3.97733E-2 3.97733E-2 1.65059E0 3.97733E-2 1.65059E0 1.65059E0 3.97733E-2 3.97733E-2 3.97733E-2 3.97733E-2 3.97733E-2 1.65059E0 1.65059E0 1.65059E0 2.18753E0 2.14776E0 1.65059E0 1.4915E0 1.65059E0 1.65059E0 1.65059E0 1.65059E0 1.65059E0 1.65059E0
1.65059E0 1.65059E0 1.65059E0 1.65059E0 1.65059E0 3.97733E-2 3.97733E-2 3.97733E-2 3.97733E-2 3.97733E-2 3.97733E-2 3.97733E-2 3.97733E-2 3.97733E-2 1.65059E0 1.65059E0 1.65059E0 1.65059E0 1.65059E0 1.65059E0 1.65059E0 1.65059E0 1.65059E0 1.65059E0 1.65059E0 1.65059E0 1.65059E0 1.65059E0 1.65059E0 1.65059E0 1.65059E0 1.65059E0 1.65059E0 3.97733E-2 3.97733E-2 3.97733E-2 3.97733E-2 3.97733E-2 3.97733E-2 3.97733E-2 3.97733E-2 3.97733E-2 3.97733E-2 3.97733E-2 3.97733E-2 3.97733E-2 1.65059E0 1.65059E0 1.65059E0 1.65059E0 3.97733E-2 3.97733E-2 3.97733E-2 3.97733E-2 3.97733E-2 1.65059E0 3.93756E0 3.48016E0 1.09377E1 9.76434E0 2.24719E0 1.65059E0 1.65059E0 1.65059E0 1.65059E0 1.65059E0 1.65059E0 1.65059E0
1.65059E0 1.65059E0 1.65059E0 1.65059E0 1.65059E0 1.65059E0 3.97733E-2 3.97733E-2 3.97733E-2 3.97733E-2 3.97733E-2 1.65059E0 3.97733E-2 1.65059E0 1.65059E0 1.65059E0 1.65059E0 1.65059E0 1.65059E0 1.65059E0 1.65059E0 1.65059E0 1.65059E0 1.65059E0 1.65059E0 1.65059E0 1.65059E0 1.65059E0 1.65059E0 1.65059E0 1.65059E0 1.65059E0 1.65059E0 3.97733E-2 3.97733E-2 3.97733E-2 3.97733E-2 3.97733E-2 3.97733E-2 3.97733E-2 3.97733E-2 3.97733E-2 3.97733E-2 3.97733E-2 3.97733E-2 1.65059E0 1.65059E0 1.65059E0 1.65059E0 1.65059E0 3.97733E-2 3.97733E-2 3.97733E-2 3.97733E-2 3.97733E-2 1.65059E0 6.62225E0 6.62225E0 4.6137E0 1.16735E1 8.45182E0 1.65059E0 7.895E0 1.07786E1 1.65059E0 1.65059E0 1.65059E0 5.88645E0
1.65059E0 1.65059E0 1.65059E0 1.65059E0 1.65059E0 1.65059E0 1.65059E0 1.65059E0 3.97733E-2 3.97733E-2 1.65059E0 1.65059E0 3.97733E-2 1.65059E0 1.65059E0 1.65059E0 1.65059E0 1.65059E0 1.65059E0 1.65059E0 1.65059E0 1.65059E0 1.65059E0 1.65059E0 1.65059E0 1.65059E0 1.65059E0 1.65059E0 1.65059E0 1.65059E0 1.65059E0 1.65059E0 1.65059E0 1.65059E0 3.97733E-2 3.97733E-2 3.97733E-2 3.97733E-2 3.97733E-2 3.97733E-2 3.97733E-2 3.97733E-2 3.97733E-2 3.97733E-2 1.65059E0 1.65059E0 1.65059E0 1.4915E0 1.65059E0 1.4915E0 1.65059E0 1.65059E0 1.65059E0 1.65059E0 1.4915E0 1.65059E0 3.08243E0 4.19608E0 1.09377E1 4.09665E0 3.53982E0 1.65059E0 2.14776E0 6.62225E0 1.65059E0 1.65059E0 2.983E0 3.93756E0
1.65059E0 1.65059E0 1.65059E0 1.65059E0 1.65059E0 1.65059E0 3.97733E-2 3.97733E-2 3.97733E-2 3.97733E-2 3.97733E-2 1.65059E0 1.65059E0 1.65059E0 1.65059E0 1.65059E0 1.65059E0 1.65059E0 1.65059E0 1.65059E0 1.65059E0 1.65059E0 1.65059E0 1.65059E0 1.65059E0 1.24093E1 1.24093E1 1.24093E1 1.65059E0 1.65059E0 1.65059E0 1.65059E0 1.65059E0 1.65059E0 1.65059E0 3.97733E-2 3.97733E-2 3.97733E-2 3.97733E-2 3.97733E-2 3.97733E-2 3.97733E-2 1.4915E0 1.4915E0 1.65059E0 1.65059E0 1.65059E0 1.65059E0 1.4915E0 1.4915E0 1.4915E0 1.65059E0 1.4915E0 1.4915E0 1.4915E0 1.4915E0 3.08243E0 3.08243E0 3.73869E0 3.48016E0 4.19608E0 2.24719E0 1.65059E0 1.65059E0 1.65059E0 1.65059E0 3.22164E0 3.53982E0
1.24093E1 1.65059E0 1.65059E0 1.65059E0 1.65059E0 1.65059E0 1.65059E0 3.97733E-2 3.97733E-2 1.65059E0 3.97733E-2 1.65059E0 1.65059E0 1.65059E0 1.65059E0 1.65059E0 1.65059E0 1.65059E0 1.65059E0 1.65059E0 1.24093E1 1.65059E0 1.65059E0 1.24093E1 1.24093E1 1.24093E1 1.24093E1 6.62225E0 6.62225E0 6.62225E0 1.65059E0 1.65059E0 1.65059E0 1.65059E0 1.65059E0 3.97733E-2 3.97733E-2 3.97733E-2 3.97733E-2 3.97733E-2 3.97733E-2 1.4915E0 1.4915E0 1.65059E0 1.4915E0 1.65059E0 1.4915E0 1.4915E0 1.4915E0 1.4915E0 1.4915E0 1.4915E0 1.4915E0 1.4915E0 1.4915E0 3.08243E0 1.4915E0 3.08243E0 3.08243E0 2.62504E0 3.34096E0 2.58526E0 2.24719E0 1.65059E0 1.65059E0 4.39495E0 4.09665E0 4.81257E0
1.24093E1 1.65059E0 1.65059E0 1.65059E0 1.65059E0 1.65059E0 1.65059E0 3.97733E-2 3.97733E-2 1.65059E0 1.65059E0 1.65059E0 1.65059E0 1.65059E0 1.65059E0 1.65059E0 1.65059E0 1.65059E0 1.65059E0 1.24093E1 1.24093E1 6.62225E0 1.24093E1 1.24093E1 1.24093E1 1.24093E1 6.62225E0 6.62225E0 1.24093E1 6.62225E0 6.62225E0 1.65059E0 1.65059E0 1.65059E0 1.65059E0 1.4915E0 3.97733E-2 3.97733E-2 3.97733E-2 3.97733E-2 1.4915E0 1.4915E0 1.4915E0 1.4915E0 1.4915E0 1.4915E0 1.4915E0 1.4915E0 1.4915E0 1.4915E0 1.4915E0 1.4915E0 1.4915E0 1.4915E0 3.08243E0 3.08243E0 3.08243E0 3.08243E0 3.08243E0 2.62504E0 2.24719E0 1.15343E1 1.65059E0 1.65059E0 1.65059E0 1.65059E0 4.39495E0 5.88645E0
1.24093E1 1.24093E1 1.65059E0 1.65059E0 1.65059E0 1.65059E0 1.65059E0 1.65059E0 3.97733E-2 3.97733E-2 1.65059E0 1.65059E0 1.65059E0 1.65059E0 1.65059E0 1.65059E0 1.65059E0 1.65059E0 1.24093E1 1.24093E1 6.62225E0 6.62225E0 1.24093E1 1.24093E1 6.62225E0 6.62225E0 6.62225E0 6.62225E0 6.62225E0 2.04236E1 6.62225E0 6.62225E0 6.62225E0 1.65059E0 1.65059E0 1.4915E0 3.97733E-2 3.97733E-2 3.97733E-2 1.4915E0 1.4915E0 1.4915E0 1.4915E0 1.4915E0 1.4915E0 1.4915E0 1.4915E0 1.4915E0 1.4915E0 1.4915E0 1.4915E0 1.4915E0 1.4915E0 1.4915E0 1.4915E0 3.08243E0 6.62225E0 6.36373E0 4.19608E0 3.34096E0 9.6848E0 1.20911E1 1.65059E0 1.65059E0 1.65059E0 3.51994E0 4.19608E0 7.39783E0
1.24093E1 1.24093E1 1.24093E1 1.65059E0 1.65059E0 1.65059E0 1.65059E0 1.65059E0 1.65059E0 3.97733E-2 3.97733E-2 1.65059E0 1.65059E0 1.65059E0 1.65059E0 1.65059E0 1.65059E0 6.62225E0 1.24093E1 1.24093E1 6.62225E0 6.62225E0 2.04236E1 2.04236E1 6.62225E0 6.62225E0 2.04236E1 6.62225E0 2.04236E1 6.62225E0 6.62225E0 6.62225E0 6.62225E0 3.08243E0 1.65059E0 1.4915E0 1.4915E0 1.4915E0 1.4915E0 1.4915E0 1.4915E0 1.4915E0 1.4915E0 1.4915E0 8.75012E-1 1.4915E0 1.4915E0 1.4915E0 1.4915E0 8.75012E-1 1.4915E0 8.75012E-1 1.4915E0 1.4915E0 3.08243E0 3.08243E0 6.62225E0 6.62225E0 4.6137E0 3.73869E0 1.32047E1 1.22104E1 6.62225E0 5.98588E0 5.19041E0 4.33529E0 4.39495E0 6.68191E0
1.24093E1 1.24093E1 1.24093E1 1.24093E1 1.65059E0 1.65059E0 1.65059E0 1.65059E0 1.65059E0 1.65059E0 1.65059E0 1.65059E0 1.65059E0 1.65059E0 6.62225E0 1.24093E1 6.62225E0 6.62225E0 6.62225E0 1.24093E1 6.62225E0 6.62225E0 2.04236E1 6.62225E0 6.62225E0 2.04236E1 2.04236E1 2.04236E1 2.04236E1 6.62225E0 6.62225E0 2.04236E1 6.62225E0 3.08243E0 3.08243E0 3.08243E0 1.4915E0 1.4915E0 1.4915E0 1.4915E0 1.4915E0 1.4915E0 1.4915E0 1.4915E0 8.75012E-1 1.4915E0 1.4915E0 1.4915E0 8.75012E-1 8.75012E-1 8.75012E-1 1.4915E0 8.75012E-1 1.4915E0 1.4915E0 3.08243E0 6.62225E0 6.62225E0 4.39495E0 3.73869E0 1.45173E1 9.40638E0 6.16486E0 4.73302E0 6.32395E0 8.80978E0 6.68191E0 4.39495E0
1.24093E1 1.24093E1 1.24093E1 1.24093E1 1.24093E1 1.65059E0 1.65059E0 1.65059E0 1.65059E0 1.65059E0 1.65059E0 1.65059E0 1.65059E0 1.65059E0 1.65059E0 6.62225E0 6.62225E0 6.62225E0 6.62225E0 6.62225E0 6.62225E0 6.62225E0 6.62225E0 6.62225E0 6.62225E0 2.04236E1 2.04236E1 2.04236E1 2.04236E1 6.62225E0 6.62225E0 6.62225E0 6.62225E0 3.08243E0 3.08243E0 3.08243E0 3.08243E0 1.4915E0 1.4915E0 1.4915E0 1.4915E0 1.4915E0 1.4915E0 1.4915E0 1.4915E0 1.4915E0 1.4915E0 8.75012E-1 8.75012E-1 8.75012E-1 1.4915E0 1.4915E0 1.4915E0 1.4915E0 1.4915E0 3.08243E0 3.08243E0 3.08243E0 4.39495E0 3.73869E0 1.27076E1 6.34384E0 4.13642E0 3.97733E0 6.42339E0 7.39783E0 6.36373E0 4.81257E0
2.04236E1 2.04236E1 1.24093E1 6.62225E0 1.24093E1 1.65059E0 1.65059E0 1.65059E0 1.65059E0 1.65059E0 1.65059E0 1.65059E0 1.65059E0 1.65059E0 1.65059E0 1.65059E0 6.62225E0 3.08243E0 6.62225E0 6.62225E0 6.62225E0 6.62225E0 6.62225E0 6.62225E0 6.62225E0 2.04236E1 2.04236E1 2.04236E1 2.04236E1 6.62225E0 6.62225E0 6.62225E0 6.62225E0 6.62225E0 3.08243E0 3.08243E0 3.08243E0 3.08243E0 1.4915E0 1.4915E0 1.4915E0 1.4915E0 1.4915E0 1.4915E0 1.4915E0 1.4915E0 1.4915E0 1.4915E0 8.75012E-1 8.75012E-1 1.4915E0 1.4915E0 1.4915E0 1.4915E0 1.4915E0 3.08243E0 3.08243E0 3.08243E0 4.81257E0 3.73869E0 9.14786E0 5.92622E0 3.81824E0 3.53982E0 5.82679E0 6.68191E0 7.09953E0 1.65059E0
2.04236E1 2.04236E1 6.62225E0 6.62225E0 6.62225E0 6.62225E0 1.65059E0 1.65059E0 1.65059E0 1.65059E0 1.65059E0 1.65059E0 1.65059E0 1.65059E0 1.65059E0 1.65059E0 3.08243E0 3.08243E0 3.08243E0 3.08243E0 6.62225E0 6.62225E0 6.62225E0 6.62225E0 6.62225E0 6.62225E0 2.04236E1 2.04236E1 2.04236E1 6.62225E0 6.62225E0 6.62225E0 6.62225E0 6.62225E0 3.08243E0 3.08243E0 3.08243E0 1.4915E0 1.4915E0 1.4915E0 1.4915E0 1.4915E0 1.4915E0 1.4915E0 1.4915E0 1.4915E0 1.4915E0 1.4915E0 8.75012E-1 8.75012E-1 8.75012E-1 8.75012E-1 1.4915E0 1.4915E0 1.4915E0 1.4915E0 3.08243E0 6.62225E0 6.62225E0 5.88645E0 1.07786E1 6.48305E0 3.65914E0 3.04266E0 5.70747E0 7.09953E0 7.39783E0 1.65059E0
2.04236E1 6.62225E0 6.62225E0 6.62225E0 6.62225E0 6.62225E0 6.62225E0 3.08243E0 1.65059E0 1.65059E0 1.65059E0 1.65059E0 1.65059E0 1.65059E0 1.65059E0 3.08243E0 3.08243E0 3.08243E0 3.08243E0 3.08243E0 3.08243E0 3.08243E0 6.62225E0 6.62225E0 6.62225E0 6.62225E0 6.62225E0 6.62225E0 6.62225E0 3.08243E0 6.62225E0 6.62225E0 3.08243E0 3.08243E0 3.08243E0 3.08243E0 3.08243E0 1.4915E0 1.4915E0 1.4915E0 1.4915E0 1.4915E0 1.4915E0 1.4915E0 1.4915E0 1.4915E0 1.4915E0 1.4915E0 8.75012E-1 1.4915E0 8.75012E-1 1.4915E0 1.4915E0 1.4915E0 1.4915E0 1.4915E0 3.08243E0 6.62225E0 6.62225E0 1.03013E1 1.16735E1 7.03987E0 4.19608E0 3.81824E0 6.12509E0 8.4916E0 8.4916E0 9.24729E0
2.04236E1 2.04236E1 6.62225E0 6.62225E0 6.62225E0 6.62225E0 6.62225E0 6.62225E0 1.65059E0 1.65059E0 1.65059E0 1.65059E0 1.65059E0 3.08243E0 3.08243E0 3.08243E0 3.08243E0 3.08243E0 3.08243E0 3.08243E0 3.08243E0 3.08243E0 6.62225E0 6.62225E0 6.62225E0 6.62225E0 6.62225E0 6.62225E0 6.62225E0 6.62225E0 6.62225E0 6.62225E0 6.62225E0 3.08243E0 3.08243E0 3.08243E0 3.08243E0 3.08243E0 3.08243E0 3.08243E0 1.4915E0 1.4915E0 1.4915E0 1.4915E0 1.4915E0 1.4915E0 1.4915E0 1.4915E0 1.4915E0 1.4915E0 1.4915E0 1.4915E0 1.4915E0 1.4915E0 1.4915E0 3.08243E0 3.08243E0 1.09377E1 9.24729E0 9.86378E0 1.09377E1 7.65636E0 6.22452E0 7.55693E0 1.03808E1 9.54559E0 8.80978E0 8.80978E0
2.04236E1 2.04236E1 2.04236E1 2.04236E1 6.62225E0 6.62225E0 6.62225E0 3.08243E0 6.62225E0 3.08243E0 3.08243E0 3.08243E0 3.08243E0 3.08243E0 3.08243E0 3.08243E0 3.08243E0 3.08243E0 3.08243E0 6.62225E0 3.08243E0 3.08243E0 3.08243E0 6.62225E0 6.62225E0 6.62225E0 6.62225E0 6.62225E0 6.62225E0 6.62225E0 6.62225E0 6.62225E0 3.08243E0 6.62225E0 3.08243E0 3.08243E0 3.08243E0 3.08243E0 3.08243E0 3.08243E0 3.08243E0 1.4915E0 1.4915E0 1.4915E0 1.4915E0 1.4915E0 1.4915E0 1.4915E0 1.4915E0 3.08243E0 1.4915E0 1.4915E0 1.4915E0 1.4915E0 1.4915E0 3.08243E0 3.08243E0 6.62225E0 6.62225E0 9.14786E0 1.07786E1 8.01432E0 8.15353E0 1.19718E1 1.26479E1 1.11166E1 9.86378E0 1.65059E0
2.04236E1 2.04236E1 2.04236E1 2.04236E1 6.62225E0 6.62225E0 6.62225E0 6.62225E0 6.62225E0 3.08243E0 3.08243E0 3.08243E0 3.08243E0 3.08243E0 3.08243E0 3.08243E0 3.08243E0 3.08243E0 3.08243E0 6.62225E0 6.62225E0 3.08243E0 3.08243E0 3.08243E0 6.62225E0 6.62225E0 6.62225E0 6.62225E0 6.62225E0 6.62225E0 6.62225E0 6.62225E0 6.62225E0 6.62225E0 3.08243E0 3.08243E0 3.08243E0 3.08243E0 3.08243E0 3.08243E0 3.08243E0 3.08243E0 3.08243E0 1.4915E0 1.4915E0 3.08243E0 1.4915E0 1.4915E0 1.4915E0 3.08243E0 1.4915E0 1.4915E0 3.08243E0 1.4915E0 1.4915E0 3.08243E0 3.08243E0 3.08243E0 6.62225E0 8.15353E0 9.58536E0 8.13364E0 8.57114E0 1.22104E1 1.23098E1 1.04405E1 1.04405E1 8.80978E0
6.62225E0 6.62225E0 2.61907E1 2.61907E1 2.61907E1 2.04236E1 6.62225E0 6.62225E0 3.08243E0 3.08243E0 3.08243E0 3.08243E0 3.08243E0 3.08243E0 3.08243E0 3.08243E0 3.08243E0 3.08243E0 6.62225E0 6.62225E0 6.62225E0 6.62225E0 6.62225E0 6.62225E0 6.62225E0 6.62225E0 6.62225E0 6.62225E0 6.62225E0 6.62225E0 6.62225E0 6.62225E0 6.62225E0 3.08243E0 3.08243E0 3.08243E0 3.08243E0 3.08243E0 3.08243E0 3.08243E0 3.08243E0 3.08243E0 3.08243E0 3.08243E0 3.08243E0 3.08243E0 1.4915E0 1.4915E0 1.4915E0 1.4915E0 1.4915E0 3.08243E0 3.08243E0 1.4915E0 1.4915E0 3.08243E0 6.62225E0 6.62225E0 6.62225E0 9.76434E0 1.05797E1 8.53137E0 8.01432E0 9.6848E0 1.14945E1 1.11166E1 1.14945E1 1.14945E1
6.62225E0 6.62225E0 2.04236E1 2.67277E1 2.04236E1 2.04236E1 6.62225E0 3.08243E0 3.08243E0 3.08243E0 3.08243E0 3.08243E0 3.08243E0 3.08243E0 3.08243E0 3.08243E0 3.08243E0 3.08243E0 6.62225E0 6.62225E0 6.62225E0 6.62225E0 6.62225E0 6.62225E0 6.62225E0 6.62225E0 6.62225E0 6.62225E0 6.62225E0 6.62225E0 6.62225E0 3.08243E0 6.62225E0 6.62225E0 6.62225E0 6.62225E0 3.08243E0 3.08243E0 6.62225E0 3.08243E0 6.62225E0 6.62225E0 3.08243E0 6.62225E0 6.62225E0 3.08243E0 3.08243E0 3.08243E0 1.4915E0 1.4915E0 3.08243E0 3.08243E0 3.08243E0 1.4915E0 3.08243E0 3.08243E0 6.62225E0 6.62225E0 6.62225E0 1.17928E1 1.19718E1 9.58536E0 7.27851E0 8.13364E0 1.03013E1 1.08382E1 1.28667E1 1.47161E1
6.62225E0 6.62225E0 6.62225E0 2.04236E1 2.04236E1 6.62225E0 3.08243E0 6.62225E0 3.08243E0 3.08243E0 3.08243E0 3.08243E0 3.08243E0 3.08243E0 3.08243E0 3.08243E0 3.08243E0 3.08243E0 6.62225E0 6.62225E0 6.62225E0 6.62225E0 6.62225E0 6.62225E0 6.62225E0 2.04236E1 6.62225E0 6.62225E0 6.62225E0 6.62225E0 6.62225E0 6.62225E0 6.62225E0 6.62225E0 6.62225E0 3.08243E0 6.62225E0 6.62225E0 6.62225E0 3.08243E0 6.62225E0 6.62225E0 3.08243E0 6.62225E0 6.62225E0 3.08243E0 3.08243E0 3.08243E0 1.4915E0 1.4915E0 3.08243E0 3.08243E0 3.08243E0 3.08243E0 3.08243E0 6.62225E0 6.62225E0 6.62225E0 6.62225E0 1.32047E1 1.26678E1 1.27076E1 8.3325E0 7.75579E0 1.05797E1 6.62225E0 6.62225E0 1.62076E1
6.62225E0 6.62225E0 6.62225E0 6.62225E0 3.08243E0 3.08243E0 3.08243E0 3.08243E0 3.08243E0 3.08243E0 3.08243E0 3.08243E0 3.08243E0 3.08243E0 3.08243E0 3.08243E0 3.08243E0 3.08243E0 6.62225E0 6.62225E0 6.62225E0 3.08243E0 6.62225E0 6.62225E0 6.62225E0 2.04236E1 6.62225E0 6.62225E0 6.62225E0 6.62225E0 2.04236E1 6.62225E0 6.62225E0 6.62225E0 6.62225E0 6.62225E0 6.62225E0 6.62225E0 6.62225E0 3.08243E0 6.62225E0 3.08243E0 3.08243E0 3.08243E0 6.62225E0 3.08243E0 3.08243E0 3.08243E0 1.4915E0 1.4915E0 1.4915E0 3.08243E0 6.62225E0 6.62225E0 3.08243E0 6.62225E0 6.62225E0 1.73412E1 6.62225E0 1.39604E1 1.40599E1 1.50144E1 1.29263E1 1.09377E1 1.14945E1 1.27076E1 6.62225E0 6.62225E0
6.62225E0 6.62225E0 3.08243E0 3.08243E0 3.08243E0 3.08243E0 3.08243E0 3.08243E0 3.08243E0 3.08243E0 3.08243E0 3.08243E0 3.08243E0 3.08243E0 3.08243E0 3.08243E0 3.08243E0 3.08243E0 3.08243E0 6.62225E0 3.08243E0 3.08243E0 6.62225E0 6.62225E0 6.62225E0 6.62225E0 6.62225E0 6.62225E0 6.62225E0 6.62225E0 2.04236E1 6.62225E0 6.62225E0 6.62225E0 6.62225E0 3.08243E0 3.08243E0 3.08243E0 3.08243E0 3.08243E0 3.08243E0 3.08243E0 3.08243E0 3.08243E0 3.08243E0 1.4915E0 1.4915E0 1.4915E0 1.4915E0 3.08243E0 1.4915E0 1.4915E0 3.08243E0 3.08243E0 3.08243E0 6.62225E0 6.62225E0 6.62225E0 6.62225E0 1.41792E1 1.40599E1 1.44178E1 1.33439E1 1.3165E1 1.36621E1 6.62225E0 6.62225E0 6.62225E0
6.62225E0 6.62225E0 6.62225E0 3.08243E0 3.08243E0 3.08243E0 3.08243E0 3.08243E0 1.4915E0 3.08243E0 3.08243E0 3.08243E0 3.08243E0 3.08243E0 3.08243E0 3.08243E0 3.08243E0 3.08243E0 6.62225E0 6.62225E0 3.08243E0 3.08243E0 3.08243E0 6.62225E0 6.62225E0 6.62225E0 6.62225E0 6.62225E0 2.04236E1 6.62225E0 6.62225E0 6.62225E0 3.08243E0 3.08243E0 3.08243E0 3.08243E0 3.08243E0 3.08243E0 3.08243E0 3.08243E0 3.08243E0 3.08243E0 3.08243E0 1.4915E0 1.4915E0 1.4915E0 1.4915E0 1.4915E0 1.4915E0 3.08243E0 1.4915E0 1.4915E0 1.4915E0 1.4915E0 3.08243E0 6.62225E0 6.62225E0 3.08243E0 3.08243E0 6.62225E0 6.62225E0 6.62225E0 6.62225E0 1.33439E1 1.38212E1 6.62225E0 6.62225E0 1.49349E1
2.04236E1 6.62225E0 6.62225E0 3.08243E0 3.08243E0 3.08243E0 3.08243E0 1.4915E0 1.4915E0 3.08243E0 3.08243E0 3.08243E0 3.08243E0 3.08243E0 3.08243E0 3.08243E0 3.08243E0 3.08243E0 3.08243E0 3.08243E0 3.08243E0 3.08243E0 3.08243E0 3.08243E0 6.62225E0 6.62225E0 6.62225E0 2.04236E1 6.62225E0 6.62225E0 6.62225E0 3.08243E0 3.08243E0 3.08243E0 3.08243E0 1.4915E0 3.08243E0 1.4915E0 3.08243E0 3.08243E0 3.08243E0 3.08243E0 3.08243E0 3.08243E0 1.4915E0 1.4915E0 1.4915E0 1.4915E0 1.4915E0 1.4915E0 1.4915E0 1.4915E0 1.4915E0 1.4915E0 1.4915E0 3.08243E0 3.08243E0 1.4915E0 3.08243E0 3.08243E0 3.08243E0 6.62225E0 6.62225E0 1.29263E1 1.3165E1 1.39207E1 1.49349E1 1.52928E1
6.62225E0 3.08243E0 3.08243E0 6.62225E0 3.08243E0 1.4915E0 3.08243E0 1.4915E0 1.4915E0 1.4915E0 3.08243E0 3.08243E0 3.08243E0 3.08243E0 3.08243E0 3.08243E0 3.08243E0 3.08243E0 3.08243E0 3.08243E0 3.08243E0 3.08243E0 3.08243E0 3.08243E0 6.62225E0 6.62225E0 6.62225E0 6.62225E0 6.62225E0 3.08243E0 3.08243E0 3.08243E0 3.08243E0 1.4915E0 1.4915E0 1.4915E0 3.08243E0 3.08243E0 3.08243E0 3.08243E0 3.08243E0 3.08243E0 3.08243E0 3.08243E0 1.4915E0 1.4915E0 1.4915E0 1.4915E0 1.4915E0 1.4915E0 1.4915E0 1.4915E0 1.4915E0 1.4915E0 1.4915E0 1.4915E0 1.4915E0 3.08243E0 3.08243E0 3.08243E0 3.08243E0 6.62225E0 1.37218E1 1.36621E1 1.38212E1 1.40599E1 2.06821E1 2.08213E1
6.62225E0 3.08243E0 6.62225E0 6.62225E0 3.08243E0 3.08243E0 3.08243E0 3.08243E0 1.4915E0 1.4915E0 1.4915E0 3.08243E0 3.08243E0 3.08243E0 3.08243E0 3.08243E0 3.08243E0 3.08243E0 3.08243E0 3.08243E0 3.08243E0 1.4915E0 1.4915E0 3.08243E0 3.08243E0 3.08243E0 3.08243E0 3.08243E0 3.08243E0 3.08243E0 3.08243E0 3.08243E0 3.08243E0 3.08243E0 3.08243E0 3.08243E0 3.08243E0 3.08243E0 3.08243E0 3.08243E0 3.08243E0 3.08243E0 3.08243E0 1.4915E0 1.4915E0 3.08243E0 3.08243E0 1.4915E0 3.08243E0 1.4915E0 1.4915E0 1.4915E0 1.4915E0 1.4915E0 1.4915E0 1.4915E0 1.4915E0 1.4915E0 3.08243E0 3.08243E0 3.08243E0 1.49349E1 1.63269E1 1.84548E1 1.92702E1 2.28498E1 2.25316E1 2.31282E1
