Leopardus garleppi/Leopardus_garleppi.asc
ncols         515
nrows         545
xllcorner     -119.0
yllcorner     -58.333333333333
cellsize      0.166666666667
NODATA_value  -9999
[rows 0 to 28 of 545, columns 132 to 197 of 515]
1.2059E-4 9.63736E-5 7.46529E-5 5.89582E-5 5.0711E-5 4.4944E-5 4.38165E-5 4.02996E-5 4.10622E-5 3.34979E-5 3.1137E-5 4.27759E-5 3.45277E-5 2.80568E-5 2.29919E-5 1.89515E-5 1.69391E-5 3.08653E-5 1.63403E-5 1.57718E-5 1.40927E-5 1.45265E-5 9.95925E-6 8.13598E-6 1.31391E-5 6.47034E-6 1.18947E-5 1.15389E-5 7.52056E-6 8.7158E-6 8.41353E-6 7.65003E-6 1.17741E-5 1.08274E-5 1.01092E-5 9.92141E-6 9.90741E-6 9.14219E-6 9.42932E-6 9.50549E-6 1.00621E-5 1.03968E-5 9.98871E-6 8.75637E-6 8.31033E-6 7.22328E-6 8.94091E-6 9.17616E-6 9.22318E-6 8.80163E-6 8.18464E-6 7.4432E-6 7.42723E-6 8.64686E-6 9.40385E-6 9.63515E-6 9.97045E-6 1.03296E-5 1.06438E-5 1.36726E-5 1.4197E-5 1.38843E-5 1.41791E-5 1.44671E-5 8.35843E-6 1.29643E-5
1.1881E-4 8.77551E-5 6.89434E-5 5.3047E-5 4.73589E-5 4.77891E-5 4.50175E-5 4.17968E-5 3.75688E-5 3.38616E-5 2.90298E-5 4.13165E-5 3.40856E-5 2.81591E-5 2.57217E-5 1.96551E-5 1.7116E-5 1.77826E-5 1.63253E-5 1.55054E-5 1.54584E-5 1.3173E-5 9.31205E-6 8.54486E-6 6.58122E-6 5.85051E-6 9.4246E-6 9.83124E-6 1.04554E-5 7.29452E-6 7.4602E-6 7.07925E-6 6.60875E-6 1.22694E-5 1.02713E-5 9.92318E-6 9.30325E-6 9.27668E-6 9.35721E-6 9.48403E-6 9.52562E-6 9.69709E-6 9.04498E-6 8.23223E-6 7.56404E-6 7.48534E-6 8.08459E-6 8.54406E-6 8.45561E-6 7.93941E-6 6.66962E-6 5.96788E-6 6.21933E-6 7.49297E-6 8.48569E-6 8.65893E-6 9.34653E-6 9.48872E-6 1.02844E-5 1.33729E-5 1.28966E-5 1.37225E-5 1.3642E-5 1.4581E-5 1.47578E-5 1.48729E-5
1.14116E-4 1.00833E-4 6.86267E-5 4.93566E-5 4.43687E-5 4.10076E-5 4.17477E-5 3.96449E-5 3.70769E-5 3.2879E-5 4.82589E-5 3.94521E-5 3.26405E-5 3.13443E-5 2.37764E-5 2.01768E-5 1.69499E-5 1.51214E-5 1.60187E-5 1.48574E-5 1.34011E-5 1.10261E-5 1.01108E-5 8.28003E-6 6.33244E-6 5.00324E-6 4.23352E-6 7.99362E-6 8.90737E-6 1.13992E-5 1.31732E-5 6.55777E-6 6.28163E-6 1.21298E-5 5.89133E-6 1.12689E-5 1.01462E-5 9.27368E-6 8.14016E-6 9.44517E-6 7.99426E-6 8.27359E-6 8.01053E-6 7.23853E-6 7.4091E-6 7.36946E-6 7.81755E-6 8.61653E-6 7.77802E-6 6.98243E-6 5.60648E-6 5.15939E-6 5.52736E-6 6.94383E-6 7.19051E-6 8.07829E-6 8.72477E-6 9.15009E-6 1.12079E-5 1.12161E-5 1.19914E-5 1.27937E-5 1.28027E-5 1.44285E-5 1.63559E-5 1.75731E-5
7.0492E-5 1.02623E-4 4.06209E-5 4.98433E-5 4.88599E-5 4.44784E-5 4.05614E-5 3.93126E-5 6.09174E-5 5.40688E-5 5.52197E-5 4.38416E-5 3.70733E-5 3.22386E-5 2.72416E-5 2.31091E-5 1.70402E-5 1.66785E-5 1.50764E-5 1.42415E-5 1.18782E-5 1.07951E-5 8.29995E-6 8.21562E-6 6.38498E-6 4.89159E-6 4.46438E-6 8.82698E-6 9.16161E-6 8.82107E-6 1.01395E-5 1.10412E-5 6.62219E-6 6.39709E-6 1.10702E-5 8.87937E-6 8.83554E-6 8.37345E-6 7.93002E-6 7.9998E-6 7.68087E-6 6.79295E-6 7.06937E-6 7.13521E-6 7.19463E-6 7.5331E-6 7.93197E-6 8.15494E-6 7.94427E-6 6.81738E-6 5.77264E-6 5.17328E-6 5.54466E-6 6.03288E-6 6.26464E-6 7.59396E-6 8.06791E-6 9.12779E-6 9.95383E-6 1.0809E-5 1.12152E-5 1.17518E-5 1.25616E-5 1.4576E-5 1.70646E-5 2.17099E-5
1.12536E-4 9.05908E-5 3.79322E-5 4.85873E-5 4.9068E-5 4.63849E-5 3.90143E-5 3.58321E-5 6.50448E-5 5.86491E-5 5.31518E-5 4.748E-5 3.8131E-5 3.24208E-5 2.66014E-5 2.16596E-5 1.92132E-5 1.60515E-5 1.42138E-5 1.2775E-5 1.06882E-5 8.96984E-6 8.31208E-6 7.45398E-6 5.9954E-6 4.7613E-6 8.583E-6 8.75434E-6 8.11277E-6 7.97858E-6 8.94072E-6 9.44203E-6 9.38635E-6 9.16677E-6 8.55147E-6 7.78973E-6 7.8398E-6 7.68545E-6 7.37045E-6 6.91942E-6 6.67848E-6 6.97339E-6 6.65199E-6 8.0161E-6 8.23054E-6 8.62216E-6 9.22098E-6 9.4978E-6 7.90114E-6 7.47963E-6 6.44829E-6 5.6037E-6 5.52578E-6 3.36329E-6 5.32654E-6 6.07567E-6 7.95425E-6 9.28922E-6 9.92453E-6 1.07328E-5 1.0373E-5 1.02037E-5 1.10216E-5 1.26591E-5 1.54806E-5 2.21055E-5
1.04534E-4 5.03951E-5 6.54747E-5 5.01186E-5 4.86234E-5 4.10066E-5 3.64376E-5 3.24981E-5 6.20412E-5 5.67541E-5 5.03165E-5 4.398E-5 3.70415E-5 3.14836E-5 2.50316E-5 2.07524E-5 1.70265E-5 1.55595E-5 1.29778E-5 1.36313E-5 9.29198E-6 8.34114E-6 7.03245E-6 7.45778E-6 5.58327E-6 5.56867E-6 7.92264E-6 7.70131E-6 7.81339E-6 9.56656E-6 8.38253E-6 9.82218E-6 9.59705E-6 8.65472E-6 8.2489E-6 7.09585E-6 7.0367E-6 6.95834E-6 6.62844E-6 6.42342E-6 6.26282E-6 6.16296E-6 6.59529E-6 7.06481E-6 7.24665E-6 7.84572E-6 8.76911E-6 9.0161E-6 8.71336E-6 8.21892E-6 6.42442E-6 5.42611E-6 3.19312E-6 3.23478E-6 6.03991E-6 6.22408E-6 8.16741E-6 8.60415E-6 9.4647E-6 9.37231E-6 8.50717E-6 9.22055E-6 9.87705E-6 1.30054E-5 1.59242E-5 2.08427E-5
6.2739E-5 5.37463E-5 7.80943E-5 6.21563E-5 5.17695E-5 4.03215E-5 3.41205E-5 3.17324E-5 3.42974E-5 5.40418E-5 4.87574E-5 4.09036E-5 3.50606E-5 2.97574E-5 2.42139E-5 1.96163E-5 1.5956E-5 1.34753E-5 1.1729E-5 1.15021E-5 1.00621E-5 7.62848E-6 1.32498E-5 1.11368E-5 5.19567E-6 5.09275E-6 4.68491E-6 4.98475E-6 9.09825E-6 9.6651E-6 9.38133E-6 9.18168E-6 8.83381E-6 7.84503E-6 6.81394E-6 7.00972E-6 6.15531E-6 6.3756E-6 6.30303E-6 6.12025E-6 6.06964E-6 5.98483E-6 5.63334E-6 6.25704E-6 6.70723E-6 6.93401E-6 7.23283E-6 7.64291E-6 7.69848E-6 7.71346E-6 7.67222E-6 6.74811E-6 6.6961E-6 4.08731E-6 6.92393E-6 7.03649E-6 7.98471E-6 9.99533E-6 9.78696E-6 8.89571E-6 8.74724E-6 8.09683E-6 9.15924E-6 1.25852E-5 1.65954E-5 2.24029E-5
9.85513E-5 8.68581E-5 8.2463E-5 6.18016E-5 5.27428E-5 4.85299E-5 3.95883E-5 3.15382E-5 3.19431E-5 2.9226E-5 4.32612E-5 3.6588E-5 3.18065E-5 2.78155E-5 2.28459E-5 2.05588E-5 1.7029E-5 1.27074E-5 1.08547E-5 1.05914E-5 9.45866E-6 8.17198E-6 1.23196E-5 9.95445E-6 8.46885E-6 8.96407E-6 9.12699E-6 5.29814E-6 9.01835E-6 5.19231E-6 9.42669E-6 9.16094E-6 8.63222E-6 7.51529E-6 6.29733E-6 6.49221E-6 6.10809E-6 6.17389E-6 6.15996E-6 6.08549E-6 5.86949E-6 5.66541E-6 4.93905E-6 5.19462E-6 7.032E-6 7.3711E-6 6.3591E-6 7.19136E-6 7.39858E-6 7.47481E-6 8.20472E-6 7.74946E-6 7.83312E-6 7.86433E-6 9.99735E-6 9.58776E-6 8.83895E-6 9.24631E-6 8.93148E-6 8.57633E-6 8.73864E-6 9.82278E-6 1.03551E-5 1.19774E-5 1.55444E-5 2.0162E-5
5.51137E-5 8.70297E-5 7.58771E-5 6.52146E-5 5.54326E-5 4.80033E-5 3.96261E-5 3.47876E-5 2.97263E-5 2.64502E-5 2.22831E-5 1.91011E-5 2.7972E-5 2.77441E-5 2.28728E-5 1.74159E-5 1.67655E-5 1.45894E-5 1.23435E-5 1.74924E-5 8.40523E-6 7.11217E-6 6.21561E-6 1.08399E-5 8.98743E-6 8.23114E-6 8.11385E-6 5.09006E-6 8.72872E-6 8.92061E-6 9.2697E-6 1.06898E-5 9.43074E-6 1.36933E-5 5.95388E-6 6.06035E-6 6.65873E-6 6.67843E-6 6.68547E-6 6.63186E-6 6.42909E-6 6.05563E-6 5.45971E-6 6.41303E-6 7.25094E-6 7.22747E-6 7.20248E-6 7.56681E-6 7.07011E-6 8.18306E-6 8.35851E-6 8.13359E-6 9.18377E-6 1.02351E-5 1.26738E-5 9.39393E-6 9.13925E-6 9.22057E-6 9.45268E-6 1.011E-5 1.02886E-5 1.10323E-5 1.17337E-5 1.27689E-5 1.52272E-5 1.85078E-5
9.69798E-5 8.29692E-5 7.11167E-5 6.20404E-5 5.24558E-5 4.63824E-5 4.06479E-5 3.46845E-5 2.97406E-5 2.57549E-5 2.40377E-5 2.96287E-5 2.53864E-5 2.39502E-5 2.05138E-5 1.73674E-5 1.61362E-5 1.32844E-5 1.14148E-5 1.57767E-5 1.39441E-5 1.34714E-5 1.08545E-5 9.73878E-6 8.91697E-6 8.02999E-6 8.01134E-6 8.57671E-6 9.04695E-6 9.34025E-6 1.09007E-5 1.07512E-5 1.00134E-5 8.30108E-6 7.24903E-6 6.20109E-6 6.26916E-6 6.33733E-6 6.12853E-6 6.19801E-6 6.18717E-6 5.39299E-6 5.21666E-6 7.06314E-6 7.76485E-6 7.87617E-6 7.73384E-6 7.55093E-6 8.60228E-6 9.54874E-6 8.8895E-6 1.00688E-5 1.04536E-5 1.28908E-5 1.3785E-5 1.08427E-5 1.08359E-5 1.14131E-5 1.23156E-5 1.1966E-5 1.39815E-5 1.4638E-5 1.51833E-5 1.45455E-5 1.57294E-5 1.75841E-5
9.84181E-5 8.89161E-5 6.63879E-5 5.93564E-5 4.93889E-5 4.4395E-5 4.11645E-5 3.54619E-5 3.09292E-5 4.65849E-5 3.67367E-5 3.73514E-5 2.45529E-5 2.09425E-5 1.80079E-5 1.52027E-5 1.41365E-5 1.37253E-5 1.08666E-5 1.86971E-5 1.6481E-5 1.36689E-5 1.23215E-5 1.09731E-5 9.47727E-6 8.47383E-6 8.38929E-6 1.07039E-5 1.10307E-5 1.16201E-5 1.15126E-5 1.15233E-5 1.06215E-5 1.01986E-5 8.69807E-6 8.56665E-6 8.4315E-6 6.69199E-6 6.41654E-6 6.56937E-6 6.85115E-6 6.9812E-6 7.05106E-6 9.70165E-6 9.75132E-6 9.62895E-6 8.98128E-6 9.19878E-6 1.01117E-5 1.15979E-5 1.21853E-5 1.3096E-5 1.35945E-5 1.51308E-5 1.68617E-5 1.24817E-5 1.30486E-5 1.35377E-5 1.71306E-5 1.59216E-5 1.92796E-5 3.05744E-5 1.73595E-5 1.56051E-5 1.53427E-5 1.57078E-5
1.0783E-4 8.67523E-5 6.40175E-5 5.34858E-5 4.69988E-5 4.5709E-5 3.96898E-5 5.88739E-5 5.1642E-5 4.27172E-5 3.398E-5 2.69498E-5 2.27114E-5 1.79942E-5 1.60915E-5 1.67062E-5 1.59415E-5 1.55655E-5 2.22372E-5 2.36059E-5 2.03719E-5 1.88628E-5 1.72652E-5 1.53289E-5 1.35552E-5 1.19465E-5 1.27787E-5 1.29002E-5 1.30175E-5 1.24102E-5 1.27604E-5 1.55185E-5 1.30442E-5 1.22512E-5 1.19884E-5 1.08701E-5 1.00368E-5 8.97986E-6 7.32399E-6 7.88475E-6 8.76396E-6 9.29847E-6 1.15406E-5 1.24646E-5 1.11203E-5 1.00743E-5 9.80592E-6 1.2354E-5 1.34799E-5 2.53352E-5 2.90012E-5 3.06709E-5 2.96911E-5 1.86889E-5 2.86853E-5 1.59628E-5 1.80833E-5 3.4631E-5 2.29096E-5 2.69798E-5 4.74978E-5 4.11504E-5 3.85526E-5 3.72503E-5 1.82723E-5 1.76418E-5
9.63035E-5 7.51077E-5 6.08641E-5 5.19718E-5 4.62689E-5 4.04936E-5 3.94967E-5 5.61974E-5 5.50791E-5 3.95313E-5 3.14366E-5 2.6905E-5 2.38658E-5 2.09957E-5 1.84718E-5 1.75481E-5 1.68449E-5 3.16467E-5 2.71051E-5 2.57732E-5 2.41435E-5 2.37968E-5 2.29779E-5 2.33713E-5 2.01283E-5 1.60392E-5 1.67013E-5 1.74627E-5 1.58431E-5 1.40155E-5 1.64909E-5 3.00063E-5 3.01759E-5 1.71323E-5 1.65046E-5 1.22845E-5 1.16133E-5 1.04769E-5 1.00371E-5 1.1387E-5 1.31601E-5 1.43408E-5 1.40441E-5 1.6479E-5 1.56572E-5 1.39765E-5 1.42994E-5 1.796E-5 3.31643E-5 3.6439E-5 3.86531E-5 4.12985E-5 4.15966E-5 4.53499E-5 4.14971E-5 4.0033E-5 4.23336E-5 5.1728E-5 5.49371E-5 8.00088E-5 6.39609E-5 5.59188E-5 5.68055E-5 5.5278E-5 5.54728E-5 4.5864E-5
9.52666E-5 7.13679E-5 6.52903E-5 4.88885E-5 4.60344E-5 4.15185E-5 4.13378E-5 5.90794E-5 5.62311E-5 4.8131E-5 3.90743E-5 2.98082E-5 2.44293E-5 2.43752E-5 2.30953E-5 3.77669E-5 3.59188E-5 3.85999E-5 3.46422E-5 3.242E-5 3.20902E-5 3.35662E-5 3.54025E-5 3.20436E-5 2.76797E-5 2.47345E-5 2.52024E-5 2.59342E-5 2.24956E-5 1.88326E-5 1.93196E-5 4.03662E-5 4.14403E-5 3.97039E-5 1.77998E-5 1.68247E-5 1.51057E-5 1.368E-5 1.62188E-5 1.76803E-5 1.73585E-5 1.77358E-5 2.04231E-5 2.09139E-5 3.46684E-5 1.88965E-5 3.28054E-5 5.55218E-5 4.43531E-5 6.05895E-5 5.309E-5 5.45533E-5 4.46749E-5 6.43232E-5 7.92249E-5 6.27152E-5 6.49754E-5 8.16952E-5 8.13541E-5 1.11397E-4 -9999 -9999 -9999 -9999 5.77541E-5 5.60313E-5
8.36057E-5 7.11833E-5 3.25306E-5 2.77983E-5 4.41311E-5 4.42471E-5 4.2262E-5 6.41463E-5 6.06629E-5 6.34955E-5 5.47624E-5 4.23196E-5 3.05446E-5 2.6997E-5 2.61275E-5 4.97644E-5 4.83152E-5 4.42022E-5 4.72583E-5 4.58119E-5 4.70543E-5 5.03973E-5 5.13336E-5 4.60241E-5 3.98141E-5 3.52907E-5 3.50333E-5 3.03618E-5 2.69693E-5 2.45038E-5 2.46901E-5 3.0142E-5 5.89742E-5 5.31469E-5 4.21933E-5 1.93304E-5 1.6633E-5 1.70518E-5 1.70364E-5 1.8367E-5 1.91036E-5 2.18507E-5 2.07131E-5 2.29173E-5 4.52905E-5 5.25003E-5 5.98099E-5 -9999 6.06992E-5 -9999 -9999 -9999 -9999 -9999 -9999 -9999 -9999 -9999 -9999 -9999 -9999 -9999 -9999 -9999 -9999 -9999
4.19567E-5 6.86114E-5 3.08778E-5 4.87879E-5 4.66494E-5 5.44201E-5 4.67505E-5 4.2086E-5 4.1096E-5 7.04186E-5 7.26244E-5 1.02079E-4 4.90852E-5 7.65649E-5 7.01579E-5 6.52608E-5 6.12954E-5 6.09629E-5 5.80838E-5 1.13135E-4 1.09138E-4 1.1428E-4 1.16344E-4 1.0641E-4 9.45349E-5 8.74923E-5 4.88617E-5 4.05422E-5 3.70422E-5 3.66199E-5 6.75638E-5 6.76624E-5 6.49852E-5 5.68859E-5 5.41204E-5 4.07605E-5 3.46741E-5 3.08853E-5 3.67143E-5 1.89391E-5 2.24682E-5 2.02709E-5 2.2036E-5 2.75739E-5 5.57088E-5 5.97351E-5 6.52153E-5 -9999 1.04559E-4 8.61155E-5 -9999 -9999 -9999 -9999 -9999 -9999 -9999 -9999 -9999 -9999 -9999 -9999 -9999 -9999 -9999 -9999
7.73088E-5 3.79149E-5 5.05929E-5 4.90256E-5 4.8206E-5 5.73446E-5 5.30043E-5 5.01062E-5 8.12944E-5 8.2033E-5 8.37308E-5 1.35199E-4 1.29686E-4 1.25345E-4 1.09429E-4 9.61473E-5 8.72166E-5 1.51903E-4 1.42891E-4 1.31242E-4 1.18417E-4 1.24281E-4 1.245E-4 1.15779E-4 1.12552E-4 1.06289E-4 1.02349E-4 9.9639E-5 9.18328E-5 5.41715E-5 9.36257E-5 8.55008E-5 7.59154E-5 6.22463E-5 5.61044E-5 5.18563E-5 4.27961E-5 3.36805E-5 3.89611E-5 3.8768E-5 5.66972E-5 4.69807E-5 5.05723E-5 5.69872E-5 6.22598E-5 6.72094E-5 7.79468E-5 -9999 1.07995E-4 -9999 -9999 -9999 -9999 -9999 -9999 -9999 -9999 -9999 -9999 -9999 -9999 -9999 -9999 -9999 -9999 -9999
7.95475E-5 6.91394E-5 5.96129E-5 5.92679E-5 6.06963E-5 6.09599E-5 6.24321E-5 9.5088E-5 9.19625E-5 1.47496E-4 1.56725E-4 1.76844E-4 1.93554E-4 3.11572E-4 2.80469E-4 2.42109E-4 2.02524E-4 1.81464E-4 -9999 -9999 -9999 -9999 -9999 -9999 1.21447E-4 1.22454E-4 1.17812E-4 1.26683E-4 1.12823E-4 1.213E-4 1.25393E-4 1.21029E-4 1.03807E-4 9.42445E-5 7.58525E-5 6.92641E-5 6.5973E-5 5.57813E-5 5.28929E-5 4.8176E-5 5.57358E-5 6.33849E-5 5.8686E-5 5.87642E-5 7.66871E-5 7.20506E-5 -9999 9.75741E-5 -9999 -9999 -9999 -9999 -9999 -9999 -9999 -9999 -9999 -9999 -9999 -9999 -9999 -9999 -9999 -9999 -9999 -9999
9.12384E-5 8.37623E-5 7.70268E-5 6.70871E-5 7.26717E-5 7.06445E-5 1.16589E-4 1.0555E-4 1.6874E-4 1.60548E-4 1.73298E-4 3.38391E-4 4.04891E-4 4.88895E-4 3.93207E-4 -9999 -9999 -9999 -9999 -9999 -9999 -9999 -9999 -9999 -9999 -9999 -9999 -9999 -9999 -9999 1.31369E-4 1.30583E-4 -9999 1.55699E-4 1.40045E-4 9.8214E-5 9.20315E-5 9.44004E-5 9.81181E-5 8.93222E-5 8.66002E-5 1.01882E-4 7.79012E-5 8.36664E-5 9.0952E-5 1.03296E-4 1.69547E-4 -9999 -9999 -9999 -9999 -9999 -9999 -9999 -9999 -9999 -9999 -9999 -9999 -9999 -9999 -9999 -9999 -9999 -9999 -9999
1.21095E-4 1.08772E-4 9.39675E-5 8.29847E-5 7.36585E-5 1.38187E-4 1.37275E-4 1.09099E-4 1.47605E-4 1.32692E-4 1.72475E-4 4.04887E-4 5.32361E-4 5.56352E-4 -9999 -9999 -9999 -9999 -9999 -9999 -9999 -9999 -9999 -9999 -9999 -9999 -9999 -9999 -9999 -9999 -9999 -9999 -9999 2.16923E-4 1.9294E-4 1.8514E-4 2.05001E-4 1.95506E-4 1.89809E-4 1.13477E-4 1.80869E-4 1.33327E-4 9.81417E-5 1.09983E-4 1.86174E-4 1.76966E-4 1.81265E-4 2.19037E-4 -9999 -9999 -9999 -9999 -9999 -9999 -9999 -9999 -9999 -9999 -9999 -9999 -9999 -9999 -9999 -9999 -9999 -9999
1.65318E-4 2.51205E-4 2.07508E-4 1.70275E-4 1.38362E-4 1.46293E-4 1.35743E-4 1.98229E-4 1.45134E-4 1.37347E-4 1.96246E-4 4.74122E-4 -9999 -9999 -9999 -9999 -9999 -9999 -9999 -9999 -9999 -9999 -9999 -9999 -9999 -9999 -9999 -9999 -9999 -9999 -9999 -9999 -9999 -9999 -9999 -9999 2.57138E-4 2.5772E-4 2.94105E-4 1.98976E-4 2.22753E-4 1.9029E-4 -9999 -9999 -9999 2.34122E-4 2.28477E-4 2.34989E-4 -9999 -9999 -9999 -9999 -9999 -9999 -9999 -9999 -9999 -9999 -9999 -9999 -9999 -9999 -9999 -9999 -9999 -9999
3.48082E-4 3.14937E-4 2.55044E-4 2.01964E-4 3.06541E-4 2.81147E-4 2.56167E-4 2.33315E-4 1.94217E-4 1.99524E-4 2.03861E-4 -9999 -9999 -9999 -9999 -9999 -9999 -9999 -9999 -9999 -9999 -9999 -9999 -9999 -9999 -9999 -9999 -9999 -9999 -9999 -9999 -9999 -9999 -9999 -9999 -9999 -9999 -9999 -9999 -9999 -9999 -9999 -9999 -9999 -9999 2.91917E-4 -9999 2.64003E-4 -9999 -9999 -9999 -9999 -9999 -9999 -9999 -9999 -9999 -9999 -9999 -9999 -9999 -9999 -9999 -9999 -9999 -9999
4.08051E-4 3.50865E-4 5.21479E-4 3.99349E-4 3.54842E-4 3.48102E-4 3.27991E-4 3.14057E-4 2.75606E-4 -9999 -9999 -9999 -9999 -9999 -9999 -9999 -9999 -9999 -9999 -9999 -9999 -9999 -9999 -9999 -9999 -9999 -9999 -9999 -9999 -9999 -9999 -9999 -9999 -9999 -9999 -9999 -9999 -9999 -9999 -9999 -9999 -9999 -9999 -9999 -9999 -9999 -9999 -9999 -9999 -9999 -9999 -9999 -9999 -9999 -9999 -9999 -9999 -9999 -9999 -9999 -9999 -9999 -9999 -9999 -9999 -9999
4.62153E-4 3.7559E-4 5.87354E-4 5.64653E-4 8.61615E-4 4.49521E-4 7.92681E-4 7.68494E-4 -9999 -9999 -9999 -9999 -9999 -9999 -9999 -9999 -9999 -9999 -9999 -9999 -9999 -9999 -9999 -9999 -9999 -9999 -9999 -9999 -9999 -9999 -9999 -9999 -9999 -9999 -9999 -9999 -9999 -9999 -9999 -9999 -9999 -9999 -9999 -9999 -9999 -9999 -9999 -9999 -9999 -9999 -9999 -9999 -9999 -9999 -9999 -9999 -9999 -9999 -9999 -9999 -9999 -9999 -9999 -9999 -9999 -9999
8.09944E-4 7.91677E-4 6.65999E-4 1.15119E-3 1.15363E-3 -9999 -9999 -9999 -9999 -9999 -9999 -9999 -9999 -9999 -9999 -9999 -9999 -9999 -9999 -9999 -9999 -9999 -9999 -9999 -9999 -9999 -9999 -9999 -9999 -9999 -9999 -9999 -9999 -9999 -9999 -9999 -9999 -9999 -9999 -9999 -9999 -9999 -9999 -9999 -9999 -9999 -9999 -9999 -9999 -9999 -9999 -9999 -9999 -9999 -9999 -9999 -9999 -9999 -9999 -9999 -9999 -9999 -9999 -9999 -9999 -9999
9.7817E-4 1.73476E-3 1.6389E-3 1.36001E-3 -9999 -9999 -9999 -9999 -9999 -9999 -9999 -9999 -9999 -9999 -9999 -9999 -9999 -9999 -9999 -9999 -9999 -9999 -9999 -9999 -9999 -9999 -9999 -9999 -9999 -9999 -9999 -9999 -9999 -9999 -9999 -9999 -9999 -9999 -9999 -9999 -9999 -9999 -9999 -9999 -9999 -9999 -9999 -9999 -9999 -9999 -9999 -9999 -9999 -9999 -9999 -9999 -9999 -9999 -9999 -9999 -9999 -9999 -9999 -9999 -9999 -9999
2.20181E-3 1.94149E-3 -9999 -9999 -9999 -9999 -9999 -9999 -9999 -9999 -9999 -9999 -9999 -9999 -9999 -9999 -9999 -9999 -9999 -9999 -9999 -9999 -9999 -9999 -9999 -9999 -9999 -9999 -9999 -9999 -9999 -9999 -9999 -9999 -9999 -9999 -9999 -9999 -9999 -9999 -9999 -9999 -9999 -9999 -9999 -9999 -9999 -9999 -9999 -9999 -9999 -9999 -9999 -9999 -9999 -9999 -9999 -9999 -9999 -9999 -9999 -9999 -9999 -9999 -9999 -9999
2.81828E-3 -9999 -9999 -9999 -9999 -9999 -9999 -9999 -9999 -9999 -9999 -9999 -9999 -9999 -9999 -9999 -9999 -9999 -9999 -9999 -9999 -9999 -9999 -9999 -9999 -9999 -9999 -9999 -9999 -9999 -9999 -9999 -9999 -9999 -9999 -9999 -9999 -9999 -9999 -9999 -9999 -9999 -9999 -9999 -9999 -9999 -9999 -9999 -9999 -9999 -9999 -9999 -9999 -9999 -9999 -9999 -9999 -9999 -9999 -9999 -9999 -9999 -9999 -9999 -9999 -9999
-9999 -9999 -9999 -9999 -9999 -9999 -9999 -9999 -9999 -9999 -9999 -9999 -9999 -9999 -9999 -9999 -9999 -9999 -9999 -9999 -9999 -9999 -9999 -9999 -9999 -9999 -9999 -9999 -9999 -9999 -9999 -9999 -9999 -9999 -9999 -9999 -9999 -9999 -9999 -9999 -9999 -9999 -9999 -9999 -9999 -9999 -9999 -9999 -9999 -9999 -9999 -9999 -9999 -9999 -9999 -9999 -9999 -9999 -9999 -9999 -9999 -9999 -9999 -9999 -9999 -9999
