Leopardus garleppi/Leopardus_garleppi_projection 2041-2060_novel.asc
ncols         515
nrows         545
xllcorner     -119.0
yllcorner     -58.333333333333
cellsize      0.166666666667
NODATA_value  -9999
[rows 330 to 359 of 545, columns 335 to 401 of 515]
3.05208E0 3.05208E0 1.47681E0 1.47681E0 1.47681E0 1.47681E0 1.47681E0 1.47681E0 1.47681E0 8.66398E-1 8.66398E-1 1.47681E0 1.47681E0 1.47681E0 1.47681E0 1.47681E0 1.47681E0 1.47681E0 1.47681E0 1.47681E0 1.47681E0 1.47681E0 1.47681E0 1.47681E0 1.47681E0 1.47681E0 3.05208E0 3.05208E0 3.05208E0 3.05208E0 3.05208E0 3.05208E0 3.05208E0 6.55705E0 2.02225E1 2.02225E1 2.02225E1 6.55705E0 6.55705E0 2.02225E1 2.02225E1 4.0701E1 4.0701E1 4.0701E1 4.83607E1 4.81638E1 4.78488E1 4.76322E1 4.78488E1 4.85773E1 5.02117E1 5.06252E1 4.85773E1 4.72384E1 4.64901E1 4.66673E1 4.97391E1 4.0701E1 4.0701E1 4.0701E1 4.0701E1 4.0701E1 5.6178E1 5.65324E1 5.76745E1 5.8915E1 5.98405E1
3.05208E0 3.05208E0 1.47681E0 1.47681E0 1.47681E0 1.47681E0 1.47681E0 1.47681E0 1.47681E0 1.47681E0 1.47681E0 1.47681E0 1.47681E0 1.47681E0 1.47681E0 1.47681E0 1.47681E0 1.47681E0 1.47681E0 1.47681E0 1.47681E0 1.47681E0 1.47681E0 1.47681E0 1.47681E0 3.05208E0 3.05208E0 3.05208E0 3.05208E0 3.05208E0 3.05208E0 3.05208E0 3.05208E0 6.55705E0 6.55705E0 6.55705E0 6.55705E0 6.55705E0 6.55705E0 2.02225E1 2.02225E1 4.0701E1 4.0701E1 4.0701E1 4.0701E1 4.74156E1 4.70611E1 4.63917E1 4.67461E1 4.78488E1 4.90499E1 5.02117E1 5.01329E1 4.98179E1 4.9936E1 4.0701E1 4.0701E1 4.0701E1 4.0701E1 4.0701E1 5.65324E1 5.52722E1 5.34016E1 5.25352E1 5.23974E1 5.30668E1 5.25352E1
3.05208E0 3.05208E0 3.05208E0 1.47681E0 1.47681E0 1.47681E0 1.47681E0 1.47681E0 1.47681E0 1.47681E0 1.47681E0 1.47681E0 1.47681E0 1.47681E0 1.47681E0 1.47681E0 1.47681E0 1.47681E0 1.47681E0 1.47681E0 1.47681E0 1.47681E0 1.47681E0 1.47681E0 1.47681E0 1.47681E0 3.05208E0 3.05208E0 3.05208E0 3.05208E0 3.05208E0 3.05208E0 3.05208E0 3.05208E0 6.55705E0 6.55705E0 6.55705E0 6.55705E0 6.55705E0 2.02225E1 2.02225E1 4.0701E1 4.0701E1 4.0701E1 4.0701E1 4.68445E1 4.62932E1 4.58009E1 4.59388E1 4.0701E1 4.0701E1 4.0701E1 4.0701E1 5.04874E1 5.09009E1 5.2929E1 4.0701E1 4.0701E1 4.0701E1 4.0701E1 5.46421E1 5.19445E1 4.9365E1 4.83607E1 4.81638E1 4.81638E1 4.76322E1
3.05208E0 3.05208E0 3.05208E0 3.05208E0 1.47681E0 1.47681E0 1.47681E0 1.47681E0 1.47681E0 1.47681E0 1.47681E0 1.47681E0 1.47681E0 1.47681E0 1.47681E0 1.47681E0 1.47681E0 1.47681E0 1.47681E0 1.47681E0 1.47681E0 1.47681E0 1.47681E0 1.47681E0 1.47681E0 3.05208E0 1.47681E0 3.05208E0 3.05208E0 3.05208E0 3.05208E0 3.05208E0 3.05208E0 3.05208E0 6.55705E0 6.55705E0 6.55705E0 6.55705E0 6.55705E0 2.02225E1 2.02225E1 2.02225E1 4.0701E1 4.0701E1 4.0701E1 4.60569E1 4.56631E1 4.52496E1 4.52496E1 4.59388E1 4.0701E1 4.0701E1 4.0701E1 4.0701E1 4.0701E1 4.0701E1 4.0701E1 4.0701E1 4.0701E1 4.0701E1 4.0701E1 4.74156E1 4.50724E1 4.41469E1 4.37728E1 4.3379E1 4.34971E1
3.05208E0 3.05208E0 3.05208E0 3.05208E0 1.47681E0 1.47681E0 1.47681E0 1.47681E0 1.47681E0 1.47681E0 1.47681E0 1.47681E0 1.47681E0 1.47681E0 1.47681E0 1.47681E0 1.47681E0 1.47681E0 1.47681E0 1.47681E0 1.47681E0 1.47681E0 1.47681E0 1.47681E0 3.05208E0 3.05208E0 3.05208E0 3.05208E0 3.05208E0 3.05208E0 3.05208E0 3.05208E0 3.05208E0 3.05208E0 6.55705E0 6.55705E0 6.55705E0 6.55705E0 2.02225E1 2.02225E1 2.02225E1 2.02225E1 2.02225E1 2.02225E1 4.0701E1 4.56631E1 4.48361E1 4.38515E1 4.0701E1 4.0701E1 4.0701E1 4.49542E1 4.54071E1 4.52299E1 4.50724E1 4.0701E1 4.0701E1 4.0701E1 4.0701E1 4.0701E1 4.0701E1 4.21384E1 4.06616E1 3.95983E1 3.99134E1 4.05238E1 4.16068E1
3.05208E0 3.05208E0 3.05208E0 3.05208E0 3.05208E0 1.47681E0 1.47681E0 1.47681E0 1.47681E0 1.47681E0 1.47681E0 1.47681E0 1.47681E0 1.47681E0 3.05208E0 1.47681E0 1.47681E0 1.47681E0 1.47681E0 1.47681E0 1.47681E0 1.47681E0 1.47681E0 1.47681E0 1.47681E0 1.47681E0 1.47681E0 3.05208E0 3.05208E0 3.05208E0 3.05208E0 3.05208E0 3.05208E0 3.05208E0 3.05208E0 6.55705E0 6.55705E0 6.55705E0 6.55705E0 2.02225E1 2.02225E1 2.02225E1 4.0701E1 4.0701E1 4.0701E1 4.38515E1 4.0701E1 4.0701E1 4.0701E1 4.0701E1 4.0701E1 4.3379E1 4.3379E1 4.0701E1 4.0701E1 4.0701E1 3.93029E1 3.81412E1 3.73339E1 3.81412E1 3.83775E1 3.81412E1 3.73339E1 3.72354E1 3.82199E1 3.86531E1 4.09964E1
3.05208E0 3.05208E0 3.05208E0 3.05208E0 3.05208E0 1.47681E0 1.47681E0 1.47681E0 1.47681E0 1.47681E0 3.05208E0 1.47681E0 3.05208E0 3.05208E0 3.05208E0 3.05208E0 3.05208E0 1.47681E0 1.47681E0 1.47681E0 3.05208E0 1.47681E0 3.05208E0 3.05208E0 1.47681E0 1.47681E0 1.47681E0 3.05208E0 3.05208E0 3.05208E0 3.05208E0 3.05208E0 3.05208E0 3.05208E0 3.05208E0 3.05208E0 6.55705E0 6.55705E0 2.02225E1 6.55705E0 2.02225E1 2.02225E1 2.02225E1 2.02225E1 4.0701E1 4.0701E1 4.0701E1 4.0701E1 4.0701E1 4.0701E1 4.0701E1 4.0701E1 4.19415E1 4.09964E1 3.99134E1 3.86531E1 3.65659E1 3.3376E1 3.25096E1 3.37107E1 3.46165E1 3.52269E1 3.52269E1 3.52269E1 3.67825E1 3.91651E1 4.27095E1
3.05208E0 3.05208E0 3.05208E0 3.05208E0 3.05208E0 3.05208E0 3.05208E0 1.47681E0 1.47681E0 3.05208E0 3.05208E0 3.05208E0 3.05208E0 3.05208E0 3.05208E0 3.05208E0 3.05208E0 3.05208E0 1.47681E0 1.47681E0 3.05208E0 1.47681E0 3.05208E0 3.05208E0 3.05208E0 3.05208E0 3.05208E0 3.05208E0 3.05208E0 3.05208E0 3.05208E0 3.05208E0 3.05208E0 3.05208E0 3.05208E0 3.05208E0 6.55705E0 6.55705E0 6.55705E0 6.55705E0 6.55705E0 6.55705E0 2.02225E1 2.02225E1 2.02225E1 4.0701E1 4.03859E1 4.00709E1 3.95983E1 4.013E1 4.0701E1 4.0701E1 4.0701E1 3.99134E1 3.88107E1 3.79246E1 3.46165E1 3.07768E1 2.87683E1 3.10722E1 3.14463E1 3.26868E1 3.2864E1 3.31003E1 3.43212E1 3.95983E1 4.54071E1
3.05208E0 3.05208E0 3.05208E0 3.05208E0 3.05208E0 3.05208E0 3.05208E0 1.47681E0 3.05208E0 3.05208E0 3.05208E0 3.05208E0 3.05208E0 3.05208E0 3.05208E0 3.05208E0 3.05208E0 3.05208E0 3.05208E0 3.05208E0 1.47681E0 1.47681E0 1.47681E0 3.05208E0 3.05208E0 3.05208E0 3.05208E0 3.05208E0 3.05208E0 3.05208E0 3.05208E0 3.05208E0 3.05208E0 3.05208E0 3.05208E0 3.05208E0 3.05208E0 6.55705E0 6.55705E0 6.55705E0 6.55705E0 6.55705E0 2.02225E1 2.02225E1 2.02225E1 2.02225E1 3.85547E1 3.83775E1 3.84759E1 3.90076E1 3.97952E1 4.013E1 4.06616E1 3.88107E1 3.66841E1 3.60933E1 3.31003E1 3.0127E1 2.75081E1 2.82564E1 2.7961E1 2.91622E1 3.10722E1 3.17613E1 3.2293E1 3.79246E1 4.20006E1
3.05208E0 3.05208E0 3.05208E0 3.05208E0 3.05208E0 3.05208E0 3.05208E0 3.05208E0 3.05208E0 3.05208E0 3.05208E0 3.05208E0 3.05208E0 3.05208E0 3.05208E0 3.05208E0 3.05208E0 3.05208E0 3.05208E0 3.05208E0 3.05208E0 3.05208E0 1.47681E0 1.47681E0 3.05208E0 3.05208E0 3.05208E0 3.05208E0 3.05208E0 3.05208E0 3.05208E0 3.05208E0 3.05208E0 3.05208E0 3.05208E0 3.05208E0 3.05208E0 6.55705E0 6.55705E0 6.55705E0 6.55705E0 6.55705E0 2.02225E1 2.02225E1 2.02225E1 2.02225E1 3.70779E1 3.63887E1 3.65659E1 3.72354E1 3.77474E1 3.83775E1 3.91651E1 3.73339E1 3.52269E1 3.37107E1 3.21945E1 3.04027E1 2.85517E1 2.88668E1 2.95166E1 3.19976E1 3.31003E1 3.18992E1 3.14463E1 3.3947E1 3.81412E1
3.05208E0 3.05208E0 3.05208E0 3.05208E0 3.05208E0 3.05208E0 3.05208E0 3.05208E0 3.05208E0 3.05208E0 3.05208E0 3.05208E0 3.05208E0 3.05208E0 3.05208E0 3.05208E0 3.05208E0 3.05208E0 3.05208E0 3.05208E0 3.05208E0 3.05208E0 3.05208E0 3.05208E0 3.05208E0 3.05208E0 3.05208E0 3.05208E0 3.05208E0 3.05208E0 3.05208E0 3.05208E0 3.05208E0 3.05208E0 3.05208E0 6.55705E0 6.55705E0 6.55705E0 6.55705E0 6.55705E0 6.55705E0 6.55705E0 2.02225E1 2.02225E1 2.02225E1 2.02225E1 3.44787E1 3.3947E1 3.40849E1 3.44787E1 3.43212E1 3.49316E1 3.5542E1 3.49316E1 3.4715E1 3.40849E1 3.25096E1 3.01467E1 2.77247E1 2.69371E1 2.80398E1 3.20567E1 3.48725E1 3.18204E1 3.18204E1 3.54042E1 3.79246E1
6.55705E0 3.05208E0 3.05208E0 3.05208E0 3.05208E0 3.05208E0 3.05208E0 3.05208E0 3.05208E0 3.05208E0 3.05208E0 3.05208E0 3.05208E0 3.05208E0 3.05208E0 3.05208E0 3.05208E0 3.05208E0 3.05208E0 3.05208E0 3.05208E0 3.05208E0 3.05208E0 3.05208E0 3.05208E0 3.05208E0 3.05208E0 3.05208E0 3.05208E0 3.05208E0 3.05208E0 3.05208E0 6.55705E0 6.55705E0 6.55705E0 6.55705E0 6.55705E0 6.55705E0 6.55705E0 6.55705E0 6.55705E0 6.55705E0 2.02225E1 2.02225E1 2.02225E1 2.02225E1 2.02225E1 3.30216E1 3.30216E1 3.26868E1 3.18204E1 3.17613E1 3.24308E1 3.37107E1 3.40652E1 3.40652E1 3.31003E1 2.97135E1 2.65039E1 2.59919E1 2.79019E1 2.99695E1 3.40652E1 3.27262E1 2.99695E1 3.79443E1 3.63887E1
6.55705E0 3.05208E0 3.05208E0 3.05208E0 3.05208E0 3.05208E0 3.05208E0 3.05208E0 3.05208E0 3.05208E0 3.05208E0 3.05208E0 3.05208E0 3.05208E0 3.05208E0 3.05208E0 3.05208E0 3.05208E0 3.05208E0 3.05208E0 3.05208E0 3.05208E0 3.05208E0 3.05208E0 3.05208E0 3.05208E0 3.05208E0 3.05208E0 3.05208E0 3.05208E0 3.05208E0 3.05208E0 6.55705E0 6.55705E0 6.55705E0 6.55705E0 6.55705E0 6.55705E0 6.55705E0 6.55705E0 6.55705E0 6.55705E0 2.02225E1 2.02225E1 2.02225E1 2.02225E1 3.37107E1 3.2864E1 3.2293E1 3.07965E1 2.85517E1 2.82564E1 3.08753E1 3.2549E1 3.16038E1 3.33563E1 3.40849E1 3.13281E1 2.73506E1 2.52437E1 2.69371E1 2.92803E1 3.20567E1 2.79216E1 2.95363E1 2.7134E1 2.95166E1
3.05208E0 3.05208E0 3.05208E0 3.05208E0 3.05208E0 3.05208E0 3.05208E0 3.05208E0 3.05208E0 3.05208E0 3.05208E0 3.05208E0 3.05208E0 3.05208E0 3.05208E0 3.05208E0 3.05208E0 3.05208E0 3.05208E0 3.05208E0 3.05208E0 3.05208E0 3.05208E0 3.05208E0 3.05208E0 3.05208E0 3.05208E0 3.05208E0 3.05208E0 3.05208E0 3.05208E0 6.55705E0 6.55705E0 6.55705E0 6.55705E0 6.55705E0 6.55705E0 6.55705E0 6.55705E0 6.55705E0 6.55705E0 2.02225E1 2.02225E1 2.02225E1 2.02225E1 2.02225E1 2.02225E1 3.37107E1 3.24308E1 2.97135E1 2.78822E1 2.78822E1 3.13281E1 3.11115E1 3.13281E1 3.2549E1 3.44787E1 2.99695E1 2.49286E1 2.27429E1 2.43379E1 2.79019E1 2.92803E1 2.79216E1 2.99695E1 2.7134E1 2.16993E1
3.05208E0 3.05208E0 3.05208E0 3.05208E0 3.05208E0 3.05208E0 3.05208E0 3.05208E0 3.05208E0 3.05208E0 3.05208E0 3.05208E0 3.05208E0 3.05208E0 3.05208E0 3.05208E0 3.05208E0 3.05208E0 3.05208E0 3.05208E0 3.05208E0 3.05208E0 3.05208E0 3.05208E0 3.05208E0 3.05208E0 3.05208E0 3.05208E0 3.05208E0 6.55705E0 6.55705E0 6.55705E0 6.55705E0 6.55705E0 6.55705E0 6.55705E0 6.55705E0 6.55705E0 6.55705E0 6.55705E0 6.55705E0 2.02225E1 2.02225E1 3.72354E1 2.02225E1 2.02225E1 2.02225E1 3.44787E1 3.2864E1 2.9044E1 2.73506E1 2.79019E1 2.97135E1 2.9044E1 2.79019E1 2.77247E1 2.7134E1 2.357E1 2.07739E1 2.00453E1 2.10495E1 2.357E1 2.43379E1 2.38653E1 2.13843E1 1.91592E1 1.83716E1
6.55705E0 3.05208E0 3.05208E0 3.05208E0 3.05208E0 3.05208E0 3.05208E0 3.05208E0 3.05208E0 3.05208E0 3.05208E0 3.05208E0 3.05208E0 3.05208E0 3.05208E0 3.05208E0 3.05208E0 3.05208E0 3.05208E0 3.05208E0 3.05208E0 3.05208E0 3.05208E0 3.05208E0 3.05208E0 3.05208E0 3.05208E0 3.05208E0 3.05208E0 6.55705E0 6.55705E0 6.55705E0 6.55705E0 6.55705E0 6.55705E0 6.55705E0 6.55705E0 6.55705E0 6.55705E0 6.55705E0 6.55705E0 2.02225E1 2.02225E1 2.02225E1 2.02225E1 2.02225E1 2.02225E1 3.52269E1 2.02225E1 2.79019E1 2.52437E1 2.57163E1 2.65039E1 2.52437E1 2.31564E1 2.07739E1 1.90411E1 1.81747E1 1.82731E1 1.74067E1 1.79777E1 1.89623E1 1.87654E1 2.03997E1 1.96515E1 1.78005E1 1.64812E1
6.55705E0 3.05208E0 3.05208E0 3.05208E0 3.05208E0 3.05208E0 3.05208E0 3.05208E0 3.05208E0 3.05208E0 3.05208E0 3.05208E0 3.05208E0 3.05208E0 6.55705E0 6.55705E0 6.55705E0 6.55705E0 6.55705E0 3.05208E0 3.05208E0 3.05208E0 6.55705E0 3.05208E0 3.05208E0 3.05208E0 3.05208E0 3.05208E0 6.55705E0 6.55705E0 6.55705E0 6.55705E0 6.55705E0 6.55705E0 6.55705E0 2.02225E1 2.02225E1 2.02225E1 6.55705E0 6.55705E0 2.02225E1 2.02225E1 2.02225E1 2.02225E1 2.02225E1 3.72551E1 3.63887E1 3.45968E1 3.04421E1 2.02225E1 2.3314E1 2.29202E1 2.26839E1 2.12464E1 1.90411E1 1.81747E1 1.76824E1 1.64812E1 1.66388E1 1.64812E1 1.79777E1 1.86079E1 1.76824E1 1.66388E1 1.55361E1 1.51226E1 1.57527E1
6.55705E0 3.05208E0 3.05208E0 3.05208E0 3.05208E0 3.05208E0 3.05208E0 3.05208E0 3.05208E0 3.05208E0 3.05208E0 3.05208E0 3.05208E0 3.05208E0 6.55705E0 6.55705E0 6.55705E0 6.55705E0 6.55705E0 6.55705E0 6.55705E0 6.55705E0 6.55705E0 6.55705E0 6.55705E0 6.55705E0 6.55705E0 6.55705E0 6.55705E0 6.55705E0 6.55705E0 6.55705E0 6.55705E0 6.55705E0 2.02225E1 2.02225E1 2.02225E1 2.02225E1 2.02225E1 2.02225E1 2.02225E1 2.02225E1 2.02225E1 2.02225E1 2.02225E1 3.54829E1 2.02225E1 2.02225E1 2.86502E1 2.02225E1 2.02225E1 2.0892E1 1.98681E1 1.87654E1 1.80565E1 1.71507E1 1.67569E1 1.63828E1 1.56739E1 1.63237E1 1.78399E1 1.79777E1 1.71507E1 1.57527E1 1.43349E1 1.51029E1 1.57527E1
6.55705E0 3.05208E0 3.05208E0 3.05208E0 3.05208E0 3.05208E0 3.05208E0 3.05208E0 3.05208E0 3.05208E0 3.05208E0 3.05208E0 3.05208E0 3.05208E0 6.55705E0 6.55705E0 6.55705E0 6.55705E0 6.55705E0 6.55705E0 6.55705E0 6.55705E0 6.55705E0 6.55705E0 6.55705E0 6.55705E0 6.55705E0 6.55705E0 6.55705E0 6.55705E0 6.55705E0 6.55705E0 6.55705E0 2.02225E1 2.02225E1 2.02225E1 2.02225E1 2.02225E1 2.02225E1 2.02225E1 2.02225E1 2.02225E1 2.02225E1 3.45968E1 3.40652E1 3.36517E1 2.02225E1 2.02225E1 2.02225E1 2.02225E1 2.02225E1 2.01831E1 1.94546E1 1.89623E1 1.80565E1 1.73083E1 1.66388E1 1.61465E1 1.5477E1 1.50241E1 1.57527E1 1.78399E1 1.67569E1 1.5221E1 1.41971E1 1.46106E1 1.41971E1
3.05208E0 3.05208E0 3.05208E0 3.05208E0 3.05208E0 3.05208E0 3.05208E0 3.05208E0 3.05208E0 3.05208E0 3.05208E0 3.05208E0 6.55705E0 6.55705E0 6.55705E0 6.55705E0 6.55705E0 6.55705E0 6.55705E0 6.55705E0 6.55705E0 6.55705E0 6.55705E0 6.55705E0 6.55705E0 6.55705E0 6.55705E0 6.55705E0 6.55705E0 6.55705E0 6.55705E0 6.55705E0 2.02225E1 2.02225E1 2.02225E1 2.02225E1 2.02225E1 2.02225E1 2.02225E1 2.02225E1 2.02225E1 3.5542E1 2.02225E1 3.36517E1 3.27262E1 3.16038E1 3.04421E1 2.86502E1 2.49286E1 2.2487E1 2.02225E1 2.13843E1 2.05376E1 1.91592E1 1.79777E1 1.74067E1 1.63828E1 1.56739E1 1.4394E1 1.39411E1 1.35276E1 1.50241E1 1.4394E1 1.36458E1 1.35473E1 1.35473E1 1.36458E1
3.05208E0 3.05208E0 3.05208E0 3.05208E0 3.05208E0 3.05208E0 3.05208E0 3.05208E0 3.05208E0 3.05208E0 3.05208E0 6.55705E0 6.55705E0 6.55705E0 6.55705E0 6.55705E0 6.55705E0 6.55705E0 6.55705E0 6.55705E0 6.55705E0 6.55705E0 6.55705E0 6.55705E0 6.55705E0 6.55705E0 6.55705E0 6.55705E0 6.55705E0 6.55705E0 6.55705E0 6.55705E0 2.02225E1 2.02225E1 2.02225E1 2.02225E1 2.02225E1 3.77474E1 3.65659E1 2.02225E1 2.02225E1 3.66841E1 3.42621E1 3.27262E1 3.18204E1 3.06193E1 2.92803E1 2.75278E1 2.02225E1 2.26839E1 2.26839E1 2.31564E1 2.21522E1 2.07739E1 1.81747E1 1.64222E1 1.51029E1 1.46697E1 1.28384E1 1.23068E1 1.20508E1 1.27597E1 1.28384E1 1.18933E1 1.16964E1 1.18933E1 1.26218E1
3.05208E0 3.05208E0 3.05208E0 3.05208E0 3.05208E0 3.05208E0 3.05208E0 3.05208E0 3.05208E0 3.05208E0 3.05208E0 6.55705E0 6.55705E0 6.55705E0 6.55705E0 6.55705E0 6.55705E0 6.55705E0 6.55705E0 6.55705E0 6.55705E0 6.55705E0 6.55705E0 6.55705E0 6.55705E0 6.55705E0 6.55705E0 6.55705E0 6.55705E0 6.55705E0 6.55705E0 2.02225E1 2.02225E1 2.02225E1 2.02225E1 2.02225E1 2.02225E1 2.02225E1 3.57586E1 2.02225E1 2.02225E1 2.02225E1 2.02225E1 2.02225E1 3.13281E1 2.95166E1 2.77247E1 2.65039E1 2.49286E1 2.40425E1 2.57163E1 2.548E1 2.34715E1 2.05179E1 1.78005E1 1.5477E1 1.28975E1 1.28384E1 1.18933E1 1.06134E1 1.11056E1 1.11844E1 1.13222E1 1.13813E1 1.05543E1 1.05543E1 1.15191E1
3.05208E0 3.05208E0 3.05208E0 3.05208E0 3.05208E0 3.05208E0 3.05208E0 3.05208E0 3.05208E0 3.05208E0 3.05208E0 6.55705E0 6.55705E0 6.55705E0 6.55705E0 6.55705E0 6.55705E0 6.55705E0 6.55705E0 6.55705E0 6.55705E0 6.55705E0 6.55705E0 6.55705E0 6.55705E0 6.55705E0 6.55705E0 6.55705E0 6.55705E0 6.55705E0 2.02225E1 2.02225E1 2.02225E1 2.02225E1 2.02225E1 2.02225E1 2.02225E1 2.02225E1 2.02225E1 2.02225E1 2.02225E1 2.02225E1 2.02225E1 2.02225E1 2.02225E1 2.02225E1 2.79019E1 2.69371E1 2.7134E1 2.75081E1 2.78822E1 2.82564E1 2.57359E1 2.15418E1 1.73083E1 1.43349E1 1.16373E1 1.01605E1 1.00226E1 9.76666E0 9.82574E0 9.82574E0 1.00226E1 9.96357E0 9.29408E0 9.35316E0 1.1086E1
3.05208E0 3.05208E0 3.05208E0 3.05208E0 3.05208E0 3.05208E0 3.05208E0 3.05208E0 3.05208E0 3.05208E0 3.05208E0 6.55705E0 6.55705E0 6.55705E0 6.55705E0 6.55705E0 6.55705E0 6.55705E0 6.55705E0 6.55705E0 6.55705E0 6.55705E0 6.55705E0 6.55705E0 6.55705E0 6.55705E0 6.55705E0 6.55705E0 6.55705E0 2.02225E1 2.02225E1 2.02225E1 2.02225E1 2.02225E1 2.02225E1 2.02225E1 2.02225E1 2.02225E1 2.02225E1 2.02225E1 2.02225E1 2.02225E1 2.02225E1 2.02225E1 3.2549E1 2.99695E1 2.9044E1 2.87683E1 2.75081E1 2.77247E1 2.89456E1 3.04027E1 2.67008E1 1.97893E1 1.61859E1 1.31732E1 1.18933E1 1.04558E1 1.01211E1 9.01841E0 8.58521E0 8.78212E0 8.70336E0 8.3883E0 7.64005E0 8.07325E0 1.07315E1
3.05208E0 3.05208E0 3.05208E0 3.05208E0 3.05208E0 1.47681E0 3.05208E0 3.05208E0 3.05208E0 3.05208E0 3.05208E0 6.55705E0 6.55705E0 6.55705E0 6.55705E0 6.55705E0 6.55705E0 6.55705E0 6.55705E0 6.55705E0 6.55705E0 2.02225E1 6.55705E0 6.55705E0 2.02225E1 2.02225E1 2.02225E1 2.02225E1 2.02225E1 2.02225E1 2.02225E1 2.02225E1 2.02225E1 2.02225E1 2.02225E1 2.02225E1 2.02225E1 2.02225E1 2.02225E1 2.02225E1 2.02225E1 2.02225E1 2.02225E1 2.02225E1 3.01664E1 2.97726E1 2.95166E1 2.02225E1 2.02225E1 2.02225E1 2.78822E1 2.6878E1 2.44363E1 1.81943E1 1.44334E1 1.15585E1 1.2228E1 1.0574E1 1.03574E1 9.64852E0 8.15201E0 8.03387E0 7.91572E0 8.07325E0 7.22654E0 7.67943E0 1.00226E1
3.05208E0 3.05208E0 3.05208E0 3.05208E0 3.05208E0 3.05208E0 3.05208E0 3.05208E0 3.05208E0 3.05208E0 6.55705E0 6.55705E0 6.55705E0 6.55705E0 6.55705E0 6.55705E0 6.55705E0 6.55705E0 6.55705E0 2.02225E1 2.02225E1 2.02225E1 2.02225E1 2.02225E1 2.02225E1 2.02225E1 2.02225E1 2.02225E1 2.02225E1 2.02225E1 2.02225E1 2.02225E1 2.02225E1 2.02225E1 2.02225E1 2.02225E1 2.02225E1 2.02225E1 2.02225E1 2.02225E1 2.02225E1 2.02225E1 2.02225E1 2.02225E1 2.77247E1 2.77247E1 2.02225E1 2.02225E1 2.02225E1 2.02225E1 2.53027E1 2.31958E1 1.88638E1 1.58118E1 1.42956E1 1.23462E1 1.11253E1 9.6879E0 9.82574E0 8.64429E0 7.65974E0 7.65974E0 7.65974E0 8.07325E0 6.79334E0 7.16747E0 8.64429E0
3.05208E0 3.05208E0 3.05208E0 3.05208E0 3.05208E0 3.05208E0 3.05208E0 3.05208E0 3.05208E0 3.05208E0 6.55705E0 6.55705E0 6.55705E0 6.55705E0 6.55705E0 6.55705E0 6.55705E0 6.55705E0 6.55705E0 2.02225E1 2.02225E1 2.02225E1 2.02225E1 2.02225E1 2.02225E1 2.02225E1 2.02225E1 2.02225E1 2.02225E1 2.02225E1 2.02225E1 2.02225E1 2.02225E1 2.02225E1 2.02225E1 2.02225E1 2.02225E1 2.02225E1 2.02225E1 2.02225E1 2.02225E1 2.02225E1 2.02225E1 2.6878E1 2.64054E1 2.02225E1 2.02225E1 2.02225E1 2.02225E1 2.38062E1 2.229E1 2.00847E1 1.69932E1 1.55952E1 1.42956E1 1.30157E1 1.15585E1 9.82574E0 9.82574E0 8.46707E0 7.9748E0 8.03387E0 7.52191E0 7.34469E0 6.69489E0 7.18716E0 8.23078E0
3.05208E0 3.05208E0 3.05208E0 3.05208E0 3.05208E0 3.05208E0 3.05208E0 3.05208E0 3.05208E0 3.05208E0 6.55705E0 6.55705E0 6.55705E0 6.55705E0 6.55705E0 6.55705E0 2.02225E1 2.02225E1 2.02225E1 2.02225E1 2.02225E1 2.02225E1 2.02225E1 2.02225E1 2.02225E1 2.02225E1 2.02225E1 2.02225E1 2.02225E1 2.02225E1 2.02225E1 2.02225E1 2.02225E1 2.02225E1 2.02225E1 2.02225E1 2.02225E1 2.02225E1 2.02225E1 2.02225E1 2.02225E1 2.02225E1 2.02225E1 2.02225E1 2.02225E1 2.02225E1 2.02225E1 2.02225E1 2.3629E1 2.15418E1 1.94152E1 1.81943E1 1.59299E1 1.55952E1 1.40987E1 1.33307E1 1.24446E1 1.05937E1 1.01605E1 9.60914E0 8.78212E0 8.15201E0 7.9748E0 7.91572E0 7.67943E0 7.60067E0 8.44738E0
3.05208E0 3.05208E0 3.05208E0 3.05208E0 3.05208E0 3.05208E0 3.05208E0 3.05208E0 3.05208E0 6.55705E0 6.55705E0 6.55705E0 6.55705E0 6.55705E0 6.55705E0 2.02225E1 2.02225E1 2.02225E1 2.02225E1 2.02225E1 2.02225E1 2.02225E1 2.02225E1 2.02225E1 2.02225E1 2.02225E1 2.02225E1 2.02225E1 2.02225E1 2.02225E1 2.02225E1 2.02225E1 2.02225E1 2.02225E1 2.02225E1 2.02225E1 2.02225E1 2.02225E1 2.02225E1 2.02225E1 2.02225E1 2.02225E1 2.02225E1 2.02225E1 2.43379E1 2.02225E1 2.40228E1 2.2546E1 2.09314E1 2.00847E1 1.92773E1 1.75642E1 1.59299E1 1.5477E1 1.4394E1 1.30944E1 1.23855E1 1.15191E1 1.0318E1 9.82574E0 8.78212E0 8.46707E0 8.03387E0 8.27016E0 8.58521E0 9.15625E0 9.96357E0
6.55705E0 6.55705E0 6.55705E0 6.55705E0 6.55705E0 6.55705E0 3.05208E0 3.05208E0 3.05208E0 6.55705E0 6.55705E0 6.55705E0 6.55705E0 6.55705E0 2.02225E1 2.02225E1 2.02225E1 2.02225E1 2.02225E1 2.02225E1 2.02225E1 2.02225E1 2.02225E1 2.02225E1 2.02225E1 2.02225E1 2.02225E1 2.02225E1 2.02225E1 2.02225E1 2.02225E1 2.02225E1 2.02225E1 2.02225E1 2.02225E1 2.02225E1 2.02225E1 2.02225E1 2.02225E1 3.01664E1 2.85517E1 2.6878E1 2.02225E1 2.02225E1 2.02225E1 2.37275E1 2.27429E1 2.12267E1 1.97893E1 1.88638E1 1.79187E1 1.656E1 1.57527E1 1.51029E1 1.40987E1 1.27597E1 1.14207E1 1.09481E1 9.60914E0 9.21532E0 8.46707E0 7.9748E0 7.77789E0 7.34469E0 7.22654E0 7.91572E0 1.03574E1
