Leopardus garleppi/Leopardus_garleppi_projection 2041-2060.asc
ncols         515
nrows         545
xllcorner     -119.0
yllcorner     -58.333333333333
cellsize      0.166666666667
NODATA_value  -9999
[rows 29 to 57 of 545, columns 66 to 131 of 515]
2.42881E-3 3.0275E-3 1.26035E-2 1.29969E-2 6.26814E-3 4.51146E-3 3.09539E-3 2.31236E-3 2.64338E-3 4.26173E-3 4.88868E-3 4.93157E-3 8.16831E-3 4.93299E-3 9.20175E-3 4.48167E-3 8.50181E-4 7.33826E-4 1.11788E-3 1.79174E-3 7.90566E-3 3.90193E-3 3.58464E-3 2.37393E-3 1.86113E-2 2.12105E-3 3.66531E-3 1.12763E-3 3.32797E-4 3.04692E-4 1.88022E-4 1.66313E-2 2.0366E-2 2.03602E-3 7.0597E-3 7.10296E-3 4.10644E-3 1.22145E-3 2.123E-3 7.62197E-4 4.09303E-4 3.08107E-4 2.53857E-4 3.10473E-4 3.21632E-4 2.79217E-4 2.20338E-4 1.68613E-4 1.25117E-4 1.00702E-4 8.40171E-5 1.01615E-4 1.13977E-4 1.2581E-4 1.90385E-4 2.03598E-4 1.99302E-4 1.65615E-4 1.57909E-4 2.09319E-4 2.69341E-4 2.86256E-4 4.65815E-4 7.25549E-4 -9999 -9999
2.70336E-3 1.32343E-3 3.72463E-3 5.17032E-3 8.12111E-3 1.09009E-2 5.28059E-3 1.27691E-3 8.2424E-3 3.29884E-3 3.85835E-3 8.02821E-3 1.33322E-2 1.33395E-2 8.75912E-3 2.82551E-3 5.49873E-4 6.70672E-4 7.73357E-4 7.02279E-3 3.00541E-3 1.04789E-2 6.54834E-3 1.41369E-2 4.11975E-3 5.50183E-3 4.35579E-3 8.11524E-4 2.1158E-4 1.28714E-4 1.98968E-4 6.07647E-3 4.14006E-2 2.63698E-3 1.91711E-3 3.24231E-3 1.6834E-2 2.51598E-3 1.10189E-3 9.46248E-4 3.91933E-4 2.84742E-4 2.18926E-4 2.69233E-4 3.81291E-4 2.42511E-4 1.69482E-4 1.16803E-4 1.0101E-4 7.911E-5 7.00028E-5 8.4069E-5 9.82889E-5 1.41649E-4 1.88357E-4 1.97587E-4 1.82622E-4 1.72685E-4 1.62306E-4 2.1161E-4 3.24276E-4 4.52191E-4 7.41118E-4 1.17827E-3 -9999 -9999
4.87051E-4 9.31416E-4 6.24637E-3 8.49338E-3 2.36003E-3 3.12436E-3 5.97028E-3 3.36753E-3 2.78197E-2 2.34332E-3 2.70665E-3 1.04421E-2 8.73234E-3 1.05707E-2 5.97111E-3 2.19442E-3 8.42441E-4 4.80944E-4 5.15033E-4 3.22613E-3 4.0597E-3 2.89717E-3 1.25532E-2 6.59191E-2 6.64734E-3 2.87947E-2 9.88965E-3 1.19212E-3 1.24663E-4 1.54875E-4 2.83435E-4 2.65142E-3 1.37939E-2 2.82591E-3 7.5786E-4 1.09836E-2 1.8096E-2 2.14274E-3 5.00765E-4 5.04202E-4 4.64577E-4 4.73197E-4 3.4378E-4 2.53861E-4 2.29778E-4 1.88127E-4 1.46199E-4 1.06473E-4 7.57037E-5 7.19949E-5 6.57513E-5 7.93658E-5 9.68354E-5 1.38924E-4 1.70152E-4 1.58764E-4 1.5119E-4 1.40184E-4 1.52597E-4 2.20031E-4 3.30446E-4 5.89099E-4 1.15393E-3 1.90048E-3 -9999 -9999
3.41045E-4 2.01417E-4 1.55591E-3 2.60596E-3 5.41658E-3 4.16849E-3 3.75085E-3 2.91172E-3 1.3938E-2 1.57309E-3 2.02223E-3 1.4065E-2 1.73473E-2 1.58857E-2 4.87115E-3 2.39009E-3 2.09387E-3 7.3149E-4 5.24584E-4 8.93431E-4 6.42675E-3 2.31512E-3 2.18533E-2 1.45607E-2 2.80448E-3 2.15707E-3 7.72079E-4 1.08754E-4 5.76329E-4 8.5816E-5 3.3873E-4 2.20685E-3 3.82071E-2 5.27561E-2 4.21896E-3 4.34318E-3 7.10044E-3 1.49423E-3 4.76414E-4 3.64567E-4 3.02044E-4 1.16655E-3 1.5196E-3 5.11961E-4 2.25747E-4 2.54216E-4 1.54988E-4 9.17951E-5 7.64746E-5 6.35929E-5 6.40089E-5 7.50969E-5 9.00541E-5 1.05495E-4 1.52052E-4 1.529E-4 1.33816E-4 1.41696E-4 1.8566E-4 2.28875E-4 3.72765E-4 5.90309E-4 9.3239E-4 -9999 -9999 -9999
3.77468E-5 6.5692E-5 1.35467E-3 6.64053E-3 5.75969E-3 5.76541E-3 7.08876E-3 3.96587E-3 5.694E-3 1.86191E-3 4.2372E-3 2.4598E-2 2.91613E-2 1.50548E-2 9.05864E-3 4.17746E-3 1.25928E-3 1.05382E-3 1.09467E-3 7.77449E-4 2.00645E-3 1.78951E-3 1.74192E-3 1.56236E-3 8.5804E-4 6.06356E-4 2.78261E-4 1.18768E-4 2.92074E-3 5.50432E-5 3.13344E-4 5.2349E-4 1.4469E-3 3.4745E-3 1.2835E-3 8.49806E-4 6.4598E-4 2.36311E-3 8.55351E-4 8.64014E-4 1.22775E-3 6.07303E-4 1.11667E-3 1.113E-3 2.58305E-4 1.38529E-3 3.57964E-4 1.33885E-4 7.84203E-5 7.13235E-5 6.79017E-5 8.19848E-5 9.19607E-5 9.90333E-5 1.32365E-4 1.3757E-4 1.29604E-4 1.21371E-4 1.76215E-4 2.31971E-4 3.83052E-4 5.79632E-4 9.37209E-4 -9999 -9999 -9999
4.56105E-4 1.35142E-4 1.93304E-4 1.05641E-3 6.78167E-3 3.46386E-3 8.47255E-3 8.32683E-3 9.98792E-3 8.37369E-3 6.64052E-3 2.13812E-2 8.20961E-2 5.56915E-2 7.92645E-3 5.27257E-3 2.65998E-3 2.72981E-3 1.96445E-3 1.49808E-3 2.98474E-3 1.57946E-3 5.70116E-4 1.28346E-3 5.73019E-4 5.35918E-4 4.15069E-4 3.85976E-4 3.32675E-4 2.92878E-3 2.26484E-3 4.46044E-3 2.94443E-3 6.81599E-3 4.57027E-3 3.3616E-3 1.03623E-3 1.42515E-2 3.44972E-3 2.44569E-3 1.67744E-2 3.51472E-3 8.96991E-4 6.08686E-4 7.15766E-4 9.14048E-4 6.38995E-4 2.93578E-4 1.39605E-4 8.4869E-5 8.56967E-5 8.28817E-5 1.29939E-4 1.0594E-4 1.17184E-4 1.53108E-4 1.4471E-4 1.29408E-4 1.56201E-4 2.20591E-4 3.41594E-4 6.20833E-4 1.28403E-3 -9999 -9999 -9999
5.44462E-4 2.94696E-3 4.53891E-4 2.19563E-3 2.4393E-3 4.02965E-3 4.93187E-3 1.80387E-2 4.18155E-2 5.74228E-2 3.81898E-2 1.02385E-1 7.16049E-2 4.41152E-2 1.89035E-2 1.63174E-2 6.2816E-3 3.38397E-3 1.91095E-3 2.1064E-3 2.42144E-3 1.1045E-3 5.02742E-4 6.78856E-4 5.27847E-4 5.94998E-4 1.20384E-3 6.1553E-4 7.84082E-4 7.34265E-4 1.21068E-2 9.15625E-4 4.0997E-4 2.95636E-4 1.24742E-3 3.11433E-3 5.4091E-3 1.12884E-2 1.18149E-2 5.44613E-3 3.19548E-3 2.65325E-3 1.04562E-3 4.9711E-4 1.19813E-3 1.15895E-3 9.96304E-4 2.45535E-4 1.80188E-4 1.1161E-4 1.09601E-4 9.21965E-5 1.17491E-4 1.12942E-4 1.11515E-4 1.49969E-4 1.4986E-4 1.33079E-4 1.5944E-4 2.15187E-4 3.46105E-4 5.17167E-4 1.12229E-3 -9999 -9999 -9999
6.48524E-4 4.8374E-4 1.96352E-3 2.34207E-3 7.27697E-3 4.22372E-3 1.59488E-2 1.3461E-2 3.9656E-2 5.39323E-2 5.35432E-2 1.14235E-1 1.23674E-1 9.19733E-2 2.55018E-2 1.56019E-2 1.06058E-2 5.98383E-3 3.54576E-3 1.55785E-3 2.90911E-3 1.57126E-3 7.17274E-4 6.37581E-4 4.81771E-4 4.39053E-4 1.42903E-3 4.15907E-4 4.09561E-3 1.32255E-4 2.92833E-3 1.39539E-4 5.32184E-4 3.10195E-3 8.50881E-3 3.70014E-3 1.66984E-3 2.69146E-2 6.06026E-2 8.2512E-3 4.22049E-3 1.12823E-3 6.17037E-4 6.97923E-4 2.07202E-3 1.85725E-3 1.53639E-3 2.85751E-4 1.69144E-4 1.47999E-4 1.29947E-4 9.87209E-5 8.92854E-5 9.13993E-5 1.15752E-4 1.40354E-4 1.25443E-4 1.15526E-4 1.48238E-4 2.01975E-4 2.93858E-4 3.78897E-4 8.16988E-4 -9999 -9999 -9999
4.38189E-4 1.40921E-4 1.20935E-3 1.22811E-3 4.24758E-3 7.46732E-3 1.01595E-2 2.39221E-2 5.52004E-2 5.73039E-2 6.28321E-2 9.37944E-2 1.15832E-1 7.08406E-2 4.40536E-2 2.97611E-2 3.84878E-2 1.1442E-2 6.91759E-3 3.57265E-3 2.75094E-3 1.34676E-3 1.05846E-3 6.85935E-4 4.82973E-4 4.53896E-4 1.05412E-3 3.40906E-4 3.97679E-3 3.21244E-4 1.82705E-2 1.16306E-4 9.85105E-4 7.2876E-3 1.55549E-2 1.61838E-2 4.38261E-3 2.29651E-3 6.08525E-3 6.42949E-3 1.07239E-2 2.26322E-3 1.71457E-3 1.92994E-3 2.76723E-3 4.81284E-3 3.0904E-3 1.25588E-3 1.14783E-3 2.50586E-4 1.32169E-4 9.55695E-5 1.02312E-4 1.15205E-4 1.80389E-4 1.28415E-4 1.22043E-4 1.39843E-4 1.64022E-4 2.24972E-4 3.09539E-4 3.79415E-4 6.67016E-4 1.37163E-3 -9999 -9999
2.49758E-4 3.32286E-4 2.37662E-4 9.05146E-4 5.8526E-4 2.20822E-2 1.96383E-2 2.97617E-2 4.36378E-2 6.65028E-2 8.36238E-2 1.19415E-1 1.21674E-1 1.27407E-1 2.57633E-2 4.46742E-2 2.23277E-2 3.20145E-2 7.01681E-3 6.18521E-3 4.54604E-3 3.83408E-3 2.20052E-3 1.63405E-3 6.85291E-4 4.94067E-4 2.23669E-4 1.41219E-4 2.11836E-4 1.66119E-4 5.86896E-4 2.36566E-3 1.88818E-3 3.33734E-3 3.23826E-3 1.0587E-2 1.81427E-2 5.59064E-3 6.12045E-2 9.31048E-3 1.53417E-3 2.75315E-3 3.11361E-3 3.44385E-3 4.62941E-3 2.5752E-3 8.87566E-4 1.2253E-3 7.18334E-3 8.1654E-4 1.68874E-4 1.15943E-4 1.04068E-4 1.08756E-4 1.14558E-4 1.14536E-4 1.10433E-4 1.35504E-4 2.03093E-4 2.90838E-4 3.75691E-4 5.43329E-4 7.24333E-4 1.13463E-3 -9999 -9999
2.55292E-4 2.86068E-4 1.94304E-3 2.06199E-4 5.64857E-4 1.49836E-2 2.13433E-2 2.80902E-2 2.99392E-2 7.62718E-2 7.52249E-2 9.6183E-2 1.09907E-1 1.0824E-1 6.4835E-2 1.02691E-2 2.83511E-2 2.41042E-2 1.70098E-2 3.23847E-3 5.16093E-3 5.72895E-3 7.26348E-3 4.89204E-3 1.26766E-3 1.21462E-3 3.78436E-4 2.28368E-4 3.13425E-4 1.91586E-4 1.51288E-4 4.82232E-4 1.5429E-3 1.63922E-3 1.57174E-3 3.40815E-3 3.39977E-3 1.21678E-2 9.10317E-2 1.32919E-2 1.9939E-3 1.58911E-3 1.89598E-3 2.92099E-3 5.58506E-3 5.52829E-3 8.37744E-4 5.26225E-4 9.48296E-4 4.93293E-4 1.82586E-4 1.40717E-4 1.09932E-4 9.91668E-5 9.85283E-5 1.19613E-4 1.27143E-4 1.47608E-4 1.84844E-4 3.05068E-4 4.80674E-4 6.73586E-4 8.08858E-4 1.07294E-3 1.63063E-3 -9999
3.14396E-4 2.92278E-4 2.27019E-3 1.14962E-3 3.4246E-4 1.0729E-2 2.81775E-2 2.28163E-2 3.28835E-2 4.94554E-2 4.77052E-2 6.11955E-2 8.90399E-2 7.24673E-2 1.13118E-1 3.95969E-2 1.39736E-2 5.76932E-3 1.56157E-2 4.28159E-3 6.06455E-3 4.38805E-3 4.9891E-3 8.62044E-3 4.67973E-3 1.07688E-2 7.73194E-4 5.44896E-4 8.18707E-4 4.94843E-4 2.24868E-4 1.62977E-4 4.54554E-4 1.28098E-3 1.79557E-3 2.04926E-3 2.13035E-3 3.00085E-3 1.26537E-2 7.88322E-3 5.11019E-3 3.30595E-3 6.56853E-3 8.50508E-3 6.88007E-3 4.14132E-3 1.03276E-3 4.58056E-4 2.57961E-4 3.56515E-4 2.33608E-4 1.99506E-4 1.79055E-4 1.24897E-4 1.02826E-4 1.42257E-4 1.43691E-4 1.5389E-4 1.9117E-4 4.20738E-4 6.34632E-4 8.87523E-4 1.08543E-3 1.26329E-3 1.72355E-3 -9999
4.73404E-4 3.11444E-4 2.47603E-4 1.07609E-3 8.43248E-4 1.22812E-2 4.89682E-2 3.42466E-2 3.15353E-2 5.80653E-2 4.79301E-2 5.85078E-2 7.16542E-2 8.57869E-2 1.32682E-1 2.0903E-2 4.44815E-3 7.80236E-3 3.12744E-3 1.35681E-2 4.17534E-3 5.96938E-3 3.71908E-3 2.34642E-2 6.50873E-2 1.78649E-3 1.95853E-3 8.41934E-4 6.20506E-4 3.80853E-4 2.7413E-4 1.66166E-3 1.30343E-3 2.55388E-3 3.73579E-3 3.82465E-3 4.0616E-3 4.27391E-3 5.73247E-3 4.68138E-3 2.25962E-2 2.63234E-2 1.5683E-2 7.60203E-2 1.08995E-1 4.00502E-2 1.10215E-2 7.3211E-4 2.37145E-4 2.12696E-4 2.48762E-4 2.80442E-4 2.54233E-4 1.52057E-4 1.07148E-4 1.0708E-4 1.2711E-4 1.75907E-4 2.27733E-4 4.23751E-4 7.87152E-4 1.05429E-3 1.42379E-3 1.74682E-3 -9999 -9999
5.19497E-4 4.21522E-4 2.18218E-4 3.1629E-4 4.64252E-4 3.48582E-3 3.44396E-2 1.34132E-2 8.49101E-3 5.22383E-2 6.30265E-2 4.26771E-2 5.06834E-2 5.30821E-2 9.21569E-2 3.35106E-2 4.18205E-3 5.13812E-3 2.94453E-3 3.16376E-3 3.32301E-3 2.44485E-3 5.59335E-4 2.01133E-3 1.28933E-2 6.3048E-3 2.80246E-3 8.53526E-4 1.99465E-4 1.35734E-4 1.31174E-4 3.31194E-4 2.38058E-3 2.70694E-2 4.30478E-2 2.12111E-2 1.63054E-2 1.25124E-2 1.09887E-2 1.2852E-2 3.65672E-2 7.20412E-2 7.30603E-2 1.22805E-1 1.95809E-1 1.44358E-1 8.05097E-2 2.06309E-3 2.80422E-4 2.37913E-4 2.85378E-4 3.29785E-4 2.68126E-4 1.7102E-4 1.14483E-4 1.00109E-4 1.27235E-4 2.20193E-4 2.55761E-4 4.16497E-4 9.62998E-4 1.73757E-3 2.11029E-3 2.46141E-3 -9999 -9999
8.91829E-4 4.1584E-4 2.68227E-4 1.81365E-4 3.66172E-4 8.88959E-4 1.7768E-3 6.56301E-3 4.26873E-2 5.23431E-2 6.56312E-2 3.72593E-2 2.25474E-2 3.4859E-2 2.79152E-2 1.78232E-2 2.59957E-2 5.35213E-2 2.37185E-2 8.64186E-3 6.22442E-4 3.16104E-3 1.06003E-3 5.83924E-4 1.23828E-3 3.18339E-3 1.12196E-3 4.00755E-3 6.16901E-3 1.99947E-3 2.32961E-3 2.26278E-3 1.84643E-3 2.05079E-3 2.86125E-3 1.65388E-2 4.4462E-2 8.74779E-2 1.26154E-1 1.27754E-1 7.75332E-2 6.90125E-2 1.52537E-1 6.08311E-2 1.00721E-1 2.25436E-1 1.18631E-1 2.39091E-2 6.0843E-4 3.75121E-4 3.56822E-4 4.03751E-4 3.19506E-4 2.1301E-4 1.42435E-4 1.17744E-4 1.51669E-4 2.52003E-4 2.61088E-4 4.61346E-4 9.08487E-4 1.82919E-3 -9999 -9999 -9999 -9999
2.13402E-3 6.67446E-4 4.16306E-4 3.2996E-4 3.90643E-4 8.70286E-4 7.21395E-4 1.48098E-3 1.14289E-2 6.47847E-2 6.28554E-2 5.34091E-2 2.37364E-2 2.07575E-2 3.60511E-2 5.74458E-3 1.13214E-2 2.63964E-2 4.11275E-2 1.10714E-2 9.58576E-4 1.34015E-3 2.23228E-3 9.64743E-3 2.21146E-3 1.61065E-3 3.1893E-3 2.12213E-3 1.55226E-2 2.79734E-3 1.52274E-3 5.93975E-3 2.29948E-3 7.39883E-3 3.43852E-3 7.78868E-3 9.11672E-3 2.19891E-2 9.83045E-2 1.00371E-1 8.35091E-2 5.38099E-2 4.71545E-2 1.99758E-2 2.24856E-2 1.25026E-1 1.20518E-1 6.42457E-2 4.75456E-3 7.58343E-4 5.17479E-4 4.01031E-4 2.96983E-4 2.27556E-4 1.36937E-4 1.19413E-4 1.61913E-4 2.24278E-4 3.30479E-4 4.37168E-4 8.07009E-4 -9999 -9999 -9999 -9999 -9999
5.16499E-3 1.95751E-3 8.07089E-4 4.23099E-4 3.53517E-4 3.33433E-4 5.31281E-4 2.94406E-3 3.24507E-2 1.04543E-2 2.94444E-2 5.2673E-2 3.39557E-2 1.55569E-2 1.88357E-2 1.75001E-2 2.97955E-2 4.5727E-3 9.45481E-3 1.07259E-2 1.69373E-3 1.57841E-3 3.24853E-3 4.0098E-3 8.04578E-3 2.48269E-3 2.11243E-3 1.42164E-3 1.11924E-3 7.50951E-3 1.15718E-3 4.22667E-3 6.28932E-3 6.6811E-3 1.22952E-2 7.62693E-3 8.18408E-3 2.33752E-2 2.19095E-2 2.96405E-2 2.92627E-2 1.1681E-2 2.58518E-2 7.4784E-3 6.92897E-3 1.56918E-2 1.51295E-1 6.44045E-2 5.63737E-2 1.29376E-3 4.3784E-4 3.44025E-4 2.67363E-4 3.50815E-4 2.06641E-4 1.61639E-4 1.79182E-4 2.21827E-4 3.34298E-4 4.11111E-4 7.37519E-4 1.41049E-3 -9999 -9999 -9999 -9999
7.09848E-3 4.1825E-3 2.30612E-3 1.07256E-3 4.59968E-4 4.50044E-4 8.5795E-4 9.44116E-4 2.63328E-3 1.15768E-3 3.85923E-2 3.50825E-2 2.65929E-2 1.5154E-2 9.79373E-3 1.30128E-2 1.53288E-2 3.62222E-2 7.79209E-3 1.34735E-2 3.97292E-3 5.99112E-3 7.35681E-2 1.6093E-2 2.00507E-2 2.00206E-2 3.41366E-2 1.49544E-2 1.40326E-3 1.5458E-3 1.68586E-3 2.8187E-3 2.58701E-3 3.28752E-3 1.31308E-2 1.31844E-2 3.58402E-3 1.75608E-2 8.17834E-2 1.33492E-2 1.31466E-2 8.97066E-3 2.59096E-3 1.73721E-2 7.39873E-3 1.06281E-2 1.71286E-2 3.9952E-2 7.4233E-2 1.04377E-2 6.48066E-4 4.23423E-4 4.46667E-4 1.26549E-3 1.21148E-3 8.63201E-4 3.84137E-4 3.35732E-4 3.4697E-4 5.11228E-4 6.14166E-4 -9999 -9999 -9999 -9999 -9999
-9999 6.62521E-3 3.92411E-3 2.00629E-3 5.29668E-4 5.40318E-4 9.37452E-4 8.71082E-4 1.91063E-3 1.85363E-3 6.97082E-3 3.28727E-2 2.32684E-2 1.47729E-2 6.28111E-3 9.6612E-3 9.11488E-3 4.11132E-2 4.13951E-2 1.8165E-2 3.46345E-2 3.11493E-2 2.9631E-1 6.27713E-2 2.46773E-2 7.62488E-2 3.81229E-2 6.60688E-3 1.16396E-2 7.42722E-3 1.1838E-2 3.74147E-3 3.97283E-3 2.23175E-3 1.12248E-2 1.76685E-2 5.45696E-3 8.24607E-3 7.4818E-2 8.29118E-2 5.68563E-3 7.64949E-2 6.29433E-3 3.79359E-3 8.08631E-3 4.69375E-3 8.20862E-3 4.66963E-2 7.58212E-2 2.43448E-2 1.15427E-3 6.78918E-4 5.38785E-4 2.37132E-3 1.3753E-3 1.70979E-3 7.59806E-4 3.33524E-4 3.85365E-4 4.39555E-4 5.844E-4 -9999 -9999 -9999 -9999 -9999
-9999 -9999 -9999 4.73035E-3 2.34043E-3 5.88831E-4 1.1435E-3 1.283E-3 1.52363E-3 1.39435E-2 3.70269E-2 3.24656E-2 1.63286E-2 6.66149E-3 6.57244E-3 7.7428E-3 1.16372E-2 2.23192E-2 5.34825E-2 2.44395E-2 1.31189E-2 1.92492E-2 5.65571E-2 2.58355E-2 8.12541E-2 8.4843E-2 5.37366E-2 1.30063E-2 2.77245E-2 4.02669E-2 9.99133E-3 7.73435E-3 1.01012E-2 5.73047E-3 2.6227E-3 8.83922E-3 1.33749E-2 1.38611E-2 1.45403E-2 1.36642E-2 6.47631E-3 1.35165E-2 4.26865E-3 7.32849E-4 1.52809E-3 3.78322E-3 6.46045E-3 2.55076E-2 9.32726E-2 6.12583E-2 4.35352E-3 7.63255E-4 4.73376E-4 4.51878E-4 4.80815E-4 6.17348E-4 4.81779E-4 3.18714E-4 4.00177E-4 4.39843E-4 6.11829E-4 -9999 -9999 -9999 -9999 -9999
-9999 -9999 -9999 -9999 3.54252E-3 1.15087E-3 2.5191E-3 1.36757E-3 1.49007E-3 1.01785E-2 9.33551E-3 3.4411E-2 2.67115E-2 1.52534E-2 6.99814E-3 8.91684E-3 1.25604E-2 9.70505E-3 4.50032E-2 5.16525E-2 1.85308E-2 2.11117E-2 4.66327E-2 7.24855E-2 2.12803E-1 1.38226E-1 7.31837E-2 6.48191E-2 1.08971E-1 5.086E-2 1.363E-2 1.575E-2 5.13235E-3 3.77612E-3 3.60457E-3 2.39818E-3 3.52878E-3 3.99081E-3 1.89449E-2 4.3685E-3 8.45106E-3 1.70835E-2 1.88196E-3 1.05815E-3 2.97557E-3 1.84012E-3 2.51224E-3 4.88192E-3 5.30692E-2 2.16516E-2 4.64746E-3 6.63398E-4 4.10489E-4 3.09016E-4 3.18167E-4 3.77631E-4 3.42445E-4 2.97184E-4 3.9202E-4 4.67696E-4 5.56292E-4 -9999 -9999 -9999 -9999 -9999
-9999 -9999 -9999 -9999 -9999 -9999 1.06289E-3 1.42238E-3 1.84857E-3 1.81776E-3 4.26417E-3 4.95041E-3 7.96049E-3 1.90936E-2 7.61185E-3 6.44801E-3 1.05132E-2 1.576E-2 3.52895E-2 5.8264E-2 3.51083E-2 2.29273E-2 2.73665E-2 6.61814E-2 2.34568E-1 3.11323E-1 1.04699E-1 5.81844E-2 6.6974E-2 8.63917E-2 2.34753E-2 1.80512E-1 3.06345E-2 4.31197E-3 3.39775E-3 2.78821E-3 3.31539E-3 5.16854E-3 8.46277E-3 5.44332E-3 4.15488E-3 3.19487E-3 1.02192E-3 5.09572E-3 4.11978E-3 1.94739E-3 2.99361E-3 1.89218E-3 1.78578E-2 2.53564E-2 1.65261E-2 3.04428E-3 4.91651E-4 3.63766E-4 2.73804E-4 3.34609E-4 3.98122E-4 2.84828E-4 3.93609E-4 5.91021E-4 5.94037E-4 -9999 -9999 -9999 -9999 -9999
-9999 -9999 -9999 -9999 -9999 -9999 -9999 1.07042E-3 1.08746E-3 1.21125E-3 2.5143E-3 2.34169E-2 2.17824E-2 1.72974E-2 1.2068E-2 4.46756E-3 5.36185E-3 1.51281E-2 2.84556E-2 6.15656E-2 5.15627E-2 6.4962E-2 2.24365E-2 1.65862E-2 1.63351E-1 1.50561E-1 9.67585E-2 7.14686E-2 2.38769E-2 3.00951E-2 1.59238E-2 5.11886E-2 6.5497E-2 4.97158E-3 2.39881E-3 4.13609E-3 8.57069E-3 9.51643E-3 1.90872E-2 1.38821E-2 2.02466E-3 1.39483E-3 5.09996E-4 2.28104E-3 2.32647E-3 2.36965E-3 8.7295E-3 3.00341E-3 9.44995E-2 1.58521E-1 1.14929E-1 3.53759E-2 1.05911E-3 4.20093E-4 2.98482E-4 6.06493E-4 8.78859E-4 4.55443E-4 4.33667E-4 7.22915E-4 6.34439E-4 -9999 -9999 -9999 -9999 -9999
-9999 -9999 -9999 -9999 -9999 -9999 -9999 2.78449E-3 2.01367E-3 2.27217E-3 4.91182E-3 4.95745E-3 4.31866E-3 2.59259E-2 1.29935E-2 9.65995E-3 1.18865E-2 2.18959E-2 4.31394E-2 5.47996E-2 1.72056E-1 6.66717E-2 3.98955E-2 4.01185E-2 3.66697E-2 2.04267E-1 1.0944E-1 1.1595E-1 2.45066E-2 1.96605E-2 1.91752E-2 9.5904E-3 4.73005E-3 2.16675E-3 3.97883E-3 5.29273E-3 1.26824E-2 2.04766E-2 2.2669E-2 1.14966E-2 2.41348E-3 1.14541E-3 1.48288E-2 1.12065E-2 2.15724E-3 2.90745E-3 9.93177E-3 6.46169E-3 6.16466E-2 1.89716E-1 6.78438E-2 1.25505E-2 6.81987E-3 7.32616E-4 4.68479E-4 4.68898E-4 1.18772E-3 1.051E-3 5.07374E-4 6.20289E-4 8.45144E-4 -9999 -9999 -9999 -9999 -9999
-9999 -9999 -9999 -9999 -9999 -9999 -9999 -9999 4.21666E-3 2.52164E-3 2.50416E-3 2.63937E-3 1.28599E-2 2.30553E-2 1.3944E-2 1.6872E-2 2.01457E-2 3.36154E-2 9.78415E-2 1.71213E-1 2.21643E-1 1.35921E-2 1.80817E-1 1.7863E-1 5.1883E-2 1.59787E-1 1.22451E-1 1.48778E-1 3.15967E-2 2.08079E-2 1.58867E-2 8.542E-3 5.54541E-3 4.16403E-3 5.63926E-3 3.95202E-3 5.39928E-3 9.43113E-3 6.93014E-3 9.96392E-3 9.02591E-3 2.22457E-3 6.38086E-2 5.09958E-2 2.35158E-3 3.80312E-3 5.01667E-3 2.91904E-2 6.25967E-3 1.06915E-1 5.76063E-2 4.77717E-3 9.55842E-3 3.08831E-3 6.32208E-4 4.81215E-4 1.51833E-3 2.41564E-3 1.06365E-3 7.5894E-4 1.02073E-3 -9999 -9999 -9999 -9999 -9999
-9999 -9999 -9999 -9999 -9999 -9999 -9999 -9999 -9999 3.48436E-3 2.4609E-3 3.03242E-3 5.24812E-3 5.20065E-3 7.28851E-3 2.31652E-2 1.99404E-2 2.5092E-2 7.13536E-2 1.45359E-1 1.43035E-1 5.41223E-2 2.37307E-1 2.55219E-1 1.4546E-1 2.31199E-1 2.47808E-1 2.59195E-1 1.65615E-1 8.29828E-2 9.19048E-3 1.52695E-2 1.06919E-2 6.58848E-3 4.0569E-3 3.04359E-3 3.12215E-3 2.83792E-3 2.71487E-3 1.34714E-2 2.79444E-2 1.30907E-2 3.97601E-2 1.09274E-2 4.97888E-3 1.58318E-2 6.80329E-3 1.68202E-2 2.23182E-2 3.93746E-2 3.12454E-2 4.17242E-3 1.14265E-2 3.8356E-3 1.29399E-3 1.16593E-3 4.27867E-3 5.96621E-3 3.27954E-3 1.31065E-3 1.35454E-3 -9999 -9999 -9999 -9999 -9999
-9999 -9999 -9999 -9999 -9999 -9999 -9999 -9999 -9999 -9999 3.53184E-3 2.51968E-3 2.20012E-3 3.43162E-3 2.70684E-3 1.22957E-2 6.38055E-3 3.50612E-2 1.07108E-1 1.03774E-1 3.6956E-2 7.73075E-2 1.79034E-1 1.78609E-1 2.65752E-1 6.9177E-2 1.76002E-1 1.43898E-1 2.9616E-2 1.51951E-2 3.28997E-2 1.6562E-2 1.69055E-2 9.3874E-3 5.7494E-3 4.64195E-3 3.41648E-3 1.63345E-3 3.07244E-3 1.0769E-2 2.41026E-2 5.0936E-2 2.83713E-2 1.99144E-2 2.33462E-3 1.18459E-2 5.43274E-3 5.7651E-3 2.7484E-2 1.15805E-2 4.50236E-2 3.46298E-2 4.65351E-2 2.35162E-3 1.2351E-3 1.47075E-3 3.92968E-3 1.23923E-2 9.17397E-3 2.54867E-3 1.77949E-3 -9999 -9999 -9999 -9999 -9999
-9999 -9999 -9999 -9999 -9999 -9999 -9999 -9999 -9999 -9999 -9999 2.72082E-3 1.7993E-3 1.21374E-3 1.79435E-3 1.19233E-2 2.97536E-3 5.46509E-3 5.68422E-3 2.18804E-2 5.24833E-2 1.15579E-1 2.76616E-1 2.04056E-2 1.35437E-1 1.51345E-1 2.78577E-1 1.44715E-1 3.50451E-2 1.32653E-1 2.22953E-1 3.36813E-2 4.43897E-2 1.30964E-2 1.14049E-2 1.32345E-2 1.51873E-2 1.03764E-2 4.97714E-3 1.39367E-2 7.86813E-2 7.17873E-2 8.38186E-2 7.02818E-2 5.37108E-3 4.5294E-3 8.52098E-3 3.87645E-3 2.66367E-2 2.54628E-3 5.50391E-2 2.21557E-2 7.38326E-2 6.56817E-4 8.70564E-4 1.18814E-3 2.65817E-3 4.55116E-3 6.22001E-3 3.25352E-3 2.78864E-3 -9999 -9999 -9999 -9999 -9999
-9999 -9999 -9999 -9999 -9999 -9999 -9999 -9999 -9999 -9999 -9999 -9999 2.31768E-3 1.54976E-3 1.11445E-3 2.18567E-3 1.18439E-3 4.96733E-3 4.04312E-3 7.27433E-2 1.03331E-1 1.08624E-1 1.71267E-1 2.07424E-3 6.57404E-2 2.57121E-1 2.39828E-1 2.63374E-2 9.62697E-2 1.25071E-1 1.68494E-1 8.8919E-2 1.80057E-1 5.07879E-2 2.83247E-2 1.9148E-2 3.02679E-2 1.07855E-2 1.21839E-2 3.19251E-2 6.47951E-2 5.14367E-2 3.00964E-2 7.34337E-2 8.70962E-3 8.64164E-3 7.44281E-3 9.29593E-4 5.10766E-3 2.90685E-3 3.56985E-2 2.90375E-3 2.81162E-3 3.73426E-4 5.80592E-4 9.41932E-4 1.03977E-3 1.67102E-3 2.36984E-3 3.05506E-3 2.87145E-3 -9999 -9999 -9999 -9999 -9999
