Leopardus garleppi/Leopardus_garleppi_projection 2041-2060.asc
ncols         515
nrows         545
xllcorner     -119.0
yllcorner     -58.333333333333
cellsize      0.166666666667
NODATA_value  -9999
[rows 261 to 289 of 545, columns 396 to 461 of 515]
3.23232E-4 2.43127E-4 2.46958E-4 3.53147E-4 4.20133E-4 4.26194E-4 2.7006E-4 2.85044E-4 3.02739E-4 3.15854E-4 3.73675E-4 5.88093E-4 7.13901E-4 7.54767E-4 8.87234E-4 8.69533E-4 1.18326E-3 1.04279E-3 1.09583E-3 1.38551E-3 8.39328E-4 8.28338E-4 1.02331E-3 9.99209E-4 8.64341E-4 9.60467E-4 9.05314E-4 1.18834E-3 1.22773E-3 9.00835E-4 1.5105E-3 2.00808E-3 1.91438E-3 1.57655E-3 1.67964E-3 1.63348E-3 2.07433E-3 3.38433E-3 2.97392E-3 4.58458E-3 3.93039E-3 3.9099E-3 6.92913E-3 8.06232E-3 6.17109E-3 7.14673E-3 8.10799E-3 7.68264E-3 6.26321E-3 4.97136E-3 3.28222E-3 2.34946E-3 2.7413E-3 2.96161E-3 6.41635E-3 7.44661E-3 6.45716E-3 8.08927E-3 5.17151E-3 5.73785E-3 6.11628E-3 1.02055E-2 4.27173E-2 1.96698E-2 1.03445E-2 2.16124E-2
3.64687E-4 3.0316E-4 3.04682E-4 3.3477E-4 3.58146E-4 3.74234E-4 2.55184E-4 3.20655E-4 4.30398E-4 3.70829E-4 8.17997E-4 7.93272E-4 8.28121E-4 8.77491E-4 8.30306E-4 8.44344E-4 9.13671E-4 1.05668E-3 9.6898E-4 1.18521E-3 1.0811E-3 7.88825E-4 9.07153E-4 9.47305E-4 9.5234E-4 9.83978E-4 1.01454E-3 1.06933E-3 1.01724E-3 9.8839E-4 1.13613E-3 2.37664E-3 3.41785E-3 2.61862E-3 2.62592E-3 2.2071E-3 2.08259E-3 3.5737E-3 5.30971E-3 4.34148E-3 3.75818E-3 4.31619E-3 8.89798E-3 8.71072E-3 7.39872E-3 7.89676E-3 1.13757E-2 8.37063E-3 8.85034E-3 4.62522E-3 3.57871E-3 2.48978E-3 1.94543E-3 2.58549E-3 4.11715E-3 5.77071E-3 6.60721E-3 5.80336E-3 5.86114E-3 5.46689E-3 6.48168E-3 2.21345E-2 8.26815E-2 3.10409E-2 2.70237E-2 1.83676E-2
3.77672E-4 3.13403E-4 3.098E-4 3.85415E-4 4.39835E-4 4.18896E-4 3.80419E-4 3.72421E-4 5.13576E-4 7.48769E-4 7.34167E-4 8.03343E-4 7.94671E-4 8.92093E-4 7.90653E-4 8.25372E-4 1.05885E-3 1.02136E-3 9.97082E-4 1.10556E-3 7.37215E-4 8.32537E-4 1.00387E-3 8.41218E-4 1.05226E-3 1.04603E-3 9.76977E-4 9.39799E-4 9.92039E-4 1.00689E-3 1.28754E-3 1.82263E-3 2.44927E-3 3.51979E-3 1.4863E-3 1.96528E-3 2.35029E-3 2.59156E-3 5.67731E-3 5.52173E-3 4.18435E-3 4.86043E-3 4.63231E-3 7.3072E-3 6.81004E-3 8.5228E-3 9.76766E-3 1.27482E-2 5.53643E-3 3.03E-3 2.83058E-3 2.49855E-3 1.89818E-3 2.56272E-3 3.24396E-3 5.15122E-3 7.48623E-3 5.81786E-3 4.88725E-3 5.2238E-3 6.49855E-3 2.7364E-2 9.15737E-2 5.50443E-2 2.87995E-2 4.59292E-2
3.91695E-4 3.4421E-4 3.75884E-4 4.51832E-4 4.67265E-4 4.24071E-4 5.12206E-4 4.98686E-4 4.77401E-4 4.96506E-4 5.47337E-4 7.02756E-4 6.31833E-4 9.03478E-4 6.87656E-4 8.17483E-4 8.80016E-4 1.12649E-3 1.09942E-3 1.15437E-3 8.22799E-4 9.16149E-4 1.13564E-3 9.55703E-4 1.07882E-3 1.08857E-3 1.01364E-3 9.62751E-4 9.61417E-4 1.13658E-3 1.34775E-3 1.44404E-3 2.21738E-3 1.61564E-3 1.40387E-3 1.74115E-3 2.59216E-3 2.949E-3 3.32336E-3 4.62816E-3 4.60534E-3 4.75804E-3 5.07981E-3 5.56371E-3 7.00274E-3 7.31671E-3 7.95871E-3 6.67269E-3 4.52764E-3 3.62297E-3 2.90202E-3 2.35204E-3 2.11599E-3 2.81692E-3 3.26564E-3 5.36035E-3 5.40689E-3 4.86757E-3 4.81617E-3 6.18021E-3 9.57526E-3 3.54444E-2 9.85602E-2 8.80937E-2 2.8338E-2 3.85291E-2
4.11468E-4 3.49997E-4 5.14162E-4 4.7657E-4 1.04284E-3 5.11317E-4 4.7513E-4 4.86679E-4 4.90928E-4 4.84994E-4 5.00021E-4 7.02345E-4 6.86685E-4 9.72687E-4 8.39479E-4 8.42674E-4 8.42461E-4 1.01644E-3 1.12697E-3 1.08437E-3 1.23374E-3 9.12657E-4 1.0125E-3 9.63021E-4 9.60788E-4 8.74729E-4 1.33318E-3 1.48857E-3 1.20068E-3 1.73454E-3 2.0325E-3 1.53149E-3 1.9077E-3 1.48521E-3 1.37311E-3 1.423E-3 2.00952E-3 3.59912E-3 3.03105E-3 3.26127E-3 1.95097E-5 4.87624E-3 4.9829E-3 5.74378E-3 5.46018E-3 4.90816E-3 5.66477E-3 9.92857E-3 6.85438E-3 3.95777E-3 3.01042E-3 2.76542E-3 2.53491E-3 3.01146E-3 3.51777E-3 4.67681E-3 5.17634E-3 4.49129E-3 4.51839E-3 5.86864E-3 7.30306E-3 1.74944E-2 3.52278E-2 7.30482E-2 7.8719E-2 3.80959E-2
2.86462E-4 4.19518E-4 4.61445E-4 4.41987E-4 4.47596E-4 4.42908E-4 5.97028E-4 5.14191E-4 6.08068E-4 7.55394E-4 4.98716E-4 6.66692E-4 6.99928E-4 9.23578E-4 8.59596E-4 9.0504E-4 1.08285E-3 1.26147E-3 1.01793E-3 1.10462E-3 1.24577E-3 9.34876E-4 9.66687E-4 9.34137E-4 1.361E-3 8.90092E-4 1.35207E-3 1.51352E-3 1.36681E-3 1.47943E-3 1.66585E-3 1.67711E-3 1.41719E-3 1.34864E-3 1.43641E-3 1.38187E-3 1.57748E-3 1.79014E-3 2.56826E-3 2.40448E-3 1.9069E-5 2.08973E-5 6.32747E-3 6.99868E-3 6.33554E-3 5.88362E-3 6.19764E-3 6.61486E-3 6.74598E-3 3.37939E-3 3.1013E-3 2.75382E-3 2.83722E-3 3.44495E-3 3.48096E-3 3.92854E-3 6.94182E-3 5.81213E-3 4.27259E-3 4.49961E-3 4.95125E-3 3.5953E-2 4.38167E-2 1.00353E-1 1.25481E-1 7.73746E-2
3.15003E-4 3.70148E-4 3.99485E-4 2.85529E-4 3.24365E-4 9.46092E-4 5.5805E-4 4.36142E-4 4.47411E-4 5.68977E-4 5.3112E-4 4.69273E-4 7.68802E-4 8.49566E-4 8.94709E-4 8.89556E-4 1.03818E-3 1.13479E-3 1.17994E-3 1.04822E-3 8.5142E-4 9.62191E-4 1.44668E-3 1.3339E-3 9.53663E-4 9.22984E-4 1.41427E-3 1.61699E-3 1.4549E-3 2.78452E-3 4.58838E-3 2.8254E-3 1.9567E-3 1.53194E-3 1.47967E-3 1.58292E-3 1.62607E-3 1.4161E-3 1.73186E-3 1.22608E-5 1.93433E-5 2.21096E-5 5.76871E-3 5.97826E-3 6.14319E-3 6.26071E-3 6.47368E-3 5.43022E-3 5.24155E-3 7.67585E-3 8.985E-3 5.54694E-3 6.49331E-3 1.16015E-2 5.28501E-3 5.03056E-3 3.12618E-3 4.73277E-3 3.92568E-3 6.52846E-3 5.52863E-3 1.81661E-2 4.28542E-2 7.73293E-2 1.2011E-1 9.82416E-2
5.18644E-4 4.89243E-4 5.67462E-4 4.65943E-4 4.44894E-4 1.03967E-3 9.04306E-4 4.63125E-4 4.84015E-4 4.43276E-4 8.19709E-4 7.46371E-4 8.05059E-4 7.60688E-4 9.37831E-4 9.20206E-4 1.01778E-3 1.07764E-3 1.19422E-3 8.46029E-4 1.11326E-3 1.38825E-3 9.63198E-4 1.37671E-3 1.47069E-3 1.47176E-3 1.63386E-3 2.00477E-3 2.49768E-3 3.14324E-3 5.49683E-3 4.08874E-3 2.31901E-3 2.14952E-3 1.86367E-3 1.63633E-3 1.51686E-3 1.30351E-3 1.28135E-3 9.98498E-6 2.03797E-5 2.35621E-5 5.66307E-3 5.96376E-3 5.72939E-3 5.10302E-3 5.62737E-3 4.42048E-3 5.84881E-3 1.14536E-2 9.96879E-3 9.45664E-3 1.1157E-2 1.52472E-2 1.77316E-2 7.62282E-3 2.89664E-3 4.76269E-3 2.78959E-3 6.43222E-3 1.0852E-2 6.43838E-3 1.6783E-2 3.55082E-2 1.21298E-1 1.01274E-1
9.4031E-4 1.01286E-3 4.82472E-4 4.88129E-4 3.89973E-4 4.83397E-4 8.6039E-4 4.65592E-4 5.68763E-4 4.99718E-4 7.11466E-4 8.75889E-4 7.46047E-4 7.27622E-4 9.95112E-4 9.19881E-4 1.08773E-3 1.1373E-3 1.38821E-3 1.37118E-3 1.17819E-3 1.3151E-3 1.34337E-3 1.45076E-3 1.64542E-3 1.71081E-3 2.06888E-3 2.40584E-3 2.93237E-3 3.22492E-3 3.49665E-3 3.26909E-3 2.07651E-3 1.92048E-3 1.6141E-3 1.37057E-3 1.39741E-3 1.36678E-3 1.48136E-3 8.90013E-6 2.47138E-5 2.78663E-5 5.57903E-3 5.91792E-3 5.57456E-3 4.99937E-3 5.8123E-3 4.76625E-3 4.9068E-3 7.04573E-3 9.65882E-3 9.52196E-3 1.11514E-2 1.67697E-2 9.63637E-3 4.56449E-3 3.2169E-3 3.96385E-3 2.46053E-3 5.48193E-3 1.42179E-2 4.89589E-3 5.78857E-3 1.75786E-2 9.60416E-2 1.08868E-1
6.16192E-4 1.09208E-3 8.34398E-4 4.89314E-4 4.06498E-4 5.35406E-4 1.11181E-3 5.74568E-4 1.01273E-3 8.00594E-4 6.78189E-4 7.41483E-4 8.48173E-4 8.44661E-4 1.19905E-3 1.29199E-3 1.20615E-3 1.3669E-3 1.38502E-3 1.16678E-3 1.28151E-3 1.29169E-3 1.29072E-3 1.49489E-3 1.74994E-3 1.97643E-3 2.7132E-3 2.92556E-3 2.9211E-3 2.93819E-3 3.02265E-3 3.218E-3 2.36561E-3 2.11541E-3 1.77519E-3 1.99526E-3 2.26983E-3 1.39845E-3 1.4238E-3 1.83901E-3 2.26633E-5 3.50952E-5 3.69291E-5 5.88805E-3 5.49345E-3 6.67553E-3 6.76038E-3 6.43931E-3 7.69202E-3 7.79897E-3 1.14738E-2 1.30903E-2 1.42615E-2 1.15393E-2 4.47651E-3 3.95245E-3 3.23333E-3 2.74389E-3 2.35343E-3 2.58304E-3 1.03937E-2 5.73318E-3 4.85783E-3 7.62099E-3 7.76555E-2 1.1796E-1
9.34768E-4 1.27489E-3 5.16897E-4 5.3095E-4 8.92619E-4 9.3382E-4 1.21853E-3 9.41717E-4 9.53961E-4 7.18825E-4 6.52061E-4 7.40987E-4 8.37745E-4 1.0194E-3 1.13269E-3 9.79081E-4 1.00929E-3 1.27317E-3 1.41059E-3 1.62209E-3 1.51376E-3 1.40501E-3 1.41096E-3 1.63295E-3 1.92354E-3 2.29435E-3 3.97627E-3 5.21938E-3 3.15961E-3 4.85031E-3 3.93645E-3 3.32897E-3 3.12339E-3 2.44202E-3 2.5251E-3 2.28605E-3 5.0903E-3 2.52944E-3 1.58619E-3 2.32606E-3 3.88462E-5 4.6247E-5 7.2669E-3 6.6735E-3 7.41669E-3 8.48438E-3 7.85775E-3 7.60294E-3 9.97835E-3 1.00046E-2 1.10065E-2 1.38857E-2 2.0153E-2 8.74803E-3 3.99239E-3 3.84458E-3 3.03825E-3 3.13257E-3 2.99511E-3 4.07104E-3 8.67733E-3 9.49877E-3 5.34578E-3 5.65534E-3 4.45317E-2 1.07056E-1
1.20838E-3 1.1339E-3 1.09107E-3 1.19594E-3 1.36454E-3 1.20268E-3 1.25425E-3 9.61531E-4 8.34953E-4 7.07201E-4 7.49127E-4 8.9934E-4 8.7574E-4 1.01586E-3 1.19491E-3 1.08447E-3 1.0868E-3 1.37209E-3 1.64112E-3 1.55239E-3 1.55033E-3 1.45434E-3 1.57E-3 1.91723E-3 2.11824E-3 2.552E-3 4.08929E-3 6.98005E-3 3.19532E-3 6.65591E-3 6.86451E-3 3.44714E-3 2.48351E-3 2.38301E-3 2.83204E-3 5.13984E-3 7.35829E-3 5.56133E-3 2.77036E-3 4.01413E-3 7.45727E-3 8.07972E-3 8.22657E-3 9.40595E-3 1.00398E-2 1.1349E-2 1.14791E-2 1.22667E-2 1.35409E-2 1.31282E-2 1.55323E-2 2.11383E-2 2.05496E-2 6.81707E-3 4.62268E-3 3.1233E-3 3.48255E-3 3.39846E-3 3.57211E-3 4.85728E-3 1.3124E-2 2.5194E-2 6.12197E-3 5.97045E-3 2.17396E-2 8.97356E-2
1.07565E-3 9.98612E-4 1.23336E-3 1.27536E-3 1.23787E-3 1.20446E-3 1.30875E-3 8.25178E-4 8.83863E-4 7.79208E-4 8.33294E-4 1.01602E-3 9.46728E-4 9.7601E-4 1.26857E-3 1.10568E-3 1.2477E-3 1.56241E-3 1.63559E-3 1.17444E-3 1.53547E-3 1.22417E-3 1.84744E-3 2.1436E-3 2.17625E-3 2.78126E-3 5.4091E-3 5.63063E-3 3.62352E-3 4.41349E-3 1.77554E-2 4.24014E-3 3.69872E-3 3.94472E-3 4.75296E-3 3.45794E-3 5.05728E-3 4.7573E-3 4.93238E-3 6.19699E-3 1.09005E-2 9.74579E-3 9.4113E-3 1.06319E-2 1.30978E-2 1.55131E-2 1.47094E-2 1.725E-2 1.51557E-2 1.55311E-2 2.06064E-2 2.59498E-2 1.36505E-2 4.71587E-3 4.66576E-3 4.52768E-3 4.84661E-3 4.617E-3 5.04165E-3 4.41783E-3 1.38187E-2 3.49396E-2 8.85544E-3 7.73426E-3 1.29833E-2 6.31974E-2
1.2207E-3 1.15289E-3 1.18056E-3 1.32668E-3 1.11603E-3 1.22067E-3 1.22752E-3 1.31592E-3 9.60673E-4 8.27793E-4 1.11725E-3 8.31685E-4 1.00575E-3 1.0377E-3 1.43617E-3 1.24133E-3 1.53666E-3 1.59445E-3 1.41509E-3 1.608E-3 1.64824E-3 2.02467E-3 2.41296E-3 2.1499E-3 2.34868E-3 2.81151E-3 8.20075E-3 5.92967E-3 3.94907E-3 5.3027E-3 1.27548E-2 1.0216E-2 5.06295E-3 3.42062E-3 6.55909E-3 4.46615E-3 3.91225E-3 3.4622E-3 3.3324E-3 5.98365E-3 1.36379E-2 1.13711E-2 1.16548E-2 1.31384E-2 1.81684E-2 1.74478E-2 1.95915E-2 2.19948E-2 2.28007E-2 1.85576E-2 1.33958E-2 1.61718E-2 9.15581E-3 5.19723E-3 7.84164E-3 7.8618E-3 6.37764E-3 6.22569E-3 5.54976E-3 6.59713E-3 1.52204E-2 3.36869E-2 1.99245E-2 9.78052E-3 2.0713E-2 7.60448E-2
1.04107E-3 1.11875E-3 1.15573E-3 1.22997E-3 1.23491E-3 1.28196E-3 1.38528E-3 8.74051E-4 9.3668E-4 1.02733E-3 8.97784E-4 8.34039E-4 1.16114E-3 1.27144E-3 1.66077E-3 1.33459E-3 1.02412E-3 1.37518E-3 1.50082E-3 1.61356E-3 1.90516E-3 2.9639E-3 2.85012E-3 2.38555E-3 2.41867E-3 3.02914E-3 7.11861E-3 5.92169E-3 5.39498E-3 5.42063E-3 1.07514E-2 2.35246E-2 2.56706E-2 8.01302E-3 4.57384E-3 3.1988E-3 6.59572E-3 2.80051E-3 3.00487E-3 5.36515E-3 9.67999E-3 1.43488E-2 1.53496E-2 1.60083E-2 1.97225E-2 2.37718E-2 2.51483E-2 2.23152E-2 2.26989E-2 2.42981E-2 1.30049E-2 8.42303E-3 7.07467E-3 8.16417E-3 1.27438E-2 9.01908E-3 5.46873E-3 8.25396E-3 8.473E-3 1.12659E-2 4.02396E-2 3.871E-2 3.3195E-2 1.80536E-2 2.34893E-2 6.93447E-2
1.11497E-3 1.10344E-3 1.26748E-3 1.22748E-3 1.2073E-3 1.23511E-3 1.08796E-3 1.01083E-3 9.98985E-4 1.04251E-3 9.57737E-4 1.09567E-3 1.33401E-3 1.3087E-3 1.30343E-3 1.43644E-3 1.46917E-3 1.51644E-3 1.64752E-3 1.65984E-3 2.59205E-3 3.02241E-3 3.06522E-3 2.57978E-3 3.00788E-3 3.09036E-3 7.11466E-3 6.69852E-3 6.75991E-3 5.70181E-3 7.5787E-3 2.69062E-2 3.71096E-2 1.53493E-2 5.27984E-3 5.56433E-3 5.42462E-3 2.79858E-3 3.16794E-3 5.76458E-3 1.32376E-2 1.69285E-2 1.63931E-2 1.78879E-2 2.24563E-2 2.39983E-2 2.19687E-2 2.12158E-2 2.21658E-2 2.54896E-2 2.3196E-2 1.45014E-2 1.26438E-2 2.5515E-2 2.73742E-2 1.09311E-2 8.96387E-3 1.02675E-2 9.004E-3 1.38564E-2 3.60503E-2 6.19103E-2 5.36694E-2 5.24667E-2 3.68857E-2 5.0402E-2
1.18048E-3 1.24131E-3 1.30153E-3 1.32014E-3 1.36745E-3 1.12607E-3 9.67457E-4 9.02899E-4 9.25272E-4 9.37756E-4 9.59434E-4 1.09968E-3 1.56716E-3 1.37653E-3 1.49843E-3 1.41276E-3 1.33616E-3 1.69397E-3 1.74981E-3 1.90255E-3 2.19929E-3 2.64573E-3 2.85709E-3 3.07315E-3 3.05081E-3 7.58373E-3 1.07419E-2 8.7741E-3 1.25292E-2 7.36668E-3 7.21641E-3 8.78042E-3 1.47402E-2 2.02936E-2 1.34882E-2 1.19227E-2 7.62969E-3 2.93233E-3 3.51217E-3 6.74434E-3 1.6182E-2 1.85413E-2 1.75967E-2 1.96526E-2 2.1222E-2 2.43324E-2 2.32418E-2 2.52207E-2 2.58356E-2 2.35688E-2 2.39914E-2 2.38535E-2 3.0116E-2 3.17942E-2 1.95408E-2 8.77599E-3 9.16081E-3 9.42485E-3 8.46078E-3 9.31658E-3 2.34671E-2 6.04108E-2 8.24419E-2 9.37216E-2 5.68705E-2 2.03009E-2
1.34577E-3 1.51374E-3 1.34171E-3 1.17888E-3 1.31621E-3 1.35683E-3 9.47744E-4 8.96461E-4 9.17632E-4 9.10212E-4 1.02669E-3 9.76139E-4 1.33366E-3 1.30556E-3 1.50389E-3 1.42249E-3 1.65881E-3 1.73065E-3 1.84351E-3 2.06393E-3 1.71161E-3 2.17102E-3 2.4763E-3 2.72177E-3 6.83672E-3 1.47592E-2 1.05801E-2 9.82597E-3 9.87044E-3 8.88174E-3 5.51613E-3 6.35769E-3 1.9135E-2 4.62812E-2 2.81649E-2 3.02007E-2 5.1042E-3 3.26836E-3 3.70184E-3 7.69754E-3 1.6757E-2 2.10264E-2 2.77499E-2 2.79436E-2 2.03394E-2 2.64132E-2 2.39333E-2 2.1563E-2 1.90741E-2 2.26619E-2 2.45741E-2 2.61144E-2 2.75255E-2 1.9004E-2 1.10743E-2 9.48981E-3 1.10974E-2 9.11717E-3 7.13498E-3 9.03583E-3 1.34626E-2 3.44989E-2 9.71169E-2 9.67434E-2 6.93251E-2 2.23516E-2
1.40617E-3 1.55541E-3 1.17018E-3 1.18087E-3 1.25289E-3 1.09548E-3 9.61679E-4 9.58241E-4 8.97077E-4 9.01317E-4 9.97527E-4 9.83386E-4 1.51312E-3 1.3587E-3 1.38864E-3 1.52678E-3 1.1804E-3 1.82519E-3 2.16168E-3 2.02497E-3 1.6636E-3 2.75368E-3 3.52711E-3 5.45349E-3 7.20746E-3 6.86505E-3 8.26673E-3 1.01525E-2 8.90782E-3 6.66528E-3 5.9693E-3 2.31882E-2 4.86293E-2 3.81399E-2 1.05728E-2 4.91287E-3 3.6059E-3 4.09688E-3 5.22641E-3 1.147E-2 1.9144E-2 3.12672E-2 3.18692E-2 2.53992E-2 2.20988E-2 2.433E-2 2.26615E-2 1.89968E-2 1.61196E-2 1.30542E-2 1.60608E-2 1.66947E-2 1.1797E-2 1.01178E-2 1.09283E-2 1.23541E-2 1.47084E-2 1.24529E-2 9.45991E-3 1.1954E-2 2.1187E-2 2.86038E-2 9.17553E-2 6.73593E-2 3.45965E-2 1.89031E-2
1.17115E-3 1.42349E-3 1.0723E-3 1.05247E-3 1.05878E-3 1.10154E-3 1.26136E-3 1.09923E-3 9.80641E-4 9.8696E-4 1.11423E-3 1.19429E-3 1.37536E-3 1.34904E-3 1.33956E-3 1.49888E-3 1.24222E-3 1.57981E-3 2.49195E-3 1.54267E-3 2.52845E-3 2.57659E-3 2.5993E-3 5.10758E-3 6.57031E-3 6.30823E-3 7.91693E-3 1.37644E-2 7.3915E-3 9.36446E-3 1.47731E-2 3.13151E-2 3.84034E-2 5.03234E-2 7.82973E-3 5.21514E-3 4.11668E-3 4.6864E-3 6.11454E-3 1.27026E-2 1.54197E-2 1.8818E-2 2.57466E-2 2.45754E-2 2.30579E-2 2.47122E-2 2.19863E-2 2.17503E-2 1.39982E-2 1.14713E-2 9.93512E-3 9.9815E-3 8.71835E-3 8.95434E-3 1.02973E-2 1.31455E-2 1.32871E-2 1.39627E-2 1.55722E-2 3.03948E-2 2.30743E-2 3.16368E-2 8.75419E-2 5.09306E-2 3.14396E-2 4.13866E-2
1.47338E-3 1.48904E-3 1.31732E-3 1.066E-3 1.04249E-3 1.2191E-3 1.33681E-3 1.08874E-3 1.03383E-3 1.10394E-3 1.2036E-3 1.26277E-3 1.32199E-3 1.34967E-3 1.33588E-3 1.0997E-3 1.84481E-3 1.77649E-3 1.69316E-3 2.44422E-3 2.66977E-3 2.93862E-3 5.19558E-3 5.209E-3 5.72755E-3 8.30366E-3 8.22183E-3 1.01596E-2 7.03301E-3 9.17114E-3 2.05483E-2 2.84423E-2 4.46589E-2 3.47158E-2 7.77574E-3 5.68619E-3 4.60858E-3 4.70835E-3 6.23233E-3 9.31086E-3 1.34301E-2 1.62254E-2 2.62418E-2 2.34553E-2 2.40855E-2 2.23455E-2 1.73578E-2 1.7524E-2 1.6908E-2 1.17207E-2 1.10047E-2 1.03124E-2 1.12908E-2 1.08219E-2 1.17783E-2 1.38357E-2 2.22444E-2 1.64485E-2 2.2087E-2 6.4511E-2 6.26666E-2 3.25409E-2 1.03176E-1 6.02133E-2 3.95777E-2 3.22656E-2
1.35955E-3 1.35234E-3 1.26322E-3 1.02649E-3 9.89395E-4 1.37599E-3 1.10447E-3 9.86094E-4 9.41647E-4 1.05602E-3 1.20748E-3 1.35768E-3 1.32505E-3 1.39919E-3 1.40963E-3 1.16292E-3 1.27372E-3 2.1443E-3 2.18958E-3 2.10364E-3 2.61444E-3 7.09012E-3 6.22994E-3 5.91237E-3 6.15393E-3 5.80621E-3 8.67514E-3 1.62436E-2 8.65804E-3 1.44864E-2 3.88424E-2 4.13992E-2 4.22451E-2 3.19527E-2 6.93953E-3 6.43848E-3 6.05497E-3 6.05717E-3 6.55297E-3 1.64528E-2 1.44222E-2 1.70224E-2 2.63517E-2 2.19731E-2 1.9688E-2 1.70502E-2 1.79537E-2 1.94545E-2 1.38039E-2 1.30119E-2 1.53232E-2 1.38933E-2 1.37577E-2 1.10748E-2 1.18088E-2 1.22307E-2 1.85655E-2 1.43032E-2 2.03993E-2 2.25739E-2 4.83769E-2 4.58255E-2 9.02914E-2 5.43546E-2 4.26899E-2 5.41388E-2
1.02395E-3 1.01786E-3 1.16434E-3 1.10399E-3 8.7457E-4 9.72352E-4 9.87274E-4 1.01581E-3 1.00547E-3 1.07787E-3 1.25513E-3 1.40516E-3 1.38381E-3 9.8399E-4 1.07539E-3 1.25493E-3 2.04395E-3 2.45376E-3 2.30234E-3 2.93176E-3 6.49078E-3 6.0636E-3 7.12385E-3 4.06218E-3 5.64647E-3 6.08491E-3 6.52357E-3 1.73935E-2 2.12636E-2 2.82889E-2 4.87199E-2 4.99733E-2 4.97361E-2 1.98605E-2 6.97896E-3 6.0988E-3 6.02034E-3 7.1135E-3 2.01668E-2 3.01233E-2 1.69466E-2 1.9543E-2 2.28758E-2 1.87216E-2 1.63432E-2 1.80989E-2 1.47326E-2 1.42148E-2 1.73612E-2 1.96146E-2 2.36202E-2 1.69842E-2 1.34478E-2 1.14582E-2 1.18057E-2 1.30535E-2 1.26764E-2 1.56604E-2 1.85593E-2 2.26474E-2 2.8465E-2 4.03437E-2 1.18963E-1 8.54013E-2 7.40551E-2 9.77691E-2
1.10602E-3 1.09602E-3 1.58707E-3 1.23894E-3 8.2105E-4 9.59804E-4 1.03909E-3 1.01388E-3 9.79507E-4 1.10464E-3 1.18492E-3 1.47513E-3 9.16596E-4 1.04225E-3 1.20436E-3 1.30778E-3 1.61123E-3 2.75466E-3 4.59737E-3 7.21603E-3 6.30781E-3 4.77472E-3 4.46259E-3 5.0252E-3 9.1882E-3 8.46172E-3 8.58514E-3 1.94785E-2 2.4034E-2 3.39747E-2 4.37643E-2 4.66178E-2 4.97503E-2 2.15132E-2 8.38169E-3 7.31273E-3 1.41717E-2 1.2917E-2 2.0789E-2 2.93282E-2 2.18122E-2 1.79746E-2 1.83712E-2 1.65933E-2 1.29953E-2 1.2691E-2 1.82285E-2 1.84268E-2 1.81857E-2 2.49945E-2 2.60182E-2 2.32335E-2 2.53901E-2 1.49428E-2 1.28927E-2 1.16872E-2 1.31631E-2 1.6928E-2 1.761E-2 5.80523E-2 7.55775E-2 4.7458E-2 1.35873E-1 1.06566E-1 9.75515E-2 8.07112E-2
1.18175E-3 1.3466E-3 2.45446E-3 1.41364E-3 1.17701E-3 9.39054E-4 1.04071E-3 1.12362E-3 1.12333E-3 1.09702E-3 1.17037E-3 1.38333E-3 9.63228E-4 1.01106E-3 1.15014E-3 1.35503E-3 1.93262E-3 3.75219E-3 6.34355E-3 6.00351E-3 4.30312E-3 4.04891E-3 5.6369E-3 9.72374E-3 8.20384E-3 7.39689E-3 1.02695E-2 9.61805E-3 1.28516E-2 2.11624E-2 2.56402E-2 3.02732E-2 4.7468E-2 1.4281E-2 1.42341E-2 8.19916E-3 3.03275E-2 3.84617E-2 2.46782E-2 2.5491E-2 1.96251E-2 1.57603E-2 1.44561E-2 1.184E-2 1.22069E-2 1.46246E-2 1.76482E-2 1.44909E-2 1.62279E-2 2.02918E-2 2.86434E-2 2.99122E-2 3.11821E-2 1.28846E-2 1.21776E-2 1.36833E-2 1.30175E-2 1.7838E-2 1.66331E-2 6.33894E-2 4.20321E-2 1.23895E-1 1.13695E-1 1.13175E-1 1.06185E-1 1.02586E-1
1.11126E-3 2.36075E-3 4.00464E-3 3.52034E-3 2.3548E-3 1.0641E-3 9.12789E-4 1.01968E-3 1.22414E-3 1.12914E-3 8.04818E-4 9.43028E-4 1.16673E-3 1.13801E-3 1.26793E-3 1.37876E-3 2.48352E-3 5.62247E-3 7.59351E-3 6.3481E-3 4.86487E-3 5.68654E-3 1.07641E-2 1.07506E-2 6.4064E-3 9.19976E-3 7.84242E-3 9.39691E-3 1.43215E-2 2.00781E-2 3.22429E-2 4.06118E-2 5.30324E-2 1.60116E-2 2.10462E-2 1.75213E-2 3.60349E-2 3.91248E-2 3.00039E-2 1.64357E-2 1.58589E-2 2.12963E-2 1.44487E-2 1.25906E-2 1.43747E-2 1.53582E-2 1.37514E-2 9.32966E-3 1.07836E-2 1.35267E-2 1.95728E-2 2.40132E-2 1.83787E-2 1.10726E-2 1.1694E-2 1.15999E-2 1.39011E-2 1.52938E-2 1.59071E-2 3.03932E-2 3.82465E-2 1.08844E-1 9.7677E-2 1.05338E-1 9.74583E-2 9.75248E-2
1.33441E-3 1.69093E-3 3.45329E-3 3.94234E-3 1.46224E-3 9.50923E-4 1.01344E-3 1.11449E-3 1.07185E-3 8.62961E-4 8.56426E-4 9.05273E-4 1.1008E-3 1.28065E-3 1.58276E-3 1.80381E-3 2.71882E-3 5.69928E-3 5.42371E-3 4.79627E-3 4.48274E-3 5.74412E-3 6.66861E-3 9.13085E-3 9.04818E-3 1.23057E-2 8.73061E-3 1.18501E-2 1.96301E-2 2.28728E-2 3.08294E-2 4.465E-2 5.03865E-2 4.19508E-2 3.05415E-2 3.37977E-2 3.94224E-2 3.50135E-2 2.42614E-2 1.80448E-2 9.15728E-3 1.76905E-2 1.66095E-2 1.62101E-2 1.13497E-2 1.179E-2 8.44456E-3 8.67443E-3 7.6731E-3 9.69427E-3 1.2729E-2 1.53124E-2 1.02002E-2 1.40907E-2 1.67406E-2 1.09507E-2 1.50371E-2 1.63892E-2 1.73533E-2 1.79684E-2 2.19461E-2 1.04695E-1 8.4241E-2 1.00056E-1 9.10062E-2 9.28371E-2
1.46239E-3 1.49498E-3 1.98771E-3 1.78197E-3 1.01894E-3 1.05529E-3 1.01847E-3 1.13502E-3 9.18349E-4 1.17625E-3 1.02345E-3 1.01299E-3 9.9606E-4 1.23239E-3 1.39604E-3 2.33546E-3 3.20446E-3 6.71052E-3 5.17169E-3 5.13288E-3 5.17066E-3 6.1002E-3 9.52664E-3 1.18228E-2 1.72155E-2 1.99619E-2 1.08918E-2 1.83382E-2 3.25403E-2 3.66284E-2 3.37385E-2 4.31602E-2 4.94433E-2 4.80234E-2 4.92446E-2 3.8384E-2 2.82418E-2 1.48805E-2 1.17265E-2 9.42295E-3 7.09088E-3 9.62151E-3 8.36308E-3 1.00798E-2 8.64812E-3 8.21686E-3 7.48284E-3 7.61831E-3 7.30819E-3 6.95297E-3 8.25327E-3 7.60743E-3 1.15984E-2 2.66152E-2 2.0238E-2 1.60185E-2 1.67165E-2 1.59259E-2 1.85011E-2 2.07518E-2 2.80285E-2 1.01064E-1 7.93827E-2 9.08731E-2 9.13786E-2 8.45778E-2
1.32197E-3 1.56904E-3 1.79906E-3 2.50481E-3 1.68289E-3 1.23178E-3 1.05229E-3 9.11829E-4 9.01599E-4 1.10438E-3 1.35705E-3 1.12795E-3 1.04212E-3 1.4681E-3 1.45735E-3 1.76588E-3 2.30681E-3 5.18282E-3 6.40776E-3 6.683E-3 5.41341E-3 5.70605E-3 8.10596E-3 1.16965E-2 2.92706E-2 3.03174E-2 2.44822E-2 2.88929E-2 3.25104E-2 3.69372E-2 3.4586E-2 4.3175E-2 4.56533E-2 4.47939E-2 4.90615E-2 4.11277E-2 2.64653E-2 2.35748E-2 2.04684E-2 1.9169E-2 7.58783E-3 5.74866E-3 5.80534E-3 7.30461E-3 8.67217E-3 7.30915E-3 7.08401E-3 6.85875E-3 5.46619E-3 5.39639E-3 6.56713E-3 1.02674E-2 1.99149E-2 2.87644E-2 1.94536E-2 1.61312E-2 1.57869E-2 1.54217E-2 2.26634E-2 2.9897E-2 3.20109E-2 8.87136E-2 7.68024E-2 6.92709E-2 7.16982E-2 8.0483E-2
