Leopardus garleppi/Leopardus_garleppi_projection 2041-2060_novel.asc
ncols         515
nrows         545
xllcorner     -119.0
yllcorner     -58.333333333333
cellsize      0.166666666667
NODATA_value  -9999
[rows 390 to 419 of 545, columns 335 to 401 of 515]
2.09314E1 2.09314E1 1.77415E1 2.09314E1 2.09314E1 2.54997E1 2.54997E1 2.54997E1 2.54997E1 3.15054E1 3.15054E1 2.81776E1 2.03407E1 1.79187E1 1.06331E1 6.53736E0 4.39106E0 1.01408E1 2.62479E1 3.05011E1 2.06557E1 3.15054E1 2.53815E1 2.35503E1 1.6304E1 2.53815E1 2.21916E1 1.60874E1 1.79187E1 9.72728E0 1.46894E1 1.99862E1 2.58541E1 2.75081E1 2.53027E1 2.229E1 2.01831E1 1.88638E1 1.75642E1 1.61859E1 1.47288E1 1.39214E1 1.39214E1 1.09481E1 8.27016E0 6.63582E0 5.31653E0 4.39106E0 4.17446E0 3.91848E0 4.17446E0 4.01693E0 4.39106E0 4.60766E0 5.31653E0 5.31653E0 4.88333E0 5.11962E0 5.31653E0 5.55282E0 2.89456E0 8.66398E-1 8.66398E-1 2.08723E0 -9999 -9999 -9999
2.09314E1 2.09314E1 2.09314E1 2.09314E1 2.09314E1 2.09314E1 2.54997E1 2.54997E1 2.54997E1 3.15054E1 3.15054E1 3.15054E1 2.38653E1 1.86472E1 1.39805E1 6.53736E0 5.92695E0 5.159E0 5.92695E0 1.91198E1 1.88245E1 2.81776E1 2.35503E1 2.10889E1 1.50241E1 2.46726E1 2.10889E1 1.53786E1 1.60874E1 1.17161E1 1.01408E1 2.51649E1 2.6563E1 2.57359E1 2.38062E1 2.15418E1 1.97893E1 1.83322E1 1.75642E1 1.71507E1 1.44334E1 1.30157E1 1.35079E1 1.03574E1 8.03387E0 6.55705E0 5.45437E0 4.60766E0 4.17446E0 4.01693E0 3.91848E0 4.29261E0 4.7258E0 5.45437E0 5.71035E0 6.20262E0 5.82849E0 5.82849E0 6.242E0 3.70188E0 8.66398E-1 8.66398E-1 1.5162E0 3.70188E0 -9999 -9999 -9999
2.09314E1 2.09314E1 2.09314E1 2.09314E1 2.09314E1 2.09314E1 2.54997E1 2.54997E1 2.54997E1 2.54997E1 2.54997E1 3.00679E1 3.00679E1 2.10889E1 1.53786E1 8.54583E0 5.92695E0 5.159E0 4.39106E0 5.159E0 9.72728E0 1.53786E1 1.76036E1 1.6304E1 1.6304E1 2.41607E1 1.86472E1 1.28581E1 1.39805E1 1.25037E1 7.08871E0 2.03407E1 2.06557E1 2.29595E1 2.06557E1 2.12267E1 1.94152E1 1.81943E1 1.69932E1 1.56936E1 1.36261E1 1.09481E1 9.6879E0 8.27016E0 7.34469E0 6.242E0 5.17869E0 4.60766E0 4.17446E0 4.17446E0 4.17446E0 4.7258E0 5.55282E0 5.94664E0 6.20262E0 6.55705E0 6.41922E0 6.36015E0 3.70188E0 8.66398E-1 3.70188E0 2.08723E0 4.39106E0 -9999 -9999 -9999 -9999
2.09314E1 2.09314E1 2.09314E1 2.09314E1 2.09314E1 2.09314E1 2.54997E1 2.54997E1 2.54997E1 2.54997E1 2.54997E1 2.54997E1 2.54997E1 2.54997E1 1.99862E1 1.39805E1 6.53736E0 5.159E0 4.39106E0 3.70188E0 3.70188E0 5.92695E0 1.17161E1 1.11253E1 1.60874E1 2.03407E1 1.7131E1 1.25037E1 -9999 1.21493E1 1.32519E1 1.46894E1 1.86472E1 1.91198E1 2.18372E1 1.91395E1 1.83322E1 1.75642E1 1.67766E1 1.52013E1 1.24643E1 9.82574E0 8.15201E0 7.1084E0 6.36015E0 5.55282E0 4.88333E0 4.39106E0 3.78064E0 3.91848E0 4.9424E0 5.45437E0 6.41922E0 6.41922E0 6.63582E0 6.63582E0 6.79334E0 2.08723E0 8.66398E-1 2.89456E0 4.39106E0 6.53736E0 2.89456E0 -9999 -9999 -9999 -9999
2.09314E1 2.09314E1 2.09314E1 2.09314E1 2.09314E1 2.09314E1 2.09314E1 2.54997E1 2.54997E1 2.54997E1 2.54997E1 2.54997E1 2.54997E1 2.54997E1 2.54997E1 2.06557E1 1.53786E1 8.54583E0 4.39106E0 2.89456E0 2.89456E0 3.70188E0 5.159E0 5.92695E0 6.53736E0 8.54583E0 1.53786E1 1.53786E1 -9999 1.42365E1 1.25037E1 1.88245E1 2.6878E1 2.42591E1 2.12267E1 1.94152E1 1.79187E1 1.656E1 1.58118E1 1.52013E1 1.30157E1 9.60914E0 7.77789E0 6.61613E0 5.82849E0 5.31653E0 4.7258E0 4.17446E0 3.46559E0 3.91848E0 4.9424E0 5.71035E0 7.1084E0 7.34469E0 7.34469E0 7.34469E0 5.92695E0 1.5162E0 3.70188E0 7.77789E0 7.22654E0 3.70188E0 -9999 -9999 -9999 -9999 -9999
2.09314E1 2.09314E1 2.09314E1 2.09314E1 2.09314E1 2.09314E1 2.09314E1 2.09314E1 2.54997E1 2.54997E1 2.54997E1 2.54997E1 2.54997E1 2.54997E1 2.54997E1 2.46726E1 2.10889E1 1.7131E1 1.06331E1 2.89456E0 2.89456E0 2.89456E0 2.89456E0 3.70188E0 4.39106E0 4.39106E0 5.159E0 6.53736E0 -9999 1.06331E1 2.2546E1 2.82564E1 2.64054E1 2.34715E1 2.05179E1 1.85488E1 1.656E1 1.55952E1 1.48863E1 1.44334E1 1.23462E1 9.35316E0 7.77789E0 6.55705E0 5.82849E0 5.17869E0 4.60766E0 4.01693E0 3.78064E0 3.91848E0 4.46982E0 5.3756E0 6.55705E0 6.97056E0 7.22654E0 7.48252E0 7.91572E0 2.08723E0 3.70188E0 8.46707E0 6.53736E0 -9999 -9999 -9999 -9999 -9999 -9999
2.09314E1 2.09314E1 2.09314E1 2.09314E1 2.09314E1 2.09314E1 2.09314E1 2.09314E1 2.54997E1 2.54997E1 2.54997E1 2.54997E1 2.54997E1 2.54997E1 2.54997E1 2.54997E1 2.51649E1 2.2546E1 1.91198E1 1.39805E1 4.39106E0 2.89456E0 2.08723E0 2.08723E0 2.08723E0 2.08723E0 2.08723E0 -9999 -9999 1.39805E1 1.91198E1 2.6878E1 2.53027E1 2.2546E1 1.95924E1 1.73673E1 1.55952E1 1.44334E1 1.32519E1 1.2228E1 1.06724E1 8.99872E0 7.65974E0 6.63582E0 5.94664E0 5.31653E0 4.88333E0 4.39106E0 4.01693E0 4.17446E0 4.29261E0 5.3756E0 6.242E0 6.55705E0 7.1084E0 7.52191E0 7.08871E0 4.39106E0 9.17594E0 -9999 -9999 -9999 -9999 -9999 -9999 -9999 -9999
1.77415E1 1.77415E1 1.77415E1 2.09314E1 2.09314E1 2.09314E1 2.09314E1 2.09314E1 2.09314E1 2.09314E1 2.54997E1 2.54997E1 2.54997E1 2.54997E1 2.54997E1 2.54997E1 2.54997E1 2.54997E1 2.53815E1 1.94743E1 1.60874E1 7.91572E0 3.70188E0 2.89456E0 2.89456E0 2.08723E0 2.08723E0 -9999 -9999 2.10889E1 2.6563E1 2.62282E1 2.38062E1 2.05179E1 1.85488E1 1.61859E1 1.48863E1 1.36261E1 1.1657E1 1.06724E1 9.60914E0 8.27016E0 7.48252E0 6.61613E0 5.94664E0 5.3756E0 4.9424E0 4.88333E0 4.88333E0 4.7258E0 5.11962E0 5.31653E0 6.06478E0 6.36015E0 6.63582E0 7.48252E0 7.08871E0 8.54583E0 -9999 -9999 -9999 -9999 -9999 -9999 -9999 -9999 -9999
1.77415E1 1.77415E1 2.09314E1 2.09314E1 2.09314E1 2.09314E1 2.09314E1 2.09314E1 2.09314E1 2.09314E1 2.54997E1 2.54997E1 2.54997E1 2.54997E1 2.09314E1 2.09314E1 2.54997E1 2.54997E1 2.54997E1 2.16796E1 1.53786E1 1.42365E1 1.25037E1 6.53736E0 2.89456E0 3.70188E0 2.89456E0 3.70188E0 9.17594E0 1.46894E1 2.41607E1 2.48892E1 2.20931E1 1.98878E1 1.77415E1 1.54179E1 1.39214E1 1.24643E1 1.15585E1 1.03574E1 8.99872E0 8.15201E0 7.52191E0 6.63582E0 6.20262E0 5.94664E0 5.71035E0 5.45437E0 5.3756E0 4.7258E0 4.60766E0 5.11962E0 5.94664E0 6.20262E0 6.41922E0 7.1084E0 7.9748E0 8.15201E0 -9999 -9999 -9999 -9999 -9999 -9999 -9999 -9999 -9999
1.77415E1 1.77415E1 1.77415E1 2.09314E1 2.09314E1 2.09314E1 2.09314E1 2.09314E1 2.09314E1 2.09314E1 2.09314E1 2.09314E1 2.09314E1 2.54997E1 2.54997E1 2.09314E1 2.54997E1 2.46726E1 2.06557E1 1.81943E1 1.79187E1 1.94743E1 1.58118E1 1.32519E1 1.17161E1 4.39106E0 3.70188E0 4.39106E0 4.39106E0 -9999 2.2546E1 2.50861E1 2.17584E1 1.94152E1 1.69932E1 1.5477E1 1.37836E1 1.27597E1 1.2228E1 1.05937E1 9.21532E0 8.27016E0 7.52191E0 6.79334E0 6.55705E0 6.55705E0 6.61613E0 6.41922E0 6.06478E0 5.45437E0 5.3756E0 5.45437E0 5.45437E0 6.06478E0 6.20262E0 6.63582E0 7.91572E0 -9999 -9999 -9999 -9999 -9999 -9999 -9999 -9999 -9999 -9999
1.77415E1 1.77415E1 1.77415E1 1.77415E1 1.77415E1 2.09314E1 2.09314E1 2.09314E1 2.09314E1 2.09314E1 2.09314E1 2.09314E1 2.09314E1 2.09314E1 2.54997E1 2.54997E1 2.54997E1 2.54997E1 2.54997E1 2.46726E1 2.29595E1 2.03407E1 1.67372E1 1.7131E1 1.32519E1 8.54583E0 5.159E0 4.39106E0 -9999 -9999 -9999 1.67372E1 2.17584E1 1.92773E1 1.69932E1 1.54179E1 1.42956E1 1.32519E1 1.32519E1 1.15585E1 9.35316E0 8.46707E0 7.77789E0 7.34469E0 6.79334E0 7.1084E0 7.52191E0 7.77789E0 6.63582E0 5.55282E0 5.45437E0 4.9424E0 5.31653E0 5.55282E0 6.06478E0 7.1084E0 -9999 -9999 -9999 -9999 -9999 -9999 -9999 -9999 -9999 -9999 -9999
1.77415E1 1.77415E1 1.77415E1 1.77415E1 1.77415E1 2.09314E1 2.09314E1 2.09314E1 2.09314E1 2.09314E1 2.09314E1 2.54997E1 2.54997E1 2.09314E1 2.09314E1 2.54997E1 2.54997E1 2.54997E1 2.54997E1 2.41607E1 2.51649E1 2.53815E1 2.16796E1 1.7131E1 1.6304E1 1.21493E1 1.11253E1 5.92695E0 -9999 -9999 -9999 -9999 -9999 -9999 -9999 -9999 -9999 1.24643E1 1.27597E1 1.11253E1 9.21532E0 8.15201E0 7.48252E0 6.61613E0 6.41922E0 6.63582E0 7.52191E0 7.77789E0 6.36015E0 5.11962E0 5.17869E0 4.88333E0 5.11962E0 5.45437E0 6.36015E0 -9999 -9999 -9999 -9999 -9999 -9999 -9999 -9999 -9999 -9999 -9999 -9999
1.77415E1 1.77415E1 1.77415E1 1.77415E1 1.77415E1 1.77415E1 2.09314E1 2.09314E1 2.09314E1 2.09314E1 2.09314E1 2.09314E1 2.54997E1 2.09314E1 2.54997E1 2.54997E1 2.54997E1 2.54997E1 2.54997E1 2.54997E1 2.46726E1 2.02225E1 1.99862E1 1.79187E1 1.53786E1 1.6304E1 1.46894E1 1.39805E1 -9999 -9999 -9999 -9999 -9999 -9999 -9999 -9999 -9999 -9999 1.09481E1 9.60914E0 8.03387E0 7.52191E0 6.63582E0 6.36015E0 6.242E0 6.06478E0 6.55705E0 6.36015E0 5.82849E0 4.9424E0 4.60766E0 4.46982E0 4.60766E0 5.45437E0 -9999 -9999 -9999 -9999 -9999 -9999 -9999 -9999 -9999 -9999 -9999 -9999 -9999
1.43349E1 1.77415E1 1.77415E1 1.77415E1 1.77415E1 2.09314E1 2.09314E1 2.09314E1 2.09314E1 2.09314E1 2.09314E1 2.09314E1 2.09314E1 2.54997E1 2.54997E1 2.54997E1 2.54997E1 2.54997E1 2.54997E1 2.53815E1 2.35503E1 2.02225E1 2.02225E1 1.99862E1 1.79187E1 1.58118E1 1.42365E1 1.25037E1 1.01408E1 -9999 -9999 -9999 -9999 -9999 -9999 -9999 -9999 -9999 -9999 -9999 -9999 6.63582E0 6.55705E0 -9999 -9999 -9999 -9999 4.88333E0 4.39106E0 3.91848E0 4.01693E0 -9999 -9999 -9999 -9999 -9999 -9999 -9999 -9999 -9999 -9999 -9999 -9999 -9999 -9999 -9999 -9999
1.43349E1 1.43349E1 1.77415E1 1.77415E1 1.77415E1 1.77415E1 1.77415E1 2.09314E1 2.09314E1 2.09314E1 2.09314E1 2.09314E1 2.54997E1 2.54997E1 2.54997E1 2.54997E1 2.54997E1 2.54997E1 2.51649E1 2.53815E1 2.29595E1 2.16796E1 2.03407E1 1.91198E1 1.88245E1 1.76036E1 1.42365E1 1.32519E1 1.50241E1 1.50241E1 1.32519E1 8.54583E0 -9999 -9999 -9999 -9999 -9999 -9999 -9999 -9999 -9999 -9999 -9999 -9999 -9999 -9999 -9999 -9999 -9999 -9999 -9999 -9999 -9999 -9999 -9999 -9999 -9999 -9999 -9999 -9999 -9999 -9999 -9999 -9999 -9999 -9999 -9999
1.43349E1 1.43349E1 1.77415E1 1.77415E1 1.77415E1 1.77415E1 1.77415E1 2.09314E1 2.09314E1 2.09314E1 2.09314E1 2.54997E1 2.54997E1 2.54997E1 2.54997E1 2.54997E1 2.54997E1 2.51649E1 2.29595E1 2.21916E1 2.10889E1 1.91198E1 1.94743E1 1.76036E1 1.79187E1 1.76036E1 1.67372E1 1.50241E1 1.32519E1 1.28581E1 1.32519E1 1.21493E1 1.11253E1 7.91572E0 -9999 -9999 -9999 -9999 -9999 -9999 -9999 -9999 -9999 -9999 -9999 -9999 -9999 -9999 -9999 -9999 -9999 -9999 -9999 -9999 -9999 -9999 -9999 -9999 -9999 -9999 -9999 -9999 -9999 -9999 -9999 -9999 -9999
1.43349E1 1.43349E1 1.77415E1 1.77415E1 1.77415E1 1.77415E1 1.77415E1 2.09314E1 2.09314E1 2.09314E1 2.09314E1 2.54997E1 2.54997E1 2.54997E1 2.54997E1 2.54997E1 2.54997E1 2.54997E1 2.46726E1 2.2546E1 1.99862E1 1.88245E1 1.76036E1 1.67372E1 1.58118E1 1.60874E1 1.6304E1 1.58118E1 1.39805E1 1.21493E1 1.01408E1 1.06331E1 1.06331E1 1.17161E1 9.17594E0 -9999 -9999 -9999 -9999 -9999 -9999 -9999 -9999 -9999 -9999 -9999 -9999 -9999 -9999 -9999 -9999 -9999 -9999 -9999 -9999 -9999 -9999 -9999 -9999 -9999 -9999 -9999 -9999 -9999 -9999 -9999 -9999
1.77415E1 1.77415E1 1.77415E1 1.77415E1 1.77415E1 1.77415E1 1.77415E1 2.09314E1 2.09314E1 2.09314E1 2.09314E1 2.54997E1 2.54997E1 2.54997E1 2.54997E1 2.54997E1 2.54997E1 2.46726E1 2.38653E1 2.16796E1 1.91198E1 1.86472E1 1.76036E1 1.60874E1 1.46894E1 1.46894E1 1.46894E1 1.42365E1 1.39805E1 1.28581E1 1.11253E1 8.54583E0 7.08871E0 6.53736E0 8.54583E0 8.54583E0 -9999 -9999 -9999 -9999 -9999 -9999 -9999 -9999 -9999 -9999 -9999 -9999 -9999 -9999 -9999 -9999 -9999 -9999 -9999 -9999 -9999 -9999 -9999 -9999 -9999 -9999 -9999 -9999 -9999 -9999 -9999
1.77415E1 1.77415E1 1.77415E1 1.77415E1 1.77415E1 1.77415E1 2.09314E1 2.09314E1 2.09314E1 2.09314E1 2.54997E1 2.54997E1 2.54997E1 2.54997E1 2.54997E1 2.54997E1 2.54997E1 2.53815E1 2.29595E1 2.21916E1 2.10889E1 1.86472E1 1.60874E1 1.50241E1 1.39805E1 1.36655E1 1.32519E1 1.28581E1 1.28581E1 1.21493E1 9.72728E0 8.54583E0 7.91572E0 7.08871E0 5.159E0 -9999 -9999 -9999 -9999 -9999 -9999 -9999 -9999 -9999 -9999 -9999 -9999 -9999 -9999 -9999 -9999 -9999 -9999 -9999 -9999 -9999 -9999 -9999 -9999 -9999 -9999 -9999 -9999 -9999 -9999 -9999 -9999
1.77415E1 1.77415E1 1.43349E1 1.77415E1 1.77415E1 1.77415E1 2.09314E1 2.09314E1 2.09314E1 2.09314E1 2.09314E1 2.54997E1 2.54997E1 2.54997E1 2.54997E1 2.54997E1 2.54997E1 2.54997E1 2.38653E1 2.21916E1 1.99862E1 1.81943E1 1.67372E1 1.53786E1 1.46894E1 1.39805E1 1.39805E1 1.32519E1 1.21493E1 1.01408E1 9.17594E0 7.08871E0 7.91572E0 6.53736E0 -9999 -9999 -9999 -9999 -9999 -9999 -9999 -9999 -9999 -9999 -9999 -9999 -9999 -9999 -9999 -9999 -9999 -9999 -9999 -9999 -9999 -9999 -9999 -9999 -9999 -9999 -9999 -9999 -9999 -9999 -9999 -9999 -9999
1.43349E1 1.43349E1 1.43349E1 1.77415E1 1.77415E1 1.77415E1 1.77415E1 2.09314E1 2.09314E1 2.09314E1 2.09314E1 2.09314E1 2.09314E1 2.54997E1 2.09314E1 2.09314E1 2.09314E1 2.54997E1 2.09314E1 2.09314E1 2.09314E1 1.94743E1 1.81943E1 1.7131E1 1.6304E1 1.53786E1 1.42365E1 1.28581E1 1.11253E1 1.06331E1 8.54583E0 8.54583E0 7.08871E0 5.159E0 -9999 -9999 -9999 -9999 -9999 -9999 -9999 -9999 -9999 -9999 -9999 -9999 -9999 -9999 -9999 -9999 -9999 -9999 -9999 -9999 -9999 -9999 -9999 -9999 -9999 -9999 -9999 -9999 -9999 -9999 -9999 -9999 -9999
1.43349E1 1.43349E1 1.43349E1 1.43349E1 1.77415E1 1.77415E1 1.77415E1 1.77415E1 2.09314E1 2.09314E1 2.09314E1 2.09314E1 2.09314E1 2.09314E1 2.09314E1 2.09314E1 2.09314E1 2.09314E1 2.09314E1 2.09314E1 2.09314E1 2.09314E1 2.29595E1 2.06557E1 1.91198E1 1.76036E1 1.53786E1 1.32519E1 1.11253E1 8.54583E0 7.91572E0 7.91572E0 7.08871E0 5.159E0 3.70188E0 -9999 -9999 -9999 -9999 -9999 -9999 -9999 -9999 -9999 -9999 -9999 -9999 -9999 -9999 -9999 -9999 -9999 -9999 -9999 -9999 -9999 -9999 -9999 -9999 -9999 -9999 -9999 -9999 -9999 -9999 -9999 -9999
1.43349E1 1.43349E1 1.43349E1 1.43349E1 1.43349E1 1.77415E1 1.77415E1 1.77415E1 1.77415E1 2.09314E1 2.09314E1 2.09314E1 2.09314E1 2.09314E1 2.09314E1 2.09314E1 2.09314E1 2.09314E1 2.09314E1 2.09314E1 2.09314E1 2.09314E1 2.09314E1 2.09314E1 2.16796E1 1.91198E1 1.76036E1 1.50241E1 1.25037E1 1.01408E1 7.91572E0 7.08871E0 7.08871E0 5.159E0 3.70188E0 1.5162E0 -9999 -9999 -9999 -9999 -9999 -9999 -9999 -9999 -9999 -9999 -9999 -9999 -9999 -9999 -9999 -9999 -9999 -9999 -9999 -9999 -9999 -9999 -9999 -9999 -9999 -9999 -9999 -9999 -9999 -9999 -9999
1.11253E1 1.43349E1 1.43349E1 1.43349E1 1.43349E1 1.43349E1 1.77415E1 1.77415E1 1.77415E1 1.77415E1 1.77415E1 2.09314E1 2.09314E1 2.09314E1 2.09314E1 2.09314E1 2.09314E1 2.09314E1 2.09314E1 2.09314E1 2.09314E1 2.09314E1 2.09314E1 2.09314E1 2.54997E1 2.38653E1 2.10889E1 1.79187E1 1.50241E1 1.25037E1 9.72728E0 8.54583E0 7.08871E0 4.39106E0 2.89456E0 1.5162E0 1.5162E0 1.5162E0 -9999 -9999 -9999 -9999 -9999 -9999 -9999 -9999 -9999 -9999 -9999 -9999 -9999 -9999 -9999 -9999 -9999 -9999 -9999 -9999 -9999 -9999 -9999 -9999 -9999 -9999 -9999 -9999 -9999
1.11253E1 1.11253E1 1.43349E1 1.43349E1 1.43349E1 1.43349E1 1.43349E1 1.77415E1 1.77415E1 1.77415E1 1.77415E1 1.77415E1 1.77415E1 1.77415E1 1.77415E1 1.77415E1 2.09314E1 2.09314E1 2.09314E1 2.09314E1 2.09314E1 2.09314E1 2.09314E1 2.09314E1 2.54997E1 2.54997E1 2.54997E1 2.10889E1 1.7131E1 1.42365E1 1.25037E1 9.72728E0 6.53736E0 4.39106E0 2.89456E0 2.08723E0 1.5162E0 1.5162E0 2.89456E0 -9999 -9999 -9999 -9999 -9999 -9999 -9999 -9999 -9999 -9999 -9999 -9999 -9999 -9999 -9999 -9999 -9999 -9999 -9999 -9999 -9999 -9999 -9999 -9999 -9999 -9999 -9999 -9999
1.11253E1 1.11253E1 1.11253E1 1.43349E1 1.43349E1 1.43349E1 1.43349E1 1.43349E1 1.43349E1 1.77415E1 1.77415E1 1.77415E1 1.77415E1 1.77415E1 1.77415E1 2.09314E1 2.09314E1 2.09314E1 2.09314E1 2.09314E1 2.09314E1 2.09314E1 2.09314E1 2.09314E1 2.09314E1 2.54997E1 2.54997E1 2.41607E1 1.99862E1 1.67372E1 1.36655E1 9.72728E0 6.53736E0 5.159E0 4.39106E0 2.89456E0 2.08723E0 1.5162E0 2.89456E0 -9999 -9999 -9999 -9999 -9999 -9999 -9999 -9999 -9999 -9999 -9999 -9999 -9999 -9999 -9999 -9999 -9999 -9999 -9999 -9999 -9999 -9999 -9999 -9999 -9999 -9999 -9999 -9999
1.11253E1 1.11253E1 1.11253E1 1.43349E1 1.43349E1 1.43349E1 1.43349E1 1.43349E1 1.43349E1 1.43349E1 1.77415E1 1.77415E1 1.77415E1 1.77415E1 1.77415E1 1.77415E1 2.09314E1 2.09314E1 2.09314E1 2.09314E1 2.09314E1 2.09314E1 2.09314E1 2.09314E1 2.54997E1 2.54997E1 2.54997E1 2.54997E1 2.53815E1 1.94743E1 1.50241E1 1.06331E1 7.08871E0 5.159E0 5.159E0 4.39106E0 2.08723E0 8.66398E-1 -9999 -9999 -9999 -9999 -9999 -9999 -9999 -9999 -9999 -9999 -9999 -9999 -9999 -9999 -9999 -9999 -9999 -9999 -9999 -9999 -9999 -9999 -9999 -9999 -9999 -9999 -9999 -9999 -9999
1.11253E1 1.43349E1 1.11253E1 1.43349E1 1.43349E1 1.43349E1 1.43349E1 1.43349E1 1.43349E1 1.43349E1 1.43349E1 1.77415E1 1.77415E1 1.77415E1 1.77415E1 1.77415E1 1.77415E1 2.09314E1 2.09314E1 2.09314E1 2.09314E1 2.09314E1 2.09314E1 2.54997E1 2.54997E1 2.54997E1 2.54997E1 3.15054E1 3.05011E1 2.38653E1 1.81943E1 1.42365E1 1.06331E1 7.08871E0 5.159E0 5.159E0 3.70188E0 3.70188E0 -9999 -9999 -9999 -9999 -9999 -9999 -9999 -9999 -9999 -9999 -9999 -9999 -9999 -9999 -9999 -9999 -9999 -9999 -9999 -9999 -9999 -9999 -9999 -9999 -9999 -9999 -9999 -9999 -9999
1.11253E1 1.11253E1 1.11253E1 1.11253E1 1.11253E1 1.43349E1 1.43349E1 1.43349E1 1.43349E1 1.43349E1 1.77415E1 1.77415E1 1.77415E1 1.77415E1 1.77415E1 1.77415E1 2.09314E1 2.09314E1 2.09314E1 2.09314E1 2.09314E1 2.09314E1 2.09314E1 2.54997E1 2.54997E1 2.54997E1 2.54997E1 3.15054E1 3.04027E1 2.6563E1 2.06557E1 1.6304E1 1.32519E1 9.72728E0 5.159E0 3.70188E0 4.39106E0 -9999 -9999 -9999 -9999 -9999 -9999 -9999 -9999 -9999 -9999 -9999 -9999 -9999 -9999 -9999 -9999 -9999 -9999 -9999 -9999 -9999 -9999 -9999 -9999 -9999 -9999 -9999 -9999 -9999 -9999
1.11253E1 1.11253E1 1.11253E1 1.11253E1 1.43349E1 1.43349E1 1.43349E1 1.43349E1 1.43349E1 1.77415E1 1.77415E1 1.77415E1 1.77415E1 1.77415E1 1.77415E1 1.77415E1 2.09314E1 2.09314E1 2.09314E1 2.09314E1 2.09314E1 2.09314E1 2.54997E1 2.54997E1 2.54997E1 3.15054E1 3.15054E1 3.08753E1 2.9615E1 2.7961E1 2.38653E1 1.86472E1 1.46894E1 1.06331E1 5.159E0 2.08723E0 -9999 -9999 -9999 -9999 -9999 -9999 -9999 -9999 -9999 -9999 -9999 -9999 -9999 -9999 -9999 -9999 -9999 -9999 -9999 -9999 -9999 -9999 -9999 -9999 -9999 -9999 -9999 -9999 -9999 -9999 -9999
