Leopardus garleppi/Leopardus_garleppi_projection 2041-2060_novel.asc
ncols         515
nrows         545
xllcorner     -119.0
yllcorner     -58.333333333333
cellsize      0.166666666667
NODATA_value  -9999
[rows 360 to 389 of 545, columns 335 to 401 of 515]
6.55705E0 6.55705E0 6.55705E0 6.55705E0 6.55705E0 6.55705E0 6.55705E0 6.55705E0 6.55705E0 6.55705E0 6.55705E0 6.55705E0 6.55705E0 6.55705E0 2.02225E1 2.02225E1 2.02225E1 2.02225E1 2.02225E1 2.02225E1 2.02225E1 2.02225E1 2.02225E1 2.02225E1 2.02225E1 2.02225E1 2.02225E1 2.02225E1 2.02225E1 2.02225E1 2.02225E1 2.02225E1 2.02225E1 2.02225E1 2.02225E1 2.02225E1 2.02225E1 2.02225E1 2.02225E1 2.02225E1 2.82564E1 2.02225E1 2.02225E1 2.43379E1 2.02225E1 2.26839E1 2.16993E1 1.98681E1 1.81747E1 1.66388E1 1.56739E1 1.51226E1 1.4965E1 1.42956E1 1.36261E1 1.24643E1 1.12435E1 1.0574E1 9.60914E0 8.46707E0 8.15201E0 7.52191E0 7.22654E0 6.79334E0 6.61613E0 7.22654E0 8.78212E0
6.55705E0 6.55705E0 6.55705E0 6.55705E0 6.55705E0 6.55705E0 6.55705E0 6.55705E0 6.55705E0 6.55705E0 6.55705E0 6.55705E0 6.55705E0 6.55705E0 2.02225E1 2.02225E1 2.02225E1 2.02225E1 2.02225E1 2.02225E1 2.02225E1 2.02225E1 2.02225E1 2.02225E1 2.02225E1 2.02225E1 2.02225E1 2.02225E1 2.02225E1 2.02225E1 2.02225E1 2.02225E1 2.02225E1 2.02225E1 2.02225E1 2.02225E1 2.02225E1 2.02225E1 2.02225E1 2.02225E1 2.02225E1 2.02225E1 2.02225E1 2.47317E1 2.31564E1 2.21522E1 2.03997E1 1.85094E1 1.69735E1 1.57527E1 1.46697E1 1.44531E1 1.40987E1 1.35473E1 1.34489E1 1.26218E1 1.15585E1 1.05937E1 9.35316E0 8.03387E0 7.77789E0 7.1084E0 6.41922E0 6.242E0 6.36015E0 6.61613E0 7.77789E0
6.55705E0 6.55705E0 6.55705E0 6.55705E0 6.55705E0 6.55705E0 6.55705E0 6.55705E0 6.55705E0 6.55705E0 6.55705E0 6.55705E0 6.55705E0 2.02225E1 2.02225E1 2.02225E1 2.02225E1 2.02225E1 2.02225E1 2.02225E1 2.02225E1 2.02225E1 2.02225E1 2.02225E1 2.02225E1 2.02225E1 2.02225E1 2.02225E1 2.02225E1 2.02225E1 2.02225E1 2.02225E1 2.02225E1 2.02225E1 2.02225E1 2.02225E1 2.02225E1 2.02225E1 2.02225E1 2.02225E1 2.02225E1 2.02225E1 2.02225E1 2.49286E1 2.02225E1 2.19159E1 1.93758E1 1.69735E1 1.5477E1 1.44531E1 1.36458E1 1.31732E1 1.30747E1 1.29172E1 1.28384E1 1.2484E1 1.17948E1 1.09481E1 9.60914E0 8.03387E0 7.34469E0 6.61613E0 5.82849E0 5.82849E0 5.94664E0 6.20262E0 7.22654E0
6.55705E0 6.55705E0 6.55705E0 6.55705E0 6.55705E0 6.55705E0 6.55705E0 6.55705E0 6.55705E0 6.55705E0 6.55705E0 2.02225E1 2.02225E1 2.02225E1 2.02225E1 2.02225E1 2.02225E1 2.02225E1 2.02225E1 2.02225E1 2.02225E1 2.02225E1 2.02225E1 2.02225E1 2.02225E1 2.02225E1 2.02225E1 2.02225E1 2.02225E1 2.02225E1 2.02225E1 2.02225E1 2.02225E1 2.02225E1 2.02225E1 2.02225E1 2.02225E1 2.02225E1 2.02225E1 2.02225E1 2.02225E1 2.02225E1 2.02225E1 2.02225E1 2.02225E1 2.02225E1 1.78399E1 1.56739E1 1.41971E1 1.28975E1 1.25431E1 1.25431E1 1.2484E1 1.23265E1 1.24446E1 1.23068E1 1.19917E1 1.14207E1 9.60914E0 7.9748E0 6.97056E0 6.20262E0 5.31653E0 5.17869E0 5.55282E0 6.06478E0 6.36015E0
2.02225E1 6.55705E0 6.55705E0 6.55705E0 6.55705E0 6.55705E0 6.55705E0 6.55705E0 6.55705E0 6.55705E0 6.55705E0 2.02225E1 2.02225E1 2.02225E1 2.02225E1 2.02225E1 2.02225E1 2.02225E1 2.02225E1 2.02225E1 2.02225E1 2.02225E1 2.02225E1 2.02225E1 2.02225E1 2.02225E1 2.02225E1 2.02225E1 2.02225E1 2.02225E1 2.02225E1 2.02225E1 2.02225E1 2.02225E1 2.02225E1 2.02225E1 2.02225E1 2.02225E1 2.02225E1 2.02225E1 2.02225E1 2.02225E1 2.02225E1 2.02225E1 2.02225E1 1.86079E1 1.63828E1 1.4394E1 1.25234E1 1.17161E1 1.16373E1 1.18145E1 1.20508E1 1.2228E1 1.24446E1 1.25234E1 1.26218E1 1.23855E1 1.05937E1 8.46707E0 7.22654E0 5.82849E0 4.88333E0 4.46982E0 4.88333E0 5.31653E0 5.71035E0
2.02225E1 2.02225E1 2.02225E1 6.55705E0 6.55705E0 6.55705E0 6.55705E0 6.55705E0 6.55705E0 2.02225E1 2.02225E1 2.02225E1 2.02225E1 2.02225E1 2.02225E1 2.02225E1 2.02225E1 2.02225E1 2.86305E1 2.81776E1 2.74097E1 2.02225E1 2.02225E1 2.02225E1 2.10889E1 2.02225E1 2.02225E1 2.02225E1 2.02225E1 2.02225E1 2.02225E1 2.02225E1 2.02225E1 2.02225E1 2.02225E1 2.02225E1 2.02225E1 2.02225E1 2.02225E1 2.02225E1 2.02225E1 2.02225E1 2.02225E1 2.02225E1 2.02225E1 1.80565E1 1.55361E1 1.31732E1 1.16964E1 1.07709E1 1.08103E1 1.11253E1 1.16373E1 1.19917E1 1.23068E1 1.26218E1 1.27597E1 1.27597E1 1.18342E1 9.21532E0 7.22654E0 5.82849E0 4.7258E0 3.91848E0 3.56404E0 3.56404E0 4.60766E0
2.02225E1 2.02225E1 2.02225E1 2.02225E1 2.02225E1 6.55705E0 2.02225E1 2.02225E1 2.02225E1 2.02225E1 2.02225E1 2.02225E1 2.02225E1 2.02225E1 2.02225E1 2.02225E1 2.02225E1 2.81776E1 2.81776E1 2.86305E1 2.02225E1 2.02225E1 2.02225E1 2.02225E1 2.38653E1 2.02225E1 2.02225E1 2.02225E1 2.02225E1 2.02225E1 2.02225E1 2.02225E1 2.02225E1 2.02225E1 2.02225E1 2.02225E1 2.02225E1 2.02225E1 2.02225E1 2.02225E1 2.02225E1 2.02225E1 2.02225E1 2.02225E1 2.00453E1 1.73083E1 1.51029E1 1.30944E1 1.15191E1 1.09087E1 1.05937E1 1.06724E1 1.11253E1 1.16964E1 1.2228E1 1.2484E1 1.29172E1 1.33307E1 1.32519E1 9.6879E0 7.77789E0 6.41922E0 5.71035E0 4.29261E0 3.2293E0 2.69765E0 3.34745E0
2.02225E1 2.02225E1 2.02225E1 2.02225E1 2.02225E1 2.02225E1 2.02225E1 2.02225E1 2.02225E1 2.02225E1 2.02225E1 2.02225E1 2.02225E1 2.02225E1 2.02225E1 2.02225E1 2.02225E1 2.78035E1 2.90046E1 2.90046E1 2.02225E1 2.02225E1 2.02225E1 1.91198E1 2.02225E1 2.02225E1 2.02225E1 2.02225E1 2.02225E1 2.02225E1 2.02225E1 2.02225E1 2.02225E1 2.02225E1 2.02225E1 2.02225E1 2.02225E1 2.02225E1 2.02225E1 2.02225E1 2.02225E1 2.02225E1 2.02225E1 2.02225E1 1.94546E1 1.71507E1 1.50241E1 1.32519E1 1.11253E1 1.05937E1 9.82574E0 9.6879E0 1.0574E1 1.09481E1 1.1657E1 1.2484E1 1.2996E1 1.35276E1 1.1657E1 9.35316E0 8.03387E0 7.77789E0 7.34469E0 5.17869E0 3.46559E0 2.7961E0 3.2293E0
2.02225E1 2.02225E1 2.02225E1 2.02225E1 2.02225E1 2.02225E1 2.02225E1 2.02225E1 2.02225E1 2.02225E1 2.02225E1 2.02225E1 2.02225E1 2.02225E1 2.02225E1 2.02225E1 2.74097E1 2.86305E1 2.90046E1 2.86305E1 2.02225E1 2.02225E1 1.88245E1 1.88245E1 2.02225E1 2.02225E1 2.02225E1 2.02225E1 2.02225E1 2.02225E1 2.02225E1 2.02225E1 2.02225E1 2.02225E1 2.02225E1 2.02225E1 2.02225E1 2.02225E1 2.02225E1 2.02225E1 2.02225E1 2.02225E1 2.02225E1 2.16993E1 1.89623E1 1.68357E1 1.47288E1 1.24643E1 1.09481E1 1.00423E1 9.35316E0 9.35316E0 9.60914E0 9.60914E0 9.82574E0 1.0574E1 1.09481E1 1.0574E1 9.60914E0 8.64429E0 8.64429E0 8.64429E0 8.64429E0 7.34469E0 5.71035E0 4.39106E0 3.91848E0
2.02225E1 2.02225E1 2.02225E1 2.02225E1 2.02225E1 2.02225E1 2.02225E1 2.02225E1 2.02225E1 2.02225E1 2.02225E1 2.02225E1 2.02225E1 2.02225E1 2.02225E1 2.6563E1 2.81776E1 2.90046E1 2.90046E1 2.70355E1 2.02225E1 2.03407E1 1.86472E1 1.94743E1 2.02225E1 2.02225E1 2.02225E1 2.02225E1 2.02225E1 2.02225E1 2.02225E1 2.02225E1 2.02225E1 2.02225E1 2.02225E1 2.02225E1 2.02225E1 2.02225E1 2.02225E1 2.02225E1 2.66023E1 2.46333E1 2.229E1 2.01831E1 1.86079E1 1.61859E1 1.44334E1 1.23462E1 1.05937E1 9.60914E0 8.99872E0 8.64429E0 8.27016E0 8.15201E0 8.15201E0 8.27016E0 8.78212E0 8.27016E0 8.03387E0 8.15201E0 1.00423E1 1.2228E1 1.23462E1 1.58118E1 1.71507E1 1.55952E1 9.09717E0
2.02225E1 2.02225E1 2.02225E1 2.02225E1 2.02225E1 2.02225E1 2.02225E1 2.02225E1 2.02225E1 2.02225E1 2.02225E1 2.02225E1 2.02225E1 2.02225E1 2.70355E1 2.6563E1 2.78035E1 2.86305E1 2.81776E1 2.02225E1 2.02225E1 1.81943E1 1.81943E1 2.41607E1 2.02225E1 2.02225E1 2.02225E1 2.02225E1 2.02225E1 2.02225E1 2.02225E1 2.02225E1 2.02225E1 2.02225E1 2.02225E1 2.02225E1 2.02225E1 2.02225E1 3.00679E1 2.82564E1 2.66023E1 2.40228E1 2.17584E1 1.94152E1 1.71507E1 1.5477E1 1.36261E1 1.15585E1 9.82574E0 8.64429E0 8.15201E0 7.91572E0 7.48252E0 7.22654E0 7.1084E0 6.97056E0 6.63582E0 6.63582E0 6.97056E0 7.77789E0 1.05937E1 1.48863E1 1.97893E1 2.66023E1 3.12297E1 3.49316E1 2.7961E1
2.02225E1 2.02225E1 2.02225E1 2.02225E1 2.02225E1 2.02225E1 2.02225E1 2.02225E1 2.02225E1 2.02225E1 3.15054E1 3.05011E1 2.90046E1 2.78035E1 2.70355E1 2.6563E1 2.78035E1 2.86305E1 2.74097E1 2.53815E1 1.99862E1 1.76036E1 1.76036E1 2.02225E1 2.02225E1 2.02225E1 2.02225E1 2.02225E1 2.02225E1 2.02225E1 2.02225E1 2.02225E1 2.02225E1 2.02225E1 2.02225E1 2.02225E1 3.29034E1 2.02225E1 2.74097E1 2.70355E1 2.59919E1 2.29595E1 2.05179E1 1.85488E1 1.61859E1 1.44334E1 1.23462E1 1.05937E1 8.99872E0 7.91572E0 7.52191E0 7.1084E0 6.55705E0 6.20262E0 5.82849E0 5.71035E0 5.55282E0 5.3756E0 5.94664E0 7.52191E0 1.0574E1 1.50438E1 2.46333E1 3.40652E1 4.09964E1 3.95983E1 3.70779E1
2.02225E1 2.02225E1 2.02225E1 2.02225E1 2.02225E1 2.02225E1 2.02225E1 3.15054E1 3.15054E1 2.02225E1 2.02225E1 2.96347E1 2.81776E1 2.74097E1 2.58541E1 2.74097E1 2.81776E1 2.81776E1 2.62479E1 2.02225E1 1.79187E1 1.67372E1 1.79187E1 2.02225E1 2.02225E1 2.02225E1 2.02225E1 2.02225E1 2.02225E1 2.02225E1 2.02225E1 2.02225E1 2.02225E1 2.02225E1 2.02225E1 2.02225E1 3.0954E1 2.6563E1 3.01664E1 2.73506E1 2.42591E1 2.17584E1 1.94152E1 1.79187E1 1.58118E1 1.40987E1 1.1657E1 9.6879E0 8.27016E0 7.52191E0 6.63582E0 6.06478E0 5.55282E0 5.31653E0 4.7258E0 4.46982E0 4.39106E0 4.17446E0 4.88333E0 6.242E0 8.64429E0 1.54179E1 2.48892E1 3.34745E1 3.95983E1 3.90076E1 2.58541E1
2.02225E1 2.02225E1 3.15054E1 3.15054E1 3.15054E1 3.15054E1 3.15054E1 2.54997E1 3.15054E1 3.15054E1 3.05011E1 2.96347E1 2.86305E1 2.70355E1 2.58541E1 2.62479E1 2.74097E1 2.78035E1 2.02225E1 1.91198E1 1.67372E1 1.6304E1 1.79187E1 1.94743E1 2.02225E1 2.02225E1 2.02225E1 2.02225E1 2.02225E1 2.02225E1 2.02225E1 2.02225E1 2.02225E1 2.02225E1 2.02225E1 2.81776E1 2.81776E1 3.31003E1 2.99892E1 2.70552E1 2.31958E1 2.01831E1 1.83322E1 1.656E1 1.50438E1 1.24643E1 1.00423E1 8.46707E0 7.34469E0 6.55705E0 5.94664E0 5.3756E0 4.9424E0 4.60766E0 4.01693E0 3.56404E0 3.2293E0 3.07177E0 3.6625E0 4.7258E0 6.63582E0 1.06724E1 1.67766E1 2.34715E1 3.04027E1 3.04027E1 2.35503E1
2.54997E1 3.15054E1 3.15054E1 3.15054E1 3.15054E1 3.15054E1 2.54997E1 3.15054E1 3.15054E1 3.15054E1 3.15054E1 2.90046E1 2.81776E1 2.74097E1 2.6563E1 2.62479E1 2.70355E1 2.02225E1 1.99862E1 1.76036E1 1.60874E1 1.58118E1 1.91198E1 1.99862E1 1.99862E1 2.02225E1 2.02225E1 2.02225E1 2.02225E1 2.02225E1 2.02225E1 2.02225E1 2.02225E1 2.02225E1 2.02225E1 2.86305E1 3.36517E1 3.25096E1 2.9615E1 2.59919E1 2.18372E1 1.88638E1 1.63631E1 1.465E1 1.32519E1 1.06724E1 8.78212E0 7.34469E0 6.242E0 5.45437E0 4.9424E0 4.39106E0 3.91848E0 3.6625E0 3.34745E0 2.95363E0 2.69765E0 2.48105E0 2.69765E0 3.46559E0 4.9424E0 7.1084E0 1.05937E1 1.50438E1 1.77415E1 1.85488E1 1.55952E1
2.54997E1 2.54997E1 3.15054E1 3.15054E1 3.15054E1 3.15054E1 3.15054E1 3.15054E1 3.15054E1 3.15054E1 3.15054E1 3.14266E1 2.86305E1 2.6563E1 2.58541E1 2.62479E1 2.6563E1 2.02225E1 1.6304E1 1.6304E1 1.53786E1 1.6304E1 1.91198E1 1.88245E1 1.94743E1 2.02225E1 2.02225E1 2.02225E1 2.02225E1 2.02225E1 2.02225E1 2.02225E1 2.02225E1 2.02225E1 2.74097E1 3.48725E1 3.0954E1 3.24308E1 2.99892E1 2.59919E1 2.12267E1 1.81943E1 1.50438E1 1.27597E1 1.06724E1 8.78212E0 7.34469E0 6.20262E0 5.3756E0 4.60766E0 4.17446E0 3.56404E0 3.34745E0 3.34745E0 3.07177E0 2.54012E0 2.40228E0 2.24476E0 2.32352E0 2.44167E0 3.07177E0 4.17446E0 5.71035E0 7.1084E0 8.03387E0 8.64429E0 7.91572E0
2.54997E1 2.54997E1 3.15054E1 3.29034E1 3.25096E1 3.29034E1 3.15054E1 3.15054E1 3.15054E1 3.15054E1 3.15054E1 3.15054E1 3.00679E1 2.6563E1 2.51649E1 2.51649E1 2.02225E1 2.02225E1 1.58118E1 1.42365E1 1.46894E1 1.58118E1 1.79187E1 1.94743E1 2.02225E1 2.02225E1 2.02225E1 2.02225E1 2.02225E1 2.02225E1 2.02225E1 2.02225E1 2.02225E1 2.38653E1 2.70355E1 2.74097E1 2.02225E1 2.02225E1 2.02225E1 2.59919E1 2.12267E1 1.73673E1 1.42956E1 1.12435E1 9.09717E0 7.77789E0 6.41922E0 5.3756E0 4.46982E0 3.6625E0 2.95363E0 2.69765E0 2.69765E0 2.48105E0 2.16599E0 2.04785E0 1.94939E0 2.10692E0 2.04785E0 1.87063E0 2.04785E0 2.24476E0 2.69765E0 3.34745E0 3.6625E0 3.6625E0 3.46559E0
3.15054E1 3.25096E1 3.25096E1 3.25096E1 3.25096E1 3.29034E1 3.15054E1 3.15054E1 3.15054E1 3.15054E1 3.15054E1 3.15054E1 2.96347E1 2.78035E1 2.53815E1 2.46726E1 2.02225E1 1.67372E1 1.53786E1 1.39805E1 1.42365E1 1.46894E1 1.81943E1 2.02225E1 2.02225E1 2.02225E1 2.02225E1 2.02225E1 2.02225E1 2.02225E1 2.02225E1 2.02225E1 2.35503E1 2.02225E1 2.02225E1 2.02225E1 2.02225E1 2.02225E1 2.97726E1 2.64054E1 2.17584E1 1.75642E1 1.37836E1 1.0574E1 8.27016E0 7.48252E0 6.36015E0 4.9424E0 3.91848E0 3.07177E0 2.54012E0 2.32352E0 2.10692E0 1.81156E0 1.69341E0 1.77218E0 1.77218E0 1.77218E0 1.94939E0 1.9297E0 1.77218E0 1.9297E0 1.9297E0 1.94939E0 1.87063E0 1.81156E0 1.81156E0
3.29034E1 3.25096E1 3.25096E1 3.25096E1 3.25096E1 3.4459E1 3.15054E1 3.15054E1 3.15054E1 2.54997E1 3.15054E1 3.15054E1 3.00679E1 2.58541E1 2.51649E1 2.41607E1 1.91198E1 1.50241E1 1.46894E1 1.39805E1 1.39805E1 1.50241E1 2.02225E1 2.02225E1 2.02225E1 2.02225E1 2.02225E1 2.02225E1 2.02225E1 2.02225E1 2.02225E1 2.21916E1 2.02225E1 2.02225E1 2.02225E1 2.02225E1 2.02225E1 2.02225E1 2.99104E1 2.66023E1 2.17584E1 1.77415E1 1.465E1 1.11253E1 8.78212E0 7.65974E0 6.41922E0 5.11962E0 3.6625E0 2.7961E0 2.40228E0 2.04785E0 1.57527E0 1.55558E0 1.47681E0 1.57527E0 1.77218E0 1.57527E0 1.81156E0 1.87063E0 1.87063E0 2.32352E0 3.6625E0 4.60766E0 4.39106E0 2.85517E0 2.48105E0
3.15054E1 3.40652E1 3.25096E1 3.25096E1 3.25096E1 3.36517E1 3.15054E1 3.15054E1 3.15054E1 3.15054E1 3.15054E1 3.15054E1 2.70355E1 2.38653E1 2.29595E1 2.02225E1 1.7131E1 1.39805E1 1.39805E1 1.28581E1 1.36655E1 2.02225E1 2.02225E1 2.02225E1 2.02225E1 2.02225E1 2.02225E1 2.02225E1 2.02225E1 2.02225E1 2.02225E1 2.51649E1 2.38653E1 2.02225E1 2.02225E1 2.02225E1 3.37107E1 3.16432E1 2.89456E1 2.548E1 2.09314E1 1.79187E1 1.50438E1 1.18342E1 9.60914E0 8.27016E0 6.97056E0 5.55282E0 4.39106E0 2.85517E0 2.16599E0 1.87063E0 1.47681E0 1.27991E0 1.41774E0 1.57527E0 1.9297E0 1.87063E0 2.04785E0 2.16599E0 2.7961E0 3.6625E0 4.7258E0 5.31653E0 5.45437E0 4.7258E0 4.60766E0
2.54997E1 3.15054E1 3.15054E1 3.15054E1 3.15054E1 3.15054E1 2.54997E1 2.54997E1 3.15054E1 3.15054E1 3.15054E1 3.15054E1 2.53815E1 2.35503E1 2.29595E1 2.10889E1 1.39805E1 1.28581E1 1.36655E1 1.17161E1 2.02225E1 2.02225E1 2.02225E1 2.02225E1 2.02225E1 2.02225E1 2.02225E1 2.02225E1 2.02225E1 2.02225E1 2.02225E1 2.06557E1 2.35503E1 2.02225E1 2.02225E1 2.02225E1 2.02225E1 3.06587E1 2.73506E1 2.40228E1 2.00847E1 1.73673E1 1.54179E1 1.35079E1 1.15585E1 1.06724E1 9.21532E0 6.41922E0 4.46982E0 2.95363E0 2.10692E0 1.69341E0 1.27991E0 1.22083E0 1.55558E0 1.77218E0 2.10692E0 2.16599E0 2.32352E0 2.7961E0 4.88333E0 5.31653E0 5.94664E0 6.61613E0 6.63582E0 6.36015E0 6.242E0
2.54997E1 2.54997E1 2.54997E1 2.54997E1 2.54997E1 2.54997E1 2.54997E1 2.54997E1 3.15054E1 2.54997E1 3.15054E1 3.14266E1 2.53815E1 2.21916E1 1.99862E1 1.58118E1 1.25037E1 1.25037E1 1.21493E1 1.42365E1 2.02225E1 2.02225E1 2.02225E1 2.02225E1 2.02225E1 2.02225E1 2.02225E1 2.78035E1 2.02225E1 2.02225E1 2.53815E1 2.2546E1 2.02225E1 2.02225E1 2.02225E1 2.02225E1 2.02225E1 2.02225E1 2.66023E1 2.29595E1 1.95924E1 1.71507E1 1.48863E1 1.30157E1 1.15585E1 1.15585E1 1.05937E1 7.48252E0 5.17869E0 3.34745E0 2.24476E0 1.57527E0 1.27991E0 1.22083E0 1.69341E0 2.10692E0 2.44167E0 2.54012E0 2.69765E0 3.91848E0 5.17869E0 5.94664E0 6.41922E0 6.61613E0 6.79334E0 7.1084E0 7.22654E0
2.54997E1 2.54997E1 2.54997E1 2.54997E1 2.54997E1 2.54997E1 2.54997E1 2.54997E1 2.54997E1 3.15054E1 3.15054E1 2.90046E1 2.29595E1 1.86472E1 1.76036E1 1.32519E1 1.11253E1 1.21493E1 1.53786E1 2.51649E1 2.02225E1 2.02225E1 2.02225E1 2.02225E1 2.81776E1 2.70355E1 2.96347E1 3.0954E1 2.96347E1 2.35503E1 2.16796E1 1.88245E1 2.02225E1 2.02225E1 3.15054E1 2.02225E1 2.02225E1 2.02225E1 2.50861E1 2.17584E1 1.92773E1 1.63631E1 1.37836E1 1.14207E1 1.03574E1 9.82574E0 8.78212E0 7.34469E0 5.3756E0 3.56404E0 2.10692E0 1.55558E0 1.35867E0 1.27991E0 1.81156E0 2.04785E0 2.69765E0 2.95363E0 3.56404E0 4.17446E0 4.7258E0 5.55282E0 6.36015E0 6.63582E0 7.48252E0 7.34469E0 7.52191E0
2.54997E1 2.54997E1 2.54997E1 2.54997E1 2.54997E1 2.54997E1 2.54997E1 2.54997E1 2.54997E1 3.15054E1 3.15054E1 2.74097E1 2.38653E1 1.76036E1 1.32519E1 1.11253E1 1.11253E1 1.21493E1 2.35503E1 3.15054E1 3.15054E1 3.15054E1 3.15054E1 2.90046E1 2.58541E1 2.78035E1 2.90046E1 3.05011E1 2.81776E1 2.21916E1 1.58118E1 1.86472E1 2.02225E1 2.02225E1 3.15054E1 3.15054E1 2.99104E1 2.02225E1 2.44363E1 2.05179E1 1.83322E1 1.5477E1 1.18342E1 1.03574E1 9.21532E0 8.46707E0 7.48252E0 6.36015E0 4.9424E0 3.34745E0 2.32352E0 1.69341E0 1.35867E0 1.41774E0 1.69341E0 1.87063E0 2.40228E0 2.95363E0 3.78064E0 4.29261E0 4.88333E0 5.82849E0 6.79334E0 7.22654E0 7.77789E0 8.27016E0 9.09717E0
2.54997E1 2.54997E1 2.54997E1 2.54997E1 2.54997E1 2.54997E1 2.54997E1 2.54997E1 2.54997E1 2.54997E1 3.0954E1 2.51649E1 2.2546E1 1.81943E1 1.25037E1 9.72728E0 1.21493E1 2.62479E1 3.15054E1 3.15054E1 3.15054E1 3.05011E1 2.90046E1 2.70355E1 2.41607E1 2.86305E1 3.00679E1 3.00679E1 2.62479E1 2.29595E1 1.7131E1 1.99862E1 2.02225E1 2.02225E1 3.15054E1 3.08753E1 2.87683E1 2.59919E1 2.2546E1 1.98878E1 1.656E1 1.40987E1 1.09481E1 9.09717E0 7.91572E0 7.22654E0 6.61613E0 5.45437E0 4.17446E0 2.95363E0 2.24476E0 1.55558E0 1.22083E0 1.22083E0 1.35867E0 1.69341E0 2.10692E0 2.48105E0 3.2293E0 4.01693E0 4.7258E0 5.55282E0 6.36015E0 7.1084E0 8.27016E0 9.09717E0 4.39106E0
2.54997E1 2.09314E1 2.09314E1 2.09314E1 2.09314E1 2.54997E1 2.54997E1 2.54997E1 2.54997E1 2.54997E1 2.70355E1 2.16796E1 2.03407E1 1.46894E1 1.01408E1 1.53786E1 2.29595E1 2.41607E1 3.05011E1 3.15054E1 3.15054E1 3.05011E1 2.74097E1 2.46726E1 2.38653E1 2.58541E1 2.86305E1 2.96347E1 2.2546E1 2.03407E1 1.46894E1 2.16796E1 3.15054E1 3.15054E1 3.15054E1 2.9615E1 2.73506E1 2.46333E1 2.07542E1 1.8726E1 1.56936E1 1.30157E1 1.03574E1 8.27016E0 7.22654E0 6.242E0 5.55282E0 4.88333E0 3.78064E0 2.69765E0 2.16599E0 1.69341E0 1.35867E0 1.22083E0 1.55558E0 1.81156E0 2.04785E0 2.24476E0 2.85517E0 3.56404E0 4.60766E0 5.55282E0 6.55705E0 7.65974E0 9.21532E0 -9999 -9999
2.09314E1 2.09314E1 2.09314E1 2.09314E1 2.09314E1 2.09314E1 2.54997E1 2.54997E1 2.54997E1 2.54997E1 2.58541E1 2.70355E1 1.81943E1 1.11253E1 9.72728E0 3.14266E1 3.84562E1 3.15054E1 3.15054E1 3.15054E1 3.15054E1 3.15054E1 2.90046E1 2.53815E1 2.06557E1 2.53815E1 2.90046E1 2.81776E1 2.38653E1 1.50241E1 1.86472E1 2.38653E1 3.15054E1 3.15054E1 3.04027E1 2.85517E1 2.64054E1 2.3629E1 2.03997E1 1.73673E1 1.48863E1 1.23462E1 9.82574E0 8.03387E0 6.79334E0 5.82849E0 5.17869E0 4.29261E0 3.56404E0 2.7961E0 2.24476E0 1.94939E0 1.81156E0 1.87063E0 1.87063E0 1.94939E0 2.16599E0 2.69765E0 3.07177E0 3.78064E0 4.7258E0 5.82849E0 6.97056E0 8.15201E0 3.70188E0 -9999 -9999
2.09314E1 2.09314E1 2.09314E1 2.09314E1 2.09314E1 2.09314E1 2.54997E1 2.54997E1 2.54997E1 3.15054E1 2.2546E1 2.35503E1 1.67372E1 9.17594E0 7.91572E0 2.16796E1 3.15054E1 3.15054E1 3.15054E1 3.15054E1 3.15054E1 3.15054E1 3.00679E1 2.74097E1 2.03407E1 2.62479E1 2.70355E1 2.38653E1 2.2546E1 1.50241E1 1.21493E1 1.91198E1 2.51649E1 2.86305E1 2.58541E1 2.70552E1 2.53027E1 2.229E1 1.94152E1 1.63631E1 1.47288E1 1.2228E1 9.6879E0 8.03387E0 6.97056E0 5.94664E0 5.17869E0 4.29261E0 3.56404E0 2.85517E0 2.48105E0 2.44167E0 2.40228E0 2.48105E0 2.44167E0 2.54012E0 2.69765E0 2.85517E0 3.46559E0 4.17446E0 5.11962E0 5.94664E0 6.97056E0 4.39106E0 3.70188E0 5.159E0 -9999
2.09314E1 2.09314E1 2.09314E1 2.09314E1 2.09314E1 2.09314E1 2.54997E1 2.54997E1 3.15054E1 3.15054E1 2.6563E1 2.03407E1 1.7131E1 1.06331E1 7.08871E0 1.32519E1 3.15054E1 3.15054E1 3.15054E1 3.0954E1 2.58541E1 3.15054E1 3.15054E1 2.51649E1 1.88245E1 2.62479E1 2.51649E1 2.03407E1 2.03407E1 1.53786E1 1.32519E1 2.38653E1 2.74097E1 2.70355E1 2.6563E1 2.57359E1 2.3629E1 2.07542E1 1.88638E1 1.59299E1 1.465E1 1.24643E1 1.0574E1 8.78212E0 7.34469E0 6.20262E0 5.3756E0 4.60766E0 3.56404E0 2.85517E0 2.7961E0 2.7961E0 3.2293E0 3.6625E0 3.6625E0 3.2293E0 3.34745E0 3.56404E0 3.6625E0 4.29261E0 5.17869E0 6.36015E0 2.08723E0 5.159E0 7.08871E0 -9999 -9999
2.09314E1 2.09314E1 1.77415E1 2.09314E1 2.09314E1 2.09314E1 2.09314E1 2.54997E1 2.54997E1 3.15054E1 3.15054E1 2.35503E1 1.67372E1 1.42365E1 7.91572E0 6.53736E0 1.60874E1 3.05011E1 3.14266E1 3.15054E1 2.35503E1 3.15054E1 3.15054E1 2.70355E1 1.79187E1 2.46726E1 2.16796E1 1.88245E1 1.81943E1 1.06331E1 1.50241E1 2.46726E1 2.99892E1 2.7961E1 2.62282E1 2.34715E1 2.15418E1 1.98878E1 1.83322E1 1.61859E1 1.47288E1 1.36261E1 1.1657E1 1.00423E1 7.9748E0 6.63582E0 5.45437E0 4.60766E0 3.91848E0 3.46559E0 3.56404E0 3.6625E0 3.91848E0 4.60766E0 4.88333E0 4.39106E0 4.01693E0 4.17446E0 4.39106E0 4.88333E0 5.55282E0 4.39106E0 1.5162E0 5.159E0 6.53736E0 -9999 -9999
