Leopardus garleppi/Leopardus_garleppi_projection 2041-2060_clamping.asc
ncols         515
nrows         545
xllcorner     -119.0
yllcorner     -58.333333333333
cellsize      0.166666666667
NODATA_value  -9999
[rows 148 to 184 of 545, columns 332 to 414 of 515]
5.1486E-6 3.72809E-6 2.46519E-6 0E0 0E0 0E0 0E0 0E0 0E0 0E0 0E0 0E0 0E0 0E0 0E0 0E0 0E0 0E0 0E0 0E0 0E0 0E0 0E0 0E0 0E0 0E0 0E0 0E0 -9999 -9999 -9999 -9999 -9999 -9999 -9999 -9999 -9999 -9999 -9999 -9999 -9999 -9999 -9999 -9999 -9999 -9999 -9999 -9999 -9999 -9999 -9999 -9999 -9999 -9999 -9999 -9999 -9999 -9999 -9999 -9999 -9999 -9999 -9999 -9999 -9999 -9999 -9999 -9999 -9999 -9999 -9999 -9999 -9999 -9999 -9999 -9999 -9999 -9999 -9999 -9999 -9999 -9999 -9999
4.5808E-6 2.66857E-6 0E0 0E0 0E0 0E0 0E0 0E0 0E0 0E0 0E0 0E0 0E0 0E0 0E0 0E0 0E0 0E0 0E0 0E0 0E0 0E0 0E0 0E0 0E0 0E0 0E0 1.31823E-7 9.71261E-7 -9999 -9999 -9999 -9999 -9999 -9999 -9999 -9999 -9999 -9999 -9999 -9999 -9999 -9999 -9999 -9999 -9999 -9999 -9999 -9999 -9999 -9999 -9999 -9999 -9999 -9999 -9999 -9999 -9999 -9999 -9999 -9999 -9999 -9999 -9999 -9999 -9999 -9999 -9999 -9999 -9999 -9999 -9999 -9999 -9999 -9999 -9999 -9999 -9999 -9999 -9999 -9999 -9999 -9999
3.63008E-6 4.6342E-7 0E0 0E0 0E0 0E0 0E0 0E0 0E0 0E0 0E0 0E0 0E0 0E0 0E0 0E0 0E0 0E0 0E0 0E0 0E0 0E0 0E0 0E0 0E0 0E0 0E0 0E0 4.80545E-7 4.05369E-7 -9999 -9999 -9999 -9999 -9999 -9999 -9999 -9999 -9999 -9999 -9999 -9999 -9999 -9999 -9999 -9999 -9999 -9999 -9999 -9999 -9999 -9999 -9999 -9999 -9999 -9999 -9999 -9999 -9999 -9999 -9999 -9999 -9999 -9999 -9999 -9999 -9999 -9999 -9999 -9999 -9999 -9999 -9999 -9999 -9999 -9999 -9999 -9999 -9999 -9999 -9999 -9999 -9999
0E0 0E0 0E0 0E0 0E0 0E0 0E0 0E0 0E0 0E0 0E0 0E0 0E0 0E0 0E0 0E0 0E0 0E0 0E0 0E0 0E0 0E0 0E0 0E0 0E0 0E0 0E0 0E0 1.53552E-7 9.94594E-7 1.92051E-6 -9999 -9999 -9999 -9999 -9999 -9999 -9999 -9999 -9999 -9999 -9999 -9999 -9999 -9999 -9999 -9999 -9999 -9999 -9999 -9999 -9999 -9999 -9999 -9999 -9999 -9999 -9999 -9999 -9999 -9999 -9999 -9999 -9999 -9999 -9999 -9999 -9999 -9999 -9999 -9999 -9999 -9999 -9999 -9999 -9999 -9999 -9999 -9999 -9999 -9999 -9999 -9999
0E0 0E0 0E0 0E0 0E0 0E0 0E0 0E0 0E0 0E0 0E0 0E0 0E0 0E0 0E0 0E0 0E0 0E0 0E0 0E0 0E0 0E0 0E0 0E0 0E0 0E0 0E0 0E0 0E0 6.46114E-8 3.56109E-7 -9999 -9999 -9999 -9999 -9999 -9999 -9999 -9999 -9999 -9999 -9999 -9999 -9999 -9999 -9999 -9999 -9999 -9999 -9999 -9999 -9999 -9999 -9999 -9999 -9999 -9999 -9999 -9999 -9999 -9999 -9999 -9999 -9999 -9999 -9999 -9999 -9999 -9999 -9999 -9999 -9999 -9999 -9999 -9999 -9999 -9999 -9999 -9999 -9999 -9999 -9999 -9999
0E0 0E0 0E0 0E0 0E0 0E0 0E0 0E0 0E0 0E0 0E0 0E0 0E0 0E0 0E0 0E0 0E0 0E0 0E0 0E0 0E0 0E0 0E0 0E0 0E0 0E0 0E0 0E0 0E0 0E0 3.34625E-7 -9999 -9999 -9999 -9999 -9999 -9999 -9999 -9999 -9999 -9999 -9999 -9999 -9999 -9999 -9999 -9999 -9999 -9999 -9999 -9999 -9999 -9999 -9999 -9999 -9999 -9999 -9999 -9999 -9999 -9999 -9999 -9999 -9999 -9999 -9999 -9999 -9999 -9999 -9999 -9999 -9999 -9999 -9999 -9999 -9999 -9999 -9999 -9999 -9999 -9999 -9999 -9999
0E0 0E0 0E0 0E0 0E0 0E0 0E0 0E0 0E0 0E0 0E0 0E0 0E0 0E0 0E0 0E0 0E0 0E0 0E0 0E0 0E0 0E0 0E0 0E0 0E0 0E0 0E0 0E0 0E0 0E0 2.88534E-7 2.4512E-7 5.06311E-7 7.31358E-7 -9999 -9999 -9999 -9999 -9999 -9999 -9999 -9999 -9999 -9999 -9999 -9999 -9999 -9999 -9999 -9999 -9999 -9999 -9999 -9999 -9999 -9999 -9999 -9999 -9999 -9999 -9999 -9999 -9999 -9999 -9999 -9999 -9999 -9999 -9999 -9999 -9999 -9999 -9999 -9999 -9999 -9999 -9999 -9999 -9999 -9999 -9999 -9999 -9999
0E0 0E0 0E0 0E0 0E0 0E0 0E0 0E0 0E0 0E0 0E0 0E0 0E0 0E0 0E0 0E0 0E0 0E0 0E0 0E0 0E0 0E0 0E0 0E0 0E0 0E0 0E0 0E0 0E0 0E0 0E0 0E0 0E0 2.45016E-7 1.89623E-6 -9999 -9999 -9999 -9999 -9999 -9999 -9999 -9999 -9999 -9999 -9999 -9999 -9999 -9999 -9999 -9999 -9999 -9999 -9999 -9999 -9999 -9999 -9999 -9999 -9999 -9999 -9999 -9999 -9999 -9999 -9999 -9999 -9999 -9999 -9999 -9999 -9999 -9999 -9999 -9999 -9999 -9999 -9999 -9999 -9999 -9999 -9999 -9999
0E0 0E0 0E0 0E0 0E0 0E0 0E0 0E0 0E0 0E0 0E0 0E0 0E0 0E0 0E0 0E0 0E0 0E0 0E0 0E0 0E0 0E0 0E0 0E0 0E0 0E0 0E0 0E0 0E0 0E0 0E0 0E0 0E0 8.03938E-8 3.323E-7 1.76785E-6 -9999 -9999 -9999 -9999 -9999 -9999 -9999 -9999 -9999 -9999 -9999 -9999 -9999 -9999 -9999 -9999 -9999 -9999 -9999 -9999 -9999 -9999 -9999 -9999 -9999 -9999 -9999 -9999 -9999 -9999 -9999 -9999 -9999 -9999 -9999 -9999 -9999 -9999 -9999 -9999 -9999 -9999 -9999 -9999 -9999 -9999 -9999
0E0 0E0 0E0 0E0 0E0 0E0 0E0 0E0 0E0 0E0 0E0 0E0 0E0 0E0 0E0 0E0 0E0 0E0 0E0 0E0 0E0 0E0 0E0 0E0 0E0 0E0 0E0 0E0 0E0 0E0 0E0 0E0 0E0 7.51806E-9 1.39305E-7 9.70085E-7 1.57251E-6 -9999 -9999 -9999 -9999 -9999 -9999 -9999 -9999 -9999 -9999 -9999 -9999 -9999 -9999 -9999 -9999 -9999 -9999 -9999 -9999 -9999 -9999 -9999 -9999 -9999 -9999 -9999 -9999 -9999 -9999 -9999 -9999 -9999 -9999 -9999 -9999 -9999 -9999 -9999 -9999 -9999 -9999 -9999 -9999 -9999 -9999
0E0 0E0 0E0 0E0 0E0 0E0 0E0 0E0 0E0 0E0 0E0 0E0 0E0 0E0 0E0 0E0 0E0 0E0 0E0 0E0 0E0 0E0 0E0 0E0 0E0 0E0 0E0 0E0 0E0 0E0 0E0 0E0 0E0 0E0 1.94893E-7 6.23392E-7 6.89518E-7 1.04758E-6 1.36546E-6 -9999 -9999 -9999 -9999 -9999 -9999 -9999 -9999 -9999 -9999 -9999 -9999 -9999 -9999 -9999 -9999 -9999 -9999 -9999 -9999 -9999 -9999 -9999 -9999 -9999 -9999 -9999 -9999 -9999 -9999 -9999 -9999 -9999 -9999 -9999 -9999 -9999 -9999 -9999 -9999 -9999 -9999 -9999 -9999
0E0 0E0 0E0 0E0 0E0 0E0 0E0 0E0 0E0 0E0 0E0 0E0 0E0 0E0 0E0 0E0 0E0 0E0 0E0 0E0 0E0 0E0 0E0 0E0 0E0 0E0 0E0 0E0 0E0 0E0 0E0 0E0 0E0 0E0 1.33262E-7 4.72377E-7 3.70953E-7 6.69881E-7 1.03721E-6 -9999 1.36038E-6 1.35807E-6 -9999 -9999 -9999 -9999 -9999 6.17385E-7 6.1078E-7 6.79794E-7 -9999 6.12539E-7 4.3154E-7 3.24536E-7 -9999 -9999 -9999 -9999 -9999 -9999 -9999 -9999 -9999 -9999 -9999 -9999 -9999 -9999 -9999 -9999 -9999 -9999 -9999 -9999 -9999 -9999 -9999 -9999 -9999 -9999 -9999 -9999 -9999
0E0 0E0 0E0 0E0 0E0 0E0 0E0 0E0 0E0 0E0 0E0 0E0 0E0 0E0 0E0 0E0 0E0 0E0 0E0 0E0 0E0 0E0 0E0 0E0 0E0 0E0 0E0 0E0 0E0 0E0 0E0 0E0 0E0 0E0 1.15626E-7 3.02648E-7 3.27934E-7 5.02254E-7 4.17726E-7 7.70363E-7 7.17641E-7 6.80005E-7 7.08246E-7 4.24157E-7 7.36047E-7 6.36586E-7 4.79565E-7 2.90555E-7 2.59269E-7 2.50036E-7 1.86814E-7 1.92175E-7 1.13899E-7 1.26715E-7 1.05917E-7 8.46528E-8 9.23958E-8 1.02268E-7 -9999 -9999 -9999 -9999 -9999 -9999 -9999 -9999 -9999 -9999 -9999 -9999 -9999 -9999 -9999 -9999 -9999 -9999 -9999 -9999 -9999 -9999 -9999 -9999 -9999
0E0 0E0 0E0 0E0 0E0 0E0 0E0 0E0 0E0 0E0 0E0 0E0 0E0 0E0 0E0 0E0 0E0 0E0 0E0 0E0 0E0 0E0 0E0 0E0 0E0 0E0 0E0 0E0 0E0 0E0 0E0 0E0 0E0 3.13385E-8 1.74613E-7 1.47358E-7 1.88467E-7 3.75126E-7 5.67132E-7 4.37298E-7 2.62697E-7 4.93761E-7 5.27139E-7 4.22366E-7 2.08338E-7 3.67557E-7 1.86262E-7 1.43109E-7 1.10845E-7 9.86748E-8 1.5082E-7 1.02797E-7 9.10397E-8 1.02103E-7 7.27518E-8 6.7131E-8 4.56894E-8 5.92651E-8 3.053E-8 3.05395E-8 -9999 -9999 -9999 -9999 -9999 -9999 -9999 -9999 -9999 -9999 -9999 -9999 -9999 -9999 -9999 -9999 -9999 -9999 -9999 -9999 -9999 -9999 -9999
0E0 0E0 0E0 0E0 0E0 0E0 0E0 0E0 0E0 0E0 0E0 0E0 0E0 0E0 0E0 0E0 0E0 0E0 0E0 0E0 0E0 0E0 0E0 0E0 0E0 0E0 0E0 0E0 0E0 0E0 0E0 0E0 0E0 8.69866E-8 1.01032E-7 1.13024E-7 9.77588E-8 2.53159E-7 2.35828E-7 2.21675E-7 1.96584E-7 2.07401E-7 2.29365E-7 2.08436E-7 1.92023E-7 1.93289E-7 1.34165E-7 1.28159E-7 8.79393E-8 1.28817E-7 5.76111E-8 5.19626E-8 5.00294E-8 6.7405E-8 3.5447E-8 1.42187E-8 0E0 3.89396E-8 0E0 0E0 0E0 0E0 0E0 -9999 -9999 -9999 -9999 -9999 -9999 -9999 -9999 -9999 -9999 -9999 -9999 -9999 -9999 -9999 -9999 -9999 -9999 -9999 -9999
0E0 0E0 0E0 0E0 0E0 0E0 0E0 0E0 0E0 0E0 0E0 0E0 0E0 0E0 0E0 0E0 0E0 0E0 0E0 0E0 0E0 0E0 0E0 0E0 0E0 0E0 0E0 0E0 0E0 0E0 0E0 0E0 0E0 1.63089E-7 1.06455E-7 1.32676E-7 1.73597E-7 1.67019E-7 2.66337E-7 2.0514E-7 1.74795E-7 1.88498E-7 1.7272E-7 2.1007E-7 1.70606E-7 1.50692E-7 1.25832E-7 9.8515E-8 6.77149E-8 8.2487E-8 5.48038E-8 4.83072E-8 3.64381E-8 2.92301E-8 2.1525E-8 7.27277E-9 1.8122E-8 0E0 0E0 0E0 0E0 0E0 0E0 0E0 0E0 -9999 -9999 -9999 -9999 -9999 -9999 -9999 -9999 -9999 -9999 -9999 -9999 -9999 -9999 -9999 -9999 -9999 -9999
0E0 0E0 0E0 0E0 0E0 0E0 0E0 0E0 0E0 0E0 0E0 0E0 0E0 0E0 0E0 0E0 0E0 0E0 0E0 0E0 0E0 0E0 0E0 0E0 0E0 0E0 0E0 0E0 0E0 0E0 0E0 0E0 1.14974E-7 2.35169E-8 8.12025E-8 1.5571E-7 1.99088E-7 1.7954E-7 2.76004E-7 1.88031E-7 1.43374E-7 1.68608E-7 1.61195E-7 1.76052E-7 1.34706E-7 1.31156E-7 1.26084E-7 9.79857E-8 7.45368E-8 7.04344E-8 5.31731E-8 6.44597E-8 2.30946E-8 1.1219E-8 9.97859E-9 3.10717E-8 0E0 0E0 0E0 0E0 0E0 0E0 0E0 0E0 0E0 0E0 -9999 -9999 -9999 -9999 -9999 -9999 -9999 -9999 -9999 -9999 -9999 -9999 -9999 -9999 -9999 -9999 -9999
0E0 0E0 0E0 0E0 0E0 0E0 0E0 0E0 0E0 0E0 0E0 0E0 0E0 0E0 0E0 0E0 0E0 0E0 0E0 0E0 0E0 0E0 0E0 0E0 0E0 0E0 0E0 0E0 0E0 0E0 0E0 1.74204E-8 8.28475E-8 6.12041E-8 1.57858E-7 2.29337E-7 1.80584E-7 2.29561E-7 1.61942E-7 1.37322E-7 1.61915E-7 1.23447E-7 1.11526E-7 1.20974E-7 1.39629E-7 1.33453E-7 9.60081E-8 8.91996E-8 6.77613E-8 1.23896E-8 0E0 9.03152E-8 3.39771E-8 1.20835E-8 0E0 1.83597E-8 0E0 0E0 0E0 0E0 0E0 0E0 0E0 0E0 0E0 0E0 0E0 -9999 -9999 -9999 -9999 -9999 -9999 -9999 -9999 -9999 -9999 -9999 -9999 -9999 -9999 -9999 -9999
0E0 0E0 0E0 0E0 0E0 0E0 0E0 0E0 0E0 0E0 0E0 0E0 0E0 0E0 0E0 0E0 0E0 0E0 0E0 0E0 0E0 0E0 0E0 0E0 0E0 0E0 0E0 0E0 3.14475E-8 3.64848E-8 3.17923E-8 0E0 0E0 6.08114E-8 2.25988E-7 1.5562E-7 1.75396E-7 1.54635E-7 1.08807E-7 1.34743E-7 9.55068E-8 0E0 7.71322E-9 1.24143E-7 1.4608E-7 1.12807E-7 9.31811E-8 7.12884E-8 6.8232E-8 5.60294E-8 4.45891E-8 1.23225E-7 7.04593E-8 3.46398E-8 0E0 1.37442E-8 0E0 0E0 0E0 0E0 0E0 0E0 0E0 0E0 0E0 0E0 0E0 0E0 0E0 -9999 -9999 -9999 -9999 -9999 -9999 -9999 -9999 -9999 -9999 -9999 -9999 -9999 -9999
0E0 0E0 0E0 0E0 0E0 0E0 0E0 0E0 0E0 0E0 0E0 0E0 0E0 0E0 0E0 0E0 0E0 0E0 0E0 0E0 0E0 0E0 0E0 0E0 0E0 0E0 0E0 0E0 7.83251E-8 1.57931E-7 1.04436E-7 0E0 5.67201E-8 1.20226E-7 1.96795E-7 1.52882E-7 1.1618E-7 1.33984E-7 9.11205E-8 0E0 0E0 0E0 9.87439E-8 1.13063E-7 1.05514E-7 8.67658E-8 6.93156E-8 6.27474E-8 6.46546E-8 5.96802E-8 6.22938E-8 1.23726E-7 4.98727E-8 3.58915E-8 1.10246E-8 1.97271E-8 3.03756E-9 0E0 0E0 0E0 0E0 0E0 0E0 0E0 0E0 0E0 0E0 0E0 0E0 0E0 0E0 -9999 -9999 -9999 -9999 -9999 -9999 -9999 -9999 -9999 -9999 -9999 -9999
0E0 0E0 0E0 0E0 0E0 0E0 0E0 0E0 0E0 0E0 0E0 0E0 0E0 0E0 0E0 0E0 0E0 0E0 0E0 0E0 0E0 0E0 0E0 0E0 0E0 0E0 0E0 7.76244E-8 2.08097E-7 0E0 2.26826E-7 1.56057E-7 1.57803E-7 2.117E-7 2.42167E-7 1.83766E-7 1.81025E-7 7.75307E-8 4.76862E-8 0E0 0E0 0E0 8.70479E-8 8.43471E-8 7.8013E-8 6.65879E-8 6.90488E-8 4.26292E-8 3.671E-8 6.00332E-8 5.43712E-8 4.6206E-8 3.21925E-8 0E0 0E0 0E0 0E0 0E0 0E0 0E0 0E0 0E0 0E0 0E0 0E0 0E0 0E0 0E0 0E0 0E0 0E0 -9999 -9999 -9999 -9999 -9999 -9999 -9999 -9999 -9999 -9999 -9999 -9999
0E0 0E0 0E0 0E0 0E0 0E0 0E0 0E0 0E0 0E0 0E0 0E0 0E0 0E0 0E0 0E0 0E0 0E0 3.30965E-9 0E0 0E0 0E0 0E0 0E0 0E0 0E0 0E0 0E0 5.16212E-7 0E0 3.18239E-7 2.45258E-7 2.76136E-7 2.27276E-7 2.03387E-7 2.00835E-7 1.13293E-7 1.0994E-7 0E0 0E0 0E0 0E0 9.36091E-8 9.12689E-8 0E0 0E0 3.92148E-8 2.80023E-8 3.92359E-8 5.74737E-8 4.30836E-8 2.61733E-8 3.64892E-9 0E0 0E0 1.29121E-10 0E0 0E0 0E0 0E0 0E0 0E0 0E0 0E0 0E0 0E0 0E0 0E0 0E0 0E0 0E0 0E0 -9999 7.22037E-9 -9999 -9999 -9999 -9999 -9999 -9999 -9999 -9999 -9999
0E0 0E0 0E0 0E0 0E0 0E0 0E0 0E0 0E0 0E0 0E0 0E0 0E0 0E0 2.7749E-9 1.62313E-8 3.78411E-8 5.24502E-8 7.25688E-8 7.89746E-8 3.92772E-8 3.7836E-8 0E0 0E0 0E0 0E0 0E0 1.50065E-6 6.06958E-7 6.56184E-7 5.54528E-7 4.12626E-7 3.02889E-7 3.62689E-7 2.12042E-7 2.04385E-7 1.8637E-7 1.29577E-7 0E0 0E0 0E0 0E0 8.04233E-8 8.58129E-8 0E0 4.7712E-8 4.05073E-8 3.60557E-8 5.39748E-8 4.91446E-8 1.61764E-8 1.11686E-8 1.07461E-8 1.96971E-8 6.319E-9 5.7772E-9 0E0 0E0 0E0 0E0 0E0 0E0 0E0 0E0 0E0 0E0 0E0 0E0 0E0 0E0 0E0 0E0 3.26072E-9 8.30651E-9 -9999 -9999 -9999 -9999 -9999 -9999 -9999 -9999 -9999
0E0 0E0 0E0 0E0 0E0 0E0 0E0 0E0 0E0 0E0 0E0 0E0 0E0 1.43788E-8 2.00221E-8 3.28359E-8 4.35681E-8 5.9093E-8 7.37787E-8 8.94657E-8 7.20811E-8 6.04242E-8 9.64483E-8 1.18893E-7 1.0807E-7 9.10864E-8 1.09662E-7 7.27047E-8 1.29405E-6 8.04073E-7 6.34146E-7 6.40595E-7 4.44308E-7 3.48721E-7 3.68819E-7 2.05212E-7 1.60182E-7 0E0 0E0 0E0 0E0 0E0 0E0 4.7264E-8 0E0 0E0 4.08704E-8 3.79117E-8 5.09692E-8 3.54799E-8 0E0 0E0 9.14797E-9 3.4121E-9 0E0 0E0 0E0 0E0 0E0 0E0 0E0 0E0 0E0 0E0 0E0 0E0 0E0 0E0 0E0 0E0 0E0 0E0 4.10163E-11 5.71175E-9 1.41495E-8 -9999 -9999 -9999 -9999 -9999 -9999 -9999 -9999
0E0 0E0 0E0 0E0 0E0 0E0 0E0 0E0 0E0 0E0 0E0 0E0 0E0 2.33986E-8 3.05676E-8 3.5197E-8 4.96648E-8 5.90323E-8 6.32869E-8 8.69224E-8 9.67217E-8 1.03086E-7 1.17771E-7 1.19455E-7 1.53231E-7 1.2541E-7 8.75684E-8 6.01419E-8 5.82572E-8 1.34917E-6 9.16931E-7 7.47022E-7 4.87904E-7 3.71958E-7 3.75391E-7 3.66377E-7 7.67014E-8 0E0 0E0 0E0 0E0 0E0 0E0 0E0 0E0 0E0 4.87836E-9 5.08057E-8 2.93332E-8 1.33701E-8 0E0 0E0 0E0 0E0 0E0 0E0 0E0 0E0 0E0 0E0 0E0 0E0 0E0 0E0 0E0 0E0 0E0 0E0 0E0 0E0 0E0 0E0 2.17356E-9 7.56257E-9 1.55389E-8 -9999 -9999 -9999 -9999 -9999 -9999 -9999 -9999
0E0 0E0 0E0 0E0 0E0 0E0 0E0 0E0 0E0 0E0 0E0 6.41764E-9 2.06901E-8 2.67588E-8 3.83062E-8 4.16691E-8 5.17148E-8 6.48192E-8 7.79602E-8 8.34869E-8 1.02937E-7 1.08807E-7 1.23026E-7 1.20987E-7 1.3837E-7 1.09411E-7 1.14599E-7 8.83551E-8 6.21066E-8 5.89464E-8 5.17676E-8 9.58804E-7 8.29188E-7 4.48417E-7 2.82493E-7 2.72018E-7 1.02215E-7 0E0 0E0 0E0 0E0 0E0 0E0 0E0 0E0 1.71655E-8 4.80056E-8 4.31499E-8 1.64179E-8 0E0 0E0 0E0 0E0 0E0 0E0 0E0 0E0 0E0 0E0 0E0 0E0 0E0 0E0 0E0 0E0 0E0 0E0 0E0 0E0 0E0 0E0 0E0 0E0 9.04087E-9 1.60925E-8 -9999 -9999 -9999 -9999 -9999 -9999 -9999 -9999
0E0 0E0 0E0 0E0 0E0 0E0 0E0 0E0 0E0 0E0 0E0 5.50347E-9 2.04354E-8 3.2644E-8 4.15806E-8 5.26086E-8 6.10716E-8 6.96289E-8 9.16943E-8 9.02554E-8 9.98102E-8 9.67353E-8 1.20583E-7 1.13861E-7 1.32358E-7 1.15763E-7 8.283E-8 3.74386E-8 7.35753E-8 6.70149E-8 4.95823E-8 1.3191E-6 9.2829E-7 5.22426E-7 1.80207E-7 8.45801E-8 0E0 0E0 0E0 0E0 0E0 0E0 0E0 0E0 0E0 0E0 0E0 4.04996E-8 0E0 0E0 0E0 0E0 0E0 0E0 0E0 0E0 0E0 0E0 0E0 0E0 0E0 0E0 0E0 0E0 0E0 0E0 0E0 0E0 0E0 0E0 0E0 0E0 0E0 7.63016E-9 2.05925E-8 -9999 -9999 -9999 -9999 -9999 -9999 -9999 -9999
0E0 0E0 0E0 0E0 0E0 0E0 0E0 0E0 0E0 0E0 0E0 5.88784E-9 1.71139E-8 3.10715E-8 3.79554E-8 5.0193E-8 6.1899E-8 6.79492E-8 1.0315E-7 9.90853E-8 9.74023E-8 9.30909E-8 1.1307E-7 7.46353E-8 0E0 0E0 0E0 0E0 4.3364E-8 6.47217E-8 4.61729E-8 2.32505E-8 1.12645E-8 0E0 0E0 0E0 0E0 0E0 0E0 0E0 0E0 0E0 0E0 0E0 0E0 0E0 0E0 3.85708E-8 2.18363E-8 0E0 0E0 0E0 0E0 0E0 0E0 0E0 0E0 0E0 0E0 0E0 0E0 0E0 0E0 0E0 0E0 0E0 0E0 0E0 0E0 0E0 0E0 0E0 0E0 8.06018E-9 2.36189E-8 -9999 -9999 -9999 -9999 -9999 -9999 -9999 -9999
0E0 0E0 0E0 0E0 0E0 0E0 0E0 0E0 0E0 0E0 0E0 0E0 2.3961E-8 3.3872E-8 3.90683E-8 4.252E-8 5.5065E-8 7.42708E-8 9.59368E-8 1.0031E-7 1.0392E-7 9.79477E-8 1.23627E-7 1.00033E-7 0E0 7.88643E-8 3.44799E-8 4.56652E-9 6.2917E-8 5.60214E-8 3.66909E-8 1.03159E-8 4.01658E-9 0E0 0E0 0E0 0E0 0E0 0E0 0E0 0E0 0E0 0E0 0E0 0E0 0E0 0E0 2.78785E-8 1.925E-8 0E0 0E0 0E0 0E0 0E0 0E0 0E0 0E0 0E0 0E0 0E0 0E0 0E0 0E0 0E0 0E0 0E0 0E0 0E0 0E0 0E0 0E0 0E0 0E0 4.14268E-9 1.35036E-8 -9999 -9999 -9999 -9999 -9999 -9999 -9999 -9999
0E0 0E0 0E0 0E0 0E0 0E0 0E0 0E0 0E0 0E0 0E0 1.0974E-8 2.82867E-8 3.90799E-8 4.29398E-8 4.66202E-8 5.49164E-8 6.89293E-8 8.8571E-8 9.92107E-8 1.15794E-7 1.25636E-7 1.0014E-7 1.00153E-7 1.13436E-7 1.17362E-7 1.02015E-7 8.07094E-8 7.34277E-8 4.47391E-8 3.76757E-8 0E0 0E0 0E0 0E0 0E0 0E0 0E0 0E0 0E0 0E0 0E0 0E0 0E0 0E0 0E0 0E0 0E0 0E0 0E0 0E0 0E0 0E0 0E0 0E0 0E0 0E0 0E0 0E0 0E0 0E0 0E0 0E0 0E0 0E0 0E0 0E0 0E0 0E0 0E0 0E0 0E0 4.21526E-9 9.13292E-9 1.30598E-8 4.0076E-8 -9999 -9999 -9999 -9999 -9999 -9999 -9999
0E0 0E0 0E0 0E0 0E0 0E0 0E0 0E0 0E0 0E0 6.16258E-9 1.83679E-8 2.97439E-8 4.42585E-8 4.71176E-8 5.28533E-8 5.37463E-8 6.26091E-8 7.27169E-8 8.60493E-8 8.82725E-8 9.85243E-8 9.82623E-8 9.56545E-8 1.03523E-7 1.03097E-7 9.65167E-8 8.44725E-8 7.17987E-8 4.57731E-8 3.45645E-8 5.03087E-9 0E0 0E0 0E0 0E0 0E0 0E0 0E0 0E0 0E0 0E0 0E0 0E0 0E0 0E0 0E0 0E0 0E0 0E0 0E0 0E0 0E0 0E0 0E0 0E0 0E0 0E0 0E0 0E0 0E0 0E0 0E0 0E0 0E0 0E0 0E0 0E0 0E0 0E0 0E0 0E0 4.63884E-9 7.05124E-9 1.9045E-8 4.48587E-8 -9999 -9999 -9999 -9999 -9999 -9999 -9999
0E0 0E0 0E0 0E0 0E0 0E0 0E0 0E0 0E0 2.73992E-9 1.12051E-8 2.14538E-8 2.69324E-8 4.19137E-8 4.73779E-8 5.18831E-8 5.54188E-8 6.58011E-8 7.88207E-8 9.05656E-8 8.53822E-8 6.9468E-8 7.77034E-8 8.32969E-8 8.41901E-8 8.96724E-8 8.36785E-8 8.09287E-8 6.62778E-8 4.12531E-8 2.98945E-8 0E0 0E0 0E0 0E0 0E0 0E0 0E0 0E0 0E0 4.6332E-8 0E0 0E0 0E0 0E0 0E0 0E0 0E0 0E0 0E0 0E0 0E0 0E0 0E0 0E0 0E0 0E0 0E0 0E0 0E0 0E0 0E0 0E0 0E0 0E0 0E0 0E0 0E0 0E0 0E0 0E0 0E0 1.91406E-9 4.30856E-9 1.96026E-8 4.37059E-8 8.38596E-8 -9999 -9999 -9999 -9999 -9999 -9999
0E0 0E0 0E0 0E0 0E0 0E0 0E0 0E0 0E0 1.3917E-8 1.81818E-8 2.09765E-8 2.47276E-8 0E0 4.30992E-8 5.91023E-8 6.36774E-8 6.58012E-8 6.88671E-8 6.97164E-8 7.45724E-8 7.10339E-8 6.69409E-8 6.67218E-8 7.41062E-8 7.29844E-8 7.82586E-8 5.36158E-8 5.00456E-8 3.34671E-8 2.06218E-8 0E0 0E0 0E0 0E0 0E0 0E0 0E0 0E0 0E0 0E0 0E0 0E0 0E0 0E0 0E0 0E0 0E0 0E0 0E0 0E0 0E0 0E0 0E0 0E0 0E0 0E0 0E0 0E0 0E0 0E0 0E0 0E0 0E0 0E0 0E0 0E0 0E0 0E0 0E0 0E0 0E0 0E0 1.46592E-8 2.84104E-8 5.17395E-8 9.1958E-8 -9999 -9999 -9999 -9999 -9999 -9999
0E0 0E0 0E0 0E0 0E0 0E0 0E0 0E0 6.85865E-9 1.43901E-8 8.28867E-9 2.64422E-8 3.53721E-8 4.11917E-8 4.69227E-8 5.78741E-8 7.03139E-8 6.11584E-8 6.70675E-8 7.63906E-8 5.59132E-8 7.30242E-8 7.72297E-8 6.11092E-8 5.94829E-8 7.41238E-8 3.95057E-8 2.4549E-8 1.86392E-8 1.32422E-8 1.22751E-8 1.10258E-8 0E0 2.35888E-9 6.00597E-9 0E0 0E0 0E0 0E0 0E0 0E0 0E0 0E0 0E0 0E0 0E0 0E0 0E0 0E0 0E0 0E0 0E0 0E0 0E0 0E0 0E0 0E0 0E0 0E0 0E0 0E0 0E0 0E0 0E0 0E0 0E0 0E0 0E0 0E0 0E0 0E0 0E0 0E0 1.9131E-8 2.70563E-8 4.81699E-8 1.00294E-7 -9999 -9999 -9999 -9999 -9999 -9999
0E0 0E0 0E0 0E0 0E0 0E0 0E0 1.04001E-8 1.08725E-8 1.47643E-8 1.7545E-8 2.77301E-8 3.47852E-8 4.35999E-8 4.42927E-8 5.78388E-8 6.00979E-8 6.05179E-8 6.57134E-8 5.87279E-8 5.54859E-8 5.89773E-8 6.18869E-8 5.39548E-8 5.9206E-8 4.77259E-8 3.70702E-8 2.85181E-8 2.26631E-8 1.26765E-8 0E0 2.84223E-9 0E0 2.48098E-9 6.49642E-9 0E0 0E0 0E0 0E0 0E0 0E0 0E0 0E0 0E0 0E0 0E0 0E0 0E0 0E0 0E0 0E0 0E0 0E0 0E0 0E0 0E0 0E0 0E0 0E0 0E0 0E0 0E0 0E0 0E0 0E0 0E0 0E0 0E0 0E0 0E0 0E0 0E0 0E0 1.65571E-8 2.78699E-8 4.74356E-8 9.62938E-8 1.3303E-7 -9999 -9999 -9999 -9999 -9999
0E0 0E0 5.05789E-9 0E0 4.96302E-9 5.0595E-9 9.88058E-9 1.4195E-8 1.71612E-8 1.50183E-8 1.79717E-8 2.42774E-8 3.55847E-8 4.1738E-8 4.4723E-8 5.8254E-8 6.52274E-8 6.26988E-8 5.53971E-8 5.88952E-8 6.19435E-8 4.98552E-8 4.96262E-8 4.74255E-8 3.2519E-8 2.44679E-8 2.8126E-8 2.58869E-8 2.20329E-8 1.19385E-8 1.16463E-8 0E0 0E0 2.44654E-9 6.54571E-9 0E0 0E0 0E0 0E0 0E0 0E0 0E0 0E0 0E0 0E0 0E0 0E0 0E0 0E0 0E0 0E0 0E0 0E0 0E0 0E0 0E0 0E0 0E0 0E0 0E0 0E0 0E0 0E0 0E0 0E0 0E0 0E0 0E0 0E0 0E0 0E0 0E0 0E0 0E0 2.52646E-8 5.5146E-8 9.88373E-8 1.34467E-7 -9999 -9999 -9999 -9999 -9999
7.96758E-9 7.80781E-9 7.29042E-9 9.33084E-9 1.23344E-8 8.6727E-9 1.05939E-9 1.46919E-8 1.76459E-8 0E0 0E0 0E0 4.01991E-8 4.73661E-8 5.00101E-8 5.40379E-8 5.02023E-8 5.16205E-8 5.02072E-8 5.11068E-8 5.32819E-8 4.00422E-8 3.57072E-8 2.97024E-8 2.18117E-8 2.22042E-8 2.31012E-8 0E0 0E0 1.09381E-8 1.46214E-8 0E0 0E0 2.45866E-9 6.39932E-9 0E0 0E0 0E0 0E0 0E0 0E0 0E0 0E0 0E0 0E0 0E0 0E0 0E0 0E0 0E0 0E0 0E0 0E0 0E0 0E0 0E0 0E0 0E0 0E0 0E0 0E0 0E0 0E0 0E0 0E0 0E0 0E0 0E0 0E0 0E0 0E0 0E0 0E0 0E0 2.94378E-8 5.74891E-8 9.13264E-8 1.31206E-7 1.36947E-7 1.44119E-7 1.73147E-7 -9999 -9999
