Leopardus garleppi/Leopardus_garleppi.asc
ncols         515
nrows         545
xllcorner     -119.0
yllcorner     -58.333333333333
cellsize      0.166666666667
NODATA_value  -9999
[rows 174 to 202 of 545, columns 264 to 329 of 515]
1.43691E-3 1.63446E-2 2.65364E-2 9.62769E-3 3.78066E-3 1.46705E-4 2.18123E-5 8.40878E-6 7.45411E-6 5.06107E-6 2.56263E-6 2.14352E-6 1.92753E-6 1.11993E-6 1.07914E-6 1.46864E-6 1.1503E-6 8.50766E-7 1.17251E-6 2.54477E-6 3.70409E-6 3.69049E-6 6.1528E-6 5.60927E-6 5.75569E-6 5.20285E-6 4.71966E-6 4.70983E-6 3.70142E-6 2.79567E-6 2.93471E-6 2.69109E-6 2.56276E-6 2.31283E-6 2.254E-6 2.15016E-6 2.0063E-6 1.90736E-6 1.76176E-6 1.58412E-6 8.50847E-7 7.95993E-7 4.80652E-7 4.19214E-7 4.24902E-7 4.1922E-7 4.2137E-7 4.16444E-7 4.24331E-7 2.70436E-7 4.70434E-7 5.35282E-7 6.40978E-7 7.25299E-7 6.20362E-7 7.85774E-5 2.84368E-4 3.64728E-6 2.0911E-6 1.9212E-6 1.83991E-5 4.16241E-5 1.14209E-4 6.50162E-5 2.43506E-5 3.34989E-5
1.26149E-3 2.66205E-2 3.3437E-3 6.68126E-4 1.43523E-4 1.42032E-4 3.17674E-5 6.11107E-6 6.42583E-6 2.67904E-6 2.42011E-6 2.20481E-6 2.38571E-6 1.3673E-6 1.59348E-6 1.38067E-6 1.24912E-6 1.08037E-6 1.27908E-6 4.49264E-6 3.69334E-6 3.61829E-6 5.92438E-6 5.72282E-6 5.1801E-6 4.96194E-6 4.77052E-6 3.99265E-6 3.55418E-6 3.0887E-6 2.65711E-6 2.76001E-6 2.61684E-6 2.36992E-6 2.19795E-6 2.11996E-6 2.00165E-6 1.90611E-6 1.71393E-6 1.47915E-6 7.72046E-7 5.12744E-7 4.47232E-7 3.95066E-7 3.90652E-7 3.85892E-7 3.91225E-7 4.00082E-7 4.07261E-7 4.23203E-7 4.68013E-7 5.17747E-7 1.23335E-6 7.73688E-7 6.49422E-7 1.86524E-6 9.94409E-6 1.94557E-6 2.13075E-6 3.08204E-6 1.79965E-5 6.90698E-5 6.48262E-5 1.53528E-5 5.55684E-5 1.38091E-4
3.6829E-2 1.43106E-2 1.42142E-3 1.48859E-4 6.3447E-5 1.09315E-4 1.03043E-4 5.80578E-6 5.65164E-6 2.80251E-6 2.54723E-6 1.32317E-6 7.18427E-7 8.13141E-7 1.51276E-6 1.19767E-6 6.85409E-7 1.04231E-6 1.27201E-6 2.43358E-6 3.24899E-6 3.08392E-6 3.2494E-6 5.48852E-6 5.34543E-6 5.05676E-6 4.17864E-6 3.00076E-6 3.37526E-6 3.12208E-6 2.85188E-6 2.71086E-6 2.44381E-6 2.28448E-6 2.20318E-6 2.07138E-6 1.904E-6 1.72551E-6 1.64547E-6 1.42401E-6 1.299E-6 4.53575E-7 4.21305E-7 3.91626E-7 3.71232E-7 3.73241E-7 3.68789E-7 3.84775E-7 3.99198E-7 4.21798E-7 4.30058E-7 5.45206E-7 6.77548E-7 7.98555E-7 7.8409E-7 1.11521E-6 1.55781E-6 2.02593E-6 2.09231E-6 1.96537E-6 1.13808E-5 2.31451E-5 6.78022E-6 5.64058E-5 1.31936E-4 1.83178E-4
3.90886E-2 2.45308E-2 1.66143E-3 1.32276E-4 5.2632E-5 5.46481E-5 1.20401E-4 6.85455E-6 7.03789E-6 3.48882E-6 3.20289E-6 2.07598E-6 8.27036E-7 8.64506E-7 8.87101E-7 1.17064E-6 1.11343E-6 9.74815E-7 1.37791E-6 2.61007E-6 3.25094E-6 3.25351E-6 3.09475E-6 5.37854E-6 5.01639E-6 4.40276E-6 3.97071E-6 3.23617E-6 3.32858E-6 3.19515E-6 2.9351E-6 2.65939E-6 2.34114E-6 2.14664E-6 1.98512E-6 1.98328E-6 1.81345E-6 1.64667E-6 1.45114E-6 1.29614E-6 1.1856E-6 7.77367E-7 4.19589E-7 3.85125E-7 3.80469E-7 3.75836E-7 3.64714E-7 3.75917E-7 3.92561E-7 4.33382E-7 4.16105E-7 4.42081E-7 4.77817E-7 5.96587E-7 7.2966E-7 1.02486E-6 1.662E-6 2.05533E-6 1.91631E-6 2.25331E-6 4.00717E-6 5.93122E-6 6.38915E-6 1.05376E-4 2.33756E-4 2.7653E-4
1.32474E-2 6.52476E-3 1.7265E-3 1.5032E-4 7.66046E-5 3.94313E-5 4.95725E-5 2.42469E-5 9.54188E-6 7.8408E-6 3.46394E-6 3.07925E-6 2.87814E-6 1.40631E-6 1.69349E-6 2.15747E-6 1.3425E-6 9.75105E-7 2.60454E-6 3.48541E-6 3.12286E-6 3.02353E-6 3.24974E-6 5.12561E-6 4.92917E-6 4.51036E-6 3.78874E-6 3.8427E-6 3.42446E-6 3.16928E-6 2.94254E-6 2.58805E-6 2.30082E-6 2.1002E-6 2.06829E-6 1.87997E-6 1.76263E-6 1.61339E-6 1.42126E-6 1.26805E-6 1.13646E-6 7.3063E-7 7.35131E-7 6.86413E-7 3.52557E-7 3.92404E-7 3.97895E-7 4.12037E-7 4.29319E-7 4.33305E-7 4.45305E-7 4.39878E-7 4.74284E-7 6.01238E-7 7.42944E-7 9.40294E-7 1.53976E-6 3.52216E-6 2.02233E-6 4.5685E-6 5.99041E-6 5.9686E-6 7.75436E-6 4.23686E-5 1.19963E-4 2.37608E-4
6.3369E-3 9.8197E-4 7.13871E-4 1.08766E-4 6.69768E-5 3.92992E-5 4.57369E-5 2.68199E-5 1.37627E-5 7.33028E-6 7.14715E-6 3.6659E-6 3.13442E-6 2.33933E-6 2.02243E-6 1.57017E-6 1.47121E-6 1.27276E-6 3.63206E-6 3.50025E-6 3.14884E-6 3.03486E-6 5.0307E-6 4.96573E-6 4.61373E-6 4.33023E-6 3.8296E-6 3.74129E-6 3.09702E-6 2.94225E-6 4.85253E-6 4.08729E-6 2.28E-6 3.76551E-6 3.68786E-6 3.27644E-6 1.74532E-6 1.56368E-6 1.31248E-6 1.18019E-6 1.17158E-6 1.18171E-6 7.88511E-7 7.15493E-7 6.50352E-7 6.82367E-7 4.13068E-7 2.85347E-7 2.85585E-7 2.78946E-7 4.5006E-7 4.85456E-7 5.303E-7 6.5243E-7 8.46845E-7 1.09745E-6 2.58317E-6 3.46878E-6 4.81419E-6 6.09331E-6 7.30932E-6 1.25217E-5 4.3212E-5 5.38703E-5 6.63123E-5 2.13703E-4
9.64576E-4 3.10403E-4 1.32719E-4 8.28519E-5 5.85231E-5 3.40093E-5 3.96992E-5 2.84391E-5 1.36564E-5 1.10608E-5 6.91822E-6 4.29302E-6 4.79417E-6 2.04711E-6 1.18642E-6 1.95377E-6 2.14094E-6 2.3862E-6 3.5331E-6 3.57688E-6 3.31631E-6 3.12431E-6 4.57157E-6 4.359E-6 4.36049E-6 4.26687E-6 3.82774E-6 3.44833E-6 2.97362E-6 4.85629E-6 4.60103E-6 4.07582E-6 3.90271E-6 3.50394E-6 3.38349E-6 3.44396E-6 3.13947E-6 1.61185E-6 1.41915E-6 1.21754E-6 1.28233E-6 1.27934E-6 8.36784E-7 7.39802E-7 6.95695E-7 6.85538E-7 2.88734E-7 3.00222E-7 3.00499E-7 3.06307E-7 3.41551E-7 5.25981E-7 6.54697E-7 7.31947E-7 9.82957E-7 1.32224E-6 2.79683E-6 1.14706E-5 7.40771E-6 6.66294E-6 7.33213E-6 1.51501E-5 4.17962E-5 2.58269E-5 3.18042E-5 8.05924E-5
4.60877E-4 1.38378E-4 7.68129E-5 5.70615E-5 3.08997E-5 2.66455E-5 2.06131E-5 9.41287E-6 8.67575E-6 7.6671E-6 7.24054E-6 3.79388E-6 3.51943E-6 2.1321E-6 1.86481E-6 2.05837E-6 3.45637E-6 2.12733E-6 2.92281E-6 3.23562E-6 3.1299E-6 4.98181E-6 4.36306E-6 4.50669E-6 4.1851E-6 3.86709E-6 3.51318E-6 3.23476E-6 2.89226E-6 4.54417E-6 5.91778E-6 6.01585E-6 3.81621E-6 3.6825E-6 3.75247E-6 3.79008E-6 3.80408E-6 2.98176E-6 1.5782E-6 1.37261E-6 1.45475E-6 1.36172E-6 8.63711E-7 8.30723E-7 7.72409E-7 7.50697E-7 2.25155E-7 2.19844E-7 2.26081E-7 2.49108E-7 2.60914E-7 5.94397E-7 7.11359E-7 8.19302E-7 1.04021E-6 1.41356E-6 3.07999E-6 1.52195E-5 7.51514E-6 6.90437E-6 8.21908E-6 1.04608E-5 9.22144E-6 1.61766E-5 1.93464E-5 2.43659E-5
1.12373E-4 6.19886E-5 5.7195E-5 4.92791E-5 2.6645E-5 2.51259E-5 7.93144E-6 7.69369E-6 1.28925E-5 1.31255E-5 1.14947E-5 1.01883E-5 7.15238E-6 3.37449E-6 3.19456E-6 3.91375E-6 3.43056E-6 3.14102E-6 3.37767E-6 5.80629E-6 5.31584E-6 4.83276E-6 4.90382E-6 7.99755E-6 4.29833E-6 3.88825E-6 5.7408E-6 7.48332E-6 6.73844E-6 6.46123E-6 6.28727E-6 5.84183E-6 5.59095E-6 4.22829E-6 4.18952E-6 4.05542E-6 3.80458E-6 3.37748E-6 2.64158E-6 1.44072E-6 2.55908E-6 1.54484E-6 9.01256E-7 8.89072E-7 8.39391E-7 5.64659E-7 2.47027E-7 2.53304E-7 2.61923E-7 2.77465E-7 2.98171E-7 7.57435E-7 7.97635E-7 9.05538E-7 1.11631E-6 2.72805E-6 3.14409E-6 3.08723E-5 7.35985E-6 6.88165E-6 1.63263E-5 3.93157E-5 2.27637E-5 3.39401E-5 3.3333E-5 4.2868E-5
2.59695E-5 2.90413E-5 3.55769E-5 3.59531E-5 2.23713E-5 2.06316E-5 1.9172E-5 2.29097E-5 2.39517E-5 2.57773E-5 1.23916E-5 9.47001E-6 1.03231E-5 4.01694E-6 2.78818E-6 4.35865E-6 4.42704E-6 3.76252E-6 5.96565E-6 5.68468E-6 5.59267E-6 5.10027E-6 7.98602E-6 4.64254E-6 4.22932E-6 3.4935E-6 7.20273E-6 7.09648E-6 7.06022E-6 6.70623E-6 6.79148E-6 6.29768E-6 6.10139E-6 6.29269E-6 6.05175E-6 4.21537E-6 3.75876E-6 3.32737E-6 2.99057E-6 2.77135E-6 2.69947E-6 3.06222E-6 9.76922E-7 9.09493E-7 8.737E-7 8.71781E-7 4.67002E-7 2.88877E-7 2.91267E-7 3.28203E-7 4.98743E-7 8.66422E-7 9.34674E-7 1.91638E-6 2.42659E-6 2.69338E-6 5.07395E-6 4.9762E-5 7.29907E-6 6.22307E-6 3.62655E-5 5.18263E-5 5.61155E-5 5.33547E-5 6.66929E-5 6.73529E-5
1.44185E-5 1.50265E-5 2.53772E-5 2.82775E-5 3.28875E-5 1.81609E-5 1.74046E-5 1.80271E-5 2.0504E-5 2.29499E-5 1.14422E-5 1.10274E-5 1.16963E-5 9.11359E-6 9.0149E-6 8.27949E-6 7.94269E-6 7.2117E-6 7.18697E-6 5.9756E-6 5.07107E-6 5.21989E-6 8.18856E-6 8.3072E-6 6.39978E-6 7.94275E-6 7.58835E-6 7.34721E-6 7.64145E-6 6.88845E-6 6.26394E-6 6.19781E-6 6.12928E-6 6.20538E-6 6.42625E-6 6.12068E-6 4.21891E-6 3.77136E-6 3.40036E-6 2.9767E-6 2.53057E-6 2.52111E-6 2.39578E-6 9.63397E-7 9.66342E-7 1.04718E-6 7.14989E-7 5.21435E-7 5.57615E-7 8.50523E-7 1.5076E-6 1.72966E-6 1.76773E-6 2.01264E-6 2.73458E-6 3.00344E-6 2.82479E-5 6.24999E-5 7.69056E-6 2.73658E-5 5.03658E-5 5.54651E-5 4.92626E-5 5.26865E-5 7.07362E-5 7.38624E-5
1.28564E-5 1.34679E-5 1.63404E-5 1.66855E-5 1.8758E-5 1.67531E-5 1.96512E-5 2.21577E-5 2.43794E-5 2.39424E-5 2.05025E-5 1.13762E-5 1.13181E-5 1.06964E-5 9.31908E-6 8.11575E-6 7.11899E-6 7.70301E-6 7.14471E-6 6.18557E-6 5.26069E-6 8.87229E-6 8.74276E-6 1.12103E-5 9.57806E-6 8.58574E-6 7.98899E-6 7.11272E-6 7.36202E-6 1.01271E-5 9.16658E-6 9.01195E-6 9.42974E-6 6.66208E-6 6.72928E-6 6.48671E-6 6.68908E-6 4.6331E-6 3.81707E-6 3.0467E-6 2.53172E-6 2.44982E-6 2.29532E-6 1.46912E-6 1.12194E-6 1.19458E-6 8.16011E-7 8.09239E-7 1.35777E-6 1.44698E-6 1.56583E-6 1.81923E-6 2.04955E-6 2.19905E-6 2.27149E-5 1.64158E-5 4.32093E-5 5.19604E-5 4.27679E-5 5.03405E-5 5.20895E-5 5.61818E-5 5.1445E-5 7.12063E-5 8.3699E-5 4.95023E-5
1.18977E-5 1.22501E-5 1.44716E-5 2.74585E-5 1.38076E-5 1.66758E-5 2.18492E-5 2.17321E-5 2.15969E-5 2.19958E-5 2.11666E-5 1.70934E-5 1.90448E-5 1.84182E-5 9.15068E-6 7.65128E-6 6.84414E-6 6.75139E-6 5.73671E-6 5.77755E-6 9.15604E-6 8.66849E-6 8.0506E-6 1.14649E-5 1.04607E-5 9.40184E-6 8.28355E-6 7.28895E-6 9.26841E-6 9.28422E-6 9.45256E-6 9.42722E-6 9.74547E-6 9.44334E-6 9.74138E-6 7.27928E-6 7.29795E-6 7.0741E-6 4.23893E-6 3.2666E-6 2.63905E-6 2.5939E-6 2.6218E-6 2.87059E-6 1.7595E-6 1.87932E-6 1.91588E-6 1.82665E-6 2.00965E-6 2.11915E-6 2.26333E-6 2.5629E-6 2.9391E-6 3.29266E-6 1.11326E-5 4.48104E-5 4.52265E-5 4.79256E-5 4.97555E-5 6.11532E-5 5.20997E-5 6.53259E-5 8.26278E-5 5.15397E-5 4.37867E-5 4.53681E-5
1.10121E-5 1.63278E-5 1.39255E-5 2.71203E-5 1.43635E-5 1.75212E-5 1.87652E-5 2.00169E-5 2.17281E-5 2.10174E-5 1.76286E-5 1.76462E-5 1.65035E-5 1.9063E-5 1.49628E-5 7.56375E-6 1.15935E-5 5.83607E-6 5.78923E-6 9.60189E-6 8.45443E-6 8.04908E-6 1.06762E-5 1.11853E-5 1.04974E-5 9.59509E-6 8.59005E-6 1.05512E-5 9.48186E-6 9.46338E-6 9.51014E-6 9.53481E-6 9.52952E-6 9.87903E-6 9.88332E-6 9.57607E-6 7.42443E-6 7.62303E-6 6.70945E-6 3.80829E-6 2.89174E-6 2.63922E-6 2.75551E-6 3.16122E-6 3.50231E-6 2.00626E-6 2.02824E-6 2.06514E-6 2.33295E-6 2.49621E-6 2.56902E-6 2.78041E-6 3.20856E-6 3.45244E-6 2.30824E-5 4.80709E-5 4.81364E-5 4.74668E-5 5.06353E-5 5.67079E-5 6.11266E-5 1.04044E-4 4.10072E-5 1.25444E-5 1.52347E-5 3.29358E-5
1.147E-5 1.59197E-5 2.40026E-5 2.68511E-5 1.49734E-5 2.18736E-5 2.33338E-5 1.7811E-5 2.01724E-5 1.88898E-5 1.77503E-5 1.68592E-5 1.47219E-5 1.73951E-5 1.42506E-5 1.25371E-5 1.12011E-5 1.02453E-5 1.00127E-5 1.30021E-5 1.21686E-5 1.14159E-5 1.13888E-5 1.0886E-5 1.5112E-5 9.63596E-6 1.25866E-5 1.1478E-5 1.11773E-5 1.01495E-5 1.00627E-5 9.87339E-6 1.01484E-5 1.04525E-5 1.0442E-5 1.01374E-5 1.00189E-5 1.01714E-5 6.72955E-6 5.45112E-6 4.70737E-6 3.16209E-6 3.39782E-6 3.33356E-6 3.65275E-6 3.90727E-6 2.39816E-6 2.54467E-6 2.65928E-6 2.73765E-6 2.77968E-6 2.88561E-6 3.06074E-6 3.59228E-6 6.4674E-5 5.10184E-5 4.83409E-5 5.49415E-5 5.69482E-5 6.73359E-5 4.46487E-5 1.28047E-5 6.57571E-6 8.27288E-6 1.45527E-5 1.45953E-5
2.22764E-5 1.63652E-5 1.72638E-5 2.55846E-5 2.6859E-5 1.94728E-5 2.15569E-5 2.1922E-5 1.71051E-5 1.61332E-5 1.69228E-5 1.67109E-5 1.61108E-5 1.60771E-5 1.47552E-5 1.30169E-5 1.17157E-5 1.38375E-5 1.31333E-5 1.26925E-5 1.25238E-5 1.14908E-5 1.12012E-5 1.05966E-5 1.47924E-5 1.44824E-5 1.3041E-5 1.25808E-5 1.20705E-5 1.11749E-5 1.02377E-5 1.04307E-5 1.05603E-5 1.06319E-5 1.05215E-5 1.00563E-5 1.01578E-5 9.89483E-6 9.14075E-6 5.86173E-6 5.46339E-6 5.26785E-6 5.18042E-6 5.09093E-6 5.50109E-6 6.09865E-6 6.60208E-6 3.94807E-6 4.04979E-6 4.2241E-6 3.13197E-6 3.22293E-6 3.39846E-6 1.25534E-4 1.19053E-3 3.53213E-5 2.96429E-5 8.12791E-5 7.09726E-5 1.90291E-5 1.51624E-5 6.38553E-6 7.86751E-6 7.73258E-6 1.32364E-5 1.34905E-5
2.32268E-5 2.22755E-5 1.62389E-5 2.34742E-5 2.34685E-5 1.8369E-5 1.91805E-5 2.03037E-5 1.98385E-5 1.91387E-5 2.08856E-5 1.82097E-5 1.86117E-5 1.55872E-5 1.34909E-5 1.74509E-5 1.56058E-5 1.38987E-5 1.3415E-5 1.29282E-5 1.27939E-5 1.17571E-5 1.14352E-5 1.174E-5 1.52202E-5 1.75904E-5 1.40799E-5 1.33276E-5 1.22332E-5 1.23081E-5 1.17782E-5 1.13613E-5 1.09391E-5 1.07254E-5 1.05568E-5 1.01446E-5 1.02918E-5 9.81596E-6 9.53669E-6 8.74122E-6 7.96792E-6 5.88007E-6 6.10897E-6 6.1205E-6 6.46861E-6 7.15887E-6 7.84399E-6 7.73908E-6 4.53647E-6 4.72523E-6 4.82012E-6 5.23601E-6 1.19223E-5 4.27844E-4 1.28853E-4 1.42425E-5 8.72451E-5 8.6062E-5 1.87121E-5 1.44755E-5 1.44353E-5 1.3243E-5 1.24135E-5 1.19572E-5 1.18008E-5 1.13573E-5
2.27275E-5 2.21153E-5 2.03655E-5 1.50058E-5 1.59334E-5 2.30187E-5 2.3591E-5 1.82631E-5 1.8136E-5 1.83717E-5 2.98853E-5 3.25638E-5 1.6725E-5 1.49219E-5 1.20809E-5 1.58374E-5 1.46609E-5 1.4249E-5 1.31921E-5 1.28035E-5 1.20432E-5 1.20044E-5 1.56878E-5 1.61335E-5 1.58287E-5 1.90394E-5 1.53413E-5 1.43023E-5 1.32705E-5 1.26114E-5 1.24689E-5 1.21079E-5 1.51244E-5 1.10517E-5 1.04832E-5 1.05226E-5 1.04068E-5 1.00767E-5 9.51665E-6 9.20895E-6 8.87688E-6 8.69149E-6 6.83707E-6 6.93835E-6 7.52331E-6 8.63302E-6 9.35093E-6 9.31538E-6 8.98378E-6 8.54578E-6 9.41254E-6 1.19464E-5 1.41466E-5 1.43626E-5 2.2948E-5 3.66083E-5 8.57378E-5 2.52897E-4 2.53175E-5 1.47505E-5 1.39056E-5 1.29383E-5 1.14058E-5 1.11722E-5 1.06454E-5 1.06067E-5
2.07552E-5 1.98179E-5 1.94008E-5 1.98729E-5 1.98301E-5 2.01142E-5 2.17972E-5 2.26442E-5 1.74514E-5 1.79335E-5 2.6957E-5 2.82571E-5 1.92676E-5 1.477E-5 1.14717E-5 1.54595E-5 1.42962E-5 1.39926E-5 1.29369E-5 1.28663E-5 1.22888E-5 1.17055E-5 1.61151E-5 1.54962E-5 1.70678E-5 1.73627E-5 1.55763E-5 2.07663E-5 1.933E-5 1.8344E-5 1.78863E-5 1.65813E-5 1.65589E-5 1.60092E-5 1.45846E-5 1.434E-5 1.05417E-5 1.00572E-5 9.9478E-6 9.47592E-6 9.09229E-6 9.50099E-6 1.0265E-5 1.15441E-5 8.86262E-6 1.02479E-5 1.14195E-5 1.07705E-5 1.00054E-5 9.20942E-6 9.22248E-6 1.08595E-5 1.30774E-5 3.49038E-5 2.06908E-5 4.5333E-5 1.41405E-4 1.32648E-4 5.13071E-5 1.43932E-5 1.48648E-5 1.3069E-5 1.13825E-5 1.0803E-5 1.00371E-5 9.80027E-6
1.86517E-5 1.75073E-5 1.753E-5 1.79401E-5 1.84305E-5 1.88414E-5 2.04247E-5 2.16897E-5 1.63398E-5 1.6662E-5 1.76556E-5 2.6037E-5 1.86294E-5 1.38167E-5 1.45622E-5 1.39124E-5 1.42144E-5 1.34738E-5 1.31885E-5 1.31007E-5 1.27672E-5 1.67353E-5 1.62674E-5 1.60065E-5 1.61413E-5 2.10404E-5 1.71171E-5 2.08769E-5 1.97481E-5 1.8879E-5 1.79155E-5 1.53668E-5 1.49827E-5 1.57045E-5 1.59536E-5 1.20285E-5 1.16143E-5 1.07809E-5 1.05084E-5 9.86606E-6 9.42489E-6 9.49448E-6 1.08077E-5 1.21342E-5 1.43876E-5 1.11971E-5 1.24188E-5 1.19576E-5 1.14718E-5 1.10825E-5 1.10745E-5 1.28234E-5 1.51199E-5 1.79264E-5 1.89342E-5 1.93322E-5 1.80886E-5 1.65961E-5 1.6543E-5 1.47188E-5 1.35129E-5 1.26402E-5 1.16065E-5 1.04944E-5 9.65723E-6 8.86297E-6
1.78762E-5 1.65419E-5 1.62792E-5 1.65697E-5 1.69363E-5 1.78665E-5 1.91953E-5 1.98901E-5 2.03883E-5 1.56671E-5 1.63322E-5 2.36931E-5 1.75849E-5 1.69939E-5 1.4931E-5 1.40209E-5 1.3278E-5 1.33377E-5 1.31069E-5 1.81032E-5 1.79989E-5 1.73912E-5 1.66912E-5 1.67076E-5 2.74385E-5 2.83264E-5 2.10099E-5 1.98688E-5 2.1069E-5 2.0164E-5 1.94907E-5 1.70875E-5 1.84413E-5 1.81956E-5 1.74621E-5 1.28452E-5 1.213E-5 1.14241E-5 1.07363E-5 1.02776E-5 9.83147E-6 1.04036E-5 1.12189E-5 1.29006E-5 1.4758E-5 1.51514E-5 1.70717E-5 1.26886E-5 1.25793E-5 1.30726E-5 1.46923E-5 1.66754E-5 1.97108E-5 2.19796E-5 2.28083E-5 2.21341E-5 2.05932E-5 1.85737E-5 1.72097E-5 1.50791E-5 1.37398E-5 1.24289E-5 1.1475E-5 1.04749E-5 9.84016E-6 9.24399E-6
1.74033E-5 1.52214E-5 1.53553E-5 1.59457E-5 1.64468E-5 1.68456E-5 1.81558E-5 1.91627E-5 1.96973E-5 2.04758E-5 2.17518E-5 2.31928E-5 2.26265E-5 1.67832E-5 1.54442E-5 1.5457E-5 1.34438E-5 1.36027E-5 1.89022E-5 1.95985E-5 1.90008E-5 1.85479E-5 1.75272E-5 2.32867E-5 2.34725E-5 2.70124E-5 2.29361E-5 2.08027E-5 2.00779E-5 1.97771E-5 2.22974E-5 2.21113E-5 2.25247E-5 2.12979E-5 1.9848E-5 1.42676E-5 1.33614E-5 1.27761E-5 1.17383E-5 1.1319E-5 1.09604E-5 1.15125E-5 1.32973E-5 1.36373E-5 1.47732E-5 1.6044E-5 1.77886E-5 1.72703E-5 1.35005E-5 1.53135E-5 1.79417E-5 2.14176E-5 2.56786E-5 2.78035E-5 2.66526E-5 2.47151E-5 2.25138E-5 1.96421E-5 1.70411E-5 1.54268E-5 1.38425E-5 1.27759E-5 1.20026E-5 1.10784E-5 1.06085E-5 1.05364E-5
1.85136E-5 1.69962E-5 1.65246E-5 1.69821E-5 1.67868E-5 1.67883E-5 1.768E-5 1.8589E-5 1.95827E-5 2.03206E-5 1.54554E-5 2.33152E-5 2.30674E-5 2.32675E-5 2.45503E-5 1.68116E-5 1.41717E-5 1.94745E-5 1.96541E-5 2.02586E-5 2.0126E-5 1.95031E-5 2.42068E-5 2.31929E-5 2.34242E-5 2.47957E-5 2.44539E-5 2.40573E-5 2.2638E-5 2.22302E-5 2.45023E-5 2.51299E-5 3.33256E-5 2.37097E-5 2.16589E-5 1.57606E-5 1.4522E-5 1.40132E-5 1.33938E-5 1.25612E-5 1.20723E-5 1.26135E-5 1.30845E-5 1.38462E-5 1.50111E-5 1.57615E-5 1.70318E-5 1.74471E-5 2.03381E-5 1.80456E-5 2.03398E-5 2.47602E-5 3.19404E-5 3.7172E-5 3.33144E-5 3.00008E-5 2.59548E-5 2.2903E-5 1.90481E-5 1.63481E-5 1.44609E-5 1.32837E-5 1.25064E-5 1.21504E-5 1.22014E-5 1.63027E-5
1.89618E-5 1.79932E-5 1.6915E-5 1.69457E-5 1.73283E-5 1.74545E-5 1.80761E-5 1.82273E-5 1.94022E-5 2.03435E-5 2.10764E-5 2.24187E-5 2.32349E-5 2.49837E-5 2.71088E-5 2.49902E-5 2.04536E-5 2.02249E-5 2.08073E-5 2.64888E-5 2.64971E-5 2.67222E-5 2.59465E-5 2.59759E-5 2.54985E-5 2.51486E-5 2.54692E-5 2.54026E-5 2.60351E-5 2.69152E-5 2.86619E-5 2.98246E-5 2.76177E-5 2.76791E-5 2.53205E-5 1.78369E-5 1.62225E-5 1.53536E-5 1.41887E-5 1.34965E-5 1.33965E-5 1.35298E-5 1.38001E-5 1.45487E-5 1.502E-5 1.64074E-5 1.74747E-5 1.79716E-5 2.21984E-5 1.88305E-5 2.21601E-5 2.70503E-5 3.29696E-5 3.49441E-5 3.17289E-5 2.7467E-5 2.47471E-5 2.32857E-5 2.23328E-5 1.94217E-5 1.73056E-5 1.61239E-5 1.97443E-5 1.91327E-5 1.79366E-5 1.38127E-5
1.89514E-5 1.79484E-5 1.75851E-5 1.69926E-5 1.72343E-5 1.77462E-5 1.86439E-5 1.95982E-5 2.04928E-5 2.13855E-5 2.00908E-5 2.07773E-5 2.14233E-5 2.46763E-5 2.8102E-5 2.3086E-5 2.08737E-5 2.64602E-5 2.67853E-5 2.74287E-5 2.68537E-5 2.83183E-5 2.72223E-5 2.76459E-5 2.83446E-5 2.80234E-5 2.78647E-5 2.90649E-5 3.06813E-5 3.42313E-5 3.68854E-5 3.44791E-5 2.87409E-5 3.2249E-5 2.73567E-5 2.49723E-5 1.75596E-5 1.61845E-5 1.51523E-5 1.44196E-5 1.41737E-5 1.43446E-5 1.43997E-5 1.47255E-5 1.5938E-5 1.69788E-5 1.66908E-5 1.34484E-5 1.57107E-5 1.85951E-5 2.164E-5 2.4973E-5 2.88451E-5 3.07551E-5 2.99849E-5 2.73006E-5 2.47831E-5 2.26894E-5 2.16057E-5 1.90162E-5 1.78093E-5 1.58807E-5 1.44326E-5 1.37619E-5 1.36702E-5 1.39054E-5
1.90829E-5 1.78767E-5 1.72298E-5 1.70511E-5 1.71339E-5 1.76762E-5 1.86848E-5 1.98779E-5 2.17352E-5 2.35159E-5 2.37078E-5 2.43104E-5 2.46059E-5 2.50974E-5 2.61211E-5 2.46998E-5 2.27936E-5 2.63673E-5 2.6191E-5 2.77785E-5 2.79461E-5 2.88138E-5 2.84675E-5 2.78432E-5 2.99437E-5 2.99772E-5 3.10636E-5 3.22922E-5 3.31311E-5 3.85705E-5 4.02089E-5 3.56745E-5 3.06515E-5 3.25302E-5 2.89987E-5 2.59597E-5 2.38033E-5 1.71765E-5 1.61198E-5 1.51152E-5 1.48163E-5 1.47193E-5 1.49121E-5 1.52241E-5 1.59561E-5 1.55978E-5 1.69757E-5 1.37272E-5 1.55078E-5 2.57556E-5 2.07021E-5 2.32806E-5 2.58901E-5 2.6721E-5 2.65208E-5 2.55561E-5 2.38284E-5 2.25724E-5 2.01305E-5 1.79754E-5 1.66784E-5 1.59977E-5 1.51455E-5 1.44981E-5 1.46998E-5 1.49779E-5
1.87441E-5 1.82431E-5 1.72178E-5 1.67291E-5 1.71275E-5 1.74655E-5 1.8291E-5 1.94106E-5 2.17562E-5 2.38556E-5 2.47798E-5 2.47351E-5 2.37639E-5 2.64962E-5 2.50129E-5 2.52044E-5 3.0127E-5 2.84916E-5 2.70197E-5 2.66418E-5 2.71794E-5 2.83881E-5 2.77167E-5 2.93463E-5 2.88123E-5 2.95525E-5 3.09589E-5 3.3105E-5 3.45964E-5 3.7757E-5 3.74428E-5 3.67179E-5 3.16862E-5 2.82032E-5 2.98255E-5 2.73188E-5 2.47387E-5 2.29455E-5 1.71084E-5 1.60841E-5 1.53755E-5 1.48703E-5 1.48667E-5 1.53808E-5 1.4647E-5 1.58409E-5 1.66846E-5 1.80339E-5 2.07801E-5 2.29872E-5 1.92357E-5 2.08357E-5 2.22861E-5 2.35991E-5 2.41578E-5 2.45113E-5 2.30499E-5 2.1202E-5 1.94861E-5 1.75199E-5 1.6695E-5 1.58387E-5 1.53159E-5 1.91852E-5 1.90342E-5 1.94798E-5
1.73366E-5 1.77074E-5 1.71632E-5 1.67502E-5 1.75276E-5 1.80018E-5 1.90128E-5 2.05213E-5 2.15519E-5 2.48672E-5 2.63164E-5 2.6252E-5 2.46072E-5 2.53115E-5 2.47154E-5 3.01534E-5 2.9731E-5 2.86324E-5 2.8281E-5 2.87055E-5 2.68441E-5 2.70637E-5 2.72781E-5 2.90844E-5 3.18586E-5 3.18607E-5 3.25851E-5 3.45806E-5 3.49384E-5 3.68882E-5 3.60145E-5 3.3956E-5 3.12766E-5 2.74428E-5 2.99045E-5 2.76014E-5 2.54167E-5 2.33592E-5 2.16565E-5 1.60659E-5 1.59917E-5 1.5604E-5 1.3823E-5 1.40433E-5 1.50885E-5 1.55146E-5 1.62008E-5 1.75576E-5 1.924E-5 1.57877E-5 1.76042E-5 1.91771E-5 2.02806E-5 2.08967E-5 2.19174E-5 2.20976E-5 2.13586E-5 2.49446E-5 1.83869E-5 2.15152E-5 2.06103E-5 2.00702E-5 1.92618E-5 1.94747E-5 1.99088E-5 2.08418E-5
1.64547E-5 1.65851E-5 1.66666E-5 1.65626E-5 1.71203E-5 1.82616E-5 1.93081E-5 2.09125E-5 2.27713E-5 2.50455E-5 2.76215E-5 2.52782E-5 2.47811E-5 2.53233E-5 2.43389E-5 2.94747E-5 2.86558E-5 2.7839E-5 2.94285E-5 2.89168E-5 2.84601E-5 2.84707E-5 2.91473E-5 2.98137E-5 2.96978E-5 3.19521E-5 3.28805E-5 3.49084E-5 3.49935E-5 3.32997E-5 3.33983E-5 3.27472E-5 3.0218E-5 2.71723E-5 2.74886E-5 2.54083E-5 2.51023E-5 2.14659E-5 2.00455E-5 2.0702E-5 1.43582E-5 1.40803E-5 1.4028E-5 1.40789E-5 1.46815E-5 1.499E-5 1.62591E-5 1.79491E-5 1.93696E-5 1.51039E-5 1.62441E-5 1.74786E-5 1.84034E-5 1.93104E-5 1.94317E-5 1.93724E-5 1.96172E-5 1.89795E-5 2.24175E-5 2.13668E-5 1.99752E-5 1.94172E-5 1.93289E-5 1.9936E-5 2.01652E-5 1.25669E-5
