Leopardus garleppi/Leopardus_garleppi.asc
ncols         515
nrows         545
xllcorner     -119.0
yllcorner     -58.333333333333
cellsize      0.166666666667
NODATA_value  -9999
[rows 145 to 173 of 545, columns 264 to 329 of 515]
3.45889E-6 1.13544E-6 9.62244E-7 2.00868E-5 3.41966E-4 1.97262E-4 4.12237E-6 3.16793E-6 2.97952E-5 2.7691E-3 1.6338E-2 1.21054E-2 3.70735E-3 6.11149E-4 1.60919E-4 6.25957E-5 1.40988E-4 1.72967E-3 8.14955E-2 8.03362E-2 1.03703E-1 1.244E-1 1.04131E-1 5.62902E-2 6.51645E-3 1.4069E-3 1.01959E-3 4.67011E-4 9.17321E-4 1.33326E-5 1.91996E-5 1.08983E-5 1.01582E-5 9.85681E-6 9.63931E-6 9.46465E-6 9.39767E-6 7.71348E-6 7.94497E-6 9.24819E-6 9.84435E-6 8.74628E-6 9.0824E-6 1.12541E-5 1.17665E-5 1.69972E-5 1.72465E-5 2.63336E-5 2.11201E-5 1.40794E-5 2.61015E-5 2.10823E-5 2.29781E-5 2.43877E-5 2.51509E-5 2.35324E-5 2.80756E-5 2.97321E-5 3.34492E-5 3.61739E-5 2.06867E-3 2.04307E-3 1.82637E-3 2.95958E-3 2.56909E-3 1.99294E-3
4.55014E-6 7.9362E-7 3.39405E-6 4.68184E-5 4.40614E-3 1.95673E-4 4.77169E-6 2.35897E-6 4.40513E-6 1.11899E-3 2.47582E-2 5.13794E-2 2.14832E-2 2.81876E-3 5.05145E-4 6.2193E-4 1.98559E-3 3.34161E-2 1.86477E-1 5.94893E-2 8.36791E-2 3.77361E-2 1.7461E-2 9.72895E-3 2.55659E-3 4.05676E-4 6.39085E-4 4.90144E-4 6.22576E-4 1.17374E-5 1.10069E-5 9.71016E-6 1.88274E-5 1.87173E-5 8.82435E-6 1.03573E-5 1.03667E-5 6.76937E-6 6.93163E-6 7.57458E-6 7.20735E-6 7.22117E-6 8.18347E-6 8.5867E-6 9.15121E-6 1.16277E-5 1.24642E-5 2.27863E-5 2.19221E-5 2.10822E-5 1.12162E-5 8.85885E-6 1.86699E-5 1.61266E-5 1.6599E-5 1.9769E-5 1.04285E-5 2.15175E-5 1.25916E-5 1.3735E-5 2.63331E-5 2.90968E-5 2.60018E-3 2.66305E-3 3.08846E-3 9.84469E-4
6.64242E-6 3.68619E-6 5.739E-5 8.80879E-5 5.3301E-4 1.00623E-4 1.73723E-6 5.05329E-6 3.81041E-6 6.17621E-5 6.32775E-2 1.08413E-1 6.04204E-2 7.0985E-3 7.39738E-4 3.16119E-3 1.97181E-2 7.02527E-2 9.00443E-2 1.97872E-2 1.25379E-2 8.94534E-3 5.02078E-3 1.36943E-3 4.62002E-4 5.58581E-4 7.35961E-4 1.5045E-5 7.81429E-6 9.42214E-6 9.95554E-6 8.95752E-6 8.82244E-6 8.61399E-6 8.09213E-6 1.04274E-5 8.08009E-6 5.42746E-6 5.83441E-6 4.98149E-6 4.95206E-6 4.84743E-6 5.46857E-6 7.59975E-6 8.11728E-6 8.36311E-6 1.62791E-5 1.80625E-5 1.80983E-5 2.16018E-5 1.18494E-5 8.03183E-6 1.40096E-5 1.20504E-5 1.54811E-5 2.04947E-5 3.31895E-5 2.7942E-5 2.28751E-5 1.1125E-5 1.04273E-5 1.19125E-5 3.8658E-5 2.42298E-3 2.14728E-3 1.961E-3
3.17239E-6 2.47229E-6 5.64293E-5 3.89304E-4 3.04223E-4 2.97159E-5 8.12673E-7 3.16785E-6 3.2026E-6 6.66487E-6 5.40528E-3 1.11053E-1 1.14621E-1 1.02447E-2 6.34131E-3 7.14931E-3 8.03713E-3 7.90383E-3 5.53011E-3 4.2449E-3 4.57982E-3 3.62083E-3 4.544E-4 7.14881E-4 1.56546E-5 1.70623E-5 1.90719E-5 1.42357E-5 8.41128E-6 8.8543E-6 9.54611E-6 8.12641E-6 7.20319E-6 6.63072E-6 5.04529E-6 5.45357E-6 5.24429E-6 3.13877E-6 3.294E-6 4.28458E-6 3.90741E-6 4.13759E-6 3.33436E-6 3.63653E-6 4.32415E-6 6.85921E-6 7.54373E-6 8.05176E-6 8.38467E-6 1.05677E-5 1.23063E-5 1.99923E-5 2.13039E-5 2.2013E-5 2.82309E-5 2.11286E-5 1.05265E-5 7.12792E-6 1.45975E-5 2.20975E-5 2.3662E-5 1.34323E-5 2.99246E-5 2.76481E-5 2.63434E-5 1.59383E-3
2.71211E-6 1.70237E-6 5.69038E-5 3.11135E-4 3.08092E-4 1.68655E-5 9.90657E-7 2.87282E-6 2.98195E-6 6.9518E-6 1.30721E-3 6.66822E-2 1.65548E-1 4.22587E-2 3.74457E-2 3.71823E-2 5.8917E-3 1.91838E-3 1.44699E-3 1.29219E-3 1.43375E-3 1.16556E-3 5.46817E-4 1.46271E-5 1.46541E-5 1.66943E-5 1.52119E-5 7.43902E-6 8.11002E-6 8.04724E-6 6.38851E-6 5.2624E-6 3.88767E-6 4.32906E-6 4.18158E-6 4.46179E-6 2.59206E-6 2.52626E-6 4.67711E-6 4.45494E-6 4.30194E-6 5.75767E-6 4.97245E-6 4.43324E-6 4.97274E-6 4.74383E-6 6.25197E-6 6.42844E-6 7.46211E-6 1.00633E-5 1.10396E-5 2.26298E-5 1.96422E-5 1.30735E-5 1.24866E-5 4.62126E-6 7.92271E-6 5.17051E-6 6.06628E-6 1.48771E-5 2.27001E-5 1.77201E-5 1.97261E-5 3.93535E-5 1.81449E-3 2.79123E-3
4.73428E-6 4.08491E-6 4.15908E-5 1.22423E-4 3.32744E-4 4.09839E-5 1.3521E-6 7.92606E-7 4.09007E-6 6.14889E-6 8.47265E-4 2.13194E-2 2.63742E-1 1.68003E-1 1.28004E-1 1.71703E-1 8.46514E-2 1.88271E-3 1.02241E-3 8.68921E-4 1.64048E-3 4.22316E-4 1.76942E-5 1.191E-5 1.14253E-5 8.9865E-6 1.0964E-5 7.26924E-6 6.87249E-6 6.61584E-6 5.36174E-6 3.68788E-6 3.31833E-6 3.44885E-6 3.51616E-6 2.99259E-6 3.32102E-6 3.72889E-6 4.30575E-6 4.28488E-6 3.85302E-6 3.82839E-6 1.58591E-6 1.63059E-6 3.07754E-6 5.24247E-6 5.36687E-6 6.53332E-6 6.18158E-6 5.59425E-6 1.36996E-5 8.2578E-6 3.57098E-6 3.85746E-6 7.29442E-6 1.17317E-5 2.06208E-5 7.8428E-6 1.02552E-5 4.32809E-6 1.19573E-5 1.47536E-5 1.46837E-5 1.47025E-5 2.68516E-3 2.62516E-3
2.85895E-5 1.65822E-5 4.69176E-5 7.90695E-5 9.56291E-5 5.28021E-6 9.4076E-7 9.08409E-7 2.18033E-6 1.34366E-5 3.32723E-4 1.08356E-2 2.78975E-1 3.21664E-1 1.81002E-1 5.16008E-2 4.21911E-2 1.24594E-3 1.34677E-5 9.71266E-4 1.53647E-3 1.17152E-5 1.77462E-5 7.73377E-6 1.04023E-5 9.27951E-6 7.48114E-6 6.3143E-6 4.93156E-6 3.19022E-6 3.49405E-6 2.63056E-6 2.66821E-6 2.85988E-6 2.83296E-6 3.14041E-6 3.33232E-6 1.33347E-6 1.27035E-6 1.53999E-6 1.40451E-6 1.21052E-6 1.15919E-6 1.2498E-6 3.16716E-6 1.42632E-6 3.95063E-6 4.61697E-6 5.25123E-6 5.84166E-6 5.05687E-6 3.4859E-6 3.53247E-6 6.54221E-6 3.16494E-6 3.3686E-6 7.26124E-6 5.72726E-5 1.53789E-5 9.15727E-6 8.99237E-6 2.663E-3 2.21177E-3 2.37213E-3 3.94336E-3 2.13755E-3
1.31402E-4 7.27603E-5 5.74161E-5 5.22604E-5 4.82934E-6 1.44235E-6 1.08132E-6 1.48356E-6 2.63978E-6 5.10519E-5 7.94508E-4 2.33038E-3 3.22359E-1 6.53757E-2 2.753E-1 8.95402E-2 5.73773E-3 4.20508E-5 1.51378E-5 1.34942E-5 1.7919E-5 1.04127E-5 1.62883E-5 1.13236E-5 1.05792E-5 6.60529E-6 4.2702E-6 5.04812E-6 4.9639E-6 6.0556E-6 3.78004E-6 3.04537E-6 2.87525E-6 2.71824E-6 3.03014E-6 1.41534E-6 8.62125E-7 1.10447E-6 1.06366E-6 1.06596E-6 9.91751E-7 9.81806E-7 9.60997E-7 1.07864E-6 1.05893E-6 1.43841E-6 1.39749E-6 3.74612E-6 2.18364E-6 1.0982E-6 1.28473E-6 7.06013E-6 5.66599E-6 3.7182E-6 5.66977E-6 5.08559E-6 5.64107E-6 1.13457E-5 9.061E-6 1.06728E-5 1.15417E-5 2.0573E-3 1.88355E-3 1.97317E-3 3.5126E-3 3.47241E-3
6.91518E-4 1.54991E-4 6.92253E-5 1.53607E-5 1.36757E-6 1.58359E-6 1.87646E-6 2.05583E-6 7.36663E-6 4.30725E-4 1.58547E-3 1.7805E-3 5.5057E-2 1.1217E-1 2.54985E-2 1.69595E-1 1.85625E-2 4.05638E-5 1.16095E-5 1.03937E-5 9.97882E-6 8.65918E-6 1.39463E-5 1.58907E-5 1.09845E-5 5.66766E-6 3.84875E-6 3.67702E-6 3.11928E-6 2.64739E-6 2.53947E-6 2.11701E-6 1.93189E-6 1.82502E-6 1.10275E-6 1.01054E-6 9.52888E-7 9.32656E-7 8.60307E-7 8.7138E-7 8.73386E-7 8.67127E-7 8.76729E-7 8.60064E-7 8.4302E-7 1.23625E-6 1.30549E-6 2.87775E-6 1.72194E-6 3.27988E-7 7.36674E-7 3.24861E-5 2.07063E-5 1.62168E-6 3.08403E-6 1.74615E-6 3.86515E-6 8.63288E-6 6.99021E-6 7.12729E-6 9.1317E-6 1.59945E-3 1.65123E-3 3.40177E-3 3.39536E-3 3.34152E-3
8.70123E-4 2.27157E-4 6.21912E-5 4.10009E-6 1.6285E-6 2.52043E-6 1.74349E-6 3.13351E-6 2.37701E-5 5.27022E-3 1.32081E-3 1.3788E-3 3.82449E-3 9.59589E-2 1.00722E-1 2.10909E-2 1.76627E-2 2.43727E-3 6.9327E-5 8.06599E-6 1.10681E-5 6.29472E-6 7.73084E-6 4.79182E-6 6.14868E-6 2.76074E-6 3.70515E-6 2.58454E-6 1.87092E-6 1.81389E-6 1.77868E-6 1.70372E-6 1.65513E-6 9.40556E-7 9.36336E-7 8.95133E-7 8.49814E-7 8.27545E-7 8.49676E-7 7.56989E-7 1.02567E-6 7.50479E-7 7.06946E-7 6.93221E-7 6.81814E-7 6.69566E-7 6.66435E-7 1.19153E-6 5.28101E-7 1.93498E-7 1.32118E-6 2.85459E-5 5.6252E-5 2.79375E-6 2.78437E-6 4.33658E-6 9.21101E-6 3.74445E-5 8.8186E-6 5.76937E-6 9.92432E-4 1.23582E-3 1.37773E-3 3.0901E-3 2.81574E-3 2.66183E-3
5.58024E-4 2.19936E-4 5.52895E-5 2.03649E-6 1.68525E-6 2.30209E-6 4.8111E-6 7.22704E-6 2.64203E-4 1.30898E-2 9.1075E-4 3.00876E-3 2.7306E-3 1.49285E-3 4.8143E-2 9.63149E-2 4.50966E-2 2.42259E-2 5.96002E-4 1.28356E-5 7.14277E-6 7.07885E-6 7.19507E-6 4.84765E-6 4.35509E-6 3.31606E-6 2.27279E-6 1.75076E-6 1.47585E-6 1.47166E-6 1.50137E-6 1.53179E-6 1.49144E-6 8.45801E-7 8.39515E-7 7.75124E-7 7.30998E-7 6.71321E-7 5.62261E-7 5.6495E-7 5.8259E-7 5.71432E-7 5.82448E-7 5.6085E-7 5.57784E-7 5.77843E-7 6.18384E-7 8.64965E-7 4.06931E-7 5.6994E-7 1.33867E-6 1.88643E-5 3.08077E-5 5.30977E-6 2.54717E-6 3.00402E-6 2.13022E-5 5.86413E-3 2.07665E-3 6.5346E-4 7.57116E-4 8.89104E-4 1.00993E-3 2.4774E-3 2.41073E-3 2.13185E-3
4.2272E-4 1.36636E-4 2.08623E-5 2.5134E-6 2.42108E-6 4.33997E-6 6.17459E-6 1.11194E-4 5.14924E-4 7.87554E-3 8.06907E-4 2.31873E-3 8.82687E-3 8.79128E-3 2.0564E-2 1.02133E-1 7.16146E-2 9.59465E-3 9.65056E-5 8.93027E-6 5.6896E-6 1.22376E-5 1.24105E-5 4.70265E-6 2.7498E-6 1.62794E-6 1.70377E-6 1.73756E-6 1.31395E-6 1.31496E-6 1.20318E-6 1.26332E-6 1.20902E-6 1.1022E-6 6.50406E-7 6.35807E-7 5.62477E-7 5.78359E-7 5.02279E-7 5.0354E-7 4.94676E-7 4.85674E-7 5.15665E-7 4.89094E-7 4.75113E-7 4.30992E-7 5.49013E-7 4.88359E-7 2.40088E-6 7.71093E-6 1.01722E-6 6.59549E-6 6.38906E-6 1.54901E-6 2.32538E-6 2.20448E-6 3.84925E-6 2.75544E-5 4.97323E-3 1.41075E-3 5.95193E-4 6.57045E-4 1.36371E-3 1.77876E-3 2.26124E-3 2.03619E-3
3.85703E-4 8.32948E-5 1.14517E-5 3.13912E-6 5.08626E-6 5.48006E-6 4.87382E-5 2.87871E-4 2.10422E-3 1.2152E-3 1.60655E-3 2.80443E-3 1.00622E-1 6.03579E-2 3.15494E-2 5.27256E-2 6.57326E-3 3.89508E-4 1.52995E-5 6.2942E-6 5.22232E-6 5.04312E-6 5.49431E-6 3.7206E-6 2.3839E-6 1.50946E-6 1.54294E-6 1.6214E-6 1.72495E-6 1.2279E-6 1.10384E-6 9.77136E-7 9.52539E-7 9.74609E-7 9.6787E-7 1.11424E-6 5.77614E-7 4.92887E-7 4.49987E-7 6.38406E-7 6.78186E-7 6.46921E-7 7.14789E-7 6.61073E-7 4.95254E-7 4.47896E-7 4.07554E-7 4.94217E-7 2.84553E-6 6.68078E-6 5.74959E-6 2.25741E-6 4.84919E-6 1.79269E-6 2.63168E-6 4.17358E-6 4.18432E-6 9.31571E-6 7.56709E-3 3.94667E-3 4.15169E-4 5.72581E-4 1.16765E-3 1.46345E-3 1.95263E-3 1.70292E-3
2.61015E-4 2.73502E-5 6.68737E-6 9.39695E-6 1.62664E-5 5.25453E-5 8.06174E-4 1.17047E-2 2.21489E-3 1.28377E-3 5.42458E-3 5.36502E-2 9.59729E-2 9.23008E-2 4.72617E-2 1.1185E-2 7.11644E-4 8.89994E-5 1.33764E-5 3.78081E-6 2.03111E-6 5.12988E-6 4.33334E-6 2.99224E-6 1.48272E-6 1.36715E-6 1.27717E-6 1.41331E-6 1.56237E-6 1.36035E-6 1.82611E-6 1.18327E-6 1.15821E-6 1.25095E-6 1.05945E-6 8.36043E-7 7.32728E-7 1.01314E-6 1.05758E-6 5.15923E-7 5.10858E-7 4.83211E-7 3.42915E-7 3.40869E-7 3.26249E-7 3.52026E-7 7.3541E-7 9.834E-7 2.44809E-6 6.6108E-6 3.01321E-5 7.18498E-6 3.54976E-6 4.04422E-6 4.12787E-6 9.53634E-6 8.40318E-6 6.81032E-3 9.12943E-3 2.71668E-3 4.32094E-4 8.74758E-4 9.93433E-4 1.32307E-3 1.46361E-3 1.38682E-3
1.61233E-4 1.31133E-5 7.17531E-6 1.03737E-5 9.80275E-5 1.7531E-4 1.79351E-2 3.17925E-3 2.43608E-3 1.48373E-2 4.99093E-2 1.00911E-1 8.5212E-2 3.14143E-2 1.1162E-2 2.74804E-3 2.32865E-4 5.31423E-5 7.17907E-6 3.10917E-6 2.51888E-6 3.60211E-6 4.07581E-6 2.48999E-6 1.22622E-6 1.86642E-6 1.52544E-6 1.24166E-6 9.9518E-7 7.71863E-7 1.78628E-6 8.85736E-7 8.47707E-7 7.64411E-7 5.44511E-7 6.03407E-7 5.68066E-7 3.43785E-7 4.52335E-7 4.34772E-7 3.92829E-7 4.25328E-7 2.89962E-7 2.78953E-7 3.0696E-7 3.55791E-7 8.19057E-7 2.13607E-6 2.43441E-6 6.83507E-6 2.49101E-5 3.4865E-5 3.52614E-6 5.64413E-5 3.11823E-5 9.85009E-6 7.49556E-6 9.66585E-3 7.37283E-3 3.68302E-3 1.21421E-3 6.25839E-4 7.62888E-4 9.85576E-4 1.26177E-3 1.24303E-3
1.05504E-4 1.43075E-5 5.62784E-6 2.89815E-5 2.44365E-4 4.70485E-4 5.82821E-3 6.49843E-2 3.51416E-2 9.36747E-2 7.69425E-2 8.42017E-2 6.65329E-2 1.72294E-2 3.31026E-3 4.50813E-4 1.3602E-4 1.71338E-5 3.50193E-6 2.92073E-6 2.02831E-6 2.04601E-6 2.80325E-6 1.48677E-6 1.30604E-6 1.71076E-6 1.60532E-6 1.0081E-6 8.7973E-7 1.40056E-6 1.14165E-6 7.56069E-7 6.80486E-7 5.66282E-7 7.16369E-7 7.47272E-7 6.68208E-7 3.86839E-7 4.06669E-7 3.80641E-7 3.44165E-7 2.34162E-7 2.15705E-7 2.08821E-7 7.03437E-7 1.77935E-6 4.66677E-6 1.19196E-5 1.1297E-5 2.34333E-5 3.77508E-5 1.03228E-5 1.57198E-5 8.04017E-5 3.25049E-5 4.47956E-7 9.11525E-6 1.21663E-2 1.92816E-2 4.63855E-3 1.1403E-3 5.66605E-4 5.94028E-4 7.50851E-4 1.00002E-3 1.1739E-3
1.06542E-4 7.2474E-6 1.24828E-5 2.48405E-4 8.11022E-4 5.13193E-4 5.49826E-2 8.02957E-2 3.56478E-2 8.17791E-2 5.13563E-2 4.78101E-2 4.57623E-2 8.27139E-3 5.77954E-4 1.42824E-4 2.15113E-5 8.67695E-6 3.79659E-6 3.09097E-6 2.98915E-6 1.93028E-6 1.07981E-6 1.29917E-6 1.37627E-6 1.1194E-6 9.79379E-7 1.19326E-6 1.32443E-6 1.20493E-6 7.78194E-7 7.68069E-7 7.80709E-7 7.23918E-7 5.84407E-7 5.64921E-7 5.40779E-7 5.45163E-7 3.4558E-7 3.37897E-7 2.98152E-7 1.95439E-7 1.935E-7 1.96405E-7 4.77893E-7 1.84029E-6 2.11681E-6 7.16091E-6 1.20274E-5 5.16267E-6 5.32165E-6 9.57919E-6 7.46498E-7 4.30553E-7 1.42769E-7 3.30881E-6 1.69525E-5 8.34072E-3 4.03998E-2 2.66372E-3 8.55065E-4 5.33449E-4 5.15196E-4 6.08102E-4 9.6838E-4 2.28901E-3
1.09152E-4 8.89394E-6 8.79815E-5 1.16604E-3 1.42544E-3 3.01846E-3 1.33519E-1 6.63229E-2 6.42844E-2 1.81765E-2 1.84063E-2 1.60668E-2 1.74058E-2 3.65943E-3 2.04327E-4 2.41024E-5 3.70761E-6 4.03052E-6 2.52409E-6 3.52112E-6 3.75647E-6 1.47168E-6 1.0461E-6 1.16657E-6 1.0461E-6 1.03202E-6 1.38725E-6 7.31199E-7 8.05664E-7 6.93428E-7 6.89016E-7 5.99674E-7 6.42304E-7 5.67102E-7 5.35162E-7 4.98379E-7 5.19261E-7 5.58769E-7 5.27139E-7 3.47789E-7 3.23635E-7 1.98357E-7 2.02164E-7 2.59038E-7 8.7667E-7 2.04165E-6 4.37244E-6 2.05513E-6 4.03424E-6 8.66075E-6 8.35511E-6 9.61404E-6 4.81137E-7 1.14146E-7 9.86366E-8 8.87171E-7 1.28089E-6 1.55439E-2 2.4557E-2 4.84798E-3 7.67497E-4 4.93826E-4 4.72255E-4 5.53037E-4 9.64713E-4 1.20078E-3
1.35686E-4 2.31178E-5 1.90349E-4 7.63469E-4 2.74647E-3 9.26646E-2 5.44462E-2 6.32222E-2 2.68785E-2 7.90844E-3 5.60206E-3 1.29552E-3 7.57439E-4 8.98427E-5 2.40348E-5 2.38186E-6 2.8338E-6 2.65073E-6 2.12562E-6 8.29078E-7 1.34661E-6 1.70455E-6 1.60791E-6 1.31027E-6 8.63107E-7 1.62139E-6 7.6842E-7 6.0772E-7 5.13949E-7 3.45605E-7 4.06846E-7 4.20374E-7 4.56286E-7 5.6705E-7 5.6741E-7 5.74011E-7 4.95424E-7 4.1996E-7 4.2705E-7 2.744E-7 2.73883E-7 1.93378E-7 1.97444E-7 6.58711E-7 9.33813E-7 1.87409E-6 1.69896E-6 3.88606E-6 2.10987E-5 1.01537E-5 1.50725E-6 3.52742E-7 3.80571E-7 1.03965E-7 1.41576E-7 2.91953E-7 6.0919E-7 2.73373E-6 9.41798E-3 6.37515E-3 8.97787E-4 6.51458E-4 2.71662E-4 5.68778E-4 8.17948E-4 8.23252E-4
1.20799E-4 2.12251E-5 6.06796E-4 7.0908E-4 1.78326E-2 1.77089E-1 4.83309E-2 3.0672E-2 7.94023E-3 1.90576E-3 2.7833E-3 1.98714E-4 3.63084E-4 1.50263E-5 2.63759E-6 1.92765E-6 3.09645E-6 2.85058E-6 1.23987E-6 6.72774E-7 7.42769E-7 7.37104E-7 9.03121E-7 1.38894E-6 1.32593E-6 4.97004E-7 5.2704E-7 4.74022E-7 5.20099E-7 3.90885E-7 4.57767E-7 5.04214E-7 5.09804E-7 5.82563E-7 5.36704E-7 4.2764E-7 4.30637E-7 4.25774E-7 4.48216E-7 4.47116E-7 4.48391E-7 2.66307E-7 1.59549E-7 6.18012E-7 6.44766E-7 1.75322E-5 1.92032E-5 3.24836E-5 1.16296E-5 1.68958E-5 1.50297E-6 3.0455E-7 1.5005E-7 1.29816E-7 2.28367E-7 2.53778E-7 2.59358E-7 7.86466E-7 4.88962E-3 2.67573E-3 6.65682E-4 6.76209E-4 7.35088E-4 9.35512E-4 7.34337E-4 7.451E-4
6.50151E-5 2.22992E-5 1.04584E-3 1.18172E-2 7.71695E-2 8.59215E-2 5.77148E-2 2.16334E-2 4.85128E-3 1.83194E-3 2.11589E-4 3.06467E-5 2.19226E-5 3.05691E-6 2.07633E-6 7.11271E-7 1.45277E-6 9.24255E-7 8.43098E-7 9.0059E-7 8.2725E-7 7.27616E-7 1.27326E-6 1.69802E-6 7.51959E-7 6.15628E-7 5.15878E-7 4.16155E-7 4.16474E-7 5.3608E-7 5.55383E-7 6.19985E-7 5.05584E-7 4.02604E-7 3.94818E-7 4.00684E-7 4.40012E-7 4.58432E-7 4.23636E-7 4.17269E-7 4.15439E-7 4.71321E-7 4.82993E-7 5.93009E-7 5.74699E-7 9.61745E-6 9.04189E-6 4.59536E-5 9.00667E-5 7.11029E-5 3.6009E-6 3.20491E-7 2.13845E-7 1.06363E-7 1.84886E-7 2.2982E-7 2.73624E-7 8.57429E-7 2.23214E-6 2.40676E-3 1.74766E-3 9.15964E-4 4.53472E-3 7.91209E-3 5.73316E-4 9.05389E-4
3.58402E-5 1.05519E-4 1.17779E-3 1.01954E-2 1.09142E-1 7.60069E-2 3.3148E-2 1.67192E-2 3.62557E-3 1.06828E-3 1.65283E-5 7.51252E-6 2.24641E-6 1.49008E-6 6.15287E-7 6.46546E-7 7.91902E-7 7.56107E-7 7.39E-7 7.51815E-7 9.66294E-7 1.65659E-6 1.94508E-6 5.48028E-7 3.16595E-7 3.59859E-7 5.83209E-7 3.64012E-7 3.44523E-7 5.28116E-7 5.35308E-7 4.56284E-7 4.17065E-7 4.07043E-7 4.33889E-7 3.45277E-7 4.3717E-7 4.04589E-7 7.25599E-7 4.68662E-7 4.7217E-7 4.43045E-7 4.0421E-7 5.18497E-7 4.28349E-7 5.55583E-7 6.00521E-7 1.45135E-5 9.15249E-5 9.97414E-5 2.96939E-6 7.95817E-7 1.51076E-7 1.54114E-7 1.42237E-7 3.22155E-7 6.43343E-7 8.09853E-7 1.05589E-6 8.5237E-4 9.55909E-4 9.82899E-4 1.98188E-2 1.04069E-2 1.67453E-3 4.31838E-4
1.74473E-5 3.21042E-5 1.73578E-4 2.34542E-3 1.0497E-1 8.17709E-2 1.58442E-2 2.28236E-2 3.78223E-3 5.03856E-4 8.91609E-6 1.95567E-6 1.66851E-6 2.16952E-6 6.8663E-7 7.72241E-7 6.25004E-7 7.49858E-7 1.10497E-6 1.12182E-6 1.08674E-6 8.61272E-7 9.22565E-7 6.39745E-7 1.20154E-6 4.99287E-7 7.29163E-7 4.75429E-7 3.09942E-7 5.89167E-7 4.72638E-7 1.00615E-6 7.43175E-7 6.96448E-7 1.38168E-6 1.33977E-6 6.76061E-7 7.02645E-7 1.18795E-6 1.20542E-6 1.1165E-6 3.98947E-7 4.09691E-7 3.66783E-7 4.19077E-7 4.77495E-7 4.63923E-7 9.70927E-6 5.94054E-5 2.17369E-5 3.91796E-7 2.66895E-7 2.42648E-7 2.17198E-7 2.15808E-7 1.91827E-6 8.54093E-6 7.08623E-6 7.47824E-4 3.18225E-4 7.46673E-4 2.35582E-3 5.05046E-3 1.2989E-2 1.57605E-2 1.7223E-3
4.84379E-5 2.12272E-5 1.2358E-4 6.61969E-3 1.79138E-1 4.71684E-2 7.57392E-3 1.57745E-2 3.63267E-3 1.94992E-5 5.43254E-6 1.19202E-6 1.83546E-6 2.10291E-6 1.08639E-6 9.1995E-7 8.90068E-7 1.12715E-6 1.12139E-6 6.56889E-7 5.15472E-7 8.01504E-7 8.92457E-7 6.46691E-7 9.76596E-7 7.94899E-7 1.1368E-6 1.01273E-6 4.85079E-7 3.81336E-7 1.13005E-6 1.55977E-6 1.74847E-6 1.55674E-6 1.38312E-6 1.35775E-6 1.29E-6 1.24345E-6 1.23065E-6 1.12658E-6 1.02221E-6 9.89263E-7 3.76265E-7 3.8186E-7 3.87351E-7 7.62606E-7 2.1992E-6 1.02061E-5 3.00351E-6 3.64764E-7 2.25541E-7 1.9004E-7 2.07359E-7 2.04521E-7 2.30649E-7 7.17069E-6 3.92866E-5 3.79589E-5 4.54691E-3 2.42557E-3 2.01389E-3 1.62477E-3 2.88117E-3 3.49006E-3 2.59588E-3 7.29405E-6
1.61088E-5 1.914E-5 2.62589E-4 5.42603E-3 1.27426E-1 5.63905E-2 8.02554E-3 2.73801E-3 4.63118E-5 5.51527E-6 2.95626E-6 1.73196E-6 1.72908E-6 1.99001E-6 8.67124E-7 7.00351E-7 6.78274E-7 8.72185E-7 8.85953E-7 9.12714E-7 8.76347E-7 1.12283E-6 1.29705E-6 1.25729E-6 1.61679E-6 8.31392E-7 1.40099E-6 1.07814E-6 1.16945E-6 2.08969E-6 3.71555E-6 3.56368E-6 3.15228E-6 2.81703E-6 2.54971E-6 2.45831E-6 2.41658E-6 1.18544E-6 1.10818E-6 1.08206E-6 9.99899E-7 9.17531E-7 5.61447E-7 6.4242E-7 3.30925E-7 3.48421E-7 6.69804E-7 8.12668E-7 2.5461E-7 1.98215E-7 1.90596E-7 2.27106E-7 2.12495E-7 2.51153E-7 6.86053E-7 2.01614E-6 1.35665E-5 2.42507E-5 5.25088E-3 5.52534E-3 9.13687E-3 8.02753E-3 1.92725E-3 1.14511E-3 1.00162E-3 1.4633E-5
1.43403E-5 5.72394E-5 1.94462E-3 7.22786E-2 1.95437E-1 4.57253E-2 1.32177E-2 6.67229E-5 1.43281E-5 8.42965E-6 5.54508E-6 3.1577E-6 2.01127E-6 1.69251E-6 8.43622E-7 7.24053E-7 8.97524E-7 1.08129E-6 8.62855E-7 1.01024E-6 1.18371E-6 1.24442E-6 1.54149E-6 1.32197E-6 1.09146E-6 1.60574E-6 1.53347E-6 1.50246E-6 2.07722E-6 3.59657E-6 3.50048E-6 3.57716E-6 3.13999E-6 2.78836E-6 2.56442E-6 2.44364E-6 1.33864E-6 1.14417E-6 1.09025E-6 1.08195E-6 9.6598E-7 9.08807E-7 8.87764E-7 9.30588E-7 3.24647E-7 2.93815E-7 3.5802E-7 3.54087E-7 1.98894E-7 3.14126E-7 2.9673E-7 3.14721E-7 3.40108E-7 5.72356E-7 1.66677E-6 2.51229E-6 5.07355E-6 2.30158E-5 4.28501E-5 7.88683E-3 7.2206E-3 9.50172E-3 2.6146E-3 1.7786E-5 2.30446E-5 2.85792E-5
1.92785E-5 2.46929E-4 1.06468E-2 1.43258E-1 9.4386E-2 4.88541E-2 1.80834E-3 1.60248E-5 1.23553E-5 1.22821E-5 6.69964E-6 5.75336E-6 2.91589E-6 2.06099E-6 1.30767E-6 7.60652E-7 8.85043E-7 9.40933E-7 9.97272E-7 1.14667E-6 1.10578E-6 1.6983E-6 1.60254E-6 2.38507E-6 2.16045E-6 1.8722E-6 1.53116E-6 3.89822E-6 3.78067E-6 3.50147E-6 3.48139E-6 2.99464E-6 2.75025E-6 2.48911E-6 2.3713E-6 2.15035E-6 2.02497E-6 1.13402E-6 1.08159E-6 1.06777E-6 9.86363E-7 9.72253E-7 9.13858E-7 8.22414E-7 2.92515E-7 3.05828E-7 3.08719E-7 2.8249E-7 1.84632E-7 3.09911E-7 2.75823E-7 2.74462E-7 8.99207E-7 2.21769E-6 2.46846E-6 7.84004E-6 4.56634E-6 3.78351E-5 3.76725E-5 3.54861E-5 4.86848E-5 6.69007E-3 3.7833E-3 2.53554E-5 2.71294E-5 3.05536E-5
2.97625E-5 1.2296E-3 8.99343E-2 2.35636E-1 6.28698E-2 2.32373E-2 7.36177E-4 1.98859E-5 1.33915E-5 7.3971E-6 7.02903E-6 6.15798E-6 3.27893E-6 2.41448E-6 2.64003E-6 1.08048E-6 1.066E-6 9.06558E-7 1.21878E-6 9.65043E-7 9.2339E-7 1.37553E-6 1.3526E-6 2.23866E-6 6.06496E-6 4.83777E-6 4.06391E-6 3.82812E-6 3.5789E-6 3.36922E-6 3.26791E-6 2.82653E-6 2.4332E-6 2.36343E-6 2.22004E-6 1.97185E-6 1.93615E-6 1.91047E-6 1.05908E-6 9.86366E-7 9.34575E-7 9.20466E-7 8.3299E-7 4.76014E-7 2.76779E-7 2.61909E-7 2.6702E-7 2.44065E-7 2.54553E-7 5.29453E-7 2.94396E-7 2.85706E-7 7.05662E-7 2.81227E-6 1.66561E-6 5.88285E-6 3.3154E-5 1.14419E-4 1.40922E-5 2.40113E-5 3.38894E-5 4.56586E-5 3.15795E-5 1.20791E-4 4.63104E-5 2.26811E-5
7.36526E-4 2.17093E-2 1.75631E-1 5.85416E-2 4.70469E-2 2.49328E-3 5.47125E-5 1.77753E-5 8.75796E-6 7.21916E-6 6.62673E-6 5.79732E-6 2.38442E-6 2.24002E-6 1.38268E-6 1.39163E-6 1.17979E-6 8.79187E-7 8.81936E-7 1.44464E-6 1.53524E-6 2.49518E-6 3.45932E-6 6.05497E-6 5.48017E-6 4.73541E-6 4.34841E-6 4.09092E-6 3.66702E-6 2.97877E-6 2.91148E-6 2.70462E-6 2.52631E-6 2.40824E-6 2.2532E-6 2.20387E-6 2.02133E-6 1.89102E-6 1.81116E-6 9.57524E-7 8.55577E-7 5.42436E-7 7.86814E-7 4.31901E-7 4.6432E-7 4.4763E-7 2.41977E-7 2.36907E-7 4.39352E-7 5.08023E-7 4.43838E-7 5.65962E-7 7.01659E-7 7.43042E-7 6.02293E-7 4.06E-5 8.29331E-5 7.05822E-5 4.60999E-6 3.43363E-6 3.89507E-5 3.27684E-5 4.36831E-5 9.1383E-5 2.61444E-5 2.61453E-5
