Leopardus garleppi/Leopardus_garleppi.asc
ncols         515
nrows         545
xllcorner     -119.0
yllcorner     -58.333333333333
cellsize      0.166666666667
NODATA_value  -9999
[rows 174 to 202 of 545, columns 330 to 395 of 515]
2.86729E-5 2.35222E-5 2.55711E-5 2.58008E-5 1.86838E-5 1.74069E-5 2.67665E-5 2.85483E-5 2.7024E-5 3.41862E-5 2.02475E-5 1.83549E-5 1.79874E-5 1.94964E-5 2.10665E-5 1.38206E-5 1.56576E-5 1.69318E-5 1.8334E-5 2.00595E-5 1.27469E-5 1.35518E-5 1.3009E-5 1.42668E-5 1.53058E-5 1.60292E-5 3.07638E-5 6.72639E-5 6.52119E-5 5.52752E-5 3.94364E-5 3.61116E-5 2.37E-5 2.28254E-5 4.61168E-4 3.31785E-4 3.10467E-4 2.55702E-4 1.95906E-4 1.7565E-4 1.49999E-4 1.13252E-4 1.00083E-4 8.63513E-5 8.23776E-5 9.46191E-5 4.07772E-5 8.84858E-5 1.12615E-4 3.90384E-5 3.05609E-5 3.03817E-5 2.81526E-5 2.48992E-5 3.86057E-5 3.50874E-5 2.61903E-5 2.38256E-5 2.59498E-5 2.42829E-5 2.2901E-5 2.06841E-5 2.12421E-5 2.00235E-5 1.8688E-5 1.62723E-5
3.30778E-5 2.69089E-5 2.49839E-5 3.64568E-5 3.19285E-5 1.96571E-5 1.9586E-5 1.95977E-5 1.98732E-5 2.07272E-5 2.13536E-5 2.02278E-5 2.06363E-5 2.04055E-5 2.04884E-5 1.32819E-5 1.51361E-5 1.78216E-5 1.89088E-5 1.24291E-5 1.43762E-5 1.33101E-5 1.42262E-5 1.53539E-5 1.47365E-5 5.16959E-5 1.93857E-4 1.47774E-4 1.37574E-4 1.22604E-4 5.42613E-5 3.57709E-5 2.49924E-5 2.491E-5 2.38215E-5 5.06172E-4 3.99777E-4 3.04713E-4 2.32731E-4 1.98609E-4 1.63327E-4 1.20291E-4 1.24872E-4 1.12813E-4 8.98535E-5 1.53712E-4 1.37364E-4 1.36207E-4 1.31346E-4 5.44032E-5 4.33977E-5 3.68178E-5 5.07178E-5 4.584E-5 4.74348E-5 4.15712E-5 2.8377E-5 2.58738E-5 2.30509E-5 2.20707E-5 2.23729E-5 2.21407E-5 1.97239E-5 1.88997E-5 1.94117E-5 1.998E-5
9.52085E-5 4.09004E-5 3.14073E-5 4.13351E-5 4.63719E-5 3.77532E-5 2.82468E-5 2.7903E-5 2.88849E-5 2.2402E-5 2.27983E-5 2.24886E-5 2.19443E-5 2.22973E-5 1.34643E-5 1.32914E-5 1.50661E-5 1.27949E-5 8.78488E-6 1.31204E-5 1.37729E-5 1.34625E-5 1.53565E-5 1.39205E-5 1.58212E-5 3.05413E-5 8.78611E-5 6.56618E-5 7.65235E-5 4.72398E-5 3.28648E-5 2.96693E-5 2.7736E-5 2.74987E-5 2.7542E-5 2.97991E-5 5.15559E-4 3.70667E-4 2.99963E-4 2.42459E-4 1.87611E-4 1.53782E-4 1.36487E-4 1.41135E-4 1.28213E-4 1.12996E-4 1.16163E-4 1.27788E-4 1.35955E-4 6.38787E-5 5.09046E-5 6.79871E-5 7.42364E-5 7.58617E-5 8.24001E-5 4.93571E-5 2.94572E-5 2.71843E-5 2.50342E-5 2.33019E-5 2.28744E-5 2.15603E-5 2.00103E-5 1.84327E-5 1.81785E-5 3.50538E-5
1.07991E-4 5.18756E-5 6.16406E-5 4.44563E-5 3.76634E-5 3.19555E-5 2.13165E-5 2.00944E-5 2.21108E-5 2.233E-5 2.38355E-5 2.32061E-5 2.40338E-5 2.32041E-5 1.26793E-5 1.34638E-5 1.49623E-5 1.0078E-5 1.15567E-5 1.28445E-5 1.33111E-5 1.49981E-5 2.67571E-5 2.70512E-5 1.63626E-5 1.96908E-5 2.21635E-5 2.42875E-5 2.96216E-5 2.48578E-5 3.39719E-5 3.32127E-5 2.76407E-5 3.54398E-5 3.30606E-5 3.04882E-5 3.20038E-5 4.16745E-4 3.33383E-4 2.45239E-4 2.01458E-4 1.65048E-4 1.55566E-4 1.62621E-4 1.42373E-4 1.29953E-4 2.1995E-4 2.49796E-4 2.03392E-4 1.34514E-4 1.08084E-4 8.94373E-5 8.58143E-5 9.49478E-5 8.18971E-5 5.37652E-5 4.23458E-5 3.24738E-5 2.84945E-5 2.71154E-5 2.53715E-5 2.4229E-5 2.08777E-5 2.06375E-5 1.96327E-5 1.94483E-5
1.16519E-4 8.2377E-5 7.90276E-5 6.4003E-5 3.40433E-5 2.21561E-5 2.22869E-5 2.10056E-5 2.11616E-5 2.22513E-5 2.22768E-5 2.26826E-5 2.37909E-5 2.44356E-5 1.33065E-5 1.47602E-5 1.59314E-5 1.0061E-5 1.12848E-5 1.17534E-5 1.23082E-5 2.26982E-5 2.37521E-5 2.61153E-5 3.02149E-5 2.09473E-5 1.60971E-5 1.68261E-5 1.42462E-5 2.63876E-5 3.72202E-5 3.37243E-5 3.02188E-5 3.37423E-5 3.42775E-5 3.31069E-5 3.32205E-5 4.24708E-4 3.42959E-4 2.72239E-4 2.18297E-4 1.84188E-4 1.73386E-4 1.55295E-4 1.36866E-4 1.4982E-4 1.74167E-4 6.05169E-4 2.57379E-4 1.89096E-4 1.38028E-4 1.07077E-4 7.93504E-5 1.68727E-4 8.10857E-5 6.78816E-5 5.49364E-5 3.70243E-5 3.14855E-5 2.91752E-5 2.68689E-5 2.78684E-5 2.53652E-5 2.45579E-5 2.22979E-5 2.01294E-5
1.36944E-4 8.84895E-5 1.05109E-4 1.04277E-4 6.78672E-5 3.22202E-5 3.40311E-5 2.25847E-5 3.66333E-5 3.63198E-5 2.23427E-5 2.19203E-5 2.24291E-5 1.31813E-5 1.44397E-5 1.61848E-5 1.82523E-5 1.95159E-5 1.16697E-5 2.10549E-5 2.21576E-5 2.37657E-5 2.27514E-5 1.49038E-5 1.11546E-5 1.30143E-5 1.42577E-5 1.19917E-5 2.74445E-5 4.58406E-5 3.92007E-5 3.68932E-5 3.66362E-5 3.85514E-5 3.53155E-5 3.48802E-5 3.3186E-5 3.08568E-5 3.54868E-4 3.00735E-4 2.52025E-4 1.97683E-4 1.79381E-4 1.6034E-4 1.56713E-4 1.44922E-4 1.80572E-4 5.51115E-4 3.99278E-4 3.31948E-4 1.9115E-4 1.20107E-4 1.01648E-4 1.63885E-4 1.8071E-4 1.41923E-4 6.56949E-5 5.41102E-5 3.84587E-5 3.31795E-5 3.00431E-5 3.116E-5 2.92928E-5 2.8377E-5 2.58218E-5 2.31425E-5
1.52161E-4 1.34429E-4 1.21192E-4 1.29121E-4 7.54432E-5 4.20441E-5 3.36099E-5 2.57187E-5 2.24422E-5 2.29443E-5 2.34187E-5 2.27485E-5 2.29216E-5 2.56952E-5 1.52451E-5 4.10289E-5 1.99861E-5 2.22239E-5 2.21819E-5 1.90197E-5 2.04349E-5 4.57324E-5 4.63849E-5 1.63959E-5 1.02186E-5 1.09922E-5 1.00219E-5 1.0805E-5 2.65774E-5 4.72268E-5 4.13479E-5 4.4135E-5 4.07778E-5 3.98398E-5 3.68639E-5 3.51533E-5 3.23817E-5 3.16314E-5 4.00188E-4 3.22738E-4 2.69159E-4 2.31712E-4 2.01107E-4 1.80499E-4 1.59328E-4 1.89065E-4 2.25247E-4 4.65266E-4 4.42449E-4 4.97217E-4 2.61444E-4 2.46126E-4 1.82687E-4 1.4659E-4 1.97166E-4 1.63757E-4 7.91762E-5 5.84346E-5 5.09316E-5 3.56838E-5 3.55294E-5 3.91911E-5 3.28574E-5 3.12883E-5 3.17616E-5 2.8398E-5
6.4303E-5 6.78242E-5 7.32464E-5 1.51232E-4 7.62369E-5 3.75278E-5 2.48909E-5 2.39909E-5 2.26828E-5 2.22056E-5 2.28576E-5 2.30207E-5 2.64783E-5 2.74034E-5 1.6208E-5 1.86711E-5 1.89833E-5 2.31582E-5 2.36237E-5 2.00102E-5 2.13382E-5 2.5638E-5 5.24163E-5 1.68612E-5 1.81879E-5 1.73051E-5 1.96138E-5 2.33198E-5 4.45763E-5 4.60035E-5 4.577E-5 4.53148E-5 4.30579E-5 3.9396E-5 3.7682E-5 3.48757E-5 3.296E-5 3.40352E-5 4.09851E-4 3.30559E-4 3.09533E-4 2.61077E-4 2.22413E-4 1.90449E-4 1.76068E-4 1.69886E-4 1.89444E-4 3.95999E-4 1.46623E-4 3.61602E-4 4.89736E-4 2.66847E-4 1.95516E-4 1.21896E-4 1.48359E-4 1.43804E-4 1.27441E-4 8.11667E-5 5.95708E-5 5.25381E-5 5.80414E-5 4.0581E-5 3.83279E-5 3.54443E-5 3.3799E-5 2.66425E-5
4.54646E-5 5.68648E-5 6.47028E-5 1.15122E-4 4.67938E-5 2.51041E-5 2.29069E-5 2.24841E-5 2.23984E-5 2.37056E-5 2.24324E-5 2.36378E-5 2.6419E-5 2.89681E-5 1.74104E-5 1.8088E-5 1.85581E-5 2.13001E-5 2.11051E-5 2.41173E-5 2.16212E-5 1.54905E-5 2.88656E-5 1.54958E-5 1.74348E-5 1.70998E-5 1.97638E-5 3.96379E-5 4.23721E-5 4.47213E-5 4.30493E-5 4.35037E-5 4.36535E-5 4.04429E-5 3.89354E-5 3.65625E-5 3.53374E-5 3.54831E-5 3.7426E-4 3.31721E-4 3.29283E-4 2.56438E-4 2.2294E-4 1.95314E-4 1.87127E-4 1.74903E-4 1.64757E-4 9.70841E-5 1.4121E-4 1.95747E-4 3.08956E-4 2.82242E-4 1.54741E-4 1.25484E-4 1.0976E-4 1.36179E-4 8.82346E-5 7.55132E-5 7.19137E-5 6.41692E-5 5.91446E-5 5.25079E-5 4.91345E-5 3.39249E-5 4.4188E-5 3.96151E-5
5.91895E-5 4.29283E-5 2.07742E-5 2.08376E-5 1.81567E-5 2.22693E-5 2.1571E-5 2.18867E-5 2.20635E-5 2.34035E-5 2.29571E-5 2.36609E-5 2.83426E-5 3.05411E-5 1.62926E-5 1.67409E-5 1.7805E-5 2.03853E-5 2.08277E-5 2.18127E-5 1.97225E-5 1.45208E-5 1.39855E-5 1.50309E-5 1.70597E-5 3.03791E-5 3.65123E-5 3.83141E-5 3.9163E-5 4.18048E-5 4.28378E-5 4.16844E-5 4.15191E-5 4.0753E-5 3.80633E-5 3.64819E-5 3.62648E-5 4.57992E-4 3.5883E-4 3.73331E-4 2.98145E-4 2.45618E-4 2.1105E-4 1.91916E-4 1.88529E-4 2.16114E-4 1.98659E-4 1.06231E-4 1.10829E-4 9.10775E-5 1.54332E-4 2.08276E-4 1.9926E-4 1.2235E-4 1.08956E-4 9.69528E-5 8.4872E-5 7.18459E-5 6.53468E-5 6.02747E-5 5.54023E-5 4.98941E-5 4.80067E-5 4.34324E-5 4.13551E-5 4.37178E-5
2.17631E-5 1.83376E-5 1.8719E-5 1.8609E-5 1.86948E-5 2.06634E-5 2.16651E-5 2.39794E-5 2.53358E-5 2.45627E-5 2.37304E-5 2.85148E-5 7.33345E-5 9.99782E-5 1.67476E-5 1.70542E-5 1.87354E-5 1.88053E-5 1.19636E-5 1.24164E-5 1.20589E-5 1.21564E-5 1.3283E-5 2.70945E-5 3.00106E-5 3.14146E-5 3.44385E-5 3.52417E-5 3.70595E-5 4.27855E-5 4.10978E-5 3.93048E-5 3.83744E-5 4.46417E-5 3.97061E-5 3.7143E-5 3.57475E-5 4.17226E-4 3.45994E-4 3.20662E-4 2.76144E-4 2.26309E-4 1.9306E-4 1.63222E-4 1.71119E-4 1.98828E-4 1.86369E-4 9.27791E-5 9.24177E-5 7.67286E-5 8.12516E-5 1.3665E-4 1.34159E-4 1.20117E-4 1.07119E-4 9.43106E-5 7.55475E-5 6.51499E-5 5.96124E-5 5.46221E-5 5.34295E-5 4.82032E-5 4.5977E-5 4.41545E-5 4.55809E-5 5.94289E-5
1.76895E-5 1.74536E-5 1.75605E-5 1.83027E-5 1.85293E-5 1.97229E-5 2.32849E-5 2.66637E-5 2.59713E-5 2.53886E-5 2.72528E-5 6.2235E-5 1.08483E-4 3.52026E-5 1.66892E-5 1.64507E-5 1.76207E-5 1.12319E-5 1.056E-5 1.09203E-5 1.19591E-5 1.20909E-5 1.19845E-5 2.27558E-5 2.63598E-5 2.76253E-5 3.53871E-5 5.28775E-5 5.52139E-5 4.33648E-5 4.03385E-5 3.7379E-5 3.73529E-5 6.87955E-5 7.67346E-5 4.25834E-5 3.73662E-5 3.94759E-4 3.16742E-4 2.75244E-4 2.4046E-4 2.13626E-4 1.71777E-4 1.55468E-4 1.56643E-4 1.72433E-4 1.63979E-4 8.29692E-5 6.53007E-5 7.88507E-5 1.21103E-4 1.2861E-4 1.23065E-4 1.10982E-4 1.00831E-4 1.27508E-4 7.39812E-5 6.55184E-5 5.86372E-5 5.27331E-5 4.99076E-5 4.50129E-5 4.099E-5 4.13501E-5 4.09551E-5 3.93703E-5
1.85259E-5 1.86878E-5 1.83438E-5 1.90814E-5 1.91476E-5 2.06893E-5 2.27965E-5 2.67373E-5 2.91244E-5 2.40721E-5 3.18763E-5 5.33311E-5 3.48226E-5 2.77629E-5 1.58437E-5 1.19318E-5 1.64922E-5 1.03144E-5 1.02623E-5 9.59636E-6 9.65721E-6 1.02199E-5 2.435E-5 2.63328E-5 2.51697E-5 2.53179E-5 1.7237E-5 3.35052E-5 7.01299E-5 6.33806E-5 5.41696E-5 3.67943E-5 4.10925E-5 7.33081E-5 6.62695E-5 7.05309E-5 6.1053E-4 3.60315E-4 2.91172E-4 2.25838E-4 2.0087E-4 1.76772E-4 1.51034E-4 1.42274E-4 1.36076E-4 1.42775E-4 1.52752E-4 6.93635E-5 7.13328E-5 1.21034E-4 1.27409E-4 1.18902E-4 1.18347E-4 1.05337E-4 9.51605E-5 8.84474E-5 7.91603E-5 1.03592E-4 9.84284E-5 5.82004E-5 4.77613E-5 4.31508E-5 4.03002E-5 4.18554E-5 3.9629E-5 3.82106E-5
4.23089E-5 6.58583E-5 1.83201E-5 2.01409E-5 2.16194E-5 2.2932E-5 2.59355E-5 2.82962E-5 2.86792E-5 2.74055E-5 3.36469E-5 1.47942E-5 1.46352E-5 1.51433E-5 1.1224E-5 1.12332E-5 1.11889E-5 9.61587E-6 9.67536E-6 8.97249E-6 9.08448E-6 9.27039E-6 1.04549E-5 1.18495E-5 1.3568E-5 1.46048E-5 2.69056E-5 3.21267E-5 3.26295E-5 6.61458E-5 7.55896E-5 4.08238E-5 6.93988E-5 6.97862E-5 7.81585E-5 7.80883E-4 6.27854E-4 4.66852E-4 2.45635E-4 1.96341E-4 1.67645E-4 1.41991E-4 1.31397E-4 1.24534E-4 1.29584E-4 1.36846E-4 1.38142E-4 1.10554E-4 1.05228E-4 1.21402E-4 1.15489E-4 1.08912E-4 1.06157E-4 9.79865E-5 8.75642E-5 8.25701E-5 1.04683E-4 6.76937E-5 6.2498E-5 7.90386E-5 5.39163E-5 4.7517E-5 3.96174E-5 3.74453E-5 3.58585E-5 3.80279E-5
1.44792E-5 2.15201E-5 1.06895E-4 1.38347E-4 2.63089E-5 2.43638E-5 2.9007E-5 3.17828E-5 3.39467E-5 3.29257E-5 2.81424E-5 1.51706E-5 1.60008E-5 1.67193E-5 1.10584E-5 1.14554E-5 1.0786E-5 9.54654E-6 9.06877E-6 8.58106E-6 9.3043E-6 8.93769E-6 9.64372E-6 1.06464E-5 1.16601E-5 2.40342E-5 2.82891E-5 3.28607E-5 3.0971E-5 3.54875E-5 6.83841E-5 4.51738E-5 4.12448E-5 4.48245E-5 4.58022E-5 7.88405E-5 5.54121E-4 3.74775E-4 3.20941E-4 1.86606E-4 1.46178E-4 1.17339E-4 1.12175E-4 1.0505E-4 1.16054E-4 1.15391E-4 1.107E-4 9.61691E-5 9.13853E-5 8.7934E-5 1.04202E-4 9.84954E-5 9.87542E-5 1.21095E-4 1.13084E-4 1.01772E-4 1.037E-4 6.47928E-5 5.01453E-5 4.71165E-5 8.40415E-5 7.54017E-5 4.48684E-5 3.8953E-5 3.49849E-5 3.27824E-5
1.33778E-5 1.37771E-5 1.45544E-5 1.61571E-4 1.56155E-4 2.75457E-5 2.99531E-5 3.35255E-5 3.82606E-5 3.39224E-5 2.904E-5 2.88567E-5 1.13022E-5 1.5726E-5 1.05447E-5 1.48252E-5 1.00183E-5 8.97642E-6 8.19197E-6 8.95631E-6 9.03139E-6 8.733E-6 1.02097E-5 1.02423E-5 1.07815E-5 1.20666E-5 1.32722E-5 2.73535E-5 3.12755E-5 3.16455E-5 5.95124E-5 7.66078E-5 3.86243E-5 4.18698E-5 4.11033E-5 7.10287E-5 3.66192E-4 2.94835E-4 1.62411E-4 1.32525E-4 1.34243E-4 1.05449E-4 9.61933E-5 9.22051E-5 9.32085E-5 1.10072E-4 9.67158E-5 1.00334E-4 7.93619E-5 9.30338E-5 9.26705E-5 8.97147E-5 8.71406E-5 1.11443E-4 1.07663E-4 9.6738E-5 8.98504E-5 8.7177E-5 7.74581E-5 4.6364E-5 4.4038E-5 7.65334E-5 6.44785E-5 3.65441E-5 5.28853E-5 3.22649E-5
1.19324E-5 1.30618E-5 1.36168E-5 1.5568E-5 2.45011E-5 2.38655E-5 2.68833E-5 3.21282E-5 3.70105E-5 3.30725E-5 2.95798E-5 2.90546E-5 3.55539E-5 1.58803E-5 3.50543E-5 1.35096E-5 9.49323E-6 8.69391E-6 8.89508E-6 9.01764E-6 8.97185E-6 9.15523E-6 9.69876E-6 1.00956E-5 1.07475E-5 1.12053E-5 1.28519E-5 1.42211E-5 1.54967E-5 2.76605E-5 3.74738E-5 6.35134E-5 3.8292E-5 3.5231E-5 3.70979E-5 4.23059E-5 2.46149E-4 1.45092E-4 1.17472E-4 1.07384E-4 9.86026E-5 9.13714E-5 8.24248E-5 7.75845E-5 7.63694E-5 8.88183E-5 9.25069E-5 8.23689E-5 7.99268E-5 6.81104E-5 6.48148E-5 8.09032E-5 1.0234E-4 1.07034E-4 9.87149E-5 9.44479E-5 8.61214E-5 8.06393E-5 8.12179E-5 8.60452E-5 6.25397E-5 6.28225E-5 6.69117E-5 5.98213E-5 3.19803E-5 2.96834E-5
1.09574E-5 1.17695E-5 1.33316E-5 8.74197E-6 9.59059E-6 1.18274E-5 2.37683E-5 2.89548E-5 3.07685E-5 3.04137E-5 3.00652E-5 2.87868E-5 3.49429E-5 3.3453E-5 3.44561E-5 2.14179E-5 1.28252E-5 8.88358E-6 8.951E-6 9.0992E-6 9.06473E-6 9.08466E-6 9.72354E-6 1.03075E-5 1.83194E-5 2.00261E-5 2.22853E-5 2.39719E-5 1.53575E-5 2.76752E-5 2.96338E-5 3.1763E-5 3.3828E-5 3.41894E-5 3.2519E-5 3.30679E-5 3.8719E-5 1.10487E-4 9.96716E-5 9.15778E-5 7.99077E-5 8.19932E-5 7.0214E-5 6.60755E-5 6.40405E-5 6.53435E-5 6.38002E-5 6.62141E-5 6.88212E-5 5.97838E-5 5.65306E-5 7.00847E-5 9.59159E-5 1.10951E-4 8.71483E-5 7.93799E-5 7.55694E-5 5.30344E-5 5.05231E-5 6.90423E-5 7.46533E-5 3.80927E-5 3.65296E-5 5.425E-5 3.34165E-5 3.02673E-5
1.00168E-5 1.09814E-5 1.23516E-5 1.42789E-5 1.65467E-5 1.86636E-5 2.13004E-5 2.49312E-5 2.60359E-5 3.37458E-5 2.46594E-5 2.61921E-5 3.59654E-5 3.41071E-5 2.08499E-5 2.17103E-5 1.25955E-5 8.93768E-6 9.21919E-6 9.07854E-6 8.94714E-6 9.4018E-6 2.20358E-5 1.93728E-5 1.8837E-5 2.06818E-5 2.22332E-5 2.21486E-5 2.89439E-5 2.95917E-5 2.9096E-5 2.89236E-5 3.16132E-5 3.11873E-5 3.00967E-5 3.03661E-5 3.1943E-5 7.7188E-5 7.28242E-5 7.51091E-5 6.82368E-5 6.19062E-5 5.85461E-5 5.64564E-5 5.2198E-5 5.2706E-5 5.14141E-5 5.01413E-5 5.94473E-5 6.15331E-5 6.21903E-5 6.15338E-5 1.00009E-4 1.01033E-4 1.02395E-4 8.47525E-5 7.0469E-5 6.58169E-5 6.5747E-5 6.21518E-5 6.36296E-5 5.59546E-5 3.56982E-5 3.10785E-5 2.85575E-5 2.74429E-5
8.90295E-6 1.03757E-5 1.21488E-5 1.42542E-5 1.64328E-5 1.73563E-5 1.96029E-5 2.08728E-5 2.20204E-5 2.12731E-5 2.81364E-5 2.37629E-5 3.30217E-5 3.13901E-5 1.98274E-5 2.02742E-5 1.16537E-5 8.99883E-6 2.03972E-5 9.35611E-6 2.03879E-5 2.17072E-5 2.2891E-5 2.60429E-5 2.04241E-5 2.06454E-5 2.27421E-5 2.27182E-5 2.52435E-5 3.06628E-5 3.02894E-5 2.87161E-5 2.95214E-5 2.97518E-5 2.75724E-5 2.92227E-5 3.02903E-5 6.06855E-5 5.83388E-5 5.69606E-5 5.45054E-5 5.14949E-5 4.99102E-5 4.91797E-5 4.42398E-5 4.51404E-5 4.46351E-5 4.42608E-5 5.37802E-5 5.11998E-5 7.86191E-5 7.81906E-5 7.56099E-5 8.91787E-5 9.70932E-5 9.03208E-5 7.66808E-5 6.70128E-5 4.14894E-5 6.14297E-5 6.01294E-5 6.23139E-5 3.2306E-5 2.98591E-5 2.85995E-5 2.60112E-5
9.4031E-6 1.04839E-5 1.2137E-5 1.41142E-5 1.59027E-5 1.67921E-5 1.64367E-5 2.41814E-5 1.84245E-5 2.5426E-5 2.61246E-5 2.84278E-5 2.91666E-5 1.94754E-5 1.87864E-5 1.89508E-5 1.89456E-5 1.96573E-5 9.05077E-6 9.13687E-6 2.09999E-5 2.26656E-5 2.40469E-5 2.42882E-5 2.74093E-5 2.09888E-5 2.19624E-5 2.26357E-5 2.42439E-5 3.02705E-5 3.15209E-5 3.33585E-5 3.18636E-5 3.24326E-5 2.98226E-5 3.18713E-5 6.33707E-5 5.2818E-5 4.61671E-5 4.59976E-5 2.39632E-5 4.20651E-5 4.04285E-5 4.01144E-5 3.82484E-5 4.15527E-5 4.2829E-5 3.7136E-5 4.54976E-5 5.0152E-5 7.09938E-5 7.19572E-5 7.62414E-5 8.36269E-5 8.78992E-5 7.89182E-5 7.18124E-5 6.69787E-5 5.58136E-5 3.63689E-5 3.73489E-5 5.36286E-5 3.24219E-5 2.79328E-5 2.78499E-5 2.52496E-5
1.06425E-5 1.15641E-5 1.25483E-5 1.44802E-5 1.58813E-5 1.68405E-5 1.69052E-5 2.20357E-5 2.07822E-5 2.20652E-5 2.35175E-5 2.51247E-5 2.57255E-5 1.69307E-5 1.71404E-5 1.7666E-5 1.8191E-5 1.86207E-5 1.88179E-5 1.96981E-5 2.1204E-5 2.38432E-5 2.41457E-5 2.49164E-5 2.77162E-5 2.8621E-5 2.21685E-5 2.36597E-5 2.35955E-5 2.43309E-5 3.18804E-5 3.62331E-5 3.23189E-5 3.65657E-5 3.11901E-5 2.74785E-5 5.02762E-5 5.03333E-5 4.40882E-5 3.74829E-5 1.99935E-5 3.48213E-5 3.25848E-5 3.20668E-5 3.17498E-5 3.4844E-5 4.1753E-5 3.40986E-5 3.84312E-5 4.09029E-5 4.73873E-5 4.67624E-5 7.59478E-5 7.68496E-5 7.79269E-5 7.09219E-5 6.93204E-5 6.73786E-5 3.58341E-5 3.17997E-5 3.22404E-5 3.27368E-5 2.99333E-5 3.03129E-5 2.80923E-5 2.57532E-5
1.6791E-5 1.80116E-5 1.47504E-5 1.57066E-5 1.67696E-5 2.16033E-5 2.11065E-5 2.08498E-5 2.08285E-5 2.1873E-5 2.14164E-5 2.18466E-5 1.41015E-5 1.45547E-5 1.50255E-5 1.60963E-5 1.73588E-5 1.83141E-5 1.86007E-5 1.99724E-5 2.22587E-5 2.44482E-5 2.49703E-5 2.62191E-5 2.90077E-5 3.10781E-5 3.10642E-5 2.52795E-5 2.44454E-5 2.43866E-5 3.37494E-5 3.68526E-5 3.46272E-5 3.46557E-5 3.30712E-5 3.12311E-5 5.31048E-5 4.30554E-5 4.79299E-5 3.6804E-5 1.72412E-5 2.90717E-5 1.58116E-5 1.58067E-5 2.77076E-5 2.78248E-5 3.51594E-5 3.14326E-5 3.86501E-5 4.08779E-5 4.18065E-5 6.10458E-5 7.43215E-5 7.35135E-5 7.72619E-5 6.59233E-5 6.32924E-5 6.29095E-5 4.74758E-5 3.1418E-5 2.95931E-5 3.12296E-5 3.15827E-5 2.99539E-5 2.85916E-5 2.8532E-5
1.82113E-5 2.04221E-5 2.44358E-5 2.41927E-5 2.37225E-5 2.25418E-5 2.2511E-5 2.14893E-5 2.10787E-5 2.14177E-5 2.1292E-5 2.00749E-5 1.24733E-5 1.29796E-5 1.38475E-5 1.4938E-5 1.71598E-5 1.87719E-5 1.97574E-5 2.1771E-5 2.41507E-5 2.59167E-5 2.83578E-5 2.97903E-5 3.23115E-5 3.36059E-5 3.33988E-5 3.95844E-5 2.58691E-5 2.52285E-5 3.73304E-5 3.59574E-5 2.85596E-5 3.64248E-5 3.44567E-5 2.90559E-5 3.87902E-5 4.21024E-5 3.28487E-5 2.92893E-5 2.62664E-5 1.34151E-5 1.18778E-5 1.22009E-5 1.37064E-5 2.36431E-5 2.67907E-5 2.78994E-5 3.57188E-5 5.44103E-5 3.78193E-5 5.6775E-5 6.94034E-5 7.10666E-5 7.7805E-5 6.57045E-5 6.14296E-5 6.37909E-5 5.69963E-5 4.63157E-5 3.28936E-5 3.0966E-5 3.22395E-5 3.47407E-5 3.4525E-5 3.33051E-5
1.45955E-5 1.59119E-5 2.32335E-5 3.84338E-5 3.97309E-5 2.68168E-5 3.28004E-5 2.34296E-5 2.30977E-5 2.22558E-5 2.15199E-5 1.91614E-5 1.11576E-5 1.20007E-5 1.33139E-5 1.51812E-5 1.70607E-5 1.84548E-5 2.10707E-5 2.4021E-5 2.67288E-5 2.81277E-5 3.02352E-5 3.81884E-5 4.06087E-5 3.2948E-5 3.35753E-5 4.01961E-5 3.42329E-5 3.53568E-5 3.6249E-5 2.97126E-5 2.78487E-5 3.07144E-5 3.99344E-5 3.00669E-5 1.64115E-5 1.52414E-5 1.34931E-5 2.26232E-5 2.32233E-5 1.18651E-5 1.00995E-5 1.01787E-5 1.15232E-5 2.12716E-5 2.1749E-5 2.67575E-5 2.89191E-5 3.64331E-5 3.51624E-5 3.64771E-5 6.00094E-5 6.77792E-5 7.76926E-5 7.13787E-5 6.08035E-5 6.77053E-5 6.68601E-5 6.08453E-5 4.96208E-5 3.35419E-5 3.42045E-5 3.91675E-5 5.62512E-5 8.784E-5
1.55781E-5 1.66554E-5 1.79326E-5 2.5166E-5 3.77144E-5 4.29111E-5 3.91214E-5 2.55719E-5 2.51641E-5 2.42201E-5 2.16497E-5 1.03643E-5 1.04674E-5 1.10583E-5 1.34148E-5 1.50399E-5 1.69747E-5 1.86659E-5 2.19504E-5 2.51559E-5 2.71657E-5 2.88013E-5 2.88437E-5 3.54241E-5 3.98003E-5 3.36593E-5 3.5777E-5 3.8551E-5 2.84604E-5 2.79175E-5 3.06655E-5 3.45994E-5 3.02018E-5 3.13488E-5 3.13862E-5 2.90038E-5 2.49037E-5 1.31739E-5 1.21744E-5 1.06675E-5 1.07385E-5 1.01162E-5 8.86397E-6 9.4688E-6 9.0518E-6 9.12441E-6 1.07154E-5 2.07038E-5 2.55714E-5 3.27376E-5 3.0969E-5 3.2462E-5 5.18839E-5 6.6689E-5 6.97002E-5 6.80217E-5 5.9629E-5 6.02727E-5 6.21259E-5 6.77218E-5 4.70011E-5 3.5542E-5 3.79188E-5 6.45773E-5 7.40385E-5 7.46347E-5
2.10803E-5 2.23263E-5 2.38679E-5 3.60269E-5 3.81074E-5 4.09233E-5 5.00131E-5 4.30664E-5 3.59674E-5 1.95724E-5 1.27617E-5 1.45984E-5 1.08489E-5 1.17346E-5 1.41668E-5 1.54229E-5 1.77579E-5 1.99443E-5 2.18833E-5 2.50199E-5 2.85249E-5 2.92702E-5 2.93385E-5 3.91788E-5 3.65638E-5 3.7356E-5 3.57615E-5 3.62213E-5 3.91512E-5 3.97132E-5 3.85274E-5 3.65816E-5 3.65007E-5 1.91488E-5 2.60483E-5 2.58727E-5 3.16594E-5 2.69729E-5 1.93492E-5 2.07066E-5 8.91506E-6 7.92292E-6 8.27199E-6 1.74456E-5 8.49073E-6 9.87993E-6 9.87039E-6 9.37364E-6 2.08271E-5 2.87804E-5 4.61337E-5 3.1508E-5 3.61368E-5 3.89291E-5 5.58711E-5 6.5262E-5 6.72867E-5 5.40463E-5 6.5374E-5 8.29312E-5 8.60111E-5 7.94731E-5 8.00695E-5 7.74062E-5 7.94592E-5 6.10913E-5
2.20426E-5 3.1817E-5 3.40737E-5 3.59016E-5 3.75641E-5 4.02798E-5 4.33186E-5 4.57712E-5 2.60179E-5 2.37347E-5 2.0501E-5 1.47681E-5 1.88641E-5 1.41014E-5 1.6202E-5 1.68554E-5 1.87889E-5 2.07246E-5 2.29162E-5 2.64668E-5 2.73422E-5 2.99358E-5 2.92071E-5 3.24148E-5 3.70767E-5 3.50382E-5 3.5473E-5 3.80427E-5 3.85174E-5 4.41606E-5 4.26887E-5 3.67743E-5 3.64356E-5 2.86134E-5 2.62534E-5 1.33353E-5 2.25159E-5 2.45005E-5 2.24714E-5 1.7233E-5 8.0984E-6 6.89744E-6 6.99694E-6 7.19136E-6 7.46146E-6 7.36633E-6 7.87827E-6 8.13142E-6 9.41027E-6 2.16984E-5 3.17113E-5 2.76422E-5 2.99555E-5 3.25552E-5 3.88803E-5 6.27627E-5 5.71021E-5 5.95386E-5 7.28615E-5 8.05675E-5 1.22801E-4 8.7816E-5 7.04725E-5 5.62546E-5 7.08105E-5 8.03635E-5
1.34382E-5 3.12185E-5 3.36107E-5 3.53476E-5 3.85119E-5 4.00772E-5 4.08179E-5 4.09827E-5 2.38018E-5 2.48666E-5 2.99271E-5 4.13863E-5 3.69655E-5 1.8701E-5 1.95134E-5 1.91966E-5 2.05737E-5 2.09405E-5 2.5188E-5 2.61382E-5 2.78768E-5 3.02652E-5 3.19576E-5 3.08239E-5 3.31633E-5 3.54232E-5 3.67144E-5 4.38093E-5 4.38154E-5 4.44438E-5 3.64441E-5 3.77051E-5 2.39886E-5 2.49987E-5 2.77426E-5 2.13498E-5 2.07343E-5 1.88243E-5 1.75587E-5 8.84599E-6 7.72335E-6 7.27882E-6 7.47954E-6 7.59503E-6 7.58097E-6 7.58074E-6 7.95682E-6 8.24854E-6 8.50586E-6 8.75424E-6 1.13045E-5 2.41214E-5 2.64404E-5 1.82155E-5 6.04187E-5 7.07137E-5 7.19742E-5 6.77102E-5 9.59258E-5 9.14588E-5 7.99177E-5 5.25934E-5 5.32528E-5 6.1792E-5 7.22298E-5 8.6996E-5
