Leopardus garleppi/Leopardus_garleppi_projection 2041-2060.asc
ncols         515
nrows         545
xllcorner     -119.0
yllcorner     -58.333333333333
cellsize      0.166666666667
NODATA_value  -9999
[rows 435 to 463 of 545, columns 264 to 329 of 515]
-9999 -9999 -9999 -9999 -9999 -9999 -9999 -9999 6.44907E-5 6.43196E-5 3.93889E-5 2.50586E-5 1.58E-5 8.25831E-6 6.8695E-6 1.03083E-5 3.31828E-5 7.39735E-5 7.90329E-5 1.8101E-4 3.13798E-4 5.14381E-4 8.11058E-4 1.33617E-3 1.75019E-3 2.59847E-3 5.60097E-3 6.20278E-3 5.49992E-3 5.55009E-3 6.66872E-3 8.68106E-3 9.21466E-3 8.98006E-3 9.35344E-3 9.03963E-3 9.17274E-3 8.69647E-3 1.03834E-2 1.0622E-2 9.0883E-3 7.59187E-3 6.1373E-3 4.2542E-3 2.6234E-3 1.70432E-3 1.27493E-3 9.41502E-4 1.02989E-3 8.75878E-4 7.39848E-4 6.98267E-4 9.22073E-4 9.30661E-4 8.01938E-4 8.55985E-4 9.03496E-4 1.05506E-3 1.14367E-3 1.04661E-3 9.71222E-4 9.08018E-4 9.59575E-4 9.62848E-4 1.08521E-3 1.03606E-3
-9999 -9999 -9999 -9999 -9999 -9999 -9999 -9999 9.71069E-5 9.59326E-5 7.8479E-5 9.04989E-5 6.75978E-5 2.65088E-5 1.43333E-5 9.45598E-6 6.93556E-6 6.26603E-6 4.67346E-5 3.10533E-4 3.70483E-4 6.49408E-4 1.60278E-3 2.23224E-3 2.10215E-3 2.16066E-3 3.42172E-3 6.56271E-3 6.50881E-3 6.3292E-3 8.57422E-3 1.0282E-2 1.17469E-2 1.12083E-2 1.13405E-2 1.14608E-2 1.11217E-2 1.07476E-2 1.14856E-2 1.0905E-2 1.06187E-2 8.79046E-3 7.63624E-3 5.97301E-3 4.48846E-3 2.98024E-3 2.03188E-3 1.8839E-3 1.58006E-3 1.22883E-3 1.07512E-3 8.98593E-4 9.04909E-4 1.15067E-3 1.01595E-3 7.07835E-4 7.69887E-4 9.26259E-4 1.04047E-3 1.28395E-3 1.34312E-3 1.25806E-3 1.16879E-3 1.01944E-3 1.21806E-3 1.51611E-3
-9999 -9999 -9999 -9999 -9999 -9999 -9999 -9999 1.43647E-4 1.01201E-4 1.20856E-4 1.56141E-4 1.13531E-4 4.12527E-5 1.71319E-5 2.45291E-5 4.79838E-5 1.93181E-5 7.33419E-5 2.39578E-4 4.42201E-4 7.96466E-4 1.43605E-3 2.05223E-3 1.81357E-3 1.95593E-3 3.72806E-3 6.04736E-3 5.76679E-3 6.40127E-3 9.69692E-3 1.26912E-2 1.35363E-2 1.37673E-2 1.3436E-2 1.27842E-2 1.25778E-2 1.33093E-2 1.30311E-2 1.26418E-2 1.30928E-2 1.09789E-2 8.88804E-3 7.11949E-3 5.83661E-3 4.20594E-3 3.06718E-3 2.45145E-3 1.91437E-3 1.53635E-3 1.13845E-3 8.95674E-4 8.7713E-4 9.87668E-4 1.41147E-3 1.08358E-3 9.7996E-4 1.31804E-3 1.99498E-3 1.76903E-3 1.52554E-3 1.62355E-3 1.53244E-3 1.50135E-3 1.43236E-3 1.56117E-3
-9999 -9999 -9999 -9999 -9999 -9999 -9999 -9999 1.34038E-4 1.26398E-4 1.4275E-4 1.3519E-4 9.44392E-5 3.94459E-5 1.67434E-5 1.55636E-5 4.65701E-5 8.60547E-5 1.63517E-4 1.76317E-4 4.73599E-4 9.13071E-4 1.7469E-3 1.98932E-3 1.85706E-3 2.21824E-3 2.9137E-3 4.35894E-3 5.18079E-3 7.5064E-3 1.14743E-2 1.34819E-2 1.37434E-2 1.3015E-2 1.2526E-2 1.23295E-2 1.34461E-2 1.4595E-2 1.35777E-2 1.25932E-2 1.28928E-2 1.15662E-2 8.808E-3 7.11419E-3 5.92357E-3 4.95242E-3 4.60302E-3 3.12683E-3 2.45226E-3 2.07066E-3 1.5628E-3 1.44715E-3 1.43361E-3 1.163E-3 1.39873E-3 1.83655E-3 2.11258E-3 2.10621E-3 1.90833E-3 2.06262E-3 2.54951E-3 2.48066E-3 2.37143E-3 2.1639E-3 2.13035E-3 1.93264E-3
-9999 -9999 -9999 -9999 -9999 -9999 -9999 1.58894E-4 1.85492E-4 1.59522E-4 1.41793E-4 1.2375E-4 8.29358E-5 3.86591E-5 1.49659E-5 6.6942E-6 4.09273E-5 7.19813E-5 2.07686E-4 1.36857E-4 5.15136E-4 1.50116E-3 1.59564E-3 1.81243E-3 2.7495E-3 3.24377E-3 4.95447E-3 5.96194E-3 5.3345E-3 7.87039E-3 1.15236E-2 1.23033E-2 1.14685E-2 1.12621E-2 1.12301E-2 1.2194E-2 1.42165E-2 1.49111E-2 1.27954E-2 1.22027E-2 1.14885E-2 9.76722E-3 9.38246E-3 8.49817E-3 7.70647E-3 6.53565E-3 5.9867E-3 5.29153E-3 4.50755E-3 3.84729E-3 2.7373E-3 2.47144E-3 2.45892E-3 1.85861E-3 1.81527E-3 2.25639E-3 2.57588E-3 2.95708E-3 2.94676E-3 -9999 -9999 4.5796E-3 3.13826E-3 2.9998E-3 2.91261E-3 3.12919E-3
-9999 -9999 -9999 -9999 -9999 -9999 -9999 2.06651E-4 1.79245E-4 1.513E-4 1.2982E-4 1.1868E-4 8.15392E-5 3.94461E-5 1.31785E-5 8.49722E-6 1.23573E-5 3.49684E-5 1.67096E-4 4.06204E-4 3.61693E-4 1.26039E-3 2.16663E-3 1.91735E-3 3.27348E-3 4.07568E-3 5.69185E-3 8.15884E-3 6.21467E-3 9.01663E-3 1.19724E-2 1.10877E-2 1.03567E-2 9.46496E-3 9.30786E-3 1.15289E-2 1.55009E-2 1.69366E-2 1.36851E-2 1.20387E-2 1.0718E-2 1.01688E-2 1.00036E-2 8.8325E-3 8.72075E-3 8.40801E-3 7.45835E-3 7.3489E-3 6.7379E-3 6.25914E-3 5.4539E-3 5.37446E-3 4.66588E-3 3.96043E-3 3.57569E-3 3.16594E-3 3.18134E-3 3.60819E-3 4.15592E-3 -9999 -9999 -9999 -9999 -9999 3.79127E-3 3.76692E-3
-9999 -9999 -9999 -9999 -9999 -9999 -9999 1.7096E-4 1.16836E-4 1.23903E-4 1.1651E-4 1.05953E-4 9.33851E-5 5.85E-5 2.7975E-5 1.59834E-5 3.74454E-6 8.11186E-6 1.35318E-4 2.78747E-4 5.0887E-4 6.71483E-4 1.21968E-3 1.99145E-3 3.19843E-3 4.44333E-3 5.83504E-3 6.66987E-3 7.55447E-3 1.05133E-2 1.19163E-2 1.24573E-2 1.05523E-2 8.30341E-3 7.78237E-3 1.02009E-2 1.21081E-2 1.30602E-2 1.2243E-2 1.1415E-2 1.07153E-2 1.11151E-2 1.03834E-2 9.7564E-3 1.00799E-2 1.07012E-2 1.1088E-2 1.08811E-2 1.0025E-2 8.93189E-3 7.57926E-3 6.67342E-3 5.59446E-3 4.86803E-3 4.45806E-3 3.92122E-3 3.83066E-3 3.92005E-3 3.77846E-3 -9999 -9999 -9999 -9999 -9999 -9999 -9999
-9999 -9999 -9999 -9999 -9999 -9999 -9999 1.31605E-4 1.08102E-4 1.01669E-4 1.04249E-4 8.90929E-5 7.75654E-5 3.99686E-5 2.02819E-5 1.43128E-5 1.71035E-5 3.44005E-5 2.81116E-4 4.50815E-4 1.00031E-3 1.47312E-3 1.63324E-3 2.02734E-3 3.10318E-3 4.63157E-3 6.33622E-3 6.92309E-3 8.781E-3 1.06369E-2 1.10377E-2 1.13451E-2 9.7897E-3 8.33406E-3 7.97214E-3 8.65887E-3 9.45326E-3 1.01358E-2 1.07186E-2 1.16317E-2 1.17812E-2 1.26459E-2 1.14791E-2 1.37282E-2 1.42039E-2 1.38809E-2 1.39012E-2 1.41361E-2 1.48792E-2 1.39894E-2 1.15597E-2 8.76443E-3 6.6026E-3 5.82379E-3 5.31082E-3 4.55941E-3 4.15696E-3 4.24814E-3 4.23478E-3 -9999 -9999 -9999 -9999 -9999 -9999 -9999
-9999 -9999 -9999 -9999 -9999 -9999 -9999 9.35498E-5 9.07874E-5 8.12304E-5 7.88247E-5 6.69006E-5 4.7594E-5 3.38132E-5 3.35543E-5 2.17946E-5 1.60854E-5 8.2166E-5 1.7927E-4 2.81011E-4 7.28079E-4 1.4821E-3 2.54422E-3 2.51995E-3 3.58632E-3 5.06878E-3 7.13015E-3 8.69826E-3 1.09101E-2 1.2026E-2 1.06268E-2 9.84322E-3 1.09729E-2 8.6429E-3 8.68878E-3 9.44884E-3 1.01142E-2 9.79854E-3 1.13617E-2 1.18223E-2 1.23233E-2 1.313E-2 1.37265E-2 1.40757E-2 1.46287E-2 1.41823E-2 1.40371E-2 1.57731E-2 1.69793E-2 1.5564E-2 1.2586E-2 9.33912E-3 7.48226E-3 6.00022E-3 5.44527E-3 4.81595E-3 4.54349E-3 4.47087E-3 4.39754E-3 -9999 -9999 -9999 -9999 -9999 -9999 -9999
-9999 -9999 -9999 -9999 -9999 -9999 -9999 -9999 7.70168E-5 7.03E-5 5.81076E-5 -9999 -9999 -9999 5.04542E-5 3.26189E-5 2.00444E-5 9.62111E-5 1.12169E-4 2.24623E-4 2.14371E-4 1.17967E-3 3.18222E-3 3.9181E-3 4.24076E-3 5.68868E-3 6.99197E-3 9.47203E-3 1.1729E-2 1.33163E-2 1.25735E-2 1.25337E-2 1.37442E-2 1.11883E-2 1.20261E-2 1.37835E-2 1.29725E-2 1.06061E-2 1.15895E-2 1.27255E-2 1.25986E-2 1.30939E-2 1.24255E-2 1.29965E-2 1.51008E-2 1.4742E-2 1.4077E-2 1.46207E-2 1.51146E-2 1.35692E-2 1.15193E-2 8.85695E-3 7.20982E-3 6.2033E-3 5.57732E-3 5.37775E-3 5.1085E-3 4.98026E-3 4.4216E-3 4.55267E-3 -9999 -9999 -9999 -9999 -9999 -9999
-9999 -9999 -9999 -9999 -9999 -9999 -9999 -9999 5.10918E-5 -9999 -9999 -9999 -9999 -9999 3.86509E-5 5.61975E-5 4.82389E-5 2.59762E-5 1.22104E-4 5.18277E-4 6.54049E-4 1.40663E-3 3.75617E-3 4.35615E-3 4.7461E-3 6.18446E-3 6.99865E-3 8.69298E-3 1.07854E-2 1.13572E-2 1.33842E-2 1.37086E-2 1.34334E-2 1.25636E-2 1.40288E-2 1.65821E-2 1.44656E-2 1.15934E-2 1.14282E-2 1.3915E-2 1.50646E-2 1.33449E-2 1.21989E-2 1.27236E-2 1.43171E-2 1.41656E-2 9.97554E-3 9.72552E-3 1.06135E-2 1.04671E-2 9.08754E-3 8.54784E-3 7.3909E-3 6.62912E-3 6.31712E-3 5.66916E-3 5.50374E-3 5.11505E-3 4.87154E-3 4.4638E-3 -9999 -9999 -9999 -9999 -9999 -9999
-9999 -9999 -9999 -9999 -9999 -9999 3.05003E-5 2.27428E-5 2.91428E-5 -9999 -9999 -9999 -9999 2.12828E-5 5.16954E-5 4.49006E-5 2.31228E-4 1.46074E-4 5.89121E-5 7.68306E-4 5.39363E-4 1.43363E-3 3.0221E-3 3.13465E-3 4.47156E-3 5.45789E-3 7.46764E-3 7.97368E-3 9.11896E-3 9.67424E-3 1.09595E-2 1.37148E-2 1.33187E-2 1.44173E-2 1.58375E-2 1.54852E-2 1.37078E-2 1.47564E-2 1.35532E-2 1.42479E-2 1.74246E-2 1.51342E-2 1.3206E-2 1.29698E-2 1.40288E-2 1.25214E-2 1.10818E-2 7.73256E-3 7.07836E-3 7.52432E-3 7.33907E-3 7.63788E-3 6.90395E-3 6.1828E-3 5.76693E-3 5.30773E-3 5.19339E-3 5.02823E-3 4.61328E-3 -9999 -9999 -9999 -9999 -9999 -9999 -9999
-9999 -9999 -9999 -9999 -9999 -9999 2.92329E-5 2.39226E-5 3.02648E-5 -9999 -9999 -9999 -9999 -9999 -9999 7.14871E-5 2.35487E-4 3.1293E-4 1.72805E-4 3.70248E-4 2.64589E-4 1.62569E-3 2.74922E-3 3.49657E-3 4.81246E-3 4.9825E-3 6.46793E-3 7.85516E-3 1.0559E-2 9.79453E-3 9.59445E-3 1.13732E-2 1.21399E-2 1.54059E-2 1.75033E-2 1.64473E-2 1.70047E-2 1.94379E-2 1.79621E-2 1.67245E-2 1.8105E-2 1.7751E-2 1.60384E-2 1.48247E-2 1.54322E-2 9.96701E-3 8.90797E-3 7.92105E-3 6.10375E-3 6.92278E-3 7.06939E-3 7.01853E-3 6.75195E-3 5.78698E-3 5.30302E-3 5.29162E-3 4.99366E-3 4.61029E-3 4.36126E-3 -9999 -9999 -9999 -9999 -9999 -9999 -9999
-9999 -9999 -9999 -9999 -9999 9.57406E-5 1.01769E-4 3.78604E-5 3.71502E-5 3.24187E-5 -9999 -9999 -9999 -9999 -9999 -9999 1.42127E-4 3.6185E-4 2.72771E-4 3.09415E-4 8.73118E-4 1.25883E-3 1.91894E-3 3.17678E-3 4.53444E-3 5.81645E-3 5.96739E-3 7.33846E-3 1.01832E-2 1.15738E-2 1.12923E-2 1.11431E-2 1.01388E-2 1.15897E-2 1.31357E-2 1.66015E-2 1.64499E-2 1.6254E-2 1.78777E-2 1.66843E-2 1.68827E-2 1.80836E-2 1.55967E-2 1.2918E-2 1.17097E-2 9.47885E-3 7.59101E-3 6.62189E-3 6.77364E-3 7.51363E-3 6.62419E-3 6.28195E-3 5.92397E-3 5.27593E-3 4.83637E-3 4.7589E-3 4.62639E-3 4.31909E-3 4.25783E-3 4.53956E-3 4.90058E-3 -9999 -9999 -9999 -9999 -9999
-9999 -9999 -9999 -9999 -9999 1.2276E-4 1.1909E-4 4.69589E-5 4.07627E-5 -9999 -9999 -9999 -9999 -9999 1.03534E-4 5.56007E-5 9.06452E-5 5.50457E-4 7.0887E-4 9.36855E-4 1.09562E-3 1.2814E-3 2.84848E-3 3.35333E-3 5.06754E-3 5.57986E-3 5.30033E-3 8.19807E-3 1.2093E-2 1.39587E-2 1.19632E-2 1.11166E-2 1.21621E-2 1.10581E-2 1.03673E-2 1.31413E-2 1.58752E-2 1.26837E-2 1.23626E-2 1.18103E-2 1.30154E-2 1.41628E-2 1.31371E-2 1.35974E-2 1.27272E-2 9.10556E-3 7.34756E-3 6.52201E-3 6.07479E-3 6.58892E-3 6.9329E-3 6.28229E-3 5.50878E-3 4.94177E-3 4.55425E-3 4.4781E-3 4.49388E-3 4.23392E-3 4.43141E-3 4.7187E-3 4.98663E-3 5.34959E-3 -9999 -9999 -9999 -9999
-9999 -9999 -9999 -9999 -9999 -9999 8.31938E-5 4.67764E-5 -9999 -9999 -9999 -9999 -9999 4.13242E-5 6.83826E-5 8.6528E-5 1.89563E-4 4.40081E-4 5.4337E-4 1.10502E-3 1.18358E-3 1.89825E-3 3.76655E-3 4.22866E-3 5.84974E-3 6.4684E-3 5.54126E-3 6.68008E-3 9.61503E-3 9.75749E-3 9.67644E-3 8.66438E-3 1.21708E-2 1.10444E-2 1.06003E-2 1.12833E-2 1.33066E-2 1.42073E-2 1.24657E-2 1.07693E-2 1.06262E-2 1.05941E-2 1.21082E-2 1.48156E-2 1.3303E-2 8.91259E-3 7.24781E-3 6.12425E-3 4.68354E-3 4.64136E-3 5.43492E-3 5.26797E-3 4.82399E-3 4.5947E-3 4.27136E-3 4.19202E-3 4.37718E-3 4.33087E-3 4.55368E-3 4.89746E-3 -9999 -9999 -9999 -9999 -9999 8.53288E-3
-9999 -9999 -9999 -9999 -9999 -9999 4.98976E-5 4.60868E-5 -9999 -9999 -9999 -9999 -9999 3.24672E-5 7.42582E-5 1.85192E-4 1.14748E-4 3.86415E-4 4.20088E-4 6.89939E-4 2.19809E-3 3.00661E-3 5.40314E-3 5.09252E-3 5.95619E-3 6.84524E-3 5.81994E-3 8.80864E-3 1.13326E-2 1.05252E-2 1.33286E-2 8.79376E-3 8.66085E-3 1.36881E-2 1.23852E-2 1.24299E-2 1.275E-2 1.57828E-2 1.56165E-2 1.51167E-2 1.41917E-2 1.44388E-2 1.42797E-2 1.19264E-2 9.79346E-3 7.35819E-3 5.3737E-3 4.07205E-3 3.89508E-3 3.94497E-3 4.11828E-3 4.36387E-3 4.2784E-3 4.0394E-3 4.11755E-3 4.16788E-3 4.29847E-3 4.44656E-3 4.68843E-3 4.97908E-3 -9999 -9999 -9999 -9999 -9999 8.35294E-3
-9999 -9999 -9999 -9999 -9999 6.39991E-5 5.87907E-5 4.57515E-5 3.27267E-5 -9999 -9999 -9999 -9999 -9999 8.62743E-5 1.26826E-4 3.24017E-4 3.51684E-4 1.06236E-3 1.06116E-3 1.4344E-3 2.08085E-3 4.14295E-3 5.09033E-3 7.47065E-3 6.8808E-3 5.77702E-3 7.70591E-3 1.00998E-2 1.28857E-2 1.46036E-2 1.45688E-2 1.19616E-2 9.17486E-3 1.3706E-2 1.28436E-2 1.10343E-2 9.60066E-3 1.04562E-2 1.43759E-2 1.4228E-2 1.10923E-2 9.41931E-3 8.45881E-3 7.22202E-3 5.58743E-3 4.3068E-3 3.93309E-3 3.94586E-3 4.04008E-3 3.92368E-3 4.0847E-3 4.3664E-3 4.30985E-3 4.21245E-3 4.15118E-3 4.21656E-3 4.4442E-3 4.32801E-3 4.6256E-3 5.05349E-3 -9999 -9999 -9999 -9999 -9999
-9999 -9999 -9999 -9999 -9999 5.86254E-5 5.42811E-5 4.08059E-5 2.71802E-5 -9999 -9999 -9999 -9999 6.03658E-5 4.38325E-5 6.39553E-5 2.00925E-4 2.92038E-4 4.78952E-4 5.57335E-4 8.35992E-4 7.96452E-4 3.32244E-3 4.64408E-3 6.04924E-3 7.57389E-3 7.02067E-3 7.40098E-3 9.42854E-3 1.19759E-2 1.43516E-2 1.5463E-2 1.53839E-2 1.27463E-2 8.18242E-3 9.31075E-3 9.98908E-3 8.93965E-3 9.61359E-3 1.1971E-2 8.97219E-3 8.76031E-3 7.60116E-3 7.14583E-3 5.21252E-3 4.5158E-3 4.42459E-3 4.28925E-3 4.14949E-3 4.26845E-3 4.48245E-3 4.62769E-3 4.63183E-3 4.61285E-3 4.54845E-3 4.4139E-3 4.06716E-3 4.31665E-3 4.28949E-3 5.06014E-3 6.05378E-3 6.88374E-3 -9999 -9999 -9999 -9999
-9999 -9999 -9999 -9999 6.97538E-5 5.39564E-5 4.37072E-5 3.44233E-5 -9999 -9999 -9999 -9999 -9999 5.81484E-5 1.27991E-4 7.36167E-5 1.67113E-4 4.94711E-4 1.69255E-4 1.07597E-3 7.34647E-4 1.67525E-3 4.77697E-3 5.30659E-3 6.29489E-3 9.59E-3 9.22722E-3 8.41753E-3 1.07444E-2 1.41964E-2 1.27969E-2 1.45698E-2 1.79437E-2 1.57183E-2 8.32243E-3 7.69308E-3 9.41589E-3 8.40939E-3 7.16911E-3 8.9789E-3 6.85605E-3 5.87036E-3 5.81789E-3 5.54245E-3 5.09332E-3 4.85798E-3 4.78744E-3 4.73351E-3 4.79097E-3 4.70649E-3 5.13486E-3 5.09083E-3 4.94073E-3 4.87172E-3 4.69394E-3 4.57371E-3 4.51134E-3 4.57399E-3 5.23179E-3 5.71315E-3 -9999 -9999 -9999 -9999 -9999 -9999
-9999 -9999 -9999 -9999 -9999 -9999 -9999 -9999 -9999 -9999 -9999 -9999 2.66826E-5 8.70768E-5 1.05565E-4 1.53133E-4 1.35068E-4 1.96253E-4 8.63715E-4 1.1972E-3 8.97653E-4 3.26053E-3 5.37363E-3 6.58454E-3 6.03969E-3 9.37149E-3 1.01285E-2 1.00361E-2 1.38396E-2 1.67908E-2 1.37555E-2 1.21575E-2 1.63445E-2 1.47835E-2 8.29061E-3 7.99956E-3 1.13161E-2 8.51201E-3 6.69477E-3 6.20185E-3 6.01043E-3 5.49722E-3 5.80785E-3 5.96256E-3 5.96164E-3 5.99534E-3 5.72542E-3 5.38491E-3 5.25681E-3 5.2837E-3 5.45981E-3 5.54457E-3 5.59298E-3 5.05797E-3 4.57916E-3 4.97679E-3 5.24645E-3 5.21618E-3 5.07019E-3 -9999 -9999 -9999 -9999 -9999 -9999 -9999
-9999 -9999 -9999 -9999 -9999 -9999 -9999 -9999 -9999 -9999 -9999 -9999 2.64451E-5 4.18205E-5 2.12213E-4 1.72593E-4 4.2046E-4 1.52618E-4 3.63108E-4 4.01103E-4 1.35613E-3 2.16059E-3 4.62685E-3 5.65258E-3 6.8649E-3 9.68397E-3 1.0975E-2 1.18777E-2 1.23468E-2 1.292E-2 1.20886E-2 1.14865E-2 1.50986E-2 1.60169E-2 1.13089E-2 7.62976E-3 6.57335E-3 7.35318E-3 7.4366E-3 6.63497E-3 6.0492E-3 5.81802E-3 6.27513E-3 7.01522E-3 6.50714E-3 6.24886E-3 6.25712E-3 6.36575E-3 6.34092E-3 5.8968E-3 6.02383E-3 6.13637E-3 5.58317E-3 5.19188E-3 6.00954E-3 6.29292E-3 6.23362E-3 6.19612E-3 -9999 -9999 -9999 -9999 -9999 -9999 -9999 -9999
-9999 -9999 -9999 -9999 -9999 -9999 -9999 -9999 -9999 -9999 -9999 -9999 3.33543E-5 5.50064E-5 1.56453E-4 1.8127E-4 1.666E-4 3.60087E-4 8.35555E-4 1.07876E-3 3.9457E-3 3.66459E-3 4.03466E-3 5.93267E-3 7.76845E-3 1.08137E-2 1.22596E-2 1.29203E-2 1.22304E-2 1.39951E-2 1.29656E-2 1.02428E-2 1.16999E-2 1.31613E-2 1.06314E-2 8.59197E-3 6.15515E-3 6.16569E-3 5.93356E-3 6.69887E-3 6.3647E-3 5.80455E-3 6.06019E-3 6.26497E-3 5.74256E-3 5.72123E-3 6.35445E-3 7.00114E-3 7.13098E-3 7.03647E-3 6.79871E-3 6.69378E-3 6.75258E-3 6.77633E-3 6.88841E-3 6.97181E-3 7.13895E-3 6.74246E-3 -9999 -9999 -9999 -9999 -9999 -9999 -9999 -9999
-9999 -9999 -9999 -9999 -9999 -9999 -9999 -9999 -9999 -9999 -9999 -9999 2.46167E-5 3.30848E-5 1.11324E-4 6.26348E-5 1.43646E-4 6.33956E-4 1.77858E-3 2.78021E-3 4.09122E-3 3.93591E-3 4.79946E-3 6.62513E-3 8.80103E-3 1.18413E-2 1.17311E-2 1.47891E-2 1.67603E-2 1.79641E-2 1.82928E-2 1.21335E-2 1.34585E-2 1.32406E-2 9.18558E-3 7.72674E-3 7.12873E-3 6.45826E-3 6.47833E-3 6.35862E-3 6.08513E-3 6.15885E-3 6.43509E-3 6.32975E-3 6.03217E-3 5.91613E-3 6.18627E-3 6.80091E-3 6.8754E-3 6.82927E-3 6.84011E-3 6.9809E-3 7.21638E-3 7.57367E-3 7.6875E-3 7.87289E-3 7.98728E-3 7.83725E-3 -9999 -9999 -9999 -9999 -9999 -9999 -9999 -9999
-9999 -9999 -9999 -9999 -9999 -9999 -9999 -9999 -9999 -9999 -9999 2.4739E-5 1.3327E-4 1.21935E-4 9.64798E-5 9.83424E-5 1.25895E-4 5.4413E-4 1.0867E-3 3.61498E-3 3.2414E-3 4.40959E-3 5.73114E-3 7.05319E-3 8.63015E-3 1.02879E-2 1.18149E-2 1.2969E-2 1.70423E-2 1.99118E-2 2.03749E-2 1.67727E-2 1.70289E-2 1.44449E-2 1.00156E-2 8.37406E-3 7.14775E-3 7.28224E-3 7.96933E-3 7.66406E-3 6.90569E-3 7.20283E-3 7.15831E-3 6.70723E-3 6.34164E-3 6.07421E-3 5.9694E-3 6.30291E-3 6.99451E-3 6.99786E-3 7.20285E-3 7.47547E-3 8.31053E-3 8.55584E-3 8.64534E-3 8.95403E-3 9.09409E-3 8.07402E-3 -9999 -9999 -9999 -9999 -9999 -9999 -9999 -9999
-9999 -9999 -9999 -9999 -9999 3.92414E-5 2.55272E-5 1.65064E-5 -9999 -9999 -9999 2.65055E-5 6.05223E-5 1.19048E-4 1.65736E-4 2.5049E-4 3.88587E-4 4.56862E-4 4.29234E-4 1.43149E-3 2.28215E-3 3.72027E-3 5.34559E-3 6.90065E-3 8.90858E-3 1.11148E-2 1.1903E-2 1.26212E-2 1.41687E-2 1.78515E-2 1.59279E-2 1.58074E-2 1.66343E-2 1.51873E-2 1.00237E-2 8.39932E-3 8.87136E-3 7.7813E-3 9.73377E-3 1.09221E-2 7.58813E-3 7.31633E-3 7.44816E-3 6.89579E-3 6.57548E-3 6.3313E-3 6.60367E-3 7.02561E-3 7.22343E-3 7.06798E-3 8.34997E-3 8.90659E-3 9.38877E-3 9.58352E-3 1.00933E-2 1.01965E-2 1.02095E-2 8.50751E-3 -9999 -9999 -9999 -9999 -9999 -9999 -9999 -9999
-9999 -9999 -9999 -9999 7.97484E-5 4.14874E-5 2.92032E-5 1.8616E-5 -9999 -9999 -9999 2.64836E-5 3.23098E-5 6.1353E-5 6.33037E-5 8.5896E-4 5.7075E-4 7.42335E-4 1.91713E-3 3.5914E-3 3.43577E-3 4.9758E-3 6.49278E-3 7.28871E-3 9.1819E-3 9.95916E-3 9.31574E-3 1.08E-2 1.28451E-2 1.29326E-2 1.30785E-2 1.23175E-2 1.57011E-2 1.46962E-2 1.0493E-2 7.98762E-3 7.6909E-3 9.63594E-3 1.36026E-2 8.86303E-3 7.34042E-3 7.0066E-3 6.63458E-3 6.34928E-3 6.51287E-3 6.34467E-3 6.7743E-3 7.474E-3 7.02544E-3 7.92278E-3 9.38864E-3 9.65371E-3 1.03035E-2 1.04726E-2 1.10468E-2 1.09746E-2 1.0976E-2 9.85994E-3 -9999 -9999 -9999 -9999 -9999 -9999 -9999 -9999
-9999 -9999 -9999 -9999 8.65368E-5 5.39446E-5 -9999 3.6569E-5 -9999 -9999 -9999 4.88244E-5 4.77062E-5 4.3778E-5 1.46398E-4 3.00912E-4 5.59435E-4 9.91971E-4 1.69315E-3 1.85367E-3 3.29834E-3 4.46949E-3 6.07415E-3 7.54442E-3 9.2888E-3 1.01513E-2 8.98007E-3 9.66453E-3 1.01272E-2 1.03341E-2 1.09486E-2 1.24297E-2 1.78141E-2 1.90979E-2 1.11581E-2 7.89112E-3 7.83567E-3 1.09762E-2 1.34352E-2 1.07829E-2 1.00274E-2 7.86929E-3 7.27403E-3 6.96339E-3 6.71431E-3 6.93132E-3 7.06521E-3 7.44401E-3 7.52913E-3 8.97169E-3 9.68102E-3 1.0813E-2 1.10464E-2 1.15692E-2 1.18186E-2 1.10362E-2 -9999 -9999 -9999 -9999 -9999 -9999 -9999 -9999 -9999 -9999
-9999 -9999 -9999 9.15051E-5 7.64362E-5 6.00219E-5 4.10955E-5 4.41309E-5 -9999 -9999 3.9574E-5 8.77822E-5 4.94139E-5 3.6054E-5 1.29994E-4 3.52816E-4 3.65787E-4 7.24772E-4 1.81532E-3 3.31113E-3 5.41041E-3 8.16743E-3 8.7962E-3 9.41484E-3 9.55788E-3 8.66968E-3 8.26133E-3 8.9626E-3 9.22131E-3 9.528E-3 1.06828E-2 1.5576E-2 1.74136E-2 1.52298E-2 8.49448E-3 8.20577E-3 7.75361E-3 7.89305E-3 8.03755E-3 9.2047E-3 7.31386E-3 7.7188E-3 7.29205E-3 7.24053E-3 7.29766E-3 7.15443E-3 7.40078E-3 7.22559E-3 8.48018E-3 9.66059E-3 1.01574E-2 1.05766E-2 1.08356E-2 1.14897E-2 1.14052E-2 1.33573E-2 -9999 -9999 -9999 -9999 -9999 -9999 -9999 -9999 -9999 -9999
