Leopardus garleppi/Leopardus_garleppi_projection 2041-2060_novel.asc
ncols         515
nrows         545
xllcorner     -119.0
yllcorner     -58.333333333333
cellsize      0.166666666667
NODATA_value  -9999
[rows 120 to 149 of 545, columns 268 to 334 of 515]
-9999 -9999 -9999 -9999 -9999 -9999 -9999 -9999 -9999 -9999 -9999 -9999 -9999 -9999 -9999 -9999 -9999 -9999 -9999 -9999 -9999 -9999 -9999 -9999 -9999 -9999 -9999 -9999 -9999 -9999 -9999 -9999 -9999 -9999 -9999 -9999 -9999 -9999 -9999 -9999 -9999 -9999 -9999 -9999 -9999 -9999 -9999 -9999 -9999 -9999 -9999 -9999 -9999 -9999 -9999 -9999 -9999 -9999 -9999 -9999 -9999 -9999 -9999 -9999 -9999 -9999 -9999
-9999 -9999 -9999 -9999 -9999 -9999 -9999 -9999 -9999 -9999 -9999 -9999 -9999 -9999 -9999 1.96909E-2 1.96909E-2 1.96909E-2 -9999 -9999 -9999 -9999 -9999 -9999 -9999 -9999 -9999 -9999 -9999 -9999 -9999 -9999 -9999 -9999 -9999 -9999 -9999 -9999 -9999 -9999 -9999 -9999 -9999 -9999 -9999 -9999 -9999 -9999 -9999 -9999 -9999 -9999 -9999 -9999 -9999 -9999 -9999 -9999 -9999 -9999 -9999 -9999 -9999 -9999 -9999 -9999 -9999
-9999 -9999 -9999 -9999 -9999 -9999 -9999 -9999 -9999 -9999 -9999 -9999 -9999 -2.43903E-1 1.96909E-2 1.96909E-2 3.93817E-2 3.93817E-2 1.96909E-2 -9999 -9999 -9999 -9999 -9999 -9999 -9999 -9999 -9999 -9999 -9999 -9999 -9999 -9999 -9999 -9999 -9999 -9999 -9999 -9999 -9999 -9999 -9999 -9999 -9999 -9999 -9999 -9999 -9999 -9999 -9999 -9999 -9999 -9999 -9999 -9999 -9999 -9999 -9999 -9999 -9999 -9999 -9999 -9999 -9999 -9999 -9999 -9999
-9999 -9999 -9999 -9999 -9999 -9999 -9999 -9999 -9999 -9999 -9999 -9999 -9999 1.96909E-2 1.96909E-2 1.96909E-2 1.96909E-2 1.96909E-2 -9999 -9999 -9999 -9999 -9999 -9999 -9999 3.93817E-2 3.93817E-2 -9999 -9999 -9999 -9999 -9999 -9999 -9999 -9999 -9999 -9999 -9999 -9999 -9999 -9999 -9999 -9999 -9999 -9999 -9999 -9999 -9999 -9999 -9999 -9999 -9999 -9999 -9999 -9999 -9999 -9999 -9999 -9999 -9999 -9999 -9999 -9999 -9999 -9999 -9999 -9999
-9999 -9999 -9999 -9999 -9999 -9999 -9999 -9999 -9999 -9999 -9999 -9999 1.96909E-2 1.96909E-2 1.96909E-2 1.96909E-2 1.96909E-2 -9999 -9999 -9999 -9999 -9999 -9999 -9999 -9999 3.93817E-2 3.93817E-2 -9999 -9999 -9999 -9999 -9999 -9999 -9999 -9999 -9999 -9999 -9999 -9999 -9999 -9999 -9999 -9999 -9999 -9999 -9999 -9999 -9999 -9999 -9999 -9999 -9999 -9999 -9999 -9999 -9999 -9999 -9999 -9999 -9999 -9999 -9999 -9999 -9999 -9999 -9999 -9999
-9999 -9999 -9999 -9999 -9999 -9999 -9999 -9999 -9999 1.96909E-2 1.96909E-2 1.96909E-2 1.96909E-2 -2.43903E-1 -9999 -9999 -9999 -9999 -9999 -9999 -9999 -9999 -9999 -9999 -9999 -9999 -9999 -9999 -9999 -9999 -9999 -9999 -9999 -9999 -9999 -9999 -9999 -9999 -9999 -9999 -9999 -9999 -9999 -9999 -9999 -9999 -9999 -9999 -9999 -9999 -9999 -9999 -9999 -9999 -9999 -9999 -9999 -9999 -9999 -9999 -9999 -9999 -9999 -9999 -9999 -9999 -9999
-9999 -9999 -9999 -9999 -9999 -9999 -9999 -9999 3.93817E-2 3.93817E-2 1.96909E-2 1.96909E-2 1.96909E-2 1.96909E-2 -9999 -9999 -9999 -9999 -9999 -9999 -9999 -9999 -9999 -9999 -9999 -9999 -9999 -9999 3.93817E-2 1.63434E0 3.93817E-2 -9999 -9999 -9999 -9999 -9999 -9999 -9999 -9999 -9999 -9999 -9999 -9999 -9999 -9999 -9999 -9999 -9999 -9999 -9999 -9999 -9999 -9999 -9999 -9999 -9999 -9999 -9999 -9999 -9999 -9999 -9999 -9999 -9999 -9999 -9999 -9999
-9999 1.22871E1 -9999 -9999 -9999 -9999 -9999 3.93817E-2 3.93817E-2 3.93817E-2 3.93817E-2 3.93817E-2 1.96909E-2 1.96909E-2 -9999 -9999 -9999 -9999 -9999 -9999 -9999 -9999 -9999 -9999 3.93817E-2 3.93817E-2 1.63434E0 1.22871E1 1.18736E1 8.93965E0 1.63434E0 3.93817E-2 3.93817E-2 3.93817E-2 -9999 -9999 -9999 -9999 -9999 -9999 -9999 -9999 -9999 -9999 -9999 -9999 -9999 -9999 -9999 -9999 -9999 -9999 -9999 -9999 -9999 -9999 -9999 -9999 -9999 -9999 -9999 -9999 -9999 -9999 -9999 -9999 -9999
-9999 1.23265E1 2.60313E1 3.24702E1 2.9044E1 3.07965E1 3.1466E1 3.15054E1 3.15054E1 1.22871E1 1.63434E0 1.22871E1 3.93817E-2 1.96909E-2 1.96909E-2 -9999 -9999 -9999 -9999 -9999 -9999 3.93817E-2 3.93817E-2 3.93817E-2 1.63434E0 1.63434E0 1.22871E1 2.12464E1 1.18736E1 1.63434E0 1.63434E0 1.63434E0 1.63434E0 1.63434E0 3.93817E-2 -9999 -9999 -9999 -9999 -9999 -9999 -9999 -9999 -9999 -9999 -9999 -9999 -9999 -9999 -9999 -9999 -9999 -9999 -9999 -9999 -9999 -9999 -9999 -9999 -9999 -9999 -9999 -9999 -9999 -9999 -9999 -9999
3.93817E-2 3.24702E1 1.10269E1 9.56975E0 9.29408E0 1.05346E1 1.99665E1 4.56631E1 1.22871E1 1.22871E1 3.24702E1 3.15054E1 3.93817E-2 1.96909E-2 1.96909E-2 -9999 -9999 -9999 1.96909E-2 3.93817E-2 3.93817E-2 3.93817E-2 1.63434E0 1.71114E1 2.12464E1 1.22871E1 1.22871E1 1.22871E1 1.56542E1 1.34685E1 1.45318E1 1.23265E1 1.11056E1 1.63434E0 1.63434E0 3.93817E-2 -9999 -9999 -9999 -9999 -9999 -9999 -9999 -9999 -9999 -9999 -9999 -9999 -9999 -9999 -9999 -9999 -9999 -9999 -9999 -9999 -9999 -9999 -9999 -9999 -9999 -9999 -9999 -9999 -9999 -9999 -9999
3.93817E-2 1.22871E1 1.85094E1 4.58797E0 4.29261E0 1.69932E1 4.22566E1 1.63434E0 1.63434E0 4.00512E1 3.24702E1 2.90637E1 3.93817E-2 3.93817E-2 3.93817E-2 1.96909E-2 -9999 3.93817E-2 3.93817E-2 3.93817E-2 1.63434E0 1.22871E1 1.23265E1 2.60313E1 2.60313E1 2.60313E1 2.60313E1 2.38259E1 2.12464E1 1.71114E1 1.71114E1 1.22871E1 1.63434E0 1.22871E1 1.63434E0 3.93817E-2 -9999 -9999 -9999 -9999 -9999 -9999 -9999 -9999 -9999 -9999 -9999 -9999 -9999 -9999 -9999 -9999 -9999 -9999 -9999 -9999 -9999 -9999 -9999 -9999 -9999 -9999 -9999 -9999 -9999 -9999 -9999
3.93817E-2 6.55705E0 2.99892E1 1.53195E1 1.24643E1 2.68386E1 1.22871E1 1.63434E0 3.88697E1 2.58541E1 3.24702E1 1.22871E1 3.93817E-2 3.93817E-2 3.93817E-2 3.93817E-2 -9999 3.93817E-2 3.93817E-2 3.93817E-2 1.63434E0 1.22871E1 1.23265E1 2.60313E1 2.60313E1 2.60313E1 2.90637E1 3.15054E1 2.60313E1 2.12464E1 1.22871E1 1.23265E1 1.22871E1 1.63434E0 1.63434E0 3.93817E-2 -9999 -9999 -9999 -9999 -9999 -9999 -9999 -9999 -9999 -9999 -9999 -9999 1.22871E1 -9999 -9999 -9999 -9999 -9999 -9999 -9999 -9999 -9999 -9999 -9999 -9999 -9999 -9999 1.22871E1 1.63434E0 1.22871E1 3.15054E1
1.47681E0 1.63434E0 4.41075E1 3.05405E1 2.6307E1 1.22871E1 3.93817E-2 3.15054E1 1.4138E1 1.95924E1 3.24702E1 1.63434E0 3.93817E-2 3.93817E-2 3.93817E-2 -9999 -9999 -9999 3.93817E-2 1.63434E0 1.22871E1 1.23265E1 1.23265E1 1.23265E1 1.23265E1 2.60313E1 3.15054E1 3.15054E1 3.24702E1 2.90637E1 2.60313E1 3.24702E1 3.24702E1 3.24702E1 1.63434E0 1.22871E1 2.90637E1 1.22871E1 1.23265E1 2.90637E1 3.40258E1 2.72718E1 2.30777E1 2.32155E1 3.03633E1 4.02284E1 4.56631E1 4.56631E1 1.63434E0 -9999 -9999 -9999 -9999 -9999 -9999 -9999 -9999 -9999 -9999 -9999 -9999 -9999 -9999 -9999 4.56631E1 3.15054E1 1.22871E1
1.63434E0 1.47681E0 6.55705E0 4.35365E1 1.22871E1 3.93817E-2 3.93817E-2 2.65236E1 1.13419E1 2.0892E1 3.24702E1 1.63434E0 3.93817E-2 3.93817E-2 3.93817E-2 -9999 -9999 -9999 3.93817E-2 3.93817E-2 1.63434E0 1.23265E1 1.23265E1 1.23265E1 1.22871E1 1.22871E1 1.22871E1 3.15054E1 3.24702E1 3.24702E1 3.24702E1 3.24702E1 4.30639E1 3.15054E1 4.68839E1 4.16068E1 3.9047E1 3.92636E1 4.18628E1 3.59161E1 3.80033E1 4.40287E1 3.67825E1 4.24929E1 5.49178E1 3.15054E1 3.15054E1 1.22871E1 1.63434E0 1.63434E0 3.93817E-2 -9999 -9999 -9999 -9999 -9999 -9999 -9999 -9999 -9999 4.68839E1 4.60569E1 5.74579E1 3.84956E1 3.65068E1 4.2355E1 4.56631E1
1.47681E0 3.93817E-2 1.47681E0 3.93817E-2 3.93817E-2 3.93817E-2 1.63434E0 2.32155E1 1.1913E1 2.93984E1 1.22871E1 1.63434E0 3.93817E-2 3.93817E-2 -9999 -9999 -9999 -9999 -9999 3.93817E-2 3.93817E-2 1.23265E1 1.23265E1 1.22871E1 1.22871E1 1.22871E1 3.15054E1 3.15054E1 4.56631E1 3.15054E1 3.15054E1 3.15054E1 3.15054E1 4.68839E1 3.38486E1 4.50527E1 4.77306E1 4.0701E1 4.0701E1 4.6431E1 4.52693E1 4.2867E1 4.31623E1 4.22369E1 5.21808E1 5.59811E1 4.68839E1 4.56631E1 3.15054E1 3.15054E1 1.22871E1 3.15054E1 1.22871E1 -9999 -9999 -9999 -9999 -9999 3.15054E1 5.72216E1 3.45378E1 2.27626E1 2.20341E1 4.04647E1 4.7199E1 4.19021E1 5.59811E1
1.47681E0 3.93817E-2 3.93817E-2 1.96909E-2 1.96909E-2 3.93817E-2 1.47681E0 2.61691E1 1.88441E1 3.15054E1 1.63434E0 3.93817E-2 3.93817E-2 -9999 -9999 -9999 -9999 -9999 -9999 -9999 3.93817E-2 1.23265E1 2.77641E0 1.23265E1 1.23265E1 1.23265E1 2.9812E1 3.15054E1 4.04647E1 2.94378E1 3.24702E1 1.22871E1 3.15054E1 5.08615E1 4.03662E1 5.56464E1 4.0701E1 4.0701E1 5.17279E1 4.32805E1 3.94408E1 4.73171E1 4.0701E1 4.0701E1 5.44255E1 5.59811E1 4.68839E1 4.56631E1 4.56631E1 3.15054E1 3.15054E1 3.15054E1 3.15054E1 1.22871E1 1.63434E0 1.63434E0 1.22871E1 3.15054E1 1.22871E1 3.15054E1 5.7773E1 4.50527E1 5.87969E1 4.0701E1 2.02225E1 3.15054E1 1.22871E1
3.93817E-2 3.93817E-2 1.96909E-2 1.96909E-2 1.96909E-2 3.93817E-2 1.63434E0 2.7646E1 3.24702E1 1.63434E0 3.93817E-2 3.93817E-2 3.93817E-2 -9999 -9999 -9999 -9999 -9999 -9999 -9999 1.96909E-2 1.63434E0 1.63434E0 1.22871E1 1.23265E1 1.23265E1 1.23265E1 3.24702E1 2.37669E1 3.19583E1 3.15054E1 1.22871E1 1.22871E1 3.15054E1 2.02225E1 6.55705E0 6.55705E0 6.55705E0 2.02225E1 2.02225E1 6.55705E0 6.55705E0 6.55705E0 2.02225E1 2.02225E1 2.02225E1 3.15054E1 1.22871E1 1.22871E1 1.22871E1 1.22871E1 1.22871E1 1.22871E1 1.63434E0 1.63434E0 1.63434E0 1.22871E1 1.22871E1 1.22871E1 3.15054E1 4.0701E1 4.0701E1 4.0701E1 2.02225E1 2.02225E1 1.22871E1 1.63434E0
3.93817E-2 3.93817E-2 1.96909E-2 1.96909E-2 1.96909E-2 3.93817E-2 1.22871E1 2.92803E1 1.22871E1 3.93817E-2 3.93817E-2 3.93817E-2 3.93817E-2 1.96909E-2 -9999 -9999 -9999 -9999 -9999 -9999 1.96909E-2 1.96909E-2 3.93817E-2 1.22871E1 1.23265E1 1.23265E1 1.23265E1 1.23265E1 1.23265E1 3.24702E1 1.63434E0 1.63434E0 1.63434E0 1.63434E0 3.05208E0 3.05208E0 3.05208E0 3.05208E0 3.05208E0 6.55705E0 6.55705E0 3.05208E0 3.05208E0 6.55705E0 6.55705E0 6.55705E0 1.22871E1 1.22871E1 1.22871E1 1.22871E1 1.22871E1 1.22871E1 1.22871E1 6.55705E0 1.63434E0 6.55705E0 6.55705E0 1.22871E1 1.22871E1 2.02225E1 4.0701E1 4.0701E1 2.02225E1 2.02225E1 1.22871E1 1.22871E1 1.63434E0
3.93817E-2 3.93817E-2 1.96909E-2 1.96909E-2 1.96909E-2 3.93817E-2 2.28611E1 3.24702E1 1.63434E0 3.93817E-2 3.93817E-2 1.96909E-2 1.96909E-2 1.96909E-2 -9999 -9999 -9999 -9999 -9999 -9999 1.96909E-2 3.93817E-2 1.63434E0 1.23265E1 1.23265E1 1.23265E1 1.23265E1 1.23265E1 2.90637E1 1.63434E0 1.63434E0 1.63434E0 1.63434E0 1.63434E0 1.63434E0 1.63434E0 1.63434E0 1.63434E0 1.63434E0 1.63434E0 3.05208E0 3.05208E0 3.05208E0 3.05208E0 3.05208E0 6.55705E0 6.55705E0 1.22871E1 1.22871E1 1.63434E0 1.63434E0 1.63434E0 1.63434E0 1.63434E0 1.63434E0 6.55705E0 6.55705E0 6.55705E0 6.55705E0 1.22871E1 2.02225E1 2.02225E1 2.02225E1 1.22871E1 1.63434E0 1.63434E0 1.63434E0
1.96909E-2 1.96909E-2 1.96909E-2 1.96909E-2 1.96909E-2 4.3438E1 3.04618E1 1.22871E1 1.63434E0 3.93817E-2 1.96909E-2 1.96909E-2 1.96909E-2 1.96909E-2 1.96909E-2 -9999 -9999 -9999 -9999 -9999 3.93817E-2 2.77641E0 1.23265E1 1.23265E1 1.23265E1 1.23265E1 1.22871E1 1.63434E0 1.63434E0 1.63434E0 1.63434E0 1.63434E0 1.47681E0 1.63434E0 1.63434E0 1.63434E0 1.63434E0 1.63434E0 1.63434E0 1.47681E0 1.47681E0 1.47681E0 1.47681E0 1.63434E0 1.63434E0 1.63434E0 1.63434E0 6.55705E0 1.63434E0 1.63434E0 1.63434E0 1.63434E0 1.63434E0 1.63434E0 1.63434E0 1.63434E0 6.55705E0 6.55705E0 6.55705E0 6.55705E0 1.22871E1 1.22871E1 1.22871E1 6.55705E0 1.63434E0 1.63434E0 1.63434E0
1.96909E-2 1.96909E-2 -7.31705E-1 1.96909E-2 3.93817E-2 3.24702E1 3.24702E1 1.22871E1 3.93817E-2 1.96909E-2 1.96909E-2 1.96909E-2 1.96909E-2 -2.43903E-1 -7.31705E-1 -9999 -9999 -9999 -9999 1.63434E0 2.77641E0 1.11056E1 1.12041E1 1.1401E1 1.23265E1 1.23265E1 1.63434E0 3.93817E-2 3.93817E-2 3.93817E-2 3.93817E-2 3.93817E-2 1.47681E0 1.47681E0 1.47681E0 1.47681E0 1.63434E0 1.47681E0 1.47681E0 3.93817E-2 3.93817E-2 3.93817E-2 3.93817E-2 1.47681E0 1.63434E0 1.63434E0 1.63434E0 1.63434E0 1.63434E0 1.63434E0 1.63434E0 1.63434E0 1.63434E0 1.63434E0 1.63434E0 1.63434E0 1.63434E0 1.63434E0 6.55705E0 6.55705E0 6.55705E0 6.55705E0 1.63434E0 1.63434E0 1.63434E0 1.63434E0 1.63434E0
1.96909E-2 -2.43903E-1 -7.31705E-1 1.96909E-2 1.63434E0 2.8217E1 2.74884E1 1.8155E1 3.93817E-2 1.96909E-2 1.96909E-2 1.96909E-2 1.96909E-2 -4.87807E-1 -7.31705E-1 -7.31705E-1 -7.31705E-1 1.96909E-2 2.77641E0 2.77641E0 7.91572E0 9.09717E0 2.77641E0 2.77641E0 1.22871E1 3.93817E-2 3.93817E-2 3.93817E-2 3.93817E-2 3.93817E-2 3.93817E-2 3.93817E-2 3.93817E-2 3.93817E-2 3.93817E-2 3.93817E-2 3.93817E-2 3.93817E-2 3.93817E-2 3.93817E-2 3.93817E-2 3.93817E-2 3.93817E-2 3.93817E-2 3.93817E-2 1.63434E0 1.63434E0 1.63434E0 1.63434E0 1.63434E0 1.63434E0 1.63434E0 1.63434E0 1.63434E0 1.63434E0 1.63434E0 1.63434E0 1.63434E0 6.55705E0 6.55705E0 6.55705E0 6.55705E0 1.63434E0 1.63434E0 1.63434E0 1.63434E0 1.63434E0
1.96909E-2 1.96909E-2 1.96909E-2 1.96909E-2 3.93817E-2 2.8217E1 3.22339E1 1.23265E1 3.93817E-2 1.96909E-2 1.96909E-2 1.96909E-2 1.96909E-2 -4.87807E-1 -7.31705E-1 -7.31705E-1 3.93817E-2 2.77641E0 2.77641E0 7.91572E0 7.64005E0 9.2547E0 2.77641E0 1.63434E0 3.93817E-2 3.93817E-2 3.93817E-2 3.93817E-2 3.93817E-2 3.93817E-2 3.93817E-2 3.93817E-2 3.93817E-2 3.93817E-2 3.93817E-2 3.93817E-2 3.93817E-2 3.93817E-2 3.93817E-2 3.93817E-2 3.93817E-2 3.93817E-2 3.93817E-2 3.93817E-2 3.93817E-2 1.63434E0 1.63434E0 1.63434E0 1.63434E0 1.63434E0 1.63434E0 1.63434E0 1.63434E0 1.63434E0 1.63434E0 1.63434E0 1.63434E0 1.63434E0 1.63434E0 1.63434E0 1.63434E0 1.63434E0 1.63434E0 1.63434E0 1.63434E0 1.63434E0 1.63434E0
1.96909E-2 1.96909E-2 1.96909E-2 -2.43903E-1 1.63434E0 2.97529E1 3.24702E1 2.5795E1 1.22871E1 3.93817E-2 1.96909E-2 1.96909E-2 1.96909E-2 1.96909E-2 1.96909E-2 1.96909E-2 1.22871E1 2.77641E0 2.77641E0 2.77641E0 7.91572E0 2.77641E0 1.63434E0 3.93817E-2 3.93817E-2 3.93817E-2 3.93817E-2 3.93817E-2 3.93817E-2 3.93817E-2 3.93817E-2 3.93817E-2 3.93817E-2 3.93817E-2 3.93817E-2 3.93817E-2 3.93817E-2 3.93817E-2 3.93817E-2 3.93817E-2 3.93817E-2 3.93817E-2 3.93817E-2 3.93817E-2 3.93817E-2 3.93817E-2 1.63434E0 1.63434E0 1.63434E0 1.63434E0 1.63434E0 1.63434E0 1.63434E0 1.63434E0 1.63434E0 1.63434E0 1.63434E0 1.63434E0 3.93817E-2 1.63434E0 1.63434E0 1.63434E0 1.63434E0 1.63434E0 1.63434E0 1.63434E0 1.63434E0
1.63434E0 1.63434E0 1.96909E-2 -2.43903E-1 1.22871E1 2.37275E1 2.6622E1 3.24702E1 1.23265E1 1.63434E0 3.93817E-2 1.96909E-2 1.96909E-2 1.96909E-2 1.22871E1 1.23265E1 1.18736E1 1.23265E1 1.23265E1 2.77641E0 8.46707E-1 1.22871E1 3.93817E-2 3.93817E-2 3.93817E-2 3.93817E-2 3.93817E-2 3.93817E-2 1.96909E-2 1.96909E-2 1.96909E-2 3.93817E-2 3.93817E-2 3.93817E-2 3.93817E-2 3.93817E-2 3.93817E-2 3.93817E-2 3.93817E-2 3.93817E-2 3.93817E-2 3.93817E-2 3.93817E-2 3.93817E-2 3.93817E-2 3.93817E-2 3.93817E-2 3.93817E-2 3.93817E-2 1.63434E0 1.63434E0 1.63434E0 1.63434E0 3.93817E-2 3.93817E-2 3.93817E-2 1.63434E0 3.93817E-2 3.93817E-2 3.93817E-2 3.93817E-2 3.93817E-2 3.93817E-2 3.93817E-2 3.93817E-2 3.93817E-2 3.93817E-2
1.23265E1 1.51816E1 1.96909E-2 1.96909E-2 3.93817E-2 3.11706E1 2.25263E1 2.34124E1 3.17023E1 1.22871E1 3.93817E-2 3.93817E-2 3.93817E-2 1.23265E1 2.77641E0 2.77641E0 2.77641E0 2.77641E0 2.77641E0 8.46707E-1 2.77641E0 3.93817E-2 1.96909E-2 3.93817E-2 3.93817E-2 3.93817E-2 3.93817E-2 1.96909E-2 1.96909E-2 1.96909E-2 1.96909E-2 1.96909E-2 3.93817E-2 3.93817E-2 3.93817E-2 3.93817E-2 3.93817E-2 3.93817E-2 3.93817E-2 3.93817E-2 3.93817E-2 3.93817E-2 3.93817E-2 3.93817E-2 3.93817E-2 3.93817E-2 3.93817E-2 3.93817E-2 3.93817E-2 3.93817E-2 3.93817E-2 3.93817E-2 3.93817E-2 3.93817E-2 3.93817E-2 3.93817E-2 3.93817E-2 3.93817E-2 3.93817E-2 3.93817E-2 3.93817E-2 3.93817E-2 3.93817E-2 3.93817E-2 3.93817E-2 3.93817E-2 3.93817E-2
1.23265E1 1.32323E1 1.96909E-2 1.96909E-2 1.96909E-2 3.15054E1 2.1148E1 1.80959E1 2.12464E1 1.23265E1 1.63434E0 1.63434E0 1.23265E1 1.23265E1 2.77641E0 1.18736E1 2.77641E0 2.77641E0 2.77641E0 2.77641E0 3.93817E-2 3.93817E-2 1.96909E-2 1.96909E-2 3.93817E-2 3.93817E-2 1.96909E-2 1.96909E-2 1.96909E-2 1.96909E-2 1.96909E-2 1.96909E-2 1.96909E-2 3.93817E-2 3.93817E-2 3.93817E-2 3.93817E-2 3.93817E-2 3.93817E-2 3.93817E-2 3.93817E-2 3.93817E-2 3.93817E-2 3.93817E-2 3.93817E-2 3.93817E-2 3.93817E-2 3.93817E-2 3.93817E-2 3.93817E-2 3.93817E-2 3.93817E-2 3.93817E-2 3.93817E-2 3.93817E-2 3.93817E-2 3.93817E-2 3.93817E-2 1.96909E-2 1.96909E-2 1.96909E-2 3.93817E-2 3.93817E-2 3.93817E-2 3.93817E-2 3.93817E-2 1.63434E0
1.10072E1 1.00423E1 1.96909E-2 1.96909E-2 1.96909E-2 1.63434E0 1.6816E1 1.38821E1 1.62253E1 1.23265E1 1.63434E0 3.24702E1 1.23265E1 2.77641E0 2.77641E0 2.77641E0 2.77641E0 2.77641E0 1.63434E0 3.93817E-2 3.93817E-2 1.96909E-2 1.96909E-2 1.96909E-2 1.96909E-2 1.96909E-2 1.96909E-2 1.96909E-2 1.96909E-2 1.96909E-2 1.96909E-2 1.96909E-2 1.96909E-2 3.93817E-2 3.93817E-2 3.93817E-2 3.93817E-2 3.93817E-2 3.93817E-2 3.93817E-2 3.93817E-2 3.93817E-2 3.93817E-2 3.93817E-2 3.93817E-2 3.93817E-2 3.93817E-2 1.96909E-2 1.96909E-2 1.96909E-2 1.96909E-2 3.93817E-2 3.93817E-2 3.93817E-2 3.93817E-2 3.93817E-2 1.96909E-2 1.96909E-2 1.96909E-2 1.96909E-2 1.96909E-2 1.96909E-2 3.93817E-2 3.93817E-2 3.93817E-2 3.93817E-2 1.63434E0
1.23265E1 1.63434E0 1.96909E-2 1.96909E-2 1.96909E-2 3.93817E-2 2.71537E1 1.34489E1 1.23265E1 1.23265E1 1.23265E1 1.23265E1 1.23265E1 1.23265E1 1.23265E1 1.23265E1 1.22871E1 1.63434E0 3.93817E-2 3.93817E-2 3.93817E-2 1.96909E-2 1.96909E-2 1.96909E-2 1.96909E-2 1.96909E-2 1.96909E-2 1.96909E-2 1.96909E-2 1.96909E-2 3.93817E-2 3.93817E-2 3.93817E-2 3.93817E-2 3.93817E-2 3.93817E-2 3.93817E-2 3.93817E-2 3.93817E-2 3.93817E-2 3.93817E-2 3.93817E-2 3.93817E-2 3.93817E-2 3.93817E-2 3.93817E-2 3.93817E-2 1.96909E-2 1.96909E-2 1.96909E-2 1.96909E-2 1.96909E-2 3.93817E-2 3.93817E-2 3.93817E-2 3.93817E-2 1.96909E-2 1.96909E-2 1.96909E-2 1.96909E-2 3.93817E-2 3.93817E-2 3.93817E-2 3.93817E-2 3.93817E-2 1.63434E0 1.63434E0
1.23265E1 3.93817E-2 1.96909E-2 1.96909E-2 3.93817E-2 3.93817E-2 1.23265E1 1.656E1 1.1657E1 1.23265E1 1.23265E1 1.23265E1 1.23265E1 1.23265E1 1.22871E1 1.63434E0 1.63434E0 1.63434E0 3.93817E-2 3.93817E-2 3.93817E-2 1.96909E-2 1.96909E-2 1.96909E-2 1.96909E-2 1.96909E-2 1.96909E-2 1.96909E-2 1.96909E-2 3.93817E-2 3.93817E-2 3.93817E-2 3.93817E-2 3.93817E-2 3.93817E-2 3.93817E-2 1.96909E-2 1.96909E-2 1.96909E-2 1.96909E-2 1.96909E-2 1.96909E-2 1.96909E-2 1.96909E-2 1.96909E-2 1.96909E-2 1.96909E-2 1.96909E-2 1.96909E-2 1.96909E-2 1.96909E-2 1.96909E-2 3.93817E-2 3.93817E-2 3.93817E-2 3.93817E-2 1.96909E-2 1.96909E-2 1.96909E-2 3.93817E-2 3.93817E-2 3.93817E-2 3.93817E-2 3.93817E-2 3.93817E-2 1.63434E0 1.63434E0
