Leopardus garleppi/Leopardus_garleppi_projection 2041-2060.asc
ncols         515
nrows         545
xllcorner     -119.0
yllcorner     -58.333333333333
cellsize      0.166666666667
NODATA_value  -9999
[rows 319 to 347 of 545, columns 396 to 461 of 515]
1.22517E-3 1.21344E-3 1.27833E-3 1.98211E-3 1.61268E-3 1.69819E-3 1.5834E-3 2.20008E-3 2.69275E-3 2.98806E-3 3.48465E-3 4.22509E-3 4.82044E-3 4.3846E-3 4.78475E-3 4.14204E-3 3.98994E-3 4.13971E-3 4.5975E-3 4.43846E-3 4.96941E-3 4.19783E-3 4.64645E-3 4.33916E-3 5.37263E-3 5.81024E-3 6.62235E-3 5.68885E-3 5.28259E-3 6.13273E-3 9.50375E-3 1.73537E-2 1.83908E-2 1.89981E-2 2.07604E-2 2.37776E-2 1.99079E-2 2.03794E-2 1.93944E-2 1.81713E-2 1.87027E-2 1.92404E-2 1.79463E-2 1.8648E-2 1.79018E-2 1.914E-2 2.26074E-2 2.34803E-2 2.38345E-2 2.68842E-2 2.92217E-2 3.21796E-2 3.03474E-2 2.69413E-2 3.0643E-2 2.79911E-2 2.02098E-2 2.21378E-2 2.03181E-2 1.94779E-2 1.84949E-2 1.79858E-2 1.94555E-2 2.07913E-2 1.65771E-2 1.46677E-2
1.58344E-3 2.06075E-3 1.89293E-3 1.6661E-3 1.63404E-3 1.66095E-3 2.96379E-3 2.51468E-3 2.48616E-3 2.94694E-3 3.69161E-3 4.14852E-3 4.94726E-3 5.55309E-3 5.30295E-3 4.98598E-3 4.03116E-3 4.26093E-3 4.71645E-3 4.82675E-3 5.22111E-3 5.10824E-3 5.66341E-3 5.16925E-3 5.58041E-3 6.46098E-3 7.28361E-3 7.41499E-3 6.14096E-3 7.13214E-3 6.06682E-3 1.39878E-2 1.69019E-2 1.83774E-2 1.91857E-2 2.2254E-2 2.23732E-2 2.51106E-2 2.397E-2 2.18794E-2 1.96055E-2 1.79623E-2 1.97288E-2 2.19539E-2 1.75268E-2 1.72912E-2 1.79744E-2 1.96692E-2 2.23771E-2 2.37026E-2 2.58193E-2 2.98266E-2 2.99066E-2 3.04243E-2 3.22017E-2 2.55044E-2 2.07239E-2 2.0499E-2 2.02206E-2 2.01166E-2 1.8816E-2 1.65221E-2 1.90265E-2 1.40384E-2 1.36251E-2 7.28745E-3
1.33577E-3 2.1766E-3 2.03471E-3 2.20556E-3 2.36743E-3 1.99132E-3 2.71189E-3 2.54494E-3 2.9395E-3 3.41987E-3 4.31511E-3 5.11863E-3 5.32049E-3 5.03211E-3 4.63103E-3 4.66351E-3 5.16443E-3 5.93846E-3 4.53988E-3 4.849E-3 5.18503E-3 5.20073E-3 4.89537E-3 6.05487E-3 6.50615E-3 7.53068E-3 9.45641E-3 1.1101E-2 7.88608E-3 7.12517E-3 6.45577E-3 6.20696E-3 9.39013E-3 1.44436E-2 1.73993E-2 2.19311E-2 2.49411E-2 2.63925E-2 2.52039E-2 2.5394E-2 2.06582E-2 1.58773E-2 1.61045E-2 1.58723E-2 1.53533E-2 1.6014E-2 1.60331E-2 1.79181E-2 1.89224E-2 1.90615E-2 2.05189E-2 2.52577E-2 2.82924E-2 3.07779E-2 3.29993E-2 3.30324E-2 2.40338E-2 2.05243E-2 2.08347E-2 1.91481E-2 1.08268E-2 1.10846E-2 1.5348E-2 4.92102E-3 3.92782E-3 4.16476E-3
1.66076E-3 2.03598E-3 1.7401E-3 1.91354E-3 2.04809E-3 2.1097E-3 2.59894E-3 2.89556E-3 3.01524E-3 3.32586E-3 3.68779E-3 4.67097E-3 5.9732E-3 6.03855E-3 5.57985E-3 5.097E-3 5.14761E-3 5.66478E-3 4.21621E-3 6.44449E-3 6.69618E-3 5.76598E-3 6.1068E-3 6.2963E-3 7.94042E-3 1.12756E-2 1.35145E-2 1.33431E-2 1.00657E-2 7.8657E-3 9.27108E-3 7.2608E-3 6.89305E-3 1.13197E-2 1.74888E-2 1.95663E-2 1.95685E-2 2.18668E-2 2.21735E-2 1.82126E-2 1.55836E-2 1.46964E-2 1.43841E-2 1.49555E-2 1.5593E-2 1.59827E-2 1.67311E-2 1.79558E-2 1.80799E-2 1.87839E-2 2.18262E-2 2.58669E-2 3.01852E-2 3.05876E-2 3.2232E-2 3.27264E-2 2.62554E-2 1.92929E-2 1.82674E-2 1.4299E-2 1.04518E-2 1.29553E-2 5.8194E-3 5.3163E-3 4.42334E-3 3.26817E-3
1.54077E-3 1.91924E-3 1.73033E-3 1.57488E-3 1.91578E-3 1.9484E-3 2.60055E-3 2.54997E-3 3.0897E-3 3.11904E-3 3.49025E-3 4.26513E-3 4.89791E-3 6.05481E-3 6.42133E-3 6.49263E-3 5.62288E-3 3.96555E-3 3.83E-3 5.6379E-3 6.38385E-3 6.82166E-3 5.50877E-3 6.54383E-3 9.11765E-3 9.62005E-3 1.17684E-2 1.46361E-2 1.38955E-2 9.59264E-3 8.84825E-3 9.22117E-3 9.59823E-3 1.02418E-2 1.2372E-2 1.3612E-2 1.69024E-2 1.97073E-2 2.40933E-2 2.1111E-2 1.59454E-2 1.39521E-2 1.31702E-2 1.30181E-2 1.39131E-2 1.70951E-2 1.86056E-2 2.00468E-2 2.08268E-2 2.27314E-2 2.28388E-2 2.41796E-2 2.79067E-2 3.22475E-2 3.3029E-2 3.1369E-2 2.42559E-2 2.02309E-2 1.77287E-2 1.61428E-2 1.70063E-2 7.34983E-3 4.56858E-3 3.23937E-3 2.92367E-3 3.59845E-3
1.41256E-3 1.59378E-3 1.58394E-3 1.65135E-3 1.61325E-3 2.05884E-3 2.09714E-3 1.95174E-3 2.3355E-3 2.73737E-3 3.63609E-3 4.58727E-3 5.28719E-3 4.92726E-3 4.76855E-3 5.43548E-3 6.09401E-3 4.58855E-3 4.01343E-3 4.7786E-3 5.20454E-3 5.92138E-3 6.15343E-3 6.71146E-3 8.42756E-3 1.00697E-2 1.2848E-2 1.4278E-2 1.48174E-2 1.27027E-2 1.1103E-2 1.11436E-2 1.18561E-2 1.36354E-2 1.41008E-2 1.33824E-2 1.67951E-2 2.08102E-2 1.99997E-2 1.84047E-2 1.63184E-2 1.46023E-2 1.26642E-2 1.3055E-2 1.41001E-2 1.71275E-2 2.01794E-2 2.12385E-2 2.34043E-2 2.39263E-2 2.48246E-2 2.34933E-2 2.77682E-2 3.03599E-2 3.13233E-2 2.46829E-2 2.25892E-2 2.04751E-2 1.79448E-2 1.59069E-2 1.4912E-2 9.44215E-3 7.1403E-3 3.81301E-3 2.65618E-3 2.59766E-3
1.54456E-3 1.47747E-3 1.4517E-3 1.35378E-3 1.40954E-3 1.46959E-3 1.76466E-3 1.97537E-3 2.00927E-3 2.23431E-3 2.64158E-3 3.583E-3 4.32496E-3 4.22507E-3 3.73083E-3 4.23777E-3 3.17465E-3 3.46201E-3 3.56622E-3 5.49502E-3 4.71836E-3 5.67961E-3 5.25358E-3 6.17938E-3 8.23395E-3 9.11107E-3 1.15145E-2 1.27384E-2 1.3679E-2 1.35504E-2 1.24727E-2 1.16836E-2 1.19109E-2 1.3433E-2 1.54535E-2 1.50562E-2 1.6057E-2 2.42763E-2 2.41486E-2 1.57391E-2 1.65597E-2 1.43169E-2 1.24101E-2 1.23216E-2 1.50174E-2 1.67436E-2 1.88969E-2 1.94011E-2 2.24847E-2 2.18601E-2 2.15653E-2 2.29906E-2 2.82344E-2 3.08083E-2 2.95589E-2 2.26676E-2 2.20942E-2 2.129E-2 1.97432E-2 1.58055E-2 1.48599E-2 1.16771E-2 5.73541E-3 4.27102E-3 3.70491E-3 2.72197E-3
1.5819E-3 1.66846E-3 1.71562E-3 1.44932E-3 1.67376E-3 9.60869E-4 1.24431E-3 2.16133E-3 1.45582E-3 1.54054E-3 2.49465E-3 1.76448E-3 2.63499E-3 3.37711E-3 3.79776E-3 2.87439E-3 3.27734E-3 3.25193E-3 4.83821E-3 4.60396E-3 5.21003E-3 5.25311E-3 5.30377E-3 6.70877E-3 7.1788E-3 8.52752E-3 9.72136E-3 1.10727E-2 1.14818E-2 1.36549E-2 1.43472E-2 1.42642E-2 1.3704E-2 9.4964E-3 1.1706E-2 1.38193E-2 1.30529E-2 1.75642E-2 2.29831E-2 1.75605E-2 1.53858E-2 1.67754E-2 1.40373E-2 1.21408E-2 1.46849E-2 1.81715E-2 1.77556E-2 1.62538E-2 1.79172E-2 2.34719E-2 2.31291E-2 2.37569E-2 2.75581E-2 2.7828E-2 2.51651E-2 2.42004E-2 2.19186E-2 1.80687E-2 1.49136E-2 1.20894E-2 1.15916E-2 7.37477E-3 9.308E-3 1.15819E-2 6.26582E-3 7.40351E-3
1.44932E-3 1.34282E-3 1.16743E-3 1.54893E-3 1.02085E-3 1.15302E-3 1.09092E-3 1.165E-3 1.32433E-3 1.61836E-3 1.76755E-3 1.97467E-3 2.60677E-3 2.76385E-3 2.85579E-3 2.47902E-3 3.87285E-3 4.12371E-3 4.08982E-3 5.04375E-3 6.00769E-3 5.73106E-3 5.11403E-3 6.82723E-3 6.99567E-3 8.55237E-3 1.00855E-2 1.05563E-2 1.16798E-2 1.2659E-2 1.40143E-2 1.58493E-2 1.54252E-2 1.28664E-2 1.22619E-2 1.34617E-2 1.30087E-2 1.33916E-2 1.73002E-2 2.06666E-2 1.67288E-2 1.72196E-2 1.26301E-2 1.16105E-2 1.36982E-2 1.89018E-2 1.59216E-2 1.44612E-2 1.87008E-2 2.9624E-2 2.82861E-2 2.60596E-2 2.63764E-2 2.12234E-2 2.03659E-2 1.84059E-2 1.57678E-2 1.25963E-2 7.92214E-3 7.33463E-3 1.11677E-2 1.29458E-2 1.52032E-2 1.40778E-2 1.14481E-2 1.27431E-2
1.07407E-3 1.22687E-3 1.24306E-3 9.18529E-4 1.16978E-3 1.0962E-3 1.05623E-3 1.00439E-3 1.23238E-3 1.61152E-3 1.69616E-3 2.10156E-3 1.88252E-3 2.16574E-3 2.54895E-3 2.39126E-3 2.28453E-3 2.9674E-3 4.34813E-3 6.39312E-3 7.32239E-3 5.50855E-3 4.58273E-3 5.61232E-3 7.54154E-3 8.01383E-3 8.82674E-3 1.10334E-2 1.08444E-2 1.26999E-2 1.43986E-2 1.43751E-2 1.31504E-2 1.33003E-2 1.27549E-2 1.30224E-2 1.25219E-2 1.40824E-2 1.55018E-2 1.44085E-2 1.40556E-2 1.20333E-2 1.05806E-2 1.17886E-2 1.3768E-2 1.6656E-2 2.07247E-2 1.48118E-2 1.79828E-2 3.49707E-2 3.09917E-2 2.20734E-2 1.66994E-2 1.62845E-2 1.59417E-2 1.33517E-2 9.29547E-3 5.70755E-3 5.92313E-3 7.78102E-3 1.15272E-2 1.8628E-2 2.00645E-2 1.82136E-2 1.79303E-2 1.01988E-2
1.18575E-3 1.31658E-3 8.4815E-4 1.19902E-3 1.29193E-3 8.44605E-4 7.0274E-4 8.3501E-4 9.35839E-4 1.09187E-3 1.18446E-3 1.40619E-3 1.27875E-3 1.52809E-3 1.84439E-3 2.52544E-3 4.38663E-3 4.2524E-3 4.46039E-3 5.39861E-3 5.40301E-3 5.89235E-3 5.8785E-3 6.32428E-3 8.45911E-3 7.65486E-3 8.38362E-3 9.61648E-3 1.12503E-2 1.39849E-2 1.5138E-2 1.30933E-2 1.24821E-2 1.36425E-2 1.27675E-2 1.28976E-2 1.23575E-2 1.25552E-2 1.44112E-2 1.52531E-2 1.92903E-2 1.49627E-2 1.07561E-2 1.11549E-2 1.18035E-2 1.4596E-2 2.1268E-2 2.26741E-2 2.2652E-2 2.52204E-2 1.57241E-2 9.04818E-3 1.02631E-2 1.06825E-2 1.01218E-2 8.13532E-3 6.87021E-3 5.94601E-3 8.12531E-3 1.06038E-2 8.81784E-3 1.01278E-2 1.66263E-2 1.50855E-2 9.62846E-3 4.40282E-3
8.64304E-4 9.41812E-4 9.8553E-4 1.09454E-3 1.60294E-3 6.89772E-4 6.85432E-4 6.27311E-4 6.64658E-4 8.03431E-4 9.42334E-4 1.03648E-3 1.05466E-3 1.22498E-3 1.73667E-3 2.54234E-3 3.0805E-3 3.17659E-3 3.43281E-3 3.27852E-3 3.68533E-3 4.9608E-3 6.53942E-3 7.60697E-3 7.96351E-3 7.57115E-3 7.56136E-3 7.45134E-3 7.80647E-3 8.94757E-3 9.927E-3 1.03668E-2 1.20095E-2 1.25193E-2 1.22964E-2 1.16085E-2 1.17116E-2 1.38254E-2 1.31475E-2 1.76517E-2 2.42274E-2 1.32422E-2 1.21932E-2 1.17703E-2 1.47091E-2 1.77668E-2 1.65499E-2 1.01271E-2 9.73444E-3 9.37149E-3 8.21888E-3 9.0371E-3 8.9313E-3 7.70969E-3 6.71175E-3 3.75154E-3 2.08052E-3 1.9821E-3 1.35997E-3 2.88853E-3 1.65372E-3 2.26862E-3 6.57353E-3 3.18277E-3 3.21106E-3 2.8185E-3
5.94269E-4 9.7054E-4 6.77727E-4 7.17106E-4 9.721E-4 5.86045E-4 5.85205E-4 6.03139E-4 6.66664E-4 8.27879E-4 1.17747E-3 1.07744E-3 1.12432E-3 9.8118E-4 1.4758E-3 1.61898E-3 1.98699E-3 2.22243E-3 2.75867E-3 2.56256E-3 3.00795E-3 4.26019E-3 6.3207E-3 7.48295E-3 8.46478E-3 8.21306E-3 8.49212E-3 7.81993E-3 8.30561E-3 8.60822E-3 9.60707E-3 1.02975E-2 1.10645E-2 1.14358E-2 1.12235E-2 1.06557E-2 1.17488E-2 1.32661E-2 1.4699E-2 1.77457E-2 1.62621E-2 1.71198E-2 2.24343E-2 1.10515E-2 1.69116E-2 1.35262E-2 9.88748E-3 9.01398E-3 1.28208E-2 1.95638E-2 2.00715E-2 1.34778E-2 1.08243E-2 7.59349E-3 5.53238E-3 6.77507E-4 4.07822E-4 2.86724E-4 4.67828E-4 -9999 1.65417E-3 2.63869E-3 3.70425E-3 2.72487E-3 2.77116E-3 3.2389E-3
6.18152E-4 6.91114E-4 7.87674E-4 1.1953E-3 1.0316E-3 6.70465E-4 1.13601E-3 1.33091E-3 1.52953E-3 8.9179E-4 8.09621E-4 1.11767E-3 7.66224E-4 1.19396E-3 9.48845E-4 1.25613E-3 1.34407E-3 1.49583E-3 1.52086E-3 1.87246E-3 2.83135E-3 4.99936E-3 6.56181E-3 7.42507E-3 7.80089E-3 8.30253E-3 9.31285E-3 9.44094E-3 8.68414E-3 8.75899E-3 9.47202E-3 1.07464E-2 1.15241E-2 1.11438E-2 1.03611E-2 1.0657E-2 1.31922E-2 1.2455E-2 1.21633E-2 1.35643E-2 1.51966E-2 1.78247E-2 1.12174E-2 9.13319E-3 9.38241E-3 9.93122E-3 1.18271E-2 1.4622E-2 1.63105E-2 1.8264E-2 7.57504E-3 3.56117E-3 3.45388E-3 3.88655E-3 -9999 -9999 4.8142E-4 5.77278E-4 -9999 1.94843E-3 2.82083E-3 -9999 -9999 -9999 -9999 -9999
3.81779E-4 4.45708E-4 9.14673E-4 1.44531E-3 1.59744E-3 1.57084E-3 1.71113E-3 1.78196E-3 1.94028E-3 1.80772E-3 1.20944E-3 9.41543E-4 8.51899E-4 7.72153E-4 1.3907E-3 1.09419E-3 1.20533E-3 1.40891E-3 1.46484E-3 2.45395E-3 4.06753E-3 4.71045E-3 6.59627E-3 7.3697E-3 7.28735E-3 7.99257E-3 9.06661E-3 9.29813E-3 8.63934E-3 8.98118E-3 9.77173E-3 9.82584E-3 1.00537E-2 9.82923E-3 9.34349E-3 1.14992E-2 1.31587E-2 1.2634E-2 1.30026E-2 1.34195E-2 1.25754E-2 1.00182E-2 9.85759E-3 9.8212E-3 1.10733E-2 1.30415E-2 1.36563E-2 1.21083E-2 1.41688E-2 3.58219E-3 -9999 -9999 -9999 -9999 -9999 -9999 -9999 -9999 -9999 -9999 -9999 -9999 -9999 -9999 -9999 -9999
4.13395E-4 5.08216E-4 7.3443E-4 1.21476E-3 1.71773E-3 1.89906E-3 1.67614E-3 2.05838E-3 2.00189E-3 1.86535E-3 1.4715E-3 8.25908E-4 7.64443E-4 1.05641E-3 1.53324E-3 1.32552E-3 1.19941E-3 1.23633E-3 1.82565E-3 2.64341E-3 4.22775E-3 4.79853E-3 5.00075E-3 6.22469E-3 6.1729E-3 6.47414E-3 6.95569E-3 7.8971E-3 8.74078E-3 8.99958E-3 9.42307E-3 9.56207E-3 9.25647E-3 8.10699E-3 8.77672E-3 1.29411E-2 1.38567E-2 1.34158E-2 1.57641E-2 1.48025E-2 1.07263E-2 9.37928E-3 9.13158E-3 1.12222E-2 1.19716E-2 1.13573E-2 9.91585E-3 1.1154E-2 2.92055E-3 5.9264E-4 -9999 -9999 -9999 -9999 -9999 -9999 -9999 -9999 -9999 -9999 -9999 -9999 -9999 -9999 -9999 -9999
5.05901E-4 6.0699E-4 7.59176E-4 8.3935E-4 1.37464E-3 1.90846E-3 2.00987E-3 1.82301E-3 1.72429E-3 1.81708E-3 1.18541E-3 6.90488E-4 8.15413E-4 1.3998E-3 1.44029E-3 1.37009E-3 1.08529E-3 7.037E-4 1.25116E-3 1.88151E-3 3.03128E-3 3.52332E-3 4.23683E-3 5.71492E-3 6.25796E-3 6.16515E-3 6.70153E-3 7.23067E-3 7.67171E-3 8.36803E-3 8.63261E-3 8.85996E-3 9.24026E-3 8.29076E-3 1.03026E-2 1.02019E-2 1.10287E-2 1.16833E-2 1.11454E-2 9.48724E-3 7.99755E-3 6.05972E-3 6.2983E-3 7.22731E-3 8.01506E-3 7.392E-3 4.24487E-3 4.5045E-4 -9999 -9999 -9999 -9999 -9999 -9999 -9999 -9999 -9999 -9999 -9999 -9999 -9999 -9999 -9999 -9999 -9999 -9999
5.02141E-4 6.75723E-4 9.67416E-4 9.17318E-4 9.80865E-4 1.13853E-3 1.35018E-3 1.5608E-3 1.65595E-3 1.5096E-3 1.01965E-3 9.28027E-4 9.83238E-4 1.36306E-3 1.6847E-3 8.72541E-4 1.05364E-3 8.86938E-4 1.78085E-3 2.60397E-3 3.189E-3 3.17304E-3 3.88586E-3 4.92988E-3 5.78609E-3 5.82165E-3 5.91498E-3 6.18223E-3 6.70686E-3 7.0285E-3 7.8444E-3 8.36718E-3 9.19609E-3 9.52225E-3 1.02895E-2 1.08561E-2 9.30071E-3 8.32018E-3 7.3575E-3 5.53377E-3 4.73975E-3 3.27785E-3 2.97894E-3 4.43506E-3 3.0004E-3 1.20229E-3 -9999 -9999 -9999 -9999 -9999 -9999 -9999 -9999 -9999 -9999 -9999 -9999 -9999 -9999 -9999 -9999 -9999 -9999 -9999 -9999
5.36312E-4 7.18616E-4 9.18906E-4 1.0622E-3 9.21441E-4 9.14063E-4 1.00018E-3 1.06018E-3 9.48958E-4 9.66701E-4 1.27367E-3 1.2141E-3 1.04744E-3 2.00895E-3 1.93851E-3 9.6168E-4 1.28776E-3 1.58808E-3 2.39215E-3 3.22939E-3 2.71072E-3 2.55452E-3 3.21325E-3 3.75623E-3 4.54887E-3 4.65237E-3 5.15983E-3 5.52221E-3 5.91638E-3 6.76373E-3 7.54387E-3 7.69838E-3 7.97171E-3 8.29715E-3 7.983E-3 7.87704E-3 6.86996E-3 4.66282E-3 3.76449E-3 1.56697E-3 1.20421E-3 3.23053E-4 -9999 -9999 -9999 -9999 -9999 -9999 -9999 -9999 -9999 -9999 -9999 -9999 -9999 -9999 -9999 -9999 -9999 -9999 -9999 -9999 -9999 -9999 -9999 -9999
3.83129E-4 6.95571E-4 8.4523E-4 9.14623E-4 8.47336E-4 7.90543E-4 5.85197E-4 6.1846E-4 6.68096E-4 9.5155E-4 1.83421E-3 1.70123E-3 8.59692E-4 9.769E-4 1.14242E-3 1.2357E-3 1.78164E-3 2.23965E-3 2.78926E-3 3.21501E-3 2.66196E-3 2.73057E-3 2.9199E-3 3.39641E-3 3.31342E-3 3.80933E-3 4.42442E-3 5.15805E-3 4.91029E-3 6.13898E-3 6.56339E-3 5.76342E-3 4.73902E-3 4.14621E-3 3.93545E-3 4.0813E-3 3.13444E-3 1.70103E-3 7.74195E-4 1.63717E-4 1.05777E-4 -9999 -9999 -9999 -9999 -9999 -9999 -9999 -9999 -9999 -9999 -9999 -9999 -9999 -9999 -9999 -9999 -9999 -9999 -9999 -9999 -9999 -9999 -9999 -9999 -9999
3.92219E-4 6.32694E-4 7.91899E-4 9.0618E-4 9.45585E-4 7.51235E-4 4.75786E-4 5.91021E-4 5.48841E-4 6.09621E-4 7.05967E-4 1.13716E-3 1.16874E-3 8.51784E-4 1.31047E-3 1.8881E-3 2.09446E-3 2.44383E-3 2.84841E-3 3.39142E-3 3.25877E-3 3.26952E-3 3.69344E-3 4.23663E-3 4.18792E-3 4.69065E-3 4.6488E-3 4.84396E-3 5.04284E-3 5.77288E-3 4.4916E-3 2.18408E-3 1.67637E-3 1.77609E-3 1.56728E-3 1.57297E-3 7.68431E-4 2.81788E-4 -9999 -9999 -9999 -9999 -9999 -9999 -9999 -9999 -9999 -9999 -9999 -9999 -9999 -9999 -9999 -9999 -9999 -9999 -9999 -9999 -9999 -9999 -9999 -9999 -9999 -9999 -9999 -9999
4.78107E-4 6.85998E-4 7.73557E-4 9.55931E-4 1.09098E-3 8.09042E-4 6.14929E-4 6.73733E-4 5.68259E-4 5.46964E-4 6.63079E-4 7.88185E-4 1.02598E-3 1.16664E-3 1.59599E-3 2.34812E-3 2.80689E-3 2.84341E-3 3.46837E-3 3.11605E-3 3.61314E-3 4.9479E-3 5.32987E-3 5.27674E-3 4.74954E-3 4.51956E-3 4.54735E-3 4.6327E-3 3.72566E-3 1.75219E-3 8.82563E-4 8.82717E-4 8.49393E-4 8.04329E-4 8.21421E-4 6.61518E-4 -9999 -9999 -9999 -9999 -9999 -9999 -9999 -9999 -9999 -9999 -9999 -9999 -9999 -9999 -9999 -9999 -9999 -9999 -9999 -9999 -9999 -9999 -9999 -9999 -9999 -9999 -9999 -9999 -9999 -9999
3.03023E-4 6.01073E-4 7.7021E-4 9.75669E-4 1.17405E-3 8.94886E-4 7.22405E-4 9.47985E-4 7.83421E-4 5.30901E-4 1.0276E-3 8.65949E-4 1.07653E-3 1.29766E-3 1.5092E-3 1.84644E-3 2.47284E-3 3.45913E-3 3.89606E-3 3.266E-3 3.6422E-3 3.80261E-3 3.55511E-3 3.15074E-3 4.51828E-3 4.46284E-3 2.19099E-3 2.06073E-3 1.47113E-3 6.23929E-4 5.32454E-4 6.0795E-4 5.30619E-4 5.01178E-4 5.62573E-4 -9999 -9999 -9999 -9999 -9999 -9999 -9999 -9999 -9999 -9999 -9999 -9999 -9999 -9999 -9999 -9999 -9999 -9999 -9999 -9999 -9999 -9999 -9999 -9999 -9999 -9999 -9999 -9999 -9999 -9999 -9999
2.85764E-4 5.63438E-4 6.14715E-4 8.11438E-4 8.70391E-4 8.85941E-4 9.60874E-4 1.23275E-3 9.53928E-4 7.19995E-4 1.06826E-3 1.2393E-3 1.47945E-3 1.41505E-3 1.89496E-3 1.71769E-3 3.02298E-3 2.69679E-3 2.71777E-3 2.70706E-3 3.14767E-3 2.37232E-3 1.71829E-3 1.4155E-3 1.42617E-3 1.47002E-3 8.7386E-4 1.05397E-3 5.71331E-4 4.57132E-4 4.70848E-4 4.54694E-4 3.50799E-4 2.90862E-4 -9999 -9999 -9999 -9999 -9999 -9999 -9999 -9999 -9999 -9999 -9999 -9999 -9999 -9999 -9999 -9999 -9999 -9999 -9999 -9999 -9999 -9999 -9999 -9999 -9999 -9999 -9999 -9999 -9999 -9999 -9999 -9999
2.73977E-4 3.36469E-4 4.28642E-4 5.58198E-4 6.79884E-4 8.86181E-4 1.39511E-3 1.30495E-3 1.05856E-3 7.88549E-4 5.93278E-4 8.78887E-4 1.64514E-3 1.5701E-3 1.75156E-3 1.88744E-3 2.7158E-3 2.10969E-3 1.87385E-3 2.25229E-3 1.82313E-3 1.22972E-3 1.08727E-3 1.61769E-3 1.1256E-3 1.29323E-3 9.07857E-4 1.11591E-3 1.00479E-3 4.55784E-4 3.658E-4 3.19346E-4 -9999 -9999 -9999 -9999 -9999 -9999 -9999 -9999 -9999 -9999 -9999 -9999 -9999 -9999 -9999 -9999 -9999 -9999 -9999 -9999 -9999 -9999 -9999 -9999 -9999 -9999 -9999 -9999 -9999 -9999 -9999 -9999 -9999 -9999
3.62227E-4 3.5235E-4 3.81311E-4 4.87588E-4 5.91748E-4 8.32058E-4 1.28481E-3 1.5161E-3 1.46686E-3 1.24082E-3 7.55788E-4 6.86437E-4 1.09712E-3 1.70127E-3 1.87395E-3 1.78646E-3 1.95567E-3 2.18255E-3 1.7547E-3 1.46085E-3 8.97659E-4 8.30327E-4 1.54505E-3 2.6136E-3 2.46546E-3 2.38808E-3 9.48074E-4 1.39052E-3 1.41324E-3 4.65154E-4 2.55048E-4 -9999 -9999 -9999 -9999 -9999 -9999 -9999 -9999 -9999 -9999 -9999 -9999 -9999 -9999 -9999 -9999 -9999 -9999 -9999 -9999 -9999 -9999 -9999 -9999 -9999 -9999 -9999 -9999 -9999 -9999 -9999 -9999 -9999 -9999 -9999
4.37187E-4 4.54209E-4 3.82131E-4 4.08467E-4 5.59359E-4 8.8037E-4 1.19353E-3 1.6752E-3 2.01714E-3 2.03905E-3 1.52258E-3 9.58232E-4 1.04007E-3 1.54532E-3 1.68852E-3 1.61526E-3 1.82661E-3 1.94723E-3 1.40755E-3 9.12533E-4 8.47408E-4 1.25123E-3 1.92742E-3 2.95997E-3 2.54824E-3 1.70203E-3 1.34435E-3 8.77908E-4 5.33652E-4 2.12646E-4 -9999 -9999 -9999 -9999 -9999 -9999 -9999 -9999 -9999 -9999 -9999 -9999 -9999 -9999 -9999 -9999 -9999 -9999 -9999 -9999 -9999 -9999 -9999 -9999 -9999 -9999 -9999 -9999 -9999 -9999 -9999 -9999 -9999 -9999 -9999 -9999
3.09716E-4 4.27472E-4 4.48922E-4 5.6368E-4 6.78756E-4 7.48896E-4 9.29927E-4 1.50119E-3 1.74894E-3 2.33166E-3 2.25906E-3 1.01882E-3 1.19901E-3 1.58006E-3 1.57548E-3 1.60874E-3 1.6156E-3 1.61262E-3 1.83913E-3 1.18855E-3 1.05153E-3 1.8813E-3 2.42444E-3 2.13223E-3 2.11575E-3 6.6945E-4 4.04647E-4 2.8511E-4 2.27516E-4 -9999 -9999 -9999 -9999 -9999 -9999 -9999 -9999 -9999 -9999 -9999 -9999 -9999 -9999 -9999 -9999 -9999 -9999 -9999 -9999 -9999 -9999 -9999 -9999 -9999 -9999 -9999 -9999 -9999 -9999 -9999 -9999 -9999 -9999 -9999 -9999 -9999
2.88259E-4 2.94601E-4 3.41267E-4 4.58412E-4 4.22662E-4 4.9927E-4 8.59919E-4 1.0803E-3 1.31227E-3 1.82742E-3 2.34889E-3 1.34099E-3 1.15856E-3 1.69141E-3 1.71257E-3 1.78033E-3 1.54861E-3 1.57917E-3 1.71035E-3 1.86831E-3 1.69194E-3 2.13765E-3 1.91249E-3 1.8469E-3 1.00277E-3 4.15923E-4 -9999 -9999 -9999 -9999 -9999 -9999 -9999 -9999 -9999 -9999 -9999 -9999 -9999 -9999 -9999 -9999 -9999 -9999 -9999 -9999 -9999 -9999 -9999 -9999 -9999 -9999 -9999 -9999 -9999 -9999 -9999 -9999 -9999 -9999 -9999 -9999 -9999 -9999 -9999 -9999
