Leopardus wiedii/Leopardus_wiedii_projection 2041-2060.asc
ncols         515
nrows         545
xllcorner     -119.0
yllcorner     -58.333333333333
cellsize      0.166666666667
NODATA_value  -9999
[rows 290 to 318 of 545, columns 330 to 395 of 515]
6.83086E-1 6.48956E-1 6.30331E-1 6.06491E-1 5.68669E-1 5.05145E-1 4.42725E-1 4.20465E-1 3.6721E-1 3.66789E-1 3.62363E-1 3.72127E-1 3.82623E-1 3.87922E-1 3.31058E-1 3.80337E-1 3.34963E-1 4.03914E-1 3.5106E-1 3.6979E-1 4.15746E-1 4.76079E-1 4.81138E-1 5.06346E-1 5.08777E-1 5.18379E-1 5.1776E-1 3.9615E-1 4.61569E-1 5.31465E-1 5.42884E-1 5.35183E-1 5.24368E-1 5.07349E-1 4.71621E-1 4.57288E-1 4.38169E-1 4.007E-1 3.58342E-1 3.26398E-1 3.0691E-1 3.58325E-1 3.51246E-1 3.39334E-1 3.45327E-1 3.52219E-1 3.45389E-1 3.35765E-1 3.38796E-1 3.22478E-1 2.83973E-1 2.39761E-1 2.58795E-1 2.48664E-1 2.79236E-1 2.60883E-1 2.37237E-1 2.44481E-1 2.50483E-1 2.52814E-1 2.51165E-1 2.35874E-1 2.68044E-1 2.9403E-1 3.08755E-1 3.17885E-1
7.11412E-1 6.61228E-1 6.1277E-1 5.85414E-1 5.57913E-1 5.16038E-1 4.55199E-1 4.15382E-1 3.83843E-1 3.49456E-1 3.57454E-1 3.65869E-1 3.78513E-1 3.84003E-1 3.79904E-1 3.86689E-1 3.99395E-1 4.0933E-1 4.08058E-1 3.63184E-1 4.02073E-1 4.73053E-1 5.06957E-1 5.56225E-1 5.53521E-1 5.55594E-1 5.13174E-1 4.41046E-1 5.40288E-1 5.6405E-1 5.62354E-1 5.66448E-1 5.38229E-1 5.30166E-1 4.94028E-1 4.63691E-1 4.65429E-1 4.07469E-1 3.79645E-1 3.38664E-1 3.94078E-1 3.68417E-1 3.70019E-1 3.58552E-1 3.73827E-1 3.68227E-1 3.664E-1 3.64225E-1 3.349E-1 3.26142E-1 3.1659E-1 2.88394E-1 2.414E-1 2.51256E-1 2.9258E-1 2.85528E-1 2.61878E-1 2.55886E-1 2.76949E-1 2.81973E-1 2.6473E-1 2.56525E-1 2.71786E-1 2.9356E-1 2.90477E-1 3.03452E-1
6.98567E-1 6.51514E-1 6.03251E-1 5.82348E-1 5.65619E-1 5.14531E-1 4.41874E-1 4.37139E-1 4.13009E-1 3.57859E-1 3.88383E-1 3.47951E-1 3.7446E-1 3.76755E-1 3.66641E-1 3.81485E-1 3.77634E-1 3.9607E-1 4.15164E-1 4.44218E-1 4.2774E-1 4.65851E-1 5.3041E-1 6.00927E-1 6.18259E-1 6.00206E-1 5.97354E-1 5.85787E-1 6.12577E-1 5.81436E-1 6.12335E-1 5.70269E-1 5.41217E-1 4.93928E-1 5.0321E-1 4.89627E-1 4.63114E-1 4.09151E-1 3.73987E-1 3.81368E-1 3.99337E-1 3.89075E-1 3.83917E-1 3.80304E-1 3.93599E-1 3.90115E-1 3.77823E-1 3.64619E-1 3.42038E-1 3.23371E-1 3.22681E-1 2.59299E-1 2.44223E-1 2.633E-1 3.05505E-1 3.02025E-1 2.92751E-1 2.96424E-1 2.96557E-1 2.83501E-1 2.79986E-1 2.55662E-1 2.72784E-1 2.39053E-1 2.51891E-1 2.771E-1
6.83764E-1 6.18436E-1 5.73842E-1 5.6454E-1 5.5431E-1 5.39581E-1 4.79361E-1 4.14826E-1 3.87239E-1 3.86274E-1 3.67606E-1 3.92795E-1 3.66269E-1 3.69789E-1 3.79059E-1 3.86011E-1 3.8842E-1 3.92093E-1 4.20728E-1 4.62955E-1 4.91805E-1 5.18703E-1 5.76879E-1 5.71864E-1 6.14941E-1 6.20125E-1 6.48273E-1 6.56213E-1 6.27992E-1 6.14347E-1 6.12863E-1 5.97153E-1 5.34651E-1 4.7106E-1 4.91442E-1 5.03774E-1 4.82365E-1 4.25594E-1 3.81964E-1 3.95877E-1 4.00424E-1 4.06616E-1 3.89275E-1 3.79456E-1 3.78766E-1 3.85584E-1 3.70472E-1 3.54715E-1 3.49082E-1 3.68295E-1 3.4812E-1 3.29779E-1 2.97438E-1 3.00409E-1 3.18464E-1 3.10171E-1 3.15306E-1 3.17833E-1 3.11473E-1 2.85233E-1 2.78961E-1 2.61998E-1 2.59843E-1 2.51395E-1 2.46688E-1 2.56665E-1
6.57945E-1 6.2288E-1 5.57377E-1 5.35949E-1 5.08301E-1 4.98766E-1 4.64729E-1 4.27689E-1 4.11557E-1 3.78349E-1 3.59824E-1 3.66971E-1 3.7337E-1 3.90807E-1 3.78702E-1 3.78075E-1 3.93722E-1 4.15419E-1 4.40834E-1 4.72911E-1 5.16338E-1 5.74332E-1 6.30068E-1 6.59231E-1 6.69341E-1 6.87311E-1 6.89358E-1 6.81198E-1 6.60691E-1 6.33669E-1 6.26222E-1 6.22839E-1 5.85684E-1 5.26011E-1 4.88853E-1 5.01014E-1 4.75218E-1 4.39748E-1 4.24199E-1 4.10865E-1 4.27704E-1 4.13413E-1 3.9784E-1 3.91819E-1 3.69023E-1 3.68297E-1 3.5495E-1 3.57373E-1 3.78477E-1 3.78559E-1 3.74551E-1 3.66471E-1 3.37598E-1 3.21743E-1 2.97246E-1 2.99246E-1 3.18927E-1 3.25432E-1 3.08051E-1 2.71715E-1 2.52958E-1 2.43601E-1 2.44017E-1 2.57105E-1 2.51856E-1 2.74579E-1
6.28256E-1 5.94188E-1 5.586E-1 5.20758E-1 4.75927E-1 4.71235E-1 4.47704E-1 4.19029E-1 3.91019E-1 3.80564E-1 3.70555E-1 3.75205E-1 3.96078E-1 3.87999E-1 3.85123E-1 3.96961E-1 4.23544E-1 4.49365E-1 4.69169E-1 5.23581E-1 5.75297E-1 6.57857E-1 6.59288E-1 6.72099E-1 6.68958E-1 6.82498E-1 6.71822E-1 6.72903E-1 6.76291E-1 6.55942E-1 6.41538E-1 5.98665E-1 5.83862E-1 5.40783E-1 5.22029E-1 5.18326E-1 4.83093E-1 4.50918E-1 4.34271E-1 4.19505E-1 4.21406E-1 4.09618E-1 4.0761E-1 3.82915E-1 3.81416E-1 3.67832E-1 3.71056E-1 3.6763E-1 3.65471E-1 3.55553E-1 3.58721E-1 3.64351E-1 3.78232E-1 3.60138E-1 3.26377E-1 3.00341E-1 2.95307E-1 3.24946E-1 3.04524E-1 2.45203E-1 2.5467E-1 2.61565E-1 2.64691E-1 2.5013E-1 2.49354E-1 2.4764E-1
5.85434E-1 5.7654E-1 5.37079E-1 5.08249E-1 4.81024E-1 4.41636E-1 4.04867E-1 3.75614E-1 3.68516E-1 3.6628E-1 3.89006E-1 3.76767E-1 3.70303E-1 3.81348E-1 3.74663E-1 3.93779E-1 4.13125E-1 4.60403E-1 5.21244E-1 5.51195E-1 6.29942E-1 6.78069E-1 6.48984E-1 6.83051E-1 6.87177E-1 6.74867E-1 6.81123E-1 6.85917E-1 6.88309E-1 6.81132E-1 6.6844E-1 6.31357E-1 5.87073E-1 5.23843E-1 5.35991E-1 5.31573E-1 5.0331E-1 4.52701E-1 4.29391E-1 4.12286E-1 4.29681E-1 4.23987E-1 4.05095E-1 3.8039E-1 3.84579E-1 3.68068E-1 3.67102E-1 3.88747E-1 3.7016E-1 3.61626E-1 3.81257E-1 3.97068E-1 3.77319E-1 3.94767E-1 3.38046E-1 3.17652E-1 2.99526E-1 3.04887E-1 2.83682E-1 2.71554E-1 2.7384E-1 2.74865E-1 2.92608E-1 2.83401E-1 2.65929E-1 2.72553E-1
5.30127E-1 5.30352E-1 5.1407E-1 5.00035E-1 4.72976E-1 4.24931E-1 3.75627E-1 3.48355E-1 3.45919E-1 3.57127E-1 3.6463E-1 3.66082E-1 3.64566E-1 3.77152E-1 3.87497E-1 3.85086E-1 4.36585E-1 4.64924E-1 5.04761E-1 5.76875E-1 6.37328E-1 6.61424E-1 6.55889E-1 6.7822E-1 7.0037E-1 6.90201E-1 6.66853E-1 6.90909E-1 6.86247E-1 6.86244E-1 6.50537E-1 6.14405E-1 5.51737E-1 5.04418E-1 5.15417E-1 5.24614E-1 5.01777E-1 4.70685E-1 4.49709E-1 4.2904E-1 4.14447E-1 4.06447E-1 4.01282E-1 3.98741E-1 3.99609E-1 3.84401E-1 3.75497E-1 3.87657E-1 3.83632E-1 3.87281E-1 3.86706E-1 3.89753E-1 3.97868E-1 3.91101E-1 3.63237E-1 3.23398E-1 3.00314E-1 2.9159E-1 2.69405E-1 2.7168E-1 2.7027E-1 2.8073E-1 2.92835E-1 3.21898E-1 3.15072E-1 2.64199E-1
5.39721E-1 5.32744E-1 5.11803E-1 4.84445E-1 4.58969E-1 3.92846E-1 3.41861E-1 3.22564E-1 3.35845E-1 3.35398E-1 3.48474E-1 3.59616E-1 3.63148E-1 3.58354E-1 3.90422E-1 4.04422E-1 4.27679E-1 4.66682E-1 5.12997E-1 5.67283E-1 6.2975E-1 6.52789E-1 6.51805E-1 6.74789E-1 6.95061E-1 6.78068E-1 6.86811E-1 6.96485E-1 6.53932E-1 6.51446E-1 5.86511E-1 5.7031E-1 5.68018E-1 5.52961E-1 5.09821E-1 5.03407E-1 4.92449E-1 4.84705E-1 4.33861E-1 4.1757E-1 4.21965E-1 4.14815E-1 4.18046E-1 4.02268E-1 4.02592E-1 3.95445E-1 3.91319E-1 4.02808E-1 4.00062E-1 3.96819E-1 3.81765E-1 3.86714E-1 3.90461E-1 3.84459E-1 3.45241E-1 3.22833E-1 3.10511E-1 2.97134E-1 2.80314E-1 2.82633E-1 2.83367E-1 3.03505E-1 3.12081E-1 3.17897E-1 3.18142E-1 3.2532E-1
5.16487E-1 5.13334E-1 5.12159E-1 4.8822E-1 4.7812E-1 4.11838E-1 3.37892E-1 3.09889E-1 3.16487E-1 3.2367E-1 3.25733E-1 3.37716E-1 3.45012E-1 3.55992E-1 3.72811E-1 3.95463E-1 4.27338E-1 4.68046E-1 4.87079E-1 5.67186E-1 6.3335E-1 6.315E-1 6.54228E-1 6.61723E-1 6.69676E-1 6.45272E-1 6.54268E-1 6.636E-1 6.32116E-1 6.29108E-1 5.77739E-1 5.79248E-1 5.31139E-1 5.47947E-1 5.22315E-1 4.78997E-1 4.61203E-1 4.3627E-1 4.19677E-1 4.09025E-1 4.07312E-1 4.09358E-1 4.09117E-1 4.08334E-1 4.00185E-1 4.25913E-1 4.38923E-1 4.23815E-1 4.17848E-1 4.10109E-1 3.89997E-1 4.06267E-1 3.98047E-1 3.83503E-1 3.52051E-1 3.22371E-1 3.30749E-1 3.08848E-1 2.95172E-1 2.96311E-1 3.03108E-1 3.18274E-1 3.05805E-1 3.13455E-1 3.31836E-1 3.32242E-1
5.3641E-1 5.41145E-1 5.18645E-1 5.09789E-1 4.89767E-1 4.3455E-1 3.56096E-1 3.136E-1 3.03956E-1 3.03906E-1 3.07717E-1 3.23687E-1 3.16329E-1 3.35263E-1 3.52328E-1 3.65005E-1 4.03992E-1 4.33011E-1 4.93371E-1 5.28184E-1 6.08166E-1 6.37579E-1 6.11959E-1 6.36238E-1 6.53833E-1 6.21353E-1 6.39026E-1 6.26625E-1 5.97898E-1 5.92494E-1 5.57788E-1 5.46382E-1 5.18471E-1 4.82777E-1 4.82459E-1 4.72286E-1 4.44264E-1 4.19987E-1 4.08525E-1 4.1059E-1 4.22647E-1 4.08712E-1 4.19198E-1 4.14474E-1 4.19758E-1 4.29911E-1 4.45779E-1 4.55642E-1 4.44084E-1 4.38084E-1 4.44369E-1 4.30951E-1 4.16583E-1 3.97002E-1 3.7829E-1 3.45469E-1 3.24181E-1 3.20425E-1 3.08272E-1 3.04591E-1 2.97055E-1 3.19241E-1 2.98072E-1 3.26118E-1 3.50744E-1 3.56811E-1
4.87326E-1 5.29374E-1 5.36796E-1 5.15384E-1 4.8309E-1 4.29862E-1 3.55315E-1 3.15007E-1 2.95918E-1 2.8633E-1 2.94742E-1 2.84781E-1 2.91089E-1 3.18111E-1 3.44919E-1 3.51494E-1 3.8497E-1 4.14382E-1 4.59759E-1 5.1292E-1 5.5006E-1 6.00262E-1 6.0764E-1 6.17899E-1 6.38224E-1 5.81939E-1 5.74886E-1 5.66124E-1 5.50215E-1 5.35267E-1 5.30804E-1 5.1342E-1 5.03179E-1 4.83833E-1 4.68217E-1 4.55705E-1 4.2875E-1 4.09685E-1 4.06221E-1 4.03666E-1 4.13058E-1 4.11786E-1 4.18398E-1 4.49035E-1 4.3835E-1 4.45969E-1 4.53858E-1 4.41895E-1 4.52591E-1 4.54311E-1 4.52554E-1 4.63535E-1 4.59769E-1 4.46292E-1 4.09801E-1 3.60034E-1 3.6318E-1 3.52794E-1 3.34554E-1 3.46341E-1 3.42143E-1 3.00194E-1 3.12962E-1 3.64158E-1 3.6384E-1 3.69953E-1
4.51891E-1 4.25376E-1 4.55345E-1 4.58675E-1 4.39624E-1 3.78658E-1 3.2502E-1 2.9587E-1 2.74582E-1 2.62802E-1 2.6318E-1 2.6664E-1 2.7282E-1 2.96135E-1 3.10557E-1 3.17203E-1 3.44248E-1 3.80326E-1 4.03823E-1 4.30763E-1 4.6865E-1 5.07043E-1 5.55423E-1 5.82194E-1 5.84411E-1 5.6311E-1 5.18002E-1 4.57419E-1 4.3832E-1 4.31582E-1 4.69248E-1 5.0379E-1 4.7575E-1 4.7834E-1 4.44113E-1 4.35281E-1 4.16218E-1 4.10792E-1 4.15893E-1 3.93659E-1 4.06001E-1 4.22034E-1 4.32386E-1 4.463E-1 4.56683E-1 4.64159E-1 4.61284E-1 4.49693E-1 4.5409E-1 4.6052E-1 4.40481E-1 4.62708E-1 4.74842E-1 4.64797E-1 4.33079E-1 3.96764E-1 4.2822E-1 4.07872E-1 3.77034E-1 3.84243E-1 3.55599E-1 3.36261E-1 3.03877E-1 3.64029E-1 3.91363E-1 3.84913E-1
4.21438E-1 4.12615E-1 3.88663E-1 3.56977E-1 3.37414E-1 2.88878E-1 2.78247E-1 2.56547E-1 2.38702E-1 2.32165E-1 2.23219E-1 2.30711E-1 2.43281E-1 2.53382E-1 2.7386E-1 2.92548E-1 3.16832E-1 3.50881E-1 3.76668E-1 3.96881E-1 4.21119E-1 4.35462E-1 4.55049E-1 4.76308E-1 4.78295E-1 4.94322E-1 4.82664E-1 4.69663E-1 4.65434E-1 4.45737E-1 4.32386E-1 4.49302E-1 4.46436E-1 4.57937E-1 4.42553E-1 4.24306E-1 4.08142E-1 3.94741E-1 3.82245E-1 3.86254E-1 4.00721E-1 4.23411E-1 4.36797E-1 4.32227E-1 4.40788E-1 4.37952E-1 4.38039E-1 4.59709E-1 4.59819E-1 4.60904E-1 4.45767E-1 4.71664E-1 4.76227E-1 4.98727E-1 4.5321E-1 4.01466E-1 4.22167E-1 4.05531E-1 3.94198E-1 3.82733E-1 3.57545E-1 3.41266E-1 3.19938E-1 2.99419E-1 3.97387E-1 4.12248E-1
4.12589E-1 4.11449E-1 3.43243E-1 2.86739E-1 2.40203E-1 2.31119E-1 2.25542E-1 2.14518E-1 2.12026E-1 2.10524E-1 1.96758E-1 1.93476E-1 2.0773E-1 2.29716E-1 2.48877E-1 2.65321E-1 2.82334E-1 3.10698E-1 3.46963E-1 3.63655E-1 3.8187E-1 4.12298E-1 4.33027E-1 4.01673E-1 4.17984E-1 3.88469E-1 3.99324E-1 4.28937E-1 4.30521E-1 4.23456E-1 4.10294E-1 3.95724E-1 4.07417E-1 3.99564E-1 4.15179E-1 4.10045E-1 3.9443E-1 3.72364E-1 3.80991E-1 3.91272E-1 3.99984E-1 4.05774E-1 4.04807E-1 4.0643E-1 4.1494E-1 4.23985E-1 4.33282E-1 4.18421E-1 4.21667E-1 4.3964E-1 4.42557E-1 4.52756E-1 4.63576E-1 4.86843E-1 4.73807E-1 4.33335E-1 4.42815E-1 4.12046E-1 3.92182E-1 3.93604E-1 3.72255E-1 3.4355E-1 3.18766E-1 3.27802E-1 3.98763E-1 4.21809E-1
4.8795E-1 4.44394E-1 3.69881E-1 2.33754E-1 1.85893E-1 2.07262E-1 1.85291E-1 1.8063E-1 1.88116E-1 1.84581E-1 1.93357E-1 1.62653E-1 1.73687E-1 1.91577E-1 2.1182E-1 2.35908E-1 2.63778E-1 2.90283E-1 3.16476E-1 3.26305E-1 3.4264E-1 3.54414E-1 3.95027E-1 3.70947E-1 4.06967E-1 4.10353E-1 3.81948E-1 3.83237E-1 3.88304E-1 3.95526E-1 4.12159E-1 3.98471E-1 4.00021E-1 3.87715E-1 3.85753E-1 3.77415E-1 3.70894E-1 3.78056E-1 3.64296E-1 3.75943E-1 3.90848E-1 4.10817E-1 4.25655E-1 4.3097E-1 4.43452E-1 4.31406E-1 4.41152E-1 4.36255E-1 4.57931E-1 4.79115E-1 4.78789E-1 4.74539E-1 4.81435E-1 5.02193E-1 4.50727E-1 4.56977E-1 4.57393E-1 4.20824E-1 3.93922E-1 3.89171E-1 3.85945E-1 3.62565E-1 3.34654E-1 3.55229E-1 3.79342E-1 3.83543E-1
4.84397E-1 3.83934E-1 2.98185E-1 1.82338E-1 1.81905E-1 1.81648E-1 1.62815E-1 1.59428E-1 1.62961E-1 1.63413E-1 1.63964E-1 1.7338E-1 1.56904E-1 1.71397E-1 1.82845E-1 1.99804E-1 2.22696E-1 2.38103E-1 2.73825E-1 2.92039E-1 3.14607E-1 3.24184E-1 3.53577E-1 3.57309E-1 3.76001E-1 3.8026E-1 3.94022E-1 3.95116E-1 3.99217E-1 3.98834E-1 3.84117E-1 3.87633E-1 3.93442E-1 3.93651E-1 3.92039E-1 3.73302E-1 3.77313E-1 3.64363E-1 3.53103E-1 3.73054E-1 3.88313E-1 4.07168E-1 4.27935E-1 4.54277E-1 4.48501E-1 4.49597E-1 4.38809E-1 4.3878E-1 4.56836E-1 4.70377E-1 4.82988E-1 4.95652E-1 4.85323E-1 4.96856E-1 4.20233E-1 4.48458E-1 4.72675E-1 4.30724E-1 4.18131E-1 3.9228E-1 3.68E-1 3.50175E-1 3.26464E-1 3.4494E-1 3.60727E-1 3.93074E-1
4.25522E-1 3.18956E-1 1.8409E-1 1.69464E-1 1.91391E-1 1.75807E-1 1.60285E-1 1.5309E-1 1.51289E-1 1.47893E-1 1.4921E-1 1.58362E-1 1.35043E-1 1.47845E-1 1.57458E-1 1.71113E-1 1.86819E-1 2.06867E-1 2.21667E-1 2.48921E-1 2.68536E-1 3.04197E-1 3.206E-1 3.57241E-1 3.50265E-1 3.62795E-1 3.65072E-1 3.64986E-1 3.77036E-1 3.78837E-1 3.77486E-1 3.8656E-1 3.82509E-1 3.89676E-1 3.64575E-1 3.78421E-1 3.41023E-1 3.4958E-1 3.44896E-1 3.44216E-1 3.73286E-1 3.88363E-1 4.12174E-1 4.44559E-1 4.53062E-1 4.51564E-1 4.45298E-1 4.47218E-1 4.63557E-1 4.76378E-1 4.8983E-1 5.07968E-1 5.08453E-1 4.98659E-1 4.03351E-1 4.34164E-1 4.39793E-1 4.33011E-1 4.0656E-1 4.06855E-1 3.66537E-1 3.45883E-1 3.59351E-1 3.77443E-1 3.8204E-1 4.04521E-1
3.44759E-1 2.20816E-1 1.69086E-1 1.74287E-1 1.85309E-1 1.74252E-1 1.64003E-1 1.50955E-1 1.44212E-1 1.33507E-1 1.4115E-1 1.3978E-1 1.20245E-1 1.24009E-1 1.2945E-1 1.37486E-1 1.5174E-1 1.65391E-1 1.84357E-1 1.99297E-1 2.43636E-1 2.57747E-1 2.98717E-1 3.22601E-1 3.4655E-1 3.47534E-1 3.42157E-1 3.52908E-1 3.60678E-1 3.68037E-1 3.56179E-1 3.58954E-1 3.70005E-1 3.78461E-1 3.633E-1 3.64612E-1 3.4277E-1 3.28077E-1 3.35404E-1 3.47844E-1 3.68875E-1 3.90139E-1 4.19189E-1 4.47132E-1 4.41535E-1 4.3268E-1 4.35807E-1 4.45962E-1 4.53988E-1 4.66071E-1 4.91499E-1 5.05673E-1 5.06691E-1 4.54379E-1 3.79116E-1 3.9203E-1 3.7572E-1 4.1929E-1 3.91814E-1 3.76425E-1 3.58797E-1 3.66713E-1 3.76383E-1 3.84942E-1 3.68846E-1 3.8419E-1
2.87724E-1 2.18665E-1 1.84685E-1 1.68127E-1 1.70567E-1 1.81955E-1 1.85895E-1 1.56957E-1 1.48177E-1 1.35151E-1 1.31961E-1 1.32113E-1 1.33371E-1 1.12372E-1 1.1608E-1 1.23925E-1 1.42139E-1 1.56928E-1 1.70461E-1 1.84547E-1 2.11776E-1 2.39289E-1 2.74644E-1 2.83972E-1 3.23683E-1 3.4578E-1 3.37656E-1 3.38603E-1 3.45441E-1 3.49547E-1 3.53292E-1 3.47804E-1 3.57357E-1 3.76264E-1 3.7422E-1 3.65739E-1 3.42993E-1 3.50431E-1 3.49148E-1 3.51488E-1 3.79451E-1 3.97725E-1 4.23608E-1 4.47103E-1 4.36383E-1 4.39413E-1 4.35076E-1 4.51496E-1 4.6365E-1 4.7963E-1 4.93426E-1 4.95807E-1 4.93128E-1 4.22083E-1 3.81193E-1 4.00148E-1 4.17473E-1 3.84302E-1 3.9601E-1 3.6276E-1 3.55499E-1 3.73631E-1 3.67122E-1 3.9479E-1 3.93924E-1 3.75393E-1
2.97961E-1 2.74092E-1 2.10893E-1 2.00996E-1 1.60551E-1 1.75368E-1 1.95517E-1 1.65654E-1 1.51188E-1 1.38831E-1 1.28091E-1 1.24291E-1 1.25616E-1 1.2877E-1 1.28826E-1 1.15779E-1 1.43767E-1 1.62369E-1 1.63418E-1 1.73064E-1 1.85619E-1 2.08931E-1 2.3777E-1 2.63118E-1 3.043E-1 3.35446E-1 3.46131E-1 3.53655E-1 3.39178E-1 3.36044E-1 3.53337E-1 3.52183E-1 3.61904E-1 3.71869E-1 3.6202E-1 3.65646E-1 3.63335E-1 3.62294E-1 3.54717E-1 3.63338E-1 3.92722E-1 4.14885E-1 4.33639E-1 4.52352E-1 4.48517E-1 4.54259E-1 4.45503E-1 4.40099E-1 4.57289E-1 4.75536E-1 4.73303E-1 4.45397E-1 4.45131E-1 4.05125E-1 4.04973E-1 4.34306E-1 4.34112E-1 4.03252E-1 3.68216E-1 3.43711E-1 3.82808E-1 3.86082E-1 3.68185E-1 3.8659E-1 4.01823E-1 3.90508E-1
3.35163E-1 2.54464E-1 2.10611E-1 2.32092E-1 1.97248E-1 1.77357E-1 1.77853E-1 1.75211E-1 1.62621E-1 1.47192E-1 1.30594E-1 1.22025E-1 1.19383E-1 1.18988E-1 1.20152E-1 1.20406E-1 1.29089E-1 1.41423E-1 1.55601E-1 1.66972E-1 2.0565E-1 2.17134E-1 2.15795E-1 2.45373E-1 2.69075E-1 2.97824E-1 3.34435E-1 3.49104E-1 3.55482E-1 3.46101E-1 3.53245E-1 3.47972E-1 3.52387E-1 3.66739E-1 3.78145E-1 3.7554E-1 3.89338E-1 3.8691E-1 3.89224E-1 3.94562E-1 4.17866E-1 4.15816E-1 4.32613E-1 4.31609E-1 4.44214E-1 4.32924E-1 4.29803E-1 4.31618E-1 4.26822E-1 4.44246E-1 4.35404E-1 4.39585E-1 4.20915E-1 3.97389E-1 4.01412E-1 4.21085E-1 4.39266E-1 4.21992E-1 3.63643E-1 3.61751E-1 3.91239E-1 4.02016E-1 3.78729E-1 3.84082E-1 3.85401E-1 3.71365E-1
3.65592E-1 2.62303E-1 2.2299E-1 2.336E-1 2.2634E-1 1.83956E-1 1.79878E-1 1.75627E-1 1.6547E-1 1.46184E-1 1.33146E-1 1.23587E-1 1.20812E-1 1.10905E-1 1.13144E-1 1.16204E-1 1.23029E-1 1.2817E-1 1.42293E-1 1.62406E-1 1.80949E-1 2.03622E-1 2.29684E-1 2.54075E-1 2.75453E-1 2.7602E-1 3.25481E-1 3.45937E-1 3.40039E-1 3.31049E-1 3.42918E-1 3.47185E-1 3.51678E-1 3.60756E-1 3.843E-1 3.93959E-1 4.16097E-1 4.14049E-1 4.10606E-1 4.32375E-1 4.59894E-1 4.47503E-1 4.45943E-1 4.33262E-1 4.22961E-1 4.24275E-1 4.24197E-1 4.26069E-1 4.22533E-1 4.2194E-1 4.25122E-1 4.29103E-1 3.77174E-1 3.87898E-1 3.71328E-1 3.79851E-1 4.20461E-1 4.53142E-1 4.09242E-1 3.86244E-1 4.22906E-1 4.15622E-1 3.90422E-1 3.80353E-1 3.72132E-1 3.65781E-1
3.41964E-1 2.8509E-1 2.65095E-1 2.45206E-1 2.43914E-1 2.21658E-1 2.17245E-1 1.74904E-1 1.59264E-1 1.46808E-1 1.32136E-1 1.23563E-1 1.15527E-1 1.10954E-1 1.05132E-1 1.07388E-1 1.12942E-1 1.19381E-1 1.33537E-1 1.41723E-1 1.60015E-1 1.82716E-1 2.04706E-1 2.36658E-1 2.60653E-1 2.82356E-1 3.08806E-1 3.28977E-1 3.24866E-1 3.37629E-1 3.37182E-1 3.43455E-1 3.46688E-1 3.69606E-1 3.84875E-1 4.04196E-1 4.43796E-1 4.62406E-1 4.45672E-1 4.66625E-1 4.60511E-1 4.22154E-1 4.1618E-1 4.31796E-1 4.15332E-1 4.15854E-1 4.21469E-1 4.17934E-1 4.15204E-1 4.12105E-1 4.27308E-1 4.00433E-1 3.72455E-1 3.74111E-1 3.80155E-1 3.87846E-1 3.74543E-1 4.29232E-1 4.45601E-1 4.21421E-1 4.21695E-1 4.01461E-1 3.9045E-1 3.78194E-1 3.76123E-1 3.58923E-1
2.98185E-1 3.08012E-1 2.64414E-1 2.23506E-1 2.14753E-1 2.18961E-1 2.02498E-1 1.85373E-1 1.63999E-1 1.44046E-1 1.33432E-1 1.24658E-1 1.17904E-1 1.13406E-1 1.01449E-1 1.03521E-1 1.06557E-1 1.08722E-1 1.23156E-1 1.36191E-1 1.49306E-1 1.64824E-1 1.90079E-1 2.1287E-1 2.41948E-1 2.73826E-1 3.06633E-1 3.10224E-1 3.26968E-1 3.41771E-1 3.4308E-1 3.34488E-1 3.41866E-1 3.44415E-1 3.64603E-1 4.06702E-1 4.6703E-1 4.74399E-1 4.6927E-1 4.60766E-1 4.49939E-1 4.07885E-1 3.99516E-1 3.98021E-1 4.10401E-1 3.96095E-1 4.07243E-1 4.12451E-1 3.89683E-1 3.97091E-1 3.99775E-1 3.73811E-1 3.65181E-1 4.0778E-1 3.8147E-1 3.7493E-1 3.73966E-1 4.33889E-1 4.42864E-1 4.28979E-1 4.07097E-1 4.25728E-1 3.99151E-1 3.82071E-1 3.63718E-1 3.68202E-1
2.86671E-1 2.73579E-1 2.46553E-1 2.33289E-1 2.07455E-1 2.20052E-1 2.05957E-1 1.879E-1 1.73689E-1 1.49418E-1 1.39319E-1 1.32103E-1 1.21704E-1 1.14675E-1 1.11172E-1 1.05093E-1 1.06105E-1 1.10105E-1 1.19285E-1 1.24442E-1 1.40829E-1 1.5956E-1 1.79014E-1 1.99318E-1 2.25504E-1 2.49095E-1 2.88713E-1 3.01855E-1 3.05929E-1 3.14664E-1 3.15395E-1 3.13157E-1 3.24553E-1 3.21439E-1 3.39584E-1 3.70074E-1 4.59621E-1 4.69689E-1 4.61118E-1 4.41567E-1 4.24277E-1 3.84839E-1 3.80956E-1 3.96582E-1 4.09654E-1 3.97903E-1 3.92335E-1 3.9579E-1 3.99805E-1 3.81376E-1 3.68718E-1 3.84853E-1 3.91507E-1 3.65416E-1 3.82084E-1 3.71446E-1 3.93977E-1 4.59788E-1 4.46083E-1 4.37571E-1 4.18051E-1 4.09155E-1 4.05187E-1 3.8968E-1 3.58374E-1 3.54951E-1
2.71154E-1 2.5767E-1 2.85765E-1 2.27761E-1 2.03078E-1 2.03131E-1 1.96952E-1 1.8236E-1 1.69546E-1 1.55413E-1 1.39983E-1 1.39812E-1 1.28885E-1 1.21208E-1 1.17E-1 1.12569E-1 1.15797E-1 1.18681E-1 1.2106E-1 1.28868E-1 1.39604E-1 1.49449E-1 1.72735E-1 1.90232E-1 2.18607E-1 2.3844E-1 2.685E-1 2.86063E-1 2.89156E-1 2.96815E-1 3.05286E-1 3.14043E-1 3.14686E-1 3.26533E-1 3.21706E-1 3.48189E-1 3.99317E-1 4.31481E-1 4.26508E-1 4.36209E-1 4.20443E-1 4.19318E-1 3.86452E-1 3.80275E-1 4.05955E-1 4.0359E-1 3.93902E-1 3.91151E-1 3.92747E-1 3.5876E-1 3.67784E-1 3.62951E-1 3.70277E-1 3.62901E-1 3.59143E-1 3.84719E-1 4.77436E-1 4.75289E-1 4.52664E-1 4.45852E-1 4.26707E-1 4.07074E-1 4.12684E-1 4.06435E-1 3.85499E-1 3.5652E-1
2.99996E-1 3.1127E-1 3.0046E-1 2.29678E-1 2.365E-1 2.17793E-1 1.98009E-1 1.79276E-1 1.63409E-1 1.49544E-1 1.39934E-1 1.37996E-1 1.38955E-1 1.30238E-1 1.23983E-1 1.21604E-1 1.25953E-1 1.23307E-1 1.30111E-1 1.34011E-1 1.43138E-1 1.51526E-1 1.64344E-1 1.86157E-1 2.08357E-1 2.26239E-1 2.53884E-1 2.70001E-1 2.75333E-1 2.78409E-1 2.88686E-1 2.94506E-1 3.03582E-1 3.07368E-1 3.11655E-1 3.33384E-1 3.81886E-1 4.01163E-1 4.17951E-1 4.17949E-1 4.10925E-1 4.02701E-1 3.90009E-1 3.88058E-1 4.0189E-1 4.07021E-1 3.87766E-1 3.89263E-1 4.02058E-1 3.86459E-1 3.94852E-1 3.48216E-1 3.51027E-1 3.48796E-1 3.65897E-1 4.17342E-1 4.66276E-1 4.6033E-1 4.40633E-1 4.35598E-1 4.30529E-1 4.11018E-1 4.08124E-1 4.20768E-1 3.93441E-1 3.73199E-1
2.65669E-1 2.99983E-1 3.04776E-1 2.5253E-1 2.20551E-1 2.20578E-1 2.10198E-1 1.87885E-1 1.68175E-1 1.53201E-1 1.40085E-1 1.43502E-1 1.55961E-1 1.50355E-1 1.40291E-1 1.32561E-1 1.3476E-1 1.34869E-1 1.37941E-1 1.42653E-1 1.54317E-1 1.67527E-1 1.7883E-1 1.94923E-1 2.05501E-1 2.25402E-1 2.44122E-1 2.50902E-1 2.58853E-1 2.64712E-1 2.83033E-1 2.99407E-1 2.96706E-1 2.90713E-1 3.03107E-1 3.25802E-1 3.68569E-1 3.93361E-1 3.944E-1 4.0546E-1 3.85176E-1 3.86619E-1 3.87451E-1 3.59404E-1 3.93253E-1 3.99293E-1 3.81194E-1 3.93605E-1 3.92567E-1 3.70541E-1 3.54387E-1 3.5398E-1 3.50452E-1 3.56483E-1 3.83572E-1 4.25708E-1 4.48593E-1 4.51272E-1 4.46197E-1 4.52214E-1 4.30377E-1 4.17818E-1 4.09E-1 4.18798E-1 4.14078E-1 3.93696E-1
