Leopardus wiedii/Leopardus_wiedii_projection 2041-2060.asc
ncols         515
nrows         545
xllcorner     -119.0
yllcorner     -58.333333333333
cellsize      0.166666666667
NODATA_value  -9999
[rows 174 to 202 of 545, columns 264 to 329 of 515]
6.74538E-1 7.11451E-1 5.23152E-1 6.72882E-1 7.07912E-1 4.21109E-1 2.73463E-1 3.17594E-1 3.22682E-1 3.38562E-1 4.04032E-1 4.36731E-1 4.98141E-1 5.11096E-1 4.86175E-1 4.51784E-1 5.10156E-1 5.04322E-1 4.67586E-1 4.13218E-1 3.96584E-1 3.7382E-1 3.88518E-1 3.77009E-1 3.85883E-1 3.73562E-1 3.81375E-1 3.67191E-1 3.70472E-1 3.87971E-1 4.10555E-1 3.89777E-1 3.61362E-1 3.75646E-1 3.61253E-1 3.95373E-1 3.99526E-1 4.19166E-1 4.29578E-1 4.79124E-1 4.71221E-1 4.96353E-1 5.39518E-1 5.21638E-1 4.99052E-1 4.99041E-1 4.95932E-1 4.7677E-1 4.89294E-1 5.03705E-1 4.80411E-1 4.62787E-1 4.72181E-1 4.12284E-1 4.22143E-1 2.07181E-1 2.12956E-1 3.37241E-1 3.79556E-1 3.63784E-1 1.6318E-1 1.76828E-1 1.89764E-1 1.94533E-1 1.96077E-1 2.11769E-1
5.28669E-1 7.94023E-1 7.60392E-1 5.57403E-1 3.66683E-1 4.02348E-1 3.38059E-1 3.57998E-1 3.36402E-1 3.78624E-1 4.10256E-1 4.12689E-1 4.62239E-1 4.5231E-1 4.48293E-1 4.73963E-1 4.49841E-1 4.72097E-1 4.18034E-1 4.3055E-1 4.28866E-1 3.8822E-1 3.81138E-1 3.90895E-1 3.62574E-1 3.46235E-1 3.44548E-1 3.47449E-1 3.88969E-1 3.98433E-1 3.64854E-1 3.63534E-1 3.72282E-1 3.60315E-1 3.79055E-1 4.00427E-1 4.17676E-1 4.28432E-1 4.50419E-1 4.69894E-1 4.8514E-1 4.95798E-1 4.98627E-1 4.89511E-1 5.07422E-1 4.9416E-1 4.75883E-1 4.71639E-1 4.42949E-1 4.6357E-1 4.64336E-1 4.34366E-1 3.58153E-1 4.09421E-1 4.69245E-1 3.53436E-1 2.0151E-1 3.69242E-1 3.73307E-1 3.87746E-1 1.80116E-1 1.95197E-1 2.02969E-1 2.0576E-1 2.08492E-1 2.38068E-1
7.63797E-1 6.18399E-1 6.56071E-1 2.87167E-1 2.8326E-1 3.48796E-1 4.25042E-1 4.21282E-1 3.8158E-1 3.95089E-1 4.06771E-1 4.88722E-1 5.43176E-1 5.51938E-1 4.63884E-1 4.87734E-1 5.13831E-1 4.81087E-1 4.43236E-1 4.20281E-1 4.13792E-1 3.96146E-1 3.88405E-1 3.89138E-1 3.74215E-1 3.41383E-1 3.29962E-1 3.26735E-1 3.85534E-1 3.5272E-1 3.46869E-1 3.48939E-1 3.69706E-1 3.93488E-1 4.02043E-1 4.22312E-1 4.2424E-1 4.45697E-1 4.57055E-1 4.68943E-1 4.6744E-1 4.66307E-1 4.63876E-1 4.83674E-1 4.82994E-1 4.64818E-1 4.55112E-1 4.5169E-1 4.56607E-1 4.45192E-1 4.6038E-1 4.69527E-1 4.60676E-1 4.65862E-1 4.62737E-1 4.53375E-1 4.05835E-1 3.79625E-1 3.91637E-1 3.88692E-1 2.28373E-1 1.8827E-1 3.04269E-1 2.09563E-1 2.36382E-1 2.57291E-1
3.22147E-1 2.91112E-1 6.81417E-1 2.56711E-1 2.47909E-1 2.7249E-1 3.87559E-1 3.63891E-1 3.61327E-1 3.78135E-1 3.92932E-1 4.76381E-1 5.29683E-1 5.29178E-1 4.98956E-1 4.983E-1 5.67221E-1 5.52191E-1 4.62168E-1 4.44239E-1 4.12045E-1 3.98991E-1 3.99232E-1 3.78297E-1 3.71798E-1 3.70399E-1 3.30145E-1 3.3393E-1 3.67661E-1 3.32779E-1 3.49803E-1 3.68806E-1 3.82943E-1 3.9377E-1 4.29449E-1 4.49801E-1 4.62435E-1 4.47027E-1 4.57207E-1 4.49104E-1 4.64434E-1 4.41641E-1 4.3931E-1 4.38298E-1 4.40955E-1 4.19456E-1 4.28799E-1 4.23007E-1 4.4278E-1 4.37097E-1 4.32995E-1 4.20336E-1 4.47215E-1 4.56989E-1 4.55987E-1 4.33195E-1 3.87628E-1 3.8199E-1 4.16448E-1 3.9881E-1 3.77451E-1 3.64074E-1 3.1887E-1 2.4093E-1 2.53101E-1 2.77157E-1
6.4484E-1 6.23072E-1 6.27799E-1 2.33919E-1 2.2398E-1 2.2231E-1 2.53229E-1 2.39424E-1 2.80357E-1 3.21727E-1 3.62343E-1 3.92389E-1 4.4278E-1 5.28071E-1 5.34445E-1 5.27194E-1 5.18972E-1 5.68287E-1 4.42136E-1 4.26122E-1 4.00329E-1 3.89761E-1 3.94044E-1 3.92394E-1 3.96756E-1 3.79108E-1 3.46468E-1 3.80886E-1 3.47884E-1 3.50142E-1 3.73575E-1 3.96686E-1 3.93769E-1 4.07461E-1 4.38386E-1 4.32989E-1 4.30693E-1 4.26154E-1 4.33473E-1 4.31298E-1 4.19611E-1 4.11609E-1 4.07517E-1 4.01697E-1 4.05086E-1 3.93829E-1 4.03318E-1 4.19224E-1 4.21028E-1 4.28012E-1 4.10302E-1 4.26309E-1 4.34882E-1 4.55758E-1 4.48171E-1 4.48963E-1 4.10115E-1 3.76272E-1 3.94494E-1 3.77051E-1 3.67136E-1 3.51054E-1 2.9525E-1 2.13514E-1 2.53761E-1 2.78158E-1
5.95385E-1 4.0938E-1 4.30221E-1 2.19429E-1 2.18056E-1 2.19618E-1 2.32592E-1 2.25861E-1 2.74464E-1 3.12924E-1 3.45676E-1 3.79538E-1 4.42504E-1 5.07264E-1 5.46818E-1 5.24089E-1 5.21357E-1 4.76006E-1 4.10337E-1 4.13878E-1 3.9037E-1 3.86945E-1 3.57875E-1 3.48227E-1 3.46818E-1 3.4178E-1 3.51912E-1 3.66055E-1 3.66187E-1 3.76344E-1 3.93023E-1 3.96727E-1 4.11112E-1 3.73862E-1 3.79697E-1 3.82357E-1 4.06944E-1 4.07984E-1 3.93917E-1 3.80123E-1 3.71278E-1 3.70338E-1 3.61732E-1 3.53443E-1 3.68416E-1 3.81842E-1 3.51907E-1 3.78519E-1 3.7961E-1 4.06529E-1 4.07845E-1 4.13278E-1 4.22454E-1 4.32544E-1 4.33448E-1 4.33991E-1 3.88346E-1 3.53977E-1 3.58809E-1 3.64999E-1 3.4589E-1 3.08334E-1 2.3435E-1 2.2872E-1 2.52171E-1 2.82321E-1
3.71345E-1 2.67312E-1 2.39923E-1 2.27716E-1 2.24136E-1 2.38235E-1 2.29781E-1 2.12507E-1 2.76702E-1 2.95023E-1 3.48725E-1 3.84719E-1 4.51017E-1 5.1154E-1 5.58225E-1 4.98033E-1 4.68692E-1 4.37042E-1 4.22131E-1 4.16336E-1 3.93141E-1 3.92624E-1 3.87585E-1 3.86976E-1 3.62884E-1 3.65956E-1 3.98912E-1 3.91651E-1 3.87747E-1 3.8375E-1 3.95442E-1 4.0008E-1 3.75844E-1 3.87252E-1 3.9347E-1 3.74661E-1 3.77335E-1 3.75199E-1 3.77738E-1 3.63038E-1 3.50435E-1 3.33892E-1 3.31868E-1 3.15552E-1 3.39554E-1 3.22075E-1 3.42385E-1 3.74257E-1 3.5773E-1 3.73353E-1 4.06202E-1 3.76341E-1 3.81264E-1 4.34415E-1 4.35904E-1 4.20249E-1 4.0994E-1 2.62062E-1 3.10276E-1 3.50772E-1 3.37412E-1 2.78814E-1 2.20158E-1 2.03443E-1 2.20308E-1 2.78238E-1
3.50741E-1 2.67062E-1 2.43467E-1 2.44436E-1 2.47182E-1 2.46284E-1 2.5458E-1 2.52344E-1 2.62082E-1 2.85126E-1 3.15343E-1 3.52261E-1 3.93457E-1 4.96693E-1 5.53327E-1 4.84178E-1 4.44531E-1 4.55831E-1 4.3234E-1 4.34165E-1 4.28591E-1 4.00486E-1 3.96768E-1 4.154E-1 4.2867E-1 4.3859E-1 4.33785E-1 4.24858E-1 4.02969E-1 4.03537E-1 3.87823E-1 3.73209E-1 3.74123E-1 3.77508E-1 3.66012E-1 3.47812E-1 3.17776E-1 3.4471E-1 3.42218E-1 3.1762E-1 2.89272E-1 3.04413E-1 2.98847E-1 3.11174E-1 2.95889E-1 3.03633E-1 3.509E-1 3.40868E-1 3.42199E-1 3.47457E-1 3.69895E-1 4.13124E-1 4.05585E-1 4.20323E-1 4.32594E-1 4.04625E-1 3.69203E-1 2.55914E-1 3.17038E-1 3.29605E-1 3.0985E-1 2.61084E-1 2.85872E-1 2.80552E-1 2.60139E-1 2.17175E-1
3.22828E-1 2.80588E-1 2.75252E-1 2.68477E-1 2.65397E-1 2.52828E-1 2.78251E-1 2.85801E-1 2.46805E-1 2.51234E-1 2.61162E-1 2.85746E-1 3.25133E-1 4.29161E-1 4.95519E-1 4.55451E-1 4.54139E-1 4.39171E-1 4.18749E-1 3.97143E-1 4.13782E-1 4.05102E-1 3.50888E-1 3.53854E-1 4.22788E-1 4.25154E-1 4.18121E-1 3.96507E-1 3.78563E-1 3.72947E-1 3.44674E-1 3.55536E-1 3.47643E-1 3.4778E-1 3.35745E-1 3.16652E-1 3.12024E-1 3.23194E-1 3.04621E-1 2.94161E-1 2.51948E-1 2.60803E-1 2.75111E-1 2.82036E-1 3.06519E-1 3.01787E-1 3.29338E-1 3.47364E-1 3.60598E-1 3.4946E-1 3.50404E-1 4.03024E-1 3.73673E-1 3.77341E-1 3.74592E-1 3.70275E-1 3.36827E-1 2.09334E-1 3.09845E-1 3.30358E-1 2.59749E-1 2.26081E-1 2.2573E-1 2.28879E-1 2.27345E-1 2.25282E-1
3.16835E-1 3.10857E-1 2.89149E-1 2.77986E-1 2.8023E-1 2.62151E-1 2.54143E-1 2.38624E-1 2.27624E-1 2.31669E-1 2.46995E-1 2.75288E-1 3.00286E-1 3.69775E-1 4.53698E-1 3.96217E-1 3.98242E-1 4.18694E-1 4.14836E-1 4.08848E-1 4.03468E-1 4.03851E-1 3.8503E-1 4.41567E-1 4.3407E-1 4.21813E-1 4.0393E-1 3.83896E-1 3.51296E-1 3.50648E-1 3.40903E-1 3.29099E-1 3.13358E-1 3.16291E-1 3.0435E-1 2.98304E-1 3.00684E-1 2.95068E-1 2.93818E-1 2.85156E-1 2.23571E-1 2.40674E-1 2.5271E-1 2.41447E-1 2.63236E-1 2.83497E-1 3.10951E-1 3.56843E-1 3.47829E-1 3.39296E-1 3.38003E-1 3.29654E-1 4.06658E-1 3.73564E-1 3.67143E-1 3.62829E-1 3.07028E-1 2.19532E-1 2.92823E-1 3.27644E-1 2.48445E-1 2.38433E-1 2.58066E-1 2.41814E-1 2.49368E-1 2.49089E-1
3.54735E-1 3.42039E-1 3.12687E-1 2.99816E-1 2.92808E-1 2.79834E-1 2.78482E-1 2.67327E-1 2.44555E-1 2.43668E-1 2.62453E-1 2.74728E-1 2.88699E-1 3.33862E-1 3.46115E-1 3.75143E-1 3.7587E-1 3.98757E-1 3.96603E-1 4.11928E-1 3.93357E-1 3.96885E-1 3.63148E-1 4.05064E-1 4.09068E-1 3.85807E-1 3.78186E-1 3.53343E-1 3.50344E-1 3.56738E-1 3.2773E-1 3.17552E-1 3.07501E-1 2.95391E-1 2.89671E-1 2.81339E-1 2.91712E-1 2.79097E-1 2.80064E-1 2.64364E-1 2.51279E-1 2.49146E-1 2.10016E-1 2.5056E-1 2.46202E-1 2.61086E-1 2.84803E-1 3.01731E-1 3.00543E-1 3.05033E-1 3.21283E-1 3.19231E-1 3.65679E-1 3.52665E-1 3.32302E-1 3.37074E-1 2.1728E-1 2.19242E-1 2.81904E-1 2.14746E-1 2.2388E-1 2.19194E-1 2.30173E-1 2.37358E-1 2.48494E-1 2.52057E-1
3.67797E-1 3.53096E-1 3.34409E-1 3.31379E-1 3.22097E-1 3.00344E-1 2.88297E-1 2.91551E-1 2.70354E-1 2.51274E-1 2.59057E-1 2.88515E-1 2.82071E-1 3.324E-1 3.5275E-1 3.82283E-1 3.98306E-1 3.7896E-1 4.13176E-1 4.28671E-1 4.24379E-1 4.09633E-1 3.93716E-1 3.72205E-1 3.67537E-1 3.65478E-1 3.72464E-1 3.69428E-1 3.51047E-1 3.45371E-1 3.26596E-1 3.05307E-1 2.90478E-1 2.91778E-1 2.88523E-1 2.80392E-1 2.78235E-1 2.80548E-1 2.64877E-1 2.51129E-1 2.34043E-1 2.19396E-1 2.25919E-1 2.32313E-1 2.24622E-1 2.37392E-1 2.58003E-1 2.71121E-1 2.80633E-1 2.97662E-1 3.13542E-1 3.08525E-1 3.42183E-1 3.53482E-1 2.03017E-1 1.99539E-1 1.8839E-1 2.08525E-1 1.9758E-1 2.03099E-1 2.12677E-1 2.30126E-1 2.49725E-1 2.57214E-1 2.68994E-1 2.63714E-1
3.83535E-1 3.6343E-1 3.48934E-1 3.44257E-1 3.3686E-1 3.18316E-1 3.16738E-1 3.01116E-1 2.87504E-1 2.80958E-1 2.74883E-1 3.14241E-1 3.14011E-1 3.157E-1 3.63681E-1 3.99281E-1 4.35003E-1 4.24336E-1 4.57061E-1 4.28342E-1 4.10661E-1 3.90764E-1 3.79634E-1 3.52057E-1 3.7521E-1 3.87157E-1 3.7422E-1 3.58571E-1 3.34509E-1 3.27356E-1 3.04093E-1 2.92281E-1 2.99613E-1 2.97694E-1 2.91046E-1 2.84592E-1 2.73431E-1 2.6779E-1 2.76824E-1 2.53855E-1 2.33745E-1 2.15224E-1 2.31567E-1 2.04185E-1 2.49985E-1 2.29652E-1 2.49868E-1 2.51641E-1 2.78156E-1 2.82315E-1 3.21906E-1 3.15011E-1 3.29027E-1 3.40717E-1 2.08593E-1 1.88739E-1 1.92111E-1 1.99307E-1 2.02174E-1 2.28158E-1 2.25882E-1 2.44547E-1 2.54178E-1 2.5386E-1 2.62977E-1 2.81616E-1
3.89862E-1 3.75545E-1 3.52046E-1 3.52631E-1 3.41672E-1 3.27163E-1 3.29377E-1 3.16366E-1 3.01847E-1 3.01785E-1 3.11405E-1 3.25053E-1 3.30548E-1 3.21163E-1 3.60281E-1 3.94771E-1 3.99094E-1 4.29304E-1 4.38269E-1 4.23897E-1 4.15937E-1 3.96819E-1 3.85102E-1 3.73302E-1 3.77623E-1 3.71663E-1 3.57972E-1 3.47295E-1 3.269E-1 3.17424E-1 3.0658E-1 3.02049E-1 2.93778E-1 3.01648E-1 2.92195E-1 2.8036E-1 2.77987E-1 2.67899E-1 2.48443E-1 2.39456E-1 1.87236E-1 1.83256E-1 2.00025E-1 2.1591E-1 2.12337E-1 2.33782E-1 2.54503E-1 2.70486E-1 3.00218E-1 2.97204E-1 2.97849E-1 3.17951E-1 3.16662E-1 3.27625E-1 1.79831E-1 1.89821E-1 1.96776E-1 2.07002E-1 2.1145E-1 2.26056E-1 2.36998E-1 2.57732E-1 2.46628E-1 3.33315E-1 3.45483E-1 2.99389E-1
3.8641E-1 3.76797E-1 3.65457E-1 3.6292E-1 3.42142E-1 3.48014E-1 3.32647E-1 3.24214E-1 3.14685E-1 3.16958E-1 3.16345E-1 3.17969E-1 3.21402E-1 3.25826E-1 3.44313E-1 3.74899E-1 3.75632E-1 3.87526E-1 4.14193E-1 3.94429E-1 3.89192E-1 3.89924E-1 3.73458E-1 3.72192E-1 3.68858E-1 3.60582E-1 3.58749E-1 3.51487E-1 3.32307E-1 3.23633E-1 3.25431E-1 3.18286E-1 3.02239E-1 2.89618E-1 2.88967E-1 2.80569E-1 2.76917E-1 2.67397E-1 2.55904E-1 1.9619E-1 1.88541E-1 1.84172E-1 1.89328E-1 2.40272E-1 2.26022E-1 2.45986E-1 2.65442E-1 2.82936E-1 3.07377E-1 3.06874E-1 3.0648E-1 3.14572E-1 3.28284E-1 3.13122E-1 1.94261E-1 1.94173E-1 2.01161E-1 2.14014E-1 2.14022E-1 2.25703E-1 2.38966E-1 3.06021E-1 3.38137E-1 3.56232E-1 3.64283E-1 3.87872E-1
4.03474E-1 3.8603E-1 3.66826E-1 3.66766E-1 3.57552E-1 3.55465E-1 3.46335E-1 3.3682E-1 3.24097E-1 3.27811E-1 3.21157E-1 3.18833E-1 3.24217E-1 3.29017E-1 3.38732E-1 3.62384E-1 3.61648E-1 3.9288E-1 4.04189E-1 3.73705E-1 3.70932E-1 3.8256E-1 3.7621E-1 3.6029E-1 3.57369E-1 3.54165E-1 3.4602E-1 3.27723E-1 3.24261E-1 3.22693E-1 3.19295E-1 3.03918E-1 2.9885E-1 2.91359E-1 2.94442E-1 2.81025E-1 2.75621E-1 2.66954E-1 2.56142E-1 2.49657E-1 2.33524E-1 1.8601E-1 2.27459E-1 2.13535E-1 2.27481E-1 2.67591E-1 2.63282E-1 2.85762E-1 3.00739E-1 3.06923E-1 3.16111E-1 3.20799E-1 3.09845E-1 1.9E-1 2.19669E-1 1.9434E-1 2.14704E-1 2.2178E-1 2.20523E-1 2.60345E-1 3.10866E-1 3.29326E-1 3.44061E-1 3.61683E-1 3.82362E-1 3.85977E-1
4.16741E-1 4.04727E-1 3.80865E-1 3.72943E-1 3.70995E-1 3.63722E-1 3.57374E-1 3.37674E-1 3.36204E-1 3.36254E-1 3.31901E-1 3.20055E-1 3.28021E-1 3.18657E-1 3.41951E-1 3.47274E-1 3.62606E-1 3.84032E-1 3.8512E-1 3.64424E-1 3.71578E-1 3.6867E-1 3.65666E-1 3.58276E-1 3.57762E-1 3.34403E-1 3.23419E-1 3.27867E-1 3.12271E-1 3.11304E-1 3.07518E-1 2.93872E-1 2.9732E-1 2.97899E-1 2.93575E-1 2.85322E-1 2.68488E-1 2.72206E-1 2.6366E-1 2.50846E-1 2.12323E-1 2.39497E-1 2.03458E-1 2.06533E-1 2.28567E-1 2.52708E-1 2.75647E-1 2.83236E-1 2.93743E-1 2.9515E-1 2.93932E-1 2.92637E-1 2.57832E-1 2.22739E-1 2.23759E-1 2.52821E-1 2.2724E-1 2.24731E-1 2.67618E-1 3.10553E-1 3.10886E-1 3.35006E-1 3.57756E-1 3.78533E-1 3.84169E-1 4.08142E-1
4.22046E-1 4.17839E-1 3.86261E-1 3.78693E-1 3.78957E-1 3.7552E-1 3.67925E-1 3.50035E-1 3.49253E-1 3.45116E-1 3.43926E-1 3.2815E-1 3.27128E-1 3.17392E-1 3.46654E-1 3.48908E-1 3.59126E-1 3.60512E-1 3.62903E-1 3.67115E-1 3.56544E-1 3.5741E-1 3.62375E-1 3.60018E-1 3.38825E-1 3.26428E-1 3.2717E-1 3.22043E-1 3.14403E-1 3.13265E-1 3.02924E-1 3.03222E-1 3.04579E-1 2.96765E-1 2.99858E-1 2.88385E-1 2.72041E-1 2.67786E-1 2.61567E-1 2.54201E-1 2.23272E-1 2.18896E-1 2.17969E-1 2.23788E-1 2.41277E-1 2.64322E-1 2.70076E-1 2.70625E-1 2.76452E-1 2.75996E-1 2.77432E-1 2.54276E-1 2.47443E-1 2.84626E-1 2.21686E-1 2.27136E-1 2.25325E-1 2.56371E-1 2.41845E-1 3.12085E-1 3.24147E-1 3.30185E-1 3.55813E-1 3.81809E-1 3.93E-1 4.31181E-1
4.17372E-1 4.15677E-1 4.0695E-1 4.00607E-1 3.9592E-1 3.91994E-1 3.69067E-1 3.59076E-1 3.53355E-1 3.48579E-1 3.40363E-1 3.37007E-1 3.31576E-1 3.14168E-1 3.31768E-1 3.41972E-1 3.47086E-1 3.55999E-1 3.62127E-1 3.58782E-1 3.58236E-1 3.53929E-1 3.53547E-1 3.46995E-1 3.37406E-1 3.21397E-1 3.19182E-1 3.1399E-1 3.08232E-1 3.08944E-1 3.13013E-1 3.02202E-1 3.00392E-1 3.01181E-1 2.95758E-1 2.94905E-1 2.84944E-1 2.78973E-1 2.66813E-1 2.65167E-1 2.3247E-1 2.29415E-1 2.36891E-1 2.44138E-1 2.53787E-1 2.59184E-1 2.71842E-1 2.63459E-1 2.70541E-1 2.74121E-1 2.79978E-1 2.86043E-1 2.76747E-1 2.36518E-1 2.34257E-1 2.3269E-1 2.50998E-1 2.57906E-1 2.3331E-1 3.1321E-1 3.01463E-1 3.25591E-1 3.49256E-1 3.61266E-1 4.04927E-1 4.07032E-1
4.47512E-1 4.4091E-1 4.28567E-1 4.16876E-1 4.1035E-1 3.99436E-1 3.77023E-1 3.65806E-1 3.57615E-1 3.54665E-1 3.48753E-1 3.39654E-1 3.35619E-1 3.23705E-1 3.31579E-1 3.40076E-1 3.46E-1 3.54838E-1 3.56085E-1 3.52759E-1 3.48295E-1 3.47593E-1 3.4348E-1 3.3618E-1 3.27895E-1 3.10268E-1 3.05819E-1 3.13818E-1 3.06401E-1 3.08495E-1 3.12009E-1 3.11108E-1 3.10498E-1 2.98795E-1 2.89841E-1 2.91355E-1 2.62823E-1 2.51367E-1 2.57393E-1 2.77873E-1 2.37488E-1 2.39262E-1 2.57575E-1 2.6367E-1 2.63002E-1 2.67308E-1 2.65345E-1 2.61879E-1 2.49145E-1 2.63452E-1 2.67729E-1 2.78637E-1 2.80824E-1 2.76674E-1 2.78645E-1 2.74438E-1 2.88102E-1 3.05703E-1 3.09304E-1 3.19244E-1 3.14381E-1 3.33215E-1 3.44022E-1 3.76974E-1 3.83349E-1 3.96938E-1
4.46945E-1 4.574E-1 4.51381E-1 4.19196E-1 4.17479E-1 3.94468E-1 3.83007E-1 3.7719E-1 3.65559E-1 3.49804E-1 3.42995E-1 3.44789E-1 3.3672E-1 3.34531E-1 3.35338E-1 3.41119E-1 3.50403E-1 3.52407E-1 3.4933E-1 3.46633E-1 3.45265E-1 3.38952E-1 3.33094E-1 3.35492E-1 3.18684E-1 3.10814E-1 2.96579E-1 3.07477E-1 3.11178E-1 3.15266E-1 3.19746E-1 3.09062E-1 3.06282E-1 2.98236E-1 2.87135E-1 2.90456E-1 2.71047E-1 2.66862E-1 2.76946E-1 2.81853E-1 2.57788E-1 2.59904E-1 2.63751E-1 2.69598E-1 2.67661E-1 2.72253E-1 2.76914E-1 2.61221E-1 2.56941E-1 2.52718E-1 2.54879E-1 2.5946E-1 2.69235E-1 2.70989E-1 2.72117E-1 2.75769E-1 2.91971E-1 2.94645E-1 3.0787E-1 3.17779E-1 3.24073E-1 3.29571E-1 3.4124E-1 3.68443E-1 3.78765E-1 3.92512E-1
4.52093E-1 4.15611E-1 4.4619E-1 4.41918E-1 4.21899E-1 4.0517E-1 3.7996E-1 3.81949E-1 3.61324E-1 3.50303E-1 3.45012E-1 3.38354E-1 3.3772E-1 3.38339E-1 3.40423E-1 3.40467E-1 3.54448E-1 3.57531E-1 3.5476E-1 3.49645E-1 3.47647E-1 3.38033E-1 3.21129E-1 3.13761E-1 3.05889E-1 3.03619E-1 2.99621E-1 3.0093E-1 3.03958E-1 3.12732E-1 3.14824E-1 3.03716E-1 2.91624E-1 2.90638E-1 2.92522E-1 2.83594E-1 2.74092E-1 2.76355E-1 2.70688E-1 2.68796E-1 2.6756E-1 2.6834E-1 2.62813E-1 2.72565E-1 2.68565E-1 2.77491E-1 2.66746E-1 2.67917E-1 2.62481E-1 2.60295E-1 2.48842E-1 2.55657E-1 2.52257E-1 2.55229E-1 2.60486E-1 2.75941E-1 2.8747E-1 3.02079E-1 3.09055E-1 3.14528E-1 3.21496E-1 3.32956E-1 3.38327E-1 3.51706E-1 3.74943E-1 3.95912E-1
4.50544E-1 4.41715E-1 4.40899E-1 4.29683E-1 4.13883E-1 4.03343E-1 3.81886E-1 3.70587E-1 3.62256E-1 3.49858E-1 3.44856E-1 3.45136E-1 3.45836E-1 3.39003E-1 3.30372E-1 3.33555E-1 3.3893E-1 3.47432E-1 3.46808E-1 3.42592E-1 3.34109E-1 3.25525E-1 3.18785E-1 3.11627E-1 3.04864E-1 3.01473E-1 3.02642E-1 2.97379E-1 3.00086E-1 3.04945E-1 2.97635E-1 2.98774E-1 2.92221E-1 2.88452E-1 2.88009E-1 2.78433E-1 2.8203E-1 2.78792E-1 2.74555E-1 2.75553E-1 2.72542E-1 2.71682E-1 2.74818E-1 2.77883E-1 2.71925E-1 2.762E-1 2.75651E-1 2.72384E-1 2.81385E-1 2.68979E-1 2.65832E-1 2.54637E-1 2.46816E-1 2.54384E-1 2.56668E-1 2.73841E-1 2.92941E-1 3.01459E-1 3.09626E-1 3.25171E-1 3.21247E-1 3.28674E-1 3.43553E-1 3.5054E-1 3.65161E-1 3.82989E-1
4.32095E-1 4.37655E-1 4.27571E-1 4.14933E-1 4.03181E-1 3.93077E-1 3.78635E-1 3.66233E-1 3.58375E-1 3.56816E-1 3.53315E-1 3.49503E-1 3.49664E-1 3.46851E-1 3.14822E-1 3.21736E-1 3.43206E-1 3.42828E-1 3.36535E-1 3.31315E-1 3.22177E-1 3.16748E-1 3.0891E-1 3.04067E-1 2.98566E-1 2.99519E-1 2.99451E-1 3.01997E-1 3.06778E-1 3.11636E-1 3.04575E-1 2.95991E-1 2.96617E-1 2.96089E-1 2.8565E-1 2.85241E-1 2.7902E-1 2.73762E-1 2.79003E-1 2.81677E-1 2.75833E-1 2.80682E-1 2.82737E-1 2.73724E-1 2.76883E-1 2.80054E-1 2.74186E-1 2.73493E-1 2.80275E-1 2.67877E-1 2.65011E-1 2.66162E-1 2.53926E-1 2.56046E-1 2.63584E-1 2.74817E-1 2.92053E-1 3.07132E-1 3.21433E-1 3.27347E-1 3.31681E-1 3.35736E-1 3.4988E-1 3.58099E-1 3.66662E-1 3.70574E-1
4.11144E-1 4.14854E-1 4.0346E-1 4.05964E-1 3.87176E-1 3.74923E-1 3.66352E-1 3.59752E-1 3.54545E-1 3.5549E-1 3.52118E-1 3.44549E-1 3.41253E-1 3.38856E-1 3.24561E-1 3.19741E-1 3.36533E-1 3.44655E-1 3.26624E-1 3.29021E-1 3.20565E-1 3.18515E-1 3.01007E-1 2.95978E-1 2.94756E-1 2.969E-1 2.99886E-1 3.05778E-1 3.13214E-1 3.10859E-1 3.17487E-1 3.1354E-1 2.99441E-1 2.94691E-1 2.8704E-1 2.85375E-1 2.77653E-1 2.78434E-1 2.71703E-1 2.75257E-1 2.81468E-1 2.84921E-1 2.86969E-1 2.84819E-1 2.8429E-1 2.79945E-1 2.78804E-1 2.78472E-1 2.77047E-1 2.74374E-1 2.73542E-1 2.70556E-1 2.68903E-1 2.73247E-1 2.76034E-1 2.92179E-1 2.99385E-1 3.14123E-1 3.24427E-1 3.41012E-1 3.37242E-1 3.42477E-1 3.38434E-1 3.44908E-1 3.49053E-1 3.54293E-1
3.87603E-1 3.88821E-1 3.89598E-1 3.80943E-1 3.76635E-1 3.66938E-1 3.50374E-1 3.42259E-1 3.35327E-1 3.42259E-1 3.35299E-1 3.32401E-1 3.30546E-1 3.23919E-1 3.33563E-1 3.28784E-1 3.31481E-1 3.23733E-1 3.28541E-1 3.18605E-1 3.13345E-1 3.1006E-1 2.97047E-1 2.93654E-1 3.03313E-1 3.04489E-1 3.114E-1 3.13079E-1 3.17889E-1 3.29569E-1 3.37387E-1 3.23697E-1 3.03351E-1 2.95909E-1 2.94826E-1 2.93541E-1 2.82539E-1 2.75846E-1 2.79693E-1 2.8115E-1 2.84556E-1 2.81477E-1 2.86496E-1 2.79827E-1 2.85223E-1 2.86344E-1 2.84656E-1 2.85022E-1 2.75067E-1 2.84691E-1 2.74516E-1 2.80155E-1 2.80371E-1 2.85035E-1 2.94131E-1 3.05418E-1 3.12008E-1 3.24131E-1 3.2751E-1 3.32454E-1 3.35245E-1 3.45277E-1 3.39691E-1 3.45302E-1 3.40036E-1 3.52026E-1
3.68312E-1 3.67927E-1 3.56246E-1 3.65857E-1 3.53256E-1 3.49514E-1 3.43301E-1 3.33454E-1 3.28354E-1 3.22714E-1 3.16578E-1 3.24082E-1 3.21707E-1 3.18804E-1 3.17356E-1 3.24259E-1 3.16372E-1 3.21301E-1 3.13097E-1 3.1189E-1 3.08273E-1 3.03352E-1 3.01078E-1 3.03586E-1 3.04008E-1 3.05996E-1 3.13911E-1 3.21162E-1 3.30234E-1 3.40733E-1 3.3429E-1 3.20026E-1 3.12957E-1 3.06579E-1 2.92174E-1 2.90796E-1 2.81744E-1 2.83646E-1 2.87047E-1 2.87203E-1 2.82614E-1 2.79295E-1 2.8278E-1 2.84057E-1 2.91631E-1 2.90053E-1 2.93131E-1 2.85351E-1 2.85769E-1 2.82518E-1 2.83502E-1 2.83178E-1 2.9222E-1 3.02607E-1 3.0291E-1 3.20813E-1 3.2182E-1 3.15477E-1 3.26768E-1 3.29114E-1 3.31909E-1 3.33539E-1 3.3683E-1 3.4089E-1 3.44789E-1 3.45618E-1
3.60025E-1 3.50288E-1 3.42351E-1 3.4736E-1 3.40139E-1 3.28302E-1 3.33165E-1 3.27444E-1 3.1022E-1 3.06781E-1 3.04044E-1 3.08096E-1 3.15933E-1 3.14073E-1 3.09267E-1 3.14933E-1 3.10755E-1 3.15848E-1 3.08174E-1 3.10609E-1 3.05303E-1 3.10175E-1 3.10708E-1 3.06203E-1 3.07352E-1 3.10429E-1 3.17758E-1 3.24248E-1 3.31656E-1 3.38672E-1 3.38313E-1 3.36916E-1 3.21125E-1 3.14218E-1 2.8982E-1 2.88952E-1 2.88275E-1 2.89526E-1 2.84969E-1 2.87615E-1 2.80784E-1 2.85018E-1 2.88819E-1 2.82807E-1 2.8684E-1 2.90255E-1 2.8154E-1 2.84227E-1 2.85825E-1 2.95232E-1 2.85976E-1 3.01809E-1 3.02228E-1 3.14204E-1 3.2215E-1 3.21386E-1 3.23096E-1 3.23727E-1 3.24748E-1 3.35806E-1 3.38503E-1 3.38583E-1 3.41588E-1 3.3446E-1 3.4669E-1 3.48508E-1
3.37946E-1 3.35923E-1 3.28976E-1 3.23199E-1 3.20015E-1 3.10874E-1 3.12251E-1 3.04142E-1 2.99543E-1 2.96209E-1 2.95741E-1 2.9206E-1 2.95817E-1 2.97537E-1 3.0286E-1 3.0717E-1 3.04069E-1 3.10234E-1 3.05138E-1 3.10207E-1 3.04479E-1 3.04191E-1 3.16675E-1 3.18561E-1 3.18111E-1 3.14474E-1 3.20534E-1 3.2733E-1 3.29598E-1 3.31422E-1 3.46127E-1 3.44729E-1 3.281E-1 3.2392E-1 2.96421E-1 2.86854E-1 2.86198E-1 2.88923E-1 2.91421E-1 2.85222E-1 2.85554E-1 2.82964E-1 2.88047E-1 2.89435E-1 2.96536E-1 2.92194E-1 2.89216E-1 2.91895E-1 2.92887E-1 2.97159E-1 3.05641E-1 3.05636E-1 3.14043E-1 3.23425E-1 3.25421E-1 3.24135E-1 3.24449E-1 3.32287E-1 3.34053E-1 3.4427E-1 3.44036E-1 3.35303E-1 3.3778E-1 3.48009E-1 3.42304E-1 3.4487E-1
