Leopardus wiedii/Leopardus_wiedii.asc
ncols         515
nrows         545
xllcorner     -119.0
yllcorner     -58.333333333333
cellsize      0.166666666667
NODATA_value  -9999
[rows 493 to 521 of 545, columns 264 to 329 of 515]
2.34291E-2 2.40293E-2 2.0348E-2 3.81508E-2 5.7013E-2 6.48356E-2 4.32789E-2 2.83657E-2 3.74595E-3 2.16852E-3 8.49573E-3 6.79582E-3 4.67532E-3 4.46935E-3 2.33504E-3 1.12753E-3 7.1384E-4 3.79488E-4 2.35188E-4 1.55662E-4 8.60926E-5 8.05833E-5 1.24387E-4 1.26652E-4 1.20689E-4 7.92805E-5 7.95845E-5 7.9455E-5 1.11583E-4 1.38611E-4 1.27269E-4 1.32257E-4 2.21283E-4 2.28018E-4 2.32153E-4 2.52075E-4 2.66838E-4 2.89483E-4 3.71929E-4 4.14519E-4 6.6633E-4 7.17924E-4 7.75997E-4 8.20676E-4 -9999 -9999 -9999 -9999 -9999 -9999 -9999 -9999 -9999 -9999 -9999 -9999 -9999 -9999 -9999 -9999 -9999 -9999 -9999 -9999 -9999 -9999
3.04794E-2 2.29449E-2 2.68347E-2 5.35323E-2 6.14809E-2 6.46328E-2 4.45935E-2 3.72458E-3 7.82383E-4 2.17372E-3 4.76435E-2 1.19064E-2 3.52561E-3 2.74732E-3 1.14655E-3 5.87248E-4 4.04183E-4 2.39492E-4 1.35666E-4 9.49882E-5 7.00494E-5 6.46017E-5 4.22158E-5 4.94414E-5 5.6263E-5 5.25658E-5 8.20548E-5 7.76E-5 7.45382E-5 1.08552E-4 1.46098E-4 1.07004E-4 1.46187E-4 2.36618E-4 2.32767E-4 2.46094E-4 2.73278E-4 4.46493E-4 6.25364E-4 6.09405E-4 6.26654E-4 6.92351E-4 7.86464E-4 8.47824E-4 -9999 -9999 -9999 -9999 -9999 -9999 -9999 -9999 -9999 -9999 -9999 -9999 -9999 -9999 -9999 -9999 -9999 -9999 -9999 -9999 -9999 -9999
2.81361E-2 4.16642E-2 3.93664E-2 5.91905E-2 6.02612E-2 7.01443E-2 2.86071E-2 2.85229E-3 7.56952E-4 3.41051E-3 6.3474E-2 2.22842E-2 2.69887E-3 4.34009E-3 1.12081E-3 4.94628E-4 2.32255E-4 1.98315E-4 1.22984E-4 8.96475E-5 6.84233E-5 6.56896E-5 4.87915E-5 5.68114E-5 8.21896E-5 7.67126E-5 1.04242E-4 1.30275E-4 9.23316E-5 1.01197E-4 1.35477E-4 1.67448E-4 2.3036E-4 2.41077E-4 2.39363E-4 2.63868E-4 2.26199E-4 3.46724E-4 3.94773E-4 5.35622E-4 6.23449E-4 7.08722E-4 5.93919E-4 -9999 -9999 -9999 -9999 -9999 -9999 -9999 -9999 -9999 -9999 -9999 -9999 -9999 -9999 -9999 -9999 -9999 -9999 -9999 -9999 -9999 -9999 -9999
2.7394E-2 3.2879E-2 4.03243E-2 4.33023E-2 6.61468E-2 6.88482E-2 2.80255E-2 5.0658E-3 1.417E-3 1.69315E-3 2.65844E-2 1.3413E-2 1.32573E-2 7.46777E-3 1.53654E-3 5.29431E-4 3.23159E-4 1.90098E-4 1.42758E-4 1.09446E-4 1.05519E-4 1.28401E-4 7.58279E-5 1.0075E-4 1.2201E-4 1.26112E-4 1.33545E-4 1.37271E-4 1.24668E-4 1.36295E-4 2.03825E-4 2.17479E-4 1.80634E-4 1.91807E-4 2.0712E-4 2.2416E-4 2.46685E-4 3.18796E-4 4.46218E-4 4.54413E-4 -9999 -9999 -9999 -9999 -9999 -9999 -9999 -9999 -9999 -9999 -9999 -9999 -9999 -9999 -9999 -9999 -9999 -9999 -9999 -9999 -9999 -9999 -9999 -9999 -9999 -9999
2.67401E-2 4.65741E-2 3.17091E-2 5.87581E-2 6.75137E-2 7.5916E-2 4.92901E-2 1.6581E-2 4.04335E-2 2.79871E-3 8.73988E-3 1.31434E-2 5.96811E-3 4.43148E-3 1.30134E-3 4.20569E-4 1.90655E-4 8.63401E-5 7.42199E-5 6.81346E-5 5.71792E-5 4.96155E-5 5.58091E-5 5.44849E-5 8.87274E-5 8.68158E-5 8.86427E-5 9.26565E-5 1.24978E-4 1.33407E-4 1.40181E-4 1.85604E-4 2.03592E-4 2.07657E-4 2.2579E-4 2.51477E-4 4.36449E-4 -9999 -9999 -9999 -9999 -9999 -9999 -9999 -9999 -9999 -9999 -9999 -9999 -9999 -9999 -9999 -9999 -9999 -9999 -9999 -9999 -9999 -9999 -9999 -9999 -9999 -9999 -9999 -9999 -9999
4.21362E-2 4.62451E-2 5.44647E-2 6.06242E-2 7.51693E-2 8.25856E-2 5.16536E-2 8.03508E-2 2.41636E-2 1.643E-3 6.80498E-4 4.57581E-3 8.88331E-3 2.89726E-3 1.32184E-3 6.3438E-4 3.1054E-4 1.26975E-4 6.42745E-5 5.95262E-5 5.98525E-5 6.31733E-5 6.0251E-5 9.50358E-5 9.31047E-5 9.68046E-5 1.03323E-4 1.00166E-4 1.04131E-4 1.13271E-4 1.19979E-4 2.06721E-4 2.26348E-4 2.36989E-4 2.4954E-4 3.33523E-4 -9999 -9999 -9999 -9999 -9999 -9999 -9999 -9999 -9999 -9999 -9999 -9999 -9999 -9999 -9999 -9999 -9999 -9999 -9999 -9999 -9999 -9999 -9999 -9999 -9999 -9999 -9999 -9999 -9999 -9999
2.83908E-2 2.70294E-2 5.40855E-2 5.97298E-2 6.61174E-2 7.02333E-2 4.60984E-2 5.79154E-2 9.08815E-3 1.35767E-3 1.16897E-3 7.88414E-3 3.67638E-3 2.40492E-3 1.63198E-3 6.8572E-4 2.96223E-4 1.58045E-4 7.68046E-5 6.15865E-5 7.55919E-5 7.02634E-5 1.00642E-4 1.04686E-4 1.04996E-4 1.05692E-4 1.13811E-4 1.19462E-4 1.21927E-4 1.32524E-4 1.35746E-4 1.85217E-4 2.47536E-4 2.63835E-4 3.66372E-4 3.88575E-4 -9999 -9999 -9999 -9999 -9999 -9999 -9999 -9999 -9999 -9999 -9999 -9999 -9999 -9999 -9999 -9999 -9999 -9999 -9999 -9999 -9999 -9999 -9999 -9999 -9999 -9999 -9999 -9999 -9999 -9999
3.31521E-2 3.00834E-2 3.28122E-2 4.70345E-2 6.59927E-2 7.24719E-2 8.02348E-2 7.29289E-2 5.22282E-3 2.37106E-3 1.15898E-2 6.52294E-3 5.51631E-3 4.635E-3 1.49612E-3 5.43921E-4 3.05321E-4 1.90299E-4 1.49217E-4 9.77514E-5 1.03011E-4 8.99152E-5 1.13189E-4 1.13763E-4 1.18523E-4 1.20515E-4 1.25942E-4 1.34458E-4 1.38971E-4 1.83667E-4 1.87945E-4 2.69976E-4 2.81676E-4 2.83651E-4 3.92639E-4 4.07982E-4 -9999 -9999 -9999 -9999 -9999 -9999 -9999 -9999 -9999 -9999 -9999 -9999 -9999 -9999 -9999 -9999 -9999 -9999 -9999 -9999 -9999 -9999 -9999 -9999 -9999 -9999 -9999 -9999 -9999 -9999
3.46568E-2 3.31417E-2 3.23014E-2 5.77824E-2 4.80982E-2 5.67204E-2 7.98217E-2 9.57E-2 8.71918E-3 5.41057E-3 2.63999E-2 1.88039E-2 1.0205E-2 5.58075E-3 1.87255E-3 7.59098E-4 4.12551E-4 2.33427E-4 1.69018E-4 1.32672E-4 1.17687E-4 1.13703E-4 1.06072E-4 1.11971E-4 1.44016E-4 1.42858E-4 1.74321E-4 1.83068E-4 1.98909E-4 2.14552E-4 2.18833E-4 3.09598E-4 3.2018E-4 4.13645E-4 4.69625E-4 3.93011E-4 -9999 -9999 -9999 -9999 -9999 -9999 -9999 -9999 -9999 -9999 -9999 -9999 -9999 -9999 -9999 -9999 -9999 -9999 -9999 -9999 -9999 -9999 -9999 -9999 -9999 -9999 -9999 -9999 -9999 -9999
3.39851E-2 3.62888E-2 4.00798E-2 5.70553E-2 6.37314E-2 7.24182E-2 9.05997E-2 8.51135E-2 3.38667E-2 8.67898E-3 4.1395E-2 2.26892E-2 1.20306E-2 5.97835E-3 1.79878E-3 7.54422E-4 3.78778E-4 1.6571E-4 1.42624E-4 1.05922E-4 1.11309E-4 9.65962E-5 1.36685E-4 1.36174E-4 1.30246E-4 1.77115E-4 2.24667E-4 2.19007E-4 2.37984E-4 2.50328E-4 2.62819E-4 3.45913E-4 3.70388E-4 4.01263E-4 3.58979E-4 4.97318E-4 -9999 -9999 -9999 -9999 -9999 -9999 -9999 -9999 -9999 -9999 -9999 -9999 -9999 -9999 -9999 -9999 -9999 -9999 -9999 -9999 -9999 -9999 -9999 -9999 -9999 -9999 -9999 -9999 -9999 -9999
3.33552E-2 2.87448E-2 3.18262E-2 4.48468E-2 6.35619E-2 6.97572E-2 1.31392E-1 8.64079E-2 5.55329E-2 1.14622E-2 2.58358E-2 1.56096E-2 5.55766E-3 4.98416E-3 2.12111E-3 8.34894E-4 3.3797E-4 2.82653E-4 1.64443E-4 1.33129E-4 1.32956E-4 1.44513E-4 1.50871E-4 1.83992E-4 1.74766E-4 2.19644E-4 2.74075E-4 2.80082E-4 2.71974E-4 2.95988E-4 3.15969E-4 3.3819E-4 3.72974E-4 4.17424E-4 4.24385E-4 5.24323E-4 5.84686E-4 -9999 -9999 -9999 -9999 -9999 -9999 -9999 -9999 -9999 -9999 -9999 -9999 -9999 -9999 -9999 -9999 -9999 -9999 -9999 -9999 -9999 -9999 -9999 -9999 -9999 -9999 -9999 -9999 -9999
3.44675E-2 3.83615E-2 2.52778E-2 7.20353E-2 4.24042E-2 1.20222E-1 1.38135E-1 8.63069E-2 6.3461E-2 3.15055E-2 2.82285E-2 1.74355E-2 7.122E-3 5.55442E-3 1.18361E-3 1.03607E-3 6.7234E-4 5.27508E-4 3.53036E-4 2.19598E-4 2.16012E-4 2.08249E-4 2.29371E-4 2.06236E-4 2.33016E-4 2.70117E-4 2.69726E-4 2.61949E-4 3.55074E-4 3.62716E-4 3.87708E-4 4.54186E-4 4.49582E-4 6.33858E-4 6.98568E-4 5.18286E-4 5.11275E-4 -9999 -9999 -9999 -9999 -9999 -9999 -9999 -9999 -9999 -9999 -9999 -9999 -9999 -9999 -9999 -9999 -9999 -9999 -9999 -9999 -9999 -9999 -9999 -9999 -9999 -9999 -9999 -9999 -9999
2.63653E-2 3.6897E-2 4.23584E-2 4.52501E-2 7.81434E-2 8.41732E-2 1.07564E-1 8.07244E-2 7.54626E-2 2.18418E-2 2.92484E-2 2.0375E-2 1.37316E-2 5.67262E-3 2.10262E-3 1.08479E-3 9.62713E-4 7.26064E-4 6.78511E-4 6.32994E-4 4.17362E-4 3.6874E-4 3.34994E-4 2.52517E-4 3.01015E-4 3.47531E-4 3.27328E-4 3.23828E-4 4.4011E-4 4.4412E-4 4.54353E-4 5.96062E-4 6.0905E-4 6.50167E-4 7.30359E-4 7.30661E-4 2.9524E-4 1.65496E-4 -9999 -9999 -9999 -9999 -9999 -9999 -9999 -9999 -9999 -9999 -9999 -9999 -9999 -9999 -9999 -9999 -9999 -9999 -9999 -9999 -9999 -9999 -9999 -9999 -9999 -9999 -9999 -9999
1.25611E-2 1.93835E-2 3.77927E-2 5.39241E-2 4.62512E-2 7.98275E-2 1.04843E-1 8.70003E-2 7.47297E-2 2.9655E-2 3.3392E-2 2.50264E-2 2.16561E-2 1.20304E-2 8.88328E-3 2.68152E-3 1.65423E-3 1.27787E-3 1.08547E-3 7.51248E-4 7.08807E-4 5.82277E-4 5.09922E-4 4.33593E-4 4.03666E-4 3.54651E-4 4.35484E-4 4.27749E-4 4.36846E-4 4.42704E-4 5.4619E-4 5.81572E-4 5.87732E-4 6.00887E-4 6.27993E-4 6.35078E-4 7.94971E-4 6.13391E-4 -9999 -9999 -9999 -9999 -9999 -9999 -9999 -9999 -9999 -9999 -9999 -9999 -9999 -9999 -9999 -9999 -9999 -9999 -9999 -9999 -9999 -9999 -9999 -9999 -9999 -9999 -9999 -9999
1.64591E-2 1.98697E-2 2.24944E-2 5.30466E-2 4.57176E-2 5.80774E-2 5.0378E-2 8.03314E-2 7.29179E-2 6.80238E-2 5.03802E-2 3.75778E-2 2.26236E-2 1.17683E-2 8.77686E-3 6.104E-3 3.99339E-3 3.11105E-3 2.54416E-3 1.37375E-3 7.53668E-4 8.13136E-4 8.19724E-4 5.57415E-4 3.85147E-4 5.77496E-4 5.20991E-4 4.71209E-4 4.73563E-4 4.64048E-4 7.06774E-4 5.53983E-4 5.71225E-4 7.54944E-4 5.9135E-4 5.66631E-4 6.66121E-4 6.7887E-4 7.70896E-4 -9999 -9999 -9999 -9999 -9999 -9999 -9999 -9999 -9999 -9999 -9999 -9999 -9999 -9999 -9999 -9999 -9999 -9999 -9999 -9999 -9999 -9999 -9999 -9999 -9999 -9999 -9999
2.24262E-2 2.63766E-2 2.76086E-2 4.03181E-2 5.83303E-2 4.68819E-2 4.88187E-2 6.95658E-2 1.16678E-1 7.5147E-2 7.52349E-2 4.45174E-2 3.5801E-2 1.92251E-2 1.1806E-2 9.09879E-3 5.81481E-3 3.02136E-3 2.26208E-3 1.58113E-3 1.19351E-3 9.01421E-4 1.08682E-3 9.50682E-4 7.88529E-4 6.76512E-4 5.73186E-4 7.32458E-4 6.80293E-4 5.21732E-4 5.97503E-4 7.25119E-4 7.35804E-4 7.29891E-4 7.17696E-4 8.70288E-4 7.57472E-4 6.95122E-4 5.91795E-4 7.26681E-4 -9999 -9999 -9999 -9999 -9999 -9999 -9999 -9999 -9999 -9999 -9999 -9999 -9999 -9999 -9999 -9999 -9999 -9999 -9999 -9999 -9999 -9999 -9999 -9999 -9999 -9999
-9999 3.11374E-2 3.64806E-2 3.78467E-2 4.64885E-2 3.46962E-2 4.90972E-2 6.67654E-2 8.93696E-2 4.97331E-2 7.08582E-2 3.46382E-2 4.22149E-2 2.75017E-2 2.35747E-2 1.48379E-2 6.76649E-3 6.72266E-3 3.80815E-3 2.42362E-3 2.22506E-3 1.88185E-3 3.44336E-3 2.11941E-3 7.37536E-4 8.76192E-4 9.94234E-4 1.39417E-3 8.38903E-4 7.02904E-4 1.01383E-3 1.15344E-3 6.3282E-4 2.72621E-4 -9999 -9999 -9999 -9999 8.66671E-4 3.91582E-4 -9999 -9999 -9999 -9999 -9999 -9999 -9999 -9999 -9999 -9999 -9999 -9999 -9999 -9999 -9999 -9999 -9999 -9999 -9999 -9999 -9999 -9999 -9999 -9999 -9999 -9999
-9999 -9999 3.23916E-2 3.88022E-2 5.00377E-2 5.71899E-2 4.7281E-2 6.40166E-2 5.77722E-2 4.72753E-2 4.81017E-2 5.69576E-2 5.24527E-2 2.56213E-2 3.014E-2 1.89429E-2 1.44985E-2 1.19655E-2 9.24437E-3 7.15717E-3 5.35155E-3 3.43276E-3 2.17086E-3 1.75401E-3 1.5206E-3 1.50283E-3 1.79546E-3 1.55414E-3 1.4542E-3 1.13252E-3 1.61778E-3 4.9142E-4 1.13907E-3 1.00013E-3 3.27799E-4 3.18067E-4 9.64823E-4 7.44977E-4 9.77085E-4 -9999 -9999 -9999 -9999 -9999 -9999 -9999 -9999 -9999 -9999 -9999 -9999 -9999 -9999 -9999 -9999 -9999 -9999 -9999 -9999 -9999 -9999 -9999 -9999 -9999 -9999 -9999
-9999 2.05665E-2 1.58313E-2 1.86653E-2 -9999 6.36159E-2 5.41394E-2 6.03525E-2 6.7006E-2 7.69907E-2 5.16294E-2 9.7811E-3 4.06371E-2 3.028E-2 4.30756E-2 3.45338E-2 1.61801E-2 1.04131E-2 9.94101E-3 6.3711E-3 8.79965E-3 7.31197E-3 5.23608E-3 4.71279E-3 3.34862E-3 1.89417E-3 2.27365E-3 2.34081E-3 2.21198E-3 6.5013E-4 6.74766E-4 1.69698E-3 1.30584E-3 1.21093E-3 1.2543E-3 1.28624E-3 1.21521E-3 1.1143E-3 1.08186E-3 1.08358E-3 -9999 -9999 -9999 -9999 -9999 -9999 -9999 -9999 -9999 -9999 -9999 -9999 -9999 -9999 -9999 -9999 -9999 -9999 -9999 -9999 -9999 -9999 -9999 -9999 -9999 -9999
-9999 -9999 1.85098E-2 1.86549E-2 3.18247E-2 4.5819E-2 3.31263E-2 5.69405E-2 6.33232E-2 4.4864E-2 3.70897E-2 1.35885E-2 2.57281E-2 2.28422E-2 1.08907E-2 2.41292E-2 1.24309E-2 1.26524E-2 1.38525E-2 1.05163E-2 1.07358E-2 3.71342E-3 8.50762E-3 5.87394E-3 3.91449E-3 3.12282E-3 2.73552E-3 8.35007E-4 2.25909E-3 2.48464E-3 2.7964E-3 2.63752E-3 1.65352E-3 1.49479E-3 1.4411E-3 1.15111E-3 9.35104E-4 1.32665E-3 1.17981E-3 1.12105E-3 1.10487E-3 -9999 -9999 -9999 -9999 -9999 -9999 -9999 -9999 -9999 -9999 -9999 -9999 -9999 -9999 -9999 -9999 -9999 -9999 -9999 -9999 -9999 -9999 -9999 -9999 -9999
-9999 -9999 2.9934E-2 1.9569E-2 1.91357E-2 1.53557E-2 3.15986E-2 3.15565E-2 3.61704E-2 4.23805E-2 4.60322E-2 4.47648E-2 4.36505E-2 2.31286E-2 1.9205E-2 2.73078E-2 2.09871E-2 1.76353E-2 1.87378E-2 -9999 1.08056E-2 8.31419E-3 7.20149E-3 3.91151E-3 4.75185E-3 4.67631E-3 -9999 4.23516E-3 5.24086E-3 4.25401E-3 3.61935E-3 2.52658E-3 1.86204E-3 1.92828E-3 1.80074E-3 2.2959E-3 1.90899E-3 1.69985E-3 1.55416E-3 4.10708E-4 2.30167E-4 -9999 -9999 -9999 -9999 -9999 -9999 -9999 -9999 -9999 -9999 -9999 -9999 -9999 -9999 -9999 -9999 -9999 -9999 -9999 -9999 -9999 -9999 -9999 -9999 -9999
-9999 -9999 -9999 3.30816E-2 3.41136E-2 2.77104E-2 4.34192E-2 4.07191E-2 3.47208E-2 3.0986E-2 4.20186E-2 3.7503E-2 2.78771E-2 3.96591E-2 3.42663E-2 2.81773E-2 2.58521E-2 2.23833E-2 1.18968E-2 8.65604E-3 8.01793E-3 6.36076E-3 3.84933E-3 3.65148E-3 7.25415E-3 -9999 -9999 6.66338E-3 6.27151E-3 4.19195E-3 3.14218E-3 2.49758E-3 2.91837E-3 2.56939E-3 3.19572E-3 2.96618E-3 2.17643E-3 2.08486E-3 1.62618E-3 1.18194E-3 1.34641E-3 1.35811E-3 -9999 -9999 -9999 -9999 -9999 -9999 -9999 -9999 -9999 -9999 -9999 -9999 -9999 -9999 -9999 -9999 -9999 -9999 -9999 -9999 -9999 -9999 -9999 -9999
-9999 -9999 -9999 -9999 3.48189E-2 3.41847E-2 3.93428E-2 3.53191E-2 3.3468E-2 3.73966E-2 3.99304E-2 4.30714E-2 4.32129E-2 3.35891E-2 3.07632E-2 2.73801E-2 2.09909E-2 1.86228E-2 1.28591E-2 1.66258E-2 9.14879E-3 5.97395E-3 5.07387E-3 5.36201E-3 7.87824E-3 -9999 -9999 8.09571E-3 4.26166E-3 2.52271E-3 2.88438E-3 4.39981E-3 3.53551E-3 1.38001E-3 1.99324E-3 2.12678E-3 1.24559E-3 1.2638E-3 1.08693E-3 9.8405E-4 1.08257E-3 4.79088E-4 -9999 -9999 -9999 -9999 -9999 -9999 -9999 -9999 -9999 -9999 -9999 -9999 -9999 -9999 -9999 -9999 -9999 -9999 -9999 -9999 -9999 -9999 -9999 -9999
-9999 -9999 -9999 -9999 -9999 -9999 3.02743E-2 3.62063E-2 3.26128E-2 3.52498E-2 2.50978E-2 2.59073E-2 3.30318E-2 2.46453E-2 3.85519E-2 3.22996E-2 1.83444E-2 1.6586E-2 1.21467E-2 1.22913E-2 1.04512E-2 7.13787E-3 5.89848E-3 4.44863E-3 5.97726E-3 -9999 7.93734E-3 7.77744E-3 -9999 -9999 1.66673E-3 4.82218E-3 3.27415E-3 2.88921E-3 2.36417E-3 1.40116E-3 1.28442E-3 9.91779E-4 1.22317E-3 1.12008E-3 1.32682E-3 1.06133E-3 2.70524E-4 -9999 -9999 -9999 -9999 -9999 -9999 -9999 -9999 -9999 -9999 -9999 -9999 -9999 -9999 -9999 -9999 -9999 -9999 -9999 -9999 -9999 -9999 -9999
-9999 -9999 -9999 -9999 -9999 -9999 -9999 3.87657E-2 3.22355E-2 3.46494E-2 3.72331E-2 2.42088E-2 2.6265E-2 1.5977E-2 6.19813E-3 2.07655E-2 1.9016E-2 1.90071E-2 2.24443E-2 1.33946E-2 1.22286E-2 9.9757E-3 7.77862E-3 7.2634E-3 6.71709E-3 6.89366E-3 5.96537E-3 6.62256E-3 5.32351E-3 4.5327E-3 4.13371E-3 5.24859E-3 4.67068E-3 3.36739E-3 3.07242E-3 1.87947E-3 1.38066E-3 1.43514E-3 1.47081E-3 1.30045E-3 1.14779E-3 9.83498E-4 1.11959E-3 4.71614E-4 6.25825E-4 -9999 -9999 -9999 -9999 -9999 -9999 -9999 -9999 -9999 -9999 -9999 -9999 -9999 -9999 -9999 -9999 -9999 -9999 -9999 -9999 -9999
-9999 -9999 -9999 -9999 -9999 -9999 -9999 -9999 -9999 1.2899E-2 2.91303E-2 2.83899E-2 2.34674E-2 2.02242E-2 1.42695E-2 1.82227E-2 2.0787E-2 1.74916E-2 1.55725E-2 1.77173E-2 2.0537E-2 1.2062E-2 8.71023E-3 7.71203E-3 7.45017E-3 6.89651E-3 7.88083E-3 7.19462E-3 2.80956E-3 5.20317E-3 3.1165E-3 2.7584E-3 2.34524E-3 3.23768E-3 2.98081E-3 2.67469E-3 2.07637E-3 1.92358E-3 1.57392E-3 1.34008E-3 1.17627E-3 1.13182E-3 1.06987E-3 1.09123E-3 1.03244E-3 4.56597E-4 -9999 -9999 -9999 -9999 -9999 -9999 -9999 -9999 -9999 -9999 -9999 -9999 -9999 -9999 -9999 -9999 -9999 -9999 -9999 -9999
-9999 -9999 -9999 -9999 -9999 -9999 -9999 -9999 -9999 2.0923E-2 2.16099E-2 2.19874E-2 2.72891E-2 2.29477E-2 2.27241E-2 2.21038E-2 2.12429E-2 1.956E-2 1.43004E-2 1.29217E-2 9.00592E-3 1.28557E-2 1.21799E-2 6.89723E-3 9.07976E-3 5.67059E-3 7.45664E-3 5.85405E-3 5.13611E-3 4.91823E-3 3.47241E-3 3.35478E-3 2.74691E-3 2.40586E-3 2.54346E-3 2.27659E-3 1.82355E-3 1.6718E-3 1.32218E-3 1.02568E-3 1.43317E-3 1.15282E-3 8.00017E-4 1.23222E-3 1.39313E-3 1.06677E-3 1.73093E-3 1.62779E-3 -9999 -9999 -9999 -9999 -9999 -9999 -9999 -9999 -9999 -9999 -9999 -9999 -9999 -9999 -9999 -9999 -9999 -9999
-9999 -9999 -9999 -9999 -9999 -9999 -9999 -9999 -9999 -9999 2.02765E-2 2.15061E-2 2.23373E-2 2.16055E-2 2.21961E-2 2.15803E-2 2.5144E-2 1.85582E-2 1.73787E-2 1.6239E-2 1.4209E-2 1.02844E-2 1.23049E-2 9.00956E-3 8.15156E-3 6.27322E-3 5.57491E-3 5.0288E-3 6.02459E-3 5.66466E-3 4.35067E-3 3.48017E-3 2.74543E-3 1.77099E-3 2.04868E-3 2.35846E-3 1.72822E-3 1.02838E-3 9.86354E-4 1.40848E-3 7.74661E-4 1.04505E-3 9.48453E-4 1.6077E-3 1.17E-3 1.34739E-3 1.84672E-3 1.95359E-3 2.03241E-3 2.10607E-3 -9999 -9999 -9999 -9999 -9999 -9999 -9999 -9999 -9999 -9999 -9999 -9999 -9999 -9999 -9999 -9999
-9999 -9999 -9999 -9999 -9999 -9999 -9999 -9999 -9999 -9999 -9999 1.72501E-2 2.0189E-2 -9999 2.12968E-2 2.20247E-2 2.09885E-2 2.02335E-2 1.59733E-2 1.44908E-2 1.49367E-2 1.09406E-2 7.16399E-3 6.6016E-3 7.07183E-3 4.02005E-3 3.83823E-3 5.79954E-3 4.49119E-3 4.7935E-3 3.97766E-3 3.2215E-3 3.39612E-3 2.31843E-3 1.95382E-3 1.77763E-3 1.76207E-3 1.29292E-3 9.13219E-4 1.11267E-3 9.15638E-4 1.04177E-3 1.11473E-3 1.61259E-3 1.24727E-3 1.68947E-3 1.86187E-3 1.80588E-3 1.78559E-3 1.87762E-3 2.3433E-3 2.43163E-3 -9999 -9999 -9999 -9999 -9999 -9999 -9999 -9999 -9999 -9999 -9999 -9999 -9999 -9999
