Leopardus wiedii/Leopardus_wiedii.asc
ncols         515
nrows         545
xllcorner     -119.0
yllcorner     -58.333333333333
cellsize      0.166666666667
NODATA_value  -9999
[rows 290 to 318 of 545, columns 264 to 329 of 515]
-9999 -9999 -9999 1.62213E-3 1.05725E-3 1.18217E-3 2.55544E-2 3.14498E-2 2.58289E-2 2.9076E-2 2.81613E-2 5.54644E-3 4.08013E-2 3.34809E-2 1.19242E-1 8.99363E-2 6.27134E-2 2.23829E-2 1.60224E-2 6.10983E-3 5.44727E-3 1.32656E-3 1.94203E-3 1.59383E-3 1.12505E-3 6.35429E-3 1.6788E-2 9.06784E-3 1.03654E-2 1.37662E-2 2.1383E-2 2.82293E-2 3.50237E-2 2.98833E-2 4.053E-2 3.52101E-2 1.48353E-2 9.02552E-3 2.45478E-3 5.61968E-4 9.59468E-3 5.38631E-1 6.08884E-1 6.77128E-1 7.0396E-1 6.92093E-1 7.18494E-1 7.39232E-1 7.40168E-1 7.71675E-1 7.49196E-1 7.52523E-1 7.96415E-1 7.89139E-1 8.00298E-1 8.30352E-1 8.42402E-1 8.3801E-1 8.42364E-1 8.17394E-1 8.16649E-1 8.13692E-1 7.82682E-1 7.55739E-1 7.18938E-1 6.91539E-1
-9999 -9999 -9999 -9999 -9999 2.84845E-3 1.4137E-3 2.12746E-3 2.10594E-3 7.30243E-3 5.37455E-3 2.26798E-2 2.56014E-2 2.73165E-2 1.24826E-2 4.04137E-3 3.37658E-2 7.51919E-2 4.83141E-2 5.75077E-2 1.72044E-2 4.36712E-3 5.09672E-3 6.12666E-3 1.71827E-3 7.04217E-3 1.95173E-2 1.0268E-2 5.37946E-3 1.45214E-2 2.36621E-2 2.19351E-2 3.12272E-2 3.73827E-2 4.15633E-2 2.57278E-2 2.02871E-2 1.00097E-2 8.59641E-3 1.75019E-3 1.55177E-3 6.35193E-2 5.70271E-1 6.2174E-1 6.7096E-1 7.19496E-1 7.18333E-1 7.52346E-1 7.54713E-1 7.77429E-1 8.07838E-1 8.093E-1 7.95223E-1 7.96075E-1 8.143E-1 8.61309E-1 8.70791E-1 8.66216E-1 8.6251E-1 8.55088E-1 8.51213E-1 8.66858E-1 8.28866E-1 7.94054E-1 7.54275E-1 7.06783E-1
-9999 -9999 -9999 -9999 -9999 -9999 -9999 1.25839E-3 8.78209E-4 1.03751E-3 9.89239E-4 1.48316E-3 2.47351E-3 2.01638E-3 1.41484E-3 1.21412E-3 1.65752E-3 1.09299E-2 3.21407E-2 3.33018E-2 4.49783E-2 1.3309E-2 4.96043E-3 4.15769E-3 5.04655E-3 2.40895E-2 4.66091E-3 7.42386E-3 6.48462E-3 2.40085E-2 2.83253E-2 2.61192E-2 2.15764E-2 1.86989E-2 2.86536E-2 1.78475E-2 1.52672E-2 1.29179E-2 1.08884E-2 8.02372E-3 2.33418E-3 4.31679E-3 9.13113E-2 5.58713E-1 5.80346E-1 6.41837E-1 6.68555E-1 7.32092E-1 7.55797E-1 7.88043E-1 8.15764E-1 8.43536E-1 8.13522E-1 8.20997E-1 8.28843E-1 8.78489E-1 8.89047E-1 8.9558E-1 8.95171E-1 8.89536E-1 8.93326E-1 8.94029E-1 8.52773E-1 8.19414E-1 7.94487E-1 7.36517E-1
-9999 -9999 -9999 -9999 -9999 -9999 -9999 -9999 -9999 -9999 8.02735E-4 9.85319E-4 9.1351E-4 1.00555E-3 7.6864E-4 7.9244E-4 8.00621E-4 1.17682E-3 6.0959E-3 2.81799E-2 3.23839E-2 4.76976E-2 6.19791E-3 4.45267E-3 1.12538E-2 4.60155E-2 5.52831E-3 8.9226E-3 8.04231E-3 1.50962E-2 1.64956E-2 2.18571E-2 2.72575E-2 2.06744E-2 2.32053E-2 1.63023E-2 2.08291E-2 1.61218E-2 1.85812E-2 1.56533E-2 8.36819E-3 4.90161E-3 4.60416E-3 1.77674E-1 5.48007E-1 5.84268E-1 6.22783E-1 4.25632E-1 5.4433E-1 7.87615E-1 8.19663E-1 8.51781E-1 8.70757E-1 8.64065E-1 8.77349E-1 8.82571E-1 9.11E-1 9.2037E-1 9.19578E-1 9.15302E-1 9.29349E-1 9.31645E-1 9.23657E-1 8.7501E-1 8.32209E-1 7.84381E-1
-9999 -9999 -9999 -9999 -9999 -9999 -9999 -9999 -9999 -9999 -9999 1.27406E-3 2.0228E-3 2.21311E-3 1.41037E-3 6.7187E-4 4.81552E-4 8.2866E-4 1.56771E-3 2.13391E-2 1.81776E-2 1.82738E-2 4.21589E-2 2.41888E-2 1.39056E-2 6.30841E-2 1.35184E-2 1.37924E-2 5.84863E-3 6.5578E-3 9.91778E-3 4.07394E-2 3.61669E-2 2.46122E-2 2.88805E-2 3.38452E-2 2.42635E-2 1.43708E-2 1.85044E-2 7.11583E-3 6.96779E-3 4.30673E-2 1.49677E-2 6.84708E-3 1.71512E-1 5.41018E-1 5.72047E-1 3.2864E-1 7.63905E-2 6.0165E-1 6.34806E-1 7.95827E-1 8.42526E-1 9.06766E-1 8.79228E-1 8.83887E-1 9.12833E-1 9.21906E-1 9.20244E-1 9.3121E-1 9.43046E-1 9.45871E-1 9.40483E-1 8.86375E-1 8.51291E-1 7.95118E-1
-9999 -9999 -9999 -9999 -9999 -9999 -9999 -9999 -9999 -9999 -9999 -9999 -9999 -9999 2.4662E-3 2.19443E-3 5.44139E-4 5.02402E-4 8.66188E-4 1.67765E-3 2.20696E-2 1.65479E-2 1.94214E-2 3.30385E-2 1.1482E-1 1.19349E-1 7.44321E-3 6.20263E-3 8.24449E-3 6.28575E-3 1.04373E-2 4.38858E-2 2.45755E-2 2.05114E-2 4.37753E-2 5.37428E-2 3.57366E-2 1.88451E-2 9.36598E-3 1.74434E-2 6.49763E-3 1.81646E-2 1.1274E-1 1.20278E-1 1.15584E-1 2.78225E-2 2.21346E-1 2.17546E-1 6.93672E-2 4.16085E-1 7.48287E-2 1.69677E-1 8.07868E-1 7.4175E-1 9.327E-1 9.35586E-1 9.06024E-1 9.18405E-1 9.10301E-1 9.18892E-1 9.40207E-1 9.40988E-1 9.3886E-1 9.13931E-1 8.49723E-1 7.996E-1
-9999 -9999 -9999 -9999 -9999 -9999 -9999 -9999 -9999 -9999 -9999 -9999 -9999 -9999 -9999 -9999 1.1889E-3 6.32239E-4 6.87963E-4 1.14355E-3 1.66591E-3 8.76136E-3 2.04539E-2 2.38664E-2 2.22088E-2 2.37656E-2 6.8908E-3 6.3294E-3 8.75811E-3 6.60102E-3 8.08571E-3 2.6464E-2 9.96923E-3 3.73468E-2 6.85405E-2 3.68813E-2 3.99674E-2 3.52227E-2 3.45587E-2 1.24165E-2 1.4269E-2 1.17195E-2 3.46947E-2 2.5159E-1 4.26878E-2 1.96438E-3 2.51226E-2 2.36438E-1 2.84084E-1 2.25626E-1 4.77209E-3 1.45416E-2 2.35585E-1 2.8882E-1 8.82517E-1 9.47766E-1 9.32425E-1 9.11894E-1 8.97221E-1 8.99279E-1 9.23694E-1 9.26196E-1 9.23722E-1 8.98687E-1 8.30886E-1 7.82432E-1
-9999 -9999 -9999 -9999 -9999 -9999 -9999 -9999 -9999 -9999 -9999 -9999 -9999 -9999 -9999 -9999 -9999 2.34565E-3 3.30534E-3 2.33148E-3 1.09359E-3 1.91814E-3 1.40291E-2 2.13218E-2 2.88028E-2 3.94221E-2 9.96021E-3 5.70478E-3 1.05297E-2 6.56555E-3 8.63876E-3 9.78109E-3 2.08054E-2 1.94494E-2 5.404E-2 6.45299E-2 7.63661E-2 4.71055E-2 4.41658E-2 1.30807E-2 1.00346E-2 8.17736E-3 1.0783E-2 3.17727E-2 7.92855E-2 5.04915E-3 2.01067E-3 1.34363E-1 2.08241E-1 2.69433E-1 4.06085E-2 6.18685E-3 3.48679E-3 1.25874E-1 5.61877E-1 9.30165E-1 9.65067E-1 9.43862E-1 9.38321E-1 9.13698E-1 8.93182E-1 8.85204E-1 8.95955E-1 8.69544E-1 8.43372E-1 8.07994E-1
-9999 -9999 -9999 -9999 -9999 -9999 -9999 -9999 -9999 -9999 -9999 -9999 -9999 -9999 -9999 -9999 -9999 -9999 6.79575E-4 3.15283E-3 2.83067E-3 1.00048E-3 3.53442E-3 9.62368E-3 1.97543E-2 1.28934E-2 1.64768E-2 3.99295E-2 5.08171E-2 1.60771E-2 9.58695E-3 9.41865E-3 2.13237E-2 1.12834E-2 4.73228E-2 4.477E-2 5.77121E-2 6.13398E-2 4.50048E-2 3.27084E-2 1.06737E-2 1.43786E-2 6.48563E-3 3.48364E-3 6.93044E-3 3.02851E-3 1.49175E-3 4.70806E-3 6.436E-2 7.30165E-2 2.85458E-2 4.51331E-3 1.48447E-2 5.16885E-3 7.19477E-2 1.57973E-1 4.24532E-1 9.5695E-1 9.77553E-1 9.57033E-1 9.29519E-1 8.70489E-1 8.56472E-1 8.43636E-1 8.16576E-1 7.89957E-1
-9999 -9999 -9999 -9999 -9999 -9999 -9999 -9999 -9999 -9999 -9999 -9999 -9999 -9999 -9999 -9999 -9999 -9999 -9999 -9999 -9999 2.44187E-3 1.08996E-3 1.77339E-3 3.92599E-3 1.58012E-2 2.08039E-2 1.94701E-2 4.91888E-2 5.66222E-2 5.35274E-3 4.70312E-3 1.39083E-2 1.87656E-2 4.49722E-2 4.28718E-2 6.09343E-2 4.76368E-2 4.41372E-2 2.71994E-2 2.19438E-2 6.83515E-3 2.37714E-3 3.15814E-3 4.16459E-3 2.95847E-3 2.1051E-3 2.58723E-3 5.54588E-3 1.91981E-2 2.40165E-2 7.69369E-2 2.0219E-1 1.18058E-1 2.42961E-2 1.52718E-2 1.38603E-2 1.9802E-1 7.90977E-1 9.22445E-1 9.26296E-1 8.73648E-1 8.27863E-1 7.82827E-1 7.73219E-1 7.31867E-1
-9999 -9999 -9999 -9999 -9999 -9999 -9999 -9999 -9999 -9999 -9999 -9999 -9999 -9999 -9999 -9999 -9999 -9999 -9999 -9999 -9999 1.98576E-3 9.52926E-4 8.17094E-4 9.1207E-4 1.1751E-3 4.55402E-3 8.9148E-3 1.67155E-2 2.07593E-2 8.27561E-3 3.96472E-3 1.23901E-2 2.16013E-2 3.23124E-2 4.43226E-2 4.27741E-2 3.67681E-2 3.13587E-2 1.5689E-2 1.97833E-2 9.0885E-3 3.16158E-3 1.71489E-3 1.8743E-3 3.32595E-3 2.51663E-3 1.91934E-3 2.00305E-3 5.0354E-3 5.31668E-2 1.81186E-1 2.15072E-1 1.19249E-1 7.54219E-2 7.4968E-2 1.28192E-2 1.18243E-1 1.78458E-1 2.06901E-1 4.57519E-1 5.52702E-1 7.9981E-1 7.50445E-1 7.18082E-1 7.16922E-1
-9999 -9999 -9999 -9999 -9999 -9999 -9999 -9999 -9999 -9999 -9999 -9999 -9999 -9999 -9999 -9999 -9999 -9999 -9999 -9999 -9999 1.04216E-3 2.02165E-3 9.05281E-4 1.03016E-3 1.03818E-3 1.02499E-3 1.294E-3 1.1013E-2 4.10449E-2 1.40115E-2 9.46653E-3 5.88406E-3 8.12805E-3 1.52883E-2 1.00668E-2 1.59686E-2 1.28055E-2 1.34196E-2 1.58149E-2 8.10129E-3 7.1002E-3 3.79489E-3 1.36203E-3 2.31883E-3 2.14645E-3 2.65101E-3 4.58467E-3 2.1249E-3 3.32487E-3 1.25501E-2 9.94921E-2 1.81896E-1 1.3005E-1 1.04182E-1 6.2643E-2 3.41323E-2 2.3389E-1 3.32141E-1 4.04181E-1 3.93575E-1 3.65474E-1 6.07542E-1 4.60348E-1 5.97098E-1 6.29281E-1
-9999 -9999 -9999 -9999 -9999 -9999 -9999 -9999 -9999 -9999 -9999 -9999 -9999 -9999 -9999 -9999 -9999 -9999 -9999 -9999 -9999 -9999 -9999 1.94314E-3 2.24149E-3 1.32022E-3 1.66992E-3 1.21102E-3 9.53767E-4 8.98147E-3 2.02633E-2 1.00571E-2 1.56737E-2 3.56278E-3 6.67783E-3 2.40224E-3 1.90472E-3 1.05442E-2 9.36318E-3 7.30387E-3 6.42495E-3 5.11504E-3 4.41491E-3 4.33092E-3 2.55907E-3 2.45878E-3 1.53887E-3 4.33597E-3 4.05349E-3 2.82335E-3 8.36805E-3 4.54344E-2 1.67284E-1 1.57712E-1 3.05553E-1 2.34778E-1 2.35654E-1 3.54893E-1 4.46806E-1 5.11299E-1 4.77992E-1 5.29238E-1 4.08968E-1 4.28448E-1 4.42192E-1 4.58743E-1
-9999 -9999 -9999 -9999 -9999 -9999 -9999 -9999 -9999 -9999 -9999 -9999 -9999 -9999 -9999 -9999 -9999 -9999 -9999 -9999 -9999 -9999 -9999 -9999 2.28836E-3 2.99605E-3 2.69037E-3 1.78918E-3 1.6186E-3 1.98907E-3 2.19337E-2 6.55447E-3 1.39945E-2 2.28491E-3 1.65715E-3 8.44257E-4 1.85435E-3 7.48359E-3 9.47188E-3 3.6836E-3 4.77216E-3 4.30801E-3 3.63507E-3 2.10011E-3 2.90039E-3 3.44997E-3 1.63871E-3 4.15501E-3 2.32689E-3 1.50233E-3 8.99555E-3 3.40692E-2 7.56392E-2 2.48415E-1 2.33301E-1 4.0596E-1 3.6086E-1 3.70577E-1 4.34672E-1 5.35575E-1 4.92882E-1 5.60427E-1 4.68809E-1 3.86834E-1 3.8919E-1 4.20654E-1
-9999 -9999 -9999 -9999 -9999 -9999 -9999 -9999 -9999 -9999 -9999 -9999 -9999 -9999 -9999 -9999 -9999 -9999 -9999 -9999 -9999 -9999 -9999 -9999 -9999 -9999 1.42256E-3 1.47358E-3 1.6246E-3 1.57221E-3 2.46189E-2 1.7061E-2 1.24599E-2 2.18182E-3 9.63043E-4 1.02462E-3 3.82454E-3 7.53341E-3 5.5769E-3 2.88397E-3 5.1773E-3 6.27304E-3 2.93721E-3 3.94871E-3 3.72485E-3 2.27307E-3 2.40263E-3 4.68166E-3 5.48404E-3 1.61345E-3 9.41794E-3 8.7882E-2 4.1984E-2 3.50772E-1 3.04592E-1 4.81151E-1 5.48211E-1 4.886E-1 5.54692E-1 5.35522E-1 6.78865E-1 6.57498E-1 5.38903E-1 4.25381E-1 3.83441E-1 4.30304E-1
-9999 -9999 -9999 -9999 -9999 -9999 -9999 -9999 -9999 -9999 -9999 -9999 -9999 -9999 -9999 -9999 -9999 -9999 -9999 -9999 -9999 -9999 -9999 -9999 -9999 -9999 -9999 7.19084E-4 1.38756E-3 1.51025E-3 1.12568E-2 1.26326E-2 2.21451E-2 3.17879E-3 2.81134E-3 1.08441E-3 6.01579E-3 1.16048E-2 1.02699E-2 4.88181E-3 3.31009E-3 3.2227E-3 3.20436E-3 3.01776E-3 5.03002E-3 3.40154E-3 3.37495E-3 3.94965E-3 3.8602E-3 1.81847E-3 1.38425E-2 3.87876E-2 8.82318E-2 2.94427E-1 6.2671E-1 5.05747E-1 6.29752E-1 6.2354E-1 5.89046E-1 5.40192E-1 7.25813E-1 6.70486E-1 6.43355E-1 4.24452E-1 4.34634E-1 4.47556E-1
-9999 -9999 -9999 -9999 -9999 -9999 -9999 -9999 -9999 -9999 -9999 -9999 -9999 -9999 -9999 -9999 -9999 -9999 -9999 -9999 -9999 -9999 -9999 -9999 -9999 -9999 -9999 8.11657E-4 8.27749E-4 9.29948E-4 5.26198E-3 1.26881E-2 1.39589E-2 5.02618E-3 3.36383E-3 5.90158E-3 1.38931E-2 1.02834E-2 6.83419E-3 6.10968E-3 5.71754E-3 4.07685E-3 4.0317E-3 4.19186E-3 5.64572E-3 2.98252E-3 1.6911E-2 2.16909E-2 4.43184E-3 5.2341E-3 9.47035E-3 4.83938E-2 2.12857E-1 1.7129E-1 2.39395E-1 6.3068E-1 5.88288E-1 5.18231E-1 6.30334E-1 8.04271E-1 7.5395E-1 6.01292E-1 5.26927E-1 4.2261E-1 3.99902E-1 4.55104E-1
-9999 -9999 -9999 -9999 -9999 -9999 -9999 -9999 -9999 -9999 -9999 -9999 -9999 -9999 -9999 -9999 -9999 -9999 -9999 -9999 -9999 -9999 -9999 -9999 -9999 -9999 -9999 9.61529E-4 6.65207E-4 8.81834E-4 2.11326E-3 1.35879E-2 9.24171E-3 7.23014E-3 2.7333E-3 3.06907E-3 3.16816E-3 3.58503E-3 5.00114E-3 6.06045E-3 6.02649E-3 3.90015E-3 3.85951E-3 3.98391E-3 4.1763E-3 7.15009E-3 3.17403E-2 8.90222E-2 2.39239E-2 2.46723E-2 4.89805E-3 2.37245E-2 1.09682E-1 2.01518E-1 7.69649E-2 2.03368E-1 3.11782E-1 5.53675E-1 6.79532E-1 8.51361E-1 6.82569E-1 7.81406E-1 6.22044E-1 5.03662E-1 4.57879E-1 4.89624E-1
-9999 -9999 -9999 -9999 -9999 -9999 -9999 -9999 -9999 -9999 -9999 -9999 -9999 -9999 -9999 -9999 -9999 -9999 -9999 -9999 -9999 -9999 -9999 -9999 -9999 -9999 -9999 8.78044E-4 5.27838E-4 7.89877E-4 1.59633E-3 1.44206E-2 1.08222E-2 6.84138E-3 5.64454E-3 1.5838E-3 1.7785E-3 2.16019E-3 9.53328E-3 5.62597E-3 5.73786E-3 6.94267E-3 3.5939E-3 3.6854E-3 3.97906E-3 3.9887E-3 7.22952E-3 7.66641E-2 1.00704E-1 1.65873E-2 7.11963E-3 2.45433E-3 1.0645E-2 1.47534E-1 1.71178E-2 1.04993E-1 1.91278E-1 3.03098E-1 5.9231E-1 8.02374E-1 5.70561E-1 7.81391E-1 7.58812E-1 6.23427E-1 4.29406E-1 4.64252E-1
-9999 -9999 -9999 -9999 -9999 -9999 -9999 -9999 -9999 -9999 -9999 -9999 -9999 -9999 -9999 -9999 -9999 -9999 -9999 -9999 -9999 -9999 -9999 -9999 -9999 -9999 -9999 -9999 5.58173E-4 8.09848E-4 1.08906E-3 1.08239E-2 7.69896E-3 5.07241E-3 7.93707E-3 1.37925E-3 1.00291E-3 1.11328E-3 2.80099E-3 4.51965E-3 1.1401E-2 1.27868E-2 7.67712E-3 3.44695E-3 3.5881E-3 3.72358E-3 6.67615E-3 4.93516E-2 5.92353E-2 2.32514E-2 3.35985E-3 2.40716E-3 4.86167E-3 2.83703E-2 1.01407E-1 5.32489E-2 2.99335E-1 3.56265E-1 5.35958E-1 4.86677E-1 2.95645E-1 6.25462E-1 7.59931E-1 6.57124E-1 5.63994E-1 4.65108E-1
-9999 -9999 -9999 -9999 -9999 -9999 -9999 -9999 -9999 -9999 -9999 -9999 -9999 -9999 -9999 -9999 -9999 -9999 -9999 -9999 -9999 -9999 -9999 -9999 -9999 -9999 -9999 -9999 6.34053E-4 8.11725E-4 9.16599E-4 2.16771E-3 9.61685E-3 4.45951E-3 2.44652E-3 1.77557E-3 3.35697E-3 1.71191E-3 2.61162E-3 1.45997E-2 1.7099E-2 3.14022E-2 1.41604E-2 8.07801E-3 3.43146E-3 3.44002E-3 5.86093E-3 1.07508E-2 1.34288E-2 2.02942E-2 4.14218E-3 1.84179E-3 8.95419E-3 1.98863E-2 1.70177E-2 1.56808E-1 1.10958E-1 3.12565E-1 5.29391E-1 4.19278E-1 2.9243E-1 2.81495E-1 5.01383E-1 6.79958E-1 5.90361E-1 4.94677E-1
-9999 -9999 -9999 -9999 -9999 -9999 -9999 -9999 -9999 -9999 -9999 -9999 -9999 -9999 -9999 -9999 -9999 -9999 -9999 -9999 -9999 -9999 -9999 -9999 -9999 -9999 -9999 -9999 8.47248E-4 6.27174E-4 7.9389E-4 2.20517E-3 9.23536E-3 7.44221E-3 3.50529E-3 1.50483E-3 1.72408E-3 1.28883E-3 1.93524E-3 1.45831E-2 1.06231E-2 1.19634E-2 1.94615E-2 1.20029E-2 7.21045E-3 3.97486E-3 7.57745E-3 7.29437E-3 1.24125E-2 1.06868E-2 2.1342E-3 8.55233E-4 1.94636E-3 1.7136E-2 4.26281E-2 8.58436E-2 2.85294E-2 1.40585E-1 4.56493E-1 4.67181E-1 6.18165E-1 2.95499E-1 4.1565E-1 5.49142E-1 5.43318E-1 5.27495E-1
-9999 -9999 -9999 -9999 -9999 -9999 -9999 -9999 -9999 -9999 -9999 -9999 -9999 -9999 -9999 -9999 -9999 -9999 -9999 -9999 -9999 -9999 -9999 -9999 -9999 -9999 -9999 -9999 5.0478E-4 7.68004E-4 7.94134E-4 1.59955E-3 7.27926E-3 9.13077E-3 3.4589E-3 7.05383E-4 1.47232E-3 5.60207E-4 8.55372E-4 1.45304E-3 7.49572E-3 9.17197E-3 7.11978E-3 3.54713E-3 3.44061E-3 6.42446E-3 6.48064E-3 6.20032E-3 5.65949E-3 1.0208E-2 3.81395E-3 8.83176E-4 1.83391E-3 1.88039E-3 2.50549E-2 2.38487E-2 4.23609E-2 1.25177E-1 3.33583E-1 8.10288E-2 2.58782E-1 3.87645E-1 1.54313E-1 5.18022E-1 5.10137E-1 4.95125E-1
-9999 -9999 -9999 -9999 -9999 -9999 -9999 -9999 -9999 -9999 -9999 -9999 -9999 -9999 -9999 -9999 -9999 -9999 -9999 -9999 -9999 -9999 -9999 -9999 -9999 -9999 -9999 -9999 3.11494E-4 7.90482E-4 9.5113E-4 1.14746E-3 2.93187E-3 8.99827E-3 3.98826E-3 1.13281E-3 4.32932E-4 2.50269E-4 4.34759E-4 1.09607E-3 1.36607E-3 4.36195E-3 4.39081E-3 3.94625E-3 5.38726E-3 5.84538E-3 8.78376E-3 2.30191E-3 2.03757E-3 1.80433E-3 7.49879E-4 8.47335E-4 4.25761E-3 5.32825E-3 1.4151E-2 8.1624E-3 1.49643E-2 1.82202E-1 1.85008E-1 6.66034E-2 3.31883E-1 4.39546E-1 2.32083E-1 4.6944E-1 5.08822E-1 4.98386E-1
-9999 -9999 -9999 -9999 -9999 -9999 -9999 -9999 -9999 -9999 -9999 -9999 -9999 -9999 -9999 -9999 -9999 -9999 -9999 -9999 -9999 -9999 -9999 -9999 -9999 -9999 -9999 -9999 -9999 5.2839E-4 6.74833E-4 1.14686E-3 1.31164E-3 8.54089E-3 4.92956E-3 1.22141E-3 3.53893E-4 2.24501E-4 5.6E-4 3.94012E-4 3.03235E-3 2.11602E-3 1.23009E-3 2.47917E-3 3.4152E-3 2.22703E-3 5.30588E-3 1.88194E-3 1.86562E-3 1.04999E-3 1.38768E-3 4.26596E-3 3.65701E-2 4.63341E-2 2.64131E-2 6.38816E-2 1.02256E-1 1.58912E-1 1.53454E-1 2.20702E-1 1.91948E-1 3.47205E-1 3.26915E-1 4.02881E-1 4.84795E-1 4.92469E-1
-9999 -9999 -9999 -9999 -9999 -9999 -9999 -9999 -9999 -9999 -9999 -9999 -9999 -9999 -9999 -9999 -9999 -9999 -9999 -9999 -9999 -9999 -9999 -9999 -9999 -9999 -9999 -9999 -9999 5.33378E-4 5.11061E-4 7.58696E-4 1.18846E-3 4.83715E-3 4.61631E-3 5.3987E-4 1.67218E-4 1.82692E-4 2.16886E-4 4.98457E-4 2.3155E-3 2.37557E-3 7.36615E-4 7.62502E-4 1.13764E-3 1.45568E-3 2.14168E-3 3.42248E-3 1.30219E-3 6.52224E-4 3.45325E-3 1.24031E-2 4.96908E-2 1.82141E-1 8.40371E-2 8.47899E-2 1.96465E-1 1.81286E-1 1.12579E-1 2.50376E-1 6.84531E-2 5.05447E-2 4.68849E-1 3.18014E-1 4.69176E-1 4.89734E-1
-9999 -9999 -9999 -9999 -9999 -9999 -9999 -9999 -9999 -9999 -9999 -9999 -9999 -9999 -9999 -9999 -9999 -9999 -9999 -9999 -9999 -9999 -9999 -9999 -9999 -9999 -9999 -9999 -9999 5.55946E-4 6.18924E-4 5.54263E-4 1.14092E-3 1.89984E-3 7.64073E-3 8.21516E-4 1.89827E-4 1.31371E-4 1.9138E-4 1.80673E-3 1.90828E-3 1.86903E-3 2.4298E-3 5.55791E-4 9.95925E-4 1.12201E-3 3.37869E-3 3.12029E-3 1.27908E-3 1.22486E-3 5.42724E-3 1.01167E-2 5.16498E-2 6.93204E-2 9.40622E-2 3.44164E-1 3.28943E-1 3.43304E-1 1.26655E-1 1.823E-1 1.40737E-1 2.08684E-1 4.89786E-1 4.08529E-1 4.79778E-1 4.68799E-1
-9999 -9999 -9999 -9999 -9999 -9999 -9999 -9999 -9999 -9999 -9999 -9999 -9999 -9999 -9999 -9999 -9999 -9999 -9999 -9999 -9999 -9999 -9999 -9999 -9999 -9999 -9999 -9999 4.76236E-4 4.59491E-4 5.7148E-4 8.62884E-4 1.29966E-3 1.36127E-3 7.94853E-3 1.02056E-3 1.75421E-4 1.70576E-4 5.60066E-4 5.39587E-4 1.59563E-3 2.42155E-3 8.26938E-4 1.61975E-3 5.24134E-4 6.40575E-4 1.10238E-3 1.95693E-3 2.38353E-3 1.24324E-3 3.75799E-3 4.94235E-3 2.16779E-2 7.26043E-2 1.05851E-1 4.68807E-1 4.88801E-1 4.31908E-1 5.8937E-2 2.03394E-1 1.92556E-1 5.11034E-1 4.96854E-1 4.65776E-1 4.49256E-1 4.34289E-1
-9999 -9999 -9999 -9999 -9999 -9999 -9999 -9999 -9999 -9999 -9999 -9999 -9999 -9999 -9999 -9999 -9999 -9999 -9999 -9999 -9999 -9999 -9999 -9999 -9999 -9999 -9999 -9999 4.20577E-4 5.31838E-4 5.85282E-4 6.23596E-4 1.22259E-3 1.57459E-3 5.85723E-3 2.23801E-3 2.74204E-4 1.41744E-4 1.47405E-4 1.60946E-4 3.03481E-4 9.29366E-4 8.32024E-4 4.17451E-4 8.5474E-4 4.71262E-4 9.16491E-4 1.00817E-3 9.44235E-4 2.6076E-3 3.0315E-3 9.72444E-3 1.76153E-2 7.43656E-2 1.77505E-1 4.10224E-1 5.21839E-1 4.79869E-1 2.8332E-1 3.31871E-1 2.19067E-1 4.46226E-1 4.44607E-1 4.82595E-1 3.97795E-1 4.15189E-1
