Leopardus wiedii/Leopardus_wiedii.asc
ncols         515
nrows         545
xllcorner     -119.0
yllcorner     -58.333333333333
cellsize      0.166666666667
NODATA_value  -9999
[rows 232 to 260 of 545, columns 330 to 395 of 515]
3.3253E-1 3.29235E-1 3.47993E-1 3.27145E-1 3.47195E-1 3.43821E-1 3.44224E-1 3.41535E-1 3.1957E-1 3.25216E-1 3.31263E-1 3.26901E-1 3.20578E-1 3.4658E-1 3.75983E-1 3.97376E-1 3.99006E-1 3.99347E-1 3.88319E-1 3.93151E-1 3.89929E-1 3.91515E-1 4.0963E-1 3.93027E-1 3.8613E-1 4.40941E-1 4.44464E-1 4.46417E-1 4.50155E-1 4.58217E-1 4.53962E-1 4.57197E-1 4.55003E-1 4.76366E-1 4.88913E-1 4.98707E-1 5.13203E-1 4.94815E-1 5.19651E-1 4.967E-1 4.76005E-1 5.46338E-1 5.29344E-1 5.36908E-1 5.26283E-1 5.27372E-1 4.57327E-1 5.05521E-1 4.89734E-1 4.78906E-1 4.52787E-1 4.13583E-1 4.12339E-1 4.01878E-1 3.94169E-1 3.93737E-1 3.79372E-1 3.62591E-1 3.41028E-1 3.35684E-1 3.9303E-1 3.70663E-1 3.71559E-1 3.64044E-1 3.45564E-1 3.50203E-1
3.40467E-1 3.34614E-1 3.36652E-1 3.36479E-1 3.34618E-1 3.32484E-1 3.31483E-1 3.32147E-1 3.37401E-1 4.1314E-1 3.54681E-1 3.46959E-1 3.64995E-1 3.82559E-1 4.06954E-1 3.8256E-1 3.78927E-1 3.98281E-1 3.92609E-1 3.96143E-1 3.99792E-1 3.99422E-1 4.48352E-1 4.3584E-1 4.2797E-1 4.18167E-1 4.19405E-1 4.26868E-1 4.33148E-1 4.42794E-1 4.41667E-1 4.40794E-1 4.44254E-1 4.79327E-1 4.44157E-1 4.58273E-1 4.66E-1 4.90468E-1 5.00079E-1 4.63511E-1 4.72621E-1 5.21325E-1 5.08464E-1 5.11513E-1 4.9221E-1 4.86331E-1 4.93807E-1 4.64626E-1 4.59835E-1 4.54154E-1 3.84486E-1 3.71846E-1 3.92199E-1 3.91382E-1 3.80584E-1 3.80753E-1 3.712E-1 3.59738E-1 3.42946E-1 3.53355E-1 3.98454E-1 3.74368E-1 3.57344E-1 3.58861E-1 3.49376E-1 3.42846E-1
3.31196E-1 3.26368E-1 3.25276E-1 3.24708E-1 3.23189E-1 3.21067E-1 3.20422E-1 3.21101E-1 3.20472E-1 3.30376E-1 4.10637E-1 4.12808E-1 4.35328E-1 4.65113E-1 4.61013E-1 4.54399E-1 4.49933E-1 4.38333E-1 4.39872E-1 4.39505E-1 4.45778E-1 4.51116E-1 4.26902E-1 4.12633E-1 4.01211E-1 4.00086E-1 4.03791E-1 4.02296E-1 4.12584E-1 4.12681E-1 4.44902E-1 4.45905E-1 4.21861E-1 4.37974E-1 4.76096E-1 4.57117E-1 4.32794E-1 4.22109E-1 4.16357E-1 4.177E-1 4.72128E-1 4.84497E-1 4.70602E-1 4.68239E-1 4.41995E-1 4.27871E-1 4.3121E-1 3.99138E-1 4.31311E-1 4.12843E-1 3.85091E-1 3.65769E-1 3.58036E-1 3.50449E-1 3.5292E-1 3.63164E-1 3.48435E-1 3.61383E-1 3.52055E-1 3.40809E-1 3.33381E-1 3.57369E-1 3.45231E-1 3.51144E-1 3.47299E-1 3.55416E-1
3.19188E-1 3.17502E-1 3.14468E-1 3.13851E-1 3.12201E-1 3.08622E-1 3.06908E-1 3.11973E-1 3.19411E-1 3.24172E-1 3.18112E-1 4.08594E-1 4.28685E-1 4.48512E-1 4.46672E-1 4.26925E-1 4.27238E-1 4.24122E-1 4.18598E-1 4.25062E-1 4.31026E-1 4.36345E-1 4.10787E-1 3.80573E-1 3.97177E-1 3.98657E-1 4.05799E-1 3.95586E-1 4.09943E-1 3.90756E-1 3.97646E-1 4.97664E-1 4.5798E-1 4.72954E-1 4.95447E-1 4.61341E-1 4.39415E-1 4.34347E-1 4.32659E-1 4.45753E-1 4.49796E-1 4.58642E-1 4.0619E-1 3.93759E-1 4.04927E-1 3.68586E-1 3.72913E-1 3.63623E-1 3.59745E-1 3.62151E-1 3.59272E-1 3.52637E-1 3.67495E-1 3.25714E-1 3.32261E-1 3.27896E-1 3.43041E-1 3.3879E-1 3.38357E-1 3.26352E-1 2.93584E-1 3.55706E-1 3.40386E-1 3.2629E-1 3.42588E-1 3.40009E-1
3.12846E-1 3.10235E-1 3.09249E-1 3.07614E-1 3.04863E-1 3.0014E-1 3.0122E-1 3.04798E-1 3.08614E-1 3.05812E-1 3.08216E-1 3.10409E-1 4.22936E-1 4.3406E-1 4.25493E-1 4.09552E-1 4.03663E-1 4.1036E-1 4.07226E-1 4.08291E-1 4.23483E-1 4.1809E-1 4.18432E-1 3.94978E-1 4.25586E-1 4.3303E-1 4.45523E-1 4.38994E-1 4.43588E-1 3.63044E-1 3.72414E-1 4.33704E-1 4.45774E-1 4.33174E-1 4.73818E-1 4.48115E-1 4.05539E-1 3.84705E-1 3.91101E-1 4.01706E-1 4.00792E-1 3.81212E-1 3.78452E-1 3.58679E-1 3.354E-1 3.3221E-1 3.41425E-1 3.42617E-1 3.345E-1 3.311E-1 3.25632E-1 3.15437E-1 3.11821E-1 3.08882E-1 3.25735E-1 3.16476E-1 3.35658E-1 3.19087E-1 3.0157E-1 2.95393E-1 2.84619E-1 3.25301E-1 3.28731E-1 3.19683E-1 3.26956E-1 3.20975E-1
3.6055E-1 3.57169E-1 3.76574E-1 3.74414E-1 3.70087E-1 3.61538E-1 3.6965E-1 3.17345E-1 3.68657E-1 3.68005E-1 3.15487E-1 3.2471E-1 3.33983E-1 3.40308E-1 3.42585E-1 4.15842E-1 4.16171E-1 4.11933E-1 4.11854E-1 4.2409E-1 4.20948E-1 4.21394E-1 4.0916E-1 4.35801E-1 3.61708E-1 3.56529E-1 3.95392E-1 4.02314E-1 4.07499E-1 3.94181E-1 4.0657E-1 4.00278E-1 4.00938E-1 4.03103E-1 4.13752E-1 3.94184E-1 4.36158E-1 4.21378E-1 4.06144E-1 3.56574E-1 3.57216E-1 3.46348E-1 3.36382E-1 3.24963E-1 3.11473E-1 3.07684E-1 3.15926E-1 3.11973E-1 3.11086E-1 3.07072E-1 2.94883E-1 3.44069E-1 2.95299E-1 2.94408E-1 3.0429E-1 2.99437E-1 2.98895E-1 3.08546E-1 2.86484E-1 2.86439E-1 2.74283E-1 3.09566E-1 3.13744E-1 2.97487E-1 3.06774E-1 2.81226E-1
3.74935E-1 3.72075E-1 3.66259E-1 3.64886E-1 3.59896E-1 3.55292E-1 3.61434E-1 3.55187E-1 3.52512E-1 3.57539E-1 3.60414E-1 3.6732E-1 3.7879E-1 3.81048E-1 3.84202E-1 3.88759E-1 3.92178E-1 4.55594E-1 4.58292E-1 4.01709E-1 4.08594E-1 4.62832E-1 4.45955E-1 4.07881E-1 3.49033E-1 3.30449E-1 3.6261E-1 3.83496E-1 3.98383E-1 3.73992E-1 3.92477E-1 3.93141E-1 3.74397E-1 3.83002E-1 3.94218E-1 3.86826E-1 3.71489E-1 4.10059E-1 3.70505E-1 3.77979E-1 3.96627E-1 3.80815E-1 3.61198E-1 2.9906E-1 2.92392E-1 2.96866E-1 2.94476E-1 2.89303E-1 2.90316E-1 2.85288E-1 2.72986E-1 2.78274E-1 2.70686E-1 2.78561E-1 2.90319E-1 2.89379E-1 2.85883E-1 2.82298E-1 2.70707E-1 2.71485E-1 2.65505E-1 2.9821E-1 2.8839E-1 2.97378E-1 3.18897E-1 2.84331E-1
3.65418E-1 3.61002E-1 3.55764E-1 3.52724E-1 3.44545E-1 3.42716E-1 3.48841E-1 3.41216E-1 3.31011E-1 3.49151E-1 3.56E-1 3.59824E-1 3.63371E-1 3.69195E-1 3.68596E-1 3.71922E-1 3.75049E-1 3.70936E-1 3.74497E-1 4.53498E-1 4.60184E-1 4.49967E-1 4.35075E-1 4.1083E-1 3.94471E-1 3.38672E-1 3.35867E-1 3.66811E-1 3.6808E-1 3.38423E-1 3.58745E-1 3.62185E-1 3.49431E-1 3.46419E-1 3.60139E-1 3.537E-1 3.53672E-1 3.85203E-1 3.61963E-1 3.48514E-1 3.60376E-1 3.61661E-1 3.5225E-1 3.47602E-1 3.43295E-1 2.76044E-1 2.83311E-1 2.74069E-1 2.73806E-1 2.68907E-1 2.57075E-1 2.59034E-1 2.50264E-1 2.60019E-1 2.73943E-1 2.81434E-1 2.81913E-1 2.71779E-1 2.67152E-1 2.52558E-1 2.98579E-1 2.82048E-1 2.87753E-1 2.73489E-1 2.59033E-1 2.65845E-1
3.60292E-1 3.4498E-1 3.44529E-1 3.4732E-1 3.53333E-1 3.09736E-1 3.46422E-1 3.47586E-1 3.29939E-1 3.26241E-1 3.28994E-1 3.40178E-1 3.47932E-1 3.50325E-1 3.4842E-1 3.51477E-1 3.59328E-1 3.54381E-1 3.59303E-1 3.54439E-1 3.50485E-1 3.49771E-1 4.30078E-1 4.19055E-1 3.88769E-1 3.64107E-1 3.58392E-1 4.14448E-1 4.03463E-1 3.20303E-1 3.18778E-1 3.3753E-1 3.27441E-1 3.27511E-1 3.34366E-1 3.92901E-1 3.91858E-1 3.99084E-1 3.94582E-1 3.70343E-1 3.24362E-1 3.27407E-1 3.25476E-1 3.24981E-1 3.22632E-1 2.67775E-1 2.6485E-1 2.6624E-1 2.56826E-1 2.56434E-1 2.56391E-1 2.50677E-1 2.77759E-1 2.58407E-1 2.6742E-1 2.73944E-1 2.71666E-1 2.67889E-1 2.48706E-1 2.8889E-1 2.79505E-1 2.69906E-1 2.76427E-1 2.66718E-1 2.4903E-1 2.38369E-1
3.48736E-1 3.4402E-1 3.39708E-1 3.40373E-1 4.0609E-1 3.53666E-1 3.38491E-1 3.91586E-1 3.7048E-1 3.46044E-1 3.11135E-1 3.08816E-1 3.27751E-1 3.37243E-1 3.3402E-1 3.38159E-1 3.50269E-1 3.43534E-1 3.42472E-1 3.42185E-1 3.10496E-1 3.3153E-1 2.84956E-1 2.65822E-1 2.57071E-1 4.11088E-1 3.9726E-1 3.87663E-1 3.84022E-1 3.82716E-1 3.56884E-1 3.02946E-1 3.25235E-1 3.73777E-1 3.75167E-1 3.63123E-1 3.64883E-1 3.54275E-1 3.41807E-1 3.67514E-1 3.08305E-1 2.97088E-1 2.81516E-1 3.03133E-1 3.1176E-1 2.74289E-1 2.56383E-1 2.55789E-1 2.4915E-1 2.55561E-1 2.49283E-1 2.82065E-1 2.83011E-1 2.85889E-1 2.7233E-1 2.67547E-1 2.64853E-1 2.57565E-1 2.42641E-1 2.33194E-1 2.64298E-1 2.54493E-1 2.5923E-1 2.51223E-1 2.4156E-1 2.27429E-1
3.56442E-1 4.01854E-1 4.15675E-1 4.07651E-1 3.89706E-1 3.90309E-1 3.91661E-1 3.73297E-1 3.57514E-1 3.46806E-1 3.38487E-1 3.50913E-1 3.59591E-1 3.57761E-1 3.56488E-1 3.54328E-1 3.68533E-1 3.08749E-1 3.11172E-1 3.66186E-1 3.04422E-1 2.6667E-1 2.55967E-1 2.51459E-1 2.89583E-1 3.91964E-1 3.77049E-1 3.67229E-1 3.33312E-1 3.51106E-1 3.48425E-1 3.38707E-1 3.4438E-1 3.51844E-1 3.43211E-1 3.38445E-1 3.37137E-1 3.73202E-1 3.57229E-1 3.41784E-1 3.3421E-1 2.82457E-1 2.64435E-1 2.81479E-1 2.96904E-1 2.57149E-1 2.62644E-1 2.51669E-1 2.48134E-1 2.52197E-1 2.55673E-1 2.92168E-1 2.87117E-1 2.86474E-1 2.95244E-1 2.65605E-1 2.61633E-1 2.50471E-1 2.31593E-1 2.54514E-1 2.5475E-1 2.54754E-1 2.45724E-1 2.4318E-1 2.35843E-1 2.27466E-1
4.13788E-1 3.94413E-1 3.99922E-1 3.91996E-1 3.83229E-1 3.76484E-1 3.75262E-1 3.58398E-1 3.48257E-1 3.30596E-1 3.24372E-1 3.28737E-1 3.35713E-1 3.33824E-1 3.29795E-1 3.33204E-1 3.28423E-1 3.32873E-1 3.37979E-1 3.33311E-1 3.28641E-1 2.89021E-1 2.784E-1 2.7664E-1 2.7032E-1 2.92691E-1 2.47727E-1 2.50236E-1 3.27626E-1 3.47791E-1 3.17768E-1 3.12189E-1 3.18532E-1 3.20734E-1 3.21105E-1 3.09179E-1 3.0461E-1 3.44514E-1 3.33051E-1 3.25549E-1 3.17524E-1 2.63475E-1 2.48617E-1 2.50427E-1 2.60998E-1 2.6738E-1 2.45462E-1 2.52686E-1 2.44912E-1 2.50405E-1 2.81954E-1 2.81594E-1 2.90919E-1 2.78953E-1 2.92608E-1 2.79365E-1 2.45021E-1 2.32044E-1 2.26312E-1 2.42323E-1 2.44893E-1 2.42883E-1 2.35126E-1 2.31356E-1 2.23912E-1 2.20034E-1
3.93242E-1 3.95301E-1 3.85208E-1 3.76004E-1 3.70774E-1 3.5114E-1 3.46997E-1 3.44127E-1 3.31627E-1 3.24297E-1 3.18796E-1 3.1506E-1 3.07747E-1 2.85992E-1 2.91553E-1 3.13815E-1 3.0765E-1 3.10192E-1 3.1359E-1 3.12789E-1 3.041E-1 2.68111E-1 2.83593E-1 2.54078E-1 2.48334E-1 2.37268E-1 2.38628E-1 2.34639E-1 2.38941E-1 3.0956E-1 3.0347E-1 2.96028E-1 2.94286E-1 2.95403E-1 2.92581E-1 2.86608E-1 2.83289E-1 3.17024E-1 3.15505E-1 3.09013E-1 2.65648E-1 2.49362E-1 2.38054E-1 2.66824E-1 2.32928E-1 2.34404E-1 2.41526E-1 2.54846E-1 2.45892E-1 2.47056E-1 2.812E-1 2.8684E-1 2.87959E-1 2.82213E-1 2.73513E-1 2.72602E-1 2.40872E-1 2.27588E-1 2.1554E-1 2.00659E-1 2.03167E-1 1.96281E-1 2.24654E-1 2.23115E-1 2.15206E-1 2.12392E-1
3.74448E-1 3.74954E-1 3.64954E-1 3.57193E-1 3.38386E-1 3.24724E-1 3.24868E-1 3.23495E-1 3.22534E-1 3.16327E-1 3.11443E-1 3.02293E-1 2.74388E-1 2.74752E-1 2.66882E-1 2.60253E-1 2.9056E-1 2.88683E-1 2.88222E-1 2.82294E-1 2.79632E-1 2.50905E-1 2.67846E-1 2.46699E-1 2.37681E-1 2.28189E-1 2.25436E-1 2.22472E-1 2.29419E-1 2.22275E-1 2.81349E-1 2.77399E-1 2.84591E-1 2.73195E-1 2.63101E-1 2.66674E-1 2.91246E-1 2.90263E-1 2.92429E-1 2.92952E-1 2.51261E-1 2.4438E-1 2.38471E-1 2.39568E-1 2.38557E-1 2.3735E-1 2.33708E-1 2.28064E-1 2.44192E-1 2.6361E-1 2.71999E-1 2.88837E-1 2.83664E-1 2.79471E-1 2.71206E-1 2.65683E-1 2.59985E-1 2.17536E-1 2.03523E-1 1.9372E-1 1.94988E-1 1.9182E-1 2.18878E-1 2.12908E-1 2.07231E-1 2.0572E-1
3.60708E-1 3.50996E-1 3.38805E-1 3.29322E-1 3.7502E-1 3.65708E-1 3.64421E-1 3.59883E-1 3.45801E-1 3.11068E-1 3.45394E-1 3.49635E-1 3.39102E-1 3.03091E-1 3.31658E-1 2.95509E-1 2.80584E-1 2.75538E-1 2.76571E-1 2.78105E-1 2.71638E-1 2.62096E-1 2.54579E-1 2.30018E-1 2.20727E-1 2.12242E-1 2.11286E-1 2.05218E-1 2.00431E-1 2.3146E-1 1.96792E-1 1.84248E-1 2.58016E-1 2.54086E-1 2.72141E-1 2.47891E-1 2.43377E-1 2.68812E-1 2.75606E-1 2.31018E-1 2.79208E-1 2.71563E-1 2.72553E-1 2.78706E-1 2.4955E-1 2.53896E-1 2.57751E-1 2.57998E-1 2.59759E-1 2.53063E-1 1.25146E-1 1.25734E-1 1.17227E-1 1.3499E-1 1.13424E-1 1.29984E-1 2.50437E-1 2.09633E-1 1.95482E-1 2.00594E-1 1.93499E-1 1.88727E-1 2.11864E-1 2.12564E-1 1.9841E-1 1.90798E-1
3.62271E-1 3.20427E-1 3.22052E-1 3.13098E-1 3.59494E-1 3.78266E-1 3.52528E-1 3.45241E-1 3.42522E-1 3.43726E-1 3.55966E-1 3.3348E-1 3.30595E-1 2.97157E-1 3.16448E-1 3.10371E-1 3.00874E-1 2.59184E-1 2.5356E-1 2.58191E-1 2.61845E-1 2.24308E-1 2.40021E-1 2.14729E-1 2.07335E-1 2.01084E-1 1.9787E-1 1.87146E-1 1.82164E-1 2.19084E-1 1.75624E-1 1.70651E-1 2.71847E-1 2.44606E-1 2.65354E-1 2.27051E-1 2.2315E-1 2.29484E-1 2.6656E-1 2.65079E-1 2.59098E-1 2.22516E-1 2.29366E-1 2.36561E-1 2.44763E-1 2.48459E-1 2.47167E-1 2.58908E-1 2.65641E-1 1.08847E-1 1.03734E-1 1.25883E-1 1.25438E-1 1.12235E-1 1.25431E-1 1.04591E-1 1.28696E-1 2.06199E-1 1.997E-1 1.98471E-1 1.9111E-1 1.8352E-1 2.09576E-1 2.2784E-1 1.96294E-1 1.84435E-1
3.17755E-1 3.2386E-1 3.48057E-1 2.84351E-1 2.90936E-1 3.49371E-1 3.57916E-1 3.33646E-1 3.42122E-1 3.39683E-1 3.40111E-1 3.50143E-1 3.01407E-1 3.11225E-1 2.96297E-1 2.87189E-1 2.8452E-1 2.79045E-1 2.68358E-1 2.70149E-1 2.60144E-1 2.59106E-1 2.33262E-1 2.52355E-1 2.23485E-1 1.85657E-1 1.80027E-1 1.69852E-1 1.65845E-1 1.69823E-1 1.92122E-1 1.96233E-1 2.59871E-1 2.2431E-1 2.54986E-1 2.20664E-1 2.19345E-1 2.13913E-1 2.20088E-1 2.48749E-1 2.18533E-1 2.19644E-1 2.22416E-1 2.27955E-1 2.35513E-1 2.52506E-1 2.62418E-1 2.69035E-1 2.60637E-1 1.28689E-1 1.0725E-1 1.05491E-1 1.0634E-1 1.06445E-1 1.37745E-1 1.23534E-1 1.02223E-1 2.31995E-1 2.02767E-1 2.16011E-1 1.86224E-1 2.01252E-1 2.30314E-1 2.2567E-1 1.92888E-1 1.82988E-1
3.06933E-1 2.79981E-1 3.17503E-1 2.97993E-1 2.98025E-1 3.10423E-1 3.23192E-1 3.2613E-1 3.05057E-1 3.09125E-1 3.15134E-1 3.09947E-1 2.99118E-1 2.83987E-1 2.6815E-1 2.68467E-1 2.64367E-1 2.54149E-1 2.64203E-1 2.52118E-1 2.46851E-1 2.18876E-1 2.14856E-1 2.07392E-1 2.27117E-1 2.00025E-1 1.86706E-1 1.56694E-1 1.53448E-1 1.55218E-1 1.77099E-1 1.85608E-1 1.85405E-1 2.38029E-1 2.37877E-1 2.09316E-1 2.10876E-1 2.26818E-1 2.0653E-1 2.30685E-1 2.35246E-1 2.11273E-1 2.06533E-1 2.17987E-1 2.27504E-1 2.5385E-1 2.65278E-1 2.28652E-1 2.63718E-1 1.31442E-1 1.30423E-1 1.24294E-1 1.1071E-1 1.11095E-1 1.22976E-1 1.10226E-1 1.14228E-1 2.25322E-1 2.24213E-1 1.88174E-1 2.02215E-1 1.97317E-1 2.248E-1 2.20468E-1 1.86761E-1 1.79775E-1
2.80728E-1 2.6205E-1 2.95865E-1 2.7516E-1 2.60373E-1 2.72747E-1 3.04055E-1 2.88357E-1 2.85861E-1 2.79677E-1 2.89473E-1 2.86935E-1 2.78367E-1 2.60348E-1 2.54137E-1 2.4804E-1 2.46346E-1 2.42985E-1 2.35196E-1 2.33225E-1 2.22191E-1 2.0704E-1 2.0256E-1 1.87492E-1 2.065E-1 1.89892E-1 1.82161E-1 1.75403E-1 1.75425E-1 1.65744E-1 1.70787E-1 1.69596E-1 1.70437E-1 1.68818E-1 2.25453E-1 2.24891E-1 2.23897E-1 2.15707E-1 2.16745E-1 1.90175E-1 2.18524E-1 1.97794E-1 2.04168E-1 2.10913E-1 2.1474E-1 2.34355E-1 2.44177E-1 3.33983E-1 2.58084E-1 1.34233E-1 1.31089E-1 1.31158E-1 1.14101E-1 1.1291E-1 1.16346E-1 1.11511E-1 1.29598E-1 2.24425E-1 2.23373E-1 2.07296E-1 2.00154E-1 1.91783E-1 2.16293E-1 2.12086E-1 2.03101E-1 1.82055E-1
2.66716E-1 2.48451E-1 2.70272E-1 2.45921E-1 2.32879E-1 2.39305E-1 2.58187E-1 2.5482E-1 2.59196E-1 2.89604E-1 2.79772E-1 2.78642E-1 2.53304E-1 2.35635E-1 2.25707E-1 2.2326E-1 2.21817E-1 2.31947E-1 2.25057E-1 2.22269E-1 2.18269E-1 2.13071E-1 1.85413E-1 1.83131E-1 1.78626E-1 1.75972E-1 1.71066E-1 1.64901E-1 1.93503E-1 1.87788E-1 1.71645E-1 1.64281E-1 1.58343E-1 1.59612E-1 2.49266E-1 2.15951E-1 2.10165E-1 2.09981E-1 2.03595E-1 1.99083E-1 2.05135E-1 2.25751E-1 2.36217E-1 2.11915E-1 2.14877E-1 2.9382E-1 2.26519E-1 2.3974E-1 3.18887E-1 2.26081E-1 1.28469E-1 1.12541E-1 1.2769E-1 1.17451E-1 1.1175E-1 1.2662E-1 1.20939E-1 2.15883E-1 2.11055E-1 2.01829E-1 1.94082E-1 2.19352E-1 2.05943E-1 2.05755E-1 2.05151E-1 1.80256E-1
2.83034E-1 2.60214E-1 2.41151E-1 2.26268E-1 2.16463E-1 2.17526E-1 2.19436E-1 2.48646E-1 2.54427E-1 2.62422E-1 2.56752E-1 2.48403E-1 2.38249E-1 2.01594E-1 2.04019E-1 2.01033E-1 2.08661E-1 2.26915E-1 2.06917E-1 2.09034E-1 2.03668E-1 2.00669E-1 1.93172E-1 1.89981E-1 1.87638E-1 1.63594E-1 1.5886E-1 1.57659E-1 1.57463E-1 1.60142E-1 1.59838E-1 1.57329E-1 1.52177E-1 1.51173E-1 1.51806E-1 1.50715E-1 2.0097E-1 2.05041E-1 2.26284E-1 2.04069E-1 2.0342E-1 2.17445E-1 2.37357E-1 2.45836E-1 2.59164E-1 2.65321E-1 3.05575E-1 3.1884E-1 2.17825E-1 2.51434E-1 2.62725E-1 1.30766E-1 1.23865E-1 1.1848E-1 1.09009E-1 1.0397E-1 2.33753E-1 2.00812E-1 1.99331E-1 1.9233E-1 2.18783E-1 2.17656E-1 2.10961E-1 2.0452E-1 1.97131E-1 1.37839E-1
2.70311E-1 2.55159E-1 2.29525E-1 2.11219E-1 2.03176E-1 1.98529E-1 2.18287E-1 2.27202E-1 2.35905E-1 2.40317E-1 2.36247E-1 2.226E-1 2.06136E-1 2.05733E-1 2.05439E-1 2.04958E-1 2.05831E-1 2.06676E-1 2.10696E-1 1.94107E-1 1.93762E-1 1.8738E-1 1.81602E-1 1.56853E-1 1.56401E-1 1.5101E-1 1.47575E-1 1.4197E-1 1.45522E-1 1.44168E-1 1.50005E-1 1.4536E-1 1.46779E-1 1.46481E-1 1.45902E-1 1.66689E-1 1.62514E-1 2.26028E-1 2.24104E-1 2.33963E-1 2.12059E-1 2.12265E-1 2.35319E-1 2.28095E-1 2.99977E-1 2.54159E-1 2.59649E-1 2.76506E-1 3.02202E-1 3.16285E-1 3.24887E-1 3.17501E-1 3.23332E-1 2.24548E-1 2.75791E-1 1.91983E-1 2.16562E-1 2.09257E-1 2.17895E-1 2.07393E-1 2.02673E-1 1.93705E-1 1.90641E-1 1.92035E-1 1.83691E-1 1.51957E-1
2.62681E-1 2.51555E-1 2.24069E-1 2.03557E-1 1.96259E-1 1.64627E-1 1.8168E-1 2.16183E-1 2.21726E-1 2.22079E-1 2.05767E-1 1.92703E-1 1.93716E-1 1.96235E-1 1.94325E-1 1.9595E-1 1.98381E-1 1.97335E-1 1.96116E-1 1.97332E-1 1.95409E-1 1.90396E-1 1.89138E-1 1.6503E-1 1.68551E-1 1.61961E-1 1.41256E-1 1.3733E-1 1.34821E-1 1.38686E-1 1.37116E-1 1.40898E-1 1.59701E-1 1.47147E-1 1.44473E-1 1.44927E-1 1.63675E-1 1.70278E-1 2.34058E-1 2.36741E-1 2.39295E-1 2.13007E-1 2.25163E-1 2.94521E-1 2.97519E-1 2.94018E-1 2.54066E-1 2.62912E-1 2.77156E-1 2.85671E-1 3.14352E-1 3.10298E-1 2.8042E-1 2.7029E-1 2.52564E-1 2.82605E-1 2.67771E-1 1.96631E-1 1.90556E-1 1.86867E-1 1.92234E-1 1.79437E-1 1.79697E-1 1.65998E-1 1.6489E-1 1.69349E-1
2.45861E-1 2.2595E-1 2.31018E-1 2.05081E-1 1.92136E-1 1.64829E-1 1.85894E-1 2.1515E-1 2.17527E-1 2.13637E-1 1.86981E-1 1.86594E-1 1.89356E-1 1.94195E-1 1.97479E-1 1.91041E-1 1.91384E-1 1.95207E-1 1.8891E-1 1.87876E-1 1.74596E-1 1.80934E-1 1.77141E-1 1.70021E-1 1.78335E-1 1.6688E-1 1.53804E-1 1.47841E-1 1.33841E-1 1.32938E-1 1.28472E-1 1.37577E-1 1.54104E-1 1.43401E-1 1.43145E-1 1.45712E-1 1.50001E-1 1.51421E-1 1.7019E-1 2.26038E-1 2.35131E-1 2.1551E-1 2.21108E-1 2.14644E-1 2.18908E-1 2.18382E-1 2.95861E-1 2.94984E-1 2.62046E-1 2.70699E-1 2.97331E-1 3.02039E-1 2.80626E-1 2.63718E-1 2.87398E-1 2.82317E-1 1.98586E-1 1.81266E-1 1.74039E-1 1.75628E-1 1.98414E-1 2.19384E-1 1.60808E-1 1.65392E-1 1.63906E-1 1.6469E-1
2.49817E-1 2.39872E-1 2.30551E-1 2.12797E-1 1.9295E-1 1.87477E-1 1.87179E-1 1.96368E-1 2.18498E-1 1.84958E-1 1.76052E-1 1.78896E-1 1.92847E-1 1.91896E-1 2.00364E-1 1.95366E-1 1.96075E-1 1.91074E-1 1.84898E-1 1.86309E-1 1.65816E-1 1.71588E-1 1.72792E-1 1.68874E-1 1.70563E-1 1.66143E-1 1.55479E-1 1.55806E-1 1.53252E-1 1.46177E-1 1.45639E-1 1.46578E-1 1.57349E-1 1.56905E-1 1.56645E-1 1.77798E-1 1.48849E-1 1.51679E-1 1.52286E-1 1.59684E-1 1.92875E-1 2.12133E-1 2.11739E-1 2.09788E-1 2.09272E-1 2.11175E-1 2.0961E-1 2.89649E-1 3.0625E-1 3.12761E-1 3.26481E-1 3.1715E-1 3.11854E-1 2.96139E-1 2.81618E-1 2.74373E-1 1.9146E-1 1.82861E-1 1.8843E-1 1.83858E-1 1.68252E-1 1.64553E-1 1.60173E-1 1.65732E-1 1.63362E-1 1.63582E-1
2.83939E-1 2.5184E-1 2.57499E-1 2.23372E-1 2.02801E-1 2.17799E-1 2.137E-1 2.15742E-1 1.91219E-1 1.87354E-1 1.85505E-1 2.00004E-1 2.0554E-1 1.98015E-1 1.99069E-1 2.21774E-1 2.14976E-1 1.76051E-1 1.86493E-1 1.81384E-1 1.73449E-1 1.74E-1 1.75174E-1 1.76163E-1 1.67826E-1 1.62409E-1 1.69631E-1 1.52809E-1 1.60186E-1 1.76398E-1 1.50129E-1 1.45383E-1 1.5261E-1 1.57875E-1 1.54687E-1 1.63122E-1 1.73256E-1 1.66088E-1 1.65924E-1 1.66608E-1 1.536E-1 1.52181E-1 2.00585E-1 2.01975E-1 2.19573E-1 2.24853E-1 2.03273E-1 2.76206E-1 2.94328E-1 2.89668E-1 2.93777E-1 2.95062E-1 2.83764E-1 2.74289E-1 2.63574E-1 2.62906E-1 2.56077E-1 1.95491E-1 1.82061E-1 1.6757E-1 1.6513E-1 1.62106E-1 1.59218E-1 1.62099E-1 1.62398E-1 1.64458E-1
2.91175E-1 2.88175E-1 2.6277E-1 2.40176E-1 2.17667E-1 2.25311E-1 2.2413E-1 1.96982E-1 1.87406E-1 2.06875E-1 2.12271E-1 2.14101E-1 2.21039E-1 2.09762E-1 2.25116E-1 2.21534E-1 2.131E-1 1.84521E-1 1.84702E-1 1.82249E-1 1.783E-1 1.75042E-1 1.76413E-1 1.87383E-1 1.65959E-1 1.81582E-1 1.75798E-1 1.58561E-1 1.57804E-1 1.70738E-1 1.71788E-1 1.75222E-1 1.47146E-1 1.81413E-1 1.66827E-1 1.61823E-1 1.72261E-1 1.9986E-1 1.66422E-1 1.65965E-1 1.54088E-1 1.51079E-1 1.47967E-1 1.48913E-1 1.93788E-1 1.92777E-1 2.20287E-1 2.22691E-1 2.72552E-1 2.70264E-1 2.72752E-1 3.00691E-1 3.0017E-1 2.87694E-1 2.08826E-1 2.14903E-1 1.66308E-1 1.69474E-1 1.69508E-1 1.67229E-1 1.63241E-1 1.59245E-1 1.58077E-1 1.59417E-1 1.61655E-1 1.62491E-1
3.19317E-1 3.36311E-1 3.13806E-1 2.96758E-1 2.13032E-1 2.21133E-1 2.18957E-1 1.87667E-1 2.0758E-1 2.31414E-1 2.25708E-1 2.2622E-1 2.34004E-1 2.30056E-1 2.36275E-1 2.27744E-1 2.13594E-1 1.87414E-1 2.00415E-1 1.85287E-1 1.76976E-1 1.71374E-1 1.6888E-1 1.83648E-1 1.86749E-1 1.78059E-1 1.75572E-1 1.73633E-1 2.31048E-1 2.35832E-1 1.67705E-1 2.02397E-1 1.42094E-1 1.78107E-1 1.88726E-1 1.71848E-1 1.68937E-1 1.69712E-1 1.85899E-1 1.82646E-1 1.6537E-1 1.62906E-1 1.44689E-1 1.43524E-1 1.4334E-1 1.41745E-1 1.40059E-1 1.55459E-1 2.14831E-1 2.10839E-1 2.75664E-1 2.80619E-1 2.00161E-1 1.9468E-1 1.52974E-1 1.56728E-1 1.65354E-1 1.67445E-1 1.8053E-1 1.76667E-1 1.75924E-1 1.75865E-1 1.71429E-1 1.72891E-1 1.74629E-1 1.61134E-1
3.09765E-1 3.33313E-1 3.62707E-1 3.00656E-1 2.30735E-1 2.16563E-1 2.12355E-1 2.07474E-1 2.22073E-1 2.39565E-1 2.33826E-1 2.43288E-1 2.49548E-1 2.36258E-1 2.50157E-1 2.33258E-1 2.10484E-1 2.05533E-1 2.06161E-1 2.01638E-1 1.82762E-1 1.735E-1 1.85129E-1 1.84483E-1 1.82406E-1 2.36799E-1 2.39622E-1 2.34287E-1 2.28926E-1 2.25841E-1 2.03671E-1 1.97935E-1 1.91594E-1 1.72927E-1 1.8949E-1 1.87758E-1 1.67179E-1 1.67866E-1 1.68168E-1 1.85257E-1 1.65851E-1 1.6375E-1 1.64542E-1 1.63667E-1 1.64522E-1 1.51186E-1 1.36201E-1 1.33745E-1 1.4675E-1 1.31984E-1 1.30635E-1 1.49148E-1 1.6095E-1 1.57947E-1 1.54368E-1 1.57803E-1 1.64624E-1 1.71831E-1 1.71462E-1 1.73505E-1 1.74948E-1 1.71381E-1 1.71815E-1 1.71214E-1 1.70872E-1 1.71629E-1
