Leopardus wiedii/Leopardus_wiedii_projection 2041-2060_novel.asc
ncols         515
nrows         545
xllcorner     -119.0
yllcorner     -58.333333333333
cellsize      0.166666666667
NODATA_value  -9999
[rows 120 to 149 of 545, columns 268 to 334 of 515]
-9999 -9999 -9999 -9999 -9999 -9999 -9999 -9999 -9999 -9999 -9999 -9999 -9999 -9999 -9999 -9999 -9999 -9999 -9999 -9999 -9999 -9999 -9999 -9999 -9999 -9999 -9999 -9999 -9999 -9999 -9999 -9999 -9999 -9999 -9999 -9999 -9999 -9999 -9999 -9999 -9999 -9999 -9999 -9999 -9999 -9999 -9999 -9999 -9999 -9999 -9999 -9999 -9999 -9999 -9999 -9999 -9999 -9999 -9999 -9999 -9999 -9999 -9999 -9999 -9999 -9999 -9999
-9999 -9999 -9999 -9999 -9999 -9999 -9999 -9999 -9999 -9999 -9999 -9999 -9999 -9999 -9999 1.90712E-2 1.90712E-2 1.90712E-2 -9999 -9999 -9999 -9999 -9999 -9999 -9999 -9999 -9999 -9999 -9999 -9999 -9999 -9999 -9999 -9999 -9999 -9999 -9999 -9999 -9999 -9999 -9999 -9999 -9999 -9999 -9999 -9999 -9999 -9999 -9999 -9999 -9999 -9999 -9999 -9999 -9999 -9999 -9999 -9999 -9999 -9999 -9999 -9999 -9999 -9999 -9999 -9999 -9999
-9999 -9999 -9999 -9999 -9999 -9999 -9999 -9999 -9999 -9999 -9999 -9999 -9999 -2.43903E-1 1.90712E-2 1.90712E-2 3.81425E-2 3.81425E-2 1.90712E-2 -9999 -9999 -9999 -9999 -9999 -9999 -9999 -9999 -9999 -9999 -9999 -9999 -9999 -9999 -9999 -9999 -9999 -9999 -9999 -9999 -9999 -9999 -9999 -9999 -9999 -9999 -9999 -9999 -9999 -9999 -9999 -9999 -9999 -9999 -9999 -9999 -9999 -9999 -9999 -9999 -9999 -9999 -9999 -9999 -9999 -9999 -9999 -9999
-9999 -9999 -9999 -9999 -9999 -9999 -9999 -9999 -9999 -9999 -9999 -9999 -9999 1.90712E-2 1.90712E-2 1.90712E-2 1.90712E-2 1.90712E-2 -9999 -9999 -9999 -9999 -9999 -9999 -9999 3.81425E-2 3.81425E-2 -9999 -9999 -9999 -9999 -9999 -9999 -9999 -9999 -9999 -9999 -9999 -9999 -9999 -9999 -9999 -9999 -9999 -9999 -9999 -9999 -9999 -9999 -9999 -9999 -9999 -9999 -9999 -9999 -9999 -9999 -9999 -9999 -9999 -9999 -9999 -9999 -9999 -9999 -9999 -9999
-9999 -9999 -9999 -9999 -9999 -9999 -9999 -9999 -9999 -9999 -9999 -9999 1.90712E-2 1.90712E-2 1.90712E-2 1.90712E-2 1.90712E-2 -9999 -9999 -9999 -9999 -9999 -9999 -9999 -9999 3.81425E-2 3.81425E-2 -9999 -9999 -9999 -9999 -9999 -9999 -9999 -9999 -9999 -9999 -9999 -9999 -9999 -9999 -9999 -9999 -9999 -9999 -9999 -9999 -9999 -9999 -9999 -9999 -9999 -9999 -9999 -9999 -9999 -9999 -9999 -9999 -9999 -9999 -9999 -9999 -9999 -9999 -9999 -9999
-9999 -9999 -9999 -9999 -9999 -9999 -9999 -9999 -9999 1.90712E-2 1.90712E-2 1.90712E-2 1.90712E-2 -2.43903E-1 -9999 -9999 -9999 -9999 -9999 -9999 -9999 -9999 -9999 -9999 -9999 -9999 -9999 -9999 -9999 -9999 -9999 -9999 -9999 -9999 -9999 -9999 -9999 -9999 -9999 -9999 -9999 -9999 -9999 -9999 -9999 -9999 -9999 -9999 -9999 -9999 -9999 -9999 -9999 -9999 -9999 -9999 -9999 -9999 -9999 -9999 -9999 -9999 -9999 -9999 -9999 -9999 -9999
-9999 -9999 -9999 -9999 -9999 -9999 -9999 -9999 3.81425E-2 3.81425E-2 1.90712E-2 1.90712E-2 1.90712E-2 1.90712E-2 -9999 -9999 -9999 -9999 -9999 -9999 -9999 -9999 -9999 -9999 -9999 -9999 -9999 -9999 3.81425E-2 1.62105E0 3.81425E-2 -9999 -9999 -9999 -9999 -9999 -9999 -9999 -9999 -9999 -9999 -9999 -9999 -9999 -9999 -9999 -9999 -9999 -9999 -9999 -9999 -9999 -9999 -9999 -9999 -9999 -9999 -9999 -9999 -9999 -9999 -9999 -9999 -9999 -9999 -9999 -9999
-9999 1.2587E1 -9999 -9999 -9999 -9999 -9999 3.81425E-2 3.81425E-2 3.81425E-2 3.81425E-2 3.81425E-2 1.90712E-2 1.90712E-2 -9999 -9999 -9999 -9999 -9999 -9999 -9999 -9999 -9999 -9999 3.81425E-2 3.81425E-2 1.62105E0 1.2587E1 1.22247E1 8.94441E0 1.62105E0 3.81425E-2 3.81425E-2 3.81425E-2 -9999 -9999 -9999 -9999 -9999 -9999 -9999 -9999 -9999 -9999 -9999 -9999 -9999 -9999 -9999 -9999 -9999 -9999 -9999 -9999 -9999 -9999 -9999 -9999 -9999 -9999 -9999 -9999 -9999 -9999 -9999 -9999 -9999
-9999 1.30638E1 2.50024E1 3.1048E1 2.60513E1 2.77868E1 2.84543E1 3.19634E1 3.19634E1 1.2587E1 1.62105E0 1.2587E1 3.81425E-2 1.90712E-2 1.90712E-2 -9999 -9999 -9999 -9999 -9999 -9999 3.81425E-2 3.81425E-2 3.81425E-2 1.62105E0 1.62105E0 1.2587E1 2.22943E1 1.22247E1 1.62105E0 1.62105E0 1.62105E0 1.62105E0 1.62105E0 3.81425E-2 -9999 -9999 -9999 -9999 -9999 -9999 -9999 -9999 -9999 -9999 -9999 -9999 -9999 -9999 -9999 -9999 -9999 -9999 -9999 -9999 -9999 -9999 -9999 -9999 -9999 -9999 -9999 -9999 -9999 -9999 -9999 -9999
3.81425E-2 3.36226E1 8.2197E0 6.92286E0 6.694E0 7.78106E0 1.70115E1 4.4436E1 1.2587E1 1.2587E1 3.36226E1 3.19634E1 3.81425E-2 1.90712E-2 1.90712E-2 -9999 -9999 -9999 1.90712E-2 3.81425E-2 3.81425E-2 3.81425E-2 1.62105E0 1.80414E1 2.22943E1 1.2587E1 1.2587E1 1.2587E1 1.65538E1 1.41509E1 1.5257E1 1.30638E1 1.12902E1 1.62105E0 1.62105E0 3.81425E-2 -9999 -9999 -9999 -9999 -9999 -9999 -9999 -9999 -9999 -9999 -9999 -9999 -9999 -9999 -9999 -9999 -9999 -9999 -9999 -9999 -9999 -9999 -9999 -9999 -9999 -9999 -9999 -9999 -9999 -9999 -9999
3.81425E-2 1.2587E1 1.54858E1 4.99666E0 3.85239E0 1.39792E1 3.97444E1 1.62105E0 1.62105E0 3.73987E1 3.36226E1 3.01898E1 3.81425E-2 3.81425E-2 3.81425E-2 1.90712E-2 -9999 3.81425E-2 3.81425E-2 3.81425E-2 1.62105E0 1.2587E1 1.30638E1 2.71193E1 2.71193E1 2.71193E1 2.71193E1 2.4907E1 2.22943E1 1.80414E1 1.80414E1 1.2587E1 1.62105E0 1.2587E1 1.62105E0 3.81425E-2 -9999 -9999 -9999 -9999 -9999 -9999 -9999 -9999 -9999 -9999 -9999 -9999 -9999 -9999 -9999 -9999 -9999 -9999 -9999 -9999 -9999 -9999 -9999 -9999 -9999 -9999 -9999 -9999 -9999 -9999 -9999
3.81425E-2 6.57957E0 2.69476E1 1.23391E1 9.55469E0 2.38009E1 1.2587E1 1.62105E0 3.61209E1 2.28283E1 3.36226E1 1.2587E1 3.81425E-2 3.81425E-2 3.81425E-2 3.81425E-2 -9999 3.81425E-2 3.81425E-2 3.81425E-2 1.62105E0 1.2587E1 1.30638E1 2.71193E1 2.71193E1 2.71193E1 3.01898E1 3.19634E1 2.71193E1 2.22943E1 1.2587E1 1.30638E1 1.2587E1 1.62105E0 1.62105E0 3.81425E-2 -9999 -9999 -9999 -9999 -9999 -9999 -9999 -9999 -9999 -9999 -9999 -9999 1.2587E1 -9999 -9999 -9999 -9999 -9999 -9999 -9999 -9999 -9999 -9999 -9999 -9999 -9999 -9999 1.2587E1 1.62105E0 1.2587E1 3.19634E1
1.44941E0 1.62105E0 4.15944E1 2.75389E1 2.32669E1 1.2587E1 3.81425E-2 3.19634E1 1.11948E1 1.65729E1 3.10098E1 1.62105E0 3.81425E-2 3.81425E-2 3.81425E-2 -9999 -9999 -9999 3.81425E-2 1.62105E0 1.2587E1 1.30638E1 1.30638E1 1.30638E1 1.30638E1 2.71193E1 3.19634E1 3.19634E1 3.36226E1 3.01898E1 2.71193E1 3.36226E1 3.36226E1 3.36226E1 1.62105E0 1.2587E1 3.01898E1 1.2587E1 1.30638E1 3.01898E1 3.11433E1 2.42395E1 2.00629E1 2.01964E1 2.73672E1 3.75894E1 4.64384E1 4.64384E1 1.62105E0 -9999 -9999 -9999 -9999 -9999 -9999 -9999 -9999 -9999 -9999 -9999 -9999 -9999 -9999 -9999 4.64384E1 3.19634E1 1.2587E1
1.62105E0 1.44941E0 6.57957E0 4.10413E1 1.2587E1 3.81425E-2 3.81425E-2 2.34767E1 8.52484E0 1.79079E1 3.36226E1 1.62105E0 3.81425E-2 3.81425E-2 3.81425E-2 -9999 -9999 -9999 3.81425E-2 3.81425E-2 1.62105E0 1.30638E1 1.30638E1 1.30638E1 1.2587E1 1.2587E1 1.2587E1 3.19634E1 3.36226E1 3.36226E1 3.36226E1 3.17155E1 4.05645E1 3.19634E1 4.82693E1 3.9077E1 3.63116E1 3.65214E1 3.95537E1 3.38514E1 3.58539E1 4.15181E1 3.40421E1 4.00114E1 5.26557E1 3.19634E1 3.19634E1 1.2587E1 1.62105E0 1.62105E0 3.81425E-2 -9999 -9999 -9999 -9999 -9999 -9999 -9999 -9999 -9999 4.82693E1 4.35587E1 5.52112E1 3.57395E1 3.37752E1 3.98589E1 4.64384E1
1.44941E0 3.81425E-2 1.44941E0 3.81425E-2 3.81425E-2 3.81425E-2 1.62105E0 2.01964E1 9.02069E0 2.63946E1 1.2587E1 1.62105E0 3.81425E-2 3.81425E-2 -9999 -9999 -9999 -9999 -9999 3.81425E-2 3.81425E-2 1.30638E1 1.30638E1 1.2587E1 1.2587E1 1.2587E1 3.19634E1 3.19634E1 4.33871E1 3.19634E1 3.19634E1 3.19634E1 3.19634E1 4.82693E1 3.09717E1 4.25288E1 4.52751E1 4.02212E1 4.02212E1 4.39592E1 4.2834E1 4.05264E1 4.06599E1 3.97254E1 4.9795E1 5.68132E1 4.82693E1 4.64384E1 3.19634E1 3.19634E1 1.2587E1 3.19634E1 1.2587E1 -9999 -9999 -9999 -9999 -9999 3.19634E1 5.49824E1 3.16964E1 1.97578E1 1.90331E1 3.78755E1 4.47411E1 3.93821E1 5.68132E1
1.44941E0 3.81425E-2 3.81425E-2 1.90712E-2 1.90712E-2 3.81425E-2 1.44941E0 2.31334E1 1.58291E1 3.19634E1 1.62105E0 3.81425E-2 3.81425E-2 -9999 -9999 -9999 -9999 -9999 -9999 -9999 3.81425E-2 1.30638E1 2.93697E0 1.30638E1 1.30638E1 1.30638E1 2.6776E1 3.19634E1 3.78755E1 2.64327E1 3.36226E1 1.2587E1 3.19634E1 4.846E1 3.7742E1 5.33804E1 4.02212E1 4.02212E1 4.93563E1 4.07743E1 3.66931E1 4.48365E1 4.02212E1 4.02212E1 5.12063E1 5.29799E1 4.82693E1 4.64384E1 4.64384E1 3.19634E1 3.19634E1 3.19634E1 3.19634E1 1.2587E1 1.62105E0 1.62105E0 1.2587E1 3.19634E1 1.2587E1 3.19634E1 5.55545E1 4.25288E1 5.66034E1 4.02212E1 2.01011E1 3.19634E1 1.2587E1
3.81425E-2 3.81425E-2 1.90712E-2 1.90712E-2 1.90712E-2 3.81425E-2 1.62105E0 2.46019E1 3.36226E1 1.62105E0 3.81425E-2 3.81425E-2 3.81425E-2 -9999 -9999 -9999 -9999 -9999 -9999 -9999 1.90712E-2 1.62105E0 1.62105E0 1.2587E1 1.30638E1 1.30638E1 1.30638E1 3.13912E1 2.07495E1 2.89501E1 3.19634E1 1.2587E1 1.2587E1 3.19634E1 2.01011E1 6.57957E0 6.57957E0 6.57957E0 2.01011E1 2.01011E1 6.57957E0 6.57957E0 6.57957E0 2.01011E1 2.01011E1 2.01011E1 3.19634E1 1.2587E1 1.2587E1 1.2587E1 1.2587E1 1.2587E1 1.2587E1 1.62105E0 1.62105E0 1.62105E0 1.2587E1 1.2587E1 1.2587E1 3.19634E1 4.02212E1 4.02212E1 4.02212E1 2.01011E1 2.01011E1 1.2587E1 1.62105E0
3.81425E-2 3.81425E-2 1.90712E-2 1.90712E-2 1.90712E-2 3.81425E-2 1.2587E1 2.62802E1 1.2587E1 3.81425E-2 3.81425E-2 3.81425E-2 3.81425E-2 1.90712E-2 -9999 -9999 -9999 -9999 -9999 -9999 1.90712E-2 1.90712E-2 3.81425E-2 1.2587E1 1.30638E1 1.14237E1 1.30638E1 1.30638E1 1.30638E1 3.36226E1 1.62105E0 1.62105E0 1.62105E0 1.62105E0 2.99418E0 2.99418E0 2.99418E0 2.99418E0 2.99418E0 6.57957E0 6.57957E0 2.99418E0 2.99418E0 6.57957E0 6.57957E0 6.57957E0 1.2587E1 1.2587E1 1.2587E1 1.2587E1 1.2587E1 1.2587E1 1.2587E1 6.57957E0 1.62105E0 6.57957E0 6.57957E0 1.2587E1 1.2587E1 2.01011E1 4.02212E1 4.02212E1 2.01011E1 2.01011E1 1.2587E1 1.2587E1 1.62105E0
3.81425E-2 3.81425E-2 1.90712E-2 1.90712E-2 1.90712E-2 3.81425E-2 1.98532E1 3.36226E1 1.62105E0 3.81425E-2 3.81425E-2 1.90712E-2 1.90712E-2 1.90712E-2 -9999 -9999 -9999 -9999 -9999 -9999 1.90712E-2 3.81425E-2 1.62105E0 1.30638E1 1.28731E1 1.30638E1 1.30638E1 1.30638E1 3.01898E1 1.62105E0 1.62105E0 1.62105E0 1.62105E0 1.62105E0 1.62105E0 1.62105E0 1.62105E0 1.62105E0 1.62105E0 1.62105E0 2.99418E0 2.99418E0 2.99418E0 2.99418E0 2.99418E0 6.57957E0 6.57957E0 1.2587E1 1.2587E1 1.62105E0 1.62105E0 1.62105E0 1.62105E0 1.62105E0 1.62105E0 6.57957E0 6.57957E0 6.57957E0 6.57957E0 1.2587E1 2.01011E1 2.01011E1 2.01011E1 1.2587E1 1.62105E0 1.62105E0 1.62105E0
1.90712E-2 1.90712E-2 1.90712E-2 1.90712E-2 1.90712E-2 4.25288E1 2.74626E1 1.2587E1 1.62105E0 3.81425E-2 1.90712E-2 1.90712E-2 1.90712E-2 1.90712E-2 1.90712E-2 -9999 -9999 -9999 -9999 -9999 3.81425E-2 2.93697E0 1.30638E1 1.19195E1 1.30638E1 1.30638E1 1.2587E1 1.62105E0 1.62105E0 1.62105E0 1.62105E0 1.62105E0 1.44941E0 1.62105E0 1.62105E0 1.62105E0 1.62105E0 1.62105E0 1.62105E0 1.44941E0 1.44941E0 1.44941E0 1.44941E0 1.62105E0 1.62105E0 1.62105E0 1.62105E0 6.57957E0 1.62105E0 1.62105E0 1.62105E0 1.62105E0 1.62105E0 1.62105E0 1.62105E0 1.62105E0 6.57957E0 6.57957E0 6.57957E0 6.57957E0 1.2587E1 1.2587E1 1.2587E1 6.57957E0 1.62105E0 1.62105E0 1.62105E0
1.90712E-2 1.90712E-2 -7.31705E-1 1.90712E-2 3.81425E-2 2.99609E1 3.36226E1 1.2587E1 3.81425E-2 1.90712E-2 1.90712E-2 1.90712E-2 1.90712E-2 -2.43903E-1 -7.31705E-1 -9999 -9999 -9999 -9999 1.62105E0 2.93697E0 9.24955E0 8.39134E0 8.58205E0 1.30638E1 1.30638E1 1.62105E0 3.81425E-2 3.81425E-2 3.81425E-2 3.81425E-2 3.81425E-2 1.44941E0 1.44941E0 1.44941E0 1.44941E0 1.62105E0 1.44941E0 1.44941E0 3.81425E-2 3.81425E-2 3.81425E-2 3.81425E-2 1.44941E0 1.62105E0 1.62105E0 1.62105E0 1.62105E0 1.62105E0 1.62105E0 1.62105E0 1.62105E0 1.62105E0 1.62105E0 1.62105E0 1.62105E0 1.62105E0 1.62105E0 6.57957E0 6.57957E0 6.57957E0 6.57957E0 1.62105E0 1.62105E0 1.62105E0 1.62105E0 1.62105E0
1.90712E-2 -2.43903E-1 -7.31705E-1 1.90712E-2 1.62105E0 2.52122E1 2.89692E1 1.9281E1 3.81425E-2 1.90712E-2 1.90712E-2 1.90712E-2 1.90712E-2 -4.87807E-1 -7.31705E-1 -7.31705E-1 -7.31705E-1 1.90712E-2 2.93697E0 2.93697E0 5.79765E0 6.50329E0 2.93697E0 2.93697E0 1.2587E1 3.81425E-2 3.81425E-2 3.81425E-2 3.81425E-2 3.81425E-2 3.81425E-2 3.81425E-2 3.81425E-2 3.81425E-2 3.81425E-2 3.81425E-2 3.81425E-2 3.81425E-2 3.81425E-2 3.81425E-2 3.81425E-2 3.81425E-2 3.81425E-2 3.81425E-2 3.81425E-2 1.62105E0 1.62105E0 1.62105E0 1.62105E0 1.62105E0 1.62105E0 1.62105E0 1.62105E0 1.62105E0 1.62105E0 1.62105E0 1.62105E0 1.62105E0 6.57957E0 6.57957E0 6.57957E0 6.57957E0 1.62105E0 1.62105E0 1.62105E0 1.62105E0 1.62105E0
1.90712E-2 1.90712E-2 1.90712E-2 1.90712E-2 3.81425E-2 2.52122E1 2.92553E1 1.30638E1 3.81425E-2 1.90712E-2 1.90712E-2 1.90712E-2 1.90712E-2 -4.87807E-1 -7.31705E-1 -7.31705E-1 3.81425E-2 2.93697E0 2.93697E0 6.21722E0 5.5688E0 6.65586E0 2.93697E0 1.62105E0 3.81425E-2 3.81425E-2 3.81425E-2 3.81425E-2 3.81425E-2 3.81425E-2 3.81425E-2 3.81425E-2 3.81425E-2 3.81425E-2 3.81425E-2 3.81425E-2 3.81425E-2 3.81425E-2 3.81425E-2 3.81425E-2 3.81425E-2 3.81425E-2 3.81425E-2 3.81425E-2 3.81425E-2 1.62105E0 1.62105E0 1.62105E0 1.62105E0 1.62105E0 1.62105E0 1.62105E0 1.62105E0 1.62105E0 1.62105E0 1.62105E0 1.62105E0 1.62105E0 1.62105E0 1.62105E0 1.62105E0 1.62105E0 1.62105E0 1.62105E0 1.62105E0 1.62105E0 1.62105E0
1.90712E-2 1.90712E-2 1.90712E-2 -2.43903E-1 1.62105E0 2.67188E1 3.36226E1 2.72146E1 1.2587E1 3.81425E-2 1.90712E-2 1.90712E-2 1.90712E-2 1.90712E-2 1.90712E-2 1.90712E-2 1.2587E1 2.93697E0 2.93697E0 2.93697E0 6.33165E0 2.93697E0 1.62105E0 3.81425E-2 3.81425E-2 3.81425E-2 3.81425E-2 3.81425E-2 3.81425E-2 3.81425E-2 3.81425E-2 3.81425E-2 3.81425E-2 3.81425E-2 3.81425E-2 3.81425E-2 3.81425E-2 3.81425E-2 3.81425E-2 3.81425E-2 3.81425E-2 3.81425E-2 3.81425E-2 3.81425E-2 3.81425E-2 3.81425E-2 1.62105E0 1.62105E0 1.62105E0 1.62105E0 1.62105E0 1.62105E0 1.62105E0 1.62105E0 1.62105E0 1.62105E0 1.62105E0 1.62105E0 3.81425E-2 1.62105E0 1.62105E0 1.62105E0 1.62105E0 1.62105E0 1.62105E0 1.62105E0 1.62105E0
1.62105E0 1.62105E0 1.90712E-2 -2.43903E-1 1.2587E1 2.07114E1 2.35911E1 3.17155E1 1.30638E1 1.62105E0 3.81425E-2 1.90712E-2 1.90712E-2 1.90712E-2 1.2587E1 1.30257E1 1.22247E1 1.30638E1 1.05273E1 2.93697E0 9.15419E-1 1.2587E1 3.81425E-2 3.81425E-2 3.81425E-2 3.81425E-2 3.81425E-2 3.81425E-2 1.90712E-2 1.90712E-2 1.90712E-2 3.81425E-2 3.81425E-2 3.81425E-2 3.81425E-2 3.81425E-2 3.81425E-2 3.81425E-2 3.81425E-2 3.81425E-2 3.81425E-2 3.81425E-2 3.81425E-2 3.81425E-2 3.81425E-2 3.81425E-2 3.81425E-2 3.81425E-2 3.81425E-2 1.62105E0 1.62105E0 1.62105E0 1.62105E0 3.81425E-2 3.81425E-2 3.81425E-2 1.62105E0 3.81425E-2 3.81425E-2 3.81425E-2 3.81425E-2 3.81425E-2 3.81425E-2 3.81425E-2 3.81425E-2 3.81425E-2 3.81425E-2
1.30638E1 1.59245E1 1.90712E-2 1.90712E-2 3.81425E-2 2.81682E1 1.95289E1 2.04062E1 2.86831E1 1.2587E1 3.81425E-2 3.81425E-2 3.81425E-2 1.30638E1 2.93697E0 2.93697E0 2.93697E0 2.93697E0 2.93697E0 9.15419E-1 2.93697E0 3.81425E-2 1.90712E-2 3.81425E-2 3.81425E-2 3.81425E-2 3.81425E-2 1.90712E-2 1.90712E-2 1.90712E-2 1.90712E-2 1.90712E-2 3.81425E-2 3.81425E-2 3.81425E-2 3.81425E-2 3.81425E-2 3.81425E-2 3.81425E-2 3.81425E-2 3.81425E-2 3.81425E-2 3.81425E-2 3.81425E-2 3.81425E-2 3.81425E-2 3.81425E-2 3.81425E-2 3.81425E-2 3.81425E-2 3.81425E-2 3.81425E-2 3.81425E-2 3.81425E-2 3.81425E-2 3.81425E-2 3.81425E-2 3.81425E-2 3.81425E-2 3.81425E-2 3.81425E-2 3.81425E-2 3.81425E-2 3.81425E-2 3.81425E-2 3.81425E-2 3.81425E-2
1.30638E1 1.39411E1 1.90712E-2 1.90712E-2 1.90712E-2 3.19634E1 1.81558E1 1.50663E1 1.82512E1 1.30638E1 1.62105E0 1.62105E0 1.30638E1 1.30257E1 2.93697E0 1.22247E1 2.93697E0 2.93697E0 2.93697E0 2.93697E0 3.81425E-2 3.81425E-2 1.90712E-2 1.90712E-2 3.81425E-2 3.81425E-2 1.90712E-2 1.90712E-2 1.90712E-2 1.90712E-2 1.90712E-2 1.90712E-2 1.90712E-2 3.81425E-2 3.81425E-2 3.81425E-2 3.81425E-2 3.81425E-2 3.81425E-2 3.81425E-2 3.81425E-2 3.81425E-2 3.81425E-2 3.81425E-2 3.81425E-2 3.81425E-2 3.81425E-2 3.81425E-2 3.81425E-2 3.81425E-2 3.81425E-2 3.81425E-2 3.81425E-2 3.81425E-2 3.81425E-2 3.81425E-2 3.81425E-2 3.81425E-2 1.90712E-2 1.90712E-2 1.90712E-2 3.81425E-2 3.81425E-2 3.81425E-2 3.81425E-2 3.81425E-2 1.62105E0
1.19577E1 1.05082E1 1.90712E-2 1.90712E-2 1.90712E-2 1.62105E0 1.38076E1 1.09469E1 1.32164E1 1.30638E1 1.62105E0 3.36226E1 1.30638E1 2.93697E0 2.93697E0 2.93697E0 2.93697E0 2.93697E0 1.62105E0 3.81425E-2 3.81425E-2 1.90712E-2 1.90712E-2 1.90712E-2 1.90712E-2 1.90712E-2 1.90712E-2 1.90712E-2 1.90712E-2 1.90712E-2 1.90712E-2 1.90712E-2 1.90712E-2 3.81425E-2 3.81425E-2 3.81425E-2 3.81425E-2 3.81425E-2 3.81425E-2 3.81425E-2 3.81425E-2 3.81425E-2 3.81425E-2 3.81425E-2 3.81425E-2 3.81425E-2 3.81425E-2 1.90712E-2 1.90712E-2 1.90712E-2 1.90712E-2 3.81425E-2 3.81425E-2 3.81425E-2 3.81425E-2 3.81425E-2 1.90712E-2 1.90712E-2 1.90712E-2 1.90712E-2 1.90712E-2 1.90712E-2 3.81425E-2 3.81425E-2 3.81425E-2 3.81425E-2 1.62105E0
1.30638E1 1.62105E0 1.90712E-2 1.90712E-2 1.90712E-2 3.81425E-2 2.41251E1 1.05273E1 1.00315E1 1.30638E1 1.30638E1 1.30638E1 1.30638E1 1.30638E1 1.30638E1 1.30638E1 1.2587E1 1.62105E0 3.81425E-2 3.81425E-2 3.81425E-2 1.90712E-2 1.90712E-2 1.90712E-2 1.90712E-2 1.90712E-2 1.90712E-2 1.90712E-2 1.90712E-2 1.90712E-2 3.81425E-2 3.81425E-2 3.81425E-2 3.81425E-2 3.81425E-2 3.81425E-2 3.81425E-2 3.81425E-2 3.81425E-2 3.81425E-2 3.81425E-2 3.81425E-2 3.81425E-2 3.81425E-2 3.81425E-2 3.81425E-2 3.81425E-2 1.90712E-2 1.90712E-2 1.90712E-2 1.90712E-2 1.90712E-2 3.81425E-2 3.81425E-2 3.81425E-2 3.81425E-2 1.90712E-2 1.90712E-2 1.90712E-2 1.90712E-2 3.81425E-2 3.81425E-2 3.81425E-2 3.81425E-2 3.81425E-2 1.62105E0 1.62105E0
1.30638E1 3.81425E-2 1.90712E-2 1.90712E-2 3.81425E-2 3.81425E-2 1.30638E1 1.35406E1 8.82998E0 1.30638E1 1.30638E1 1.30638E1 1.30638E1 1.30638E1 1.2587E1 1.62105E0 1.62105E0 1.62105E0 3.81425E-2 3.81425E-2 3.81425E-2 1.90712E-2 1.90712E-2 1.90712E-2 1.90712E-2 1.90712E-2 1.90712E-2 1.90712E-2 1.90712E-2 3.81425E-2 3.81425E-2 3.81425E-2 3.81425E-2 3.81425E-2 3.81425E-2 3.81425E-2 1.90712E-2 1.90712E-2 1.90712E-2 1.90712E-2 1.90712E-2 1.90712E-2 1.90712E-2 1.90712E-2 1.90712E-2 1.90712E-2 1.90712E-2 1.90712E-2 1.90712E-2 1.90712E-2 1.90712E-2 1.90712E-2 3.81425E-2 3.81425E-2 3.81425E-2 3.81425E-2 1.90712E-2 1.90712E-2 1.90712E-2 3.81425E-2 3.81425E-2 3.81425E-2 3.81425E-2 3.81425E-2 3.81425E-2 1.62105E0 1.62105E0
