Leopardus wiedii/Leopardus_wiedii.asc
ncols         515
nrows         545
xllcorner     -119.0
yllcorner     -58.333333333333
cellsize      0.166666666667
NODATA_value  -9999
[rows 58 to 86 of 545, columns 66 to 131 of 515]
-9999 -9999 -9999 -9999 -9999 -9999 -9999 -9999 -9999 -9999 -9999 2.82433E-1 2.93069E-1 5.18133E-1 8.85293E-1 9.03244E-1 8.44486E-1 7.54928E-1 4.65964E-1 4.01922E-1 4.54676E-1 2.46096E-1 2.9322E-1 3.74345E-2 1.77814E-2 6.88111E-2 1.23009E-2 2.27203E-2 1.40627E-1 1.52774E-1 3.44689E-2 5.19499E-2 1.05024E-1 3.11485E-2 2.22789E-2 1.91138E-2 9.46629E-3 9.03304E-3 8.86736E-3 1.77427E-2 1.91806E-2 4.51249E-2 2.1214E-2 5.17768E-2 6.28525E-2 1.1847E-1 1.02068E-1 1.44218E-2 9.79202E-3 5.18693E-2 6.46888E-1 5.2393E-1 5.44898E-1 5.33469E-1 5.19542E-1 3.23052E-1 3.2692E-1 3.49716E-1 3.57301E-1 4.8263E-1 4.3672E-1 1.4716E-1 -9999 -9999 -9999 -9999
-9999 -9999 -9999 -9999 -9999 -9999 -9999 -9999 -9999 -9999 -9999 -9999 -9999 2.33943E-1 8.55487E-1 8.78324E-1 9.2181E-1 9.1064E-1 6.63753E-1 4.35952E-1 3.76976E-1 3.10679E-1 3.4135E-1 6.00328E-2 1.14502E-2 2.15539E-2 1.86689E-2 2.85752E-2 3.60409E-1 5.59376E-2 5.17761E-2 7.17687E-2 5.20381E-2 8.19259E-2 2.61368E-2 1.13263E-2 2.08174E-2 1.03016E-2 1.01169E-2 1.89764E-2 4.53411E-2 4.51046E-2 2.16648E-2 4.99143E-2 3.6612E-2 2.30497E-1 1.29174E-1 3.73697E-2 2.06821E-2 9.22074E-2 4.44983E-1 6.76666E-1 5.66578E-1 5.58756E-1 4.31995E-1 3.39837E-1 3.29481E-1 3.52659E-1 3.62241E-1 4.26889E-1 2.81349E-1 -9999 -9999 -9999 -9999 -9999
-9999 -9999 -9999 -9999 -9999 -9999 -9999 -9999 -9999 -9999 -9999 -9999 -9999 2.60945E-1 2.56924E-1 7.20464E-1 9.14083E-1 8.66025E-1 9.20816E-1 4.99104E-1 4.50987E-1 2.50731E-1 2.77141E-1 8.40897E-2 6.1238E-2 1.32498E-2 4.78212E-2 2.12151E-2 8.32702E-2 3.83409E-2 3.44671E-2 1.02976E-1 2.29066E-1 6.07816E-2 1.87123E-2 3.18279E-2 2.67768E-2 2.34437E-2 2.35276E-2 4.13368E-2 4.83005E-2 5.21438E-2 4.90865E-2 4.88234E-2 7.57091E-2 2.33866E-1 9.37449E-2 5.0608E-2 3.76904E-2 6.77318E-2 4.17506E-1 8.16449E-1 6.05126E-1 5.64648E-1 4.92848E-1 3.52345E-1 3.19907E-1 2.68808E-1 1.57001E-1 2.22066E-1 2.92424E-1 2.36007E-1 -9999 -9999 -9999 -9999
-9999 -9999 -9999 -9999 -9999 -9999 -9999 -9999 -9999 -9999 -9999 -9999 -9999 -9999 2.52743E-1 3.19054E-1 9.55824E-1 9.29302E-1 8.32301E-1 5.91356E-1 5.44725E-1 2.54739E-1 3.64047E-1 2.20638E-1 2.54743E-1 4.09981E-2 1.42935E-1 3.51898E-2 7.16E-2 1.22141E-1 4.40555E-2 2.62094E-1 3.98651E-1 8.20745E-2 3.24237E-2 5.58152E-2 4.45533E-2 3.10345E-2 5.45993E-2 5.08567E-2 5.58152E-2 5.78646E-2 2.51605E-2 6.67736E-2 1.28917E-1 3.25249E-1 9.90147E-2 3.04015E-2 2.52158E-2 3.57551E-2 2.87198E-1 7.86992E-1 6.41662E-1 5.56608E-1 5.07788E-1 4.86171E-1 4.12646E-1 3.50207E-1 3.9384E-1 1.97118E-1 2.22165E-1 3.85223E-1 -9999 -9999 -9999 -9999
-9999 -9999 -9999 -9999 -9999 -9999 -9999 -9999 -9999 -9999 -9999 -9999 -9999 -9999 2.55986E-1 2.40205E-1 9.3292E-1 9.52733E-1 9.13603E-1 8.97538E-1 7.57039E-1 7.01548E-1 4.43675E-1 2.17591E-1 6.71376E-1 1.07279E-1 5.03968E-2 5.11309E-2 1.00802E-1 1.74166E-1 2.99181E-1 4.23486E-1 4.64331E-1 1.24061E-1 1.94601E-2 3.64234E-2 3.79807E-2 4.54383E-2 1.53329E-2 3.12017E-2 2.86855E-2 9.9452E-2 6.4706E-2 3.05049E-2 1.53429E-1 1.5914E-1 2.02716E-1 3.73094E-2 1.75101E-2 6.00505E-2 2.29628E-1 7.34697E-1 6.85223E-1 7.15109E-1 5.2387E-1 4.55116E-1 4.24649E-1 1.6412E-1 2.04559E-1 1.69526E-1 3.79986E-1 6.65627E-1 -9999 -9999 -9999 -9999
-9999 -9999 -9999 -9999 -9999 -9999 -9999 -9999 -9999 -9999 -9999 -9999 -9999 -9999 2.01248E-1 2.37442E-1 9.0825E-1 9.35617E-1 8.82526E-1 9.59138E-1 9.59289E-1 6.73007E-1 4.38142E-1 1.45075E-1 6.33319E-1 2.49104E-1 1.36314E-1 9.77349E-2 2.12799E-1 5.57518E-1 8.70993E-2 3.14463E-1 2.45042E-1 7.94004E-2 6.83588E-2 2.61649E-2 8.94376E-2 3.38008E-2 2.36291E-2 4.76558E-2 3.06504E-2 1.5107E-1 2.82308E-2 6.40876E-2 1.30155E-1 1.6061E-1 2.51587E-1 8.09238E-2 1.94309E-2 3.5279E-2 1.31488E-1 6.6622E-1 7.38874E-1 6.15078E-1 5.97886E-1 4.89925E-1 4.63647E-1 4.48328E-1 3.73981E-1 2.32454E-1 5.62634E-1 6.87577E-1 5.41641E-1 -9999 -9999 -9999
-9999 -9999 -9999 -9999 -9999 -9999 -9999 9.71737E-1 9.09586E-1 -9999 -9999 -9999 -9999 -9999 3.01314E-1 2.54487E-1 4.53321E-1 8.51747E-1 9.37126E-1 9.04456E-1 9.84774E-1 7.30589E-1 4.43808E-1 1.5726E-1 6.73848E-1 2.827E-1 4.41255E-1 1.11067E-1 2.35371E-1 6.31493E-1 4.80018E-2 3.21169E-1 2.15073E-1 4.66229E-2 4.8751E-2 3.50331E-2 5.44181E-2 8.31443E-2 2.80342E-2 2.33345E-2 7.29921E-2 5.69684E-2 2.92315E-2 7.4498E-2 9.75252E-2 1.84515E-1 1.93869E-1 1.24195E-1 6.66969E-2 4.42936E-2 2.96836E-1 5.79661E-1 7.06287E-1 6.75736E-1 6.76379E-1 5.88221E-1 4.80513E-1 5.12337E-1 4.1812E-1 4.36378E-1 5.65816E-1 7.25168E-1 5.8497E-1 5.26087E-1 -9999 -9999
-9999 -9999 -9999 -9999 -9999 -9999 -9999 -9999 9.53819E-1 -9999 -9999 -9999 -9999 -9999 -9999 2.34876E-1 8.19448E-1 9.18706E-1 9.19598E-1 8.56909E-1 9.55413E-1 6.75528E-1 4.68637E-1 2.77805E-1 4.8118E-1 3.1245E-1 3.81901E-1 1.15718E-1 4.42236E-1 1.21901E-1 2.20339E-1 2.89063E-1 3.46862E-2 1.47902E-2 3.33122E-2 9.75764E-2 1.37517E-1 1.03528E-1 7.57658E-2 5.42715E-2 4.42056E-2 3.62032E-2 8.2196E-2 4.04364E-2 8.88565E-2 1.57617E-1 1.40918E-1 1.17635E-1 1.39525E-1 8.21098E-2 2.22927E-1 4.16654E-1 6.24778E-1 7.01214E-1 7.08441E-1 6.06405E-1 5.82406E-1 4.62453E-1 5.34173E-1 4.99595E-1 6.1165E-1 7.62557E-1 3.58413E-1 4.887E-1 4.05223E-1 -9999
-9999 -9999 -9999 -9999 -9999 -9999 -9999 -9999 -9999 9.68723E-1 -9999 -9999 -9999 -9999 -9999 -9999 8.89087E-1 9.50967E-1 9.33359E-1 4.57665E-1 5.50014E-1 9.24702E-1 7.64808E-1 4.76926E-1 3.55683E-1 7.39881E-1 4.03996E-1 4.16071E-1 8.74493E-1 1.20954E-1 6.33997E-1 9.26187E-2 9.52721E-3 1.00421E-2 3.25355E-2 1.14092E-1 7.87528E-2 2.78453E-1 3.37972E-1 9.41988E-2 6.83066E-2 1.23106E-1 5.35608E-2 6.26288E-2 1.15009E-1 1.42317E-1 1.85583E-1 1.92405E-1 1.70751E-1 2.24436E-1 2.63496E-1 3.34447E-1 4.61945E-1 7.65732E-1 7.19555E-1 6.92543E-1 6.30814E-1 5.63588E-1 6.1437E-1 5.46642E-1 6.35516E-1 7.56052E-1 8.30703E-1 4.4572E-1 -9999 -9999
-9999 -9999 -9999 -9999 -9999 -9999 -9999 -9999 -9999 -9999 9.78556E-1 -9999 -9999 -9999 -9999 -9999 8.34048E-1 9.00389E-1 9.06E-1 7.0931E-1 4.64999E-1 7.11321E-1 7.12799E-1 7.44246E-1 7.62623E-1 4.96546E-1 2.54644E-1 1.56161E-1 1.59685E-1 4.17401E-1 2.26377E-1 2.39481E-2 1.02793E-2 2.17186E-2 4.96665E-2 3.88938E-2 5.57707E-2 1.6344E-1 2.39523E-1 1.20893E-1 2.37533E-1 1.04112E-1 3.98527E-2 3.64533E-2 8.13602E-2 1.23506E-1 2.06348E-1 2.2175E-1 2.0438E-1 2.4208E-1 2.34145E-1 1.56812E-1 2.99697E-1 6.72383E-1 7.44528E-1 6.97306E-1 6.91385E-1 6.51077E-1 6.25313E-1 6.61377E-1 9.162E-1 9.00014E-1 8.21859E-1 4.48307E-1 -9999 -9999
-9999 -9999 -9999 -9999 -9999 -9999 -9999 -9999 -9999 -9999 -9999 -9999 -9999 -9999 -9999 -9999 8.77517E-1 9.25395E-1 9.62629E-1 6.11425E-1 4.43224E-1 2.7969E-1 4.96921E-1 5.00008E-1 3.15558E-1 3.17791E-1 4.64333E-1 1.92062E-1 1.67643E-1 2.54988E-1 1.18449E-1 6.48528E-2 5.43164E-2 5.46639E-2 5.34518E-2 9.34165E-2 7.73352E-2 1.38825E-1 1.14695E-1 2.34984E-1 4.23699E-1 2.8045E-1 6.34193E-2 4.53736E-2 4.12042E-2 7.22902E-2 2.33722E-1 2.31102E-1 1.75767E-1 2.03502E-1 2.43777E-1 1.97541E-1 2.4436E-1 5.92431E-1 7.31035E-1 7.94744E-1 8.21887E-1 7.55911E-1 7.34641E-1 6.1542E-1 7.00634E-1 7.24019E-1 8.08149E-1 6.24006E-1 3.1375E-1 -9999
-9999 -9999 -9999 -9999 -9999 -9999 -9999 -9999 -9999 -9999 -9999 -9999 -9999 -9999 -9999 9.14196E-1 9.09652E-1 8.84712E-1 9.19258E-1 9.12336E-1 6.59559E-1 7.2858E-1 4.41364E-1 1.27382E-1 2.45062E-1 1.84877E-1 2.41003E-1 1.6669E-1 1.71723E-1 5.67474E-2 2.54777E-1 1.04809E-1 5.72142E-2 1.16967E-1 1.14736E-1 6.01165E-2 9.56406E-2 4.27254E-2 3.69728E-2 8.03269E-2 3.42192E-1 3.93054E-1 8.98276E-2 1.33922E-1 1.15459E-1 1.9099E-1 3.14208E-1 2.04343E-1 1.12515E-1 1.06016E-1 2.51002E-1 1.81007E-1 3.26968E-1 3.26019E-1 6.9263E-1 7.89132E-1 9.01745E-1 8.69526E-1 8.51999E-1 8.40562E-1 6.53543E-1 5.40284E-1 6.44494E-1 6.20692E-1 2.90971E-1 -9999
-9999 -9999 -9999 -9999 -9999 -9999 -9999 -9999 -9999 -9999 -9999 -9999 -9999 -9999 8.67574E-1 9.0263E-1 8.08425E-1 8.96042E-1 9.90304E-1 8.76763E-1 8.83975E-1 4.29323E-1 2.26529E-1 2.01203E-1 2.4321E-1 1.11451E-1 2.3441E-1 1.55322E-1 9.75307E-2 8.6858E-2 1.30753E-1 1.23374E-1 1.35399E-1 6.1674E-2 6.95777E-2 1.1964E-1 5.05028E-2 9.22739E-2 8.45327E-2 9.59237E-2 2.14575E-1 3.64343E-1 2.98352E-1 2.61556E-1 3.2996E-1 1.33791E-1 1.04401E-1 9.27999E-2 7.34767E-2 1.56947E-1 2.18524E-1 2.00536E-1 2.45835E-1 3.13382E-1 3.02362E-1 6.91038E-1 8.70494E-1 9.36459E-1 9.27733E-1 7.97887E-1 7.09103E-1 7.05681E-1 6.68804E-1 7.12305E-1 8.22551E-1 -9999
-9999 -9999 -9999 -9999 -9999 -9999 -9999 -9999 -9999 -9999 -9999 -9999 -9999 -9999 -9999 8.95136E-1 9.39349E-1 9.77087E-1 9.25053E-1 8.0775E-1 4.35684E-1 1.6163E-1 3.71743E-1 1.99647E-1 6.31827E-2 6.55484E-2 3.82186E-1 4.47246E-1 1.03248E-1 8.60779E-2 1.68086E-1 1.46866E-1 8.19981E-2 9.03497E-2 1.43661E-1 1.32169E-1 2.42355E-1 1.62574E-1 1.07811E-1 2.4276E-1 3.91551E-1 3.7838E-1 1.84389E-1 1.63577E-1 9.66705E-2 1.05393E-1 8.11142E-2 5.60357E-2 3.96156E-2 6.5174E-2 5.1536E-2 9.99412E-2 1.45838E-1 1.56808E-1 2.22004E-1 3.47484E-1 6.5238E-1 9.43774E-1 9.65018E-1 9.60373E-1 8.18523E-1 8.12609E-1 6.66753E-1 7.01714E-1 8.341E-1 7.91106E-1
-9999 -9999 -9999 -9999 -9999 -9999 -9999 -9999 -9999 -9999 -9999 -9999 -9999 8.77446E-1 9.28838E-1 9.44263E-1 9.85566E-1 9.7056E-1 9.04251E-1 3.34476E-1 4.5514E-1 2.65182E-1 2.69253E-1 2.87039E-1 4.1788E-2 1.0037E-1 1.16328E-1 3.41984E-1 3.59705E-1 6.16756E-1 3.67856E-1 1.62519E-1 8.88204E-2 1.61064E-1 1.73617E-1 1.52421E-1 1.36666E-1 1.15667E-1 1.37019E-1 2.38906E-1 1.53659E-1 2.7921E-1 3.68211E-1 2.01847E-1 1.66065E-1 2.09266E-1 6.55399E-1 1.00654E-1 1.33624E-1 7.67642E-2 1.37218E-1 9.13137E-2 8.22602E-2 8.92506E-2 1.82005E-1 2.2116E-1 3.51266E-1 5.70714E-1 9.57809E-1 9.86098E-1 9.72302E-1 9.09819E-1 7.22514E-1 7.5198E-1 8.59798E-1 9.09308E-1
-9999 -9999 -9999 -9999 -9999 -9999 -9999 -9999 -9999 -9999 -9999 -9999 -9999 -9999 8.4572E-1 9.01397E-1 9.64716E-1 9.6838E-1 9.87064E-1 9.34962E-1 5.06116E-1 2.67601E-1 5.40166E-2 4.5365E-1 4.89904E-1 4.95653E-1 1.97937E-1 9.07807E-1 9.96287E-1 9.8973E-1 9.92348E-1 9.91845E-1 3.24817E-1 1.83232E-1 2.85566E-1 1.46536E-1 1.32963E-1 1.1988E-1 2.0674E-1 2.07049E-1 1.69561E-1 3.74961E-1 3.34763E-1 3.89578E-1 3.3877E-1 4.65319E-1 5.84169E-1 4.07004E-1 2.64338E-1 1.84564E-1 2.21772E-1 1.86534E-1 8.60145E-2 7.98095E-2 9.31091E-2 2.02491E-1 2.73352E-1 2.52852E-1 4.63487E-1 9.61482E-1 9.9204E-1 9.83126E-1 8.46489E-1 7.55927E-1 8.21527E-1 8.8487E-1
-9999 -9999 -9999 -9999 -9999 -9999 -9999 -9999 -9999 -9999 -9999 -9999 -9999 -9999 8.44335E-1 8.10449E-1 7.54419E-1 8.87734E-1 9.30004E-1 9.65925E-1 8.06151E-1 2.51222E-1 1.08638E-1 1.51845E-1 5.20494E-1 6.51729E-1 7.50148E-1 1.92058E-1 6.91987E-1 7.20987E-1 4.53002E-1 5.02164E-1 3.02405E-1 3.06958E-1 2.91245E-1 2.52993E-1 1.18403E-1 2.15068E-1 1.7974E-1 1.94164E-1 3.25481E-1 3.63419E-1 6.54664E-1 1.88705E-1 1.66453E-1 5.27887E-1 6.0212E-1 2.64099E-1 2.37564E-1 2.89072E-1 2.31462E-1 1.29956E-1 8.10216E-2 8.31075E-2 8.1299E-2 1.05911E-1 1.01771E-1 1.28392E-1 1.58277E-1 3.44752E-1 9.60804E-1 9.93076E-1 9.82674E-1 9.38738E-1 9.32226E-1 8.84596E-1
-9999 -9999 -9999 -9999 -9999 -9999 -9999 -9999 -9999 -9999 -9999 -9999 -9999 -9999 -9999 6.82257E-1 6.73592E-1 8.44305E-1 8.72612E-1 9.02662E-1 9.62527E-1 8.05907E-1 2.78863E-1 5.20388E-1 7.11465E-1 5.8198E-1 2.32942E-1 8.09848E-1 7.66002E-1 8.59984E-1 5.64293E-1 3.81764E-1 3.90541E-1 2.71098E-1 2.43137E-1 2.12852E-1 2.12737E-1 1.09209E-1 9.26435E-2 2.98013E-1 3.81299E-1 6.12954E-1 7.20447E-1 7.0188E-1 7.35148E-1 3.19608E-1 4.27995E-1 2.79529E-1 2.25588E-1 1.76525E-1 2.43423E-1 2.19723E-1 5.89456E-2 4.38722E-2 3.69363E-2 3.16098E-2 1.00547E-1 9.58266E-2 1.0587E-1 1.26643E-1 4.56747E-1 8.77732E-1 9.18191E-1 9.66288E-1 9.77723E-1 9.72344E-1
-9999 -9999 -9999 -9999 -9999 -9999 -9999 -9999 -9999 -9999 -9999 -9999 -9999 -9999 -9999 5.50508E-1 6.5643E-1 7.42635E-1 8.98605E-1 8.84581E-1 9.24321E-1 9.38192E-1 5.75801E-1 5.37128E-1 3.44388E-1 6.38334E-1 6.44417E-1 6.88565E-1 7.44183E-1 8.77283E-1 8.87655E-1 7.84664E-1 3.39369E-1 7.05558E-1 5.39935E-1 3.36294E-1 4.53978E-1 3.11227E-1 3.05635E-1 1.67615E-1 2.04027E-1 2.5815E-1 8.46094E-1 6.79876E-1 5.6282E-1 6.57894E-1 2.70038E-1 1.6159E-1 9.22708E-2 2.53362E-1 2.01545E-1 3.28701E-1 1.57414E-1 5.71964E-2 4.80422E-2 7.86638E-2 7.13534E-2 1.03566E-1 9.07835E-2 7.73857E-2 1.15912E-1 1.63596E-1 1.18457E-1 1.14021E-1 5.06783E-1 9.62639E-1
-9999 -9999 -9999 -9999 -9999 -9999 -9999 -9999 -9999 -9999 -9999 -9999 -9999 -9999 -9999 -9999 7.03569E-1 6.98422E-1 8.24116E-1 8.41272E-1 8.81917E-1 9.14819E-1 9.27982E-1 9.0183E-1 3.68031E-1 8.17311E-1 4.78061E-1 4.89025E-1 7.47721E-1 8.93565E-1 7.08421E-1 6.72356E-1 6.27968E-1 8.41901E-1 5.53129E-1 4.83923E-1 5.45352E-1 4.71718E-1 3.24302E-1 3.10868E-1 3.99395E-1 8.93179E-1 8.99238E-1 7.66011E-1 6.26427E-1 5.58044E-1 1.29945E-1 1.58502E-1 1.86175E-1 1.64709E-1 1.70047E-1 1.32577E-1 3.76356E-1 3.23631E-1 8.6E-2 1.83007E-1 1.17917E-1 6.3149E-2 1.17798E-1 1.181E-1 1.04073E-1 7.63539E-2 5.11292E-2 8.77012E-2 1.67851E-1 2.96465E-1
-9999 -9999 -9999 -9999 -9999 -9999 -9999 -9999 -9999 -9999 -9999 -9999 -9999 -9999 -9999 -9999 -9999 7.16754E-1 7.12824E-1 7.77475E-1 8.51086E-1 8.85254E-1 8.87445E-1 9.06366E-1 9.21289E-1 8.19257E-1 8.85516E-1 7.20299E-1 9.20693E-1 8.59003E-1 7.86544E-1 8.34486E-1 5.79638E-1 7.85814E-1 5.35762E-1 8.61508E-1 8.2029E-1 5.28564E-1 5.22187E-1 5.14E-1 7.74826E-1 9.22045E-1 5.44362E-1 8.66351E-1 8.47713E-1 7.42449E-1 2.27394E-1 2.40663E-1 1.53897E-1 1.74691E-1 3.3026E-1 1.87934E-1 5.16917E-1 4.29649E-1 2.31692E-1 1.03281E-1 1.17565E-1 1.68945E-1 1.4032E-1 1.21093E-1 8.81138E-2 7.53964E-2 3.892E-2 2.57333E-2 1.39527E-1 5.41535E-1
-9999 -9999 -9999 -9999 -9999 -9999 -9999 -9999 -9999 -9999 -9999 -9999 -9999 -9999 -9999 -9999 -9999 -9999 6.22257E-1 7.26868E-1 7.56125E-1 7.77593E-1 8.20154E-1 8.97709E-1 7.88656E-1 8.82705E-1 9.13273E-1 8.36319E-1 9.36538E-1 8.54978E-1 8.09806E-1 8.77136E-1 7.91805E-1 7.82361E-1 8.89591E-1 6.40784E-1 6.39252E-1 7.29901E-1 5.65271E-1 9.1144E-1 9.40265E-1 8.45823E-1 5.90342E-1 5.59981E-1 3.94381E-1 7.97299E-1 7.49333E-1 4.10105E-1 1.12659E-1 1.81821E-1 2.90794E-1 3.55836E-1 2.68284E-1 4.82984E-1 2.80573E-1 1.74021E-1 8.68087E-2 1.69109E-1 1.23063E-1 8.58596E-2 8.87019E-2 1.77567E-2 2.40444E-2 6.95475E-2 7.7472E-2 6.69299E-1
-9999 -9999 -9999 -9999 -9999 -9999 -9999 -9999 -9999 -9999 -9999 -9999 -9999 -9999 -9999 -9999 -9999 -9999 -9999 -9999 7.18011E-1 7.57003E-1 7.65915E-1 8.08246E-1 6.90596E-1 7.51915E-1 7.92766E-1 7.65275E-1 8.4573E-1 8.09663E-1 7.56062E-1 9.04909E-1 8.77279E-1 7.98437E-1 7.85179E-1 6.39174E-1 8.04601E-1 8.6179E-1 9.13415E-1 6.22455E-1 6.2784E-1 7.68407E-1 3.77901E-1 7.35706E-1 4.67992E-1 7.7601E-1 8.67453E-1 6.86517E-1 1.64559E-1 9.05432E-2 3.5739E-1 3.94049E-1 3.54192E-1 3.32802E-1 6.00582E-1 4.16483E-1 7.89552E-2 4.454E-1 4.4011E-1 2.10998E-1 1.36758E-1 9.40139E-2 5.69637E-2 8.99086E-2 3.43152E-2 6.82401E-1
-9999 -9999 -9999 -9999 -9999 -9999 -9999 -9999 -9999 -9999 -9999 -9999 -9999 -9999 -9999 -9999 -9999 -9999 -9999 -9999 -9999 -9999 2.01682E-1 6.07332E-1 5.01047E-1 6.86421E-1 7.49417E-1 7.42466E-1 8.31751E-1 9.00903E-1 8.65417E-1 8.28712E-1 8.39987E-1 8.21812E-1 8.16848E-1 7.60588E-1 6.61985E-1 7.38709E-1 8.33476E-1 7.76143E-1 7.26339E-1 7.73247E-1 8.08135E-1 7.38779E-1 9.30654E-1 8.5952E-1 8.52129E-1 8.9535E-1 5.39982E-1 7.28907E-1 9.13274E-1 9.62635E-1 9.43133E-1 8.94931E-1 8.32984E-1 7.95643E-1 6.79071E-1 8.34151E-1 6.82164E-1 3.89176E-1 2.27424E-1 7.42326E-2 8.81057E-2 7.42119E-2 8.89383E-2 8.46808E-1
-9999 -9999 -9999 -9999 -9999 -9999 -9999 -9999 -9999 -9999 -9999 -9999 -9999 -9999 -9999 -9999 -9999 -9999 -9999 -9999 -9999 -9999 -9999 -9999 2.66459E-1 6.10217E-1 7.57743E-1 8.04025E-1 8.36872E-1 9.01179E-1 9.09373E-1 7.08023E-1 7.94713E-1 6.21969E-1 6.95609E-1 6.47051E-1 6.68961E-1 6.04214E-1 7.27945E-1 8.06808E-1 9.18685E-1 9.50847E-1 9.40908E-1 9.76958E-1 9.88093E-1 9.88299E-1 9.01517E-1 9.01975E-1 9.2576E-1 9.28956E-1 9.05539E-1 8.9525E-1 6.51408E-1 7.26424E-1 6.87408E-1 8.09006E-1 7.96532E-1 7.87286E-1 7.55453E-1 6.26182E-1 4.39478E-1 1.96719E-1 1.29596E-1 6.06157E-2 3.76583E-1 7.79623E-1
-9999 -9999 -9999 -9999 -9999 -9999 -9999 -9999 -9999 -9999 -9999 -9999 -9999 -9999 -9999 -9999 -9999 -9999 -9999 -9999 -9999 -9999 -9999 -9999 -9999 7.35306E-1 8.18965E-1 8.09455E-1 8.65085E-1 9.17911E-1 8.98669E-1 8.59118E-1 9.02851E-1 7.47766E-1 6.51754E-1 5.38288E-1 8.17651E-1 7.07974E-1 6.12382E-1 7.67694E-1 9.12965E-1 9.69303E-1 9.82995E-1 9.91104E-1 9.94518E-1 9.86755E-1 9.54337E-1 8.75577E-1 8.59975E-1 8.77522E-1 9.4186E-1 7.91819E-1 5.12107E-1 5.97295E-1 6.7926E-1 4.82587E-1 5.72542E-1 6.68978E-1 5.47889E-1 5.10803E-1 5.36985E-1 4.48891E-1 3.10417E-1 2.14571E-1 1.02273E-1 4.29029E-1
-9999 -9999 -9999 -9999 -9999 -9999 -9999 -9999 -9999 -9999 -9999 -9999 -9999 -9999 -9999 -9999 -9999 -9999 -9999 -9999 -9999 -9999 -9999 -9999 -9999 -9999 7.70223E-1 8.06326E-1 8.43517E-1 8.75224E-1 8.97556E-1 8.44655E-1 9.24969E-1 8.84756E-1 8.29845E-1 7.55785E-1 7.37015E-1 7.92395E-1 6.27664E-1 7.03988E-1 7.66295E-1 9.22727E-1 9.7554E-1 9.84052E-1 9.93786E-1 9.97196E-1 9.84751E-1 9.49893E-1 8.66946E-1 8.87642E-1 8.85431E-1 8.6651E-1 8.82716E-1 8.42862E-1 8.03395E-1 5.52687E-1 6.70735E-1 5.26492E-1 4.69874E-1 6.13664E-1 6.00001E-1 6.34065E-1 3.50164E-1 3.49621E-1 4.08114E-1 5.07282E-1
-9999 -9999 -9999 -9999 -9999 -9999 -9999 -9999 -9999 -9999 -9999 -9999 -9999 -9999 -9999 -9999 -9999 -9999 -9999 -9999 -9999 -9999 -9999 -9999 -9999 -9999 -9999 7.5283E-1 7.87277E-1 8.07392E-1 8.07529E-1 7.82571E-1 8.11433E-1 8.28832E-1 8.03959E-1 7.54159E-1 7.18687E-1 7.09443E-1 5.78003E-1 8.38125E-1 8.03319E-1 8.52898E-1 9.48997E-1 9.85724E-1 9.98187E-1 9.98567E-1 9.96412E-1 8.45778E-1 8.33249E-1 8.16706E-1 9.81438E-1 9.35241E-1 9.43096E-1 9.08268E-1 8.89286E-1 8.33406E-1 7.38982E-1 6.81476E-1 6.13569E-1 4.28996E-1 3.15412E-1 3.79074E-1 5.069E-1 4.00739E-1 9.97694E-2 6.92385E-1
-9999 -9999 -9999 -9999 -9999 -9999 -9999 -9999 -9999 -9999 -9999 -9999 -9999 -9999 -9999 -9999 -9999 -9999 -9999 -9999 -9999 -9999 -9999 -9999 -9999 -9999 -9999 -9999 -9999 -9999 7.15474E-1 7.02495E-1 6.99319E-1 6.90392E-1 6.64644E-1 6.7092E-1 7.1745E-1 7.56466E-1 7.819E-1 7.89596E-1 8.80333E-1 7.86089E-1 8.78216E-1 9.42431E-1 9.73599E-1 9.93066E-1 9.81703E-1 9.60878E-1 9.15784E-1 9.70344E-1 9.89439E-1 9.63496E-1 9.09118E-1 8.71053E-1 8.93463E-1 8.4645E-1 7.94027E-1 7.64798E-1 7.05901E-1 6.14413E-1 2.64661E-1 4.61447E-1 5.70922E-1 3.64178E-1 3.74878E-1 2.45256E-1
