Leopardus wiedii/Leopardus_wiedii_projection 2041-2060_novel.asc
ncols         515
nrows         545
xllcorner     -119.0
yllcorner     -58.333333333333
cellsize      0.166666666667
NODATA_value  -9999
[rows 360 to 389 of 545, columns 268 to 334 of 515]
-9999 -9999 -9999 -9999 -9999 -9999 -9999 -9999 -9999 -9999 -9999 -9999 -9999 -9999 -9999 -9999 -9999 -9999 -9999 -9999 -9999 8.20063E-1 8.20063E-1 8.20063E-1 8.20063E-1 8.20063E-1 1.23963E0 1.33499E0 1.71641E0 1.96434E0 1.35406E0 3.24211E-1 1.14427E-1 1.04892E0 1.83084E0 6.10279E-1 1.3922E0 4.06217E0 6.8275E0 6.23629E0 7.20893E0 6.54143E0 6.54143E0 7.8192E0 7.8192E0 8.88719E0 1.05082E1 2.99418E0 1.27968E1 1.27968E1 1.66492E1 2.01011E1 6.57957E0 6.57957E0 2.01011E1 2.01011E1 2.01011E1 2.01011E1 6.57957E0 6.57957E0 6.57957E0 6.57957E0 6.57957E0 6.57957E0 6.57957E0 6.57957E0 6.57957E0
-9999 -9999 -9999 -9999 -9999 -9999 -9999 -9999 -9999 -9999 -9999 -9999 -9999 -9999 -9999 -9999 -9999 -9999 -9999 -9999 8.20063E-1 8.20063E-1 8.20063E-1 8.20063E-1 8.20063E-1 1.10613E0 1.29684E0 1.41127E0 1.69734E0 2.21226E0 6.29351E-1 1.33499E-1 3.81425E-2 1.90712E-2 2.28855E-1 1.16335E0 3.7761E0 6.36979E0 7.17078E0 5.74044E0 6.54143E0 6.54143E0 7.20893E0 6.57957E0 2.99418E0 2.99418E0 1.44941E0 1.44941E0 2.99418E0 1.05082E1 1.57338E1 2.02536E1 6.57957E0 6.57957E0 6.57957E0 6.57957E0 2.01011E1 2.01011E1 6.57957E0 6.57957E0 6.57957E0 6.57957E0 6.57957E0 6.57957E0 6.57957E0 6.57957E0 6.57957E0
-9999 -9999 -9999 -9999 -9999 -9999 -9999 -9999 -9999 -9999 -9999 -9999 -9999 -9999 -9999 -9999 -9999 -9999 -9999 -9999 8.20063E-1 8.20063E-1 8.20063E-1 8.20063E-1 8.20063E-1 1.10613E0 1.29684E0 1.48756E0 1.90712E0 2.13598E0 2.44112E0 3.81425E-1 1.90712E-2 1.90712E-2 9.53562E-1 1.41127E0 3.08954E0 6.694E0 7.20893E0 5.74044E0 6.54143E0 5.74044E0 7.20893E0 2.99418E0 1.44941E0 1.44941E0 1.44941E0 1.44941E0 1.44941E0 9.95518E0 1.71832E1 1.71832E1 1.71832E1 6.57957E0 6.57957E0 6.57957E0 2.01011E1 2.01011E1 1.78125E1 6.57957E0 6.57957E0 6.57957E0 6.57957E0 6.57957E0 6.57957E0 6.57957E0 6.57957E0
-9999 -9999 -9999 -9999 -9999 -9999 -9999 -9999 -9999 -9999 -9999 -9999 -9999 -9999 -9999 -9999 -9999 -9999 -9999 8.20063E-1 8.20063E-1 8.20063E-1 8.20063E-1 8.20063E-1 8.20063E-1 1.33499E0 1.33499E0 1.69734E0 2.25041E0 2.44112E0 2.05969E0 5.53066E-1 5.72137E-2 3.81425E-2 3.03233E0 2.74626E0 3.9096E0 5.53066E0 5.79765E0 6.54143E0 3.62353E0 7.20893E0 7.20893E0 2.99418E0 1.44941E0 1.44941E0 1.44941E0 1.44941E0 2.99418E0 8.88719E0 1.46086E1 1.71832E1 2.02536E1 6.57957E0 1.71832E1 6.57957E0 1.71832E1 1.87852E1 1.78125E1 6.57957E0 6.57957E0 6.57957E0 6.57957E0 6.57957E0 6.57957E0 6.57957E0 6.57957E0
-9999 -9999 -9999 -9999 -9999 -9999 -9999 -9999 -9999 -9999 -9999 -9999 -9999 -9999 -9999 -9999 -9999 -9999 -9999 8.20063E-1 8.20063E-1 8.20063E-1 8.20063E-1 8.20063E-1 8.39134E-1 1.54477E0 1.73548E0 1.73548E0 2.61276E0 1.27777E0 2.74626E0 1.22056E0 1.06799E0 1.23963E0 5.37809E0 5.77858E0 7.47592E0 6.427E0 6.5605E0 7.20893E0 6.54143E0 6.57957E0 8.12434E0 2.99418E0 1.44941E0 1.44941E0 1.44941E0 1.44941E0 2.99418E0 8.63927E0 1.31591E1 1.71832E1 2.02536E1 2.02536E1 1.97006E1 1.71832E1 1.71832E1 1.78125E1 1.69734E1 6.57957E0 6.57957E0 6.57957E0 6.57957E0 6.57957E0 6.57957E0 6.57957E0 6.57957E0
-9999 -9999 -9999 -9999 -9999 -9999 -9999 -9999 -9999 -9999 -9999 -9999 -9999 -9999 -9999 -9999 -9999 -9999 -9999 8.20063E-1 8.20063E-1 8.20063E-1 8.20063E-1 8.20063E-1 8.39134E-1 2.25041E0 2.44112E0 1.90712E0 1.5257E-1 2.63183E0 2.95604E0 3.20397E0 1.3922E0 2.66997E0 6.88471E0 7.8192E0 7.8192E0 7.8192E0 7.53314E0 7.20893E0 6.54143E0 5.26366E0 5.72137E0 7.8192E0 6.57957E0 1.44941E0 1.44941E0 1.44941E0 6.57957E0 7.64756E0 1.27968E1 6.57957E0 1.53333E1 1.69734E1 1.69734E1 1.71832E1 1.71832E1 1.69734E1 6.57957E0 6.57957E0 6.57957E0 6.57957E0 6.57957E0 6.57957E0 6.57957E0 6.57957E0 2.01011E1
-9999 -9999 -9999 -9999 -9999 -9999 -9999 -9999 -9999 -9999 -9999 -9999 -9999 -9999 -9999 -9999 -9999 -9999 -9999 8.20063E-1 8.20063E-1 8.20063E-1 8.20063E-1 8.39134E-1 8.39134E-1 2.63183E0 3.0514E0 4.19567E-1 8.58205E-1 2.28855E0 2.86068E0 3.62353E0 2.05969E0 6.71307E0 8.41041E0 7.8192E0 7.20893E0 8.41041E0 6.59865E0 7.8192E0 7.20893E0 5.72137E0 6.54143E0 7.20893E0 9.4784E0 2.99418E0 1.44941E0 2.99418E0 8.88719E0 1.05082E1 1.32164E1 6.57957E0 1.46086E1 1.53333E1 1.60008E1 6.57957E0 6.57957E0 6.57957E0 6.57957E0 6.57957E0 6.57957E0 6.57957E0 6.57957E0 6.57957E0 6.57957E0 6.57957E0 2.01011E1
-9999 -9999 -9999 -9999 -9999 -9999 -9999 -9999 -9999 -9999 -9999 -9999 -9999 -9999 -9999 -9999 -9999 -9999 8.20063E-1 8.20063E-1 8.20063E-1 8.20063E-1 8.20063E-1 8.39134E-1 8.39134E-1 2.44112E0 2.44112E0 9.53562E-1 1.50663E0 1.35406E0 3.22304E0 3.85239E0 3.94774E0 7.28521E0 8.41041E0 8.41041E0 7.8192E0 8.41041E0 6.36979E0 8.41041E0 7.20893E0 7.20893E0 7.20893E0 6.961E0 8.88719E0 6.57957E0 2.99418E0 1.05082E1 1.12711E1 6.57957E0 2.99418E0 6.57957E0 1.46086E1 1.53333E1 6.57957E0 6.57957E0 6.57957E0 6.57957E0 6.57957E0 6.57957E0 6.57957E0 6.57957E0 6.57957E0 6.57957E0 6.57957E0 2.01011E1 2.01011E1
-9999 -9999 -9999 -9999 -9999 -9999 -9999 -9999 -9999 -9999 -9999 -9999 -9999 -9999 -9999 -9999 -9999 8.20063E-1 8.20063E-1 8.20063E-1 8.20063E-1 8.20063E-1 8.39134E-1 8.39134E-1 8.39134E-1 2.15505E0 2.82254E0 1.46848E0 2.28855E0 2.95604E0 3.28025E0 4.15753E0 5.37809E0 6.52236E0 6.77029E0 8.88719E0 7.8192E0 7.8192E0 5.47344E0 4.1766E0 7.8192E0 6.57957E0 8.37227E0 7.28521E0 8.88719E0 9.4784E0 6.57957E0 6.57957E0 2.99418E0 2.99418E0 2.99418E0 6.57957E0 1.38076E1 1.46086E1 6.57957E0 6.57957E0 6.57957E0 6.57957E0 6.57957E0 6.57957E0 6.57957E0 6.57957E0 6.57957E0 2.01011E1 2.01011E1 2.01011E1 2.01011E1
-9999 -9999 -9999 -9999 -9999 -9999 -9999 -9999 -9999 -9999 -9999 -9999 -9999 -9999 -9999 -9999 -9999 8.20063E-1 8.20063E-1 8.20063E-1 8.20063E-1 8.20063E-1 8.39134E-1 8.39134E-1 8.39134E-1 2.47926E0 2.5174E0 1.29684E0 1.84991E0 2.95604E0 3.28025E0 4.38638E0 3.75703E0 8.46763E0 7.53314E0 9.4784E0 8.41041E0 8.41041E0 5.18738E0 4.38638E0 7.8192E0 6.57957E0 8.41041E0 8.41041E0 8.88719E0 9.95518E0 2.99418E0 2.99418E0 2.99418E0 2.99418E0 2.99418E0 2.99418E0 1.32164E1 1.38076E1 6.57957E0 6.57957E0 6.57957E0 6.57957E0 6.57957E0 6.57957E0 6.57957E0 2.01011E1 2.01011E1 2.01011E1 2.01011E1 2.01011E1 2.01011E1
-9999 -9999 -9999 -9999 -9999 -9999 -9999 -9999 -9999 -9999 -9999 -9999 -9999 -9999 -9999 -9999 -9999 -9999 8.20063E-1 8.20063E-1 8.20063E-1 8.20063E-1 8.39134E-1 8.39134E-1 8.39134E-1 2.5174E0 2.00248E0 2.00248E0 2.63183E0 3.0514E0 3.35654E0 4.38638E0 5.95022E0 8.52484E0 9.4784E0 8.88719E0 8.41041E0 7.8192E0 8.88719E0 8.88719E0 7.8192E0 5.72137E0 8.41041E0 7.8192E0 8.88719E0 6.57957E0 2.99418E0 2.99418E0 2.99418E0 1.44941E0 1.44941E0 2.99418E0 1.27968E1 6.57957E0 6.57957E0 6.57957E0 6.57957E0 6.57957E0 6.57957E0 6.57957E0 6.57957E0 2.01011E1 2.4621E1 2.4621E1 2.4621E1 2.01011E1 2.01011E1
-9999 -9999 -9999 -9999 -9999 -9999 -9999 -9999 -9999 -9999 -9999 -9999 -9999 -9999 -9999 -9999 -9999 -9999 8.20063E-1 8.20063E-1 8.20063E-1 8.20063E-1 8.39134E-1 8.39134E-1 8.39134E-1 1.46848E0 1.98341E0 1.23963E0 2.72719E0 3.0514E0 3.28025E0 4.38638E0 6.59865E0 7.83828E0 7.83828E0 8.41041E0 9.4784E0 8.88719E0 8.41041E0 8.41041E0 7.8192E0 5.72137E0 6.57957E0 8.41041E0 9.95518E0 2.99418E0 2.99418E0 2.99418E0 2.99418E0 2.99418E0 1.44941E0 2.99418E0 6.57957E0 6.57957E0 6.57957E0 6.57957E0 6.57957E0 6.57957E0 6.57957E0 6.57957E0 2.01011E1 2.01011E1 2.4621E1 2.4621E1 2.4621E1 2.4621E1 2.01011E1
-9999 -9999 -9999 -9999 -9999 -9999 -9999 -9999 -9999 -9999 -9999 -9999 -9999 -9999 -9999 -9999 -9999 -9999 8.20063E-1 8.20063E-1 8.20063E-1 8.20063E-1 8.39134E-1 8.39134E-1 8.39134E-1 3.54725E0 1.20149E0 1.29684E0 3.28025E0 2.09784E-1 3.28025E0 4.95852E0 6.73214E0 1.02603E1 8.88719E0 8.88719E0 9.4784E0 1.07752E1 9.4784E0 8.41041E0 8.41041E0 5.72137E0 2.99418E0 8.41041E0 6.57957E0 2.99418E0 2.99418E0 2.99418E0 2.99418E0 2.99418E0 6.57957E0 2.99418E0 2.99418E0 2.99418E0 2.99418E0 6.57957E0 6.57957E0 6.57957E0 6.57957E0 6.57957E0 2.01011E1 2.4621E1 2.4621E1 2.4621E1 2.4621E1 2.4621E1 2.01011E1
-9999 -9999 -9999 -9999 -9999 -9999 -9999 -9999 -9999 -9999 -9999 -9999 -9999 -9999 -9999 -9999 -9999 -9999 8.20063E-1 8.20063E-1 8.20063E-1 8.39134E-1 8.39134E-1 8.39134E-1 8.39134E-1 2.44112E0 1.33499E0 2.44112E0 1.7927E0 1.64013E0 3.85239E0 4.61524E0 6.67493E0 9.26862E0 9.95518E0 1.12711E1 8.41041E0 8.12434E0 8.12434E0 8.41041E0 8.41041E0 8.88719E0 6.57957E0 8.41041E0 6.57957E0 2.99418E0 2.99418E0 2.99418E0 2.99418E0 2.99418E0 6.57957E0 2.99418E0 2.99418E0 2.99418E0 6.57957E0 6.57957E0 6.57957E0 6.57957E0 1.78125E1 1.87852E1 2.0616E1 2.4621E1 2.4621E1 2.4621E1 2.4621E1 2.4621E1 2.01011E1
-9999 -9999 -9999 -9999 -9999 -9999 -9999 -9999 -9999 -9999 -9999 -9999 -9999 -9999 -9999 -9999 -9999 -9999 -9999 8.20063E-1 8.20063E-1 8.20063E-1 1.48756E0 2.05969E0 2.21226E0 2.82254E0 8.58205E-1 2.26948E0 8.58205E-1 3.28025E0 2.95604E0 3.98589E0 7.26614E0 1.02603E1 9.4784E0 9.95518E0 6.57957E0 8.88719E0 1.07752E1 8.12434E0 8.41041E0 8.41041E0 9.95518E0 6.57957E0 2.99418E0 2.99418E0 2.99418E0 2.99418E0 2.99418E0 2.99418E0 6.57957E0 2.99418E0 2.99418E0 2.99418E0 6.57957E0 6.57957E0 6.57957E0 6.57957E0 1.69734E1 1.78125E1 2.25613E1 2.4621E1 2.4621E1 2.4621E1 2.4621E1 2.4621E1 2.4621E1
-9999 -9999 -9999 -9999 -9999 -9999 -9999 -9999 -9999 -9999 -9999 -9999 -9999 -9999 -9999 -9999 -9999 -9999 8.20063E-1 8.20063E-1 8.20063E-1 8.20063E-1 1.48756E0 1.96434E0 2.6509E0 3.0514E0 8.58205E-1 8.58205E-1 2.44112E0 2.86068E0 2.82254E0 3.50911E0 8.00992E0 8.88719E0 8.41041E0 8.41041E0 6.57957E0 9.4784E0 9.4784E0 8.12434E0 8.41041E0 8.12434E0 8.41041E0 6.57957E0 2.99418E0 2.99418E0 2.99418E0 2.99418E0 2.99418E0 2.99418E0 2.99418E0 2.99418E0 2.99418E0 6.57957E0 6.57957E0 6.57957E0 6.57957E0 6.57957E0 1.69734E1 1.78125E1 2.25613E1 2.77677E1 3.01898E1 2.4621E1 2.4621E1 2.4621E1 2.4621E1
-9999 -9999 -9999 -9999 -9999 -9999 -9999 -9999 -9999 -9999 -9999 -9999 -9999 -9999 -9999 -9999 -9999 8.20063E-1 8.20063E-1 8.20063E-1 8.20063E-1 1.10613E0 1.88805E0 2.15505E0 3.0514E0 3.54725E0 5.53066E-1 3.24211E-1 3.22304E0 2.82254E0 3.0514E0 3.68075E0 6.50329E0 9.4784E0 8.88719E0 8.41041E0 6.57957E0 6.57957E0 8.41041E0 8.41041E0 8.12434E0 8.12434E0 8.88719E0 6.57957E0 2.99418E0 2.99418E0 6.57957E0 6.57957E0 6.57957E0 6.57957E0 2.99418E0 2.99418E0 6.57957E0 6.57957E0 6.57957E0 6.57957E0 1.69734E1 1.60008E1 1.60008E1 1.78125E1 2.33813E1 2.77677E1 3.01898E1 2.4621E1 2.4621E1 2.4621E1 2.4621E1
-9999 -9999 -9999 -9999 -9999 -9999 -9999 -9999 -9999 -9999 -9999 -9999 -9999 -9999 -9999 -9999 8.20063E-1 8.20063E-1 8.20063E-1 8.20063E-1 8.20063E-1 1.10613E0 1.96434E0 2.47926E0 1.46848E0 1.46848E0 8.58205E-1 3.81425E-2 3.28025E0 2.82254E0 3.28025E0 4.61524E0 9.19233E0 9.4784E0 8.88719E0 8.12434E0 2.99418E0 2.99418E0 6.57957E0 8.88719E0 8.12434E0 8.12434E0 6.57957E0 6.57957E0 2.99418E0 2.99418E0 6.57957E0 1.46086E1 6.57957E0 6.57957E0 6.57957E0 6.57957E0 6.57957E0 6.57957E0 6.57957E0 1.78125E1 1.78125E1 1.78125E1 1.78125E1 2.0616E1 2.54792E1 2.77677E1 2.4621E1 2.4621E1 2.4621E1 2.4621E1 3.01898E1
-9999 -9999 -9999 -9999 -9999 -9999 -9999 -9999 -9999 -9999 -9999 -9999 -9999 -9999 -9999 -9999 8.20063E-1 8.20063E-1 8.20063E-1 8.20063E-1 8.20063E-1 1.60198E0 2.09784E0 2.44112E0 2.44112E0 2.44112E0 3.73796E0 3.62353E-1 3.73796E0 2.95604E0 3.50911E0 5.26366E0 9.78354E0 9.95518E0 8.12434E0 6.57957E0 2.99418E0 2.99418E0 2.99418E0 8.88719E0 8.41041E0 6.57957E0 6.57957E0 6.57957E0 6.57957E0 6.57957E0 1.20721E1 1.46086E1 1.97006E1 6.57957E0 6.57957E0 6.57957E0 6.57957E0 6.57957E0 2.01011E1 2.01011E1 1.97006E1 2.0616E1 2.25613E1 2.54792E1 2.77677E1 2.90646E1 2.4621E1 2.4621E1 2.4621E1 2.4621E1 3.01898E1
-9999 -9999 -9999 -9999 -9999 -9999 -9999 -9999 -9999 -9999 -9999 -9999 -9999 -9999 -9999 -9999 8.20063E-1 8.20063E-1 8.20063E-1 8.20063E-1 8.20063E-1 1.31591E0 1.7927E0 2.34576E0 2.44112E0 3.29932E0 3.73796E0 4.15753E0 2.72719E0 2.82254E0 3.50911E0 5.49251E0 1.00124E1 9.95518E0 5.72137E0 6.57957E0 2.99418E0 1.44941E0 1.44941E0 8.88719E0 9.4784E0 8.88719E0 6.57957E0 2.99418E0 6.57957E0 6.57957E0 1.38076E1 1.53333E1 2.01011E1 6.57957E0 6.57957E0 6.57957E0 6.57957E0 2.01011E1 2.4621E1 2.4621E1 2.33813E1 2.25613E1 2.4621E1 2.4354E1 2.77677E1 3.01898E1 3.01898E1 2.4621E1 2.4621E1 2.4621E1 2.4621E1
-9999 -9999 -9999 -9999 -9999 -9999 -9999 -9999 -9999 -9999 -9999 -9999 -9999 -9999 -9999 -9999 8.20063E-1 8.20063E-1 8.20063E-1 8.20063E-1 1.10613E0 1.48756E0 1.88805E0 2.21226E0 2.82254E0 3.16582E0 3.35654E0 4.1766E0 2.3839E0 2.86068E0 3.68075E0 6.23629E0 1.07371E1 1.12711E1 8.12434E0 5.72137E0 2.99418E0 1.44941E0 1.44941E0 1.44941E0 8.88719E0 9.95518E0 6.57957E0 2.99418E0 6.57957E0 1.27968E1 1.46086E1 1.71832E1 1.71832E1 6.57957E0 6.57957E0 6.57957E0 6.57957E0 2.01011E1 2.4621E1 2.4621E1 3.01898E1 2.90646E1 2.90646E1 2.13598E1 2.90646E1 3.01898E1 3.01898E1 2.4621E1 2.4621E1 2.4621E1 2.4621E1
-9999 -9999 -9999 -9999 -9999 -9999 -9999 -9999 -9999 -9999 -9999 -9999 -9999 -9999 -9999 -9999 8.20063E-1 8.20063E-1 8.20063E-1 8.20063E-1 1.10613E0 1.6592E0 1.96434E0 2.21226E0 2.44112E0 3.16582E0 1.71641E0 4.88224E0 2.5174E0 3.0514E0 3.85239E0 6.50329E0 9.42119E0 1.07752E1 8.12434E0 2.99418E0 2.99418E0 5.72137E0 9.4784E0 2.99418E0 8.12434E0 9.95518E0 6.57957E0 2.99418E0 2.99418E0 1.38839E1 1.60008E1 2.02536E1 6.57957E0 6.57957E0 6.57957E0 6.57957E0 6.57957E0 2.4621E1 2.4621E1 2.4621E1 2.68142E1 2.4621E1 2.81873E1 2.67951E1 3.12768E1 3.01898E1 3.01898E1 3.01898E1 2.4621E1 2.4621E1 2.4621E1
-9999 -9999 -9999 -9999 -9999 -9999 -9999 -9999 -9999 -9999 -9999 -9999 -9999 -9999 -9999 -9999 8.20063E-1 8.20063E-1 8.20063E-1 8.20063E-1 1.48756E0 1.96434E0 2.09784E0 2.21226E0 1.46848E0 8.58205E-1 8.58205E-1 4.88224E0 2.55554E0 3.35654E0 4.38638E0 6.77029E0 1.00124E1 1.07752E1 8.12434E0 2.99418E0 1.44941E0 8.12434E0 8.88719E0 8.12434E0 2.99418E0 9.4784E0 2.99418E0 1.44941E0 2.99418E0 6.57957E0 1.71832E1 1.71832E1 6.57957E0 6.57957E0 6.57957E0 6.57957E0 6.57957E0 2.4621E1 2.4621E1 2.4621E1 2.01964E1 1.72213E1 3.01898E1 3.43091E1 3.01898E1 3.01898E1 3.01898E1 3.01898E1 2.4621E1 2.4621E1 2.4621E1
-9999 -9999 -9999 -9999 -9999 -9999 -9999 -9999 -9999 -9999 -9999 -9999 -9999 -9999 -9999 -9999 -9999 8.20063E-1 8.20063E-1 1.10613E0 1.60198E0 1.96434E0 2.15505E0 2.21226E0 2.44112E0 5.53066E-1 8.58205E-1 3.98589E0 2.63183E0 3.68075E0 3.68075E0 7.83828E0 1.10995E1 8.12434E0 5.72137E0 2.99418E0 2.99418E0 9.95518E0 1.12711E1 2.99418E0 1.44941E0 2.99418E0 1.44941E0 1.44941E0 1.44941E0 2.99418E0 2.99418E0 6.57957E0 6.57957E0 2.99418E0 2.99418E0 6.57957E0 6.57957E0 2.4621E1 2.4621E1 2.4621E1 1.69925E1 1.72022E1 3.01898E1 3.01898E1 3.01898E1 3.01898E1 3.01898E1 3.01898E1 2.4621E1 2.4621E1 2.4621E1
-9999 -9999 -9999 -9999 -9999 -9999 -9999 -9999 -9999 -9999 -9999 -9999 -9999 -9999 -9999 -9999 -9999 8.20063E-1 8.20063E-1 8.20063E-1 1.48756E0 1.96434E0 2.15505E0 2.34576E0 2.44112E0 2.82254E0 5.53066E-1 4.5771E0 2.72719E0 3.68075E0 3.50911E0 6.50329E0 1.20721E1 1.07752E1 2.99418E0 2.99418E0 2.99418E0 9.95518E0 8.88719E0 1.44941E0 1.44941E0 1.44941E0 1.44941E0 1.44941E0 1.44941E0 1.44941E0 2.99418E0 2.99418E0 6.57957E0 2.99418E0 2.99418E0 2.99418E0 6.57957E0 2.01011E1 2.4621E1 2.4621E1 1.59817E1 1.53714E1 3.00372E1 3.01898E1 3.01898E1 3.01898E1 3.01898E1 2.4621E1 2.4621E1 2.4621E1 2.4621E1
-9999 -9999 -9999 -9999 -9999 -9999 -9999 -9999 -9999 -9999 -9999 -9999 -9999 -9999 -9999 -9999 -9999 8.20063E-1 8.20063E-1 8.20063E-1 1.48756E0 1.88805E0 2.05969E0 1.46848E0 1.71641E0 2.6509E0 5.72137E-1 4.38638E0 2.86068E0 3.50911E0 3.35654E0 3.73796E0 1.11185E1 1.38839E1 5.72137E0 1.44941E0 1.44941E0 2.99418E0 2.99418E0 1.44941E0 1.44941E0 1.44941E0 1.44941E0 1.44941E0 1.44941E0 1.44941E0 1.44941E0 2.99418E0 6.57957E0 2.99418E0 2.99418E0 2.99418E0 6.57957E0 6.57957E0 2.4621E1 2.4621E1 1.96624E1 1.58291E1 3.01898E1 2.4621E1 2.4621E1 2.4621E1 2.4621E1 2.4621E1 2.4621E1 2.4621E1 2.4621E1
-9999 -9999 -9999 -9999 -9999 -9999 -9999 -9999 -9999 -9999 -9999 -9999 -9999 -9999 -9999 -9999 -9999 8.20063E-1 8.20063E-1 1.31591E0 1.60198E0 1.7927E0 2.05969E0 2.21226E0 5.72137E-1 3.0514E-1 3.29932E0 4.15753E0 2.95604E0 3.68075E0 3.28025E0 3.73796E0 1.21293E1 1.07752E1 2.99418E0 2.99418E0 1.44941E0 8.39134E-1 1.44941E0 1.44941E0 1.44941E0 1.44941E0 2.99418E0 1.44941E0 1.44941E0 1.44941E0 1.44941E0 2.99418E0 2.99418E0 2.99418E0 2.99418E0 6.57957E0 6.57957E0 1.71832E1 2.01011E1 2.4621E1 1.61152E1 2.29427E1 2.4621E1 3.01898E1 2.4621E1 2.4621E1 2.4621E1 2.4621E1 2.4621E1 2.4621E1 2.4621E1
-9999 -9999 -9999 -9999 -9999 -9999 -9999 -9999 -9999 -9999 -9999 -9999 -9999 -9999 -9999 -9999 -9999 8.20063E-1 1.10613E0 1.60198E0 1.7927E0 1.88805E0 2.09784E0 2.15505E0 1.71641E0 9.53562E-2 1.04892E0 3.89053E0 2.44112E0 2.95604E0 3.85239E0 5.81673E0 1.34261E1 8.12434E0 2.99418E0 1.44941E0 1.44941E0 1.44941E0 1.44941E0 1.44941E0 1.44941E0 1.44941E0 1.44941E0 2.99418E0 1.44941E0 1.44941E0 1.44941E0 2.99418E0 2.99418E0 2.99418E0 2.99418E0 6.57957E0 6.57957E0 2.01011E1 2.01011E1 2.02536E1 1.56384E1 2.4621E1 2.4621E1 2.4621E1 2.4621E1 2.4621E1 2.4621E1 2.4621E1 2.4621E1 2.02536E1 2.02536E1
-9999 -9999 -9999 -9999 -9999 -9999 -9999 -9999 -9999 -9999 -9999 -9999 -9999 -9999 -9999 -9999 -9999 1.31591E0 1.31591E0 1.48756E0 1.6592E0 1.96434E0 2.09784E0 2.09784E0 1.04892E0 2.21226E0 1.71641E0 2.44112E0 5.72137E-1 3.28025E0 4.15753E0 5.26366E0 1.35787E1 2.99418E0 1.44941E0 1.44941E0 1.44941E0 1.44941E0 1.44941E0 1.44941E0 1.44941E0 1.44941E0 1.44941E0 2.99418E0 2.99418E0 1.44941E0 1.44941E0 2.99418E0 2.99418E0 6.57957E0 6.57957E0 2.01011E1 2.01011E1 2.02536E1 2.02536E1 2.02536E1 1.63822E1 2.4621E1 2.4621E1 2.4621E1 2.02536E1 2.02536E1 2.02536E1 2.02536E1 2.02536E1 2.02536E1 2.02536E1
-9999 -9999 -9999 -9999 -9999 -9999 -9999 -9999 -9999 -9999 -9999 -9999 -9999 -9999 -9999 -9999 -9999 -9999 1.48756E0 1.48756E0 1.6592E0 1.96434E0 2.21226E0 2.15505E0 1.04892E0 1.04892E0 1.71641E0 3.0514E-1 1.04892E0 3.85239E0 3.85239E0 5.09202E0 1.34261E1 2.99418E0 2.99418E0 1.44941E0 1.44941E0 1.44941E0 1.44941E0 1.44941E0 1.44941E0 1.44941E0 1.44941E0 2.99418E0 2.99418E0 1.44941E0 1.44941E0 2.99418E0 6.57957E0 6.57957E0 2.4621E1 2.4621E1 2.02536E1 2.02536E1 1.71832E1 2.02536E1 1.80795E1 2.4621E1 2.4621E1 2.4621E1 2.4621E1 2.02536E1 2.4621E1 2.4621E1 2.4621E1 2.02536E1 2.02536E1
