Leopardus wiedii/Leopardus_wiedii_projection 2041-2060.asc
ncols         515
nrows         545
xllcorner     -119.0
yllcorner     -58.333333333333
cellsize      0.166666666667
NODATA_value  -9999
[rows 348 to 376 of 545, columns 330 to 395 of 515]
5.08876E-2 5.07195E-2 4.66265E-2 4.84489E-2 4.78476E-2 5.00093E-2 4.41878E-2 4.32773E-2 4.17165E-2 4.28962E-2 4.48365E-2 4.52508E-2 4.61576E-2 4.99216E-2 5.54026E-2 6.21473E-2 7.35373E-2 9.21102E-2 1.01438E-1 1.31222E-1 1.49577E-1 1.84192E-1 1.92748E-1 2.02882E-1 2.15257E-1 2.16755E-1 2.55019E-1 2.67051E-1 2.92448E-1 3.26699E-1 3.89403E-1 4.74933E-1 5.08581E-1 5.25769E-1 5.46855E-1 5.51162E-1 5.86523E-1 6.02996E-1 6.21497E-1 6.18891E-1 6.1717E-1 6.2539E-1 6.08958E-1 5.88271E-1 6.18011E-1 6.24073E-1 6.40214E-1 6.69965E-1 6.6302E-1 6.6793E-1 6.70707E-1 6.72786E-1 6.82611E-1 7.07529E-1 7.29864E-1 7.48201E-1 7.51276E-1 8.0793E-1 8.46114E-1 8.68933E-1 8.8337E-1 8.94248E-1 8.74739E-1 9.22787E-1 9.23827E-1 9.07185E-1
5.54679E-2 5.61188E-2 5.41726E-2 5.2907E-2 5.16756E-2 4.40131E-2 4.26079E-2 4.16169E-2 4.14638E-2 4.14531E-2 4.31372E-2 4.22949E-2 4.32773E-2 4.37322E-2 4.76479E-2 5.96943E-2 7.55634E-2 9.00561E-2 9.95311E-2 1.13806E-1 1.62633E-1 1.76646E-1 2.00779E-1 2.17708E-1 2.40868E-1 2.48395E-1 2.75684E-1 2.81113E-1 3.09931E-1 3.54472E-1 4.17463E-1 4.76904E-1 5.10052E-1 5.28975E-1 5.55147E-1 5.73783E-1 5.89437E-1 6.10521E-1 6.21491E-1 6.17325E-1 6.46863E-1 6.28856E-1 6.27604E-1 6.0375E-1 6.24762E-1 6.55841E-1 7.20985E-1 6.77599E-1 7.06589E-1 6.80189E-1 6.9253E-1 7.02726E-1 7.17678E-1 7.32232E-1 7.55997E-1 7.56363E-1 7.70529E-1 8.15453E-1 8.56008E-1 8.83479E-1 8.90061E-1 8.82235E-1 8.69111E-1 9.38477E-1 9.19367E-1 9.35164E-1
5.29899E-2 5.66328E-2 5.83197E-2 5.3415E-2 5.28274E-2 4.63644E-2 4.06054E-2 4.00413E-2 3.55923E-2 3.41584E-2 3.2136E-2 3.53443E-2 3.9042E-2 4.36057E-2 5.20466E-2 5.86921E-2 7.35772E-2 9.3929E-2 1.06637E-1 1.1367E-1 1.29469E-1 1.86213E-1 2.13241E-1 2.19333E-1 2.43664E-1 2.63265E-1 2.79657E-1 3.17175E-1 3.20348E-1 3.94125E-1 4.53218E-1 4.77598E-1 5.21007E-1 5.5103E-1 5.70423E-1 5.95053E-1 6.03733E-1 6.17127E-1 6.25945E-1 6.36024E-1 6.35583E-1 6.14901E-1 6.45831E-1 6.59739E-1 6.23876E-1 6.3459E-1 7.1509E-1 7.43872E-1 7.19086E-1 7.08008E-1 7.11316E-1 7.25389E-1 7.28736E-1 7.28966E-1 7.61217E-1 7.34985E-1 7.50003E-1 7.93521E-1 8.29963E-1 8.88844E-1 9.20111E-1 9.20114E-1 9.1775E-1 9.57711E-1 9.6435E-1 9.63874E-1
5.56166E-2 5.53702E-2 5.1864E-2 5.15484E-2 4.82006E-2 4.47478E-2 4.21808E-2 3.67332E-2 3.51892E-2 3.06751E-2 3.24302E-2 3.32469E-2 3.41895E-2 3.89981E-2 4.69101E-2 5.48315E-2 6.8633E-2 9.11846E-2 1.08336E-1 1.27625E-1 1.4209E-1 1.82349E-1 2.06216E-1 2.42854E-1 2.19912E-1 2.45349E-1 2.85212E-1 3.14477E-1 3.33585E-1 3.77795E-1 3.99802E-1 4.89072E-1 5.36656E-1 5.73178E-1 6.00689E-1 6.23552E-1 6.33228E-1 6.21793E-1 6.11158E-1 6.22125E-1 6.02569E-1 5.71383E-1 6.10727E-1 6.44421E-1 5.96689E-1 6.29572E-1 6.62961E-1 6.68627E-1 6.84588E-1 7.31888E-1 7.4055E-1 7.48114E-1 7.32574E-1 7.34514E-1 7.3051E-1 6.89738E-1 6.89329E-1 7.61605E-1 8.45076E-1 9.0132E-1 9.35242E-1 9.58549E-1 9.33607E-1 9.59185E-1 9.66843E-1 9.63936E-1
5.81611E-2 5.4451E-2 4.86547E-2 4.62367E-2 4.42077E-2 4.23664E-2 3.71514E-2 3.63619E-2 3.50237E-2 2.78193E-2 2.64614E-2 2.79774E-2 3.05089E-2 3.3687E-2 4.26112E-2 5.37845E-2 6.52852E-2 8.27182E-2 1.02898E-1 1.32092E-1 1.43249E-1 1.5722E-1 1.91198E-1 2.41745E-1 2.71231E-1 2.61998E-1 2.78831E-1 2.7376E-1 3.10842E-1 3.71346E-1 4.30879E-1 4.69458E-1 5.29629E-1 5.68202E-1 6.11265E-1 6.41254E-1 6.26219E-1 6.19381E-1 6.14747E-1 6.39514E-1 6.29557E-1 6.14918E-1 6.12431E-1 6.19149E-1 6.1056E-1 6.30391E-1 6.65604E-1 6.70839E-1 6.94774E-1 7.02616E-1 7.01028E-1 7.32198E-1 7.50982E-1 7.47868E-1 6.84405E-1 5.88479E-1 6.19242E-1 6.74096E-1 8.34607E-1 9.11212E-1 9.49273E-1 9.67325E-1 9.67723E-1 9.63467E-1 9.66163E-1 9.67325E-1
5.63229E-2 4.75571E-2 4.62804E-2 4.18361E-2 4.24451E-2 3.82598E-2 3.26574E-2 3.01354E-2 3.08692E-2 2.90817E-2 2.48857E-2 2.8551E-2 2.29634E-2 2.77791E-2 3.77122E-2 4.50439E-2 6.2334E-2 8.31298E-2 1.00569E-1 1.25721E-1 1.57219E-1 1.77786E-1 1.91073E-1 2.1581E-1 2.51714E-1 3.03646E-1 3.18185E-1 3.00263E-1 3.22502E-1 4.0641E-1 4.45493E-1 5.03975E-1 5.52153E-1 5.79218E-1 6.13633E-1 6.24285E-1 6.46867E-1 6.46407E-1 6.46228E-1 6.37557E-1 6.59594E-1 6.90568E-1 6.5746E-1 6.47577E-1 6.50615E-1 6.44696E-1 6.60632E-1 6.86257E-1 6.67017E-1 7.16323E-1 7.34599E-1 7.28255E-1 6.98261E-1 6.75801E-1 6.54656E-1 5.33773E-1 5.19012E-1 6.42973E-1 8.59798E-1 9.17184E-1 9.55969E-1 9.6116E-1 9.63069E-1 9.5955E-1 9.66951E-1 9.72505E-1
4.8914E-2 4.15054E-2 4.35295E-2 3.7392E-2 3.82897E-2 3.28956E-2 2.91145E-2 2.79642E-2 2.89165E-2 2.73144E-2 2.12133E-2 2.56395E-2 2.57819E-2 2.60427E-2 3.42665E-2 4.32877E-2 6.01577E-2 7.94694E-2 9.59419E-2 1.1503E-1 1.6219E-1 1.91765E-1 2.09426E-1 2.25138E-1 2.66293E-1 2.86716E-1 3.41885E-1 3.19472E-1 3.65426E-1 4.2791E-1 4.67032E-1 4.9015E-1 5.3503E-1 5.79047E-1 6.16882E-1 6.39552E-1 6.44083E-1 6.35505E-1 6.46459E-1 6.50503E-1 6.77014E-1 6.90417E-1 6.83736E-1 6.75019E-1 6.76071E-1 6.78617E-1 6.81952E-1 6.82073E-1 6.81976E-1 7.14573E-1 7.1186E-1 6.85652E-1 6.65886E-1 5.87156E-1 5.4903E-1 5.8316E-1 6.95685E-1 7.21953E-1 8.80759E-1 9.29292E-1 9.553E-1 9.54887E-1 9.59102E-1 9.59628E-1 9.60282E-1 9.67455E-1
4.17414E-2 3.61408E-2 3.58363E-2 3.48414E-2 3.43989E-2 3.14126E-2 2.82976E-2 2.6588E-2 2.8087E-2 2.51172E-2 2.41991E-2 2.80896E-2 2.61953E-2 2.96668E-2 3.68076E-2 4.99195E-2 5.06984E-2 5.82244E-2 7.84576E-2 1.12142E-1 1.50975E-1 1.74126E-1 2.01534E-1 2.27194E-1 2.58923E-1 3.18794E-1 3.32025E-1 3.64384E-1 3.95918E-1 4.4367E-1 4.83384E-1 4.89317E-1 5.51776E-1 5.96379E-1 6.2366E-1 6.31381E-1 6.35946E-1 6.43199E-1 6.46477E-1 6.56843E-1 6.86317E-1 6.95069E-1 6.88689E-1 6.90205E-1 6.8596E-1 6.90885E-1 7.02914E-1 7.00264E-1 7.14228E-1 7.17578E-1 6.83165E-1 6.68338E-1 6.31904E-1 6.28329E-1 6.2861E-1 6.58908E-1 7.86136E-1 8.6943E-1 9.09175E-1 9.27307E-1 9.48913E-1 9.57529E-1 9.58362E-1 9.3965E-1 9.6476E-1 9.6745E-1
3.09678E-2 3.07905E-2 3.24832E-2 3.43722E-2 3.09403E-2 2.83115E-2 2.77831E-2 2.68576E-2 2.38544E-2 1.96802E-2 2.09467E-2 2.8454E-2 2.65192E-2 2.9181E-2 3.00395E-2 4.82802E-2 5.65861E-2 6.06101E-2 7.51102E-2 1.06798E-1 1.38672E-1 1.66731E-1 1.90292E-1 2.15919E-1 2.42333E-1 2.82108E-1 3.14147E-1 3.57126E-1 4.29205E-1 4.39841E-1 4.23966E-1 4.8196E-1 5.52089E-1 6.02379E-1 6.1864E-1 6.34613E-1 6.38174E-1 6.47015E-1 6.47851E-1 6.65209E-1 6.81526E-1 6.757E-1 6.9026E-1 6.96443E-1 7.0651E-1 6.98615E-1 7.09677E-1 7.14141E-1 7.11797E-1 7.07611E-1 6.88389E-1 6.60769E-1 6.40259E-1 6.60679E-1 7.30693E-1 7.76699E-1 8.29593E-1 8.89068E-1 9.14667E-1 9.34065E-1 9.50416E-1 9.52851E-1 9.40761E-1 9.22049E-1 9.66273E-1 9.67413E-1
2.364E-2 2.44777E-2 2.88789E-2 2.92728E-2 2.76658E-2 2.53323E-2 2.60013E-2 2.45021E-2 2.29452E-2 2.36432E-2 2.44056E-2 2.34707E-2 2.45148E-2 2.44733E-2 2.77146E-2 4.31686E-2 4.7014E-2 5.53916E-2 8.34584E-2 1.01162E-1 1.30229E-1 1.69679E-1 1.8283E-1 2.15138E-1 2.49657E-1 3.09769E-1 3.26294E-1 3.3603E-1 3.79203E-1 4.27171E-1 4.47246E-1 4.61903E-1 5.98709E-1 5.73315E-1 6.11732E-1 6.12881E-1 6.28106E-1 6.35211E-1 6.34067E-1 6.60078E-1 6.74715E-1 6.66693E-1 6.73467E-1 6.84036E-1 7.00616E-1 7.23257E-1 7.37385E-1 7.26762E-1 7.32779E-1 7.2818E-1 7.11488E-1 6.98021E-1 7.04171E-1 7.28495E-1 8.05669E-1 8.53761E-1 8.7843E-1 8.98356E-1 9.07414E-1 9.36444E-1 9.50079E-1 9.25975E-1 9.38437E-1 9.23204E-1 9.26272E-1 9.66239E-1
2.2699E-2 2.4707E-2 2.41824E-2 2.49329E-2 2.43926E-2 2.27833E-2 2.35676E-2 2.30661E-2 2.17873E-2 1.92891E-2 2.00275E-2 1.90293E-2 2.0263E-2 2.08113E-2 2.95015E-2 3.87287E-2 4.2826E-2 4.99887E-2 6.97699E-2 8.53958E-2 1.11614E-1 1.46411E-1 1.84378E-1 1.9896E-1 2.40021E-1 2.96338E-1 3.29077E-1 3.4082E-1 3.23408E-1 3.58961E-1 4.21947E-1 5.48353E-1 6.37383E-1 6.2827E-1 6.27737E-1 6.14923E-1 6.1767E-1 6.21181E-1 6.18158E-1 6.28904E-1 6.60786E-1 6.55963E-1 6.83827E-1 6.94889E-1 7.09504E-1 7.55123E-1 8.09432E-1 8.05692E-1 7.65443E-1 7.7455E-1 7.73506E-1 7.46458E-1 8.12672E-1 8.4073E-1 8.37469E-1 8.50195E-1 8.77747E-1 8.99313E-1 9.06677E-1 9.27509E-1 9.47453E-1 9.41143E-1 9.38862E-1 9.59907E-1 9.40169E-1 9.71655E-1
1.84793E-2 2.3271E-2 2.13821E-2 2.1011E-2 2.17274E-2 2.10626E-2 2.1974E-2 2.26463E-2 2.05402E-2 2.03125E-2 2.23238E-2 1.9161E-2 1.89031E-2 2.13658E-2 2.7731E-2 3.21482E-2 3.86424E-2 5.14643E-2 6.52483E-2 8.0755E-2 1.13756E-1 1.49244E-1 1.74138E-1 2.03165E-1 2.30448E-1 2.37058E-1 2.86514E-1 3.04604E-1 2.87664E-1 3.21275E-1 4.62614E-1 5.69213E-1 5.08766E-1 5.10744E-1 5.43673E-1 6.01774E-1 6.04931E-1 5.95976E-1 6.18763E-1 6.16015E-1 6.36015E-1 6.47092E-1 6.86727E-1 7.47163E-1 8.11941E-1 8.46972E-1 8.53041E-1 7.92647E-1 8.09503E-1 8.07467E-1 8.07194E-1 8.08259E-1 8.41936E-1 8.52812E-1 8.85411E-1 8.85351E-1 9.12373E-1 8.92048E-1 8.89748E-1 9.10304E-1 9.33247E-1 9.58603E-1 9.66013E-1 9.71238E-1 9.67803E-1 9.81307E-1
1.24525E-2 1.76491E-2 1.87635E-2 1.93093E-2 1.91477E-2 1.76032E-2 2.06443E-2 2.0038E-2 2.12976E-2 1.98472E-2 1.81445E-2 1.92963E-2 1.79147E-2 2.24279E-2 3.0127E-2 3.28268E-2 3.62738E-2 4.9133E-2 6.11579E-2 7.37022E-2 1.04925E-1 1.38944E-1 1.56695E-1 2.03987E-1 2.19796E-1 2.50083E-1 2.77308E-1 2.9661E-1 2.62177E-1 3.25105E-1 4.70637E-1 4.07816E-1 4.10932E-1 4.16445E-1 4.68494E-1 5.38332E-1 5.67383E-1 5.62417E-1 5.92303E-1 6.03536E-1 6.03757E-1 6.39532E-1 6.62245E-1 6.97448E-1 7.44216E-1 8.04848E-1 7.6152E-1 7.57357E-1 8.01858E-1 8.01033E-1 8.53321E-1 8.69134E-1 8.80237E-1 9.03305E-1 9.16205E-1 9.18529E-1 8.9534E-1 8.86803E-1 9.12171E-1 9.28746E-1 9.4824E-1 9.58624E-1 9.66052E-1 9.74478E-1 9.72453E-1 9.72941E-1
9.75159E-3 1.33448E-2 1.72163E-2 1.89218E-2 1.94036E-2 1.95017E-2 1.89649E-2 2.02183E-2 1.78551E-2 2.02694E-2 1.85357E-2 1.88902E-2 2.08951E-2 2.39209E-2 2.96795E-2 3.1932E-2 3.65606E-2 4.75437E-2 5.40428E-2 7.42549E-2 9.59483E-2 1.22868E-1 1.60748E-1 2.06849E-1 2.13624E-1 2.39049E-1 2.73783E-1 2.90777E-1 2.57719E-1 3.15076E-1 4.07552E-1 3.91198E-1 3.66087E-1 4.06141E-1 4.52204E-1 4.78702E-1 5.09501E-1 5.37897E-1 5.71309E-1 6.2571E-1 5.99257E-1 6.43515E-1 6.53621E-1 7.04417E-1 7.47098E-1 6.97308E-1 7.11937E-1 7.5375E-1 8.01968E-1 8.2209E-1 8.67221E-1 8.93964E-1 9.0196E-1 9.18625E-1 9.27517E-1 9.35949E-1 9.19843E-1 9.24356E-1 9.32378E-1 9.38812E-1 9.52647E-1 9.61207E-1 9.7012E-1 9.75702E-1 9.74895E-1 9.71026E-1
9.3151E-3 9.97688E-3 1.48086E-2 1.72067E-2 1.7838E-2 1.81028E-2 1.91099E-2 2.04045E-2 1.73511E-2 1.84372E-2 1.88362E-2 2.00067E-2 2.05162E-2 2.5997E-2 3.03086E-2 3.49409E-2 3.93748E-2 4.68402E-2 5.90511E-2 7.71946E-2 9.37536E-2 1.16891E-1 1.49935E-1 2.20593E-1 2.24041E-1 2.60355E-1 2.89739E-1 2.61074E-1 2.49636E-1 3.34412E-1 4.53026E-1 3.40222E-1 3.20404E-1 3.45459E-1 4.14051E-1 4.65972E-1 4.78912E-1 5.06521E-1 5.42903E-1 5.36053E-1 6.27845E-1 6.37474E-1 6.75449E-1 7.15301E-1 7.29525E-1 6.58312E-1 6.52597E-1 7.44712E-1 7.94418E-1 7.85202E-1 8.43002E-1 8.86576E-1 9.02896E-1 9.39228E-1 9.33245E-1 9.518E-1 9.43406E-1 9.4589E-1 9.45578E-1 9.50726E-1 9.58382E-1 9.66731E-1 9.7227E-1 9.77429E-1 9.79053E-1 9.76188E-1
9.04565E-3 1.04137E-2 1.18945E-2 1.57188E-2 1.84525E-2 1.73084E-2 1.77645E-2 1.75571E-2 1.89839E-2 2.00564E-2 2.20046E-2 2.53153E-2 2.62628E-2 2.70825E-2 3.11407E-2 3.60306E-2 4.34556E-2 5.13924E-2 7.02825E-2 8.11035E-2 9.24568E-2 1.17902E-1 1.37219E-1 1.849E-1 2.32117E-1 2.5567E-1 2.71895E-1 2.43966E-1 2.27988E-1 3.90272E-1 4.66675E-1 2.62332E-1 2.97263E-1 3.24126E-1 3.74993E-1 4.30846E-1 4.45479E-1 4.59419E-1 4.51236E-1 5.04614E-1 6.21607E-1 6.6948E-1 6.96389E-1 7.20571E-1 5.80807E-1 6.07863E-1 6.35273E-1 7.04642E-1 7.9495E-1 8.25052E-1 8.4627E-1 8.95089E-1 9.12437E-1 9.3918E-1 9.55311E-1 9.59812E-1 9.58379E-1 9.59904E-1 9.63E-1 9.59593E-1 9.64126E-1 9.6563E-1 9.71543E-1 9.77141E-1 9.8057E-1 9.80158E-1
9.59275E-3 1.01388E-2 1.16797E-2 1.45908E-2 1.71736E-2 1.75039E-2 1.66238E-2 1.73037E-2 1.96501E-2 2.09965E-2 1.86743E-2 2.22567E-2 2.48965E-2 2.84698E-2 3.12126E-2 3.29135E-2 4.75562E-2 5.69146E-2 7.11922E-2 8.02195E-2 1.01933E-1 1.29898E-1 1.68771E-1 1.8858E-1 2.12133E-1 2.76439E-1 2.64473E-1 2.57812E-1 2.5872E-1 5.28132E-1 2.90416E-1 2.48565E-1 3.0272E-1 3.14324E-1 3.63334E-1 3.73095E-1 4.04678E-1 4.04231E-1 4.62164E-1 5.51765E-1 6.44491E-1 6.70131E-1 6.94546E-1 6.66883E-1 5.18397E-1 5.81485E-1 5.6304E-1 6.21633E-1 6.5269E-1 8.29797E-1 8.36336E-1 8.90673E-1 9.35016E-1 9.67337E-1 9.73709E-1 9.70993E-1 9.65356E-1 9.6652E-1 9.61592E-1 9.58731E-1 9.65241E-1 9.61611E-1 9.73193E-1 9.77572E-1 9.78919E-1 9.81855E-1
9.33805E-3 9.93471E-3 1.06834E-2 1.35854E-2 1.5375E-2 1.70645E-2 1.63679E-2 1.81511E-2 1.75174E-2 1.90191E-2 1.69133E-2 1.98615E-2 2.53875E-2 2.67142E-2 3.06699E-2 3.54142E-2 4.44434E-2 5.92625E-2 7.8034E-2 8.7295E-2 1.07006E-1 1.414E-1 1.81309E-1 2.12117E-1 2.45684E-1 2.72706E-1 2.61841E-1 2.35616E-1 2.6843E-1 5.22035E-1 2.85505E-1 3.13346E-1 2.68531E-1 2.70852E-1 3.77557E-1 4.26588E-1 3.97144E-1 3.89056E-1 5.47209E-1 5.90296E-1 6.69184E-1 7.06403E-1 6.07556E-1 5.01767E-1 4.81676E-1 4.80071E-1 5.15813E-1 5.46189E-1 6.68598E-1 7.84463E-1 8.24754E-1 9.09273E-1 9.50513E-1 9.6897E-1 9.80513E-1 9.79024E-1 9.75668E-1 9.72838E-1 9.68475E-1 9.67103E-1 9.67305E-1 9.6934E-1 9.73769E-1 9.75516E-1 9.76677E-1 9.77306E-1
1.00015E-2 9.89539E-3 1.11127E-2 1.25928E-2 1.61206E-2 1.66074E-2 1.59621E-2 1.62238E-2 1.80583E-2 1.75213E-2 1.73734E-2 1.97343E-2 2.25482E-2 2.55519E-2 2.93165E-2 3.69148E-2 4.35146E-2 5.3511E-2 7.07538E-2 9.14862E-2 1.19244E-1 1.48932E-1 2.04176E-1 2.53834E-1 2.67448E-1 2.33388E-1 2.24429E-1 2.1461E-1 3.33023E-1 4.71511E-1 2.30804E-1 2.4781E-1 2.48264E-1 3.26701E-1 3.35618E-1 3.51549E-1 4.81339E-1 5.58647E-1 5.36681E-1 5.06939E-1 4.85545E-1 5.31022E-1 5.24109E-1 5.12171E-1 4.91342E-1 4.84204E-1 5.41104E-1 5.46291E-1 5.82929E-1 6.84823E-1 8.12419E-1 9.16964E-1 9.45444E-1 9.7039E-1 9.77934E-1 9.7552E-1 9.7577E-1 9.7492E-1 9.73807E-1 9.72563E-1 9.74624E-1 9.72405E-1 9.7586E-1 9.73431E-1 9.71459E-1 9.67138E-1
8.6651E-3 1.06792E-2 1.16379E-2 1.37486E-2 1.56102E-2 1.76108E-2 1.77485E-2 2.03202E-2 2.17582E-2 1.58078E-2 1.60831E-2 1.78886E-2 2.17075E-2 2.53593E-2 3.15278E-2 3.63233E-2 4.49064E-2 5.86624E-2 6.64489E-2 9.43806E-2 1.22598E-1 1.49883E-1 2.50392E-1 2.7519E-1 2.53329E-1 2.25972E-1 2.11484E-1 2.63301E-1 3.86499E-1 3.79675E-1 2.33771E-1 2.52298E-1 2.76443E-1 3.2799E-1 3.98172E-1 3.33353E-1 3.51743E-1 3.30507E-1 2.86286E-1 3.0503E-1 4.68919E-1 5.0461E-1 5.373E-1 5.05242E-1 5.17492E-1 5.09048E-1 5.31145E-1 5.74927E-1 6.38811E-1 7.64847E-1 8.19756E-1 9.29462E-1 9.53615E-1 9.6709E-1 9.74348E-1 9.75914E-1 9.77053E-1 9.76187E-1 9.76893E-1 9.79743E-1 9.78518E-1 9.78158E-1 9.72005E-1 9.70062E-1 9.67792E-1 9.66758E-1
1.02371E-2 1.10914E-2 1.13637E-2 1.29522E-2 1.72256E-2 1.79904E-2 1.45272E-2 1.52191E-2 1.78489E-2 1.54854E-2 1.76082E-2 1.82614E-2 1.89021E-2 2.40291E-2 3.17869E-2 4.17565E-2 5.04191E-2 5.66352E-2 6.41089E-2 8.43202E-2 1.15723E-1 1.55802E-1 2.15094E-1 2.669E-1 2.38057E-1 2.01778E-1 2.14514E-1 3.62086E-1 4.31507E-1 2.97105E-1 2.72606E-1 2.56912E-1 2.55487E-1 2.68787E-1 2.5502E-1 2.15943E-1 2.36675E-1 3.21074E-1 2.97817E-1 3.64444E-1 4.3373E-1 4.95928E-1 5.40367E-1 4.94498E-1 5.11217E-1 5.38113E-1 6.12941E-1 6.34367E-1 7.21264E-1 7.83411E-1 8.50762E-1 9.27054E-1 9.59814E-1 9.70801E-1 9.75012E-1 9.81441E-1 9.7977E-1 9.80177E-1 9.80824E-1 9.8573E-1 9.82537E-1 9.78317E-1 9.74109E-1 9.70162E-1 9.70643E-1 9.74742E-1
1.00286E-2 1.20772E-2 1.29974E-2 1.3343E-2 1.32873E-2 1.83909E-2 1.5473E-2 1.5009E-2 1.69142E-2 1.56801E-2 1.55015E-2 1.9269E-2 2.09221E-2 2.75471E-2 3.82356E-2 4.66329E-2 5.26097E-2 6.26655E-2 7.05083E-2 8.58978E-2 1.22792E-1 1.55955E-1 2.09455E-1 2.51689E-1 1.93551E-1 2.15987E-1 2.8282E-1 5.07381E-1 4.41165E-1 2.60219E-1 2.63733E-1 2.34838E-1 2.59003E-1 2.1447E-1 2.00091E-1 1.95328E-1 2.24057E-1 2.5813E-1 3.40134E-1 3.82523E-1 4.23436E-1 4.38116E-1 4.9937E-1 5.44769E-1 5.80134E-1 6.38624E-1 6.18737E-1 6.806E-1 7.39175E-1 8.20808E-1 8.73747E-1 9.32923E-1 9.60525E-1 9.7584E-1 9.81184E-1 9.81791E-1 9.83062E-1 9.82206E-1 9.8111E-1 9.85062E-1 9.83796E-1 9.8381E-1 9.75125E-1 9.62118E-1 9.6125E-1 9.49899E-1
1.21141E-2 1.32046E-2 1.61769E-2 1.71454E-2 1.42317E-2 1.74588E-2 1.45817E-2 1.47635E-2 1.49362E-2 1.80159E-2 1.99821E-2 2.19834E-2 2.4715E-2 3.02665E-2 3.97919E-2 4.56482E-2 5.39696E-2 6.01151E-2 7.15948E-2 9.35195E-2 1.26277E-1 1.47934E-1 1.87423E-1 1.90217E-1 1.61263E-1 1.85404E-1 4.37568E-1 5.49264E-1 2.7825E-1 2.26221E-1 2.24834E-1 2.22924E-1 2.31028E-1 1.82524E-1 1.84758E-1 1.8567E-1 2.14243E-1 2.47452E-1 3.07402E-1 3.43207E-1 4.23096E-1 4.67448E-1 4.817E-1 5.67692E-1 6.37629E-1 6.32358E-1 6.72443E-1 7.28285E-1 7.47554E-1 8.04482E-1 8.75118E-1 9.28622E-1 9.50729E-1 9.74076E-1 9.84254E-1 9.85892E-1 9.83449E-1 9.82684E-1 9.83714E-1 9.8351E-1 9.81191E-1 9.85676E-1 9.78653E-1 9.7043E-1 9.65252E-1 9.55312E-1
1.4318E-2 1.3171E-2 1.65255E-2 1.6081E-2 1.45163E-2 1.50049E-2 1.96728E-2 1.77494E-2 1.52221E-2 1.95875E-2 2.01667E-2 2.21303E-2 2.71564E-2 2.81701E-2 3.71492E-2 4.58031E-2 5.54979E-2 6.29267E-2 7.50738E-2 8.39648E-2 1.30801E-1 1.47881E-1 1.78277E-1 1.55441E-1 1.54323E-1 1.82427E-1 4.78305E-1 4.06475E-1 2.07943E-1 2.02962E-1 2.13152E-1 2.25932E-1 1.65048E-1 1.65122E-1 1.74245E-1 1.82177E-1 2.11187E-1 2.44427E-1 2.71833E-1 3.40735E-1 4.46399E-1 4.63027E-1 4.66173E-1 6.09553E-1 6.54812E-1 6.7047E-1 7.15411E-1 7.36971E-1 8.10429E-1 8.59788E-1 9.09167E-1 9.43671E-1 9.5074E-1 9.78603E-1 9.86983E-1 9.8521E-1 9.83696E-1 9.87227E-1 9.83824E-1 9.84991E-1 9.84907E-1 9.84913E-1 9.8487E-1 9.81163E-1 9.76758E-1 9.74574E-1
1.26668E-2 1.20875E-2 1.80333E-2 1.49988E-2 1.36138E-2 1.39942E-2 1.70198E-2 2.45392E-2 1.85589E-2 2.03333E-2 2.68717E-2 2.51082E-2 2.79577E-2 2.82684E-2 3.42677E-2 3.95657E-2 5.23999E-2 6.39589E-2 7.07422E-2 1.01134E-1 1.04808E-1 1.2182E-1 1.47867E-1 1.20436E-1 1.20926E-1 1.86026E-1 3.96161E-1 2.70099E-1 1.76566E-1 1.77259E-1 2.10231E-1 1.88724E-1 1.5399E-1 1.49327E-1 1.67771E-1 1.97064E-1 2.31375E-1 2.4448E-1 2.9622E-1 4.34491E-1 4.35882E-1 4.59703E-1 5.87463E-1 5.95833E-1 5.6025E-1 6.14231E-1 6.62378E-1 7.33453E-1 8.0321E-1 8.88315E-1 9.25386E-1 9.2989E-1 9.44251E-1 9.60689E-1 9.68555E-1 9.68574E-1 9.75719E-1 9.78666E-1 9.76001E-1 9.81712E-1 9.8519E-1 9.90045E-1 9.89659E-1 9.74441E-1 9.79063E-1 9.85801E-1
1.14367E-2 1.56782E-2 1.67529E-2 1.25604E-2 1.36111E-2 1.55901E-2 1.89133E-2 2.4948E-2 2.48106E-2 3.25276E-2 3.41271E-2 2.51587E-2 2.38163E-2 2.92963E-2 3.55678E-2 4.444E-2 4.66918E-2 5.21218E-2 6.66542E-2 8.1899E-2 1.09553E-1 1.06879E-1 9.96052E-2 8.88466E-2 1.02225E-1 2.007E-1 3.79433E-1 1.86004E-1 1.41351E-1 1.41853E-1 2.03939E-1 1.6595E-1 1.32149E-1 1.51563E-1 1.70084E-1 1.93056E-1 2.26981E-1 2.67118E-1 3.26833E-1 4.48368E-1 4.69725E-1 4.95148E-1 4.13198E-1 4.04843E-1 4.64484E-1 4.99186E-1 5.61821E-1 7.15987E-1 8.13976E-1 8.7574E-1 9.07192E-1 9.32894E-1 9.4338E-1 9.59872E-1 9.68306E-1 9.69514E-1 9.71667E-1 9.73224E-1 9.72683E-1 9.72842E-1 9.71186E-1 9.73052E-1 9.76295E-1 9.59599E-1 9.55703E-1 9.54543E-1
1.44349E-2 1.87211E-2 1.19727E-2 1.28922E-2 1.51311E-2 1.55247E-2 2.40936E-2 4.1018E-2 2.49519E-2 3.56708E-2 3.36393E-2 2.31547E-2 2.87952E-2 2.95723E-2 3.88485E-2 4.54177E-2 5.55356E-2 5.3594E-2 6.76978E-2 7.65321E-2 8.91694E-2 8.54138E-2 8.20975E-2 7.69651E-2 9.17416E-2 1.5836E-1 2.79571E-1 1.19708E-1 1.21284E-1 1.21987E-1 1.41861E-1 1.17838E-1 1.27018E-1 1.45549E-1 1.62911E-1 1.96263E-1 2.12256E-1 2.55995E-1 3.131E-1 3.3484E-1 4.38325E-1 4.51733E-1 4.16785E-1 4.45067E-1 5.03821E-1 4.91625E-1 5.93738E-1 6.61769E-1 7.40258E-1 8.31142E-1 8.90682E-1 9.28057E-1 9.50156E-1 9.50709E-1 9.62432E-1 9.59716E-1 9.60756E-1 9.67401E-1 9.70943E-1 9.71955E-1 9.71036E-1 9.72134E-1 9.73741E-1 9.67227E-1 9.55932E-1 9.5431E-1
2.52309E-2 1.54226E-2 1.2587E-2 1.46833E-2 1.77518E-2 1.8061E-2 2.2079E-2 3.17504E-2 3.25145E-2 4.35557E-2 5.12844E-2 2.53518E-2 2.8235E-2 3.20751E-2 3.94077E-2 4.97913E-2 6.18255E-2 5.82496E-2 6.79388E-2 7.13079E-2 6.99166E-2 7.46323E-2 7.61859E-2 8.96318E-2 1.00542E-1 1.3663E-1 1.5448E-1 1.03277E-1 1.05798E-1 1.42933E-1 1.09243E-1 1.12001E-1 1.24765E-1 1.51431E-1 1.57276E-1 1.93613E-1 2.16694E-1 2.26448E-1 3.18613E-1 4.2049E-1 3.88128E-1 4.51923E-1 3.8677E-1 3.68222E-1 4.34617E-1 4.92202E-1 5.41922E-1 6.05087E-1 6.39209E-1 7.42848E-1 8.61248E-1 9.15215E-1 9.27339E-1 9.44616E-1 9.54037E-1 9.54377E-1 9.60569E-1 9.63866E-1 9.6702E-1 9.67972E-1 9.7452E-1 9.76141E-1 9.71814E-1 9.69385E-1 9.62936E-1 9.61044E-1
2.02719E-2 1.31715E-2 1.21447E-2 1.67044E-2 2.09497E-2 1.96088E-2 2.43311E-2 4.16181E-2 9.09511E-2 9.05246E-2 8.86963E-2 2.54406E-2 2.58943E-2 3.21381E-2 4.32764E-2 4.5151E-2 4.47634E-2 5.42355E-2 6.16133E-2 6.81237E-2 6.03742E-2 6.39576E-2 6.53193E-2 7.81455E-2 1.29183E-1 1.29128E-1 1.33301E-1 9.08202E-2 9.17979E-2 9.2329E-2 9.65479E-2 1.15891E-1 1.28085E-1 1.33182E-1 1.46702E-1 1.66058E-1 2.1201E-1 2.83214E-1 4.14096E-1 3.60463E-1 3.52202E-1 2.88924E-1 2.69307E-1 2.63433E-1 3.56862E-1 4.01004E-1 4.54489E-1 5.73909E-1 5.81858E-1 6.82909E-1 8.38231E-1 8.76554E-1 9.44251E-1 9.4301E-1 9.45833E-1 9.48452E-1 9.56054E-1 9.61668E-1 9.60728E-1 9.62393E-1 9.70122E-1 9.75515E-1 9.77904E-1 9.69969E-1 9.64986E-1 9.62921E-1
