Leopardus wiedii/Leopardus_wiedii_projection 2041-2060_novel.asc
ncols         515
nrows         545
xllcorner     -119.0
yllcorner     -58.333333333333
cellsize      0.166666666667
NODATA_value  -9999
[rows 60 to 89 of 545, columns 67 to 133 of 515]
-9999 -9999 -9999 -9999 -9999 -9999 -9999 -9999 -9999 -9999 -9999 -9999 -9999 1.3922E0 8.39134E-1 1.3922E0 1.44941E0 2.84161E0 5.49251E0 2.99418E0 1.44941E0 5.64508E0 2.99418E0 1.96434E0 4.38638E-1 2.28855E0 9.72633E-1 4.59617E0 2.66997E0 4.15753E0 1.17288E1 9.24955E0 1.11185E1 6.25536E0 6.25536E0 5.74044E0 6.25536E0 9.15419E0 9.89797E0 1.28922E1 1.5524E1 1.51426E1 1.55812E1 1.51426E1 1.90522E1 1.79079E1 6.57957E0 2.99418E0 2.99418E0 1.85182E1 1.7412E1 1.44941E0 1.44941E0 2.99418E0 8.39134E-1 1.44941E0 1.44941E0 6.40793E0 6.94193E0 9.00162E0 -9999 -9999 -9999 -9999 -9999 -9999 -9999
-9999 -9999 -9999 -9999 -9999 -9999 -9999 -9999 -9999 -9999 -9999 -9999 -9999 1.3922E0 1.31591E0 1.2587E0 1.44941E0 2.04062E0 4.34824E0 8.39134E-1 1.44941E0 4.90131E0 4.84409E0 5.54973E0 1.08706E0 3.62353E0 3.24211E-1 1.96434E0 5.26366E0 3.62353E0 1.0165E1 8.84905E0 1.18432E1 5.26366E0 6.25536E0 6.75122E0 6.25536E0 9.15419E0 1.06036E1 1.18432E1 1.35024E1 1.23772E1 1.36359E1 1.73548E1 1.99104E1 1.89949E1 2.99418E0 1.44941E0 2.99418E0 2.01011E1 1.82512E1 2.99418E0 1.44941E0 2.99418E0 8.39134E-1 8.39134E-1 1.44941E0 2.99418E0 6.40793E0 5.0348E0 -9999 -9999 -9999 -9999 -9999 -9999 -9999
-9999 -9999 -9999 -9999 -9999 -9999 -9999 -9999 -9999 -9999 -9999 -9999 -9999 1.3922E0 1.2587E0 8.39134E-1 8.39134E-1 1.44941E0 2.82254E0 8.39134E-1 3.69982E0 1.44941E0 3.62353E0 5.35902E0 2.28855E0 9.72633E-1 1.08706E0 1.67827E0 5.68323E0 6.04558E0 8.27691E0 1.03175E1 1.1786E1 3.62353E0 2.28855E0 4.59617E0 7.47592E0 4.15753E0 5.74044E0 8.65834E0 1.16335E1 1.41509E1 1.37122E1 1.38839E1 2.01011E1 2.01011E1 2.99418E0 1.44941E0 2.99418E0 2.01011E1 1.97769E1 2.99418E0 1.44941E0 2.99418E0 8.39134E-1 8.39134E-1 1.44941E0 2.99418E0 6.57957E0 9.93611E0 -9999 -9999 -9999 -9999 -9999 -9999 -9999
-9999 -9999 -9999 -9999 -9999 -9999 -9999 -9999 -9999 -9999 -9999 -9999 -9999 -9999 1.35406E0 1.27777E0 8.39134E-1 1.77362E0 8.39134E-1 8.39134E-1 1.44941E0 2.99418E0 1.44941E0 4.06217E0 2.99418E0 3.07047E0 1.35406E0 3.98589E0 4.72967E0 3.62353E0 6.40793E0 8.18156E0 7.99085E0 5.26366E0 1.67827E0 6.25536E0 4.15753E0 4.15753E0 5.26366E0 6.25536E0 1.09278E1 1.23772E1 1.45132E1 1.29684E1 1.51998E1 1.66492E1 6.57957E0 1.44941E0 2.99418E0 6.57957E0 2.01011E1 2.99418E0 1.44941E0 1.44941E0 8.39134E-1 8.39134E-1 1.44941E0 1.44941E0 2.99418E0 1.53523E1 -9999 -9999 -9999 -9999 -9999 -9999 -9999
-9999 -9999 -9999 -9999 -9999 -9999 -9999 -9999 -9999 -9999 -9999 -9999 -9999 -9999 1.41127E0 1.3922E0 1.31591E0 1.44941E0 2.13598E0 8.39134E-1 3.16582E0 3.43282E0 1.44941E0 3.7761E0 3.43282E-1 4.06217E0 3.07047E0 4.27196E0 3.69982E0 9.72633E-1 5.95022E0 7.70478E0 2.28855E0 1.96434E0 1.96434E0 5.74044E0 8.65834E0 4.15753E0 3.07047E0 1.02031E1 1.28922E1 1.18432E1 1.48374E1 1.57719E1 1.48756E1 1.73167E1 2.01011E1 2.99418E0 2.99418E0 2.99418E0 6.57957E0 2.99418E0 2.99418E0 8.39134E-1 8.39134E-1 8.39134E-1 1.44941E0 1.44941E0 2.99418E0 6.57957E0 1.99485E1 -9999 -9999 -9999 -9999 -9999 -9999
-9999 -9999 -9999 -9999 -9999 -9999 -9999 -9999 -9999 -9999 -9999 -9999 -9999 -9999 -9999 6.48422E-1 1.64013E0 1.75455E0 1.81177E0 3.43282E-1 2.61276E0 3.33747E0 2.99418E0 2.99418E0 1.44941E0 4.67245E0 3.62353E0 3.71889E0 2.99418E0 3.98589E0 6.71307E0 4.38638E-1 7.62849E-2 8.77277E-1 4.15753E0 7.47592E0 9.15419E0 8.65834E0 7.47592E0 1.06036E1 9.89797E0 1.18814E1 1.35978E1 1.37313E1 1.52761E1 2.01011E1 6.57957E0 6.57957E0 2.99418E0 6.57957E0 2.99418E0 6.57957E0 2.01011E1 2.99418E0 1.44941E0 1.44941E0 1.44941E0 2.99418E0 2.99418E0 6.57957E0 1.50091E1 -9999 -9999 -9999 -9999 -9999 -9999
-9999 -9999 -9999 -9999 -9999 -9999 -9999 -9999 -9999 -9999 -9999 -9999 -9999 -9999 -9999 -9999 1.71641E0 1.86898E0 1.96434E0 1.44941E0 8.39134E-1 3.1849E0 3.37561E0 9.53562E-2 3.98589E0 4.84409E0 4.90131E0 4.51988E0 2.66997E0 4.84409E0 1.35406E0 3.81425E-2 1.90712E-2 2.47926E-1 4.59617E0 4.15753E0 1.19004E1 9.8789E0 9.97425E0 1.17288E1 1.17288E1 1.1233E1 1.06036E1 1.22247E1 1.23391E1 1.6592E1 1.81177E1 2.01011E1 2.04253E1 6.57957E0 2.99418E0 1.93382E1 1.8461E1 2.99418E0 1.44941E0 1.44941E0 1.44941E0 2.99418E0 2.99418E0 6.57957E0 2.01011E1 1.53523E1 -9999 -9999 -9999 -9999 -9999
-9999 -9999 -9999 -9999 -9999 -9999 -9999 -9999 -9999 -9999 -9999 -9999 -9999 -9999 -9999 -9999 1.64013E0 2.05969E0 2.53647E0 2.49833E0 2.6509E0 1.44941E0 2.72719E0 3.14675E0 3.39468E0 3.58539E0 3.37561E0 2.99418E0 3.28025E0 3.54725E0 4.38638E-1 5.72137E-2 7.62849E-2 4.38638E-1 1.08706E0 3.62353E0 1.1233E1 1.01078E1 1.03175E1 1.0451E1 1.23772E1 7.99085E0 8.65834E0 1.18432E1 1.19958E1 1.35596E1 1.34834E1 1.64203E1 1.41509E1 1.96815E1 6.57957E0 2.01011E1 2.4354E1 2.01011E1 2.99418E0 2.99418E0 2.99418E0 2.99418E0 6.57957E0 3.63498E1 4.02212E1 2.01011E1 -9999 -9999 -9999 -9999 -9999
-9999 -9999 -9999 -9999 -9999 -9999 -9999 -9999 -9999 -9999 -9999 -9999 -9999 -9999 -9999 -9999 1.98341E0 2.61276E0 2.99418E0 2.89883E0 2.95604E0 1.44941E0 3.43282E-1 3.43282E-1 2.93697E0 3.66168E0 3.43282E-1 2.82254E0 3.22304E0 2.28855E0 1.67827E0 5.14923E-1 5.14923E-1 1.67827E0 3.62353E0 3.62353E0 6.25536E0 9.15419E0 1.27014E1 9.68819E0 1.14809E1 1.06036E1 9.89797E0 1.1233E1 1.29112E1 1.24726E1 1.39601E1 1.64585E1 1.63631E1 1.64203E1 2.01011E1 6.57957E0 2.41251E1 2.01011E1 2.01011E1 1.43034E1 6.57957E0 6.57957E0 6.57957E0 6.57957E0 6.57957E0 2.01011E1 -9999 -9999 -9999 -9999 -9999
-9999 -9999 -9999 -9999 -9999 -9999 -9999 -9999 -9999 -9999 -9999 -9999 -9999 -9999 -9999 1.98341E0 2.05969E0 2.76533E0 3.20397E0 1.44941E0 3.83332E0 4.34824E0 2.28855E0 8.39134E-1 3.43282E-1 8.39134E-1 2.93697E0 3.14675E0 2.28855E0 2.82254E0 2.95604E0 1.35406E0 2.28855E0 3.7761E0 4.59617E0 4.59617E0 3.62353E0 3.07047E0 5.74044E0 9.38305E0 1.17288E1 1.35978E1 1.37313E1 1.20721E1 1.11567E1 9.49747E0 1.11757E1 1.59435E1 1.60008E1 1.23582E1 1.88805E1 1.60961E1 2.01011E1 1.78125E1 2.80729E1 2.9732E1 6.75122E0 6.5605E0 1.10613E1 6.57957E0 6.57957E0 6.57957E0 1.19577E1 -9999 -9999 -9999 -9999
-9999 -9999 -9999 -9999 -9999 -9999 -9999 -9999 -9999 -9999 -9999 -9999 -9999 -9999 -9999 2.17412E0 2.32669E0 2.99418E0 5.18738E0 5.37809E0 4.84409E0 4.38638E0 4.15753E0 4.11939E0 2.28855E0 4.15753E0 2.99418E0 2.53647E0 2.6509E0 2.61276E0 2.7844E0 3.33747E0 2.66997E0 5.18738E0 6.04558E0 4.15753E0 5.95022E0 7.43778E0 6.57957E0 6.8275E0 7.47592E0 9.99333E0 1.20149E1 1.19767E1 1.23772E1 1.28922E1 1.31591E1 1.33117E1 1.20149E1 1.26633E1 1.53142E1 1.31401E1 1.58101E1 2.09402E1 1.65729E1 2.38581E1 2.2771E1 3.54725E0 6.67493E0 2.01011E1 2.01011E1 2.01011E1 2.01011E1 -9999 -9999 -9999 -9999
-9999 -9999 -9999 -9999 -9999 -9999 -9999 -9999 -9999 -9999 -9999 -9999 -9999 -9999 -9999 -9999 2.72719E0 2.80347E0 5.64508E0 7.47592E0 6.25536E0 6.40793E0 5.74044E0 1.35406E0 8.77277E-1 5.0348E0 3.26118E0 2.76533E0 2.61276E0 2.7844E0 2.6509E0 2.84161E0 3.14675E0 4.11939E0 5.68323E0 5.37809E0 8.69648E0 5.18738E0 5.37809E0 6.71307E0 7.64756E0 7.47592E0 8.65834E0 6.75122E0 7.99085E0 6.75122E0 9.15419E0 1.1233E1 1.18432E1 1.18432E1 1.55812E1 1.36169E1 1.37504E1 1.7126E1 1.74692E1 1.58863E1 2.01583E1 7.80013E0 2.74626E0 1.2053E1 2.01011E1 2.01011E1 2.01011E1 2.01011E1 -9999 -9999 -9999
-9999 -9999 -9999 -9999 -9999 -9999 -9999 -9999 -9999 -9999 -9999 -9999 -9999 -9999 2.04062E0 2.44112E0 1.64013E0 3.66168E0 5.95022E0 7.47592E0 7.99085E0 7.99085E0 8.69648E0 1.08706E0 1.35406E0 2.28855E0 4.97759E0 3.1849E0 3.16582E0 2.82254E0 2.82254E0 3.22304E0 3.37561E0 3.33747E0 3.49004E0 3.98589E0 5.41623E0 4.82502E0 6.04558E0 7.99085E0 9.38305E0 7.70478E0 7.99085E0 6.25536E0 6.71307E0 5.68323E0 9.15419E0 1.29875E1 1.1233E1 1.15E1 1.32164E1 1.23772E1 1.34261E1 1.25489E1 1.53714E1 1.55621E1 1.19004E1 1.2587E1 1.86898E0 3.58539E0 1.69734E1 2.01011E1 2.01011E1 2.01011E1 2.01011E1 -9999 -9999
-9999 -9999 -9999 -9999 -9999 -9999 -9999 -9999 -9999 -9999 -9999 -9999 -9999 -9999 2.32669E0 2.49833E0 2.89883E0 3.26118E0 5.54973E0 7.43778E0 9.02069E0 1.67827E0 9.02069E0 8.39134E0 9.09698E0 5.68323E0 5.68323E0 3.7761E0 5.54973E0 4.67245E0 3.49004E0 3.98589E0 4.38638E0 3.89053E0 4.72967E0 4.4436E0 5.18738E0 5.68323E0 7.3615E0 8.77277E0 9.02069E0 7.47592E0 7.43778E0 7.28521E0 5.37809E0 7.83828E0 1.01268E1 1.11757E1 1.05273E1 9.38305E0 1.0966E1 1.1233E1 1.18432E1 1.1233E1 1.09278E1 1.28349E1 1.27014E1 1.27777E1 8.3532E0 1.5257E0 5.54973E0 2.01011E1 2.01011E1 2.01011E1 2.01011E1 1.23582E1 -9999
-9999 -9999 -9999 -9999 -9999 -9999 -9999 -9999 -9999 -9999 -9999 -9999 -9999 -9999 2.95604E0 3.69982E0 3.14675E0 2.74626E0 3.79518E0 7.43778E0 7.99085E0 3.62353E0 2.99418E0 9.02069E0 1.06417E1 1.05655E1 6.57957E0 9.02069E0 8.50577E0 8.02899E0 6.71307E0 6.33165E0 5.68323E0 5.35902E0 7.0945E0 6.71307E0 6.04558E0 7.18985E0 7.91456E0 8.02899E0 7.70478E0 7.43778E0 6.25536E0 6.75122E0 8.71555E0 9.57376E0 9.36397E0 8.79184E0 8.86812E0 9.02069E0 8.65834E0 7.99085E0 1.05082E1 8.65834E0 9.42119E0 8.58205E0 1.06227E1 1.01078E1 1.18051E1 1.70306E1 5.60694E0 1.2053E1 2.72909E1 4.02212E1 2.01011E1 2.01011E1 3.01898E1
-9999 -9999 -9999 -9999 -9999 -9999 -9999 -9999 -9999 -9999 -9999 -9999 -9999 -9999 -9999 5.37809E0 3.69982E0 3.07047E0 2.6509E0 6.961E0 8.23877E0 6.75122E0 2.99418E0 1.00124E1 1.19004E1 9.89797E0 1.27587E1 1.23009E1 1.15762E1 1.14046E1 9.99333E0 9.02069E0 8.39134E0 7.43778E0 7.39964E0 9.02069E0 6.25536E0 6.75122E0 8.39134E0 7.0945E0 7.70478E0 8.27691E0 8.02899E0 9.03976E0 7.99085E0 1.06417E1 9.19233E0 8.69648E0 8.3532E0 8.67741E0 1.02413E1 5.74044E0 5.26366E0 4.15753E0 4.59617E0 8.73462E0 8.39134E0 8.50577E0 8.90627E0 1.3388E1 1.8194E1 1.83465E1 2.2485E1 2.91981E1 3.4004E1 3.78183E1 3.01898E1
-9999 -9999 -9999 -9999 -9999 -9999 -9999 -9999 -9999 -9999 -9999 -9999 -9999 -9999 -9999 -9999 5.0348E0 3.33747E0 3.22304E0 3.83332E0 6.04558E0 2.99418E0 2.99418E0 1.44941E0 1.2587E1 1.43606E1 1.22437E1 9.99333E0 1.03366E1 1.1519E1 1.11757E1 1.06036E1 1.14046E1 9.91704E0 9.80261E0 9.13512E0 9.44026E0 9.02069E0 9.66911E0 7.99085E0 8.50577E0 7.91456E0 9.23048E0 9.38305E0 1.11757E1 8.25784E0 8.18156E0 8.82998E0 8.23877E0 8.18156E0 9.45933E0 8.65834E0 4.59617E0 3.62353E0 5.26366E0 5.74044E0 8.82998E0 8.0862E0 8.58205E0 9.32583E0 1.05464E1 9.91704E0 9.23048E0 1.37504E1 1.99485E1 1.73739E1 2.21036E1
-9999 -9999 -9999 -9999 -9999 -9999 -9999 -9999 -9999 -9999 -9999 -9999 -9999 -9999 -9999 -9999 -9999 3.89053E0 3.33747E0 2.93697E0 3.98589E0 8.60112E0 9.80261E0 2.99418E0 1.11757E1 9.45933E0 6.57957E0 8.39134E0 1.04892E1 9.02069E0 2.99418E0 6.57957E0 8.77277E0 1.00696E1 1.01078E1 9.05884E0 1.00315E1 9.38305E0 9.89797E0 1.05655E1 9.02069E0 7.83828E0 1.04701E1 1.02031E1 1.20149E1 7.66664E0 8.27691E0 8.25784E0 8.65834E0 7.64756E0 7.87642E0 1.02413E1 1.05082E1 4.59617E0 8.69648E0 7.47592E0 5.26366E0 8.65834E0 8.27691E0 8.4867E0 8.82998E0 9.42119E0 8.84905E0 9.28769E0 9.11605E0 2.18938E1 3.62735E1
-9999 -9999 -9999 -9999 -9999 -9999 -9999 -9999 -9999 -9999 -9999 -9999 -9999 -9999 -9999 -9999 -9999 5.35902E0 3.7761E0 2.99418E0 4.11939E0 4.90131E0 6.08372E0 9.38305E0 6.57957E0 9.03976E0 6.57957E0 8.39134E0 6.57957E0 8.39134E-1 3.43282E-1 1.44941E0 1.19577E1 8.90627E0 8.18156E0 6.48422E0 1.07752E1 9.3449E0 8.82998E0 1.18623E1 9.72633E0 2.99418E0 1.15762E1 1.19195E1 1.46848E1 8.73462E0 8.69648E0 8.54391E0 8.82998E0 8.69648E0 7.45685E0 9.68819E0 1.1233E1 7.99085E0 6.961E0 8.00992E0 9.17326E0 8.65834E0 5.74044E0 5.74044E0 8.82998E0 7.47592E0 5.26366E0 8.41041E0 1.29875E1 2.9179E1 3.75703E1
-9999 -9999 -9999 -9999 -9999 -9999 -9999 -9999 -9999 -9999 -9999 -9999 -9999 -9999 -9999 -9999 -9999 -9999 -9999 3.98589E0 3.28025E0 2.82254E0 5.0348E0 4.51988E0 1.44941E0 8.39134E-1 1.44941E0 9.28769E0 8.60112E0 3.43282E-1 9.53562E-2 3.43282E-1 9.03976E0 7.47592E0 2.99418E0 2.99418E0 9.02069E0 1.21865E1 9.02069E0 7.70478E0 5.18738E0 1.44941E0 3.43282E-1 9.53562E-2 6.57957E0 1.48946E1 1.0432E1 7.41871E0 7.72385E0 8.73462E0 7.74292E0 7.41871E0 9.76447E0 9.89797E0 7.72385E0 7.28521E0 4.59617E0 5.26366E0 7.78106E0 8.73462E0 1.35406E0 3.62353E0 9.15419E0 7.70478E0 1.52379E1 2.81682E1 2.01011E1
-9999 -9999 -9999 -9999 -9999 -9999 -9999 -9999 -9999 -9999 -9999 -9999 -9999 -9999 -9999 -9999 -9999 -9999 -9999 -9999 -9999 3.43282E0 3.69982E0 4.5771E0 2.99418E0 2.99418E0 2.99418E0 8.23877E0 6.57957E0 3.43282E-1 9.53562E-2 3.43282E-1 3.43282E-1 8.39134E-1 8.39134E-1 1.44941E0 7.28521E0 8.23877E0 1.44941E0 8.39134E-1 8.39134E-1 9.53562E-2 1.90712E-2 1.90712E-2 8.39134E-1 1.20721E1 1.27205E1 8.3532E0 6.33165E0 8.46763E0 7.83828E0 7.64756E0 7.68571E0 8.77277E0 8.29599E0 6.33165E0 6.25536E0 4.15753E0 5.74044E0 5.26366E0 5.74044E0 4.15753E0 8.3532E0 6.21722E0 1.51998E1 2.53266E1 2.01011E1
-9999 -9999 -9999 -9999 -9999 -9999 -9999 -9999 -9999 -9999 -9999 -9999 -9999 -9999 -9999 -9999 -9999 -9999 -9999 -9999 -9999 -9999 -9999 2.99418E0 4.93945E0 4.97759E0 2.99418E0 8.27691E0 1.00124E1 9.19233E0 3.43282E-1 8.39134E-1 3.43282E-1 3.43282E-1 3.43282E-1 8.39134E-1 1.44941E0 5.54973E0 8.39134E-1 3.43282E-1 9.53562E-2 9.53562E-2 -1.05264E0 1.90712E-2 6.57957E0 2.99418E0 1.24344E1 9.42119E0 1.15762E1 1.22056E1 1.08515E1 9.55469E0 6.57957E0 6.57957E0 1.10804E1 9.76447E0 7.47592E0 9.89797E0 6.25536E0 4.15753E0 3.62353E0 7.47592E0 8.65834E0 8.27691E0 2.07686E1 3.13912E1 6.57957E0
-9999 -9999 -9999 -9999 -9999 -9999 -9999 -9999 -9999 -9999 -9999 -9999 -9999 -9999 -9999 -9999 -9999 -9999 -9999 -9999 -9999 -9999 -9999 -9999 -9999 4.93945E0 8.27691E0 1.03366E1 1.0699E1 1.06036E1 7.91456E0 8.23877E0 6.57957E0 1.44941E0 1.44941E0 8.39134E-1 8.39134E-1 1.44941E0 2.99418E0 8.39134E-1 9.53562E-2 9.53562E-2 1.90712E-2 1.90712E-2 3.43282E-1 8.39134E-1 1.16525E1 1.26824E1 1.26252E1 1.04129E1 1.44941E0 8.39134E-1 1.44941E0 1.44941E0 6.57957E0 6.57957E0 9.15419E0 1.35978E1 1.06036E1 8.65834E0 7.99085E0 1.0699E1 9.85983E0 1.3388E1 1.63822E1 3.15438E1 6.57957E0
-9999 -9999 -9999 -9999 -9999 -9999 -9999 -9999 -9999 -9999 -9999 -9999 -9999 -9999 -9999 -9999 -9999 -9999 -9999 -9999 -9999 -9999 -9999 -9999 -9999 -9999 6.57957E0 9.99333E0 9.80261E0 9.65004E0 8.46763E0 8.71555E0 7.18985E0 6.57957E0 2.99418E0 1.44941E0 1.44941E0 8.39134E-1 1.44941E0 3.43282E-1 9.53562E-2 -5.26318E-1 -2.63154E-1 -1.57894E0 3.43282E-1 8.39134E-1 1.44941E0 2.99418E0 1.22628E1 1.13092E1 1.44941E0 3.43282E-1 8.39134E-1 1.44941E0 8.39134E-1 1.44941E0 2.99418E0 2.99418E0 6.57957E0 1.28922E1 1.30257E1 1.39983E1 1.29684E1 9.05884E0 1.17288E1 1.1233E1 1.16335E0
-9999 -9999 -9999 -9999 -9999 -9999 -9999 -9999 -9999 -9999 -9999 -9999 -9999 -9999 -9999 -9999 -9999 -9999 -9999 -9999 -9999 -9999 -9999 -9999 -9999 -9999 5.35902E0 7.64756E0 1.00124E1 9.28769E0 6.961E0 8.77277E0 7.43778E0 6.961E0 6.00744E0 2.99418E0 2.99418E0 2.99418E0 1.44941E0 8.39134E-1 3.43282E-1 1.90712E-2 1.90712E-2 -1.57894E0 1.90712E-2 1.90712E-2 8.39134E-1 6.57957E0 9.99333E0 1.44941E0 2.99418E0 6.57957E0 8.39134E-1 1.44941E0 3.43282E-1 2.99418E0 1.44941E0 1.44941E0 1.58673E1 1.59054E1 1.38076E1 1.22247E1 1.73357E1 1.766E1 1.11948E1 7.80013E0 7.62849E-1
-9999 -9999 -9999 -9999 -9999 -9999 -9999 -9999 -9999 -9999 -9999 -9999 -9999 -9999 -9999 -9999 -9999 -9999 -9999 -9999 -9999 -9999 -9999 -9999 -9999 -9999 -9999 -9999 5.54973E0 6.00744E0 5.35902E0 5.64508E0 6.21722E0 5.64508E0 4.4436E0 4.34824E0 2.99418E0 3.83332E0 7.3615E0 7.0945E0 8.39134E-1 9.53562E-2 1.90712E-2 1.90712E-2 -7.89472E-1 9.53562E-2 2.99418E0 2.99418E0 2.99418E0 9.53562E-2 3.43282E-1 8.39134E-1 3.43282E-1 8.39134E-1 8.39134E-1 8.39134E-1 1.44941E0 1.44941E0 2.99418E0 6.57957E0 1.27968E1 1.46086E1 1.57719E1 8.39134E-1 1.63822E1 1.15953E1 3.0514E-1
-9999 -9999 -9999 -9999 -9999 -9999 -9999 -9999 -9999 -9999 -9999 -9999 -9999 -9999 -9999 -9999 -9999 -9999 -9999 -9999 -9999 -9999 -9999 -9999 -9999 -9999 -9999 -9999 -9999 -9999 -9999 -9999 3.7761E0 2.99418E0 3.20397E0 4.34824E0 4.34824E0 3.28025E0 5.68323E0 8.39134E0 2.99418E0 1.44941E0 3.43282E-1 3.43282E-1 1.90712E-2 9.53562E-2 3.43282E-1 8.39134E-1 3.43282E-1 9.53562E-2 8.39134E-1 8.39134E-1 3.43282E-1 1.44941E0 8.39134E-1 8.39134E-1 8.39134E-1 8.39134E-1 8.39134E-1 2.99418E0 1.53333E1 1.19767E1 1.59435E1 1.59435E1 8.39134E-1 1.75265E1 7.62849E-1
-9999 -9999 -9999 -9999 -9999 -9999 -9999 -9999 -9999 -9999 -9999 -9999 -9999 -9999 -9999 -9999 -9999 -9999 -9999 -9999 -9999 -9999 -9999 -9999 -9999 -9999 -9999 -9999 -9999 -9999 -9999 -9999 -9999 -9999 -9999 -9999 -9999 5.35902E0 4.93945E0 6.98007E0 9.55469E0 9.03976E0 2.99418E0 1.44941E0 8.39134E-1 2.99418E0 3.43282E-1 8.39134E-1 1.44941E0 3.43282E-1 3.43282E-1 8.39134E-1 8.39134E-1 1.44941E0 2.99418E0 1.44941E0 2.99418E0 1.44941E0 1.44941E0 6.57957E0 1.5524E1 1.04701E1 1.232E1 1.22628E1 1.44941E0 6.57957E0 7.32335E0
-9999 -9999 -9999 -9999 -9999 -9999 -9999 -9999 -9999 -9999 -9999 -9999 -9999 -9999 -9999 -9999 -9999 -9999 -9999 -9999 -9999 -9999 -9999 -9999 -9999 -9999 -9999 -9999 -9999 -9999 -9999 -9999 -9999 -9999 -9999 -9999 -9999 4.00496E0 4.51988E0 5.22552E0 8.50577E0 1.16525E1 1.13092E1 1.09087E1 1.04129E1 1.06036E1 2.99418E0 1.22437E1 1.15762E1 1.44941E0 6.57957E0 6.57957E0 1.07752E1 2.99418E0 6.57957E0 2.99418E0 6.57957E0 6.57957E0 2.99418E0 1.63822E1 1.23772E1 1.22437E1 1.15762E1 1.05655E1 1.64585E1 6.57957E0 1.5257E1
-9999 -9999 -9999 -9999 -9999 -9999 -9999 -9999 -9999 -9999 -9999 -9999 -9999 -9999 -9999 -9999 -9999 -9999 -9999 -9999 -9999 -9999 -9999 -9999 -9999 -9999 -9999 -9999 -9999 -9999 -9999 -9999 -9999 -9999 -9999 -9999 -9999 -9999 -9999 4.72967E0 6.04558E0 7.59035E0 9.80261E0 1.22056E1 1.13474E1 1.18814E1 1.28349E1 1.30066E1 1.33499E1 1.24917E1 6.57957E0 1.20721E1 1.07752E1 1.05655E1 1.13474E1 2.99418E0 2.99418E0 6.57957E0 6.57957E0 1.49137E1 1.39601E1 1.17288E1 9.91704E0 1.02413E1 1.23963E1 1.96434E1 1.48946E1
