Leopardus wiedii/Leopardus_wiedii_projection 2041-2060_novel.asc
ncols         515
nrows         545
xllcorner     -119.0
yllcorner     -58.333333333333
cellsize      0.166666666667
NODATA_value  -9999
[rows 390 to 419 of 545, columns 268 to 334 of 515]
-9999 -9999 -9999 -9999 -9999 -9999 -9999 -9999 -9999 -9999 -9999 -9999 -9999 -9999 -9999 -9999 -9999 -9999 1.31591E0 1.7927E0 1.7927E0 2.05969E0 2.21226E0 2.15505E0 1.71641E0 5.72137E-2 3.0514E-1 9.53562E-2 1.71641E0 3.68075E0 3.50911E0 7.83828E0 1.07752E1 5.72137E0 2.99418E0 2.99418E0 2.99418E0 1.44941E0 1.44941E0 1.44941E0 1.44941E0 1.44941E0 1.44941E0 2.99418E0 6.57957E0 2.99418E0 2.99418E0 6.57957E0 2.01011E1 2.4621E1 2.10356E1 2.02536E1 2.02536E1 2.02536E1 1.71832E1 2.02536E1 1.98532E1 2.4621E1 2.4621E1 2.4621E1 2.4621E1 2.4621E1 2.4621E1 2.02536E1 2.02536E1 2.02536E1 2.02536E1
-9999 -9999 -9999 -9999 -9999 -9999 -9999 -9999 -9999 -9999 -9999 -9999 -9999 -9999 -9999 -9999 -9999 1.31591E0 1.31591E0 1.60198E0 1.6592E0 1.88805E0 2.15505E0 2.34576E0 2.21226E0 3.0514E-1 3.0514E-1 1.04892E0 3.73796E0 3.73796E0 4.38638E0 5.81673E0 1.07752E1 6.57957E0 5.72137E0 5.72137E0 2.99418E0 2.99418E0 2.99418E0 2.99418E0 1.44941E0 1.44941E0 1.44941E0 2.99418E0 6.57957E0 6.57957E0 2.99418E0 6.57957E0 2.4621E1 1.80605E1 2.00248E1 2.02536E1 2.02536E1 1.71832E1 1.71832E1 2.02536E1 2.18175E1 2.4621E1 2.4621E1 2.4621E1 2.4621E1 2.4621E1 2.4621E1 2.02536E1 2.02536E1 2.02536E1 2.02536E1
-9999 -9999 -9999 -9999 -9999 -9999 -9999 -9999 -9999 -9999 -9999 -9999 -9999 -9999 -9999 -9999 -9999 1.31591E0 1.10613E0 1.6592E0 1.7927E0 2.09784E0 2.34576E0 2.44112E0 2.44112E0 1.04892E0 5.72137E-1 1.71641E0 9.53562E-2 1.04892E0 6.77029E0 9.19233E0 1.07752E1 1.07752E1 6.57957E0 5.72137E0 2.99418E0 2.99418E0 2.99418E0 2.99418E0 2.99418E0 1.44941E0 1.44941E0 2.99418E0 6.57957E0 1.38839E1 6.57957E0 1.71832E1 2.02536E1 1.87661E1 2.02536E1 2.02536E1 1.71832E1 1.71832E1 1.71832E1 2.02536E1 2.4621E1 2.02536E1 2.02536E1 2.4621E1 2.4621E1 2.4621E1 2.4621E1 2.02536E1 2.02536E1 2.02536E1 2.02536E1
-9999 -9999 -9999 -9999 -9999 -9999 -9999 -9999 -9999 -9999 -9999 -9999 -9999 -9999 -9999 -9999 1.60198E0 1.48756E0 1.60198E0 1.88805E0 1.96434E0 2.05969E0 2.34576E0 2.21226E0 1.04892E0 5.72137E-2 3.0514E-1 5.72137E-1 3.81425E-2 5.72137E-1 7.83828E0 1.07752E1 8.12434E0 8.12434E0 8.12434E0 5.72137E0 3.73796E0 2.99418E0 2.99418E0 2.99418E0 2.99418E0 2.99418E0 1.44941E0 2.99418E0 6.57957E0 1.38839E1 6.57957E0 1.71832E1 2.02536E1 2.02536E1 1.71832E1 1.71832E1 1.71832E1 1.71832E1 1.71832E1 2.02536E1 2.02536E1 2.02536E1 2.02536E1 2.4621E1 2.4621E1 2.4621E1 2.02536E1 2.02536E1 2.02536E1 2.02536E1 2.02536E1
-9999 -9999 -9999 -9999 -9999 -9999 -9999 -9999 -9999 -9999 -9999 -9999 -9999 -9999 -9999 -9999 1.7927E0 1.88805E0 1.88805E0 1.96434E0 1.96434E0 1.88805E0 2.21226E0 2.44112E0 5.72137E-1 5.72137E-1 9.53562E-2 9.53562E-2 1.04892E0 6.50329E0 8.77277E0 1.07752E1 5.72137E0 5.72137E0 5.72137E0 5.72137E0 3.73796E0 3.73796E0 2.99418E0 2.99418E0 2.99418E0 2.99418E0 2.99418E0 2.99418E0 6.57957E0 6.57957E0 6.57957E0 1.71832E1 1.71832E1 1.38839E1 1.38839E1 1.38839E1 1.71832E1 1.71832E1 1.71832E1 1.71832E1 1.71832E1 2.02536E1 2.02536E1 2.02536E1 2.4621E1 2.4621E1 2.4621E1 2.02536E1 2.02536E1 2.02536E1 2.02536E1
-9999 -9999 -9999 -9999 -9999 -9999 -9999 -9999 -9999 -9999 -9999 -9999 -9999 -9999 -9999 -9999 1.7927E0 1.88805E0 1.96434E0 1.7927E0 1.96434E0 1.7927E0 2.05969E0 2.44112E0 2.44112E0 2.82254E0 5.72137E-1 1.90712E-2 3.0514E-1 1.14046E1 9.72633E0 8.12434E0 3.73796E0 5.72137E0 5.72137E0 5.72137E0 3.73796E0 3.73796E0 2.99418E0 2.99418E0 2.99418E0 2.99418E0 2.99418E0 2.99418E0 6.57957E0 6.57957E0 6.57957E0 1.38839E1 1.38839E1 1.07752E1 1.07752E1 1.38839E1 1.38839E1 1.38839E1 1.38839E1 1.38839E1 1.38839E1 1.71832E1 1.71832E1 2.02536E1 2.02536E1 2.02536E1 2.02536E1 2.02536E1 2.02536E1 2.02536E1 2.02536E1
-9999 -9999 -9999 -9999 -9999 -9999 -9999 -9999 -9999 -9999 -9999 -9999 -9999 -9999 -9999 -9999 -9999 1.88805E0 1.88805E0 1.96434E0 1.88805E0 1.96434E0 2.09784E0 2.44112E0 2.6509E0 2.44112E0 3.0514E-1 5.72137E-1 9.53562E-2 8.88719E0 8.12434E0 5.72137E0 3.73796E0 5.72137E0 5.72137E0 3.73796E0 3.73796E0 3.73796E0 2.17412E0 2.17412E0 2.17412E0 2.99418E0 2.99418E0 2.99418E0 6.57957E0 2.99418E0 6.57957E0 6.57957E0 1.07752E1 1.07752E1 1.07752E1 1.07752E1 1.07752E1 1.07752E1 1.07752E1 1.38839E1 1.38839E1 1.38839E1 1.71832E1 1.71832E1 1.71832E1 2.02536E1 2.02536E1 2.02536E1 2.02536E1 2.02536E1 2.02536E1
-9999 -9999 -9999 -9999 -9999 -9999 -9999 -9999 -9999 -9999 -9999 -9999 -9999 -9999 -9999 -9999 1.7927E0 1.7927E0 1.88805E0 1.88805E0 1.88805E0 1.96434E0 2.21226E0 2.44112E0 2.47926E0 3.16582E0 9.53562E-2 5.72137E-1 3.0514E-1 2.44112E0 8.12434E0 5.72137E0 3.73796E0 5.72137E0 5.72137E0 3.73796E0 3.73796E0 3.73796E0 3.73796E0 2.17412E0 2.17412E0 2.99418E0 2.99418E0 2.99418E0 2.99418E0 2.99418E0 2.99418E0 6.57957E0 8.12434E0 8.12434E0 8.12434E0 8.12434E0 8.12434E0 8.12434E0 8.12434E0 1.07752E1 1.07752E1 1.38839E1 1.38839E1 1.71832E1 1.71832E1 1.71832E1 1.71832E1 1.71832E1 1.71832E1 2.02536E1 2.02536E1
-9999 -9999 -9999 -9999 -9999 -9999 -9999 -9999 -9999 -9999 -9999 -9999 -9999 -9999 -9999 1.96434E0 1.88805E0 1.6592E0 1.88805E0 2.05969E0 2.15505E0 2.05969E0 2.34576E0 2.47926E0 2.82254E0 3.29932E0 5.72137E-1 1.71641E0 2.44112E0 3.73796E0 1.38839E1 3.73796E0 5.72137E0 5.72137E0 5.72137E0 3.73796E0 3.73796E0 3.73796E0 3.73796E0 3.73796E0 2.17412E0 2.99418E0 2.99418E0 2.99418E0 2.99418E0 2.99418E0 5.72137E0 8.12434E0 8.12434E0 8.12434E0 5.72137E0 5.72137E0 5.72137E0 5.72137E0 8.12434E0 1.07752E1 1.07752E1 1.38839E1 1.38839E1 1.38839E1 1.71832E1 1.71832E1 1.71832E1 1.71832E1 1.71832E1 1.71832E1 1.71832E1
-9999 -9999 -9999 -9999 -9999 -9999 -9999 -9999 -9999 -9999 -9999 -9999 -9999 -9999 -9999 2.05969E0 1.96434E0 1.88805E0 1.88805E0 2.05969E0 2.34576E0 2.09784E0 2.44112E0 2.6509E0 2.44112E0 3.54725E0 1.04892E0 5.72137E-1 3.0514E-1 2.44112E0 1.23772E1 5.72137E0 5.72137E0 5.72137E0 5.72137E0 5.72137E0 3.73796E0 3.73796E0 3.73796E0 3.73796E0 2.17412E0 2.17412E0 2.99418E0 2.99418E0 2.99418E0 2.99418E0 5.72137E0 5.72137E0 5.72137E0 5.72137E0 5.72137E0 5.72137E0 5.72137E0 5.72137E0 8.12434E0 8.12434E0 1.07752E1 1.07752E1 1.38839E1 1.38839E1 1.38839E1 1.38839E1 1.71832E1 1.71832E1 1.71832E1 1.71832E1 1.71832E1
-9999 -9999 -9999 -9999 -9999 -9999 -9999 -9999 -9999 -9999 -9999 -9999 -9999 -9999 2.34576E0 2.21226E0 2.15505E0 2.09784E0 2.05969E0 2.09784E0 2.05969E0 2.21226E0 2.82254E0 3.0514E0 3.29932E0 1.04892E0 1.04892E0 1.04892E0 5.72137E-1 4.95852E0 1.23772E1 8.12434E0 8.12434E0 8.12434E0 5.72137E0 5.72137E0 3.73796E0 3.73796E0 3.73796E0 3.73796E0 2.17412E0 2.17412E0 2.17412E0 2.99418E0 2.99418E0 2.99418E0 5.72137E0 5.72137E0 5.72137E0 3.73796E0 3.73796E0 5.72137E0 5.72137E0 5.72137E0 5.72137E0 8.12434E0 8.12434E0 1.07752E1 1.07752E1 1.38839E1 1.38839E1 1.38839E1 1.38839E1 1.71832E1 1.71832E1 1.71832E1 1.71832E1
-9999 -9999 -9999 -9999 -9999 -9999 -9999 -9999 -9999 -9999 -9999 -9999 -9999 -9999 2.6509E0 2.47926E0 2.44112E0 2.21226E0 2.09784E0 1.96434E0 2.09784E0 2.6509E0 3.0514E0 3.29932E0 3.35654E0 1.71641E0 2.44112E0 3.73796E0 5.72137E-1 6.50329E0 1.23772E1 1.07752E1 1.07752E1 8.12434E0 5.72137E0 5.72137E0 3.73796E0 3.73796E0 3.73796E0 3.73796E0 2.99418E0 2.17412E0 2.17412E0 2.17412E0 2.99418E0 2.99418E0 5.72137E0 5.72137E0 3.73796E0 3.73796E0 3.73796E0 3.73796E0 3.73796E0 5.72137E0 5.72137E0 8.12434E0 8.12434E0 1.07752E1 1.07752E1 1.07752E1 1.38839E1 1.38839E1 1.38839E1 1.38839E1 1.71832E1 1.71832E1 1.71832E1
-9999 -9999 -9999 -9999 -9999 -9999 -9999 -9999 -9999 -9999 -9999 -9999 -9999 -9999 3.0514E0 2.82254E0 2.82254E0 2.47926E0 2.44112E0 2.47926E0 2.6509E0 3.16582E0 3.29932E0 3.73796E0 2.44112E0 1.71641E0 5.72137E-1 3.73796E0 4.95852E0 8.88719E0 1.27205E1 1.07752E1 1.07752E1 1.07752E1 8.12434E0 5.72137E0 5.72137E0 5.72137E0 3.73796E0 3.73796E0 2.99418E0 2.17412E0 2.99418E0 2.17412E0 2.99418E0 2.99418E0 3.73796E0 5.72137E0 3.73796E0 3.73796E0 3.73796E0 3.73796E0 3.73796E0 5.72137E0 5.72137E0 5.72137E0 8.12434E0 8.12434E0 1.07752E1 1.07752E1 1.07752E1 1.38839E1 1.38839E1 1.38839E1 1.38839E1 1.38839E1 1.71832E1
-9999 -9999 -9999 -9999 -9999 -9999 -9999 -9999 -9999 -9999 -9999 -9999 -9999 -9999 3.0514E0 2.82254E0 2.82254E0 2.6509E0 2.47926E0 3.0514E0 3.29932E0 3.35654E0 3.54725E0 3.73796E0 1.04892E0 3.73796E0 1.04892E0 2.44112E0 6.50329E0 9.91704E0 9.89797E0 8.12434E0 8.12434E0 1.07752E1 8.12434E0 8.12434E0 5.72137E0 5.72137E0 3.73796E0 3.73796E0 2.99418E0 2.99418E0 2.99418E0 2.17412E0 2.17412E0 2.17412E0 2.99418E0 3.73796E0 3.73796E0 2.17412E0 3.73796E0 3.73796E0 3.73796E0 5.72137E0 5.72137E0 5.72137E0 8.12434E0 8.12434E0 1.07752E1 1.07752E1 1.07752E1 1.38839E1 1.38839E1 1.38839E1 1.38839E1 1.38839E1 1.38839E1
-9999 -9999 -9999 -9999 -9999 -9999 -9999 -9999 -9999 -9999 -9999 -9999 -9999 3.0514E0 2.82254E0 2.6509E0 2.6509E0 2.6509E0 2.34576E0 3.0514E0 3.54725E0 3.73796E0 3.89053E0 3.89053E0 2.44112E0 1.04892E0 3.73796E0 6.71307E0 8.3532E0 1.05464E1 8.12434E0 8.12434E0 5.72137E0 8.12434E0 8.12434E0 8.12434E0 5.72137E0 3.73796E0 3.73796E0 3.73796E0 3.73796E0 3.73796E0 2.99418E0 2.17412E0 2.17412E0 2.17412E0 2.17412E0 2.17412E0 2.17412E0 2.17412E0 2.17412E0 3.73796E0 3.73796E0 5.72137E0 5.72137E0 8.12434E0 8.12434E0 8.12434E0 8.12434E0 1.07752E1 1.07752E1 1.07752E1 1.38839E1 1.38839E1 1.71832E1 1.38839E1 1.38839E1
-9999 -9999 -9999 -9999 -9999 -9999 -9999 -9999 -9999 -9999 -9999 -9999 -9999 2.82254E0 2.6509E0 2.6509E0 2.6509E0 2.6509E0 2.47926E0 3.29932E0 3.89053E0 3.98589E0 3.98589E0 3.98589E0 3.98589E0 2.44112E0 4.95852E0 6.99914E0 8.77277E0 1.05464E1 1.07752E1 8.12434E0 5.72137E0 8.12434E0 5.72137E0 8.12434E0 5.72137E0 3.73796E0 2.99418E0 2.99418E0 3.73796E0 2.99418E0 2.17412E0 2.17412E0 2.17412E0 2.17412E0 2.17412E0 2.17412E0 2.17412E0 2.17412E0 2.17412E0 2.17412E0 3.73796E0 5.72137E0 5.72137E0 5.72137E0 8.12434E0 8.12434E0 8.12434E0 1.07752E1 1.07752E1 1.38839E1 1.38839E1 1.38839E1 1.38839E1 1.38839E1 1.38839E1
-9999 -9999 -9999 -9999 -9999 -9999 -9999 -9999 -9999 -9999 -9999 -9999 3.29932E0 3.0514E0 2.82254E0 2.6509E0 2.82254E0 2.82254E0 3.16582E0 3.89053E0 4.1766E0 4.1766E0 4.1766E0 4.1766E0 4.38638E0 3.73796E0 3.73796E0 7.18985E0 8.77277E0 9.91704E0 8.12434E0 8.12434E0 8.12434E0 5.72137E0 5.72137E0 8.12434E0 5.72137E0 3.73796E0 3.73796E0 2.99418E0 2.99418E0 2.99418E0 2.17412E0 2.17412E0 2.17412E0 2.17412E0 2.17412E0 2.17412E0 2.17412E0 2.17412E0 2.17412E0 3.73796E0 3.73796E0 5.72137E0 5.72137E0 8.12434E0 8.12434E0 8.12434E0 8.12434E0 1.07752E1 1.07752E1 1.07752E1 1.38839E1 1.38839E1 1.38839E1 1.38839E1 1.38839E1
-9999 -9999 -9999 -9999 -9999 -9999 -9999 -9999 -9999 -9999 -9999 3.73796E0 3.35654E0 3.16582E0 3.0514E0 2.82254E0 3.0514E0 3.35654E0 3.73796E0 4.5771E0 4.38638E0 4.38638E0 4.38638E0 3.73796E0 4.5771E0 2.44112E0 4.95852E0 7.18985E0 8.3532E0 9.91704E0 8.12434E0 8.12434E0 8.12434E0 8.12434E0 8.12434E0 8.12434E0 8.12434E0 3.73796E0 3.73796E0 2.99418E0 2.99418E0 2.17412E0 2.17412E0 2.17412E0 2.17412E0 2.17412E0 2.17412E0 2.17412E0 2.17412E0 2.17412E0 2.17412E0 3.73796E0 3.73796E0 5.72137E0 5.72137E0 5.72137E0 8.12434E0 8.12434E0 8.12434E0 1.07752E1 1.07752E1 1.38839E1 1.38839E1 1.38839E1 1.38839E1 1.38839E1 1.71832E1
-9999 -9999 -9999 -9999 -9999 -9999 -9999 -9999 -9999 -9999 -9999 3.73796E0 3.73796E0 3.54725E0 3.54725E0 3.29932E0 3.73796E0 4.38638E0 4.88224E0 5.13016E0 4.88224E0 4.5771E0 4.5771E0 3.73796E0 4.88224E0 4.95852E0 6.31258E0 7.68571E0 8.3532E0 9.91704E0 1.07752E1 1.20149E1 8.12434E0 8.12434E0 4.95852E0 4.95852E0 8.12434E0 5.72137E0 3.73796E0 2.17412E0 2.17412E0 2.17412E0 2.17412E0 2.17412E0 2.17412E0 1.37313E0 2.17412E0 2.17412E0 2.17412E0 2.17412E0 2.17412E0 3.73796E0 3.73796E0 3.73796E0 5.72137E0 5.72137E0 8.12434E0 8.12434E0 8.12434E0 1.07752E1 1.07752E1 1.07752E1 1.38839E1 1.38839E1 1.38839E1 1.38839E1 1.71832E1
-9999 -9999 -9999 -9999 -9999 -9999 -9999 -9999 -9999 -9999 -9999 4.1766E0 3.89053E0 3.89053E0 3.98589E0 3.98589E0 4.88224E0 6.31258E0 6.31258E0 6.31258E0 6.00744E0 5.13016E0 4.88224E0 4.88224E0 5.13016E0 6.00744E0 4.95852E0 7.18985E0 8.3532E0 9.68819E0 1.05464E1 1.07752E1 8.12434E0 6.50329E0 4.95852E0 6.50329E0 5.72137E0 3.73796E0 3.73796E0 2.17412E0 2.17412E0 2.17412E0 2.17412E0 2.17412E0 1.37313E0 1.37313E0 2.17412E0 2.17412E0 2.17412E0 2.17412E0 2.99418E0 3.73796E0 3.73796E0 5.72137E0 5.72137E0 8.12434E0 8.12434E0 8.12434E0 1.07752E1 1.07752E1 1.07752E1 1.07752E1 1.38839E1 1.38839E1 1.38839E1 1.38839E1 1.38839E1
-9999 -9999 -9999 -9999 -9999 -9999 -9999 -9999 -9999 -9999 4.5771E0 3.98589E0 3.89053E0 4.1766E0 4.88224E0 6.00744E0 7.18985E0 8.3532E0 7.68571E0 6.71307E0 6.31258E0 6.00744E0 5.13016E0 4.95852E0 5.5688E0 6.00744E0 6.71307E0 7.18985E0 6.50329E0 8.88719E0 1.02985E1 8.12434E0 8.12434E0 6.50329E0 6.50329E0 8.12434E0 5.72137E0 3.73796E0 3.73796E0 2.17412E0 2.17412E0 2.17412E0 2.17412E0 2.17412E0 1.37313E0 1.37313E0 2.17412E0 2.17412E0 2.17412E0 2.17412E0 2.99418E0 3.73796E0 5.72137E0 5.72137E0 5.72137E0 8.12434E0 8.12434E0 1.07752E1 1.07752E1 1.07752E1 1.07752E1 1.07752E1 1.38839E1 1.38839E1 1.38839E1 1.38839E1 1.38839E1
-9999 -9999 -9999 -9999 -9999 -9999 -9999 -9999 -9999 -9999 5.13016E0 4.38638E0 4.38638E0 5.13016E0 6.71307E0 8.3532E0 9.91704E0 1.02985E1 8.77277E0 6.99914E0 6.71307E0 6.31258E0 4.95852E0 4.95852E0 3.73796E0 6.31258E0 6.50329E0 7.18985E0 8.04806E0 6.50329E0 8.12434E0 5.72137E0 8.12434E0 8.12434E0 8.12434E0 8.12434E0 5.72137E0 3.73796E0 2.17412E0 2.17412E0 2.17412E0 1.37313E0 2.17412E0 2.17412E0 1.37313E0 2.17412E0 2.17412E0 2.17412E0 2.17412E0 2.17412E0 2.99418E0 3.73796E0 5.72137E0 5.72137E0 8.12434E0 8.12434E0 8.12434E0 1.07752E1 1.07752E1 1.07752E1 1.07752E1 1.07752E1 1.38839E1 1.38839E1 1.38839E1 1.38839E1 1.38839E1
-9999 -9999 -9999 -9999 -9999 -9999 -9999 -9999 -9999 6.31258E0 6.31258E0 6.71307E0 6.71307E0 7.18985E0 8.77277E0 9.91704E0 1.16907E1 1.14046E1 9.36397E0 7.68571E0 7.68571E0 6.50329E0 4.95852E0 6.00744E0 6.00744E0 2.44112E0 6.71307E0 6.99914E0 7.18985E0 8.77277E0 8.12434E0 7.99085E0 8.12434E0 8.12434E0 5.72137E0 5.72137E0 3.73796E0 3.73796E0 2.17412E0 2.17412E0 2.17412E0 1.37313E0 1.37313E0 2.17412E0 2.17412E0 2.17412E0 2.17412E0 2.17412E0 2.17412E0 2.99418E0 3.73796E0 5.72137E0 5.72137E0 5.72137E0 5.72137E0 6.57957E0 8.12434E0 8.12434E0 1.07752E1 1.07752E1 1.07752E1 1.07752E1 1.38839E1 1.38839E1 1.38839E1 1.38839E1 1.38839E1
-9999 -9999 -9999 -9999 -9999 -9999 -9999 -9999 -9999 7.18985E0 7.68571E0 9.05884E0 9.05884E0 9.36397E0 1.02985E1 1.20149E1 1.30829E1 1.14046E1 9.91704E0 8.77277E0 8.04806E0 6.50329E0 4.95852E0 3.73796E0 6.00744E0 4.95852E0 4.95852E0 6.99914E0 7.18985E0 4.95852E0 2.44112E0 4.95852E0 1.07752E1 8.12434E0 5.72137E0 5.72137E0 3.73796E0 2.17412E0 2.17412E0 2.17412E0 2.17412E0 1.37313E0 2.17412E0 2.17412E0 2.17412E0 2.17412E0 2.17412E0 2.17412E0 2.17412E0 2.99418E0 3.73796E0 3.73796E0 5.72137E0 5.72137E0 5.72137E0 6.57957E0 8.12434E0 1.07752E1 1.07752E1 1.07752E1 1.07752E1 1.07752E1 1.07752E1 1.07752E1 1.07752E1 1.07752E1 1.07752E1
-9999 -9999 -9999 -9999 -9999 -9999 -9999 -9999 8.77277E0 8.3532E0 9.05884E0 1.05464E1 1.11948E1 1.20149E1 1.25107E1 1.33117E1 1.35406E1 1.25107E1 1.09087E1 9.36397E0 8.3532E0 8.04806E0 6.50329E0 1.71641E0 3.73796E0 6.00744E0 6.71307E0 6.31258E0 6.99914E0 8.3532E0 8.88719E0 8.12434E0 5.72137E0 5.72137E0 5.72137E0 3.73796E0 3.73796E0 2.17412E0 2.17412E0 2.17412E0 2.17412E0 2.17412E0 2.17412E0 2.17412E0 2.17412E0 2.17412E0 2.17412E0 2.17412E0 2.17412E0 2.99418E0 3.73796E0 3.73796E0 5.72137E0 5.72137E0 5.72137E0 8.12434E0 8.12434E0 8.12434E0 1.07752E1 1.07752E1 1.07752E1 1.07752E1 1.07752E1 1.07752E1 1.07752E1 1.07752E1 1.07752E1
-9999 -9999 -9999 -9999 -9999 -9999 -9999 -9999 1.02985E1 1.02985E1 1.11948E1 1.22247E1 1.30829E1 1.33117E1 1.39601E1 1.43606E1 1.35406E1 1.25107E1 1.22247E1 8.88719E0 8.77277E0 8.77277E0 6.50329E0 3.73796E0 3.73796E0 6.00744E0 5.5688E0 5.5688E0 6.71307E0 8.04806E0 8.77277E0 8.12434E0 5.72137E0 3.73796E0 3.73796E0 3.73796E0 3.73796E0 2.17412E0 2.17412E0 2.17412E0 2.17412E0 2.17412E0 1.37313E0 2.17412E0 2.17412E0 2.17412E0 2.17412E0 2.17412E0 2.17412E0 2.17412E0 2.99418E0 3.73796E0 5.72137E0 5.72137E0 5.72137E0 5.72137E0 8.12434E0 8.12434E0 8.12434E0 1.07752E1 8.12434E0 8.12434E0 1.07752E1 1.07752E1 1.07752E1 1.07752E1 1.07752E1
-9999 -9999 -9999 -9999 -9999 -9999 -9999 1.14046E1 1.11948E1 1.14046E1 1.25107E1 1.37694E1 1.40364E1 1.45513E1 1.51616E1 1.51616E1 1.43606E1 8.88719E0 8.88719E0 8.88719E0 9.91704E0 9.05884E0 8.04806E0 6.99914E0 4.95852E0 4.95852E0 5.5688E0 5.5688E0 6.31258E0 6.31258E0 7.68571E0 8.12434E0 5.72137E0 3.73796E0 3.73796E0 3.73796E0 3.73796E0 2.17412E0 2.17412E0 2.17412E0 2.17412E0 2.17412E0 2.17412E0 2.17412E0 2.99418E0 2.17412E0 2.17412E0 2.17412E0 2.17412E0 2.17412E0 2.99418E0 3.73796E0 5.72137E0 5.72137E0 5.72137E0 5.72137E0 8.12434E0 8.12434E0 8.12434E0 8.12434E0 8.12434E0 1.07752E1 8.12434E0 8.12434E0 8.12434E0 1.07752E1 1.07752E1
-9999 -9999 -9999 -9999 -9999 -9999 -9999 1.28159E1 1.22247E1 1.22247E1 1.27205E1 1.35406E1 1.45513E1 1.54858E1 1.59054E1 1.60961E1 1.49709E1 1.40364E1 8.88719E0 6.50329E0 8.88719E0 9.68819E0 8.3532E0 6.71307E0 6.31258E0 3.73796E0 5.5688E0 4.5771E0 4.88224E0 6.00744E0 6.99914E0 7.34242E0 7.59035E0 5.72137E0 5.72137E0 3.73796E0 3.73796E0 3.73796E0 2.17412E0 2.17412E0 2.17412E0 2.17412E0 2.17412E0 2.17412E0 2.17412E0 2.17412E0 2.17412E0 2.17412E0 2.17412E0 2.99418E0 2.99418E0 3.73796E0 3.73796E0 5.72137E0 5.72137E0 5.72137E0 5.72137E0 5.72137E0 5.72137E0 5.72137E0 8.12434E0 8.12434E0 8.12434E0 8.12434E0 8.12434E0 8.12434E0 1.07752E1
-9999 -9999 -9999 -9999 -9999 -9999 -9999 1.40364E1 1.33117E1 1.27205E1 1.27205E1 1.35406E1 1.47611E1 1.60961E1 1.68018E1 1.74692E1 1.65729E1 1.54858E1 1.23772E1 6.50329E0 8.88719E0 1.05464E1 8.77277E0 6.31258E0 5.13016E0 6.50329E0 5.5688E0 4.38638E0 4.5771E0 5.5688E0 6.99914E0 5.72137E0 5.37809E0 5.49251E0 5.72137E0 3.73796E0 3.73796E0 3.73796E0 3.73796E0 3.73796E0 3.73796E0 2.17412E0 2.17412E0 2.17412E0 2.17412E0 2.17412E0 2.17412E0 2.17412E0 2.17412E0 2.99418E0 3.73796E0 3.73796E0 5.72137E0 5.72137E0 5.72137E0 5.72137E0 5.72137E0 5.72137E0 5.72137E0 5.72137E0 5.72137E0 5.72137E0 8.12434E0 8.12434E0 8.12434E0 8.12434E0 8.12434E0
-9999 -9999 -9999 -9999 -9999 1.82512E1 1.70115E1 1.51616E1 1.41699E1 1.30829E1 1.27205E1 1.35406E1 1.52951E1 1.68018E1 1.7145E1 1.91666E1 1.83275E1 1.23772E1 1.23772E1 8.88719E0 8.88719E0 1.11948E1 8.77277E0 6.00744E0 3.98589E0 4.1766E0 4.1766E0 4.5771E0 4.5771E0 5.5688E0 6.99914E0 5.72137E0 5.72137E0 5.26366E0 5.72137E0 5.72137E0 3.73796E0 3.73796E0 3.73796E0 3.73796E0 3.73796E0 3.73796E0 2.17412E0 3.73796E0 3.73796E0 2.17412E0 2.17412E0 3.73796E0 3.73796E0 2.99418E0 3.73796E0 3.73796E0 3.73796E0 5.72137E0 5.72137E0 5.72137E0 5.72137E0 5.72137E0 5.72137E0 5.72137E0 5.72137E0 5.72137E0 5.72137E0 5.72137E0 8.12434E0 8.12434E0 8.12434E0
