Leopardus wiedii/Leopardus_wiedii_projection 2041-2060.asc
ncols         515
nrows         545
xllcorner     -119.0
yllcorner     -58.333333333333
cellsize      0.166666666667
NODATA_value  -9999
[rows 0 to 28 of 545, columns 132 to 197 of 515]
4.45319E-4 4.09546E-4 4.64382E-4 4.96362E-4 5.85808E-4 5.82243E-4 6.7236E-4 6.89118E-4 6.85619E-4 6.88812E-4 7.92641E-4 8.11863E-4 1.0106E-3 1.36692E-3 1.50474E-3 1.47207E-3 1.56873E-3 1.85597E-3 1.98162E-3 2.17012E-3 1.74838E-3 2.01313E-3 1.67866E-3 2.00327E-3 2.29517E-3 1.97438E-3 2.26092E-3 2.42211E-3 2.68107E-3 2.85001E-3 3.327E-3 2.51808E-3 2.84869E-3 3.42292E-3 3.08844E-3 2.71884E-3 3.1416E-3 3.04779E-3 2.71775E-3 2.25274E-3 2.35431E-3 2.47717E-3 1.69149E-3 1.44803E-3 1.58469E-3 1.40626E-3 1.46058E-3 1.37299E-3 1.47262E-3 1.43605E-3 1.37219E-3 1.2968E-3 1.27184E-3 1.29903E-3 1.4035E-3 1.35158E-3 1.33029E-3 1.47488E-3 1.87114E-3 2.71839E-3 3.30416E-3 3.63852E-3 3.4037E-3 4.02736E-3 4.24181E-3 3.65777E-3
4.27798E-4 4.0426E-4 4.35056E-4 6.024E-4 6.78439E-4 9.3812E-4 8.22851E-4 9.53863E-4 9.61434E-4 1.17167E-3 1.1143E-3 1.22326E-3 1.35348E-3 1.39906E-3 2.06401E-3 1.56423E-3 1.79986E-3 1.91925E-3 2.11821E-3 1.97921E-3 1.79402E-3 1.87881E-3 1.81169E-3 2.09543E-3 2.32405E-3 2.90625E-3 3.21324E-3 3.29401E-3 3.75263E-3 3.84587E-3 3.74258E-3 3.03871E-3 3.23901E-3 4.36582E-3 3.52303E-3 3.25897E-3 3.04645E-3 2.85392E-3 2.49452E-3 2.80831E-3 2.7185E-3 2.32984E-3 2.062E-3 1.86821E-3 1.89762E-3 1.93662E-3 1.71747E-3 1.6545E-3 1.54164E-3 1.54013E-3 1.51546E-3 1.57897E-3 1.35727E-3 1.54394E-3 1.62633E-3 1.45454E-3 1.4104E-3 1.61472E-3 2.2197E-3 3.03841E-3 3.7745E-3 3.56442E-3 3.98215E-3 3.71804E-3 3.7496E-3 3.67015E-3
3.6977E-4 3.98568E-4 4.56057E-4 6.57419E-4 7.98245E-4 8.3101E-4 9.66842E-4 1.08323E-3 1.35418E-3 1.50628E-3 1.40469E-3 1.40193E-3 1.50844E-3 1.71551E-3 1.73488E-3 1.89544E-3 1.84305E-3 1.94336E-3 1.94416E-3 2.22143E-3 2.07606E-3 2.02081E-3 2.11339E-3 2.24127E-3 3.39406E-3 3.6155E-3 4.12165E-3 4.50022E-3 4.90873E-3 5.44636E-3 5.38617E-3 3.93236E-3 4.042E-3 4.66597E-3 3.75765E-3 3.67274E-3 3.3236E-3 3.37629E-3 3.10043E-3 3.38496E-3 3.0472E-3 2.80517E-3 2.39429E-3 2.32991E-3 2.88483E-3 2.49039E-3 2.23718E-3 2.29322E-3 1.95596E-3 1.61918E-3 1.74503E-3 1.84954E-3 1.86564E-3 1.71765E-3 1.65608E-3 1.64578E-3 1.6321E-3 1.92923E-3 2.55333E-3 3.13168E-3 3.26292E-3 3.8291E-3 4.09612E-3 4.16663E-3 4.38172E-3 4.32884E-3
4.12283E-4 4.42996E-4 5.13456E-4 7.73516E-4 1.01054E-3 1.03216E-3 1.09192E-3 1.3686E-3 1.4969E-3 1.44305E-3 2.12047E-3 1.82454E-3 2.00705E-3 2.16799E-3 2.16352E-3 1.9981E-3 1.97797E-3 2.11422E-3 2.80303E-3 2.39491E-3 2.68834E-3 2.66203E-3 2.35001E-3 3.19588E-3 4.67883E-3 5.04006E-3 5.16624E-3 6.06167E-3 6.28692E-3 6.70074E-3 7.95672E-3 6.79683E-3 5.74472E-3 5.17389E-3 5.74089E-3 4.80265E-3 3.50345E-3 3.88246E-3 4.12586E-3 4.58797E-3 3.7398E-3 3.25976E-3 2.89325E-3 2.83374E-3 2.7846E-3 2.86101E-3 2.76853E-3 2.6832E-3 2.27843E-3 1.92446E-3 1.8643E-3 2.03084E-3 1.92824E-3 2.20122E-3 2.10863E-3 2.12614E-3 2.19945E-3 2.1229E-3 2.5885E-3 3.01414E-3 3.41538E-3 4.09446E-3 4.32792E-3 4.35176E-3 4.16434E-3 4.23467E-3
5.28099E-4 5.39379E-4 6.35221E-4 8.27257E-4 1.08241E-3 1.24166E-3 1.28046E-3 1.39635E-3 1.9288E-3 2.00073E-3 2.33851E-3 2.77125E-3 2.46279E-3 2.55874E-3 2.40898E-3 2.28148E-3 2.36812E-3 2.44031E-3 3.35643E-3 3.83799E-3 2.73915E-3 3.26011E-3 3.8264E-3 4.34729E-3 5.01642E-3 5.60905E-3 8.35219E-3 9.05364E-3 8.72841E-3 9.24317E-3 8.91725E-3 9.10381E-3 7.44762E-3 8.95814E-3 8.54631E-3 5.71092E-3 4.95126E-3 4.74352E-3 4.90051E-3 4.7197E-3 4.0167E-3 3.88021E-3 3.29189E-3 3.49191E-3 3.60727E-3 3.78629E-3 3.49895E-3 3.46882E-3 2.65774E-3 2.42344E-3 2.39188E-3 2.3314E-3 2.26617E-3 2.35427E-3 2.33464E-3 2.50169E-3 2.90023E-3 2.93079E-3 2.9571E-3 3.54457E-3 3.8675E-3 4.16513E-3 4.35446E-3 4.32356E-3 4.46323E-3 4.70739E-3
7.22264E-4 7.19342E-4 8.61314E-4 8.62587E-4 1.06395E-3 1.12837E-3 1.5273E-3 1.60682E-3 2.06784E-3 2.17389E-3 2.67806E-3 2.70997E-3 2.66971E-3 2.8231E-3 2.58694E-3 2.47299E-3 2.49733E-3 2.61266E-3 3.13838E-3 6.36195E-3 3.39286E-3 4.03251E-3 4.84355E-3 5.75411E-3 5.74893E-3 8.35373E-3 1.15788E-2 1.21344E-2 1.1958E-2 1.46795E-2 7.93888E-3 1.20779E-2 1.18126E-2 1.31151E-2 1.04408E-2 7.69188E-3 6.38615E-3 5.82841E-3 5.37073E-3 4.86195E-3 4.90686E-3 4.40693E-3 4.53554E-3 4.51254E-3 5.08898E-3 5.29396E-3 4.85341E-3 4.41055E-3 3.74955E-3 3.14196E-3 2.92425E-3 2.64637E-3 2.67631E-3 3.03678E-3 3.29604E-3 3.20665E-3 3.45807E-3 3.85339E-3 4.41678E-3 4.02571E-3 4.47254E-3 4.72818E-3 4.99525E-3 4.87685E-3 4.9617E-3 5.52548E-3
1.06142E-3 1.08502E-3 1.18622E-3 1.29401E-3 1.21389E-3 1.4617E-3 1.74755E-3 1.88473E-3 2.55493E-3 2.81055E-3 3.72509E-3 3.39319E-3 3.0339E-3 3.78573E-3 3.66213E-3 3.96959E-3 3.7096E-3 2.79215E-3 3.25184E-3 6.33547E-3 5.55132E-3 4.6215E-3 6.25944E-3 7.9282E-3 9.36067E-3 1.12531E-2 1.20178E-2 1.60434E-2 1.68632E-2 1.9267E-2 9.51792E-3 9.96144E-3 1.47972E-2 1.69899E-2 1.21202E-2 9.347E-3 8.03775E-3 7.08469E-3 6.14323E-3 5.80253E-3 5.55697E-3 6.13252E-3 6.5229E-3 6.35091E-3 7.08444E-3 7.13165E-3 6.10511E-3 4.67568E-3 3.89042E-3 3.94213E-3 3.59644E-3 3.85472E-3 3.91959E-3 4.05978E-3 5.42615E-3 5.29771E-3 5.76569E-3 5.39056E-3 5.40886E-3 5.46178E-3 5.95861E-3 5.47672E-3 4.7217E-3 4.98224E-3 5.21547E-3 6.15584E-3
1.36578E-3 1.49548E-3 1.68648E-3 1.55382E-3 1.6413E-3 2.08445E-3 2.24506E-3 2.37228E-3 2.71027E-3 2.93214E-3 3.82224E-3 4.06416E-3 4.59627E-3 4.44398E-3 4.19463E-3 6.76256E-3 8.2353E-3 4.74145E-3 4.33396E-3 6.51492E-3 8.60926E-3 6.65608E-3 7.85992E-3 1.03314E-2 1.25508E-2 1.64456E-2 2.24232E-2 1.96947E-2 2.02426E-2 1.73014E-2 1.71967E-2 2.0526E-2 2.14936E-2 2.55283E-2 1.55964E-2 1.16484E-2 8.82521E-3 7.70899E-3 7.38808E-3 7.28553E-3 7.56812E-3 7.75146E-3 8.87587E-3 9.12314E-3 9.39739E-3 9.2138E-3 8.54376E-3 6.86433E-3 4.96935E-3 4.30867E-3 4.90238E-3 5.56989E-3 5.94499E-3 7.25746E-3 5.78301E-3 9.90317E-3 8.71696E-3 7.76034E-3 7.87939E-3 7.86658E-3 7.73131E-3 7.01162E-3 5.9423E-3 5.64036E-3 6.7013E-3 6.76306E-3
1.4963E-3 1.85474E-3 2.27371E-3 2.3658E-3 2.6086E-3 2.96902E-3 2.98757E-3 3.19793E-3 3.4908E-3 3.89621E-3 4.21604E-3 4.78256E-3 5.31783E-3 6.08192E-3 5.88137E-3 5.80606E-3 7.77446E-3 9.67862E-3 5.88747E-3 6.79163E-3 7.80205E-3 9.01028E-3 1.1555E-2 1.51584E-2 1.63967E-2 1.85538E-2 2.53239E-2 2.60251E-2 2.88964E-2 2.64295E-2 2.84219E-2 2.97367E-2 3.45026E-2 2.47297E-2 1.95596E-2 1.37778E-2 1.00717E-2 9.43459E-3 9.48707E-3 9.61967E-3 9.4619E-3 1.00783E-2 1.14465E-2 1.28877E-2 1.24944E-2 1.22918E-2 1.15792E-2 1.0138E-2 8.90062E-3 6.66472E-3 7.74185E-3 8.5276E-3 1.0665E-2 1.29961E-2 1.30452E-2 1.67072E-2 1.41564E-2 1.25696E-2 1.2684E-2 1.22609E-2 1.23199E-2 1.22012E-2 1.07004E-2 9.01158E-3 9.34159E-3 9.33653E-3
2.31262E-3 2.65739E-3 2.80966E-3 3.27897E-3 3.419E-3 3.60019E-3 4.61848E-3 5.57208E-3 5.56707E-3 5.84603E-3 6.54223E-3 5.24648E-3 6.21086E-3 7.36916E-3 8.48056E-3 8.15877E-3 7.04593E-3 7.10474E-3 7.72792E-3 8.59023E-3 1.14747E-2 1.43983E-2 1.56295E-2 1.97167E-2 2.14207E-2 2.40731E-2 3.11311E-2 3.83558E-2 3.48041E-2 2.69392E-2 2.62617E-2 2.13234E-2 4.0778E-2 2.92423E-2 2.35023E-2 1.935E-2 1.44485E-2 1.25877E-2 1.18763E-2 1.1076E-2 1.14496E-2 1.35346E-2 1.55782E-2 1.71105E-2 1.72043E-2 1.65105E-2 1.74035E-2 1.73314E-2 1.54379E-2 1.30196E-2 1.24592E-2 1.54816E-2 1.82065E-2 2.42679E-2 2.8836E-2 3.02043E-2 2.59071E-2 2.27701E-2 2.4684E-2 1.91605E-2 1.85595E-2 1.96618E-2 1.79881E-2 1.51093E-2 1.43403E-2 1.31052E-2
3.26035E-3 3.91099E-3 3.47376E-3 4.25352E-3 4.48526E-3 5.2812E-3 6.86774E-3 7.67614E-3 9.0253E-3 9.89827E-3 1.08555E-2 1.65797E-2 7.71715E-3 9.18967E-3 1.04764E-2 1.1965E-2 1.23133E-2 1.27477E-2 1.33357E-2 1.56064E-2 2.05684E-2 2.36476E-2 2.49886E-2 3.2185E-2 3.21957E-2 3.58438E-2 3.99395E-2 4.66332E-2 4.82054E-2 3.14849E-2 3.02346E-2 2.2321E-2 2.60283E-2 4.11306E-2 2.95116E-2 2.3514E-2 2.25047E-2 1.86126E-2 1.68399E-2 1.55685E-2 1.41323E-2 1.77131E-2 1.92036E-2 2.30715E-2 2.08514E-2 2.52161E-2 3.10504E-2 3.30371E-2 3.40917E-2 3.33741E-2 3.17433E-2 3.31642E-2 3.48102E-2 3.27203E-2 6.49434E-2 3.98005E-2 4.2897E-2 4.16599E-2 4.61101E-2 3.59443E-2 3.45879E-2 3.30341E-2 2.93237E-2 2.22551E-2 1.96262E-2 1.86194E-2
3.44189E-3 4.12664E-3 4.13968E-3 4.89271E-3 5.13262E-3 6.1487E-3 7.22487E-3 1.12E-2 1.31875E-2 1.11918E-2 1.10836E-2 1.31371E-2 1.03805E-2 1.21682E-2 1.47327E-2 1.73431E-2 1.92737E-2 2.39473E-2 2.23176E-2 2.94188E-2 3.24055E-2 3.24579E-2 3.41438E-2 4.06077E-2 4.86236E-2 5.7099E-2 5.30969E-2 6.17821E-2 5.84085E-2 4.65288E-2 2.25052E-2 4.6778E-2 2.14181E-2 1.63189E-2 4.73876E-2 3.6027E-2 3.2007E-2 2.96959E-2 2.55481E-2 2.27739E-2 2.3255E-2 2.18174E-2 2.63781E-2 2.86007E-2 2.83379E-2 4.07793E-2 5.36653E-2 7.13999E-2 9.12641E-2 7.68651E-2 6.37542E-2 6.93652E-2 6.74075E-2 -9999 -9999 5.48164E-2 6.09157E-2 8.51774E-2 1.11098E-1 1.04613E-1 8.31134E-2 5.29991E-2 4.63431E-2 3.7086E-2 3.11884E-2 2.5824E-2
3.28428E-3 3.89983E-3 4.22024E-3 4.71596E-3 4.64555E-3 4.52398E-3 7.09288E-3 9.67611E-3 2.00488E-2 1.20152E-2 1.32717E-2 1.53293E-2 1.63848E-2 2.05617E-2 2.12478E-2 2.65677E-2 3.12399E-2 4.01034E-2 3.55692E-2 5.12623E-2 5.07041E-2 5.13151E-2 4.00828E-2 3.67505E-2 4.15331E-2 4.35508E-2 3.9341E-2 4.36248E-2 4.57985E-2 3.4357E-2 1.91408E-2 6.02983E-2 5.71732E-2 3.14478E-2 2.29876E-2 3.76572E-2 3.00058E-2 2.13289E-2 1.9772E-2 1.90902E-2 1.40326E-2 1.86119E-2 2.45184E-2 3.39406E-2 3.36635E-2 5.11009E-2 1.14277E-1 -9999 -9999 9.51114E-2 6.47685E-2 -9999 1.97143E-1 -9999 -9999 1.24878E-1 1.531E-1 1.58987E-1 -9999 -9999 -9999 -9999 -9999 -9999 -9999 3.68607E-2
3.15652E-3 4.45868E-3 7.02472E-3 5.84975E-3 4.93291E-3 5.06281E-3 7.77883E-3 1.06507E-2 1.4534E-2 1.93737E-2 1.83297E-2 2.37468E-2 3.06514E-2 3.59485E-2 4.09292E-2 4.5777E-2 5.20116E-2 4.54905E-2 5.02244E-2 5.68353E-2 3.84494E-2 3.06055E-2 4.29792E-2 2.96488E-2 2.62332E-2 2.43772E-2 2.57535E-2 2.86954E-2 3.51947E-2 3.88331E-2 3.45365E-2 5.59724E-2 9.92665E-2 8.63993E-2 2.78963E-2 2.67439E-2 2.16962E-2 2.67829E-2 3.24609E-2 2.98015E-2 4.27362E-2 3.98443E-2 2.37422E-2 3.13273E-2 3.31444E-2 -9999 -9999 -9999 -9999 -9999 -9999 -9999 -9999 -9999 -9999 -9999 -9999 -9999 -9999 -9999 -9999 -9999 -9999 -9999 -9999 -9999
3.82179E-3 5.33746E-3 5.0712E-3 6.04752E-3 5.53838E-3 5.54979E-3 7.31091E-3 1.27641E-2 2.06385E-2 3.18962E-2 4.60101E-2 5.15202E-2 4.71852E-2 5.67536E-2 6.61158E-2 5.5158E-2 3.59622E-2 3.78614E-2 4.67886E-2 3.2323E-2 3.12452E-2 4.45234E-2 3.84628E-2 2.58677E-2 3.23267E-2 2.60152E-2 2.84727E-2 3.08424E-2 3.38022E-2 3.2584E-2 3.9426E-2 4.32975E-2 1.33616E-1 9.8396E-2 7.64704E-2 2.81029E-2 2.94788E-2 3.93621E-2 3.68459E-2 4.84899E-2 4.41083E-2 5.28231E-2 4.47296E-2 -9999 -9999 -9999 -9999 -9999 -9999 -9999 -9999 -9999 -9999 -9999 -9999 -9999 -9999 -9999 -9999 -9999 -9999 -9999 -9999 -9999 -9999 -9999
5.77292E-3 8.06757E-3 6.12302E-3 6.64185E-3 5.91544E-3 6.13802E-3 7.84509E-3 1.40169E-2 3.22135E-2 4.90738E-2 8.55985E-2 8.93835E-2 6.67574E-2 4.8376E-2 4.64155E-2 3.14925E-2 3.93371E-2 2.964E-2 4.1567E-2 5.53403E-2 5.89608E-2 7.13681E-2 1.00472E-1 7.03237E-2 4.77596E-2 7.48251E-2 4.28447E-2 4.60237E-2 4.62535E-2 3.96418E-2 4.00371E-2 4.45397E-2 1.06795E-1 1.24216E-1 1.57503E-1 7.43238E-2 7.89056E-2 7.15305E-2 8.09443E-2 5.64521E-2 4.94612E-2 4.00413E-2 6.1785E-2 -9999 -9999 2.26293E-1 -9999 -9999 -9999 -9999 -9999 -9999 -9999 -9999 -9999 -9999 -9999 -9999 -9999 -9999 -9999 -9999 -9999 -9999 -9999 -9999
7.147E-3 7.88636E-3 6.82456E-3 6.52813E-3 6.18769E-3 8.12811E-3 1.13315E-2 2.13673E-2 4.97744E-2 9.31269E-2 8.00816E-2 9.15959E-2 6.61782E-2 -9999 3.34374E-2 3.40233E-2 3.0465E-2 5.48104E-2 7.45297E-2 -9999 -9999 -9999 -9999 -9999 -9999 5.37962E-2 9.17698E-2 1.03929E-1 5.93847E-2 -9999 -9999 -9999 -9999 1.10228E-1 1.63585E-1 1.97648E-1 1.10938E-1 6.72543E-2 6.49478E-2 5.89531E-2 1.20639E-1 9.94279E-2 1.1688E-1 1.62788E-1 2.00721E-1 -9999 -9999 -9999 -9999 -9999 -9999 -9999 -9999 -9999 -9999 -9999 -9999 -9999 -9999 -9999 -9999 -9999 -9999 -9999 -9999 -9999
1.03369E-2 1.0358E-2 9.37101E-3 8.73139E-3 1.01006E-2 1.17168E-2 1.4085E-2 2.43135E-2 4.85478E-2 9.12362E-2 1.1842E-1 9.64487E-2 -9999 -9999 -9999 -9999 -9999 -9999 -9999 -9999 -9999 -9999 -9999 -9999 -9999 -9999 -9999 -9999 -9999 -9999 -9999 -9999 -9999 1.84116E-1 1.80327E-1 2.02403E-1 1.79394E-1 1.0596E-1 1.06462E-1 1.02213E-1 1.27206E-1 2.56682E-1 2.30162E-1 2.48697E-1 -9999 -9999 -9999 -9999 -9999 -9999 -9999 -9999 -9999 -9999 -9999 -9999 -9999 -9999 -9999 -9999 -9999 -9999 -9999 -9999 -9999 -9999
1.53609E-2 1.56842E-2 1.52916E-2 1.3863E-2 1.4808E-2 1.61892E-2 2.42728E-2 2.90724E-2 6.56011E-2 8.38295E-2 1.06284E-1 1.32376E-1 -9999 -9999 -9999 -9999 -9999 -9999 -9999 -9999 -9999 -9999 -9999 -9999 -9999 -9999 -9999 -9999 -9999 -9999 -9999 -9999 -9999 -9999 -9999 3.05631E-1 3.49497E-1 3.99671E-1 4.97659E-1 4.4884E-1 3.49655E-1 5.57244E-1 -9999 5.7514E-1 -9999 -9999 -9999 -9999 -9999 -9999 -9999 -9999 -9999 -9999 -9999 -9999 -9999 -9999 -9999 -9999 -9999 -9999 -9999 -9999 -9999 -9999
2.20798E-2 2.55405E-2 2.47803E-2 2.27628E-2 2.1528E-2 3.23052E-2 4.30806E-2 6.79007E-2 8.22315E-2 7.432E-2 8.96747E-2 1.84667E-1 -9999 -9999 -9999 -9999 -9999 -9999 -9999 -9999 -9999 -9999 -9999 -9999 -9999 -9999 -9999 -9999 -9999 -9999 -9999 -9999 -9999 -9999 -9999 -9999 4.62852E-1 5.24652E-1 -9999 -9999 -9999 4.57406E-1 -9999 -9999 -9999 4.07711E-1 4.03093E-1 -9999 -9999 -9999 -9999 -9999 -9999 -9999 -9999 -9999 -9999 -9999 -9999 -9999 -9999 -9999 -9999 -9999 -9999 -9999
3.0889E-2 3.63748E-2 4.09853E-2 3.96679E-2 4.47064E-2 6.88657E-2 8.50404E-2 9.48807E-2 9.855E-2 9.59678E-2 1.49547E-1 -9999 -9999 -9999 -9999 -9999 -9999 -9999 -9999 -9999 -9999 -9999 -9999 -9999 -9999 -9999 -9999 -9999 -9999 -9999 -9999 -9999 -9999 -9999 -9999 -9999 -9999 -9999 -9999 -9999 -9999 -9999 -9999 -9999 -9999 -9999 -9999 -9999 -9999 -9999 -9999 -9999 -9999 -9999 -9999 -9999 -9999 -9999 -9999 -9999 -9999 -9999 -9999 -9999 -9999 -9999
4.38646E-2 5.19736E-2 5.28075E-2 5.71512E-2 7.30111E-2 8.92607E-2 7.91414E-2 1.02394E-1 1.01737E-1 -9999 -9999 -9999 -9999 -9999 -9999 -9999 -9999 -9999 -9999 -9999 -9999 -9999 -9999 -9999 -9999 -9999 -9999 -9999 -9999 -9999 -9999 -9999 -9999 -9999 -9999 -9999 -9999 -9999 -9999 -9999 -9999 -9999 -9999 -9999 -9999 -9999 -9999 -9999 -9999 -9999 -9999 -9999 -9999 -9999 -9999 -9999 -9999 -9999 -9999 -9999 -9999 -9999 -9999 -9999 -9999 -9999
6.79956E-2 5.13729E-2 -9999 6.15634E-2 6.1947E-2 1.14311E-1 -9999 -9999 -9999 -9999 -9999 -9999 -9999 -9999 -9999 -9999 -9999 -9999 -9999 -9999 -9999 -9999 -9999 -9999 -9999 -9999 -9999 -9999 -9999 -9999 -9999 -9999 -9999 -9999 -9999 -9999 -9999 -9999 -9999 -9999 -9999 -9999 -9999 -9999 -9999 -9999 -9999 -9999 -9999 -9999 -9999 -9999 -9999 -9999 -9999 -9999 -9999 -9999 -9999 -9999 -9999 -9999 -9999 -9999 -9999 -9999
5.11587E-2 5.99612E-2 -9999 -9999 -9999 -9999 -9999 -9999 -9999 -9999 -9999 -9999 -9999 -9999 -9999 -9999 -9999 -9999 -9999 -9999 -9999 -9999 -9999 -9999 -9999 -9999 -9999 -9999 -9999 -9999 -9999 -9999 -9999 -9999 -9999 -9999 -9999 -9999 -9999 -9999 -9999 -9999 -9999 -9999 -9999 -9999 -9999 -9999 -9999 -9999 -9999 -9999 -9999 -9999 -9999 -9999 -9999 -9999 -9999 -9999 -9999 -9999 -9999 -9999 -9999 -9999
7.72852E-2 -9999 -9999 -9999 -9999 -9999 -9999 -9999 -9999 -9999 -9999 -9999 -9999 -9999 -9999 -9999 -9999 -9999 -9999 -9999 -9999 -9999 -9999 -9999 -9999 -9999 -9999 -9999 -9999 -9999 -9999 -9999 -9999 -9999 -9999 -9999 -9999 -9999 -9999 -9999 -9999 -9999 -9999 -9999 -9999 -9999 -9999 -9999 -9999 -9999 -9999 -9999 -9999 -9999 -9999 -9999 -9999 -9999 -9999 -9999 -9999 -9999 -9999 -9999 -9999 -9999
1.16444E-1 -9999 -9999 -9999 -9999 -9999 -9999 -9999 -9999 -9999 -9999 -9999 -9999 -9999 -9999 -9999 -9999 -9999 -9999 -9999 -9999 -9999 -9999 -9999 -9999 -9999 -9999 -9999 -9999 -9999 -9999 -9999 -9999 -9999 -9999 -9999 -9999 -9999 -9999 -9999 -9999 -9999 -9999 -9999 -9999 -9999 -9999 -9999 -9999 -9999 -9999 -9999 -9999 -9999 -9999 -9999 -9999 -9999 -9999 -9999 -9999 -9999 -9999 -9999 -9999 -9999
-9999 -9999 -9999 -9999 -9999 -9999 -9999 -9999 -9999 -9999 -9999 -9999 -9999 -9999 -9999 -9999 -9999 -9999 -9999 -9999 -9999 -9999 -9999 -9999 -9999 -9999 -9999 -9999 -9999 -9999 -9999 -9999 -9999 -9999 -9999 -9999 -9999 -9999 -9999 -9999 -9999 -9999 -9999 -9999 -9999 -9999 -9999 -9999 -9999 -9999 -9999 -9999 -9999 -9999 -9999 -9999 -9999 -9999 -9999 -9999 -9999 -9999 -9999 -9999 -9999 -9999
-9999 -9999 -9999 -9999 -9999 -9999 -9999 -9999 -9999 -9999 -9999 -9999 -9999 -9999 -9999 -9999 -9999 -9999 -9999 -9999 -9999 -9999 -9999 -9999 -9999 -9999 -9999 -9999 -9999 -9999 -9999 -9999 -9999 -9999 -9999 -9999 -9999 -9999 -9999 -9999 -9999 -9999 -9999 -9999 -9999 -9999 -9999 -9999 -9999 -9999 -9999 -9999 -9999 -9999 -9999 -9999 -9999 -9999 -9999 -9999 -9999 -9999 -9999 -9999 -9999 -9999
-9999 -9999 -9999 -9999 -9999 -9999 -9999 -9999 -9999 -9999 -9999 -9999 -9999 -9999 -9999 -9999 -9999 -9999 -9999 -9999 -9999 -9999 -9999 -9999 -9999 -9999 -9999 -9999 -9999 -9999 -9999 -9999 -9999 -9999 -9999 -9999 -9999 -9999 -9999 -9999 -9999 -9999 -9999 -9999 -9999 -9999 -9999 -9999 -9999 -9999 -9999 -9999 -9999 -9999 -9999 -9999 -9999 -9999 -9999 -9999 -9999 -9999 -9999 -9999 -9999 -9999
