Leopardus braccatus/Leopardus_braccatus_projection 2041-2060.asc
ncols         515
nrows         545
xllcorner     -119.0
yllcorner     -58.333333333333
cellsize      0.166666666667
NODATA_value  -9999
[rows 319 to 347 of 545, columns 264 to 329 of 515]
-9999 -9999 -9999 -9999 -9999 -9999 -9999 -9999 -9999 -9999 -9999 -9999 -9999 -9999 -9999 -9999 -9999 -9999 -9999 -9999 -9999 -9999 -9999 -9999 -9999 -9999 -9999 -9999 -9999 1.28869E-1 2.19832E-1 1.52989E-1 8.74338E-2 1.58426E-2 1.75737E-4 6.16777E-8 7.28458E-11 4.25099E-11 3.86474E-11 5.77928E-11 8.69478E-11 2.23775E-10 6.86566E-10 6.01379E-10 1.93678E-8 8.2271E-8 8.59534E-9 3.1412E-9 4.69426E-9 3.17609E-9 1.11333E-8 5.70498E-8 2.45051E-7 2.31842E-6 1.8671E-5 1.52889E-4 8.03424E-4 1.7586E-3 5.90394E-3 1.62622E-3 3.71849E-3 2.07965E-2 4.44951E-2 4.05352E-1 4.57108E-1 4.65233E-1
-9999 -9999 -9999 -9999 -9999 -9999 -9999 -9999 -9999 -9999 -9999 -9999 -9999 -9999 -9999 -9999 -9999 -9999 -9999 -9999 -9999 -9999 -9999 -9999 -9999 -9999 -9999 -9999 -9999 7.7673E-2 2.42938E-1 1.48909E-1 1.16547E-1 2.3209E-2 4.9021E-4 3.94459E-7 1.75104E-10 3.59268E-11 4.22836E-11 6.69074E-11 7.96813E-11 1.38224E-10 4.48079E-10 1.67969E-9 4.51228E-9 1.33692E-9 1.75636E-9 2.14994E-9 4.35362E-9 5.36754E-9 2.06838E-8 3.90475E-8 2.54886E-7 9.78758E-7 7.97396E-6 1.01382E-4 3.80849E-4 1.77314E-4 4.2847E-3 4.17404E-3 2.10664E-3 1.10858E-1 1.22515E-1 2.2078E-1 4.69289E-1 3.67725E-1
-9999 -9999 -9999 -9999 -9999 -9999 -9999 -9999 -9999 -9999 -9999 -9999 -9999 -9999 -9999 -9999 -9999 -9999 -9999 -9999 -9999 -9999 -9999 -9999 -9999 -9999 -9999 -9999 -9999 -9999 2.47691E-1 1.88593E-1 1.31404E-1 3.76848E-2 1.6216E-3 2.37142E-6 5.1343E-10 4.21267E-11 3.64173E-11 5.24294E-11 6.81423E-11 1.7042E-10 3.06139E-10 4.53621E-10 8.09552E-10 1.2688E-9 1.79133E-9 2.62685E-9 2.67674E-9 6.44648E-9 1.59365E-8 3.52303E-8 1.66154E-7 4.66471E-7 2.26793E-6 2.39377E-5 8.38741E-5 1.44538E-4 4.21526E-3 2.93138E-3 5.12016E-3 2.33677E-2 1.49115E-1 2.39226E-1 5.0049E-1 4.36926E-1
-9999 -9999 -9999 -9999 -9999 -9999 -9999 -9999 -9999 -9999 -9999 -9999 -9999 -9999 -9999 -9999 -9999 -9999 -9999 -9999 -9999 -9999 -9999 -9999 -9999 -9999 -9999 -9999 -9999 -9999 3.5291E-1 2.98905E-1 1.97995E-1 5.95922E-2 3.48713E-3 8.66831E-6 6.45041E-10 3.16622E-11 6.13001E-11 7.73638E-11 5.84084E-11 7.09395E-11 2.06617E-10 3.91853E-10 6.68894E-10 1.17518E-9 2.61021E-9 2.83603E-9 3.28721E-9 8.97776E-9 1.44647E-8 2.63017E-8 1.39528E-7 1.00226E-6 3.70284E-6 1.74924E-5 2.56921E-5 9.62311E-5 3.16612E-3 1.66198E-3 2.05957E-3 8.28785E-3 2.166E-2 7.19761E-2 2.87397E-1 4.20961E-1
-9999 -9999 -9999 -9999 -9999 -9999 -9999 -9999 -9999 -9999 -9999 -9999 -9999 -9999 -9999 -9999 -9999 -9999 -9999 -9999 -9999 -9999 -9999 -9999 -9999 -9999 -9999 -9999 -9999 -9999 3.17702E-1 2.87948E-1 2.35349E-1 5.26444E-2 5.65354E-3 9.76744E-6 4.13054E-10 3.61275E-11 4.91136E-11 4.82052E-11 4.68465E-11 9.67225E-11 1.93822E-10 2.95011E-10 6.46998E-10 1.38732E-9 3.05155E-9 1.9405E-9 3.2258E-9 6.91221E-9 1.28642E-8 3.04329E-8 1.25903E-7 6.5496E-7 2.54362E-6 3.14822E-5 3.15265E-5 3.27612E-5 1.3208E-3 3.96712E-4 1.09243E-3 2.99578E-2 2.27381E-2 1.73899E-2 2.02742E-1 5.07534E-1
-9999 -9999 -9999 -9999 -9999 -9999 -9999 -9999 -9999 -9999 -9999 -9999 -9999 -9999 -9999 -9999 -9999 -9999 -9999 -9999 -9999 -9999 -9999 -9999 -9999 -9999 -9999 -9999 -9999 -9999 1.91091E-1 9.33768E-2 1.43165E-1 5.15963E-2 6.99325E-3 1.26825E-6 4.56084E-10 1.02743E-10 1.47154E-10 7.01574E-11 6.20018E-11 9.5034E-11 1.66843E-10 7.04737E-10 5.72431E-10 1.29875E-9 1.54904E-9 2.124E-9 4.27476E-9 9.31704E-9 1.12682E-8 4.60092E-8 2.8775E-7 7.05589E-7 3.80179E-6 2.75459E-5 8.17718E-5 3.92098E-5 6.4581E-4 8.24797E-5 6.86686E-4 4.45335E-2 4.15375E-2 4.25826E-2 2.51956E-1 4.31524E-1
-9999 -9999 -9999 -9999 -9999 -9999 -9999 -9999 -9999 -9999 -9999 -9999 -9999 -9999 -9999 -9999 -9999 -9999 -9999 -9999 -9999 -9999 -9999 -9999 -9999 -9999 -9999 -9999 -9999 1.53278E-1 4.00103E-2 2.45387E-2 8.6317E-2 4.52307E-2 2.21128E-3 3.46274E-7 9.45743E-10 1.77232E-10 3.17469E-10 8.67425E-11 1.21058E-10 1.01745E-10 1.28131E-10 2.71071E-10 5.46649E-10 1.04016E-9 1.79662E-9 3.40791E-9 5.96334E-9 8.79929E-9 1.21352E-8 1.02932E-7 6.82814E-7 9.02025E-7 3.88854E-6 9.57741E-6 1.98555E-5 1.16125E-4 1.25963E-4 2.81757E-5 3.53771E-3 3.52956E-2 4.1794E-2 3.502E-1 4.44942E-1 4.76096E-1
-9999 -9999 -9999 -9999 -9999 -9999 -9999 -9999 -9999 -9999 -9999 -9999 -9999 -9999 -9999 -9999 -9999 -9999 -9999 -9999 -9999 -9999 -9999 -9999 -9999 -9999 -9999 -9999 -9999 1.41586E-1 1.51282E-2 3.97303E-2 9.17751E-2 3.15329E-2 6.07444E-4 4.44577E-8 7.06087E-10 3.43591E-10 1.09611E-9 2.39129E-10 9.43091E-11 1.36333E-10 1.63043E-10 2.40073E-10 7.14671E-10 1.26302E-9 1.89646E-9 2.38457E-9 6.39114E-9 1.0477E-8 3.56868E-8 1.56503E-7 4.9427E-7 3.6214E-7 1.17361E-6 4.98403E-6 6.10931E-6 5.70532E-5 2.89545E-5 2.39203E-5 2.61716E-3 1.27962E-2 2.17175E-2 5.62773E-1 6.07643E-1 6.06032E-1
-9999 -9999 -9999 -9999 -9999 -9999 -9999 -9999 -9999 -9999 -9999 -9999 -9999 -9999 -9999 -9999 -9999 -9999 -9999 -9999 -9999 -9999 -9999 -9999 -9999 -9999 -9999 -9999 -9999 1.91886E-1 3.39885E-2 4.53052E-2 8.1796E-2 2.37309E-2 7.68747E-4 5.32685E-7 3.7133E-9 1.74989E-9 4.80968E-9 1.09314E-9 3.82556E-10 1.3284E-10 2.49001E-10 4.33331E-10 6.0193E-10 1.52014E-9 1.93003E-9 2.46108E-9 3.58644E-9 9.42312E-9 2.0613E-8 1.87772E-7 3.30675E-7 3.69923E-7 5.68953E-7 2.64418E-6 4.89471E-6 1.12589E-5 7.5269E-6 1.42066E-5 9.24392E-4 1.34031E-2 9.08422E-2 5.99272E-1 7.94836E-1 8.27464E-1
-9999 -9999 -9999 -9999 -9999 -9999 -9999 -9999 -9999 -9999 -9999 -9999 -9999 -9999 -9999 -9999 -9999 -9999 -9999 -9999 -9999 -9999 -9999 -9999 -9999 -9999 -9999 -9999 -9999 1.32691E-1 4.48825E-2 4.764E-2 7.05088E-2 1.30623E-2 6.11022E-4 1.36598E-6 3.10055E-8 5.03689E-8 3.84259E-8 1.43894E-8 5.28671E-9 1.23403E-9 9.28201E-10 1.01687E-9 9.45564E-10 1.59117E-9 2.14692E-9 3.14508E-9 4.89886E-9 1.07999E-8 3.15349E-8 1.87152E-7 1.44172E-7 3.47045E-7 6.28222E-7 1.68653E-6 2.47863E-6 3.30267E-6 4.40019E-6 5.39763E-5 5.75477E-4 1.96705E-2 4.21808E-1 7.23146E-1 8.04078E-1 8.44454E-1
-9999 -9999 -9999 -9999 -9999 -9999 -9999 -9999 -9999 -9999 -9999 -9999 -9999 -9999 -9999 -9999 -9999 -9999 -9999 -9999 -9999 -9999 -9999 -9999 -9999 -9999 -9999 -9999 -9999 1.17065E-1 1.60761E-2 3.27143E-2 4.57811E-2 1.04627E-2 1.3817E-3 1.16387E-5 9.7797E-7 1.6505E-7 8.69349E-8 1.5752E-8 4.30886E-9 7.20941E-10 1.13776E-9 9.48136E-10 1.19222E-9 1.46102E-9 1.81577E-9 4.12357E-9 6.05544E-9 1.31889E-8 5.07668E-8 1.10211E-7 1.08493E-7 3.58528E-7 7.61562E-7 1.15949E-6 1.5627E-6 1.92073E-6 2.27916E-6 2.06269E-5 6.98878E-4 1.21593E-1 7.43022E-1 8.31034E-1 8.31981E-1 7.99172E-1
-9999 -9999 -9999 -9999 -9999 -9999 -9999 -9999 -9999 -9999 -9999 -9999 -9999 -9999 -9999 -9999 -9999 -9999 -9999 -9999 -9999 -9999 -9999 -9999 -9999 -9999 -9999 -9999 -9999 2.55989E-1 3.98221E-2 2.35101E-2 2.48991E-2 8.67184E-3 1.2606E-3 3.82612E-5 4.56943E-7 5.54399E-8 7.75159E-8 1.25891E-8 4.66284E-9 1.15269E-9 1.62714E-9 1.64481E-9 1.27607E-9 1.48471E-9 2.84871E-9 5.64524E-9 1.0444E-8 9.00038E-9 1.66787E-8 6.587E-8 1.45291E-7 2.10512E-7 4.33984E-7 8.61359E-7 1.77897E-6 1.41001E-6 7.58234E-6 6.11059E-5 5.49946E-3 2.63862E-1 6.79712E-1 7.66436E-1 6.21169E-1 7.37649E-1
-9999 -9999 -9999 -9999 -9999 -9999 -9999 -9999 -9999 -9999 -9999 -9999 -9999 -9999 -9999 -9999 -9999 -9999 -9999 -9999 -9999 -9999 -9999 -9999 -9999 -9999 -9999 -9999 -9999 1.80869E-1 5.98999E-2 2.41319E-2 1.36711E-2 5.68552E-3 1.00601E-3 4.59223E-6 1.31972E-7 6.45595E-8 4.66492E-8 1.19065E-8 5.62945E-8 2.47622E-8 4.47842E-9 2.15176E-9 1.73936E-9 2.24975E-9 2.80701E-9 4.44931E-9 7.59315E-9 9.94075E-9 1.56162E-8 4.51124E-8 1.35674E-7 4.17757E-7 6.27334E-7 6.83032E-7 1.07716E-6 1.42992E-6 9.71387E-6 2.03302E-4 1.06338E-2 3.67162E-1 7.3145E-1 5.71255E-1 4.35018E-1 6.50012E-1
-9999 -9999 -9999 -9999 -9999 -9999 -9999 -9999 -9999 -9999 -9999 -9999 -9999 -9999 -9999 -9999 -9999 -9999 -9999 -9999 -9999 -9999 -9999 -9999 -9999 -9999 -9999 -9999 -9999 1.90166E-1 3.48535E-2 1.86717E-2 8.95939E-3 6.04956E-3 1.24209E-3 2.74178E-5 6.11453E-7 5.78787E-8 4.4502E-8 1.84389E-7 4.40541E-7 3.85765E-7 1.34678E-8 3.17779E-9 3.51998E-9 2.00295E-9 3.53578E-9 4.49972E-9 1.17274E-8 1.59328E-8 2.28308E-8 3.07572E-8 9.45803E-8 2.78049E-7 3.68634E-7 6.92566E-7 1.04896E-6 2.36698E-6 2.67762E-6 3.22335E-5 1.53956E-3 3.2666E-1 6.2623E-1 4.42968E-1 5.24255E-1 4.49577E-1
-9999 -9999 -9999 -9999 -9999 -9999 -9999 -9999 -9999 -9999 -9999 -9999 -9999 -9999 -9999 -9999 -9999 -9999 -9999 -9999 -9999 -9999 -9999 -9999 -9999 -9999 -9999 -9999 1.18978E-1 2.1172E-1 7.00175E-2 2.95633E-2 2.07414E-2 7.56739E-3 6.92144E-4 9.25404E-6 1.73689E-7 6.06234E-8 8.3465E-8 9.9709E-7 8.57307E-7 9.77727E-7 7.37119E-8 9.97385E-9 7.64339E-9 5.55285E-9 9.33879E-9 1.12635E-8 1.56184E-8 2.92536E-8 5.44408E-8 9.90364E-8 2.45424E-7 4.90582E-7 4.28869E-7 5.37503E-7 1.03438E-6 2.63499E-6 2.4033E-6 3.35245E-6 4.9518E-4 2.18853E-1 4.96371E-1 4.07757E-1 4.30931E-1 3.54642E-1
-9999 -9999 -9999 -9999 -9999 -9999 -9999 -9999 -9999 -9999 -9999 -9999 -9999 -9999 -9999 -9999 -9999 -9999 -9999 -9999 -9999 -9999 -9999 -9999 -9999 -9999 -9999 5.87352E-2 1.5185E-1 1.70986E-1 1.20523E-1 6.13744E-2 1.96053E-2 2.87995E-3 3.44107E-4 3.51352E-6 2.15286E-7 1.51398E-7 1.83552E-6 3.66554E-6 5.27012E-6 2.00795E-6 3.04195E-7 2.67141E-8 1.38552E-8 3.66382E-8 1.54634E-8 1.8229E-8 1.7805E-8 4.74608E-8 5.68614E-8 1.3427E-7 1.90342E-7 3.16948E-7 6.90387E-7 6.23387E-7 1.09383E-6 3.29721E-6 3.84546E-6 3.72139E-6 1.46114E-4 1.78671E-1 5.00605E-1 3.79837E-1 3.44916E-1 3.63956E-1
-9999 -9999 -9999 -9999 -9999 -9999 -9999 -9999 -9999 -9999 -9999 -9999 -9999 -9999 -9999 -9999 -9999 -9999 -9999 -9999 -9999 -9999 -9999 -9999 -9999 -9999 -9999 3.7456E-2 1.9481E-1 3.40339E-1 2.69975E-1 5.92037E-2 2.13592E-2 6.10762E-3 4.24839E-4 1.93852E-5 2.31959E-6 7.68985E-7 4.52804E-6 1.20243E-5 2.64979E-5 5.21703E-6 5.5927E-7 3.51698E-8 2.04693E-8 1.13186E-8 1.98898E-8 1.8158E-8 2.19475E-8 3.0528E-7 1.65273E-7 1.94298E-7 3.5949E-7 2.60707E-7 3.6322E-7 3.28758E-7 3.17084E-7 4.1423E-6 4.19859E-6 2.88091E-5 1.27904E-3 1.45564E-1 3.86926E-1 2.53209E-1 2.23662E-1 2.09374E-1
-9999 -9999 -9999 -9999 -9999 -9999 -9999 -9999 -9999 -9999 -9999 -9999 -9999 -9999 -9999 -9999 -9999 -9999 -9999 -9999 -9999 -9999 -9999 -9999 -9999 -9999 -9999 -9999 2.13806E-1 2.64708E-1 2.89581E-1 1.50144E-1 4.28989E-2 4.5601E-3 1.19224E-3 9.70881E-5 1.53204E-5 2.68648E-6 8.48378E-6 2.81252E-5 3.69043E-5 1.12912E-5 7.69752E-7 7.71221E-8 3.82582E-8 2.73295E-8 2.7831E-8 2.03876E-8 2.75675E-8 1.04252E-7 1.05685E-7 2.03396E-7 4.24624E-7 2.72978E-7 4.6089E-7 3.54561E-7 9.04803E-7 7.57369E-6 7.72866E-6 2.60226E-3 6.1385E-3 9.34468E-2 2.83457E-1 1.96042E-1 1.9444E-1 1.51478E-1
-9999 -9999 -9999 -9999 -9999 -9999 -9999 -9999 -9999 -9999 -9999 -9999 -9999 -9999 -9999 -9999 -9999 -9999 -9999 -9999 -9999 -9999 -9999 -9999 -9999 -9999 -9999 -9999 2.34037E-1 3.57402E-1 4.32293E-1 1.7569E-1 3.75822E-2 7.27219E-3 1.06306E-3 8.46307E-5 3.2921E-5 3.41001E-6 1.39744E-5 6.40405E-6 2.02053E-5 8.63309E-6 5.73312E-7 1.64896E-7 8.32344E-8 4.53474E-8 5.67336E-8 3.47294E-8 4.14467E-8 1.23906E-7 1.10312E-7 2.0626E-7 4.12524E-7 9.00246E-7 5.70042E-7 3.71804E-7 2.64489E-6 9.91367E-6 1.82445E-4 4.52803E-2 1.27152E-1 1.19676E-1 1.39209E-1 1.76056E-1 1.78314E-1 1.42995E-1
-9999 -9999 -9999 -9999 -9999 -9999 -9999 -9999 -9999 -9999 -9999 -9999 -9999 -9999 -9999 -9999 -9999 -9999 -9999 -9999 -9999 -9999 -9999 -9999 -9999 -9999 -9999 1.06098E-1 2.02514E-1 1.6645E-1 2.86388E-1 1.73592E-1 6.16548E-2 1.09693E-2 4.14312E-4 6.6999E-5 3.78741E-5 5.43232E-6 9.72688E-6 1.32336E-6 2.95067E-6 2.0363E-6 3.38285E-7 4.22085E-7 2.03885E-7 1.31387E-7 1.89711E-7 1.0213E-7 7.01028E-8 1.16042E-7 9.9047E-8 1.75906E-7 2.98461E-7 2.04019E-7 2.58459E-7 4.21386E-7 2.58695E-6 2.83265E-4 7.22474E-3 7.4997E-2 8.46756E-2 5.28814E-2 9.0626E-2 2.01531E-1 1.68112E-1 1.60558E-1
-9999 -9999 -9999 -9999 -9999 -9999 -9999 -9999 -9999 -9999 -9999 -9999 -9999 -9999 -9999 -9999 -9999 -9999 -9999 -9999 -9999 -9999 -9999 -9999 -9999 -9999 -9999 1.2022E-1 2.41317E-1 1.72736E-1 1.5242E-1 1.33182E-1 3.91445E-2 1.34642E-2 1.64373E-3 1.066E-4 9.29324E-6 5.88243E-6 6.01636E-6 1.35529E-6 1.43269E-6 6.24437E-7 3.04486E-7 3.42148E-7 6.79085E-7 1.74505E-7 1.69265E-7 5.66812E-7 1.27891E-7 9.57866E-8 6.07389E-8 1.12611E-7 2.12457E-7 1.4902E-7 4.56184E-7 4.57119E-7 5.75805E-6 2.49603E-3 1.81909E-2 4.99298E-2 6.13215E-2 3.50681E-2 7.83765E-2 8.06891E-2 1.92171E-1 1.77355E-1
-9999 -9999 -9999 -9999 -9999 -9999 -9999 -9999 -9999 -9999 -9999 -9999 -9999 -9999 -9999 -9999 -9999 -9999 -9999 -9999 -9999 -9999 -9999 -9999 -9999 -9999 -9999 1.1134E-1 3.59828E-2 5.51867E-2 6.41326E-2 6.28895E-2 2.12945E-2 7.34428E-3 7.96601E-4 5.96489E-5 9.20141E-6 8.35397E-6 1.72252E-6 3.14936E-6 1.6001E-6 4.17976E-7 9.3682E-7 4.70129E-7 2.1924E-6 4.65486E-7 3.14435E-7 2.6284E-7 1.44313E-7 6.03408E-8 5.13535E-8 1.64521E-7 1.43472E-7 2.23056E-7 6.08754E-7 5.6503E-7 2.16704E-6 3.05749E-3 2.49794E-2 3.88216E-2 3.68507E-2 2.27206E-2 5.69881E-2 4.49957E-2 1.50653E-1 1.5962E-1
-9999 -9999 -9999 -9999 -9999 -9999 -9999 -9999 -9999 -9999 -9999 -9999 -9999 -9999 -9999 -9999 -9999 -9999 -9999 -9999 -9999 -9999 -9999 -9999 -9999 -9999 -9999 5.12402E-2 1.32055E-2 1.56395E-2 3.36359E-2 2.46738E-2 1.131E-2 6.82499E-3 1.19395E-3 4.75586E-5 1.70728E-5 1.12104E-5 2.05652E-6 1.48429E-6 1.05975E-6 4.92101E-7 6.05416E-7 9.67903E-7 6.47792E-6 2.69094E-6 4.76601E-7 9.569E-7 2.38438E-7 1.39213E-7 1.17255E-7 1.18365E-7 1.26369E-7 2.25228E-7 1.19697E-6 1.07964E-6 2.80001E-6 1.29014E-3 1.8891E-2 1.21822E-2 2.27682E-2 1.62105E-2 4.9589E-2 3.79344E-2 1.78414E-1 1.18921E-1
-9999 -9999 -9999 -9999 -9999 -9999 -9999 -9999 -9999 -9999 -9999 -9999 -9999 -9999 -9999 -9999 -9999 -9999 -9999 -9999 -9999 -9999 -9999 -9999 -9999 -9999 -9999 2.64193E-2 9.44275E-3 1.02042E-2 9.47294E-3 9.80331E-3 6.87939E-3 7.90608E-3 7.45438E-4 1.1925E-4 1.61222E-4 1.14319E-5 2.04698E-6 1.16119E-6 8.60702E-7 6.95392E-7 1.27582E-6 1.61593E-5 5.50191E-5 1.4123E-6 5.36907E-7 3.9729E-7 3.73355E-7 3.41808E-7 1.83172E-7 1.0298E-7 4.12786E-7 3.66917E-7 1.283E-6 2.85349E-6 4.4242E-5 5.35738E-3 2.16026E-2 7.66691E-3 1.13945E-2 2.60856E-2 4.42339E-2 8.50575E-2 1.00204E-1 5.227E-2
-9999 -9999 -9999 -9999 -9999 -9999 -9999 -9999 -9999 -9999 -9999 -9999 -9999 -9999 -9999 -9999 -9999 -9999 -9999 -9999 -9999 -9999 -9999 -9999 -9999 -9999 -9999 2.25941E-2 1.1487E-2 7.12677E-3 7.2878E-3 5.81803E-3 7.66438E-3 5.85818E-3 7.15425E-4 7.5798E-5 1.15243E-4 9.06815E-6 1.77241E-6 1.55961E-6 2.34066E-6 1.75218E-6 1.76164E-4 1.68959E-4 1.74609E-5 6.83027E-7 5.70648E-7 4.33785E-7 9.68333E-7 4.16868E-7 1.88032E-7 1.69536E-7 1.20574E-6 1.23908E-6 2.44875E-6 1.49911E-5 1.01021E-3 1.16726E-2 1.82503E-2 8.20797E-3 1.53331E-2 2.44286E-2 4.34005E-2 6.52274E-2 3.80237E-2 2.76512E-2
-9999 -9999 -9999 -9999 -9999 -9999 -9999 -9999 -9999 -9999 -9999 -9999 -9999 -9999 -9999 -9999 -9999 -9999 -9999 -9999 -9999 -9999 -9999 -9999 -9999 -9999 -9999 2.69013E-2 1.44872E-2 8.44505E-3 6.71825E-3 6.25805E-3 4.45619E-3 3.70736E-3 7.83112E-4 5.28816E-5 8.5945E-5 1.22255E-5 4.48436E-6 1.66864E-6 1.73182E-6 3.82746E-6 3.37449E-5 1.42271E-4 6.70635E-5 7.46516E-7 9.67856E-7 7.9803E-7 3.71562E-7 3.81427E-7 3.41684E-7 4.18716E-7 1.79982E-6 4.28063E-6 1.37441E-6 6.52533E-5 3.10117E-3 7.82634E-3 1.3677E-2 1.32583E-2 1.76545E-2 2.93992E-2 4.85372E-2 4.12905E-2 1.75966E-2 1.95064E-2
-9999 -9999 -9999 -9999 -9999 -9999 -9999 -9999 -9999 -9999 -9999 -9999 -9999 -9999 -9999 -9999 -9999 -9999 -9999 -9999 -9999 -9999 -9999 -9999 -9999 -9999 -9999 4.27794E-3 3.72554E-3 2.88921E-3 5.04551E-3 7.66274E-3 5.67348E-3 2.48594E-3 1.72187E-4 8.00861E-5 8.93636E-5 2.14179E-5 8.16917E-6 1.55692E-6 3.52657E-6 5.71808E-6 1.45742E-6 1.50057E-5 7.18308E-6 1.39669E-6 1.05508E-6 1.39407E-6 4.368E-7 5.08443E-7 7.12697E-7 1.84593E-6 3.91616E-6 5.00292E-6 1.70017E-6 3.61946E-5 2.70364E-3 6.5757E-3 8.99476E-3 2.14461E-2 3.33514E-2 4.74884E-2 4.81787E-2 3.88503E-2 1.72051E-2 2.14732E-2
-9999 -9999 -9999 -9999 -9999 -9999 -9999 -9999 -9999 -9999 -9999 -9999 -9999 -9999 -9999 -9999 -9999 -9999 -9999 -9999 -9999 -9999 -9999 -9999 -9999 -9999 -9999 -9999 4.87493E-3 2.88644E-3 2.4473E-3 5.64131E-3 8.39458E-3 3.81831E-3 2.14912E-4 1.09584E-4 8.72696E-5 2.93365E-5 5.13489E-6 2.44408E-6 2.96781E-6 3.9407E-6 1.14569E-6 2.16584E-6 2.67282E-6 2.83272E-6 1.6109E-6 2.02634E-6 1.11974E-6 8.19146E-7 1.08282E-6 9.2047E-6 1.20853E-5 5.47948E-6 2.76931E-6 4.14267E-5 1.27393E-3 7.05026E-3 8.19079E-3 1.48568E-2 4.69542E-2 5.56485E-2 4.06896E-2 3.70291E-2 2.96789E-2 2.25764E-2
-9999 -9999 -9999 -9999 -9999 -9999 -9999 -9999 -9999 -9999 -9999 -9999 -9999 -9999 -9999 -9999 -9999 -9999 -9999 -9999 -9999 -9999 -9999 -9999 -9999 -9999 -9999 -9999 1.57615E-2 4.54207E-3 2.38551E-3 2.55319E-3 8.35243E-3 5.02348E-3 1.0236E-3 1.43315E-4 4.63193E-5 5.45957E-5 8.39034E-6 5.56756E-6 2.41754E-6 2.84615E-6 1.66834E-6 2.31944E-6 5.4779E-6 3.0212E-6 2.57692E-6 2.31217E-5 1.68406E-6 1.15687E-6 1.58679E-6 1.45015E-5 1.81192E-5 5.64969E-6 5.08179E-6 5.05472E-5 1.88387E-3 3.99998E-3 1.43889E-3 1.00338E-2 4.8401E-2 2.89039E-2 3.69987E-2 5.15571E-2 3.61946E-2 2.79902E-2
