Leopardus braccatus/Leopardus_braccatus.asc
ncols         515
nrows         545
xllcorner     -119.0
yllcorner     -58.333333333333
cellsize      0.166666666667
NODATA_value  -9999
[rows 145 to 173 of 545, columns 264 to 329 of 515]
1.45107E-5 9.11008E-7 3.92471E-6 2.44617E-5 1.00743E-3 3.77628E-4 7.91992E-5 3.52486E-5 2.4414E-3 1.49714E-2 4.85407E-2 4.68979E-2 5.02727E-3 2.22346E-3 1.32445E-3 7.19265E-4 1.75327E-3 2.83764E-3 5.67114E-3 6.78743E-3 6.76794E-3 1.59511E-2 2.13217E-2 3.15361E-2 6.73874E-3 1.93852E-2 1.77656E-2 2.48629E-2 3.48057E-2 7.38937E-4 1.54083E-3 7.59163E-4 5.61515E-4 4.66688E-4 4.45902E-4 3.72007E-4 3.52472E-4 5.98586E-4 3.57904E-4 3.83143E-4 2.93189E-4 1.70857E-4 1.62821E-4 2.22879E-4 2.42581E-4 1.5866E-4 1.9263E-4 1.72136E-4 1.1798E-4 1.0023E-4 2.14036E-4 2.46722E-4 2.95763E-4 4.03397E-4 4.18542E-4 3.96925E-4 4.22796E-4 4.15676E-4 5.11351E-4 8.3999E-4 1.70206E-2 2.2842E-2 2.05062E-2 1.13896E-2 2.90103E-2 2.93649E-2
2.1491E-5 1.18499E-6 4.82011E-6 4.56167E-5 3.82727E-3 2.46192E-4 1.42449E-4 1.67053E-5 3.6998E-4 7.27344E-3 1.09919E-1 9.26892E-2 1.77817E-2 4.31613E-3 1.91765E-3 2.96717E-3 6.95967E-3 3.72826E-3 5.32223E-3 1.82626E-2 4.70007E-2 3.1419E-2 1.52753E-2 1.20264E-2 9.14825E-3 9.78755E-3 1.30033E-2 2.45231E-2 1.47679E-2 6.43121E-4 5.99337E-4 7.05481E-4 4.77247E-4 3.39064E-4 3.71791E-4 4.87822E-4 4.18484E-4 3.83382E-4 2.60739E-4 2.58442E-4 1.84425E-4 1.57709E-4 1.4351E-4 1.18985E-4 1.36007E-4 6.89225E-5 7.40265E-5 1.44776E-4 1.35913E-4 9.89441E-5 5.77777E-5 5.89632E-5 1.54284E-4 2.61133E-4 2.79251E-4 2.21465E-4 1.39222E-4 2.69601E-4 2.15874E-4 3.3882E-4 7.44104E-4 8.6449E-4 9.32619E-3 5.95208E-3 3.05903E-3 8.05958E-3
2.86712E-5 8.21015E-6 3.01261E-5 7.72749E-5 4.9673E-4 1.22737E-4 2.14767E-5 4.65628E-5 1.78347E-4 6.1825E-4 5.08747E-2 2.41664E-2 1.51225E-2 7.8876E-3 1.05837E-2 7.67621E-3 8.849E-3 8.74643E-3 4.7376E-3 2.18133E-2 1.11114E-2 1.0854E-2 6.82309E-3 6.35786E-3 1.38448E-2 1.49678E-2 9.53213E-3 9.93938E-4 4.68034E-4 4.69691E-4 5.26898E-4 4.89269E-4 4.86218E-4 3.67064E-4 3.08341E-4 3.36629E-4 2.22952E-4 2.7206E-4 2.83613E-4 1.84778E-4 1.40731E-4 9.47931E-5 1.00838E-4 4.85749E-5 4.37766E-5 4.30446E-5 8.34185E-5 8.54246E-5 8.9204E-5 1.04832E-4 5.05864E-5 4.07953E-5 7.6801E-5 9.59383E-5 1.32493E-4 1.49069E-4 1.03583E-4 9.48859E-5 1.98002E-4 1.56839E-4 2.70256E-4 3.10666E-4 1.72733E-4 9.12285E-3 5.71374E-3 6.05893E-3
1.72037E-5 4.52829E-6 1.23306E-5 8.40505E-5 1.27365E-4 8.73317E-5 1.75511E-5 8.32761E-5 9.14226E-5 5.75855E-4 1.02767E-2 1.11802E-2 2.41115E-3 8.11146E-3 8.77671E-3 1.01675E-2 9.83659E-3 3.59061E-3 3.96014E-3 1.60009E-2 1.54828E-2 1.12243E-2 8.56943E-3 1.93994E-2 6.28603E-4 6.46187E-4 6.85589E-4 1.13828E-3 6.04742E-4 5.86348E-4 5.71979E-4 3.66706E-4 2.52367E-4 1.9456E-4 3.1761E-4 3.22566E-4 2.89145E-4 1.2528E-4 1.2662E-4 1.38193E-4 7.19793E-5 7.33707E-5 3.55282E-5 3.76665E-5 4.4859E-5 2.99906E-5 3.0674E-5 3.71588E-5 4.2412E-5 5.62633E-5 6.31399E-5 1.10983E-4 4.91015E-5 4.74222E-5 6.60508E-5 4.41633E-5 1.41585E-4 5.86385E-5 1.0661E-4 1.5093E-4 1.23118E-4 6.64103E-5 1.11028E-4 3.70452E-4 3.66488E-4 8.63953E-3
5.80152E-6 3.03739E-6 1.16393E-5 6.78315E-5 1.12745E-4 3.09452E-5 8.90069E-6 8.03013E-5 1.45907E-4 6.18498E-4 1.03976E-3 1.68611E-2 3.52137E-3 6.05759E-3 9.5345E-3 9.85174E-3 2.96756E-3 6.72521E-3 5.18111E-3 4.22277E-3 1.40289E-2 1.94881E-2 1.45315E-2 6.4196E-4 5.67221E-4 6.22218E-4 4.63783E-4 5.51889E-4 7.18148E-4 4.83668E-4 2.83524E-4 1.85162E-4 2.93957E-4 2.97214E-4 2.43638E-4 2.86913E-4 1.37755E-4 1.12861E-4 2.15346E-4 1.96705E-4 1.49658E-4 6.0901E-5 1.13543E-4 7.78142E-5 1.64977E-5 1.64861E-5 2.4851E-5 2.73943E-5 3.17715E-5 6.64924E-5 8.49857E-5 6.6982E-5 5.10996E-5 3.77957E-5 5.7841E-5 5.3302E-5 1.7284E-4 1.04627E-4 4.24032E-5 9.74657E-5 6.44715E-5 1.85685E-4 2.46877E-4 3.55525E-4 7.40383E-3 1.09965E-2
4.41116E-6 5.61966E-6 6.32181E-6 2.94292E-5 9.65198E-5 5.45933E-5 1.86233E-5 2.44026E-5 2.48377E-4 4.09858E-4 2.25347E-3 6.84778E-3 1.54195E-3 4.09594E-3 6.65005E-3 1.88524E-2 6.1861E-4 2.76574E-4 4.11352E-3 8.07938E-3 1.54231E-2 9.84805E-3 5.61549E-4 4.43446E-4 4.04777E-4 7.04635E-4 9.09052E-4 5.71657E-4 4.7799E-4 3.66766E-4 2.29365E-4 3.60809E-4 2.27555E-4 2.18158E-4 2.27378E-4 1.62715E-4 1.88191E-4 2.02691E-4 2.09704E-4 1.79495E-4 1.18318E-4 8.96567E-5 2.12112E-5 1.99467E-5 3.16638E-5 2.37576E-5 2.54396E-5 3.4995E-5 2.8114E-5 2.21473E-5 3.68003E-5 1.25243E-4 3.48942E-5 4.22298E-5 1.22786E-4 1.04151E-4 1.26261E-4 1.82111E-4 6.32138E-5 6.12256E-5 8.47177E-5 1.93002E-4 2.10001E-4 1.77857E-4 8.53199E-3 9.12586E-3
5.84454E-6 3.80765E-6 7.47814E-6 1.96789E-5 2.79481E-5 9.29029E-6 3.63135E-5 3.32951E-5 8.48304E-5 1.48674E-4 4.14667E-4 6.10859E-3 1.03055E-3 5.46475E-3 3.45178E-2 2.8783E-2 5.66189E-4 1.92677E-4 4.40084E-5 6.41861E-3 1.17928E-2 3.69932E-4 6.03938E-4 6.84809E-4 1.06813E-3 8.09103E-4 7.76451E-4 5.05624E-4 2.89783E-4 3.5971E-4 3.83806E-4 1.90839E-4 1.71668E-4 1.89326E-4 1.69715E-4 2.0348E-4 2.10216E-4 4.93158E-5 3.39856E-5 4.44729E-5 2.69253E-5 1.75518E-5 1.4265E-5 1.34793E-5 1.26003E-5 1.3027E-5 1.47535E-5 2.18921E-5 3.25314E-5 3.34474E-5 2.47854E-5 2.36617E-5 4.54399E-5 8.58171E-5 5.09112E-5 3.00268E-5 1.3808E-4 2.51184E-4 1.88578E-4 5.5031E-5 8.20402E-5 6.90936E-3 9.99484E-3 7.51614E-3 7.13688E-3 6.84791E-3
1.89315E-5 1.15695E-5 1.08954E-5 1.46946E-5 5.99055E-6 1.50087E-5 1.15103E-5 4.68567E-5 3.3616E-5 1.15881E-4 6.97204E-4 1.35772E-3 9.36583E-4 1.41664E-3 5.3205E-2 2.28009E-3 1.10384E-3 3.1842E-5 7.30964E-5 1.78146E-4 3.27233E-4 2.23383E-4 5.48426E-4 4.70799E-4 1.18735E-3 4.75887E-4 2.91422E-4 4.03303E-4 3.4571E-4 4.31686E-4 4.98688E-4 2.90226E-4 2.59726E-4 1.9061E-4 2.47249E-4 7.98973E-5 7.28629E-5 3.32328E-5 2.58686E-5 2.52752E-5 1.88321E-5 1.38493E-5 1.08572E-5 1.20605E-5 1.0325E-5 5.63193E-6 4.72824E-6 3.99078E-5 3.59439E-5 1.14897E-5 1.96531E-5 4.72125E-5 4.77483E-5 7.50966E-5 9.4965E-5 1.02065E-4 1.08807E-4 8.83807E-5 4.76872E-5 4.98525E-5 8.15936E-5 5.91131E-3 7.41404E-3 5.42807E-3 6.18892E-3 6.39621E-3
2.80945E-5 1.7823E-5 9.37171E-6 1.23565E-5 1.34547E-5 1.8403E-5 1.85326E-5 2.06479E-5 1.96523E-5 2.02743E-4 2.47532E-3 2.00022E-3 4.58462E-3 1.2108E-3 8.56055E-3 4.55652E-3 5.73041E-4 4.10714E-6 1.9758E-5 6.81228E-5 7.65834E-5 1.57351E-4 4.50348E-4 5.52336E-4 1.28713E-3 3.26596E-4 2.4203E-4 2.08802E-4 4.77232E-4 2.91468E-4 2.38301E-4 1.37566E-4 1.06043E-4 8.57981E-5 5.55956E-5 3.92301E-5 3.19919E-5 2.6893E-5 2.3236E-5 2.19829E-5 1.8111E-5 1.45332E-5 1.28614E-5 1.12088E-5 9.02698E-6 4.73718E-6 6.32061E-6 2.02546E-5 4.47978E-5 5.91725E-6 4.74403E-5 2.02299E-4 1.13183E-4 4.51301E-5 9.08264E-5 7.95994E-5 8.17887E-5 6.76186E-5 3.27211E-5 4.18968E-5 6.73259E-5 4.94528E-3 6.38248E-3 4.78598E-3 4.86722E-3 4.82008E-3
3.25891E-5 2.23957E-5 1.11256E-5 6.70078E-6 2.25348E-5 1.50873E-5 1.49251E-5 1.39578E-5 3.07568E-5 1.59263E-3 1.96522E-3 3.44435E-3 4.53087E-3 5.61322E-3 1.27038E-3 5.4255E-3 6.49362E-4 3.45505E-5 3.50243E-6 2.43164E-5 7.76859E-5 6.38141E-5 1.1576E-4 3.20188E-4 4.76465E-4 1.3608E-4 2.43276E-4 9.35547E-5 1.6161E-4 1.36197E-4 1.21819E-4 9.12726E-5 8.36469E-5 4.91768E-5 4.36109E-5 3.50592E-5 2.81653E-5 2.66082E-5 2.72814E-5 1.96025E-5 3.87238E-5 1.71659E-5 1.27286E-5 9.23112E-6 7.82878E-6 6.75422E-6 7.55051E-6 1.42624E-5 1.19439E-5 1.40473E-5 5.656E-5 2.90397E-4 4.30518E-4 5.89263E-5 6.84954E-5 6.24675E-5 9.31404E-5 2.79196E-4 5.69293E-5 3.88109E-5 3.82839E-3 2.84606E-3 5.31748E-3 3.60032E-3 3.42216E-3 3.65734E-3
2.07094E-5 1.43413E-5 1.26214E-5 2.63903E-5 2.33808E-5 8.71197E-6 1.5374E-5 1.20519E-5 8.67431E-5 3.02501E-3 2.78252E-3 9.85665E-3 8.95147E-3 1.60479E-2 7.76518E-3 1.388E-3 4.93552E-3 8.08822E-3 1.90621E-5 3.61017E-5 8.4691E-5 8.96181E-5 1.00346E-4 3.33329E-4 2.36722E-4 1.16807E-4 8.03974E-5 1.48161E-4 1.08056E-4 9.05815E-5 9.49377E-5 8.79471E-5 7.75771E-5 4.08716E-5 3.94734E-5 2.9994E-5 2.47302E-5 1.93886E-5 1.31763E-5 1.26439E-5 1.30385E-5 1.04549E-5 8.92244E-6 7.77541E-6 5.84203E-6 5.58298E-6 5.28855E-6 9.34275E-6 2.02883E-5 3.06111E-5 6.73677E-5 1.99991E-4 3.20869E-4 7.14895E-5 3.62254E-5 7.68481E-5 1.94576E-4 2.32526E-2 6.92044E-3 1.84594E-3 1.92168E-3 1.82542E-3 2.66142E-3 2.82504E-3 2.47321E-3 2.56056E-3
2.65878E-5 1.61006E-5 1.76308E-5 6.68866E-5 9.94135E-6 1.56657E-5 1.4209E-5 1.24449E-4 5.2257E-4 4.16985E-3 1.74811E-3 4.48153E-3 4.38786E-3 3.35879E-2 1.35096E-2 1.57028E-3 1.66984E-3 3.75566E-3 6.73566E-5 7.276E-5 2.14987E-4 3.35349E-4 3.4776E-4 3.53121E-4 9.77207E-5 5.44388E-5 5.31883E-5 5.02532E-5 8.85889E-5 8.40332E-5 6.48347E-5 6.45999E-5 5.58888E-5 4.95408E-5 2.95272E-5 2.51056E-5 1.88965E-5 1.79773E-5 1.34069E-5 1.21872E-5 1.13097E-5 9.56974E-6 9.38329E-6 7.32157E-6 5.26431E-6 3.33337E-6 4.66365E-6 9.42633E-6 4.35366E-5 1.39178E-4 4.98607E-5 8.9163E-5 8.47198E-5 5.35863E-5 3.3948E-5 2.9302E-5 5.71387E-5 1.8202E-4 1.24433E-2 1.97644E-3 1.41543E-3 1.68634E-3 1.95815E-3 1.98288E-3 1.93473E-3 1.60405E-3
2.22535E-5 2.66207E-5 6.79866E-5 2.13601E-5 9.97305E-6 1.37423E-5 3.87397E-5 1.37807E-4 1.24637E-3 1.19943E-3 1.67685E-3 2.58229E-3 2.55238E-3 4.71048E-3 1.2975E-2 8.80776E-3 2.83441E-3 1.28004E-5 5.77186E-5 1.10023E-4 1.89489E-4 3.99233E-4 5.05408E-4 2.45628E-4 8.10482E-5 4.82016E-5 4.55107E-5 4.56566E-5 4.98372E-5 7.98652E-5 5.62475E-5 4.25989E-5 4.54443E-5 4.26145E-5 4.13927E-5 5.48218E-5 2.30394E-5 1.60905E-5 1.2347E-5 6.41964E-6 6.70707E-6 5.37177E-6 5.23165E-6 3.87987E-6 6.26752E-6 4.46579E-6 8.43413E-6 1.25803E-5 5.50303E-5 9.86774E-5 8.30408E-5 8.93441E-5 6.40247E-5 6.95807E-5 4.44992E-5 6.34873E-5 5.78819E-5 1.12346E-4 2.07002E-2 1.14112E-2 2.89736E-3 1.1844E-3 2.06282E-3 1.4492E-3 1.65691E-3 1.47416E-3
2.11167E-5 2.85381E-5 8.89481E-5 4.52471E-5 1.76112E-5 5.09329E-5 1.25081E-4 3.03945E-3 1.02088E-3 8.453E-4 3.65477E-3 5.60171E-3 1.14026E-3 2.97818E-3 4.07271E-3 9.93869E-3 2.41874E-4 7.67734E-5 3.84647E-5 3.70365E-5 5.31507E-5 4.19006E-4 3.1128E-4 1.30117E-4 6.14168E-5 4.54993E-5 3.51595E-5 4.03869E-5 4.72952E-5 3.61722E-5 6.67745E-5 8.2592E-5 7.20041E-5 8.35539E-5 5.64687E-5 3.95724E-5 2.70424E-5 1.33234E-5 1.33862E-5 5.1506E-6 4.4879E-6 3.84718E-6 5.43193E-6 4.32512E-6 3.23701E-6 5.04353E-6 1.55084E-5 3.02689E-5 3.95022E-5 1.02493E-4 2.5208E-4 9.22619E-5 9.3266E-5 4.68026E-5 5.31121E-5 1.12326E-4 8.88076E-5 4.14231E-2 1.88658E-2 6.35659E-3 2.44932E-3 3.01075E-3 1.35835E-3 9.53703E-4 1.72091E-3 1.06805E-3
3.25835E-5 2.46487E-5 8.51729E-5 3.01779E-5 1.53093E-5 1.08146E-4 8.26363E-4 1.09085E-3 5.82118E-4 7.77927E-3 5.4634E-3 1.35033E-3 6.39047E-3 2.77726E-3 6.01367E-3 1.20299E-2 4.29796E-4 7.53882E-5 6.64945E-5 6.953E-5 5.83431E-5 1.98248E-4 3.04615E-4 1.06628E-4 4.10255E-5 7.64569E-5 5.34692E-5 2.80866E-5 1.78378E-5 4.5502E-5 6.82423E-5 5.6874E-5 4.41623E-5 3.78408E-5 1.84286E-5 2.45132E-5 2.02042E-5 1.10139E-5 5.02308E-6 4.15359E-6 2.81649E-6 3.14484E-6 4.8912E-6 4.83176E-6 3.84269E-6 6.22189E-6 1.86271E-5 3.73374E-5 4.07138E-5 8.02747E-5 2.11265E-4 2.4622E-4 9.48901E-5 4.56154E-4 3.41955E-4 1.03944E-4 5.51867E-5 4.42254E-2 1.43426E-2 7.7041E-3 3.39049E-3 1.58039E-3 1.1938E-3 7.05686E-4 1.18314E-3 1.67954E-3
6.10776E-5 6.02226E-5 1.09857E-4 2.22428E-5 3.56597E-5 1.19632E-4 8.4785E-4 2.77814E-3 9.0206E-3 1.87014E-3 3.22847E-3 4.81758E-3 5.85647E-3 7.89543E-3 1.54755E-2 4.92616E-3 3.57846E-4 1.33701E-4 6.352E-5 7.29356E-5 3.84029E-5 4.45234E-5 9.19202E-5 6.63388E-5 5.30369E-5 8.02421E-5 6.08965E-5 2.07686E-5 1.49172E-5 4.41706E-5 3.33573E-5 4.84085E-5 3.81202E-5 2.66394E-5 1.07613E-5 1.10056E-5 5.48236E-6 3.2486E-6 3.17058E-6 2.59404E-6 1.71458E-6 2.94736E-6 2.20058E-6 1.73651E-6 3.89376E-6 1.47368E-5 2.51441E-5 4.02499E-5 8.97515E-5 1.64873E-4 2.73796E-4 1.66076E-4 2.08462E-4 8.21233E-4 2.16791E-4 8.36177E-6 8.0496E-5 6.58323E-2 2.27103E-2 7.61517E-3 1.8449E-3 8.70992E-4 1.24666E-3 6.3275E-4 8.01512E-4 1.23611E-3
3.4973E-5 1.23124E-4 7.45801E-5 2.92378E-5 9.7366E-5 1.5953E-4 6.59049E-4 7.91565E-3 7.67257E-3 2.06963E-3 2.75603E-3 1.46973E-3 1.19023E-3 6.79121E-3 7.88282E-3 1.3011E-3 2.81993E-4 2.07912E-4 1.36086E-4 9.14748E-5 9.4183E-5 4.0839E-5 2.17075E-5 3.48777E-5 6.41915E-5 3.47066E-5 2.48033E-5 4.03016E-5 5.00021E-5 4.26022E-5 1.66516E-5 1.10608E-5 1.07482E-5 9.42627E-6 6.01909E-6 4.97732E-6 3.98019E-6 4.1008E-6 2.43232E-6 2.18179E-6 1.49411E-6 2.15673E-6 1.96304E-6 2.13257E-6 7.56681E-6 2.66416E-5 1.41266E-5 4.39419E-5 1.09138E-4 4.9778E-5 5.45937E-5 1.36293E-4 2.18473E-5 1.37881E-5 1.06603E-5 6.86899E-5 1.49548E-4 4.10439E-2 4.95536E-2 3.65043E-3 1.69828E-3 8.36228E-4 7.45063E-4 9.74489E-4 7.90317E-4 1.25311E-3
3.60136E-5 1.13022E-4 5.90035E-5 6.03436E-5 2.51652E-4 3.53272E-4 7.96382E-4 4.97615E-3 1.40041E-3 5.61177E-3 4.28832E-3 8.26657E-3 4.49739E-3 7.8946E-4 7.16382E-4 1.61116E-4 7.73213E-5 1.22682E-4 5.78307E-5 1.33021E-4 1.58589E-4 4.23538E-5 2.20652E-5 2.93623E-5 2.43811E-5 2.31825E-5 6.25163E-5 1.01296E-5 1.2725E-5 9.66506E-6 9.98247E-6 6.94427E-6 7.95146E-6 5.97028E-6 5.24325E-6 4.51499E-6 4.48931E-6 5.23584E-6 4.28245E-6 3.00303E-6 2.1435E-6 2.72764E-6 2.72482E-6 4.56767E-6 9.74598E-6 1.73754E-5 2.78366E-5 3.53236E-5 5.11753E-5 6.3739E-5 5.996E-5 6.45654E-5 1.2265E-5 9.59914E-6 7.95321E-6 1.97033E-5 1.08505E-5 5.07316E-2 3.12125E-2 5.20044E-3 1.51445E-3 9.36773E-4 8.50098E-4 9.50443E-4 7.24433E-4 7.23992E-4
5.47029E-5 1.1967E-4 3.40239E-5 1.42618E-4 2.48084E-4 2.57832E-4 1.14064E-3 1.89829E-3 1.38334E-3 8.39557E-3 1.18233E-3 1.05339E-3 4.37887E-4 5.43572E-5 3.51677E-5 3.36662E-5 6.56489E-5 6.8378E-5 3.85234E-5 4.13616E-5 3.91431E-5 5.16318E-5 5.65862E-5 4.01538E-5 1.65475E-5 7.07457E-5 1.30089E-5 6.38976E-6 4.21917E-6 1.83881E-6 2.65143E-6 3.02148E-6 3.57102E-6 6.2538E-6 6.09563E-6 6.93159E-6 5.10211E-6 2.95214E-6 2.5939E-6 1.68246E-6 1.5832E-6 2.94254E-6 2.81414E-6 6.1677E-6 9.0577E-6 2.12743E-5 1.35717E-5 1.81044E-5 1.59903E-4 8.96094E-5 1.7488E-5 1.3936E-5 9.05396E-6 8.76757E-6 5.49852E-6 7.25464E-6 1.17598E-5 2.5361E-5 2.9345E-2 6.01489E-3 1.249E-3 1.26093E-3 6.56794E-4 1.02871E-3 1.27213E-3 3.35326E-4
5.86667E-5 1.13163E-4 7.55158E-5 3.92096E-4 6.28005E-4 3.03737E-4 2.36297E-3 2.4381E-3 3.90818E-3 2.57367E-3 9.08508E-4 1.60697E-4 1.06526E-4 1.00909E-5 2.59766E-5 3.01155E-5 9.02477E-5 8.65323E-5 2.78423E-5 3.21472E-5 4.09822E-5 4.36318E-5 6.72704E-5 4.93117E-5 4.5241E-5 4.18558E-6 4.73732E-6 3.46013E-6 4.14041E-6 2.29365E-6 3.47162E-6 4.42399E-6 4.84136E-6 6.61302E-6 5.58881E-6 3.70992E-6 3.45004E-6 2.97305E-6 3.33314E-6 3.31899E-6 2.67132E-6 1.70057E-6 1.96698E-6 6.18241E-6 6.4757E-6 4.29146E-5 4.13012E-5 1.02022E-4 9.35869E-5 8.98252E-5 1.99494E-5 1.56253E-5 7.11933E-6 4.88742E-6 8.82633E-6 8.61823E-6 5.30784E-6 7.26068E-6 1.26907E-2 2.2223E-3 1.12554E-3 1.14163E-3 1.46577E-3 1.1174E-3 1.0363E-3 7.48009E-4
8.42364E-5 9.61727E-5 1.83916E-4 1.63155E-3 4.39736E-4 1.04496E-3 1.77387E-3 4.41456E-3 5.44861E-4 1.69396E-3 1.36049E-4 1.63527E-5 1.12385E-5 1.63171E-5 2.95723E-5 2.75779E-5 1.1645E-4 5.27184E-5 5.04971E-5 6.30124E-5 5.14346E-5 3.83821E-5 3.68757E-5 7.74763E-5 1.11472E-5 6.30948E-6 3.84053E-6 2.3859E-6 2.67596E-6 5.23703E-6 5.88498E-6 7.15795E-6 4.55622E-6 2.9085E-6 2.73058E-6 2.94279E-6 3.86675E-6 3.82912E-6 2.93425E-6 2.45661E-6 2.38769E-6 3.56034E-6 3.67437E-6 6.59046E-6 5.74764E-6 1.66937E-5 1.64874E-5 6.81539E-5 1.09274E-4 1.00187E-4 2.80294E-5 1.40341E-5 7.43067E-6 2.71684E-6 5.07548E-6 6.53593E-6 6.36849E-6 7.60079E-6 1.40093E-5 1.45237E-3 1.71446E-3 1.39486E-3 4.24763E-3 3.31156E-3 7.16969E-4 9.35184E-4
8.94995E-5 1.77647E-4 3.17463E-4 5.15446E-4 1.1142E-3 1.27372E-3 1.25279E-3 1.04618E-3 2.66436E-3 5.54952E-4 6.75927E-6 8.08164E-6 9.63723E-6 1.73779E-5 1.8623E-5 2.58002E-5 3.9095E-5 3.3229E-5 3.41028E-5 3.89723E-5 7.76856E-5 6.75963E-5 9.89538E-5 2.06692E-5 6.01505E-6 1.95121E-6 5.968E-6 2.02816E-6 1.77591E-6 5.81683E-6 5.56067E-6 3.74425E-6 3.05034E-6 3.06485E-6 3.93202E-6 2.18022E-6 3.77377E-6 2.99443E-6 2.61832E-6 3.66229E-6 3.89344E-6 3.30631E-6 2.43163E-6 5.14401E-6 2.83105E-6 4.35255E-6 4.2565E-6 1.65411E-5 7.58582E-5 1.0737E-4 1.78134E-5 6.23354E-6 4.31848E-6 4.21308E-6 3.49756E-6 3.01861E-6 3.57385E-6 4.18961E-6 1.10325E-5 1.01582E-3 9.43339E-4 1.12095E-3 8.77308E-3 4.096E-3 1.24175E-3 5.24467E-4
1.57529E-4 2.27321E-4 1.56836E-4 3.81424E-4 7.11765E-4 6.08201E-4 2.71374E-3 2.66457E-3 8.2594E-4 4.09279E-5 4.11021E-6 6.31144E-6 1.69073E-5 4.59811E-5 2.73612E-5 3.50953E-5 2.20246E-5 3.68511E-5 1.01578E-4 1.09091E-4 9.42642E-5 4.62843E-5 4.42968E-5 2.20124E-5 1.26026E-5 4.04322E-6 8.74073E-6 3.21107E-6 1.32101E-6 2.80872E-6 3.54764E-6 1.01788E-5 5.90926E-6 5.56453E-6 5.47582E-6 5.71975E-6 2.41027E-6 2.76618E-6 4.49202E-6 4.60975E-6 3.93632E-6 2.89751E-6 2.97195E-6 2.37485E-6 2.88028E-6 4.02693E-6 2.82737E-6 1.28457E-5 4.61208E-5 3.18728E-5 3.01424E-6 2.63551E-6 3.38204E-6 2.27522E-6 2.32024E-6 8.47928E-6 1.64159E-5 1.26006E-5 2.05427E-3 7.91341E-4 9.88589E-4 1.76965E-3 2.77899E-3 4.00806E-3 3.97139E-3 8.37886E-4
4.51295E-4 2.55446E-4 1.72721E-4 2.20196E-4 1.48549E-4 7.15242E-4 2.8449E-3 7.41459E-4 1.1199E-4 9.04757E-6 5.18425E-6 1.02135E-5 3.32625E-5 5.007E-5 2.22957E-5 6.74919E-5 5.984E-5 1.06172E-4 9.92601E-5 3.00214E-5 1.93106E-5 4.40428E-5 4.50679E-5 2.43794E-5 1.55595E-5 1.07375E-5 1.23281E-5 8.99517E-6 4.33243E-6 2.69933E-6 1.57472E-5 8.92014E-6 1.12953E-5 9.90077E-6 7.2013E-6 6.72358E-6 6.20311E-6 4.80446E-6 5.41594E-6 4.62099E-6 3.47808E-6 3.01438E-6 2.64612E-6 2.66476E-6 2.65312E-6 3.58003E-6 3.73803E-6 1.00605E-5 5.64326E-6 3.37446E-6 1.93544E-6 1.79024E-6 2.33266E-6 1.87066E-6 1.7812E-6 1.17103E-5 2.94953E-5 2.29402E-5 1.51622E-3 1.45512E-3 2.14786E-3 1.57463E-3 1.27937E-3 1.30876E-3 1.23291E-3 1.19818E-5
3.75861E-4 3.45771E-4 1.78744E-4 2.57335E-4 2.39951E-4 7.45867E-4 1.64217E-3 2.85382E-4 9.57647E-6 6.18574E-6 2.55397E-5 2.59285E-5 3.15038E-5 4.19506E-5 4.56987E-5 2.53933E-5 2.12551E-5 4.63948E-5 4.24035E-5 5.17434E-5 4.40085E-5 7.0522E-5 2.77698E-5 2.75074E-5 2.66172E-5 1.19908E-5 2.36978E-5 1.58845E-5 1.73476E-5 1.64089E-5 2.11221E-5 2.09825E-5 1.7023E-5 1.35482E-5 1.05313E-5 1.09177E-5 1.0166E-5 4.75699E-6 4.51593E-6 4.67846E-6 3.43156E-6 2.60739E-6 3.37848E-6 4.28889E-6 2.16334E-6 1.88822E-6 3.42695E-6 2.78051E-6 3.07848E-6 1.65361E-6 1.57922E-6 2.82025E-6 2.61659E-6 3.4734E-6 4.16267E-6 6.64033E-6 1.24917E-5 1.08231E-5 1.16962E-3 1.12269E-3 1.5834E-3 1.48353E-3 8.45689E-4 7.52167E-4 7.01765E-4 3.77753E-6
3.28491E-4 3.19679E-4 2.94591E-4 2.16923E-4 1.25172E-4 8.35584E-4 2.57289E-4 8.98243E-6 1.73493E-5 2.0348E-5 2.89628E-5 2.90387E-5 4.09059E-5 1.412E-5 2.86762E-5 2.64749E-5 4.44784E-5 6.60393E-5 3.76805E-5 6.32925E-5 9.06069E-5 9.80363E-5 4.28319E-5 3.02272E-5 2.13994E-5 2.90907E-5 2.2371E-5 2.32823E-5 1.25821E-5 2.09708E-5 2.07002E-5 2.18775E-5 1.62776E-5 1.25498E-5 1.15472E-5 1.08771E-5 6.97671E-6 5.00645E-6 4.64054E-6 4.72115E-6 3.29849E-6 2.75846E-6 2.49592E-6 2.59876E-6 1.84674E-6 1.43263E-6 2.26824E-6 2.00624E-6 1.96513E-6 1.37698E-6 1.20774E-6 8.27071E-7 1.66517E-6 8.99015E-6 8.0433E-6 1.70198E-5 7.35389E-6 8.68364E-6 1.09047E-5 1.22825E-3 1.22742E-3 1.27066E-3 9.22934E-4 8.07788E-6 5.02684E-6 9.23012E-6
5.33756E-4 3.89548E-4 2.08221E-4 1.26645E-4 4.293E-4 5.24288E-4 1.78348E-4 5.02444E-6 2.55748E-5 5.54664E-5 5.04739E-5 4.71566E-5 1.73712E-5 2.7347E-5 1.9593E-5 2.89092E-5 4.99492E-5 4.64141E-5 5.46586E-5 6.68663E-5 6.10908E-5 5.0934E-5 5.0325E-5 5.49109E-5 5.37198E-5 4.14707E-5 2.66518E-5 2.54866E-5 2.52497E-5 2.14264E-5 2.16142E-5 1.72036E-5 1.52097E-5 1.30223E-5 1.19984E-5 9.7324E-6 9.23271E-6 5.44745E-6 5.02596E-6 4.9226E-6 3.72259E-6 3.16631E-6 2.58873E-6 1.77845E-6 1.23844E-6 1.5667E-6 1.52324E-6 1.05566E-6 1.37772E-6 1.30635E-6 1.00488E-6 7.57249E-7 1.02137E-6 2.58042E-6 3.56008E-6 1.01497E-5 7.24027E-6 7.49643E-6 1.59468E-5 6.92216E-6 9.66831E-6 7.85555E-4 8.79848E-4 9.99561E-6 9.29111E-6 8.39686E-6
2.98926E-4 4.30893E-4 1.49682E-4 6.72368E-5 4.03577E-4 7.31393E-4 3.27379E-5 2.16968E-5 4.24346E-5 4.6296E-5 6.44991E-5 5.13027E-5 2.63466E-5 5.49229E-5 8.24022E-5 7.98869E-5 7.51324E-5 3.40872E-5 6.50463E-5 3.85994E-5 4.25795E-5 3.74952E-5 2.93932E-5 5.21577E-5 6.21106E-5 3.85486E-5 2.92952E-5 2.95592E-5 2.283E-5 2.2441E-5 2.19665E-5 1.77635E-5 1.55188E-5 1.52122E-5 1.27666E-5 9.48038E-6 8.6886E-6 8.36876E-6 4.98684E-6 3.98871E-6 3.18609E-6 2.81518E-6 2.13393E-6 2.10287E-6 1.24148E-6 9.78729E-7 9.93793E-7 6.47735E-7 7.67951E-7 1.38286E-6 1.12294E-6 9.26265E-7 9.88167E-7 2.39792E-6 2.25893E-6 5.53514E-6 5.98839E-6 1.28257E-5 1.80449E-5 6.24116E-6 6.87338E-6 1.05255E-5 9.77986E-6 8.76984E-6 7.30321E-6 7.772E-6
5.4394E-4 7.22955E-4 5.19746E-5 2.23153E-4 2.4452E-4 3.5669E-4 6.44678E-5 6.93859E-5 4.9039E-5 4.92008E-5 5.07987E-5 3.50208E-5 3.91133E-5 3.99804E-5 2.84949E-5 3.85308E-5 2.17455E-5 2.95311E-5 3.8316E-5 3.29766E-5 4.57024E-5 5.62988E-5 3.97829E-5 6.65682E-5 5.69267E-5 4.54097E-5 3.68954E-5 3.57441E-5 2.8464E-5 1.90368E-5 2.31497E-5 2.01567E-5 1.60997E-5 1.27446E-5 1.0743E-5 9.45927E-6 7.53938E-6 6.56644E-6 6.55538E-6 3.53536E-6 2.49151E-6 3.20209E-6 1.89846E-6 1.59893E-6 1.76106E-6 1.55082E-6 7.22855E-7 6.00513E-7 1.30777E-6 1.76572E-6 1.20384E-6 1.02979E-6 2.02413E-6 1.28298E-6 1.1453E-6 4.88862E-6 1.04177E-5 1.08187E-5 1.65348E-5 8.52339E-6 5.8279E-6 1.00334E-5 8.47455E-6 7.2701E-6 7.4659E-6 1.38421E-5
