Leopardus braccatus/Leopardus_braccatus_projection 2041-2060.asc
ncols         515
nrows         545
xllcorner     -119.0
yllcorner     -58.333333333333
cellsize      0.166666666667
NODATA_value  -9999
[rows 29 to 57 of 545, columns 66 to 131 of 515]
3.55449E-5 2.71348E-5 7.85093E-6 3.88234E-6 2.33988E-6 1.146E-6 6.5427E-7 5.61264E-7 4.81744E-7 4.66831E-7 4.81138E-7 3.98123E-7 1.31742E-6 1.46152E-6 4.67338E-6 3.09022E-6 6.6359E-7 6.86518E-7 9.57134E-7 1.41641E-6 3.00304E-6 1.73931E-6 4.14222E-6 5.31113E-6 7.41725E-5 3.50779E-5 1.15791E-4 1.34732E-4 1.10088E-4 1.09196E-4 7.74183E-5 4.73978E-4 4.3111E-4 8.70848E-5 2.40361E-4 3.04393E-4 4.14537E-4 2.56243E-4 8.35321E-4 5.59996E-4 3.80449E-4 3.42748E-4 3.27693E-4 5.07212E-4 6.17007E-4 7.27648E-4 1.14606E-3 1.99789E-3 2.3972E-3 3.10428E-3 4.42734E-3 4.87771E-3 3.97494E-3 4.17265E-3 3.36052E-3 2.83468E-3 3.40322E-3 4.48374E-3 7.1232E-3 9.04262E-3 9.31849E-3 9.1861E-3 1.2262E-2 1.6064E-2 -9999 -9999
9.02425E-5 6.88127E-5 2.84571E-5 9.84898E-6 3.64014E-6 2.52327E-6 1.76487E-6 5.62214E-7 2.20996E-6 7.1426E-7 6.08777E-7 1.20588E-6 2.13226E-6 2.62221E-6 2.53908E-6 1.64814E-6 4.02899E-7 6.31588E-7 9.90544E-7 3.63703E-6 1.67416E-6 4.30724E-6 8.64068E-6 3.01168E-5 3.0001E-5 7.77377E-5 1.91333E-4 1.95823E-4 1.35947E-4 8.82766E-5 8.08285E-5 3.14937E-4 4.01424E-4 1.1857E-4 1.03016E-4 1.39385E-4 9.77579E-4 5.63278E-4 4.74213E-4 8.05077E-4 3.49318E-4 2.54286E-4 2.29144E-4 4.56389E-4 1.15852E-3 8.30785E-4 1.12546E-3 2.15437E-3 3.12802E-3 3.82248E-3 4.68488E-3 4.80422E-3 4.18285E-3 4.75482E-3 2.72862E-3 2.92657E-3 4.02101E-3 6.07537E-3 8.06616E-3 7.4043E-3 9.25892E-3 9.63796E-3 1.26754E-2 2.052E-2 -9999 -9999
2.00845E-4 1.20994E-4 6.9576E-5 1.74664E-5 2.80654E-6 2.10563E-6 3.5711E-6 2.2333E-6 8.77268E-6 8.53524E-7 6.79319E-7 1.56467E-6 1.14838E-6 9.27356E-7 8.42993E-7 6.06962E-7 6.1495E-7 4.23429E-7 5.27383E-7 2.20964E-6 1.81475E-6 1.99891E-6 1.34681E-5 6.52776E-5 4.8271E-5 3.40997E-4 6.25621E-4 3.14425E-4 1.48363E-4 1.439E-4 1.4115E-4 2.38185E-4 2.83904E-4 1.76456E-4 6.37907E-5 5.10129E-4 1.15549E-3 7.73825E-4 2.13422E-4 3.39625E-4 3.99429E-4 4.18153E-4 2.72015E-4 2.41222E-4 3.78394E-4 4.66718E-4 1.13891E-3 2.46332E-3 3.38482E-3 4.66451E-3 5.03842E-3 5.4573E-3 4.80274E-3 5.07338E-3 3.39324E-3 2.67931E-3 3.82138E-3 4.93632E-3 5.28318E-3 6.64698E-3 7.72525E-3 1.04521E-2 1.62849E-2 2.536E-2 -9999 -9999
2.65917E-4 1.64909E-4 1.04743E-4 2.22092E-5 7.18594E-6 4.22375E-6 4.40011E-6 2.98586E-6 1.02037E-5 8.83466E-7 5.42065E-7 2.06916E-6 2.0383E-6 1.54822E-6 7.34455E-7 5.99959E-7 1.12578E-6 5.83358E-7 5.09337E-7 6.46506E-7 3.27993E-6 2.13985E-6 2.12276E-5 3.90091E-5 2.17956E-5 5.83579E-5 1.16542E-4 9.59469E-5 2.1499E-4 8.34274E-5 1.12663E-4 1.89728E-4 6.7708E-4 1.0851E-3 2.91325E-4 5.04598E-4 1.05925E-3 9.99025E-4 2.82426E-4 2.20708E-4 1.95989E-4 6.18941E-4 8.84639E-4 3.91875E-4 2.5001E-4 3.57674E-4 8.49651E-4 2.06059E-3 3.40974E-3 4.34257E-3 5.62169E-3 5.38176E-3 3.80986E-3 4.63264E-3 4.70644E-3 3.69517E-3 4.29539E-3 6.11495E-3 8.34024E-3 5.75696E-3 7.32695E-3 9.99487E-3 1.43611E-2 -9999 -9999 -9999
8.13689E-5 1.02453E-4 1.41665E-4 6.11995E-5 2.1518E-5 8.16659E-6 1.08053E-5 7.95329E-6 8.04279E-6 1.38489E-6 1.46997E-6 3.91976E-6 2.8529E-6 1.24814E-6 9.51196E-7 6.98716E-7 5.49914E-7 6.87791E-7 8.80469E-7 5.42518E-7 1.49154E-6 2.0004E-6 2.98179E-6 4.27212E-6 5.66142E-6 1.96767E-5 3.86113E-5 5.50206E-5 2.76027E-4 3.79052E-5 8.12276E-5 7.66692E-5 1.15923E-4 3.6022E-4 2.77266E-4 3.39266E-4 3.40774E-4 1.11566E-3 5.34774E-4 6.79727E-4 5.98449E-4 2.97482E-4 4.45968E-4 5.09521E-4 1.93082E-4 2.05208E-3 1.30215E-3 1.76163E-3 3.31219E-3 4.94692E-3 5.39544E-3 5.97641E-3 4.93462E-3 4.86215E-3 5.51735E-3 3.92622E-3 5.06542E-3 5.55586E-3 9.54481E-3 4.97108E-3 6.37558E-3 8.54078E-3 1.49181E-2 -9999 -9999 -9999
3.12995E-4 2.24802E-4 1.64123E-4 1.96561E-4 6.28705E-5 2.81452E-5 3.38412E-5 1.27287E-5 1.05841E-5 5.75531E-6 2.70093E-6 2.39104E-6 3.65496E-6 2.5115E-6 5.95622E-7 7.48136E-7 8.89281E-7 1.23299E-6 9.23651E-7 7.94818E-7 1.95845E-6 1.72962E-6 1.15841E-6 4.26875E-6 3.95889E-6 1.31373E-5 2.56769E-5 4.491E-5 5.09489E-5 1.51617E-4 1.35397E-4 2.28555E-4 2.59024E-4 4.53655E-4 4.63187E-4 6.23493E-4 3.80065E-4 2.22113E-3 8.87247E-4 5.75128E-4 2.60854E-3 1.0693E-3 2.96391E-4 2.67045E-4 4.71741E-4 8.46967E-4 1.20961E-3 1.57054E-3 2.67601E-3 3.84846E-3 5.21808E-3 4.7324E-3 8.06113E-3 5.35844E-3 5.32673E-3 6.41029E-3 6.9405E-3 6.65004E-3 4.36595E-3 4.23983E-3 5.3817E-3 8.9943E-3 1.7945E-2 -9999 -9999 -9999
2.242E-4 3.73152E-4 3.00892E-4 2.36529E-4 2.24937E-4 1.42155E-4 5.65392E-5 2.72756E-5 1.35048E-5 1.1255E-5 7.76526E-6 6.89457E-6 3.10147E-6 2.13718E-6 1.19449E-6 1.35029E-6 1.38166E-6 7.93123E-7 6.23489E-7 9.31488E-7 2.06785E-6 1.77594E-6 1.31438E-6 3.44586E-6 5.04527E-6 9.53898E-6 2.3034E-5 3.36394E-5 4.45307E-5 4.07629E-5 2.51703E-4 1.38389E-4 9.72994E-5 1.01438E-4 3.35097E-4 5.47252E-4 8.01197E-4 1.33837E-3 1.43493E-3 9.26794E-4 5.33834E-4 5.48186E-4 2.89956E-4 1.74627E-4 6.03028E-4 9.53014E-4 2.10541E-3 8.61462E-4 1.75551E-3 2.5815E-3 3.21543E-3 3.68028E-3 6.55071E-3 5.31223E-3 4.5771E-3 7.96822E-3 8.40172E-3 9.41226E-3 5.44955E-3 4.38669E-3 6.98185E-3 8.29603E-3 1.4213E-2 -9999 -9999 -9999
3.17613E-4 3.61447E-4 3.79007E-4 2.61286E-4 1.26209E-4 1.50002E-4 5.50159E-5 3.65654E-5 1.33618E-5 4.98588E-6 6.64958E-6 6.05047E-6 4.62588E-6 3.70382E-6 1.62922E-6 1.3497E-6 1.06597E-6 7.20345E-7 9.48419E-7 8.54974E-7 2.73874E-6 3.37857E-6 2.69982E-6 3.88598E-6 4.86968E-6 7.21473E-6 2.00217E-5 1.89221E-5 8.36716E-5 1.45329E-5 1.70511E-4 5.47734E-5 1.34927E-4 3.21116E-4 3.90767E-4 4.39258E-4 2.28433E-4 1.65216E-3 2.91487E-3 1.18722E-3 7.35008E-4 2.67248E-4 1.82544E-4 2.6177E-4 9.12528E-4 1.38027E-3 2.72418E-3 1.33417E-3 1.38846E-3 2.21577E-3 2.6972E-3 3.82756E-3 4.02107E-3 3.16289E-3 3.67657E-3 6.04154E-3 8.64618E-3 9.94554E-3 6.44751E-3 5.55791E-3 6.92016E-3 7.3326E-3 1.11555E-2 -9999 -9999 -9999
4.17854E-4 1.81282E-4 5.87073E-4 3.43622E-4 3.86666E-4 1.08217E-4 4.48829E-5 2.50095E-5 1.4945E-5 6.67628E-6 5.78562E-6 7.16739E-6 6.68184E-6 4.68465E-6 3.15115E-6 1.84651E-6 2.00845E-6 8.9277E-7 1.33648E-6 1.66887E-6 3.5145E-6 3.55886E-6 4.7217E-6 5.06252E-6 5.09835E-6 7.32537E-6 1.50175E-5 1.15846E-5 6.90479E-5 2.18218E-5 3.06524E-4 3.7602E-5 1.32978E-4 3.42653E-4 4.42093E-4 6.75903E-4 5.03514E-4 3.22545E-4 8.18938E-4 1.07016E-3 2.05456E-3 8.71197E-4 7.26991E-4 8.51337E-4 1.19427E-3 3.09465E-3 3.23773E-3 3.56796E-3 6.09655E-3 2.87973E-3 3.15357E-3 4.16847E-3 5.00045E-3 4.93447E-3 7.52797E-3 4.05911E-3 5.88085E-3 1.00891E-2 1.09054E-2 1.02344E-2 1.049E-2 9.19022E-3 1.167E-2 1.61077E-2 -9999 -9999
3.02639E-4 5.19272E-4 3.86595E-4 7.34099E-4 6.89945E-4 3.48376E-4 3.22166E-5 2.28467E-5 1.64985E-5 9.48266E-6 6.61723E-6 9.49649E-6 1.33049E-5 8.99236E-6 4.32489E-6 4.59934E-6 1.64596E-6 1.914E-6 1.26856E-6 2.02825E-6 4.04275E-6 7.85473E-6 1.21636E-5 1.41864E-5 8.02881E-6 6.88143E-6 3.57309E-6 4.0463E-6 9.12924E-6 1.28948E-5 5.06284E-5 1.89657E-4 1.44485E-4 1.7669E-4 2.16426E-4 5.64889E-4 8.68724E-4 4.81248E-4 3.11877E-3 2.31708E-3 6.13458E-4 1.33651E-3 1.14032E-3 1.04585E-3 1.27945E-3 1.31819E-3 8.82885E-4 1.89503E-3 1.11634E-2 6.78438E-3 2.69272E-3 4.20931E-3 4.85833E-3 4.51331E-3 5.93973E-3 8.44256E-3 9.03963E-3 1.88347E-2 1.38798E-2 1.23806E-2 1.2304E-2 1.28645E-2 1.52179E-2 1.60387E-2 -9999 -9999
1.62131E-4 3.36274E-4 1.56472E-3 3.61442E-4 1.02053E-3 1.58591E-3 5.65998E-5 3.092E-5 1.71531E-5 2.35706E-5 9.33925E-6 1.03425E-5 1.81743E-5 9.5517E-6 9.81056E-6 2.69355E-6 6.26422E-6 4.49886E-6 2.5742E-6 1.51317E-6 4.30262E-6 9.5298E-6 2.52579E-5 2.8472E-5 9.49161E-6 1.14319E-5 5.52452E-6 5.59267E-6 1.27051E-5 1.47631E-5 2.40944E-5 5.99051E-5 1.31129E-4 1.2954E-4 1.15936E-4 3.18619E-4 3.81869E-4 1.10032E-3 3.37602E-3 3.25602E-3 9.86817E-4 7.7315E-4 5.95618E-4 6.83254E-4 8.36281E-4 1.91472E-3 7.87176E-4 1.68378E-3 4.56314E-3 3.72292E-3 1.77127E-3 2.85337E-3 3.76033E-3 4.10782E-3 7.18278E-3 1.26004E-2 1.41567E-2 1.93329E-2 1.18726E-2 1.01525E-2 1.23257E-2 1.2902E-2 1.87741E-2 2.16188E-2 1.75457E-2 -9999
1.58734E-4 2.10259E-4 2.35466E-3 1.63537E-3 6.18604E-4 3.36872E-3 6.25171E-4 1.01669E-4 1.12407E-4 6.06881E-5 1.48595E-5 1.20074E-5 2.04029E-5 7.44393E-6 1.11082E-5 8.37771E-6 7.20563E-6 5.88732E-6 6.89653E-6 1.96144E-6 3.29046E-6 5.09805E-6 1.26687E-5 2.3918E-5 1.40852E-5 4.15384E-5 1.43116E-5 1.42184E-5 3.12077E-5 3.73654E-5 3.46249E-5 3.30254E-5 6.75294E-5 9.30125E-5 8.19752E-5 1.59373E-4 2.7455E-4 3.7096E-4 1.43731E-3 1.64663E-3 1.73532E-3 1.12176E-3 1.43726E-3 1.03106E-3 5.4473E-4 7.97109E-4 1.25559E-3 1.22439E-3 1.6522E-3 2.85649E-3 1.05488E-3 1.52756E-3 3.15033E-3 3.17003E-3 5.13733E-3 7.74033E-3 1.05631E-2 1.43538E-2 1.1094E-2 8.59528E-3 1.08817E-2 1.42417E-2 1.95779E-2 2.33361E-2 2.20314E-2 -9999
4.37079E-4 1.76695E-4 1.93988E-4 2.66358E-3 2.48474E-3 6.01196E-3 2.43166E-4 3.85462E-3 3.38116E-3 1.71401E-4 3.05633E-5 2.48314E-5 1.32355E-5 1.33623E-5 1.25142E-5 6.82221E-6 3.82188E-6 1.30777E-5 7.43794E-6 7.48691E-6 3.22901E-6 7.36803E-6 1.16226E-5 3.52088E-5 7.71953E-5 2.27378E-5 5.35241E-5 6.38832E-5 4.99745E-5 4.35825E-5 4.21903E-5 1.5364E-4 1.40103E-4 2.17947E-4 2.27629E-4 3.46947E-4 4.98953E-4 4.97046E-4 7.6276E-4 6.73025E-4 2.2076E-3 2.77373E-3 1.36361E-3 4.58237E-3 9.04148E-3 3.92633E-3 5.46841E-3 1.93098E-3 1.20801E-3 1.12869E-3 7.46994E-4 9.93822E-4 2.07238E-3 1.93905E-3 3.02311E-3 4.74875E-3 8.13983E-3 1.31646E-2 1.09992E-2 9.00786E-3 1.12207E-2 1.36886E-2 2.10034E-2 2.657E-2 -9999 -9999
5.16138E-4 2.6997E-4 1.18859E-4 3.9105E-4 1.34322E-3 8.70765E-3 5.18199E-3 1.40609E-2 1.21739E-2 4.59425E-3 1.0606E-4 2.2641E-5 2.28384E-5 1.25736E-5 1.06003E-5 8.06411E-6 3.6929E-6 4.23242E-6 5.10009E-6 7.89607E-6 5.99811E-6 4.10901E-6 3.83952E-6 1.236E-5 4.31826E-5 4.6558E-5 4.84991E-5 5.4026E-5 3.07703E-5 2.40083E-5 2.17352E-5 5.5686E-5 2.11238E-4 1.08414E-3 1.3855E-3 1.02129E-3 5.76374E-4 7.36977E-4 5.15039E-4 6.99809E-4 1.57833E-3 2.36648E-3 2.58714E-3 3.0217E-3 4.10782E-3 9.16487E-3 1.2059E-2 7.17814E-3 1.40863E-3 1.012E-3 7.95451E-4 8.27768E-4 9.18239E-4 1.33528E-3 2.06062E-3 4.01078E-3 7.93789E-3 1.31768E-2 1.39677E-2 8.19421E-3 1.02922E-2 1.21125E-2 2.16839E-2 2.74886E-2 -9999 -9999
7.25439E-4 4.06761E-4 1.78575E-4 1.62855E-4 6.68073E-4 4.92981E-3 1.27796E-2 2.18731E-2 1.18671E-2 6.70454E-3 8.2738E-4 3.7957E-5 6.70573E-6 1.01548E-5 6.98286E-6 5.28929E-6 5.086E-6 7.06377E-6 6.31217E-6 7.52496E-6 3.75811E-6 5.47733E-6 6.23399E-6 4.98082E-6 1.38514E-5 3.73174E-5 2.37424E-5 7.19206E-5 1.08001E-4 9.00831E-5 1.21884E-4 1.48164E-4 1.87653E-4 1.87657E-4 2.52864E-4 9.20406E-4 1.04699E-3 1.22808E-3 2.02568E-3 2.22985E-3 9.2961E-4 8.91078E-4 1.93099E-3 6.44009E-4 1.06845E-3 3.53623E-3 1.02987E-2 2.50816E-2 3.25918E-3 2.18976E-3 1.49025E-3 1.23737E-3 1.11037E-3 1.0657E-3 1.57323E-3 3.68501E-3 8.14055E-3 1.09761E-2 1.62575E-2 7.52152E-3 8.4317E-3 1.17356E-2 -9999 -9999 -9999 -9999
5.44694E-4 4.33919E-4 4.73214E-4 4.34913E-4 4.96617E-4 3.51888E-3 3.30831E-3 1.04464E-2 2.5326E-2 1.62428E-3 3.70686E-4 7.66976E-5 9.64312E-6 4.72489E-6 9.65428E-6 2.39223E-6 1.22345E-6 2.92268E-6 7.71025E-6 5.46839E-6 3.80096E-6 6.68672E-6 9.07855E-6 1.88822E-5 1.05083E-5 1.54406E-5 2.61588E-5 3.68145E-5 1.56729E-4 8.35049E-5 7.0724E-5 2.09297E-4 1.43581E-4 3.62464E-4 2.65581E-4 4.01481E-4 4.69619E-4 7.7088E-4 1.13011E-3 1.03201E-3 8.65969E-4 5.81007E-4 5.01832E-4 2.712E-4 3.08334E-4 1.2208E-3 3.61099E-3 1.24264E-2 1.24592E-2 3.8681E-3 3.21497E-3 2.13954E-3 1.77348E-3 1.38812E-3 1.77147E-3 3.73602E-3 6.92682E-3 1.03698E-2 2.22597E-2 7.94469E-3 9.47504E-3 -9999 -9999 -9999 -9999 -9999
1.81976E-4 1.32927E-4 4.96422E-4 5.07121E-4 3.65714E-4 3.45007E-4 1.21339E-3 1.36713E-2 2.37349E-2 2.22248E-2 1.02199E-2 1.63743E-3 2.92819E-5 6.29719E-6 5.20735E-6 6.59108E-6 6.91795E-6 1.21374E-6 5.20615E-6 6.06892E-6 3.39041E-6 4.30034E-6 5.12947E-6 8.09894E-6 1.83867E-5 1.52615E-5 1.65422E-5 2.06499E-5 3.46367E-5 1.56427E-4 6.70962E-5 1.88091E-4 2.37584E-4 2.10266E-4 3.40822E-4 2.88307E-4 3.57135E-4 5.78542E-4 5.76653E-4 7.03582E-4 5.32764E-4 2.93039E-4 3.23752E-4 9.7263E-5 1.14006E-4 2.76367E-4 1.54635E-3 3.80666E-3 1.57123E-2 5.38706E-3 3.11019E-3 3.6493E-3 2.58746E-3 2.28426E-3 2.07101E-3 2.9453E-3 5.8651E-3 1.17978E-2 1.5371E-2 1.12826E-2 1.10843E-2 1.79759E-2 -9999 -9999 -9999 -9999
1.18898E-4 7.72389E-5 1.01546E-4 3.43099E-4 5.59484E-4 4.2989E-4 1.50083E-3 2.10968E-3 9.03897E-3 4.82897E-3 5.39933E-3 2.41E-3 8.02612E-5 2.15459E-5 4.43492E-6 6.56241E-6 7.16121E-6 1.01189E-5 3.25063E-6 6.94619E-6 5.13851E-6 9.23242E-6 4.36206E-5 1.4516E-5 1.62507E-5 2.6303E-5 5.2391E-5 5.50703E-5 3.35939E-5 7.34403E-5 9.90573E-5 1.62429E-4 1.15758E-4 1.01829E-4 1.87275E-4 1.67268E-4 1.44027E-4 4.0165E-4 7.07609E-4 3.84566E-4 3.40977E-4 1.63404E-4 6.96299E-5 1.73326E-4 1.16921E-4 1.98063E-4 3.42905E-4 9.74323E-4 5.60427E-3 1.67133E-2 4.84225E-3 3.48821E-3 2.31213E-3 6.71914E-3 7.90575E-3 1.01365E-2 7.98513E-3 1.38562E-2 2.16709E-2 1.37955E-2 1.15425E-2 -9999 -9999 -9999 -9999 -9999
-9999 1.1511E-4 1.04691E-4 1.44957E-4 5.11491E-4 6.53958E-4 1.11895E-3 1.48482E-3 5.09105E-3 4.88809E-3 6.70622E-3 2.40908E-3 4.75571E-4 7.82244E-5 4.85348E-6 5.69646E-6 4.02129E-6 1.2244E-5 1.17096E-5 8.68187E-6 1.61364E-5 1.7244E-5 1.07161E-4 1.91833E-5 1.29803E-5 5.09377E-5 4.70891E-5 2.1161E-5 7.49234E-5 9.03234E-5 2.09817E-4 1.96213E-4 1.05844E-4 6.45518E-5 1.42094E-4 1.07358E-4 1.15682E-4 2.21612E-4 4.00622E-4 5.85856E-4 1.66244E-4 4.13853E-4 8.4529E-5 6.49621E-5 1.15088E-4 8.65178E-5 1.86778E-4 5.92136E-4 2.84847E-3 9.89051E-3 8.92601E-3 5.85308E-3 3.6007E-3 1.32028E-2 8.85296E-3 1.46663E-2 1.55501E-2 1.93798E-2 3.68945E-2 3.90366E-2 1.22466E-2 -9999 -9999 -9999 -9999 -9999
-9999 -9999 -9999 3.06921E-4 6.38777E-4 1.50867E-3 1.44226E-3 1.57215E-3 2.88867E-3 1.51787E-2 1.80534E-3 1.45425E-4 1.40002E-5 5.56734E-6 4.67799E-6 3.73406E-6 5.09804E-6 7.31244E-6 1.17353E-5 1.09233E-5 7.27673E-6 1.24326E-5 2.64176E-5 1.0515E-5 3.94075E-5 5.01634E-5 5.57677E-5 2.34783E-5 5.15228E-5 1.34166E-4 1.14522E-4 1.05869E-4 8.06009E-5 6.7415E-5 4.15477E-5 7.29646E-5 7.21815E-5 1.12064E-4 1.32688E-4 1.58976E-4 1.05432E-4 1.07539E-4 6.60956E-5 1.80925E-5 4.17322E-5 8.40366E-5 1.84186E-4 5.03941E-4 1.6427E-3 6.3256E-3 1.26448E-2 5.81208E-3 4.43633E-3 4.55172E-3 5.17229E-3 7.61286E-3 1.0033E-2 1.78415E-2 3.23985E-2 5.17446E-2 1.75304E-2 -9999 -9999 -9999 -9999 -9999
-9999 -9999 -9999 -9999 4.56163E-4 2.0092E-3 4.52013E-3 2.04627E-3 1.85587E-3 1.87908E-2 1.04286E-2 9.95489E-4 3.54735E-4 2.40993E-4 1.22991E-5 7.3541E-6 5.87392E-6 2.3003E-6 1.15671E-5 2.82885E-5 1.47201E-5 1.76966E-5 3.65034E-5 4.11733E-5 1.06627E-4 9.42093E-5 7.15484E-5 8.05929E-5 1.12103E-4 1.05718E-4 9.24601E-5 7.6231E-5 2.76192E-5 2.08651E-5 2.23224E-5 2.19256E-5 2.43323E-5 3.18584E-5 8.84632E-5 6.37781E-5 9.93144E-5 1.42461E-4 5.10963E-5 3.7734E-5 9.65719E-5 8.00055E-5 1.30409E-4 3.03144E-4 1.2163E-3 3.34799E-3 1.15667E-2 3.87053E-3 3.5864E-3 4.47762E-3 6.04259E-3 7.48701E-3 1.53694E-2 2.7915E-2 4.4903E-2 6.42267E-2 2.04636E-2 -9999 -9999 -9999 -9999 -9999
-9999 -9999 -9999 -9999 -9999 -9999 2.12463E-3 2.65453E-3 2.60916E-3 1.77586E-3 6.46428E-3 6.68475E-3 5.15256E-3 9.26337E-5 1.82083E-5 9.06556E-6 6.32962E-6 5.73535E-6 8.85475E-6 3.69945E-5 3.28529E-5 2.14732E-5 2.95704E-5 4.88305E-5 1.91969E-4 4.30051E-4 1.01104E-4 6.18141E-5 6.43014E-5 1.30154E-4 8.22856E-5 1.18819E-4 3.99971E-5 1.348E-5 1.07399E-5 1.25128E-5 1.79865E-5 2.96436E-5 3.92529E-5 4.40593E-5 5.1034E-5 5.86638E-5 3.83541E-5 1.2339E-4 1.04363E-4 1.15534E-4 1.92761E-4 1.96388E-4 1.40949E-3 3.86261E-3 1.48275E-2 1.2461E-2 3.09506E-3 4.57819E-3 7.00652E-3 1.83719E-2 2.35E-2 2.60702E-2 4.57577E-2 9.20541E-2 3.45981E-2 -9999 -9999 -9999 -9999 -9999
-9999 -9999 -9999 -9999 -9999 -9999 -9999 2.24354E-3 2.19887E-3 1.06989E-3 2.02994E-3 7.78698E-3 4.42133E-3 1.78594E-3 1.64573E-4 7.92202E-6 4.03108E-6 9.89409E-6 1.18625E-5 4.15957E-5 3.91443E-5 4.11048E-5 2.58706E-5 1.31379E-5 8.79974E-5 9.70031E-5 6.12754E-5 7.51146E-5 2.7259E-5 4.9298E-5 2.90446E-5 3.2918E-5 3.16444E-5 1.00029E-5 5.83724E-6 1.09037E-5 2.04289E-5 3.02311E-5 3.6912E-5 4.04226E-5 3.10724E-5 4.40066E-5 2.9054E-5 1.03887E-4 1.33124E-4 1.83547E-4 3.53646E-4 3.48426E-4 2.05291E-3 3.93307E-3 8.04617E-3 2.26081E-2 5.53757E-3 4.88484E-3 9.6122E-3 5.1921E-2 4.63474E-2 5.30038E-2 3.14875E-2 1.21503E-1 8.30887E-2 -9999 -9999 -9999 -9999 -9999
-9999 -9999 -9999 -9999 -9999 -9999 -9999 3.61434E-3 4.05028E-3 2.26134E-3 5.96347E-3 5.90709E-3 5.13878E-3 7.57099E-4 3.79963E-5 9.7111E-6 5.05714E-5 3.47444E-5 5.04834E-5 4.58168E-5 1.66787E-4 6.76539E-5 5.36444E-5 3.02009E-5 2.88404E-5 9.51805E-5 4.83981E-5 6.47381E-5 2.29773E-5 1.81552E-5 1.40628E-5 7.43553E-6 6.48519E-6 4.53066E-6 9.14032E-6 1.03706E-5 1.97708E-5 3.43567E-5 3.87025E-5 3.55965E-5 3.41289E-5 4.18626E-5 1.58363E-4 2.91141E-4 2.13207E-4 2.62822E-4 5.11404E-4 6.61376E-4 1.3084E-3 2.46046E-3 5.52629E-3 8.63873E-3 2.34922E-2 8.8945E-3 1.51982E-2 2.9188E-2 4.78438E-2 5.37402E-2 3.97371E-2 3.78122E-2 1.14408E-1 -9999 -9999 -9999 -9999 -9999
-9999 -9999 -9999 -9999 -9999 -9999 -9999 -9999 1.11E-2 5.25726E-3 2.76271E-3 2.68107E-3 6.59595E-3 1.55616E-3 4.36231E-4 8.17272E-5 2.99901E-4 2.09612E-4 2.92402E-4 5.04861E-4 5.99869E-4 4.41843E-5 1.18783E-4 9.11363E-5 3.10443E-5 7.27335E-5 5.26899E-5 6.16205E-5 2.10583E-5 1.3667E-5 8.70628E-6 7.3878E-6 8.2578E-6 9.16759E-6 1.25598E-5 1.34858E-5 1.97948E-5 2.51021E-5 2.4195E-5 3.51092E-5 6.89961E-5 7.49684E-5 3.55908E-4 8.72676E-4 2.97303E-4 3.32436E-4 5.71752E-4 1.14811E-3 9.85842E-4 2.51604E-3 5.2275E-3 4.20403E-3 1.79915E-2 2.94831E-2 2.4259E-2 2.83395E-2 6.72727E-2 1.15099E-1 1.0973E-1 9.26119E-2 3.17402E-1 -9999 -9999 -9999 -9999 -9999
-9999 -9999 -9999 -9999 -9999 -9999 -9999 -9999 -9999 6.22284E-3 4.28212E-3 3.15482E-3 5.40079E-3 2.81272E-3 2.12397E-3 6.98615E-4 7.90874E-4 5.08351E-4 3.69669E-4 4.97031E-4 3.30268E-4 1.29152E-4 2.26997E-4 1.88812E-4 5.80375E-5 1.02298E-4 1.02602E-4 1.23491E-4 5.58329E-5 2.91288E-5 6.4598E-6 1.18708E-5 1.3077E-5 1.22921E-5 1.61199E-5 1.92778E-5 2.72619E-5 3.55139E-5 2.71862E-5 4.79136E-5 9.92843E-5 1.69851E-4 5.13281E-4 6.91439E-4 4.95617E-4 7.66245E-4 9.21878E-4 1.46741E-3 1.51292E-3 2.76397E-3 5.354E-3 4.3208E-3 2.81386E-2 5.42251E-2 5.03671E-2 5.65666E-2 2.06271E-1 2.82533E-1 1.99026E-1 2.63546E-1 4.02363E-1 -9999 -9999 -9999 -9999 -9999
-9999 -9999 -9999 -9999 -9999 -9999 -9999 -9999 -9999 -9999 2.29518E-3 3.19553E-3 1.77042E-3 2.54675E-3 1.26182E-3 2.02602E-3 9.81458E-4 9.14238E-4 9.55065E-4 2.01823E-3 4.10898E-4 1.99191E-4 1.32777E-4 1.18499E-4 1.83968E-4 2.2917E-5 4.0894E-5 3.53521E-5 1.23224E-5 7.44567E-6 1.7812E-5 1.31002E-5 1.89664E-5 2.3172E-5 2.63412E-5 3.45594E-5 4.64104E-5 4.1758E-5 4.20746E-5 5.70328E-5 1.06153E-4 3.64485E-4 4.09723E-4 7.96855E-4 3.04074E-4 1.22812E-3 1.08878E-3 1.13018E-3 2.4625E-3 3.1371E-3 7.52951E-3 2.36752E-2 7.17446E-2 1.15331E-1 8.01513E-2 7.38354E-2 2.08952E-1 5.33924E-1 4.53156E-1 2.99674E-1 4.59434E-1 -9999 -9999 -9999 -9999 -9999
-9999 -9999 -9999 -9999 -9999 -9999 -9999 -9999 -9999 -9999 -9999 2.45573E-3 2.1791E-3 1.00195E-3 6.15639E-4 2.1253E-3 5.43652E-4 5.85834E-4 6.341E-4 9.79548E-4 3.39776E-4 2.65102E-4 5.38274E-4 7.45627E-5 7.48259E-5 3.15575E-5 8.5648E-5 4.29384E-5 1.1993E-5 4.22511E-5 9.12162E-5 2.52695E-5 5.12515E-5 4.01308E-5 6.14621E-5 8.77402E-5 1.03751E-4 9.13662E-5 7.19934E-5 8.6948E-5 3.88868E-4 6.0952E-4 7.98795E-4 9.83879E-4 5.63438E-4 7.49634E-4 1.79934E-3 1.51706E-3 4.3089E-3 1.21939E-3 1.487E-2 6.50002E-2 1.82118E-1 1.52059E-1 1.74688E-1 1.08807E-1 1.95191E-1 3.57396E-1 4.61544E-1 3.19913E-1 5.77127E-1 -9999 -9999 -9999 -9999 -9999
-9999 -9999 -9999 -9999 -9999 -9999 -9999 -9999 -9999 -9999 -9999 -9999 4.74834E-4 9.2662E-4 3.2623E-4 4.39661E-4 1.94281E-4 5.46352E-4 3.98723E-4 1.35717E-3 6.51722E-4 4.16377E-4 3.50829E-4 2.96922E-5 3.44366E-5 9.79314E-5 8.29515E-5 1.195E-5 3.12691E-5 4.12352E-5 7.41384E-5 5.9786E-5 1.5168E-4 1.19164E-4 1.11564E-4 1.46664E-4 1.37972E-4 7.69099E-5 9.96412E-5 1.89314E-4 4.29264E-4 5.7267E-4 4.98911E-4 1.58002E-3 9.87586E-4 1.69735E-3 2.12747E-3 9.36498E-4 2.23545E-3 1.32601E-3 4.95376E-2 2.03643E-1 2.09059E-1 8.42613E-2 1.41427E-1 1.43546E-1 1.56605E-1 1.80273E-1 2.3822E-1 3.90525E-1 5.04931E-1 -9999 -9999 -9999 -9999 -9999
