Leopardus braccatus/Leopardus_braccatus_projection 2041-2060_novel.asc
ncols         515
nrows         545
xllcorner     -119.0
yllcorner     -58.333333333333
cellsize      0.166666666667
NODATA_value  -9999
[rows 450 to 479 of 545, columns 268 to 334 of 515]
-9999 -9999 3.35684E0 4.27053E0 -9999 -9999 -9999 -9999 -9999 1.19774E1 1.38047E1 1.38047E1 1.24342E1 1.24342E1 1.24342E1 1.28911E1 1.73404E1 1.28911E1 9.25613E0 1.37253E1 1.1878E1 1.03287E1 1.00904E1 8.69997E0 6.57464E0 6.25683E0 5.79998E0 5.79998E0 4.56848E0 5.08491E0 5.08491E0 5.34313E0 5.79998E0 5.79998E0 6.57464E0 6.99176E0 7.2897E0 7.48833E0 7.64723E0 7.64723E0 5.89929E0 6.0582E0 6.77326E0 7.05135E0 7.64723E0 7.90545E0 6.77326E0 6.77326E0 6.77326E0 6.0582E0 6.0582E0 6.0582E0 5.89929E0 5.60135E0 5.30341E0 5.16437E0 -9999 -9999 -9999 -9999 -9999 8.69997E0 8.69997E0 8.38216E0 -9999 -9999 -9999
-9999 -9999 2.80068E0 4.01231E0 -9999 -9999 -9999 -9999 -9999 9.69312E0 1.24342E1 1.04876E1 1.38047E1 1.24342E1 1.38047E1 1.55725E1 1.28911E1 1.28911E1 6.77326E0 1.28911E1 1.1878E1 1.00904E1 1.00904E1 7.2897E0 5.34313E0 5.34313E0 4.34999E0 5.08491E0 5.34313E0 4.34999E0 4.56848E0 4.76711E0 5.08491E0 5.34313E0 5.34313E0 5.79998E0 6.25683E0 6.57464E0 7.2897E0 6.0582E0 6.0582E0 6.49518E0 8.34244E0 8.34244E0 8.60066E0 8.60066E0 8.16367E0 7.2897E0 6.77326E0 6.49518E0 6.0582E0 5.72053E0 5.60135E0 5.48217E0 5.30341E0 5.16437E0 -9999 -9999 -9999 -9999 -9999 8.38216E0 8.00477E0 7.48833E0 -9999 -9999 -9999
-9999 1.72808E0 2.42328E0 2.9993E0 3.73423E0 -9999 -9999 -9999 -9999 -9999 1.24342E1 1.24342E1 1.04876E1 1.24342E1 1.04876E1 1.28911E1 1.55725E1 1.98629E1 1.28911E1 1.38643E1 1.0726E1 1.00904E1 1.00904E1 7.2897E0 5.08491E0 4.34999E0 4.05204E0 4.15136E0 4.15136E0 4.76711E0 4.34999E0 4.56848E0 5.08491E0 5.34313E0 5.34313E0 5.34313E0 5.79998E0 6.57464E0 6.77326E0 6.49518E0 7.05135E0 7.90545E0 9.29586E0 1.03287E1 1.03287E1 1.01897E1 1.06863E1 9.13696E0 6.49518E0 6.0582E0 5.89929E0 5.89929E0 5.72053E0 5.60135E0 5.60135E0 5.30341E0 5.60135E0 -9999 -9999 -9999 -9999 -9999 -9999 -9999 -9999 -9999 -9999
-9999 1.72808E0 2.42328E0 2.42328E0 3.73423E0 -9999 -9999 -9999 -9999 8.38216E0 1.19774E1 1.38047E1 1.24342E1 1.24342E1 1.24342E1 1.38047E1 1.76979E1 2.43718E1 1.73404E1 1.46191E1 1.2176E1 9.75271E0 8.69997E0 7.2897E0 5.08491E0 4.15136E0 4.05204E0 3.69451E0 3.89314E0 4.15136E0 4.76711E0 4.56848E0 4.76711E0 5.08491E0 5.08491E0 5.34313E0 6.25683E0 6.57464E0 7.2897E0 7.05135E0 9.13696E0 9.75271E0 9.75271E0 9.81229E0 9.13696E0 9.29586E0 9.13696E0 6.77326E0 5.89929E0 5.89929E0 5.89929E0 6.0582E0 7.05135E0 6.49518E0 6.0582E0 6.0582E0 6.0582E0 7.05135E0 -9999 -9999 -9999 -9999 -9999 -9999 -9999 -9999 -9999
6.15751E-1 1.19178E0 1.98629E0 1.98629E0 -9999 -9999 -9999 -9999 -9999 9.69312E0 1.04876E1 1.35863E1 1.24342E1 1.04876E1 1.55725E1 1.24342E1 1.76979E1 1.98629E1 1.28911E1 1.38643E1 1.1878E1 8.00477E0 6.99176E0 6.25683E0 4.56848E0 3.89314E0 3.89314E0 3.69451E0 3.69451E0 3.89314E0 4.56848E0 4.76711E0 4.56848E0 4.76711E0 5.34313E0 5.34313E0 6.25683E0 6.99176E0 7.2897E0 8.38216E0 9.13696E0 9.13696E0 9.29586E0 8.34244E0 7.64723E0 7.2897E0 6.77326E0 6.49518E0 5.89929E0 5.89929E0 6.0582E0 6.49518E0 6.77326E0 7.05135E0 7.64723E0 7.64723E0 -9999 -9999 -9999 -9999 -9999 -9999 -9999 -9999 -9999 -9999 -9999
-9999 -9999 -9999 -9999 -9999 -9999 -9999 -9999 6.55477E0 1.04876E1 1.04876E1 1.04876E1 1.38047E1 1.38047E1 1.04876E1 1.24342E1 1.76979E1 1.55725E1 1.28911E1 1.28911E1 1.2176E1 8.00477E0 5.79998E0 5.08491E0 3.89314E0 3.43629E0 3.49588E0 3.69451E0 3.49588E0 3.69451E0 4.34999E0 4.56848E0 4.15136E0 4.76711E0 5.34313E0 5.79998E0 6.25683E0 6.99176E0 7.2897E0 7.2897E0 8.00477E0 8.38216E0 8.60066E0 8.34244E0 8.34244E0 7.64723E0 7.05135E0 6.77326E0 6.49518E0 6.49518E0 6.77326E0 6.77326E0 6.49518E0 7.05135E0 7.05135E0 -9999 -9999 -9999 -9999 -9999 -9999 -9999 -9999 -9999 -9999 -9999 -9999
-9999 -9999 -9999 -9999 -9999 -9999 -9999 -9999 5.72053E0 8.38216E0 8.77942E0 1.04876E1 1.04876E1 1.55725E1 1.38047E1 1.76979E1 1.55725E1 1.76979E1 1.55725E1 1.3626E1 1.13616E1 7.2897E0 5.08491E0 4.15136E0 3.89314E0 3.49588E0 3.49588E0 3.69451E0 3.49588E0 3.43629E0 3.89314E0 4.34999E0 4.76711E0 4.76711E0 5.08491E0 5.34313E0 6.25683E0 6.57464E0 6.57464E0 6.57464E0 7.2897E0 8.00477E0 8.16367E0 7.2897E0 7.05135E0 7.05135E0 7.05135E0 7.05135E0 7.64723E0 8.87874E0 7.05135E0 6.0582E0 6.49518E0 6.49518E0 -9999 -9999 -9999 -9999 -9999 -9999 -9999 -9999 -9999 -9999 -9999 -9999 -9999
-9999 -9999 -9999 -9999 -9999 -9999 -9999 -9999 5.28354E0 7.42874E0 1.04876E1 1.04876E1 1.24342E1 1.24342E1 1.04876E1 1.38047E1 9.25613E0 1.38047E1 1.65061E1 1.30301E1 1.00904E1 6.57464E0 4.56848E0 3.89314E0 3.49588E0 3.29725E0 3.29725E0 3.69451E0 3.43629E0 3.43629E0 3.69451E0 4.05204E0 4.76711E0 5.08491E0 5.34313E0 5.34313E0 5.79998E0 6.25683E0 6.57464E0 6.99176E0 7.48833E0 8.00477E0 8.00477E0 7.2897E0 7.05135E0 6.77326E0 6.77326E0 7.2897E0 6.77326E0 6.77326E0 6.0582E0 6.0582E0 6.49518E0 6.77326E0 -9999 -9999 -9999 -9999 -9999 -9999 -9999 -9999 -9999 -9999 -9999 -9999 -9999
-9999 -9999 -9999 -9999 -9999 -9999 -9999 -9999 5.72053E0 7.09107E0 9.69312E0 1.12027E1 1.38047E1 1.04876E1 8.77942E0 1.04876E1 1.04876E1 1.55725E1 1.51554E1 1.25137E1 9.13696E0 5.79998E0 4.15136E0 3.49588E0 3.29725E0 3.17807E0 3.17807E0 3.29725E0 3.29725E0 3.29725E0 3.69451E0 4.05204E0 4.34999E0 4.76711E0 4.76711E0 5.08491E0 5.34313E0 6.25683E0 6.25683E0 6.99176E0 7.2897E0 7.48833E0 8.00477E0 8.16367E0 7.2897E0 7.64723E0 7.05135E0 7.05135E0 7.05135E0 6.77326E0 6.77326E0 6.49518E0 6.49518E0 7.05135E0 -9999 -9999 -9999 -9999 -9999 -9999 -9999 -9999 -9999 -9999 -9999 -9999 -9999
-9999 -9999 -9999 -9999 -9999 -9999 -9999 4.27053E0 6.55477E0 7.42874E0 9.01778E0 1.12027E1 1.25931E1 1.04876E1 1.04876E1 8.77942E0 1.38047E1 1.28911E1 1.28911E1 1.2176E1 8.69997E0 5.79998E0 4.05204E0 3.43629E0 3.29725E0 2.93972E0 2.93972E0 2.93972E0 3.17807E0 3.17807E0 3.49588E0 3.89314E0 4.34999E0 4.34999E0 4.34999E0 4.56848E0 4.76711E0 5.34313E0 5.79998E0 6.57464E0 7.2897E0 7.48833E0 8.00477E0 8.38216E0 7.64723E0 7.2897E0 7.64723E0 7.64723E0 7.64723E0 7.2897E0 7.05135E0 7.2897E0 7.2897E0 7.64723E0 -9999 -9999 -9999 -9999 -9999 -9999 -9999 -9999 -9999 -9999 -9999 -9999 -9999
-9999 4.56848E-1 7.54792E-1 8.7397E-1 -9999 -9999 -9999 3.73423E0 5.28354E0 7.42874E0 9.01778E0 8.77942E0 1.04876E1 1.04876E1 1.38047E1 1.38047E1 1.55725E1 1.76979E1 1.47582E1 1.1878E1 8.00477E0 5.08491E0 3.89314E0 3.43629E0 3.17807E0 2.93972E0 2.93972E0 2.93972E0 2.93972E0 3.17807E0 3.49588E0 3.89314E0 4.05204E0 4.15136E0 4.15136E0 4.05204E0 4.76711E0 5.08491E0 5.34313E0 6.25683E0 7.2897E0 7.48833E0 7.48833E0 7.05135E0 7.2897E0 7.64723E0 7.2897E0 7.64723E0 7.90545E0 7.90545E0 8.16367E0 8.16367E0 7.90545E0 8.34244E0 -9999 -9999 -9999 -9999 -9999 -9999 -9999 -9999 -9999 -9999 -9999 -9999 -9999
4.56848E-1 5.76025E-1 8.7397E-1 1.03287E0 -9999 -9999 -9999 3.73423E0 4.27053E0 5.72053E0 7.09107E0 5.85957E0 8.77942E0 1.04876E1 8.77942E0 8.77942E0 1.38047E1 1.28911E1 1.28911E1 1.16595E1 8.38216E0 5.79998E0 4.56848E0 3.69451E0 3.43629E0 3.29725E0 3.17807E0 3.29725E0 2.93972E0 3.17807E0 3.43629E0 3.89314E0 4.05204E0 3.89314E0 3.69451E0 4.15136E0 4.76711E0 5.08491E0 6.25683E0 6.57464E0 7.2897E0 7.48833E0 7.48833E0 7.05135E0 7.64723E0 7.64723E0 7.2897E0 7.90545E0 7.90545E0 8.34244E0 8.87874E0 9.13696E0 8.69997E0 8.69997E0 -9999 -9999 -9999 -9999 -9999 -9999 -9999 -9999 -9999 -9999 -9999 -9999 -9999
4.56848E-1 7.54792E-1 -9999 1.19178E0 -9999 -9999 -9999 4.27053E0 4.68765E0 4.92601E0 7.86573E0 8.77942E0 8.77942E0 8.77942E0 1.04876E1 1.24342E1 1.38047E1 1.55725E1 1.49568E1 1.1878E1 8.69997E0 6.25683E0 5.08491E0 4.05204E0 3.69451E0 3.69451E0 3.43629E0 3.29725E0 3.17807E0 2.93972E0 3.43629E0 3.89314E0 3.89314E0 3.69451E0 3.69451E0 4.05204E0 4.34999E0 5.08491E0 5.79998E0 6.25683E0 6.99176E0 7.2897E0 7.2897E0 7.48833E0 8.00477E0 7.48833E0 7.48833E0 7.48833E0 8.00477E0 8.00477E0 8.00477E0 8.38216E0 -9999 -9999 -9999 -9999 -9999 -9999 -9999 -9999 -9999 -9999 -9999 -9999 -9999 -9999 -9999
5.76025E-1 7.54792E-1 1.19178E0 1.19178E0 -9999 -9999 3.73423E0 4.68765E0 4.01231E0 4.92601E0 7.86573E0 8.77942E0 1.04876E1 1.04876E1 8.77942E0 8.77942E0 9.25613E0 6.77326E0 6.77326E0 9.25613E0 8.69997E0 7.2897E0 5.34313E0 4.56848E0 4.05204E0 3.89314E0 3.49588E0 3.17807E0 2.93972E0 2.93972E0 3.69451E0 3.69451E0 3.89314E0 4.05204E0 4.15136E0 4.15136E0 4.76711E0 5.08491E0 5.79998E0 5.79998E0 6.99176E0 6.99176E0 7.2897E0 8.00477E0 7.48833E0 7.48833E0 7.48833E0 7.48833E0 7.48833E0 7.48833E0 8.00477E0 8.00477E0 -9999 -9999 -9999 -9999 -9999 -9999 -9999 -9999 -9999 -9999 -9999 -9999 -9999 -9999 -9999
6.15751E-1 8.7397E-1 1.03287E0 1.03287E0 -9999 -9999 3.35684E0 4.27053E0 4.92601E0 7.32943E0 7.42874E0 8.38216E0 1.04876E1 8.77942E0 8.77942E0 8.77942E0 1.04876E1 1.24342E1 1.28911E1 1.2176E1 9.75271E0 8.38216E0 6.57464E0 5.08491E0 4.34999E0 4.05204E0 3.69451E0 3.29725E0 2.93972E0 3.17807E0 3.49588E0 3.69451E0 3.69451E0 4.05204E0 4.15136E0 4.34999E0 4.76711E0 5.08491E0 5.79998E0 5.79998E0 6.57464E0 6.99176E0 7.48833E0 7.2897E0 6.99176E0 7.48833E0 8.38216E0 8.00477E0 8.00477E0 8.00477E0 7.48833E0 -9999 -9999 -9999 -9999 -9999 -9999 -9999 -9999 -9999 -9999 -9999 -9999 -9999 -9999 -9999 -9999
6.15751E-1 1.03287E0 1.72808E0 1.98629E0 -9999 -9999 4.27053E0 5.72053E0 5.72053E0 5.85957E0 7.86573E0 7.32943E0 8.77942E0 1.04876E1 1.04876E1 1.04876E1 1.04876E1 1.24342E1 1.28911E1 1.27321E1 1.0726E1 8.38216E0 6.57464E0 5.34313E0 4.76711E0 4.34999E0 3.89314E0 3.49588E0 3.17807E0 3.29725E0 3.43629E0 3.89314E0 3.69451E0 3.69451E0 4.05204E0 4.15136E0 4.56848E0 4.76711E0 5.08491E0 6.25683E0 7.2897E0 7.48833E0 6.99176E0 6.57464E0 8.00477E0 8.00477E0 8.38216E0 -9999 -9999 -9999 -9999 -9999 -9999 -9999 -9999 -9999 -9999 -9999 -9999 -9999 -9999 -9999 -9999 -9999 -9999 -9999 -9999
7.54792E-1 -9999 1.98629E0 1.98629E0 -9999 2.80068E0 3.35684E0 5.28354E0 6.55477E0 7.32943E0 7.32943E0 7.32943E0 8.77942E0 1.04876E1 1.04876E1 1.24342E1 1.55725E1 1.55725E1 1.49568E1 1.27321E1 1.0726E1 8.38216E0 6.57464E0 5.34313E0 4.76711E0 4.56848E0 4.15136E0 3.69451E0 3.43629E0 3.49588E0 3.89314E0 3.89314E0 4.05204E0 4.05204E0 4.15136E0 4.56848E0 4.76711E0 4.76711E0 5.34313E0 6.57464E0 7.2897E0 7.2897E0 6.57464E0 8.00477E0 -9999 -9999 -9999 -9999 -9999 -9999 -9999 -9999 -9999 -9999 -9999 -9999 -9999 -9999 -9999 -9999 -9999 -9999 -9999 -9999 -9999 -9999 -9999
-9999 8.7397E-1 1.72808E0 -9999 -9999 -9999 5.28354E0 -9999 5.28354E0 6.19724E0 7.09107E0 9.01778E0 8.77942E0 1.04876E1 1.04876E1 9.25613E0 1.24342E1 1.38047E1 1.46191E1 1.25137E1 1.03287E1 8.38216E0 6.99176E0 5.79998E0 5.34313E0 4.76711E0 4.56848E0 4.05204E0 3.69451E0 3.49588E0 3.89314E0 3.89314E0 4.15136E0 4.15136E0 4.15136E0 4.56848E0 4.76711E0 5.08491E0 6.25683E0 6.57464E0 6.99176E0 6.57464E0 8.00477E0 -9999 -9999 -9999 -9999 -9999 -9999 -9999 -9999 -9999 -9999 -9999 -9999 -9999 -9999 -9999 -9999 -9999 -9999 -9999 -9999 -9999 -9999 -9999 -9999
7.54792E-1 -9999 1.72808E0 2.42328E0 3.35684E0 4.27053E0 4.27053E0 5.28354E0 7.09107E0 7.09107E0 7.42874E0 8.77942E0 8.77942E0 1.24342E1 1.24342E1 1.24342E1 1.38047E1 1.55725E1 1.4341E1 1.1878E1 1.00904E1 8.38216E0 7.2897E0 6.25683E0 5.79998E0 5.08491E0 4.76711E0 4.56848E0 3.89314E0 3.49588E0 4.05204E0 4.05204E0 4.05204E0 4.34999E0 4.34999E0 4.56848E0 4.76711E0 5.34313E0 5.34313E0 5.34313E0 6.57464E0 7.48833E0 -9999 -9999 -9999 -9999 -9999 -9999 -9999 -9999 -9999 -9999 -9999 -9999 -9999 -9999 -9999 -9999 -9999 -9999 -9999 -9999 -9999 -9999 -9999 -9999 -9999
7.54792E-1 8.7397E-1 -9999 1.98629E0 -9999 4.01231E0 5.28354E0 6.55477E0 7.32943E0 5.85957E0 8.77942E0 8.77942E0 1.04876E1 1.38047E1 1.38047E1 1.04876E1 9.25613E0 1.24342E1 1.2176E1 1.0726E1 9.4349E0 8.00477E0 6.99176E0 6.25683E0 5.79998E0 5.79998E0 5.34313E0 4.76711E0 4.15136E0 3.89314E0 4.34999E0 4.34999E0 4.34999E0 4.15136E0 4.34999E0 4.56848E0 4.56848E0 4.76711E0 5.08491E0 6.57464E0 8.38216E0 -9999 -9999 -9999 -9999 -9999 -9999 -9999 -9999 -9999 -9999 -9999 -9999 -9999 -9999 -9999 -9999 -9999 -9999 -9999 -9999 -9999 -9999 -9999 -9999 -9999 -9999
1.48972E0 1.72808E0 1.72808E0 2.42328E0 -9999 4.68765E0 5.72053E0 7.32943E0 4.01231E0 5.85957E0 5.85957E0 7.32943E0 7.32943E0 8.77942E0 1.04876E1 1.38047E1 1.55725E1 1.33479E1 1.13616E1 9.4349E0 7.2897E0 6.99176E0 6.25683E0 6.25683E0 5.79998E0 5.79998E0 5.34313E0 5.34313E0 4.76711E0 5.08491E0 4.56848E0 4.34999E0 4.15136E0 4.15136E0 4.15136E0 4.15136E0 4.34999E0 4.56848E0 5.34313E0 7.2897E0 -9999 -9999 -9999 -9999 -9999 -9999 -9999 -9999 -9999 -9999 -9999 -9999 -9999 -9999 -9999 -9999 -9999 -9999 -9999 -9999 -9999 -9999 -9999 -9999 -9999 -9999 -9999
1.72808E0 2.42328E0 2.42328E0 2.9993E0 -9999 5.28354E0 7.09107E0 5.85957E0 5.85957E0 5.85957E0 8.77942E0 7.32943E0 7.32943E0 8.77942E0 5.16437E0 9.25613E0 9.25613E0 1.24342E1 9.4349E0 7.2897E0 6.25683E0 5.79998E0 5.34313E0 5.34313E0 5.79998E0 5.79998E0 6.25683E0 5.79998E0 5.79998E0 5.60135E0 4.76711E0 4.56848E0 4.34999E0 4.05204E0 4.05204E0 4.15136E0 4.76711E0 6.25683E0 6.99176E0 8.00477E0 -9999 -9999 -9999 -9999 -9999 -9999 -9999 -9999 -9999 -9999 -9999 -9999 -9999 -9999 -9999 -9999 -9999 -9999 -9999 -9999 -9999 -9999 -9999 -9999 -9999 -9999 -9999
1.98629E0 1.98629E0 2.42328E0 -9999 4.27053E0 5.72053E0 7.09107E0 5.85957E0 5.85957E0 7.32943E0 5.85957E0 7.32943E0 8.77942E0 1.24342E1 1.04876E1 1.24342E1 1.1878E1 9.13696E0 7.2897E0 6.25683E0 5.34313E0 5.08491E0 5.08491E0 5.34313E0 5.72053E0 6.0582E0 6.49518E0 6.25683E0 6.57464E0 6.57464E0 5.79998E0 4.76711E0 4.15136E0 4.15136E0 4.34999E0 4.76711E0 5.79998E0 6.57464E0 7.2897E0 8.00477E0 -9999 -9999 -9999 -9999 -9999 -9999 -9999 -9999 -9999 -9999 -9999 -9999 -9999 -9999 -9999 -9999 -9999 -9999 -9999 -9999 -9999 -9999 -9999 -9999 -9999 -9999 -9999
1.03287E0 1.72808E0 2.42328E0 -9999 5.85957E0 6.55477E0 7.42874E0 8.77942E0 5.85957E0 1.04876E1 5.85957E0 5.85957E0 5.85957E0 8.77942E0 1.51554E1 1.1878E1 8.38216E0 7.2897E0 6.25683E0 5.34313E0 4.76711E0 4.76711E0 4.80683E0 5.00546E0 5.48217E0 5.72053E0 6.0582E0 6.49518E0 7.2897E0 7.48833E0 6.57464E0 5.08491E0 4.15136E0 4.15136E0 4.56848E0 5.34313E0 5.34313E0 5.79998E0 6.57464E0 7.2897E0 -9999 -9999 -9999 -9999 -9999 -9999 -9999 -9999 -9999 -9999 -9999 -9999 -9999 -9999 -9999 -9999 -9999 -9999 -9999 -9999 -9999 -9999 -9999 -9999 -9999 -9999 -9999
1.19178E0 1.96643E0 -9999 -9999 4.01231E0 4.56848E-1 1.52945E0 5.85957E0 5.85957E0 8.77942E0 1.04876E1 1.04876E1 1.24342E1 1.04876E1 1.04876E1 9.75271E0 5.34313E0 5.34313E0 5.34313E0 4.76711E0 4.01231E0 4.01231E0 4.01231E0 4.80683E0 5.48217E0 6.77326E0 8.60066E0 9.13696E0 9.81229E0 1.0428E1 8.60066E0 6.57464E0 4.76711E0 4.56848E0 4.56848E0 4.76711E0 5.34313E0 6.25683E0 6.57464E0 6.57464E0 7.48833E0 -9999 -9999 -9999 -9999 -9999 -9999 -9999 -9999 -9999 -9999 -9999 -9999 -9999 -9999 -9999 -9999 -9999 -9999 -9999 -9999 -9999 -9999 -9999 -9999 -9999 -9999
-9999 1.82739E0 -9999 4.01231E0 8.93833E-1 5.76025E-1 1.52945E0 5.85957E0 8.77942E0 1.24342E1 1.24342E1 1.04876E1 5.85957E0 5.85957E0 8.77942E0 1.09842E1 9.25613E0 7.48833E0 5.79998E0 5.08491E0 4.56848E0 3.65478E0 3.65478E0 4.01231E0 5.00546E0 6.0582E0 9.13696E0 1.06863E1 1.27917E1 1.25335E1 1.0428E1 8.38216E0 6.57464E0 5.79998E0 6.25683E0 6.25683E0 6.57464E0 6.57464E0 6.99176E0 7.2897E0 7.2897E0 7.48833E0 8.00477E0 -9999 -9999 -9999 -9999 -9999 -9999 -9999 -9999 -9999 -9999 -9999 -9999 -9999 -9999 -9999 -9999 -9999 -9999 -9999 -9999 -9999 -9999 -9999 -9999
-9999 -9999 1.37054E0 7.34929E-1 8.93833E-1 5.76025E-1 2.62191E0 5.85957E0 7.32943E0 1.04876E1 7.32943E0 7.32943E0 5.85957E0 6.77326E0 6.77326E0 5.16437E0 5.16437E0 6.77326E0 6.77326E0 5.34313E0 4.76711E0 4.56848E0 3.83355E0 4.01231E0 5.00546E0 5.89929E0 7.64723E0 8.87874E0 9.29586E0 8.69997E0 7.48833E0 7.2897E0 7.48833E0 6.57464E0 6.57464E0 6.57464E0 6.99176E0 7.2897E0 7.2897E0 7.2897E0 7.48833E0 7.48833E0 8.00477E0 7.48833E0 -9999 -9999 -9999 -9999 -9999 -9999 -9999 -9999 -9999 -9999 -9999 -9999 -9999 -9999 -9999 -9999 -9999 -9999 -9999 -9999 -9999 -9999 -9999
-9999 6.95203E-1 6.95203E-1 3.77396E-1 5.76025E-1 8.93833E-1 5.60135E0 7.32943E0 8.77942E0 1.24342E1 1.04876E1 1.24342E1 1.24342E1 1.04876E1 6.77326E0 6.77326E0 5.16437E0 6.77326E0 6.25683E0 5.08491E0 3.65478E0 3.49588E0 3.65478E0 3.83355E0 5.72053E0 6.57464E0 7.2897E0 8.16367E0 7.90545E0 8.00477E0 6.99176E0 7.48833E0 8.00477E0 7.2897E0 7.48833E0 7.48833E0 7.2897E0 7.2897E0 8.00477E0 8.38216E0 8.38216E0 8.38216E0 8.38216E0 8.38216E0 8.00477E0 8.00477E0 -9999 -9999 -9999 -9999 -9999 -9999 -9999 -9999 -9999 -9999 -9999 -9999 -9999 -9999 -9999 -9999 -9999 -9999 -9999 -9999 -9999
-9999 1.43013E0 1.29109E0 3.77396E-1 8.93833E-1 5.76025E-1 4.64793E0 5.85957E0 1.04876E1 1.24342E1 1.38047E1 1.24342E1 1.24342E1 1.38047E1 1.09842E1 8.00477E0 5.34313E0 4.76711E0 4.56848E0 3.65478E0 3.41643E0 3.41643E0 3.65478E0 3.65478E0 4.80683E0 5.16437E0 5.72053E0 7.64723E0 7.64723E0 8.60066E0 8.38216E0 7.48833E0 6.99176E0 8.38216E0 9.13696E0 9.13696E0 8.38216E0 7.48833E0 8.38216E0 8.38216E0 8.38216E0 8.38216E0 9.13696E0 8.69997E0 8.69997E0 8.34244E0 7.90545E0 7.2897E0 5.89929E0 5.60135E0 5.16437E0 -9999 -9999 -9999 -9999 -9999 -9999 -9999 -9999 -9999 -9999 -9999 -9999 -9999 -9999 -9999 -9999
3.97259E-1 3.97259E-1 2.97944E-1 2.78081E-1 4.96574E-1 1.43013E0 2.46301E0 4.9856E0 1.24342E1 1.24342E1 1.04876E1 1.04876E1 1.04876E1 8.77942E0 1.25137E1 9.13696E0 7.48833E0 5.79998E0 4.56848E0 3.83355E0 3.41643E0 3.49588E0 3.65478E0 3.65478E0 4.33012E0 5.60135E0 6.77326E0 7.64723E0 8.16367E0 8.34244E0 8.38216E0 7.48833E0 7.2897E0 7.48833E0 8.69997E0 9.13696E0 8.00477E0 8.00477E0 8.69997E0 9.13696E0 9.13696E0 8.69997E0 9.13696E0 9.13696E0 8.87874E0 8.87874E0 8.34244E0 7.2897E0 6.77326E0 6.49518E0 5.72053E0 -9999 -9999 -9999 -9999 -9999 -9999 -9999 -9999 -9999 -9999 -9999 -9999 -9999 -9999 -9999 -9999
