Leopardus braccatus/Leopardus_braccatus_projection 2041-2060_novel.asc
ncols         515
nrows         545
xllcorner     -119.0
yllcorner     -58.333333333333
cellsize      0.166666666667
NODATA_value  -9999
[rows 210 to 239 of 545, columns 402 to 468 of 515]
3.97259E-2 1.64862E0 1.64862E0 1.64862E0 1.64862E0 1.64862E0 1.64862E0 1.64862E0 1.64862E0 1.64862E0 1.64862E0 1.64862E0 3.97259E-2 3.97259E-2 3.97259E-2 3.97259E-2 3.97259E-2 3.97259E-2 3.97259E-2 3.97259E-2 3.97259E-2 3.97259E-2 3.97259E-2 3.97259E-2 3.97259E-2 3.97259E-2 3.97259E-2 3.97259E-2 1.64862E0 1.64862E0 3.97259E-2 3.97259E-2 3.97259E-2 3.97259E-2 3.97259E-2 3.97259E-2 3.97259E-2 3.97259E-2 3.97259E-2 3.97259E-2 3.97259E-2 3.97259E-2 3.97259E-2 3.97259E-2 1.98629E-2 1.98629E-2 3.97259E-2 -9999 -9999 3.97259E-2 3.97259E-2 3.97259E-2 3.97259E-2 3.97259E-2 3.97259E-2 -9999 -9999 -9999 -9999 -9999 -9999 -9999 -9999 -9999 -9999 -9999 -9999
3.97259E-2 1.64862E0 1.64862E0 1.64862E0 1.64862E0 1.64862E0 1.64862E0 1.64862E0 1.64862E0 1.64862E0 1.64862E0 3.97259E-2 3.97259E-2 3.97259E-2 3.97259E-2 3.97259E-2 3.97259E-2 3.97259E-2 3.97259E-2 3.97259E-2 3.97259E-2 3.97259E-2 3.97259E-2 3.97259E-2 3.97259E-2 3.97259E-2 3.97259E-2 3.97259E-2 1.64862E0 1.64862E0 1.64862E0 3.97259E-2 3.97259E-2 3.97259E-2 3.97259E-2 3.97259E-2 3.97259E-2 3.97259E-2 3.97259E-2 3.97259E-2 3.97259E-2 3.97259E-2 3.97259E-2 3.97259E-2 1.98629E-2 3.97259E-2 3.97259E-2 -9999 3.97259E-2 3.97259E-2 3.97259E-2 3.97259E-2 3.97259E-2 3.97259E-2 3.97259E-2 3.97259E-2 3.97259E-2 -9999 -9999 -9999 -9999 -9999 -9999 -9999 -9999 -9999 -9999
3.97259E-2 1.64862E0 1.64862E0 1.64862E0 1.64862E0 1.64862E0 1.64862E0 1.64862E0 1.64862E0 1.64862E0 1.64862E0 1.64862E0 3.97259E-2 3.97259E-2 3.97259E-2 3.97259E-2 3.97259E-2 3.97259E-2 3.97259E-2 3.97259E-2 3.97259E-2 3.97259E-2 3.97259E-2 3.97259E-2 3.97259E-2 3.97259E-2 1.64862E0 1.64862E0 1.64862E0 1.64862E0 3.97259E-2 3.97259E-2 3.97259E-2 3.97259E-2 1.64862E0 3.97259E-2 3.97259E-2 3.97259E-2 3.97259E-2 3.97259E-2 3.97259E-2 3.97259E-2 3.97259E-2 3.97259E-2 3.97259E-2 3.97259E-2 3.97259E-2 3.97259E-2 3.97259E-2 3.97259E-2 3.97259E-2 3.97259E-2 3.97259E-2 3.97259E-2 3.97259E-2 3.97259E-2 3.97259E-2 3.97259E-2 3.97259E-2 3.97259E-2 1.98629E-2 1.98629E-2 -9999 -9999 -9999 -9999 -9999
1.64862E0 3.97259E-2 1.64862E0 1.64862E0 1.64862E0 1.64862E0 1.64862E0 1.64862E0 1.64862E0 1.64862E0 3.97259E-2 1.64862E0 3.97259E-2 3.97259E-2 3.97259E-2 3.97259E-2 3.97259E-2 3.97259E-2 3.97259E-2 3.97259E-2 3.97259E-2 3.97259E-2 3.97259E-2 3.97259E-2 3.97259E-2 3.97259E-2 1.64862E0 1.64862E0 1.64862E0 1.64862E0 1.64862E0 1.64862E0 1.64862E0 1.64862E0 1.64862E0 3.97259E-2 3.97259E-2 3.97259E-2 3.97259E-2 3.97259E-2 3.97259E-2 3.97259E-2 3.97259E-2 3.97259E-2 3.97259E-2 3.97259E-2 3.97259E-2 3.97259E-2 3.97259E-2 3.97259E-2 3.97259E-2 3.97259E-2 3.97259E-2 3.97259E-2 3.97259E-2 3.97259E-2 3.97259E-2 3.97259E-2 3.97259E-2 3.97259E-2 3.97259E-2 3.97259E-2 3.97259E-2 1.64862E0 1.64862E0 1.64862E0 1.64862E0
1.64862E0 1.64862E0 1.64862E0 1.64862E0 1.64862E0 1.64862E0 1.64862E0 1.64862E0 1.64862E0 1.64862E0 3.97259E-2 3.97259E-2 3.97259E-2 3.97259E-2 3.97259E-2 3.97259E-2 3.97259E-2 3.97259E-2 3.97259E-2 3.97259E-2 3.97259E-2 3.97259E-2 3.97259E-2 3.97259E-2 1.64862E0 1.64862E0 1.64862E0 1.64862E0 1.64862E0 1.64862E0 1.64862E0 1.64862E0 1.64862E0 1.64862E0 1.64862E0 1.64862E0 1.64862E0 1.64862E0 3.97259E-2 3.97259E-2 3.97259E-2 3.97259E-2 3.97259E-2 3.97259E-2 3.97259E-2 3.97259E-2 3.97259E-2 3.97259E-2 3.97259E-2 3.97259E-2 3.97259E-2 3.97259E-2 1.64862E0 3.97259E-2 1.64862E0 1.64862E0 3.97259E-2 3.97259E-2 3.97259E-2 3.97259E-2 3.97259E-2 1.64862E0 1.64862E0 1.64862E0 2.18492E0 2.1452E0 1.64862E0
1.64862E0 1.64862E0 1.64862E0 1.64862E0 1.64862E0 1.64862E0 1.64862E0 1.64862E0 1.64862E0 1.64862E0 1.64862E0 3.97259E-2 3.97259E-2 3.97259E-2 3.97259E-2 3.97259E-2 3.97259E-2 3.97259E-2 3.97259E-2 3.97259E-2 1.64862E0 1.64862E0 1.64862E0 1.64862E0 1.64862E0 1.64862E0 1.64862E0 1.64862E0 1.64862E0 1.64862E0 1.64862E0 1.64862E0 1.64862E0 1.64862E0 1.64862E0 1.64862E0 1.64862E0 1.64862E0 1.64862E0 3.97259E-2 3.97259E-2 3.97259E-2 3.97259E-2 3.97259E-2 3.97259E-2 3.97259E-2 3.97259E-2 3.97259E-2 3.97259E-2 3.97259E-2 3.97259E-2 3.97259E-2 1.64862E0 1.64862E0 1.64862E0 1.64862E0 3.97259E-2 3.97259E-2 3.97259E-2 3.97259E-2 3.97259E-2 1.64862E0 3.89314E0 3.43629E0 1.02493E1 9.13696E0 2.24451E0
1.64862E0 1.64862E0 1.64862E0 1.64862E0 1.64862E0 1.64862E0 1.64862E0 1.64862E0 1.64862E0 1.64862E0 1.64862E0 1.64862E0 3.97259E-2 3.97259E-2 3.97259E-2 3.97259E-2 3.97259E-2 1.64862E0 3.97259E-2 1.64862E0 1.64862E0 1.64862E0 1.64862E0 1.64862E0 1.64862E0 1.64862E0 1.64862E0 1.64862E0 1.64862E0 1.64862E0 1.64862E0 1.64862E0 1.64862E0 1.64862E0 1.64862E0 1.64862E0 1.64862E0 1.64862E0 1.64862E0 3.97259E-2 3.97259E-2 3.97259E-2 3.97259E-2 3.97259E-2 3.97259E-2 3.97259E-2 3.97259E-2 3.97259E-2 3.97259E-2 3.97259E-2 3.97259E-2 1.64862E0 1.64862E0 1.64862E0 1.64862E0 1.64862E0 3.97259E-2 3.97259E-2 3.97259E-2 3.97259E-2 3.97259E-2 1.64862E0 6.61436E0 6.61436E0 4.56848E0 1.09643E1 7.86573E0
1.23945E1 1.23945E1 1.23945E1 1.23945E1 1.64862E0 1.64862E0 1.64862E0 1.64862E0 1.64862E0 1.64862E0 1.64862E0 1.64862E0 1.64862E0 1.64862E0 3.97259E-2 3.97259E-2 1.64862E0 1.64862E0 3.97259E-2 1.64862E0 1.64862E0 1.64862E0 1.64862E0 1.64862E0 1.64862E0 1.64862E0 1.64862E0 1.64862E0 1.64862E0 1.64862E0 1.64862E0 1.64862E0 1.64862E0 1.64862E0 1.64862E0 1.64862E0 1.64862E0 1.64862E0 1.64862E0 1.64862E0 3.97259E-2 3.97259E-2 3.97259E-2 3.97259E-2 3.97259E-2 3.97259E-2 3.97259E-2 3.97259E-2 3.97259E-2 3.97259E-2 1.64862E0 1.64862E0 1.64862E0 1.48972E0 1.64862E0 1.48972E0 1.64862E0 1.64862E0 1.64862E0 1.64862E0 1.48972E0 1.64862E0 3.07876E0 4.15136E0 1.02493E1 4.05204E0 3.49588E0
1.23945E1 1.23945E1 1.23945E1 1.23945E1 1.23945E1 1.23945E1 1.64862E0 1.64862E0 1.64862E0 1.64862E0 1.64862E0 1.64862E0 3.97259E-2 3.97259E-2 3.97259E-2 3.97259E-2 3.97259E-2 1.64862E0 1.64862E0 1.64862E0 1.64862E0 1.64862E0 1.64862E0 1.64862E0 1.64862E0 1.64862E0 1.64862E0 1.64862E0 1.64862E0 1.64862E0 1.64862E0 1.23945E1 1.23945E1 1.23945E1 1.64862E0 1.64862E0 1.64862E0 1.64862E0 1.64862E0 1.64862E0 1.64862E0 3.97259E-2 3.97259E-2 3.97259E-2 3.97259E-2 3.97259E-2 3.97259E-2 3.97259E-2 1.48972E0 1.48972E0 1.64862E0 1.64862E0 1.64862E0 1.64862E0 1.48972E0 1.48972E0 1.48972E0 1.64862E0 1.48972E0 1.48972E0 1.48972E0 1.48972E0 3.07876E0 3.07876E0 3.69451E0 3.43629E0 4.15136E0
1.23945E1 1.23945E1 1.23945E1 1.23945E1 1.23945E1 1.23945E1 1.23945E1 1.64862E0 1.64862E0 1.64862E0 1.64862E0 1.64862E0 1.64862E0 3.97259E-2 3.97259E-2 1.64862E0 3.97259E-2 1.64862E0 1.64862E0 1.64862E0 1.64862E0 1.64862E0 1.64862E0 1.64862E0 1.64862E0 1.64862E0 1.23945E1 1.64862E0 1.64862E0 1.23945E1 1.23945E1 1.23945E1 1.23945E1 6.61436E0 6.61436E0 6.61436E0 1.64862E0 1.64862E0 1.64862E0 1.64862E0 1.64862E0 3.97259E-2 3.97259E-2 3.97259E-2 3.97259E-2 3.97259E-2 3.97259E-2 1.48972E0 1.48972E0 1.64862E0 1.48972E0 1.64862E0 1.48972E0 1.48972E0 1.48972E0 1.48972E0 1.48972E0 1.48972E0 1.48972E0 1.48972E0 1.48972E0 3.07876E0 1.48972E0 3.07876E0 3.07876E0 2.58218E0 3.29725E0
2.06376E1 1.93068E1 1.23945E1 1.23945E1 1.23945E1 1.23945E1 1.23945E1 1.64862E0 1.64862E0 1.64862E0 1.64862E0 1.64862E0 1.64862E0 3.97259E-2 3.97259E-2 1.64862E0 1.64862E0 1.64862E0 1.64862E0 1.64862E0 1.64862E0 1.64862E0 1.64862E0 1.64862E0 1.64862E0 1.23945E1 1.23945E1 6.61436E0 1.23945E1 1.23945E1 1.23945E1 1.23945E1 6.61436E0 6.61436E0 1.23945E1 6.61436E0 6.61436E0 1.64862E0 1.64862E0 1.64862E0 1.64862E0 1.48972E0 3.97259E-2 3.97259E-2 3.97259E-2 3.97259E-2 1.48972E0 1.48972E0 1.48972E0 1.48972E0 1.48972E0 1.48972E0 1.48972E0 1.48972E0 1.48972E0 1.48972E0 1.48972E0 1.48972E0 1.48972E0 1.48972E0 3.07876E0 3.07876E0 3.07876E0 3.07876E0 3.07876E0 2.58218E0 2.24451E0
2.26438E1 2.15513E1 2.03992E1 1.23945E1 1.23945E1 1.23945E1 1.23945E1 1.23945E1 1.64862E0 1.64862E0 1.64862E0 1.64862E0 1.64862E0 1.64862E0 3.97259E-2 3.97259E-2 1.64862E0 1.64862E0 1.64862E0 1.64862E0 1.64862E0 1.64862E0 1.64862E0 1.64862E0 1.23945E1 1.23945E1 6.61436E0 6.61436E0 1.23945E1 1.23945E1 6.61436E0 6.61436E0 6.61436E0 6.61436E0 6.61436E0 2.03992E1 6.61436E0 6.61436E0 6.61436E0 1.64862E0 1.64862E0 1.48972E0 3.97259E-2 3.97259E-2 3.97259E-2 1.48972E0 1.48972E0 1.48972E0 1.48972E0 1.48972E0 1.48972E0 1.48972E0 1.48972E0 1.48972E0 1.48972E0 1.48972E0 1.48972E0 1.48972E0 1.48972E0 1.48972E0 1.48972E0 3.07876E0 6.61436E0 6.25683E0 4.15136E0 3.29725E0 9.0575E0
2.03992E1 2.03992E1 1.23945E1 1.23945E1 1.23945E1 1.23945E1 1.23945E1 1.23945E1 1.23945E1 1.64862E0 1.64862E0 1.64862E0 1.64862E0 1.64862E0 1.64862E0 3.97259E-2 3.97259E-2 1.64862E0 1.64862E0 1.64862E0 1.64862E0 1.64862E0 1.64862E0 6.61436E0 1.23945E1 1.23945E1 6.61436E0 6.61436E0 2.03992E1 2.03992E1 6.61436E0 6.61436E0 2.03992E1 6.61436E0 2.03992E1 6.61436E0 6.61436E0 6.61436E0 6.61436E0 3.07876E0 1.64862E0 1.48972E0 1.48972E0 1.48972E0 1.48972E0 1.48972E0 1.48972E0 1.48972E0 1.48972E0 1.48972E0 8.7397E-1 1.48972E0 1.48972E0 1.48972E0 1.48972E0 8.7397E-1 1.48972E0 8.7397E-1 1.48972E0 1.48972E0 3.07876E0 3.07876E0 6.61436E0 6.57464E0 4.56848E0 3.69451E0 1.24739E1
2.03992E1 2.03992E1 2.03992E1 1.23945E1 1.23945E1 1.23945E1 1.23945E1 1.23945E1 1.23945E1 1.23945E1 1.64862E0 1.64862E0 1.64862E0 1.64862E0 1.64862E0 1.64862E0 1.64862E0 1.64862E0 1.64862E0 1.64862E0 6.61436E0 1.23945E1 6.61436E0 6.61436E0 6.61436E0 1.23945E1 6.61436E0 6.61436E0 2.03992E1 6.61436E0 6.61436E0 2.03992E1 2.03992E1 2.03992E1 2.03992E1 6.61436E0 6.61436E0 2.03992E1 6.61436E0 3.07876E0 3.07876E0 3.07876E0 1.48972E0 1.48972E0 1.48972E0 1.48972E0 1.48972E0 1.48972E0 1.48972E0 1.48972E0 8.7397E-1 1.48972E0 1.48972E0 1.48972E0 8.7397E-1 8.7397E-1 8.7397E-1 1.48972E0 8.7397E-1 1.48972E0 1.48972E0 3.07876E0 6.61436E0 6.61436E0 4.34999E0 3.69451E0 1.37849E1
2.03992E1 2.03992E1 2.03992E1 2.03992E1 1.23945E1 1.23945E1 1.23945E1 1.23945E1 1.23945E1 1.23945E1 1.23945E1 1.64862E0 1.64862E0 1.64862E0 1.64862E0 1.64862E0 1.64862E0 1.64862E0 1.64862E0 1.64862E0 1.64862E0 6.61436E0 6.61436E0 6.61436E0 6.61436E0 6.61436E0 6.61436E0 6.61436E0 6.61436E0 6.61436E0 6.61436E0 2.03992E1 2.03992E1 2.03992E1 2.03992E1 6.61436E0 6.61436E0 6.61436E0 6.61436E0 3.07876E0 3.07876E0 3.07876E0 3.07876E0 1.48972E0 1.48972E0 1.48972E0 1.48972E0 1.48972E0 1.48972E0 1.48972E0 1.48972E0 1.48972E0 1.48972E0 8.7397E-1 8.7397E-1 8.7397E-1 1.48972E0 1.48972E0 1.48972E0 1.48972E0 1.48972E0 3.07876E0 3.07876E0 3.07876E0 4.34999E0 3.69451E0 1.19972E1
2.03992E1 2.03992E1 2.03992E1 2.03992E1 2.03992E1 2.03992E1 2.03992E1 2.03992E1 1.23945E1 6.61436E0 1.23945E1 1.64862E0 1.64862E0 1.64862E0 1.64862E0 1.64862E0 1.64862E0 1.64862E0 1.64862E0 1.64862E0 1.64862E0 1.64862E0 6.61436E0 3.07876E0 6.61436E0 6.61436E0 6.61436E0 6.61436E0 6.61436E0 6.61436E0 6.61436E0 2.03992E1 2.03992E1 2.03992E1 2.03992E1 6.61436E0 6.61436E0 6.61436E0 6.61436E0 6.61436E0 3.07876E0 3.07876E0 3.07876E0 3.07876E0 1.48972E0 1.48972E0 1.48972E0 1.48972E0 1.48972E0 1.48972E0 1.48972E0 1.48972E0 1.48972E0 1.48972E0 8.7397E-1 8.7397E-1 1.48972E0 1.48972E0 1.48972E0 1.48972E0 1.48972E0 3.07876E0 3.07876E0 3.07876E0 4.76711E0 3.69451E0 8.54107E0
2.03992E1 2.03992E1 2.03992E1 2.03992E1 2.03992E1 2.03992E1 2.03992E1 2.03992E1 6.61436E0 6.61436E0 6.61436E0 6.61436E0 1.64862E0 1.64862E0 1.64862E0 1.64862E0 1.64862E0 1.64862E0 1.64862E0 1.64862E0 1.64862E0 1.64862E0 3.07876E0 3.07876E0 3.07876E0 3.07876E0 6.61436E0 6.61436E0 6.61436E0 6.61436E0 6.61436E0 6.61436E0 2.03992E1 2.03992E1 2.03992E1 6.61436E0 6.61436E0 6.61436E0 6.61436E0 6.61436E0 3.07876E0 3.07876E0 3.07876E0 1.48972E0 1.48972E0 1.48972E0 1.48972E0 1.48972E0 1.48972E0 1.48972E0 1.48972E0 1.48972E0 1.48972E0 1.48972E0 8.7397E-1 8.7397E-1 8.7397E-1 8.7397E-1 1.48972E0 1.48972E0 1.48972E0 1.48972E0 3.07876E0 6.61436E0 6.57464E0 5.79998E0 1.01102E1
2.03992E1 2.03992E1 2.03992E1 2.03992E1 2.03992E1 2.03992E1 2.03992E1 6.61436E0 6.61436E0 6.61436E0 6.61436E0 6.61436E0 6.61436E0 3.07876E0 1.64862E0 1.64862E0 1.64862E0 1.64862E0 1.64862E0 1.64862E0 1.64862E0 3.07876E0 3.07876E0 3.07876E0 3.07876E0 3.07876E0 3.07876E0 3.07876E0 6.61436E0 6.61436E0 6.61436E0 6.61436E0 6.61436E0 6.61436E0 6.61436E0 3.07876E0 6.61436E0 6.61436E0 3.07876E0 3.07876E0 3.07876E0 3.07876E0 3.07876E0 1.48972E0 1.48972E0 1.48972E0 1.48972E0 1.48972E0 1.48972E0 1.48972E0 1.48972E0 1.48972E0 1.48972E0 1.48972E0 8.7397E-1 1.48972E0 8.7397E-1 1.48972E0 1.48972E0 1.48972E0 1.48972E0 1.48972E0 3.07876E0 6.61436E0 6.61436E0 9.65339E0 1.09643E1
2.03992E1 6.61436E0 6.61436E0 6.61436E0 6.61436E0 6.61436E0 2.03992E1 2.03992E1 6.61436E0 6.61436E0 6.61436E0 6.61436E0 6.61436E0 6.61436E0 1.64862E0 1.64862E0 1.64862E0 1.64862E0 1.64862E0 3.07876E0 3.07876E0 3.07876E0 3.07876E0 3.07876E0 3.07876E0 3.07876E0 3.07876E0 3.07876E0 6.61436E0 6.61436E0 6.61436E0 6.61436E0 6.61436E0 6.61436E0 6.61436E0 6.61436E0 6.61436E0 6.61436E0 6.61436E0 3.07876E0 3.07876E0 3.07876E0 3.07876E0 3.07876E0 3.07876E0 3.07876E0 1.48972E0 1.48972E0 1.48972E0 1.48972E0 1.48972E0 1.48972E0 1.48972E0 1.48972E0 1.48972E0 1.48972E0 1.48972E0 1.48972E0 1.48972E0 1.48972E0 1.48972E0 3.07876E0 3.07876E0 1.02493E1 8.64038E0 9.21641E0 1.02493E1
2.03992E1 6.61436E0 6.61436E0 6.61436E0 6.61436E0 2.03992E1 2.03992E1 2.03992E1 2.03992E1 2.03992E1 6.61436E0 6.61436E0 6.61436E0 3.07876E0 6.61436E0 3.07876E0 3.07876E0 3.07876E0 3.07876E0 3.07876E0 3.07876E0 3.07876E0 3.07876E0 3.07876E0 3.07876E0 6.61436E0 3.07876E0 3.07876E0 3.07876E0 6.61436E0 6.61436E0 6.61436E0 6.61436E0 6.61436E0 6.61436E0 6.61436E0 6.61436E0 6.61436E0 3.07876E0 6.61436E0 3.07876E0 3.07876E0 3.07876E0 3.07876E0 3.07876E0 3.07876E0 3.07876E0 1.48972E0 1.48972E0 1.48972E0 1.48972E0 1.48972E0 1.48972E0 1.48972E0 1.48972E0 3.07876E0 1.48972E0 1.48972E0 1.48972E0 1.48972E0 1.48972E0 3.07876E0 3.07876E0 6.61436E0 6.61436E0 8.54107E0 1.01102E1
2.03992E1 6.61436E0 6.61436E0 6.61436E0 2.03992E1 6.61436E0 2.03992E1 2.03992E1 2.03992E1 2.03992E1 6.61436E0 6.61436E0 6.61436E0 6.61436E0 6.61436E0 3.07876E0 3.07876E0 3.07876E0 3.07876E0 3.07876E0 3.07876E0 3.07876E0 3.07876E0 3.07876E0 3.07876E0 6.61436E0 6.61436E0 3.07876E0 3.07876E0 3.07876E0 6.61436E0 6.61436E0 6.61436E0 6.61436E0 6.61436E0 6.61436E0 6.61436E0 6.61436E0 6.61436E0 6.61436E0 3.07876E0 3.07876E0 3.07876E0 3.07876E0 3.07876E0 3.07876E0 3.07876E0 3.07876E0 3.07876E0 1.48972E0 1.48972E0 3.07876E0 1.48972E0 1.48972E0 1.48972E0 3.07876E0 1.48972E0 1.48972E0 3.07876E0 1.48972E0 1.48972E0 3.07876E0 3.07876E0 3.07876E0 6.61436E0 7.58765E0 8.97805E0
6.61436E0 6.61436E0 6.61436E0 6.61436E0 6.61436E0 2.03992E1 6.61436E0 6.61436E0 2.61595E1 2.61595E1 2.61595E1 2.03992E1 6.61436E0 6.61436E0 3.07876E0 3.07876E0 3.07876E0 3.07876E0 3.07876E0 3.07876E0 3.07876E0 3.07876E0 3.07876E0 3.07876E0 6.61436E0 6.61436E0 6.61436E0 6.61436E0 6.61436E0 6.61436E0 6.61436E0 6.61436E0 6.61436E0 6.61436E0 6.61436E0 6.61436E0 6.61436E0 6.61436E0 6.61436E0 3.07876E0 3.07876E0 3.07876E0 3.07876E0 3.07876E0 3.07876E0 3.07876E0 3.07876E0 3.07876E0 3.07876E0 3.07876E0 3.07876E0 3.07876E0 1.48972E0 1.48972E0 1.48972E0 1.48972E0 1.48972E0 3.07876E0 3.07876E0 1.48972E0 1.48972E0 3.07876E0 6.61436E0 6.61436E0 6.61436E0 9.13696E0 9.93147E0
6.61436E0 6.61436E0 6.61436E0 6.61436E0 6.61436E0 6.61436E0 6.61436E0 6.61436E0 2.03992E1 2.66958E1 2.03992E1 2.03992E1 6.61436E0 3.07876E0 3.07876E0 3.07876E0 3.07876E0 3.07876E0 3.07876E0 3.07876E0 3.07876E0 3.07876E0 3.07876E0 3.07876E0 6.61436E0 6.61436E0 6.61436E0 6.61436E0 6.61436E0 6.61436E0 6.61436E0 6.61436E0 6.61436E0 6.61436E0 6.61436E0 6.61436E0 6.61436E0 3.07876E0 6.61436E0 6.61436E0 6.61436E0 6.61436E0 3.07876E0 3.07876E0 6.61436E0 3.07876E0 6.61436E0 6.61436E0 3.07876E0 6.61436E0 6.61436E0 3.07876E0 3.07876E0 3.07876E0 1.48972E0 1.48972E0 3.07876E0 3.07876E0 3.07876E0 1.48972E0 3.07876E0 3.07876E0 6.61436E0 6.61436E0 6.61436E0 1.10835E1 1.12623E1
6.61436E0 6.61436E0 6.61436E0 6.61436E0 3.07876E0 6.61436E0 6.61436E0 6.61436E0 6.61436E0 2.03992E1 2.03992E1 6.61436E0 3.07876E0 6.61436E0 3.07876E0 3.07876E0 3.07876E0 3.07876E0 3.07876E0 3.07876E0 3.07876E0 3.07876E0 3.07876E0 3.07876E0 6.61436E0 6.61436E0 6.61436E0 6.61436E0 6.61436E0 6.61436E0 6.61436E0 2.03992E1 6.61436E0 6.61436E0 6.61436E0 6.61436E0 6.61436E0 6.61436E0 6.61436E0 6.61436E0 6.61436E0 3.07876E0 6.61436E0 6.61436E0 6.61436E0 3.07876E0 6.61436E0 6.61436E0 3.07876E0 6.61436E0 6.61436E0 3.07876E0 3.07876E0 3.07876E0 1.48972E0 1.48972E0 3.07876E0 3.07876E0 3.07876E0 3.07876E0 3.07876E0 6.61436E0 6.61436E0 6.61436E0 6.61436E0 1.24739E1 1.19575E1
3.07876E0 6.61436E0 6.61436E0 3.07876E0 3.07876E0 3.07876E0 6.61436E0 6.61436E0 6.61436E0 6.61436E0 3.07876E0 3.07876E0 3.07876E0 3.07876E0 3.07876E0 3.07876E0 3.07876E0 3.07876E0 3.07876E0 3.07876E0 3.07876E0 3.07876E0 3.07876E0 3.07876E0 6.61436E0 6.61436E0 6.61436E0 3.07876E0 6.61436E0 6.61436E0 6.61436E0 2.03992E1 6.61436E0 6.61436E0 6.61436E0 6.61436E0 2.03992E1 6.61436E0 6.61436E0 6.61436E0 6.61436E0 6.61436E0 6.61436E0 6.61436E0 6.61436E0 3.07876E0 6.61436E0 3.07876E0 3.07876E0 3.07876E0 6.61436E0 3.07876E0 3.07876E0 3.07876E0 1.48972E0 1.48972E0 1.48972E0 3.07876E0 6.61436E0 6.61436E0 3.07876E0 6.61436E0 6.61436E0 1.66054E1 6.61436E0 1.32287E1 1.3328E1
3.07876E0 3.07876E0 3.07876E0 3.07876E0 3.07876E0 3.07876E0 6.61436E0 6.61436E0 3.07876E0 3.07876E0 3.07876E0 3.07876E0 3.07876E0 3.07876E0 3.07876E0 3.07876E0 3.07876E0 3.07876E0 3.07876E0 3.07876E0 3.07876E0 3.07876E0 3.07876E0 3.07876E0 3.07876E0 6.61436E0 3.07876E0 3.07876E0 6.61436E0 6.61436E0 6.61436E0 6.61436E0 6.61436E0 6.61436E0 6.61436E0 6.61436E0 2.03992E1 6.61436E0 6.61436E0 6.61436E0 6.61436E0 3.07876E0 3.07876E0 3.07876E0 3.07876E0 3.07876E0 3.07876E0 3.07876E0 3.07876E0 3.07876E0 3.07876E0 1.48972E0 1.48972E0 1.48972E0 1.48972E0 3.07876E0 1.48972E0 1.48972E0 3.07876E0 3.07876E0 3.07876E0 6.61436E0 6.61436E0 6.61436E0 6.61436E0 1.34472E1 1.3328E1
6.61436E0 6.61436E0 3.07876E0 3.07876E0 3.07876E0 6.61436E0 6.61436E0 6.61436E0 6.61436E0 3.07876E0 3.07876E0 3.07876E0 3.07876E0 3.07876E0 1.48972E0 3.07876E0 3.07876E0 3.07876E0 3.07876E0 3.07876E0 3.07876E0 3.07876E0 3.07876E0 3.07876E0 6.61436E0 6.61436E0 3.07876E0 3.07876E0 3.07876E0 6.61436E0 6.61436E0 6.61436E0 6.61436E0 6.61436E0 2.03992E1 6.61436E0 6.61436E0 6.61436E0 3.07876E0 3.07876E0 3.07876E0 3.07876E0 3.07876E0 3.07876E0 3.07876E0 3.07876E0 3.07876E0 3.07876E0 3.07876E0 1.48972E0 1.48972E0 1.48972E0 1.48972E0 1.48972E0 1.48972E0 3.07876E0 1.48972E0 1.48972E0 1.48972E0 1.48972E0 3.07876E0 6.61436E0 6.61436E0 3.07876E0 3.07876E0 6.61436E0 6.61436E0
6.61436E0 6.61436E0 6.61436E0 6.61436E0 6.61436E0 6.61436E0 2.03992E1 6.61436E0 6.61436E0 3.07876E0 3.07876E0 3.07876E0 3.07876E0 1.48972E0 1.48972E0 3.07876E0 3.07876E0 3.07876E0 3.07876E0 3.07876E0 3.07876E0 3.07876E0 3.07876E0 3.07876E0 3.07876E0 3.07876E0 3.07876E0 3.07876E0 3.07876E0 3.07876E0 6.61436E0 6.61436E0 6.61436E0 2.03992E1 6.61436E0 6.61436E0 6.61436E0 3.07876E0 3.07876E0 3.07876E0 3.07876E0 1.48972E0 3.07876E0 1.48972E0 3.07876E0 3.07876E0 3.07876E0 3.07876E0 3.07876E0 3.07876E0 1.48972E0 1.48972E0 1.48972E0 1.48972E0 1.48972E0 1.48972E0 1.48972E0 1.48972E0 1.48972E0 1.48972E0 1.48972E0 3.07876E0 3.07876E0 1.48972E0 3.07876E0 3.07876E0 3.07876E0
6.61436E0 6.61436E0 6.61436E0 6.61436E0 6.61436E0 6.61436E0 6.61436E0 3.07876E0 3.07876E0 6.61436E0 3.07876E0 1.48972E0 3.07876E0 1.48972E0 1.48972E0 1.48972E0 3.07876E0 3.07876E0 3.07876E0 3.07876E0 3.07876E0 3.07876E0 3.07876E0 3.07876E0 3.07876E0 3.07876E0 3.07876E0 3.07876E0 3.07876E0 3.07876E0 6.61436E0 6.61436E0 6.61436E0 6.61436E0 6.61436E0 3.07876E0 3.07876E0 3.07876E0 3.07876E0 1.48972E0 1.48972E0 1.48972E0 3.07876E0 3.07876E0 3.07876E0 3.07876E0 3.07876E0 3.07876E0 3.07876E0 3.07876E0 1.48972E0 1.48972E0 1.48972E0 1.48972E0 1.48972E0 1.48972E0 1.48972E0 1.48972E0 1.48972E0 1.48972E0 1.48972E0 1.48972E0 1.48972E0 3.07876E0 3.07876E0 3.07876E0 3.07876E0
6.61436E0 6.61436E0 6.61436E0 6.61436E0 6.61436E0 6.61436E0 6.61436E0 3.07876E0 6.61436E0 6.61436E0 3.07876E0 3.07876E0 3.07876E0 3.07876E0 1.48972E0 1.48972E0 1.48972E0 3.07876E0 3.07876E0 3.07876E0 3.07876E0 3.07876E0 3.07876E0 3.07876E0 3.07876E0 3.07876E0 3.07876E0 1.48972E0 1.48972E0 3.07876E0 3.07876E0 3.07876E0 3.07876E0 3.07876E0 3.07876E0 3.07876E0 3.07876E0 3.07876E0 3.07876E0 3.07876E0 3.07876E0 3.07876E0 3.07876E0 3.07876E0 3.07876E0 3.07876E0 3.07876E0 3.07876E0 3.07876E0 1.48972E0 1.48972E0 3.07876E0 3.07876E0 1.48972E0 3.07876E0 1.48972E0 1.48972E0 1.48972E0 1.48972E0 1.48972E0 1.48972E0 1.48972E0 1.48972E0 1.48972E0 3.07876E0 3.07876E0 3.07876E0
