Leopardus braccatus/Leopardus_braccatus.asc
ncols         515
nrows         545
xllcorner     -119.0
yllcorner     -58.333333333333
cellsize      0.166666666667
NODATA_value  -9999
[rows 203 to 231 of 545, columns 198 to 263 of 515]
-9999 -9999 -9999 -9999 -9999 -9999 -9999 -9999 -9999 -9999 -9999 -9999 -9999 -9999 -9999 -9999 -9999 -9999 -9999 -9999 -9999 -9999 -9999 -9999 -9999 -9999 -9999 -9999 -9999 -9999 -9999 3.20633E-4 2.19213E-3 6.34755E-3 1.02803E-2 3.30223E-3 3.84055E-4 1.41211E-4 7.63694E-5 3.83195E-4 1.2174E-3 2.79719E-2 5.15001E-4 5.89441E-5 2.95817E-4 4.60493E-4 6.59037E-4 2.64936E-6 1.29239E-7 1.65651E-7 3.03517E-7 6.39831E-7 1.14245E-6 2.23385E-6 3.71524E-6 4.64907E-6 7.39351E-6 9.72224E-6 1.34139E-5 1.97426E-5 3.03425E-5 3.51983E-5 4.28722E-5 4.53905E-5 5.23139E-5 5.63859E-5
-9999 -9999 -9999 -9999 -9999 -9999 -9999 -9999 -9999 -9999 -9999 -9999 -9999 -9999 -9999 -9999 -9999 -9999 -9999 -9999 -9999 -9999 -9999 -9999 -9999 -9999 -9999 -9999 -9999 -9999 7.95651E-5 2.09166E-4 1.7869E-3 3.55824E-3 4.08137E-3 9.46831E-4 3.83601E-4 9.21133E-5 4.89234E-5 1.52626E-4 1.2876E-3 2.46729E-2 1.74472E-3 2.3514E-4 2.86023E-4 9.59881E-5 8.17202E-4 6.28173E-7 2.57895E-7 5.5698E-7 5.87251E-7 8.63413E-7 1.23991E-6 2.04347E-6 3.74877E-6 5.22212E-6 7.67439E-6 1.13269E-5 1.51986E-5 2.13212E-5 3.05595E-5 4.18764E-5 4.5822E-5 5.19044E-5 6.00121E-5 5.83075E-5
-9999 -9999 -9999 -9999 -9999 -9999 -9999 -9999 -9999 -9999 -9999 -9999 -9999 -9999 -9999 -9999 -9999 -9999 -9999 -9999 -9999 -9999 -9999 -9999 -9999 -9999 -9999 -9999 -9999 -9999 -9999 3.96046E-4 1.04779E-3 1.87173E-3 3.29597E-3 6.69159E-4 3.10935E-4 7.83961E-5 4.58214E-5 3.98629E-5 1.10424E-3 2.58298E-2 7.67041E-4 3.81382E-4 1.50113E-4 5.00429E-5 6.34322E-4 2.64839E-6 6.76092E-7 1.08925E-6 1.59839E-6 1.76719E-6 2.1394E-6 2.81319E-6 4.04618E-6 6.12109E-6 9.67227E-6 1.34589E-5 1.63999E-5 2.07878E-5 2.69134E-5 3.52301E-5 3.10226E-5 3.41713E-5 4.0083E-5 6.61486E-5
-9999 -9999 -9999 -9999 -9999 -9999 -9999 -9999 -9999 -9999 -9999 -9999 -9999 -9999 -9999 -9999 -9999 -9999 -9999 -9999 -9999 -9999 -9999 -9999 -9999 -9999 -9999 -9999 -9999 -9999 -9999 1.30454E-4 5.66597E-4 1.07461E-3 3.57885E-3 1.02644E-3 4.42029E-4 1.19462E-4 1.35751E-4 1.17904E-4 8.40831E-4 3.69434E-2 2.40347E-3 4.18539E-4 9.42997E-5 6.88106E-5 8.07297E-4 1.32021E-5 2.42044E-6 2.60689E-6 3.10697E-6 3.31928E-6 4.01704E-6 4.5194E-6 6.10092E-6 7.89403E-6 1.22696E-5 1.67762E-5 2.09101E-5 2.67866E-5 2.96889E-5 3.88535E-5 4.21642E-5 4.66506E-5 5.12863E-5 6.17775E-5
-9999 -9999 -9999 -9999 -9999 -9999 -9999 -9999 -9999 -9999 -9999 -9999 -9999 -9999 -9999 -9999 -9999 -9999 -9999 -9999 -9999 -9999 -9999 -9999 -9999 -9999 -9999 -9999 -9999 -9999 -9999 3.78922E-5 1.79385E-4 1.10891E-3 2.85782E-3 4.4828E-3 1.08184E-3 3.60915E-4 2.27162E-4 3.13561E-4 8.47357E-4 2.46643E-2 6.98751E-3 5.23185E-4 4.30518E-5 1.19782E-4 1.10873E-3 4.3779E-5 8.9834E-6 5.8199E-6 6.50092E-6 7.53749E-6 7.91757E-6 9.302E-6 1.02173E-5 1.1773E-5 1.48981E-5 2.26888E-5 2.5265E-5 3.17245E-5 3.21042E-5 4.1381E-5 5.17868E-5 5.70701E-5 5.52939E-5 6.94574E-5
-9999 -9999 -9999 -9999 -9999 -9999 -9999 -9999 -9999 -9999 -9999 -9999 -9999 -9999 -9999 -9999 -9999 -9999 -9999 -9999 -9999 -9999 -9999 -9999 -9999 -9999 -9999 -9999 -9999 1.23948E-6 4.67128E-6 2.42916E-5 6.92546E-5 7.70943E-4 1.46107E-3 1.30169E-3 6.17035E-4 3.20903E-4 2.95618E-4 4.55208E-4 8.64699E-4 6.36907E-3 6.19769E-3 6.58039E-4 3.71999E-5 2.7612E-4 1.12118E-3 1.04426E-4 3.17962E-5 1.46337E-5 1.36847E-5 1.77321E-5 1.85657E-5 1.64347E-5 1.80813E-5 1.72418E-5 1.7673E-5 2.10925E-5 2.96437E-5 3.9372E-5 5.33115E-5 5.43425E-5 6.10111E-5 7.68479E-5 7.85136E-5 7.08149E-5
-9999 -9999 -9999 -9999 -9999 -9999 -9999 -9999 -9999 -9999 -9999 -9999 -9999 -9999 -9999 -9999 -9999 -9999 -9999 -9999 -9999 -9999 -9999 -9999 -9999 -9999 -9999 -9999 -9999 -9999 9.77832E-7 3.31191E-6 2.23685E-5 1.01189E-3 4.24535E-4 1.38175E-4 3.9198E-4 4.26689E-4 4.64207E-4 1.04138E-3 2.69348E-3 1.66126E-2 1.08501E-3 1.44678E-4 7.31698E-5 2.1691E-4 8.3035E-4 2.29182E-4 7.51786E-5 3.95714E-5 3.51202E-5 3.96783E-5 3.36929E-5 3.38498E-5 3.06207E-5 2.74108E-5 2.85614E-5 2.64541E-5 3.35238E-5 4.74558E-5 7.06699E-5 9.08668E-5 8.92946E-5 1.02962E-4 1.11507E-4 9.25051E-5
-9999 -9999 -9999 -9999 -9999 -9999 -9999 -9999 -9999 -9999 -9999 -9999 -9999 -9999 -9999 -9999 -9999 -9999 -9999 -9999 -9999 -9999 -9999 -9999 -9999 -9999 -9999 -9999 -9999 -9999 -9999 -9999 5.88112E-6 2.47803E-5 2.68746E-5 3.1693E-5 1.45436E-4 3.50652E-4 1.14295E-3 3.17987E-3 2.26565E-2 1.57475E-3 2.7364E-4 1.19928E-4 5.33206E-4 9.34823E-4 1.08007E-3 3.01395E-4 1.26818E-4 9.16984E-5 7.13513E-5 7.7649E-5 6.72435E-5 6.23631E-5 6.23963E-5 6.48174E-5 5.67533E-5 4.76565E-5 4.58449E-5 5.98154E-5 8.13628E-5 1.41438E-4 1.60588E-4 1.25637E-4 2.09572E-4 2.68302E-4
-9999 -9999 -9999 -9999 -9999 -9999 -9999 -9999 -9999 -9999 -9999 -9999 -9999 -9999 -9999 -9999 -9999 -9999 -9999 -9999 -9999 -9999 -9999 -9999 -9999 -9999 -9999 -9999 -9999 -9999 -9999 -9999 -9999 2.50478E-6 1.60367E-5 7.93044E-5 1.01456E-4 5.83676E-4 7.17287E-3 1.22805E-2 4.26569E-4 6.92015E-5 9.9527E-4 3.22796E-4 2.80045E-4 1.93202E-3 7.37744E-4 3.55065E-4 1.61884E-4 1.19988E-4 1.31369E-4 1.36318E-4 1.17092E-4 1.13389E-4 1.21979E-4 1.14082E-4 1.23268E-4 1.24684E-4 1.10718E-4 1.2675E-4 1.47824E-4 1.66883E-4 2.3427E-4 3.68502E-4 3.10733E-4 3.57265E-4
-9999 -9999 -9999 -9999 -9999 -9999 -9999 -9999 -9999 -9999 -9999 -9999 -9999 -9999 -9999 -9999 -9999 -9999 -9999 -9999 -9999 -9999 -9999 -9999 -9999 -9999 -9999 -9999 -9999 -9999 -9999 -9999 -9999 -9999 1.55566E-5 8.67494E-6 7.62158E-5 1.04098E-3 5.01402E-3 1.22629E-2 9.7181E-5 1.05493E-3 3.26433E-3 3.26054E-4 2.40393E-4 2.05157E-3 1.29002E-3 3.83155E-4 2.31382E-4 1.81535E-4 2.85616E-4 2.45462E-4 2.0964E-4 2.13574E-4 2.36613E-4 2.57846E-4 2.69564E-4 3.16846E-4 2.71446E-4 2.99598E-4 2.80363E-4 5.01741E-4 4.83896E-4 5.41684E-4 5.0238E-4 4.63803E-4
-9999 -9999 -9999 -9999 -9999 -9999 -9999 -9999 -9999 -9999 -9999 -9999 -9999 -9999 -9999 -9999 -9999 -9999 -9999 -9999 -9999 -9999 -9999 -9999 -9999 -9999 -9999 -9999 -9999 -9999 -9999 -9999 -9999 -9999 2.0375E-6 3.6071E-6 9.51412E-5 2.0355E-3 7.70492E-3 2.01671E-3 5.15903E-4 1.74981E-3 2.54988E-3 2.48782E-4 8.45205E-4 2.63231E-3 1.46104E-3 4.34167E-4 2.77585E-4 2.91776E-4 4.22581E-4 3.84399E-4 3.40836E-4 3.82571E-4 4.44029E-4 5.53022E-4 5.80786E-4 7.37041E-4 6.40188E-4 6.13415E-4 4.91358E-4 9.65624E-4 6.70909E-4 6.38504E-4 8.01312E-4 7.43966E-4
-9999 -9999 -9999 -9999 -9999 -9999 -9999 -9999 -9999 -9999 -9999 -9999 -9999 -9999 -9999 -9999 -9999 -9999 -9999 -9999 -9999 -9999 -9999 -9999 -9999 -9999 -9999 -9999 -9999 -9999 -9999 -9999 -9999 -9999 -9999 8.04822E-6 1.98775E-4 1.63137E-3 1.01919E-2 1.20361E-2 1.07541E-2 1.58906E-3 6.26801E-4 4.17689E-4 1.81391E-3 2.23558E-3 2.50635E-3 6.8301E-4 3.60467E-4 3.86544E-4 5.71179E-4 5.39133E-4 5.28903E-4 5.72184E-4 6.72228E-4 8.90748E-4 1.15722E-3 1.60258E-3 1.49563E-3 2.65084E-3 1.89172E-3 1.39659E-3 1.23368E-3 1.04936E-3 1.21158E-3 1.15842E-3
-9999 -9999 -9999 -9999 -9999 -9999 -9999 -9999 -9999 -9999 -9999 -9999 -9999 -9999 -9999 -9999 -9999 -9999 -9999 -9999 -9999 -9999 -9999 -9999 -9999 -9999 -9999 -9999 -9999 -9999 -9999 -9999 -9999 3.57419E-6 7.70405E-6 1.8867E-5 6.20708E-4 2.89106E-3 1.5504E-2 1.18668E-2 8.51723E-3 2.09529E-3 2.94075E-4 1.08881E-3 2.23188E-3 2.30143E-3 2.60949E-3 6.78664E-4 4.17015E-4 4.39732E-4 8.15698E-4 7.40001E-4 7.85524E-4 8.66695E-4 1.09534E-3 1.42385E-3 1.97308E-3 2.32754E-3 2.25163E-3 4.40881E-3 3.36743E-3 2.50726E-3 2.11896E-3 1.6624E-3 1.67761E-3 1.50721E-3
-9999 -9999 -9999 -9999 -9999 -9999 -9999 -9999 -9999 -9999 -9999 -9999 -9999 -9999 -9999 -9999 -9999 -9999 -9999 -9999 -9999 -9999 -9999 -9999 -9999 -9999 -9999 -9999 -9999 -9999 -9999 -9999 9.56348E-6 2.68934E-5 1.07265E-4 6.21015E-4 1.73816E-3 1.0562E-2 2.44456E-2 2.8555E-3 2.76415E-3 4.83102E-4 1.79012E-3 1.41058E-3 1.80078E-3 1.91671E-3 1.93647E-3 1.4581E-3 5.57422E-4 6.87109E-4 5.22698E-4 1.04984E-3 1.06276E-3 1.2016E-3 1.48568E-3 1.93194E-3 2.52883E-3 2.61308E-3 2.51419E-3 5.12764E-3 4.61545E-3 3.75696E-3 3.01653E-3 1.69298E-3 1.48971E-3 1.41167E-3
-9999 -9999 -9999 -9999 -9999 -9999 -9999 -9999 -9999 -9999 -9999 -9999 -9999 -9999 -9999 -9999 -9999 -9999 -9999 -9999 -9999 -9999 -9999 -9999 -9999 -9999 -9999 -9999 -9999 -9999 -9999 3.75453E-5 4.50609E-5 5.91442E-5 1.69011E-4 5.16973E-4 4.59546E-3 1.49195E-2 2.76452E-2 1.18764E-2 7.99831E-4 4.41484E-4 1.62076E-3 1.56958E-3 1.53129E-3 1.62645E-3 2.02122E-3 1.59991E-3 5.38017E-4 8.13795E-4 4.12838E-4 1.13476E-3 1.40672E-3 1.54503E-3 1.89765E-3 2.31929E-3 2.80317E-3 2.94787E-3 5.95607E-3 5.84037E-3 3.99562E-3 3.36436E-3 2.74649E-3 2.23936E-3 1.975E-3 1.88371E-3
-9999 -9999 -9999 -9999 -9999 -9999 -9999 -9999 -9999 -9999 -9999 -9999 -9999 -9999 -9999 -9999 -9999 -9999 -9999 -9999 -9999 -9999 -9999 -9999 -9999 -9999 -9999 -9999 -9999 -9999 9.26802E-5 5.29948E-5 2.88401E-5 1.29005E-4 6.03959E-4 3.00039E-3 1.58147E-2 3.94401E-2 4.4066E-2 3.02605E-2 3.95021E-3 8.61272E-4 1.55146E-3 1.25711E-3 1.24341E-3 1.41405E-3 2.08979E-3 1.3713E-3 5.67651E-4 9.74751E-4 4.69444E-4 1.13138E-3 1.77111E-3 1.80345E-3 2.08704E-3 2.51053E-3 2.94647E-3 3.14992E-3 6.48513E-3 4.34207E-3 3.86708E-3 3.9101E-3 3.30932E-3 2.84951E-3 2.5747E-3 2.3735E-3
-9999 -9999 -9999 -9999 -9999 -9999 -9999 -9999 -9999 -9999 -9999 -9999 -9999 -9999 -9999 -9999 -9999 -9999 -9999 -9999 -9999 -9999 -9999 -9999 -9999 -9999 -9999 -9999 -9999 6.80877E-5 8.33746E-5 3.39982E-5 3.9504E-5 1.0886E-4 5.78644E-4 1.33724E-2 5.15805E-2 2.35432E-2 4.23865E-2 1.99738E-2 1.19304E-2 1.02124E-3 1.77936E-3 1.09701E-3 1.25663E-3 1.55137E-3 1.48267E-3 1.48684E-3 5.85264E-4 9.86674E-4 4.13931E-4 1.00291E-3 1.72312E-3 2.01145E-3 2.26192E-3 2.66896E-3 2.5644E-3 2.61355E-3 4.637E-3 4.07146E-3 3.88226E-3 3.86695E-3 3.66625E-3 3.3607E-3 2.96132E-3 2.89252E-3
-9999 -9999 -9999 -9999 -9999 -9999 -9999 -9999 -9999 -9999 -9999 -9999 -9999 -9999 -9999 -9999 -9999 -9999 -9999 -9999 -9999 -9999 -9999 -9999 -9999 -9999 -9999 -9999 5.64227E-6 4.64668E-5 1.71177E-5 1.8931E-5 1.51814E-5 1.03298E-5 1.00488E-4 1.29629E-3 1.80047E-2 4.52402E-2 6.34388E-2 5.84881E-2 2.14135E-2 5.58996E-4 1.69658E-3 1.80815E-3 1.49655E-3 1.78453E-3 1.75227E-3 1.29977E-3 6.34101E-4 9.50144E-4 4.01099E-4 1.07178E-3 1.74037E-3 1.77135E-3 2.00433E-3 2.24901E-3 2.4255E-3 3.42402E-3 3.56279E-3 3.45523E-3 3.99527E-3 3.71287E-3 3.8901E-3 3.66718E-3 3.48457E-3 3.32516E-3
-9999 -9999 -9999 -9999 -9999 -9999 -9999 -9999 -9999 -9999 -9999 -9999 -9999 -9999 -9999 -9999 -9999 -9999 -9999 -9999 -9999 -9999 -9999 -9999 -9999 -9999 -9999 -9999 1.86072E-5 2.03877E-4 2.93365E-6 5.44829E-6 9.07638E-7 5.1616E-7 5.78022E-7 9.29706E-5 1.37757E-3 2.89314E-2 5.26212E-2 4.75737E-2 6.25209E-3 2.76274E-3 2.98592E-3 2.44947E-3 2.19974E-3 2.09717E-3 1.85021E-3 1.1709E-3 1.33508E-3 9.91228E-4 5.25655E-4 1.19955E-3 1.73682E-3 1.93466E-3 2.0086E-3 2.30783E-3 2.22299E-3 3.16351E-3 3.20752E-3 3.41066E-3 3.22547E-3 3.33544E-3 3.04427E-3 3.01831E-3 3.73989E-3 3.63514E-3
-9999 -9999 -9999 -9999 -9999 -9999 -9999 -9999 -9999 -9999 -9999 -9999 -9999 -9999 -9999 -9999 -9999 -9999 -9999 -9999 -9999 -9999 -9999 -9999 -9999 -9999 -9999 -9999 1.84021E-5 5.0823E-5 1.14394E-6 3.03496E-6 5.48786E-7 3.20747E-7 3.54992E-7 6.50158E-5 5.59884E-3 4.02181E-2 4.64676E-2 5.06053E-2 5.92125E-3 2.0186E-2 3.76446E-3 1.80988E-3 2.08453E-3 1.95175E-3 1.44229E-3 1.14623E-3 1.76944E-3 5.75481E-4 6.75693E-4 1.85736E-3 2.02379E-3 2.09789E-3 2.01312E-3 1.93416E-3 2.02103E-3 2.90094E-3 3.0294E-3 3.25599E-3 3.27972E-3 3.33177E-3 3.16658E-3 3.02091E-3 3.06404E-3 2.88909E-3
-9999 -9999 -9999 -9999 -9999 -9999 -9999 -9999 -9999 -9999 -9999 -9999 -9999 -9999 -9999 -9999 -9999 -9999 -9999 -9999 -9999 -9999 -9999 -9999 -9999 -9999 -9999 -9999 1.072E-5 1.43707E-4 1.31553E-4 8.83166E-5 5.14501E-6 8.72265E-7 7.39255E-7 2.66134E-4 1.77214E-2 1.94938E-2 4.36873E-2 4.68466E-3 9.81456E-3 2.00533E-2 2.30073E-3 2.95289E-3 2.43069E-3 2.04177E-3 1.31766E-3 1.1691E-3 1.42082E-3 1.10709E-3 2.70279E-3 2.00302E-3 2.53449E-3 2.32132E-3 2.10701E-3 1.74145E-3 2.46167E-3 2.83395E-3 3.08798E-3 3.29553E-3 3.43221E-3 3.33782E-3 3.29077E-3 3.23348E-3 3.36331E-3 3.22677E-3
-9999 -9999 -9999 -9999 -9999 -9999 -9999 -9999 -9999 -9999 -9999 -9999 -9999 -9999 -9999 -9999 -9999 -9999 -9999 -9999 -9999 -9999 -9999 -9999 -9999 -9999 -9999 -9999 7.79134E-6 1.73402E-5 1.9793E-4 3.29947E-4 9.5764E-5 2.966E-5 1.17797E-5 3.08824E-4 7.97499E-3 1.86875E-3 4.14373E-2 6.53206E-3 3.04004E-2 2.15024E-2 4.23505E-3 3.63207E-3 3.06412E-3 2.56782E-3 1.01904E-3 1.25473E-3 1.38988E-3 1.58325E-3 2.33281E-3 5.52511E-3 3.17063E-3 2.73916E-3 2.48576E-3 2.08997E-3 4.47214E-3 3.45286E-3 3.80208E-3 3.63813E-3 3.62535E-3 3.46524E-3 3.40764E-3 3.54613E-3 3.32057E-3 3.3195E-3
-9999 -9999 -9999 -9999 -9999 -9999 -9999 -9999 -9999 -9999 -9999 -9999 -9999 -9999 -9999 -9999 -9999 -9999 -9999 -9999 -9999 -9999 -9999 -9999 -9999 -9999 -9999 -9999 4.62998E-5 8.22073E-5 1.0072E-3 3.06468E-3 8.66541E-4 4.95141E-5 2.90751E-5 8.63397E-6 8.99175E-4 1.45465E-2 1.23169E-2 1.99137E-3 3.71715E-3 1.92649E-2 1.01264E-2 5.12161E-3 2.85564E-3 2.43175E-3 1.53395E-3 2.12371E-3 2.33428E-3 1.51956E-3 2.11987E-3 3.57009E-3 7.96348E-3 7.99717E-3 6.29484E-3 5.09609E-3 3.35592E-3 3.73014E-3 3.92306E-3 3.82342E-3 3.86949E-3 3.82821E-3 3.88661E-3 3.42334E-3 3.36724E-3 3.38772E-3
-9999 -9999 -9999 -9999 -9999 -9999 -9999 -9999 -9999 -9999 -9999 -9999 -9999 -9999 -9999 -9999 -9999 -9999 -9999 -9999 -9999 -9999 -9999 -9999 -9999 -9999 -9999 -9999 5.51475E-5 5.48723E-5 3.36817E-4 7.81158E-4 4.76029E-4 3.75513E-5 6.03214E-6 4.89284E-6 3.72151E-6 3.26656E-4 1.06947E-2 4.73027E-3 2.42608E-3 4.43752E-3 1.13095E-2 7.98671E-3 2.41445E-3 3.21221E-3 2.68944E-3 2.04161E-3 1.79312E-3 1.77219E-3 2.2276E-3 2.52387E-3 3.14406E-3 4.82333E-3 7.11293E-3 6.4962E-3 3.38035E-3 3.20627E-3 3.80272E-3 4.04528E-3 3.58922E-3 3.67554E-3 3.49012E-3 3.69081E-3 3.59652E-3 3.48969E-3
-9999 -9999 -9999 -9999 -9999 -9999 -9999 -9999 -9999 -9999 -9999 -9999 -9999 -9999 -9999 -9999 -9999 -9999 -9999 -9999 -9999 -9999 -9999 -9999 -9999 -9999 -9999 -9999 -9999 8.50199E-5 1.17495E-4 6.94798E-4 8.55392E-5 9.48012E-6 4.34571E-7 3.24741E-7 1.96127E-6 4.94751E-5 7.10355E-3 1.17797E-2 3.09741E-3 1.45564E-2 1.31217E-2 1.05224E-2 8.58401E-3 6.09793E-3 2.10969E-3 2.5312E-3 1.67534E-3 1.65944E-3 1.77912E-3 1.96315E-3 3.15154E-3 2.74848E-3 3.85698E-3 7.02272E-3 4.45935E-3 3.60528E-3 3.59513E-3 4.19715E-3 3.82462E-3 3.43184E-3 2.89746E-3 3.282E-3 3.54171E-3 3.55797E-3
-9999 -9999 -9999 -9999 -9999 -9999 -9999 -9999 -9999 -9999 -9999 -9999 -9999 -9999 -9999 -9999 -9999 -9999 -9999 -9999 -9999 -9999 -9999 -9999 -9999 -9999 -9999 -9999 -9999 -9999 3.513E-5 3.53888E-5 1.39324E-5 1.42748E-6 6.33805E-7 2.26589E-7 1.3882E-6 4.54984E-5 6.40443E-3 1.46905E-2 2.3771E-3 4.97917E-3 1.07445E-2 1.02052E-2 7.2062E-3 6.11856E-3 6.38037E-4 9.92677E-4 3.97967E-3 2.19301E-3 2.18152E-3 2.0298E-3 2.00906E-3 2.48843E-3 2.63997E-3 4.64176E-3 5.17736E-3 4.46388E-3 4.18153E-3 4.92531E-3 4.78986E-3 3.12336E-3 2.45849E-3 2.61875E-3 3.3914E-3 3.41407E-3
-9999 -9999 -9999 -9999 -9999 -9999 -9999 -9999 -9999 -9999 -9999 -9999 -9999 -9999 -9999 -9999 -9999 -9999 -9999 -9999 -9999 -9999 -9999 -9999 -9999 -9999 -9999 -9999 -9999 5.23741E-6 5.05457E-6 6.20582E-6 1.37734E-6 6.3925E-7 1.21499E-6 3.48414E-6 2.39215E-6 8.47342E-6 7.81758E-3 1.20873E-2 4.09418E-3 1.0969E-2 4.90761E-3 1.72807E-2 1.67925E-2 6.89508E-3 6.14292E-3 6.67597E-4 2.9123E-3 1.04551E-3 2.65011E-3 6.72431E-3 7.36593E-3 8.32567E-3 2.78904E-3 3.25995E-3 8.0813E-3 5.6239E-3 5.72443E-3 6.1251E-3 5.00037E-3 4.15594E-3 3.42734E-3 2.98214E-3 3.46478E-3 3.2192E-3
-9999 -9999 -9999 -9999 -9999 -9999 -9999 -9999 -9999 -9999 -9999 -9999 -9999 -9999 -9999 -9999 -9999 -9999 -9999 -9999 -9999 -9999 -9999 -9999 -9999 -9999 -9999 -9999 -9999 9.43781E-7 1.41077E-5 9.42816E-7 7.37849E-7 2.45471E-7 1.66867E-7 4.23359E-6 2.18899E-6 3.58808E-6 3.40868E-4 1.10527E-2 1.60797E-2 7.01331E-3 1.09098E-2 1.6312E-2 7.25128E-3 4.60961E-3 6.89901E-3 6.1536E-3 3.64151E-3 1.26808E-3 8.73067E-4 5.84964E-3 9.27332E-3 1.04193E-2 7.25119E-3 4.59876E-3 5.99692E-3 5.04494E-3 5.41307E-3 6.16104E-3 5.28598E-3 4.16087E-3 3.58969E-3 3.49615E-3 3.4928E-3 3.09734E-3
-9999 -9999 -9999 -9999 -9999 -9999 -9999 -9999 -9999 -9999 -9999 -9999 -9999 -9999 -9999 -9999 -9999 -9999 -9999 -9999 -9999 -9999 -9999 -9999 -9999 -9999 -9999 -9999 -9999 3.04154E-6 2.64865E-5 1.32678E-6 2.89326E-7 1.69357E-7 9.47773E-8 1.99442E-7 1.281E-5 1.7719E-6 9.42609E-5 1.07704E-2 2.91948E-3 1.5763E-2 1.97021E-2 8.99656E-3 7.77831E-3 8.66908E-3 4.89923E-3 2.85334E-3 8.38054E-3 1.66877E-3 1.0045E-3 1.89876E-3 8.44949E-3 1.09041E-2 7.86615E-3 5.28354E-3 6.01966E-3 6.27627E-3 3.39106E-3 3.38644E-3 5.08087E-3 4.55542E-3 3.6468E-3 3.3446E-3 3.59068E-3 3.43095E-3
