Leopardus braccatus/Leopardus_braccatus.asc
ncols         515
nrows         545
xllcorner     -119.0
yllcorner     -58.333333333333
cellsize      0.166666666667
NODATA_value  -9999
[rows 203 to 231 of 545, columns 264 to 329 of 515]
6.20313E-5 7.65915E-5 7.06706E-5 7.60079E-5 9.27043E-5 1.20665E-4 1.70968E-4 2.13744E-4 3.23236E-4 3.83182E-4 3.7261E-4 3.7298E-4 3.78224E-4 3.98953E-4 3.55272E-4 1.61659E-4 1.54906E-4 1.57787E-4 1.4162E-4 1.27415E-4 1.2663E-4 1.15827E-4 1.12165E-4 1.13867E-4 1.22887E-4 1.42184E-4 1.5816E-4 1.62065E-4 1.71749E-4 1.61476E-4 1.58526E-4 1.44056E-4 1.41611E-4 1.19055E-4 1.11927E-4 9.51103E-5 9.20378E-5 8.60597E-5 5.48301E-5 8.19247E-5 5.4954E-5 1.61037E-4 1.61914E-4 1.48013E-4 1.60623E-4 1.88102E-4 2.09122E-4 2.34254E-4 2.43778E-4 2.25407E-4 2.37849E-4 2.42883E-4 2.36931E-4 2.53858E-4 2.59316E-4 1.36904E-4 1.42832E-4 1.43075E-4 1.05671E-4 9.19323E-5 4.83329E-5 4.13102E-5 3.75723E-5 3.7251E-5 3.85315E-5 3.92489E-5
6.72236E-5 7.50169E-5 7.59048E-5 6.89417E-5 1.01556E-4 1.21617E-4 1.49187E-4 2.13961E-4 3.26052E-4 4.40171E-4 4.96005E-4 4.54721E-4 3.9534E-4 3.86596E-4 3.94616E-4 1.74957E-4 1.44712E-4 1.46047E-4 1.49909E-4 1.31072E-4 1.10715E-4 1.06738E-4 1.00355E-4 1.03024E-4 1.09679E-4 1.23311E-4 1.42997E-4 1.51824E-4 1.53642E-4 1.59565E-4 1.52762E-4 1.19493E-4 1.40922E-4 8.16196E-5 7.59296E-5 6.98612E-5 6.30504E-5 5.73144E-5 5.62187E-5 5.65812E-5 5.89043E-5 6.16646E-5 6.23314E-5 8.85574E-5 1.59083E-4 1.8171E-4 1.9029E-4 1.93006E-4 2.00738E-4 1.81909E-4 1.87453E-4 9.75594E-5 8.14925E-5 7.80828E-5 8.66357E-5 1.10093E-4 1.18657E-4 1.23779E-4 1.02401E-4 4.91124E-5 4.17692E-5 3.63516E-5 3.55292E-5 3.73433E-5 3.68669E-5 4.08686E-5
6.2963E-5 7.67679E-5 7.34436E-5 6.8171E-5 7.86464E-5 1.12547E-4 1.43678E-4 1.74351E-4 2.81465E-4 4.80883E-4 5.51852E-4 4.36736E-4 4.15471E-4 3.89583E-4 4.05919E-4 3.69306E-4 1.56967E-4 1.45376E-4 1.39426E-4 1.28301E-4 1.08162E-4 9.62041E-5 8.36814E-5 7.94496E-5 8.79265E-5 1.1317E-4 1.26151E-4 1.26318E-4 1.30904E-4 1.4164E-4 1.36926E-4 1.26162E-4 7.43155E-5 7.70465E-5 7.36847E-5 6.86857E-5 6.47108E-5 6.03708E-5 5.74112E-5 5.6524E-5 5.5632E-5 5.65499E-5 5.87837E-5 8.45402E-5 7.73457E-5 9.79204E-5 9.54655E-5 9.38037E-5 8.75108E-5 5.67168E-5 5.54001E-5 5.44125E-5 5.58034E-5 6.0276E-5 5.57148E-5 7.57168E-5 1.06944E-4 1.16158E-4 5.56957E-5 4.0407E-5 3.33663E-5 3.07894E-5 2.95531E-5 3.11035E-5 3.61406E-5 4.00281E-5
6.43194E-5 5.47998E-5 7.78175E-5 7.21628E-5 6.89705E-5 8.2194E-5 1.16133E-4 1.43718E-4 2.23992E-4 3.32677E-4 4.52312E-4 3.95058E-4 3.35969E-4 3.32264E-4 3.15497E-4 3.46325E-4 1.74155E-4 1.47925E-4 1.36291E-4 1.22198E-4 1.05656E-4 8.78026E-5 7.30028E-5 8.02889E-5 8.37741E-5 9.38894E-5 1.04011E-4 1.12715E-4 1.20751E-4 1.30923E-4 8.27002E-5 9.39274E-5 7.19807E-5 6.93187E-5 7.19881E-5 7.07537E-5 6.6942E-5 6.21846E-5 5.93332E-5 5.56865E-5 5.99745E-5 5.93308E-5 5.91504E-5 5.93031E-5 1.08283E-4 9.80226E-5 9.86303E-5 8.48609E-5 7.05045E-5 5.44856E-5 4.28072E-5 3.93347E-5 4.5397E-5 5.87944E-5 4.67674E-5 4.59697E-5 5.23485E-5 2.96519E-5 2.63976E-5 2.2294E-5 2.30166E-5 2.19524E-5 2.10461E-5 2.83841E-5 3.43658E-5 4.0244E-5
8.65035E-5 8.06451E-5 7.22833E-5 7.37403E-5 7.55666E-5 6.44859E-5 8.25089E-5 9.85198E-5 1.4746E-4 2.31115E-4 3.1962E-4 3.64058E-4 3.0719E-4 2.7875E-4 2.61503E-4 2.71671E-4 1.61759E-4 1.49086E-4 1.35478E-4 1.14355E-4 9.63795E-5 7.99366E-5 6.99643E-5 7.20253E-5 7.61049E-5 9.41355E-5 1.02058E-4 1.22673E-4 7.75485E-5 9.25186E-5 9.55641E-5 9.65184E-5 9.47831E-5 8.29814E-5 7.57295E-5 7.07568E-5 6.49829E-5 6.23499E-5 5.828E-5 6.11304E-5 6.29474E-5 6.63112E-5 6.5809E-5 6.41955E-5 6.58359E-5 6.22167E-5 9.25734E-5 8.22025E-5 5.91496E-5 4.72339E-5 3.39087E-5 2.18452E-5 2.47492E-5 3.34437E-5 3.72601E-5 3.46083E-5 3.05367E-5 2.50234E-5 1.07718E-5 1.17141E-5 1.27044E-5 1.57835E-5 1.99345E-5 2.46526E-5 3.44789E-5 4.15068E-5
8.41357E-5 7.67903E-5 8.35374E-5 7.50444E-5 6.21319E-5 5.99334E-5 5.95369E-5 6.86677E-5 1.0808E-4 1.54521E-4 2.31367E-4 2.82675E-4 2.59768E-4 2.70293E-4 2.46503E-4 2.20611E-4 2.33207E-4 1.39089E-4 1.27669E-4 1.16621E-4 1.0389E-4 9.13344E-5 8.02641E-5 7.37787E-5 7.50813E-5 9.35528E-5 1.06823E-4 6.94848E-5 7.87437E-5 8.85208E-5 9.2705E-5 9.5068E-5 9.59759E-5 8.92536E-5 7.76244E-5 6.80353E-5 6.27945E-5 5.8488E-5 5.6536E-5 6.03446E-5 6.48921E-5 6.82541E-5 7.25118E-5 7.05595E-5 6.82891E-5 1.06878E-4 9.16795E-5 8.22471E-5 5.55507E-5 4.24334E-5 2.7912E-5 2.62176E-5 3.56055E-5 4.25288E-5 4.38285E-5 3.87511E-5 2.69792E-5 1.70994E-5 5.48943E-6 4.71334E-6 6.84151E-6 1.14265E-5 1.83627E-5 2.54325E-5 3.3443E-5 4.03912E-5
8.47531E-5 9.06872E-5 8.08447E-5 7.04253E-5 5.38037E-5 4.89929E-5 5.35809E-5 6.92606E-5 9.0273E-5 1.08039E-4 1.60175E-4 1.9037E-4 2.51606E-4 2.65044E-4 2.71723E-4 2.58886E-4 2.6428E-4 1.35606E-4 1.23507E-4 1.0205E-4 1.04036E-4 9.81299E-5 9.10554E-5 8.11348E-5 8.29641E-5 9.34689E-5 6.59451E-5 7.83941E-5 8.99839E-5 9.92222E-5 1.05931E-4 9.26304E-5 8.70182E-5 7.81393E-5 7.02953E-5 6.76539E-5 5.62342E-5 5.4137E-5 5.58837E-5 6.09869E-5 6.88299E-5 7.22204E-5 7.5687E-5 7.65828E-5 7.59688E-5 1.09354E-4 7.85026E-5 6.51642E-5 5.65527E-5 4.96058E-5 5.54163E-5 5.58626E-5 7.82561E-5 8.31928E-5 6.68559E-5 4.57344E-5 1.52921E-5 9.61173E-6 4.99336E-6 3.44517E-6 6.06865E-6 9.95183E-6 1.72674E-5 2.46214E-5 3.70919E-5 4.69434E-5
1.78984E-4 1.80351E-4 1.09058E-4 8.27371E-5 6.24755E-5 5.90377E-5 5.83522E-5 6.65588E-5 9.22941E-5 1.10517E-4 1.24329E-4 1.60469E-4 1.95369E-4 2.08368E-4 2.04939E-4 2.12176E-4 2.39044E-4 2.53283E-4 1.08251E-4 1.02343E-4 8.74341E-5 9.35028E-5 9.06428E-5 8.57738E-5 9.15664E-5 6.09673E-5 7.01718E-5 7.20205E-5 8.36954E-5 1.01019E-4 1.28524E-4 1.37846E-4 1.2726E-4 1.09773E-4 8.30038E-5 6.31652E-5 5.14997E-5 4.96609E-5 5.3638E-5 6.39951E-5 7.61685E-5 8.29689E-5 8.44685E-5 8.72084E-5 8.83412E-5 6.35525E-5 6.34599E-5 9.47159E-5 7.13322E-5 7.79337E-5 8.66637E-5 9.04543E-5 1.5344E-4 1.83561E-4 9.3995E-5 3.22532E-5 2.06022E-5 1.24986E-5 7.2334E-6 6.248E-6 7.76638E-6 1.2404E-5 2.02766E-5 3.10424E-5 4.14889E-5 5.38662E-5
2.68663E-4 1.99695E-4 1.90346E-4 1.70379E-4 9.1731E-5 7.77687E-5 7.50707E-5 7.68649E-5 1.02436E-4 1.0936E-4 1.34862E-4 1.38945E-4 1.67359E-4 1.83768E-4 2.20752E-4 2.36268E-4 2.5074E-4 2.4234E-4 2.22326E-4 1.22E-4 1.16845E-4 1.17083E-4 1.19045E-4 1.12597E-4 1.16462E-4 7.15619E-5 8.10633E-5 8.2172E-5 9.81095E-5 1.16497E-4 1.30869E-4 1.38217E-4 1.55659E-4 1.37925E-4 1.0458E-4 7.25817E-5 5.17209E-5 4.30029E-5 5.31399E-5 6.94486E-5 8.17419E-5 1.66886E-4 9.97999E-5 1.06835E-4 1.02806E-4 7.51655E-5 9.27745E-5 6.1472E-5 6.14756E-5 7.86643E-5 1.54262E-4 1.75456E-4 2.02349E-4 1.3842E-4 8.19733E-5 3.98605E-5 3.64679E-5 2.23905E-5 1.38892E-5 1.19219E-5 1.21309E-5 1.72032E-5 2.64263E-5 3.95956E-5 5.27468E-5 7.13514E-5
3.78067E-4 3.3921E-4 2.7755E-4 2.36073E-4 1.08962E-4 1.27585E-4 1.30407E-4 1.33567E-4 1.36295E-4 1.4801E-4 1.4713E-4 1.43688E-4 1.68856E-4 1.70971E-4 1.96897E-4 2.17956E-4 2.32352E-4 2.45323E-4 2.42306E-4 1.3327E-4 1.44825E-4 1.38177E-4 1.307E-4 1.29492E-4 1.37139E-4 8.13473E-5 9.72145E-5 1.04301E-4 1.25981E-4 1.46785E-4 1.64586E-4 1.79793E-4 1.77905E-4 1.53721E-4 1.33414E-4 9.87825E-5 6.14512E-5 4.76513E-5 6.08047E-5 8.21647E-5 1.02868E-4 2.01131E-4 1.20456E-4 9.547E-5 8.47662E-5 6.62224E-5 9.97363E-5 1.21796E-4 1.45393E-4 1.63844E-4 1.73282E-4 1.84295E-4 1.84521E-4 1.09427E-4 5.55045E-5 6.17721E-5 4.86071E-5 3.76822E-5 2.81336E-5 1.97768E-5 2.06783E-5 2.48495E-5 3.25289E-5 5.05621E-5 7.51168E-5 9.31866E-5
6.16782E-4 5.16055E-4 3.96524E-4 3.26615E-4 3.04641E-4 1.92337E-4 1.93538E-4 2.02472E-4 2.12926E-4 1.91057E-4 1.9068E-4 1.71102E-4 1.57745E-4 1.58621E-4 1.85489E-4 2.06523E-4 2.60299E-4 2.7656E-4 3.05437E-4 2.8822E-4 1.38573E-4 1.43211E-4 1.38271E-4 1.42873E-4 8.97094E-5 9.79018E-5 1.16013E-4 1.22734E-4 1.53421E-4 1.7643E-4 2.19172E-4 2.5778E-4 2.70588E-4 2.85631E-4 2.0839E-4 1.453E-4 1.07019E-4 8.66304E-5 7.80714E-5 1.55558E-4 9.19991E-5 1.28405E-4 1.37626E-4 1.07782E-4 2.44466E-4 1.27315E-4 8.63914E-5 8.85099E-5 3.5798E-4 3.66249E-4 1.0626E-4 1.75496E-4 9.63785E-5 5.83793E-5 6.60826E-5 8.29685E-5 6.21453E-5 5.83145E-5 5.46352E-5 5.31555E-5 4.13166E-5 3.81468E-5 4.40296E-5 5.71296E-5 8.52844E-5 1.24312E-4
7.94106E-4 6.72839E-4 7.20526E-4 6.21812E-4 5.74059E-4 5.39201E-4 3.04587E-4 2.93893E-4 2.89449E-4 3.00002E-4 2.47184E-4 2.01405E-4 1.86348E-4 1.59378E-4 1.80964E-4 2.0621E-4 2.40623E-4 3.06657E-4 3.37666E-4 1.75879E-4 1.72271E-4 1.45395E-4 1.47348E-4 1.48735E-4 9.81321E-5 1.1145E-4 1.1344E-4 1.3869E-4 1.67089E-4 2.16106E-4 2.55557E-4 3.19556E-4 4.02129E-4 3.37431E-4 3.0693E-4 2.53144E-4 1.6961E-4 2.40373E-4 2.36205E-4 2.34309E-4 2.18165E-4 2.39116E-4 1.43879E-4 3.09842E-4 3.03679E-4 1.10559E-4 2.51248E-4 2.40115E-4 4.2232E-4 3.90709E-4 2.20099E-4 2.03945E-4 9.41634E-5 5.55365E-5 8.94871E-5 9.01204E-5 9.04557E-5 7.90932E-5 7.99397E-5 8.61321E-5 9.82497E-5 6.3131E-5 6.67149E-5 7.86904E-5 1.01505E-4 1.45268E-4
1.44604E-3 1.16989E-3 1.20648E-3 1.02228E-3 9.35904E-4 8.26808E-4 4.44348E-4 4.59186E-4 4.42977E-4 4.45144E-4 3.47465E-4 2.94645E-4 2.27365E-4 1.87257E-4 2.10415E-4 2.64639E-4 2.58513E-4 2.98003E-4 3.08139E-4 1.89851E-4 3.78541E-4 1.81805E-4 1.81622E-4 1.85326E-4 1.1489E-4 1.22452E-4 1.44818E-4 1.49229E-4 1.87334E-4 2.09241E-4 3.02662E-4 3.93453E-4 5.22639E-4 5.45851E-4 4.61239E-4 4.06443E-4 2.91659E-4 2.60559E-4 2.39935E-4 4.3078E-4 4.0272E-4 4.00104E-4 3.92813E-4 3.80814E-4 3.75076E-4 2.70105E-4 2.96935E-4 2.78915E-4 2.68245E-4 2.45934E-4 2.30982E-4 1.93977E-4 7.36868E-5 5.79116E-5 1.79097E-4 9.98555E-5 1.11249E-4 1.04879E-4 1.16822E-4 1.28566E-4 1.02207E-4 1.07931E-4 1.45884E-4 1.14996E-4 1.32313E-4 1.8137E-4
1.93456E-3 2.01123E-3 1.7198E-3 1.69773E-3 1.41846E-3 1.32372E-3 1.2322E-3 7.06193E-4 6.40603E-4 6.58931E-4 5.97681E-4 4.15389E-4 3.46092E-4 2.88978E-4 2.57377E-4 2.8488E-4 3.23064E-4 3.5457E-4 3.59669E-4 3.60237E-4 3.40315E-4 2.14704E-4 2.08498E-4 2.08118E-4 1.2482E-4 1.31707E-4 1.47037E-4 1.45341E-4 1.62238E-4 2.34144E-4 2.94901E-4 2.02156E-4 6.47099E-4 7.76857E-4 6.7681E-4 6.97127E-4 4.73018E-4 7.82322E-4 6.60191E-4 5.88614E-4 5.34265E-4 5.00774E-4 4.68657E-4 4.55355E-4 4.12855E-4 3.18067E-4 3.23125E-4 3.05262E-4 2.90867E-4 2.57389E-4 2.37797E-4 1.86811E-4 1.25445E-4 7.18297E-5 1.81713E-4 2.29324E-4 2.7299E-4 3.25532E-4 1.55257E-4 1.70863E-4 1.27051E-4 2.43174E-4 2.62423E-4 2.50842E-4 2.09375E-4 2.20394E-4
2.65926E-3 2.54466E-3 2.37545E-3 2.08737E-3 1.88802E-3 1.97526E-3 1.83005E-3 2.00016E-3 9.59715E-4 9.4023E-4 7.55779E-4 6.96353E-4 5.37769E-4 4.08638E-4 4.09758E-4 4.24264E-4 4.32449E-4 4.72193E-4 4.84428E-4 5.09914E-4 4.22783E-4 2.09054E-4 2.45741E-4 2.369E-4 2.26931E-4 1.29591E-4 1.28578E-4 1.54343E-4 1.89587E-4 2.08415E-4 2.77639E-4 2.02306E-4 6.43703E-4 6.94333E-4 7.26652E-4 8.18018E-4 5.79065E-4 9.70821E-4 8.33175E-4 7.43114E-4 6.41847E-4 5.78298E-4 5.18531E-4 4.94181E-4 3.7881E-4 3.78338E-4 3.65241E-4 3.40351E-4 3.14294E-4 2.83591E-4 2.49556E-4 2.04391E-4 1.64788E-4 1.79529E-4 2.17915E-4 2.83792E-4 3.41342E-4 4.16376E-4 4.99611E-4 1.90641E-4 2.5928E-4 3.2176E-4 3.49049E-4 4.36053E-4 4.97808E-4 3.35418E-4
3.19999E-3 3.14807E-3 2.91302E-3 2.79029E-3 2.30727E-3 2.32773E-3 2.6269E-3 2.77376E-3 2.70332E-3 2.48551E-3 1.10835E-3 9.843E-4 7.61443E-4 5.93171E-4 5.58085E-4 5.43827E-4 5.75593E-4 6.02808E-4 5.67346E-4 5.12105E-4 6.079E-4 5.08075E-4 2.56206E-4 2.72395E-4 2.68935E-4 1.63699E-4 1.72274E-4 1.38915E-4 1.70315E-4 2.06284E-4 2.54617E-4 4.0965E-4 5.28345E-4 5.8909E-4 6.13285E-4 8.11585E-4 6.38926E-4 1.08396E-3 9.33323E-4 8.36104E-4 6.79431E-4 5.95992E-4 5.67208E-4 4.42055E-4 3.96298E-4 4.10909E-4 3.98925E-4 3.86911E-4 3.54696E-4 3.21496E-4 2.86943E-4 2.15421E-4 2.41016E-4 2.41052E-4 2.94939E-4 3.70526E-4 4.55181E-4 5.56393E-4 6.52072E-4 5.02901E-4 7.29999E-4 8.33743E-4 1.05562E-3 5.71371E-4 5.36639E-4 6.46398E-4
3.99186E-3 3.80579E-3 3.45856E-3 3.41055E-3 3.31144E-3 2.85021E-3 2.92417E-3 3.02318E-3 3.11098E-3 3.23346E-3 1.39327E-3 1.227E-3 9.6215E-4 7.7239E-4 6.78007E-4 6.63772E-4 6.60415E-4 7.31821E-4 7.49722E-4 6.89615E-4 7.28359E-4 7.36911E-4 7.64563E-4 3.87728E-4 3.81792E-4 3.62444E-4 2.34128E-4 2.34654E-4 2.16453E-4 1.74993E-4 2.18444E-4 3.50133E-4 4.43167E-4 5.21726E-4 7.71107E-4 7.61708E-4 6.72953E-4 1.0778E-3 9.93869E-4 8.71674E-4 7.66635E-4 6.69022E-4 5.09745E-4 4.58833E-4 4.5547E-4 4.35027E-4 4.46797E-4 4.30577E-4 4.2134E-4 6.51132E-4 3.41857E-4 2.60105E-4 3.1429E-4 3.27613E-4 3.93488E-4 4.76994E-4 5.70368E-4 7.00807E-4 8.58713E-4 6.33178E-4 1.00421E-3 1.08155E-3 1.16587E-3 1.26819E-3 1.37097E-3 1.58604E-3
4.76907E-3 4.38725E-3 4.09865E-3 4.02373E-3 4.06535E-3 3.80603E-3 3.74781E-3 4.10145E-3 4.24242E-3 4.06478E-3 1.66458E-3 1.32842E-3 1.14154E-3 9.2153E-4 7.76264E-4 7.61541E-4 7.76809E-4 7.75931E-4 9.03714E-4 8.27952E-4 8.09616E-4 9.04692E-4 9.61774E-4 9.92463E-4 5.06739E-4 4.99321E-4 5.10415E-4 4.80521E-4 4.53595E-4 4.2146E-4 2.7326E-4 4.54482E-4 5.81788E-4 6.81251E-4 7.12259E-4 6.90327E-4 1.13378E-3 1.04722E-3 9.78401E-4 8.98952E-4 7.844E-4 7.13279E-4 5.64699E-4 5.2453E-4 5.23877E-4 7.59731E-4 7.85329E-4 8.01352E-4 7.68557E-4 7.75146E-4 4.05447E-4 3.77868E-4 3.97399E-4 4.38325E-4 4.97461E-4 5.90361E-4 6.92849E-4 8.63669E-4 9.32495E-4 1.05135E-3 1.12479E-3 1.18902E-3 1.17871E-3 1.22011E-3 1.23975E-3 1.28146E-3
4.31539E-3 4.10727E-3 4.70842E-3 4.15137E-3 4.39943E-3 4.5661E-3 4.69401E-3 4.41279E-3 4.83481E-3 4.48514E-3 3.69993E-3 2.85045E-3 1.08317E-3 9.98379E-4 9.11721E-4 9.33943E-4 9.07464E-4 9.13141E-4 1.04391E-3 8.46356E-4 8.76772E-4 9.22457E-4 1.11257E-3 1.22176E-3 1.31683E-3 1.387E-3 6.73253E-4 6.62911E-4 6.5851E-4 7.69442E-4 5.17085E-4 5.69749E-4 6.70506E-4 6.6491E-4 6.36337E-4 1.24769E-3 9.31392E-4 9.311E-4 9.48822E-4 8.71812E-4 8.96467E-4 7.97816E-4 6.15677E-4 9.41564E-4 9.5846E-4 9.56415E-4 8.5483E-4 8.83561E-4 8.74462E-4 8.94646E-4 7.09034E-4 7.62572E-4 4.84339E-4 5.18045E-4 5.85354E-4 6.46531E-4 7.45925E-4 8.25482E-4 1.01932E-3 1.14544E-3 1.14286E-3 1.15496E-3 1.16581E-3 1.19222E-3 1.10312E-3 9.62171E-4
4.47857E-3 4.63901E-3 4.05898E-3 4.75095E-3 5.1664E-3 5.08509E-3 4.95863E-3 5.25895E-3 4.54324E-3 4.21104E-3 3.47563E-3 2.57802E-3 2.3434E-3 1.15625E-3 1.12181E-3 1.05468E-3 1.11448E-3 1.13725E-3 1.00825E-3 1.24287E-3 1.26544E-3 1.2156E-3 1.34462E-3 1.44273E-3 1.52605E-3 1.59643E-3 1.59263E-3 1.66185E-3 8.17937E-4 2.01656E-3 9.676E-4 6.19793E-4 6.25387E-4 1.18857E-3 1.09272E-3 9.1419E-4 8.92381E-4 9.72872E-4 8.98475E-4 9.29108E-4 8.28066E-4 6.77555E-4 7.03563E-4 1.05681E-3 1.07942E-3 1.0405E-3 1.05168E-3 1.05993E-3 1.04885E-3 1.01584E-3 8.90502E-4 5.58951E-4 5.63171E-4 5.87233E-4 6.27213E-4 6.96483E-4 7.35582E-4 8.74954E-4 1.00947E-3 1.07856E-3 1.09469E-3 1.07036E-3 1.0983E-3 9.9786E-4 1.05427E-3 1.15606E-3
3.00079E-3 4.62948E-3 4.35423E-3 4.48715E-3 5.44307E-3 5.20463E-3 5.04846E-3 4.34064E-3 3.9543E-3 3.60011E-3 2.87282E-3 2.3343E-3 2.39246E-3 2.21583E-3 1.0647E-3 1.17222E-3 1.09865E-3 1.1022E-3 1.21334E-3 1.28412E-3 1.37735E-3 1.51244E-3 1.60418E-3 1.73628E-3 1.60666E-3 1.70538E-3 1.66007E-3 1.84119E-3 1.9081E-3 2.01664E-3 1.76556E-3 1.76581E-3 1.12088E-3 9.28345E-4 8.64299E-4 8.30604E-4 8.1105E-4 8.27314E-4 8.5946E-4 6.87723E-4 8.03395E-4 8.20557E-4 1.27934E-3 1.32311E-3 1.19601E-3 1.21138E-3 1.25947E-3 1.24505E-3 1.1853E-3 1.12201E-3 1.04328E-3 6.40565E-4 6.20543E-4 6.18854E-4 6.28227E-4 6.46253E-4 7.27789E-4 8.42123E-4 8.88912E-4 9.01684E-4 9.50387E-4 9.88637E-4 1.02372E-3 1.06246E-3 1.0237E-3 1.00875E-3
3.09923E-3 4.82325E-3 4.77647E-3 4.92839E-3 5.56396E-3 5.00026E-3 4.59479E-3 3.67539E-3 2.7162E-3 2.50584E-3 2.34695E-3 2.13405E-3 2.23067E-3 2.4139E-3 1.14011E-3 1.1534E-3 1.23351E-3 1.26496E-3 1.18575E-3 1.43338E-3 1.48656E-3 1.52096E-3 1.58631E-3 1.82864E-3 1.92318E-3 2.08241E-3 2.04989E-3 1.95032E-3 2.04452E-3 1.995E-3 1.95823E-3 1.86989E-3 1.58515E-3 8.56516E-4 7.16623E-4 6.53641E-4 7.05812E-4 8.14603E-4 7.2418E-4 7.9038E-4 7.49711E-4 7.83889E-4 1.33708E-3 1.36688E-3 1.43394E-3 1.47687E-3 1.34994E-3 1.37721E-3 1.30458E-3 1.23008E-3 1.19919E-3 6.77299E-4 6.26683E-4 6.1928E-4 5.9981E-4 6.07836E-4 6.88376E-4 7.31784E-4 7.7317E-4 8.01425E-4 9.05397E-4 9.42928E-4 9.59495E-4 9.29777E-4 8.94716E-4 6.88906E-4
3.40829E-3 5.28811E-3 5.27257E-3 5.23728E-3 5.85158E-3 5.16677E-3 4.43884E-3 3.1017E-3 2.08367E-3 2.13196E-3 2.29894E-3 2.23983E-3 2.51758E-3 2.63532E-3 2.56042E-3 2.54782E-3 1.15804E-3 1.22235E-3 1.48308E-3 1.56619E-3 1.43926E-3 1.50566E-3 1.75302E-3 1.70383E-3 1.89072E-3 2.18971E-3 2.23298E-3 2.41109E-3 2.2759E-3 2.06925E-3 1.8381E-3 1.63745E-3 1.39594E-3 1.23433E-3 7.39218E-4 7.03182E-4 6.95247E-4 6.87655E-4 6.53199E-4 7.41362E-4 1.18421E-3 1.21305E-3 1.37674E-3 1.45884E-3 1.56971E-3 1.56182E-3 1.45165E-3 1.43133E-3 1.38245E-3 1.37944E-3 1.22E-3 6.44657E-4 5.95458E-4 5.79459E-4 5.88885E-4 6.01306E-4 6.32163E-4 6.65459E-4 7.00629E-4 7.33858E-4 8.06167E-4 8.86013E-4 9.49203E-4 9.61413E-4 9.00531E-4 7.09851E-4
3.45515E-3 5.30139E-3 5.45031E-3 5.48308E-3 6.3539E-3 5.53609E-3 4.79148E-3 3.13157E-3 2.53689E-3 2.4942E-3 2.62352E-3 2.64025E-3 2.83009E-3 2.77012E-3 2.56297E-3 2.31723E-3 1.20097E-3 1.4995E-3 1.54512E-3 1.54626E-3 1.46298E-3 1.65379E-3 1.92401E-3 2.1357E-3 2.26431E-3 2.29887E-3 2.30511E-3 2.26135E-3 2.27932E-3 1.76426E-3 1.55544E-3 1.42114E-3 1.29063E-3 1.30504E-3 1.17595E-3 9.73647E-4 8.72176E-4 9.41294E-4 6.11371E-4 1.05388E-3 1.19052E-3 1.1847E-3 1.38111E-3 1.48464E-3 1.55081E-3 1.59182E-3 1.42746E-3 1.43478E-3 1.73766E-3 1.55577E-3 1.18166E-3 6.2634E-4 6.18917E-4 5.93083E-4 5.86112E-4 5.87118E-4 5.89231E-4 6.25859E-4 6.47842E-4 6.87714E-4 7.56506E-4 8.08425E-4 8.96517E-4 8.60063E-4 9.715E-4 7.91296E-4
3.40674E-3 3.3794E-3 5.64611E-3 5.82898E-3 6.91673E-3 6.18461E-3 5.30255E-3 3.82124E-3 2.75048E-3 2.88185E-3 2.58856E-3 2.61377E-3 2.72237E-3 2.66847E-3 2.496E-3 2.52869E-3 2.85969E-3 1.5909E-3 1.39994E-3 1.38486E-3 1.5964E-3 1.82188E-3 1.95162E-3 2.18662E-3 2.33139E-3 1.95716E-3 2.03219E-3 2.42896E-3 2.15527E-3 1.67277E-3 1.37905E-3 1.44087E-3 1.44282E-3 1.28594E-3 1.02811E-3 9.48557E-4 8.93057E-4 1.91082E-3 2.07625E-3 2.37561E-3 2.3927E-3 2.58672E-3 2.90206E-3 3.26519E-3 3.12243E-3 3.27192E-3 3.56907E-3 3.7536E-3 3.79544E-3 3.44091E-3 3.0519E-3 1.56434E-3 1.30466E-3 6.29484E-4 5.96345E-4 5.84513E-4 1.19223E-3 1.17538E-3 1.23956E-3 1.28888E-3 1.48077E-3 1.65533E-3 1.81961E-3 1.74006E-3 2.00633E-3 2.16311E-3
3.19523E-3 4.78661E-3 5.26481E-3 6.38048E-3 7.53871E-3 7.21755E-3 5.73635E-3 4.27521E-3 3.44236E-3 3.08788E-3 2.68231E-3 2.71274E-3 2.76084E-3 2.57287E-3 2.91168E-3 3.08008E-3 3.25814E-3 3.39826E-3 3.12091E-3 1.43689E-3 1.5788E-3 1.85915E-3 2.18212E-3 2.08962E-3 2.234E-3 2.05485E-3 2.36227E-3 2.44436E-3 3.75583E-3 3.53249E-3 2.94035E-3 3.08311E-3 2.87212E-3 2.58213E-3 2.24606E-3 1.98157E-3 1.80939E-3 2.09582E-3 1.98209E-3 2.47198E-3 2.32217E-3 2.63074E-3 2.94195E-3 3.34168E-3 3.31514E-3 3.56749E-3 3.82506E-3 3.84414E-3 3.86132E-3 3.55381E-3 2.99065E-3 1.58644E-3 1.47117E-3 1.29822E-3 1.26627E-3 1.26571E-3 1.15483E-3 1.04286E-3 1.10541E-3 1.17944E-3 1.2833E-3 1.47855E-3 1.79526E-3 2.22899E-3 1.64698E-3 1.34047E-3
2.80009E-3 2.76652E-3 5.56416E-3 6.70458E-3 7.60408E-3 7.4322E-3 5.99574E-3 4.73554E-3 3.82111E-3 2.89411E-3 2.76267E-3 3.00344E-3 3.06389E-3 3.01391E-3 2.91664E-3 3.20196E-3 3.07899E-3 3.58458E-3 3.44195E-3 3.06308E-3 3.41724E-3 4.43125E-3 3.94796E-3 4.27592E-3 4.29978E-3 4.68306E-3 4.4034E-3 4.88705E-3 3.52711E-3 3.43828E-3 3.22801E-3 2.85771E-3 3.0009E-3 2.79573E-3 2.39482E-3 2.09481E-3 2.04493E-3 2.1013E-3 2.21138E-3 2.65779E-3 2.5504E-3 2.76443E-3 3.44684E-3 3.36472E-3 3.68977E-3 3.87602E-3 3.91421E-3 3.9446E-3 3.76307E-3 3.40029E-3 1.8721E-3 1.72474E-3 1.55484E-3 1.36421E-3 1.18402E-3 1.09348E-3 9.74432E-4 9.49313E-4 9.59343E-4 9.03452E-4 1.10055E-3 1.31769E-3 1.73723E-3 1.28514E-3 1.40319E-3 1.71568E-3
2.55777E-3 2.89682E-3 5.40255E-3 6.06647E-3 6.71534E-3 7.42298E-3 6.15065E-3 5.26703E-3 4.15957E-3 3.16237E-3 3.28298E-3 3.06213E-3 3.17923E-3 2.9184E-3 3.33546E-3 3.15635E-3 3.60729E-3 3.86226E-3 3.72237E-3 3.76703E-3 4.42852E-3 4.21535E-3 4.05902E-3 4.51088E-3 4.75821E-3 4.67684E-3 5.06033E-3 4.43709E-3 3.78942E-3 3.68666E-3 3.77624E-3 3.58231E-3 3.19619E-3 3.01146E-3 2.85003E-3 2.5313E-3 2.72706E-3 2.76603E-3 2.56363E-3 2.79047E-3 2.88252E-3 3.17589E-3 3.70433E-3 3.88176E-3 3.88364E-3 4.10166E-3 4.12828E-3 4.10298E-3 3.94876E-3 3.75379E-3 1.90227E-3 1.7925E-3 1.69358E-3 1.47713E-3 1.32079E-3 1.166E-3 1.01548E-3 8.52728E-4 8.05072E-4 7.98862E-4 7.28155E-4 6.99222E-4 8.74683E-4 1.19485E-3 1.72919E-3 2.19838E-3
2.72052E-3 3.10814E-3 5.11197E-3 5.77547E-3 6.49987E-3 7.55311E-3 5.74247E-3 4.94312E-3 4.48232E-3 3.32081E-3 3.60164E-3 3.32135E-3 3.38872E-3 3.33066E-3 3.80654E-3 3.84408E-3 4.08461E-3 4.30939E-3 3.87308E-3 4.38927E-3 4.94898E-3 4.30082E-3 4.63175E-3 5.10178E-3 4.67045E-3 5.53154E-3 5.79259E-3 4.2302E-3 3.86754E-3 3.53164E-3 3.93482E-3 4.11989E-3 3.60794E-3 3.24052E-3 3.04582E-3 3.00887E-3 2.87184E-3 2.80148E-3 3.07713E-3 3.40999E-3 3.72169E-3 4.1619E-3 4.19339E-3 4.35979E-3 4.20401E-3 4.48217E-3 4.59574E-3 4.39077E-3 2.3603E-3 2.19069E-3 2.0088E-3 1.86714E-3 1.69074E-3 1.44712E-3 1.33524E-3 1.16435E-3 1.01712E-3 8.22172E-4 6.93992E-4 6.35987E-4 6.63567E-4 6.2311E-4 1.10161E-3 1.37692E-3 2.08301E-3 3.46187E-3
