Leopardus braccatus/Leopardus_braccatus_projection 2041-2060.asc
ncols         515
nrows         545
xllcorner     -119.0
yllcorner     -58.333333333333
cellsize      0.166666666667
NODATA_value  -9999
[rows 261 to 289 of 545, columns 264 to 329 of 515]
2.96686E-2 3.19201E-2 3.55635E-2 4.02151E-2 5.52219E-2 5.41365E-2 4.81065E-2 1.78879E-2 1.44999E-2 1.23762E-2 1.03607E-2 9.42431E-3 1.04398E-2 1.20819E-2 1.2563E-2 1.53592E-2 1.85215E-2 2.17418E-2 2.25724E-2 2.60065E-2 2.79015E-2 3.40145E-2 3.78521E-2 4.47132E-2 5.21776E-2 7.03796E-2 8.66428E-2 1.23055E-1 1.65075E-1 2.3472E-1 3.11767E-1 4.26777E-1 4.99326E-1 4.58917E-1 4.00159E-1 2.94007E-1 2.37522E-1 2.11028E-1 1.80522E-1 1.45985E-1 1.26119E-1 1.17965E-1 1.03478E-1 9.93519E-2 1.07378E-1 9.01459E-2 8.36208E-2 8.02183E-2 7.11071E-2 7.51986E-2 6.92564E-2 6.4663E-2 4.58047E-2 5.45546E-2 5.03848E-2 5.77277E-2 8.97232E-2 1.01065E-1 1.14216E-1 7.98875E-2 8.5152E-2 9.28164E-2 9.48662E-2 9.86275E-2 1.03876E-1 1.08579E-1
9.26355E-2 3.2214E-2 3.81849E-2 4.03056E-2 3.34514E-2 5.13324E-2 3.15145E-2 2.20604E-2 1.36745E-2 1.38407E-2 1.01353E-2 8.30014E-3 8.90329E-3 9.23332E-3 1.00759E-2 1.10865E-2 1.43642E-2 1.77554E-2 1.87774E-2 2.03622E-2 1.97841E-2 2.20696E-2 2.29678E-2 2.65341E-2 3.33812E-2 4.60646E-2 5.90544E-2 7.81114E-2 1.20606E-1 1.73708E-1 2.52739E-1 3.6267E-1 4.55192E-1 4.58435E-1 3.51203E-1 2.9217E-1 2.3167E-1 1.89418E-1 1.55185E-1 1.31205E-1 1.27826E-1 1.1307E-1 1.07959E-1 1.08308E-1 9.36718E-2 8.55393E-2 8.003E-2 7.80281E-2 7.18772E-2 6.64806E-2 6.36413E-2 6.13136E-2 6.68653E-2 4.93714E-2 5.23399E-2 5.87831E-2 9.2883E-2 7.28658E-2 1.22584E-1 8.28601E-2 9.47908E-2 9.76346E-2 1.04332E-1 1.136E-1 1.14171E-1 1.11741E-1
6.08265E-2 1.02133E-1 4.23384E-2 4.36139E-2 2.81312E-2 3.93567E-2 8.20823E-2 7.54121E-2 1.97411E-2 1.51435E-2 1.01641E-2 7.13633E-3 7.13499E-3 6.64491E-3 7.32174E-3 8.42716E-3 1.05585E-2 1.05783E-2 1.09866E-2 1.154E-2 1.19764E-2 1.27884E-2 1.41921E-2 1.6365E-2 1.90294E-2 2.41564E-2 3.27541E-2 5.29658E-2 7.65751E-2 1.19646E-1 1.73117E-1 2.52422E-1 3.24094E-1 3.53748E-1 2.99527E-1 2.4465E-1 2.07617E-1 1.64854E-1 1.37939E-1 1.23582E-1 1.18283E-1 1.12238E-1 1.14458E-1 9.56916E-2 9.28673E-2 8.57114E-2 8.56119E-2 7.99708E-2 7.21236E-2 6.347E-2 5.71314E-2 5.55976E-2 5.00968E-2 7.2857E-2 5.10686E-2 5.85902E-2 9.58172E-2 7.45835E-2 1.28509E-1 8.67687E-2 9.84346E-2 1.10147E-1 1.14303E-1 1.24615E-1 1.30751E-1 1.25465E-1
6.00837E-2 6.06262E-2 1.17206E-1 4.74963E-2 2.6458E-2 2.71677E-2 6.65526E-2 2.18061E-1 7.49476E-2 1.65799E-2 8.76486E-3 7.08251E-3 6.30403E-3 6.10809E-3 5.31053E-3 6.37963E-3 6.61892E-3 5.81551E-3 6.17953E-3 5.9234E-3 6.2977E-3 7.49364E-3 9.00138E-3 8.93158E-3 1.02324E-2 1.25427E-2 1.66966E-2 2.52804E-2 4.24865E-2 6.55513E-2 1.00946E-1 1.47537E-1 1.8861E-1 2.16136E-1 2.08395E-1 1.89406E-1 1.75195E-1 1.41842E-1 1.34231E-1 1.27199E-1 1.16815E-1 1.14409E-1 1.0069E-1 9.95252E-2 9.947E-2 9.39616E-2 8.17824E-2 8.18915E-2 7.31562E-2 6.18345E-2 6.21775E-2 6.87603E-2 5.65225E-2 5.09948E-2 5.31665E-2 9.83758E-2 7.21411E-2 8.98983E-2 1.33463E-1 9.35859E-2 1.01063E-1 1.63701E-1 1.15763E-1 1.17495E-1 1.29158E-1 1.44168E-1
5.29909E-2 9.13159E-2 5.99701E-2 9.52492E-2 3.11746E-2 2.35414E-2 2.63322E-2 1.12415E-1 1.69599E-1 2.24047E-2 9.21066E-3 6.67774E-3 5.76949E-3 5.60268E-3 5.011E-3 5.00231E-3 4.51599E-3 4.4245E-3 3.72348E-3 3.55246E-3 3.19606E-3 3.55676E-3 3.97402E-3 3.90593E-3 4.58463E-3 5.14506E-3 6.73514E-3 1.04639E-2 1.6086E-2 2.80769E-2 4.84292E-2 7.20202E-2 9.91475E-2 1.2884E-1 1.40472E-1 1.4141E-1 1.37977E-1 1.21236E-1 1.09898E-1 1.21997E-1 1.12102E-1 1.0588E-1 1.05603E-1 9.29211E-2 1.00183E-1 9.06198E-2 8.63959E-2 8.12872E-2 7.91811E-2 6.85457E-2 7.66151E-2 6.92991E-2 8.96501E-2 7.8715E-2 8.66801E-2 6.91897E-2 9.40173E-2 9.9986E-2 1.09849E-1 1.03036E-1 1.18532E-1 1.17619E-1 1.30643E-1 1.2204E-1 1.22077E-1 1.42155E-1
4.6522E-2 6.9534E-2 1.21022E-1 7.11116E-2 3.54656E-2 1.99707E-2 2.14979E-2 4.46902E-2 1.31203E-1 5.08878E-2 1.01721E-2 7.21673E-3 5.85918E-3 5.70926E-3 7.84459E-3 7.25601E-3 5.76214E-3 3.69985E-3 3.02568E-3 2.43788E-3 1.90418E-3 1.53796E-3 1.43934E-3 1.4449E-3 1.45466E-3 1.77706E-3 2.39358E-3 3.7424E-3 5.26582E-3 1.0515E-2 1.79204E-2 3.04593E-2 4.75347E-2 6.70077E-2 8.01385E-2 9.5209E-2 1.02182E-1 9.97952E-2 1.03476E-1 1.013E-1 9.9846E-2 1.049E-1 9.51474E-2 9.88108E-2 9.45992E-2 9.70762E-2 9.112E-2 8.29599E-2 8.13383E-2 8.59511E-2 8.69375E-2 7.92024E-2 9.61335E-2 9.06841E-2 9.72172E-2 1.14099E-1 1.07002E-1 1.05291E-1 1.23553E-1 1.03742E-1 1.21543E-1 1.18254E-1 1.17785E-1 1.36997E-1 1.3295E-1 1.55341E-1
3.43999E-2 1.17537E-1 1.04847E-1 2.4692E-1 1.26941E-1 2.02289E-2 2.17727E-2 5.79111E-2 1.88906E-1 1.77441E-1 1.45436E-2 9.21358E-3 6.49594E-3 8.06125E-3 2.18382E-2 3.48848E-2 3.00269E-2 2.69493E-2 7.70866E-3 1.78219E-3 1.2109E-3 7.54224E-4 5.20801E-4 4.86652E-4 4.6731E-4 5.03618E-4 6.63182E-4 1.0282E-3 1.65702E-3 3.18783E-3 6.47535E-3 1.15329E-2 2.18084E-2 3.31582E-2 4.94468E-2 6.23737E-2 6.79933E-2 7.41529E-2 7.82297E-2 8.09182E-2 8.45105E-2 8.86206E-2 9.40691E-2 9.01046E-2 9.5634E-2 9.24384E-2 8.71849E-2 8.27586E-2 8.99796E-2 1.10959E-1 1.0458E-1 9.97361E-2 1.01963E-1 1.02831E-1 1.13031E-1 1.03282E-1 1.11737E-1 1.20808E-1 1.34664E-1 1.20121E-1 1.56399E-1 1.41034E-1 1.37703E-1 1.44875E-1 1.68859E-1 2.11177E-1
3.95076E-2 9.81783E-2 3.15312E-2 7.97094E-2 1.20074E-1 2.7843E-2 2.25106E-2 1.76718E-1 1.87353E-1 1.5474E-1 5.41693E-2 1.55813E-2 1.12276E-2 1.35175E-2 3.48679E-2 7.04929E-2 1.6747E-1 1.73464E-1 2.89183E-2 3.90832E-3 8.64267E-4 3.5364E-4 2.14727E-4 1.46143E-4 1.3654E-4 1.43585E-4 1.83337E-4 2.59071E-4 4.86006E-4 9.03441E-4 1.91063E-3 4.37708E-3 9.50902E-3 1.70227E-2 2.93826E-2 3.87933E-2 4.61725E-2 5.73015E-2 5.80371E-2 6.45664E-2 7.62308E-2 8.55435E-2 7.99593E-2 8.96429E-2 8.60094E-2 9.0105E-2 9.22389E-2 9.81103E-2 1.00036E-1 1.16199E-1 1.18333E-1 1.21263E-1 1.20642E-1 1.37835E-1 1.37374E-1 1.71638E-1 1.28469E-1 1.35842E-1 1.54602E-1 1.3144E-1 1.69724E-1 1.43614E-1 1.47736E-1 1.66654E-1 1.73241E-1 1.81546E-1
2.54676E-2 3.58994E-2 5.93986E-2 4.13185E-2 1.21372E-1 1.00253E-1 3.18513E-2 2.71073E-1 1.14406E-1 2.24754E-1 6.2661E-2 3.24094E-2 2.3382E-2 2.68237E-2 6.53735E-2 1.42572E-1 4.1691E-1 1.0523E-1 2.59115E-1 3.40198E-2 6.20807E-3 3.68091E-4 9.78146E-5 5.8233E-5 3.7084E-5 3.45439E-5 4.10562E-5 5.89869E-5 1.05323E-4 2.53978E-4 6.01195E-4 1.54379E-3 3.87461E-3 8.02074E-3 1.61573E-2 2.69703E-2 3.12688E-2 4.05773E-2 4.56885E-2 5.53794E-2 5.94585E-2 7.26264E-2 7.56523E-2 8.44421E-2 9.86733E-2 9.56009E-2 1.00061E-1 1.06772E-1 1.09763E-1 1.33578E-1 1.3067E-1 1.38332E-1 1.31306E-1 1.59663E-1 1.69117E-1 1.82104E-1 1.43852E-1 1.52758E-1 1.72923E-1 1.34906E-1 1.56198E-1 1.50459E-1 1.42466E-1 1.50944E-1 1.57641E-1 1.83056E-1
2.38197E-2 2.37824E-2 3.29988E-2 4.61029E-2 3.61357E-2 5.4673E-2 9.41589E-2 6.99335E-2 2.70535E-1 2.1462E-1 4.98051E-2 3.94146E-2 4.77073E-2 5.37385E-2 9.00546E-2 2.28547E-1 4.28751E-1 2.07819E-1 3.51704E-1 4.54361E-2 3.81126E-3 2.46149E-4 4.65555E-5 2.03697E-5 1.08753E-5 7.38466E-6 7.87122E-6 1.36112E-5 2.73661E-5 6.85595E-5 1.80845E-4 5.32288E-4 1.37518E-3 4.03279E-3 1.0612E-2 1.76714E-2 2.08683E-2 2.82778E-2 4.02715E-2 4.97928E-2 5.93386E-2 8.05574E-2 6.76958E-2 8.25079E-2 1.08359E-1 1.07003E-1 1.04281E-1 9.89621E-2 1.12715E-1 1.37784E-1 1.42897E-1 1.56444E-1 1.72447E-1 1.80259E-1 1.98741E-1 1.96805E-1 1.54188E-1 1.59678E-1 1.81372E-1 1.54192E-1 1.36817E-1 1.76689E-1 1.88976E-1 1.92581E-1 1.87406E-1 1.98977E-1
1.51031E-2 1.88929E-2 4.23842E-2 5.28033E-2 5.76838E-2 5.10883E-2 1.65754E-1 1.11062E-1 1.59961E-1 8.32009E-2 5.63834E-2 6.79194E-2 7.7556E-2 1.06343E-1 1.51463E-1 2.63501E-1 3.60444E-1 2.05182E-1 6.42401E-2 7.72493E-2 1.56495E-3 1.46115E-4 2.93235E-5 7.3996E-6 2.76595E-6 1.56352E-6 1.46825E-6 2.3615E-6 4.98677E-6 1.69879E-5 6.09113E-5 1.95551E-4 5.98684E-4 1.74091E-3 4.71087E-3 8.50816E-3 1.4245E-2 2.21787E-2 3.15772E-2 3.80218E-2 5.86414E-2 6.78016E-2 8.57751E-2 1.04293E-1 9.81853E-2 9.04259E-2 1.02087E-1 1.04636E-1 1.15922E-1 1.42847E-1 1.43066E-1 1.56813E-1 1.83674E-1 1.98803E-1 1.84994E-1 1.91645E-1 2.02779E-1 1.6349E-1 2.01844E-1 1.59108E-1 1.77899E-1 1.79076E-1 2.23842E-1 2.18867E-1 2.25045E-1 2.48866E-1
1.40533E-2 2.1826E-2 4.11047E-2 5.08069E-2 5.66056E-2 5.0955E-2 7.03794E-2 1.25448E-1 1.18647E-1 1.56266E-1 2.32324E-1 2.07449E-1 1.92134E-1 2.55758E-1 3.67034E-1 3.46345E-1 5.57256E-2 5.97496E-2 2.18852E-2 5.68622E-2 3.81521E-3 1.07332E-4 3.46242E-5 9.62476E-6 8.20509E-7 3.35862E-7 2.83502E-7 3.85741E-7 1.11485E-6 4.32034E-6 1.89379E-5 7.25025E-5 2.46729E-4 7.91899E-4 1.96904E-3 4.7851E-3 9.00288E-3 1.61393E-2 2.26422E-2 3.49723E-2 4.6202E-2 6.18219E-2 7.87552E-2 8.63792E-2 9.47084E-2 1.01729E-1 1.02381E-1 1.02152E-1 1.18181E-1 1.35956E-1 1.53163E-1 1.70721E-1 2.00911E-1 2.12476E-1 1.95057E-1 2.28703E-1 1.50758E-1 1.64547E-1 2.64534E-1 1.74282E-1 1.57056E-1 2.02661E-1 2.12414E-1 2.40125E-1 2.47188E-1 2.56207E-1
1.50989E-2 2.16493E-2 2.4064E-2 6.15642E-2 3.94089E-2 7.45939E-2 1.10236E-1 1.21413E-1 2.80243E-1 1.9076E-1 2.63408E-1 1.72743E-1 2.00454E-1 2.47965E-1 3.5352E-1 1.46016E-1 1.87675E-2 6.04192E-3 4.66179E-3 5.17854E-3 1.12032E-1 6.62715E-3 5.65814E-4 3.19159E-5 1.12952E-6 1.5447E-7 7.47516E-8 1.08225E-7 3.22296E-7 1.16828E-6 6.54943E-6 2.67534E-5 1.15601E-4 3.69447E-4 1.0486E-3 2.38186E-3 4.98419E-3 9.35447E-3 1.67075E-2 2.21321E-2 3.45185E-2 4.64135E-2 5.91098E-2 7.78952E-2 9.47066E-2 1.04058E-1 1.18559E-1 1.06694E-1 1.26888E-1 1.29059E-1 1.59457E-1 1.93388E-1 2.1183E-1 2.22348E-1 1.78546E-1 2.24729E-1 2.89628E-1 2.37936E-1 2.44105E-1 2.03776E-1 2.42932E-1 2.35984E-1 2.50059E-1 2.5818E-1 2.77435E-1 2.98188E-1
1.25521E-2 1.72524E-2 1.94161E-2 5.16435E-2 6.10724E-2 7.65447E-2 1.26593E-1 2.73147E-1 1.8681E-1 3.00346E-1 2.60545E-1 6.56772E-2 8.99064E-2 7.09066E-2 2.01084E-1 6.14546E-2 1.63318E-2 1.00962E-2 4.70475E-3 1.7915E-3 2.02523E-3 1.33748E-2 6.40585E-2 6.16442E-2 1.13405E-4 1.56258E-7 1.43374E-8 3.93449E-8 1.58225E-7 7.34176E-7 3.21223E-6 1.48618E-5 5.73784E-5 1.95866E-4 6.02186E-4 1.48275E-3 2.98736E-3 5.93104E-3 1.02655E-2 1.57149E-2 2.31608E-2 3.7823E-2 5.02276E-2 6.41064E-2 8.43209E-2 1.02635E-1 9.17778E-2 1.17706E-1 1.47661E-1 1.30384E-1 1.57959E-1 1.90799E-1 2.22778E-1 2.63345E-1 2.55315E-1 2.88404E-1 2.83274E-1 2.90665E-1 2.48631E-1 2.96497E-1 3.26204E-1 3.27513E-1 3.02216E-1 2.66148E-1 2.9995E-1 3.14799E-1
1.31281E-2 2.01997E-2 2.63196E-2 3.89383E-2 4.79794E-2 5.50855E-2 1.25125E-1 1.38788E-1 2.61297E-1 3.95765E-1 3.65425E-1 2.89544E-1 2.46517E-1 1.57235E-1 8.58602E-2 5.06267E-2 1.00482E-2 5.93754E-3 3.19192E-3 1.6324E-3 8.00157E-4 1.18877E-3 1.98982E-3 5.15155E-3 5.37224E-2 1.02378E-2 6.94747E-5 4.57106E-7 6.05423E-7 1.4046E-6 1.7549E-6 1.35964E-5 4.75354E-5 1.69574E-4 4.97647E-4 1.17456E-3 2.2027E-3 4.64512E-3 8.10425E-3 1.3296E-2 2.10507E-2 3.0228E-2 4.32439E-2 5.53416E-2 6.96441E-2 7.96129E-2 9.57776E-2 1.10008E-1 1.40787E-1 1.71127E-1 1.59295E-1 1.87203E-1 2.22632E-1 2.76329E-1 3.16093E-1 3.6297E-1 4.01033E-1 4.27754E-1 3.41001E-1 3.51976E-1 3.77009E-1 3.72066E-1 3.76854E-1 3.27373E-1 3.1159E-1 3.15688E-1
8.3406E-3 1.55691E-2 3.44094E-2 4.7296E-2 6.45744E-2 6.99956E-2 7.33152E-2 1.31326E-1 5.82721E-2 1.57678E-1 1.51078E-1 1.9399E-1 1.51224E-1 6.9904E-2 2.39834E-1 1.50076E-1 1.75936E-2 5.65592E-3 4.16015E-3 2.00451E-3 9.55286E-4 5.35888E-4 6.14638E-4 1.06806E-3 5.02377E-3 1.64566E-3 4.27462E-3 7.91487E-3 1.34105E-3 3.42622E-4 2.78055E-5 3.57454E-5 1.3414E-4 5.29994E-4 7.23116E-4 1.34657E-3 2.114E-3 3.90858E-3 1.02001E-2 1.30292E-2 2.01514E-2 2.91317E-2 4.03418E-2 5.45724E-2 7.66464E-2 7.48277E-2 8.6133E-2 1.06822E-1 1.38441E-1 1.59899E-1 1.83074E-1 1.91493E-1 2.21275E-1 2.86391E-1 3.29152E-1 4.03196E-1 4.60146E-1 4.45534E-1 4.09214E-1 4.60155E-1 4.6411E-1 4.28131E-1 4.17465E-1 3.83679E-1 3.52182E-1 3.89105E-1
6.75797E-3 6.48311E-3 8.00858E-3 2.03713E-2 3.44373E-2 4.08768E-2 6.35497E-2 1.05781E-1 7.65006E-2 2.82009E-2 1.98963E-2 3.9775E-2 2.11718E-1 1.97846E-2 2.00441E-2 8.57654E-2 3.83225E-2 2.28997E-2 8.79973E-3 2.6755E-3 1.25272E-3 4.59096E-4 5.53524E-4 9.87673E-4 6.83158E-4 5.8415E-4 8.71619E-4 2.73293E-3 4.76495E-3 3.43521E-2 7.0001E-3 6.27044E-4 1.22522E-3 3.40822E-3 5.78209E-3 5.05547E-3 9.71433E-3 8.50822E-3 1.27971E-2 2.21819E-2 2.25373E-2 3.1661E-2 3.95853E-2 5.0065E-2 6.20657E-2 7.43427E-2 8.96194E-2 9.93264E-2 1.22368E-1 1.25762E-1 1.7259E-1 2.09039E-1 2.31408E-1 2.76835E-1 3.36315E-1 4.20892E-1 5.00083E-1 4.74817E-1 4.1501E-1 4.79663E-1 4.68344E-1 5.17861E-1 4.29937E-1 4.83001E-1 4.6604E-1 3.8949E-1
4.38138E-3 5.96701E-3 8.27118E-3 1.10785E-2 2.1423E-2 1.43245E-2 6.52836E-2 8.12744E-2 3.12951E-2 1.12959E-2 3.40129E-2 1.39285E-1 6.21909E-2 7.56807E-3 1.78779E-2 1.85256E-2 3.72162E-3 1.93788E-2 7.60911E-3 3.66046E-3 1.34029E-3 8.64563E-4 3.57478E-4 1.69513E-4 1.4183E-4 3.1608E-4 1.64362E-4 4.96994E-4 4.76209E-4 6.87488E-4 4.79021E-3 4.44424E-2 1.68026E-2 2.26046E-2 4.89757E-2 2.72702E-2 2.67689E-2 4.14277E-2 5.14473E-2 3.47168E-2 5.61371E-2 5.14274E-2 3.67929E-2 4.68122E-2 5.87498E-2 7.33107E-2 8.38188E-2 9.16246E-2 9.53802E-2 1.28049E-1 1.56837E-1 2.03851E-1 2.63683E-1 2.6294E-1 3.25104E-1 3.85597E-1 4.53698E-1 5.01326E-1 4.38554E-1 4.60802E-1 4.95047E-1 5.37121E-1 5.28905E-1 4.77699E-1 4.525E-1 4.11151E-1
2.37619E-3 4.78258E-3 4.74039E-3 8.215E-3 9.90499E-3 1.40755E-2 4.06344E-2 1.16105E-2 2.65071E-2 1.0654E-2 7.03536E-2 2.16173E-2 5.07804E-3 7.92869E-3 1.68202E-2 2.50796E-3 3.04047E-3 9.19845E-3 2.35227E-3 2.22263E-3 1.34291E-3 6.73718E-4 3.94413E-4 1.61566E-4 1.90725E-4 2.83005E-4 1.21507E-4 7.46645E-5 2.05927E-4 3.9444E-4 1.47988E-3 2.07631E-2 4.03897E-2 9.5084E-2 9.00581E-2 9.13578E-2 6.66684E-2 1.89924E-1 2.59785E-1 1.08938E-1 6.82555E-2 7.48137E-2 5.16972E-2 4.48332E-2 5.66752E-2 6.85781E-2 7.65797E-2 8.7936E-2 1.03623E-1 1.29741E-1 1.52649E-1 1.95196E-1 2.21477E-1 2.77614E-1 3.67114E-1 4.27735E-1 4.37483E-1 4.69039E-1 4.84618E-1 4.87747E-1 5.08882E-1 5.2541E-1 5.55681E-1 4.94186E-1 4.58771E-1 4.03649E-1
4.95129E-4 5.04193E-3 4.08976E-3 4.74363E-3 4.07745E-3 8.77056E-3 1.87439E-2 6.00034E-3 6.88838E-3 8.29554E-3 1.94082E-2 1.63842E-2 6.61943E-3 1.51189E-3 3.06835E-3 1.23116E-3 2.51873E-3 5.78295E-3 1.71138E-3 9.59872E-4 6.99187E-4 3.69194E-4 2.53193E-4 1.34523E-4 1.62606E-4 1.72869E-4 1.13765E-4 6.77596E-5 8.27109E-5 1.09858E-4 4.93293E-4 1.80471E-3 1.44533E-2 1.07109E-1 1.88325E-1 1.72387E-1 2.29245E-1 2.48912E-1 1.20149E-1 2.22E-1 1.99829E-1 9.9574E-2 7.94978E-2 5.60022E-2 5.11549E-2 6.16233E-2 7.06972E-2 8.85381E-2 9.94229E-2 1.17221E-1 1.42644E-1 1.49315E-1 1.79534E-1 2.38242E-1 3.12704E-1 3.72684E-1 4.59501E-1 4.97548E-1 5.32061E-1 4.8398E-1 5.23695E-1 5.89334E-1 5.39694E-1 4.33059E-1 4.22286E-1 4.26998E-1
3.48865E-5 7.60417E-4 5.39542E-3 4.09657E-3 4.47073E-3 3.18494E-3 9.37798E-3 4.85049E-3 2.13269E-3 2.52138E-3 5.44066E-3 3.01568E-3 3.87233E-3 1.14792E-3 4.815E-4 3.20783E-4 7.20511E-4 2.08596E-3 8.86086E-4 4.38943E-4 4.28072E-4 3.18102E-4 3.68828E-4 2.6509E-4 1.85097E-4 7.3507E-5 9.19325E-5 1.20528E-4 1.06149E-4 7.49945E-5 1.38778E-4 4.12062E-4 2.29168E-3 1.21052E-2 8.95408E-2 1.92658E-1 2.94362E-1 4.14484E-1 2.14532E-1 5.68744E-1 5.84858E-1 2.81134E-1 5.69609E-2 7.1307E-2 5.33736E-2 5.33044E-2 6.24212E-2 7.77339E-2 8.34462E-2 9.83808E-2 1.09522E-1 1.27941E-1 1.66824E-1 2.03636E-1 2.48462E-1 3.25629E-1 4.035E-1 4.54098E-1 4.70962E-1 4.42299E-1 4.53763E-1 5.32581E-1 5.41583E-1 4.68127E-1 4.08769E-1 4.13856E-1
2.14809E-5 2.05384E-4 4.76253E-3 4.24826E-3 7.13888E-3 4.83493E-3 3.85106E-3 1.64195E-3 1.42842E-3 1.19317E-3 1.45168E-3 5.17681E-4 5.95392E-4 3.67089E-4 2.45089E-4 2.13119E-4 4.06716E-4 3.8031E-4 4.31751E-4 3.37752E-4 1.87652E-4 1.10775E-4 1.46878E-4 1.43646E-4 1.58698E-4 8.15682E-5 5.88374E-5 1.19707E-4 2.34787E-4 2.46066E-4 2.60199E-4 2.23679E-4 4.91113E-4 2.6383E-3 6.44372E-3 7.42391E-2 4.90912E-1 4.30668E-1 5.3766E-1 7.5401E-1 6.2781E-1 3.20633E-1 1.17812E-1 4.77956E-2 4.59481E-2 6.28198E-2 5.17914E-2 5.90885E-2 7.05708E-2 8.33875E-2 9.82135E-2 1.03184E-1 1.21876E-1 1.47596E-1 2.1221E-1 2.9008E-1 3.09415E-1 3.90018E-1 3.94049E-1 3.9753E-1 3.90816E-1 4.52616E-1 4.61975E-1 4.16118E-1 3.79865E-1 3.73018E-1
1.46578E-4 3.58322E-5 1.81211E-3 3.50644E-3 4.41178E-3 5.80758E-3 3.87143E-3 1.79647E-3 2.17322E-3 1.32308E-3 1.15402E-3 6.15708E-4 1.8068E-4 1.46175E-4 7.1436E-5 1.02586E-4 9.77345E-5 1.26933E-4 1.25135E-4 1.21058E-4 7.91848E-5 4.2845E-5 2.85706E-5 9.31595E-5 7.4451E-5 3.76688E-5 9.95499E-5 9.47705E-5 1.76012E-4 3.27668E-4 5.03136E-4 8.74487E-4 7.52318E-4 8.20773E-4 1.35698E-3 1.99311E-2 2.54657E-1 5.70579E-1 5.60032E-1 7.41889E-1 7.20905E-1 4.51408E-1 2.13651E-1 7.90236E-2 4.73188E-2 5.28075E-2 6.4047E-2 4.70779E-2 5.38931E-2 6.83045E-2 7.22732E-2 8.65031E-2 1.13941E-1 1.35262E-1 1.69767E-1 2.08707E-1 2.33433E-1 2.98727E-1 3.30178E-1 3.17472E-1 3.57746E-1 3.83727E-1 3.83594E-1 3.84421E-1 3.38168E-1 3.28603E-1
1.10211E-2 2.99387E-5 7.21273E-5 1.28742E-3 8.99657E-4 2.93229E-3 2.74615E-3 1.98921E-3 9.98982E-4 1.17596E-3 4.87167E-4 1.19989E-4 1.12358E-4 1.02756E-4 4.99019E-5 5.01727E-5 5.92335E-5 4.45478E-5 4.12401E-5 5.53199E-5 7.7431E-5 5.26051E-5 2.88781E-5 3.84543E-5 9.94357E-5 4.66645E-5 5.66313E-5 1.05745E-4 2.2049E-4 4.2647E-4 9.039E-4 1.56217E-3 1.78099E-3 1.28384E-3 1.39666E-3 4.223E-3 3.22405E-2 2.98318E-1 5.15876E-1 6.48695E-1 6.80556E-1 4.64705E-1 1.30961E-1 1.30818E-1 7.65198E-2 4.41501E-2 5.60767E-2 3.90001E-2 4.52091E-2 5.65957E-2 6.77704E-2 7.67838E-2 9.02933E-2 1.08774E-1 1.4129E-1 1.76463E-1 2.06993E-1 2.25771E-1 2.49615E-1 2.58974E-1 2.89335E-1 2.97515E-1 2.98697E-1 2.86284E-1 2.88465E-1 2.95256E-1
2.17553E-2 7.03313E-5 1.56476E-5 2.77538E-5 1.65713E-4 7.89181E-4 5.93159E-4 8.49139E-4 6.41494E-4 5.74715E-4 2.91901E-4 9.22237E-5 8.14452E-5 1.3722E-4 2.13272E-5 1.3783E-5 1.53058E-5 2.79014E-5 3.05295E-5 4.07067E-5 5.08752E-5 4.3975E-5 3.58921E-5 4.12159E-5 6.963E-5 1.67164E-4 1.80175E-4 1.42811E-4 2.39216E-4 1.10822E-3 2.24472E-3 3.57106E-3 5.56695E-3 3.37356E-3 1.81592E-3 5.96366E-3 5.06241E-2 1.78858E-1 4.97205E-1 3.88142E-1 3.83417E-1 5.84252E-1 2.26398E-1 7.9167E-2 1.549E-1 7.32659E-2 5.85452E-2 5.04141E-2 3.9286E-2 4.13928E-2 4.72893E-2 5.47401E-2 6.48807E-2 8.1538E-2 1.02061E-1 1.22632E-1 1.49102E-1 1.52862E-1 1.66952E-1 1.65094E-1 1.84501E-1 2.26353E-1 2.39075E-1 2.49308E-1 2.38975E-1 2.5754E-1
1.18736E-1 1.85223E-4 6.35533E-5 1.37522E-5 2.30947E-5 6.36387E-5 4.16744E-4 3.4963E-4 2.5993E-4 3.59751E-4 3.99334E-4 2.1637E-4 1.8565E-4 2.93373E-5 1.52729E-5 1.02025E-5 1.42562E-5 8.88989E-6 1.41163E-5 1.31674E-5 1.73025E-5 1.51693E-5 2.06091E-5 4.85654E-5 6.2942E-5 1.16764E-4 2.09808E-4 2.3056E-4 2.80311E-4 9.40078E-4 4.57605E-3 1.66662E-2 2.24827E-2 1.47368E-2 5.75361E-3 6.18965E-3 5.20115E-2 3.00862E-1 4.37635E-1 4.04497E-1 2.89362E-1 3.80842E-1 3.66623E-1 9.53784E-2 7.77994E-2 1.44481E-1 1.14627E-1 8.38591E-2 3.64652E-2 3.72123E-2 3.67689E-2 4.20229E-2 4.72276E-2 5.70567E-2 6.98842E-2 7.85265E-2 8.66207E-2 9.18012E-2 1.02089E-1 1.03916E-1 1.04057E-1 1.38288E-1 1.56173E-1 1.7511E-1 1.9599E-1 2.09873E-1
3.32305E-2 5.85669E-2 3.58006E-3 8.06735E-5 1.07938E-5 3.22044E-5 1.99518E-4 1.44287E-4 1.07711E-4 1.19334E-4 1.10392E-4 1.76066E-4 5.77246E-5 6.65537E-6 5.5377E-6 6.39542E-6 1.3648E-5 1.4121E-5 1.25923E-5 1.54806E-5 1.28425E-5 1.26689E-5 1.02586E-5 1.30701E-5 3.57328E-5 8.47923E-5 1.98749E-4 1.99387E-4 3.57908E-4 5.28488E-4 1.06086E-2 6.22106E-2 1.03007E-1 1.21985E-1 3.47445E-2 3.30399E-2 9.23933E-2 1.15306E-1 4.65655E-1 4.78497E-1 3.35354E-1 2.42232E-1 2.49363E-1 1.72013E-1 7.82726E-2 9.41761E-2 1.53472E-1 1.6782E-1 5.38788E-2 3.25269E-2 3.33308E-2 2.95895E-2 3.13194E-2 3.63501E-2 4.3793E-2 4.86574E-2 4.66937E-2 5.0149E-2 4.94857E-2 5.04364E-2 5.62773E-2 6.53898E-2 8.37541E-2 1.09706E-1 1.35327E-1 1.71037E-1
-9999 -9999 8.46622E-2 7.57051E-4 9.49388E-6 1.1971E-5 2.6225E-5 2.13808E-5 2.58352E-5 2.71623E-5 4.31108E-5 6.17783E-5 4.42184E-5 8.96957E-6 1.62825E-5 7.70258E-6 4.41029E-5 5.6552E-5 2.41134E-5 1.59229E-5 7.76007E-6 3.56556E-6 5.90821E-6 3.29854E-6 1.19366E-5 8.14146E-5 1.14177E-4 4.23233E-4 3.38405E-4 6.62714E-4 6.57626E-3 1.03858E-1 1.54142E-1 1.75885E-1 1.44629E-1 5.26879E-2 1.65985E-1 3.70122E-1 8.80819E-2 2.53852E-1 4.62609E-1 3.9003E-1 2.85773E-1 2.8424E-1 2.57007E-1 1.23328E-1 1.06639E-1 2.31728E-1 1.99698E-1 5.22226E-2 2.69421E-2 2.53832E-2 2.3417E-2 2.48302E-2 2.60377E-2 2.69825E-2 2.6216E-2 2.43729E-2 2.38399E-2 2.43952E-2 3.04274E-2 3.57805E-2 5.01719E-2 5.88365E-2 9.28018E-2 1.30935E-1
-9999 -9999 -9999 -9999 2.0451E-2 3.39701E-4 9.75751E-6 3.72471E-6 4.26739E-6 4.3667E-6 7.31693E-6 5.74723E-5 1.12968E-5 4.46426E-6 8.59892E-6 3.78541E-5 7.3607E-5 4.55958E-6 5.78775E-6 2.78968E-6 3.06072E-6 1.50964E-6 1.94224E-6 2.99834E-6 5.41621E-6 1.12788E-4 2.66253E-4 3.81892E-4 5.59087E-4 1.28246E-3 3.01069E-2 1.4084E-1 2.81481E-1 2.01991E-1 1.84064E-1 1.35768E-1 1.66085E-2 1.26239E-1 1.20755E-2 7.0827E-2 1.5876E-1 5.06749E-1 4.17872E-1 3.67512E-1 3.90266E-1 3.95005E-1 2.37567E-1 1.48555E-1 2.01979E-1 1.45026E-1 3.9029E-2 2.25203E-2 1.83193E-2 1.6758E-2 1.57896E-2 1.54934E-2 1.40527E-2 1.20215E-2 1.26909E-2 1.3602E-2 1.42098E-2 1.69207E-2 2.51846E-2 3.62984E-2 5.31472E-2 8.77096E-2
