Leopardus braccatus/Leopardus_braccatus_projection 2041-2060_novel.asc
ncols         515
nrows         545
xllcorner     -119.0
yllcorner     -58.333333333333
cellsize      0.166666666667
NODATA_value  -9999
[rows 0 to 29 of 545, columns 0 to 66 of 515]
-9999 -9999 -9999 -9999 -9999 -9999 -9999 -9999 -9999 -9999 -9999 -9999 2.24451E0 2.58218E0 3.49588E0 6.61436E0 1.27321E1 1.12226E1 1.12226E1 1.98629E-2 1.98629E-2 9.93147E-2 -7.89472E-1 -5.26318E-1 -2.63158E0 -6.31579E0 -6.8421E0 -5.52631E0 -2.36843E0 -1.84211E0 -1.84211E0 -3.68421E0 -4.21052E0 -3.94737E0 -3.68421E0 -2.89473E0 -1.05264E0 -1.05264E0 1.98629E-2 9.93147E-2 1.98629E-2 -7.89472E-1 -1.57894E0 -2.36843E0 1.98629E-2 1.98629E-2 1.98629E-2 9.93147E-2 1.48972E0 1.44602E1 1.48972E0 3.57533E-1 2.26438E0 2.26438E0 1.58904E-1 6.15751E-1 -1.5625E0 -5.625E0 -4.6875E0 1.58904E-1 -6.875E0 -6.875E0 -6.25002E-1 6.15751E-1 1.58904E-1 -1.5625E0 -2.5E0
-9999 -9999 -9999 -9999 -9999 -9999 -9999 -9999 -9999 -9999 -9999 -9999 -9999 3.17807E0 3.49588E0 6.25683E0 1.47582E1 1.44602E1 1.65657E1 1.48972E0 3.57533E-1 8.7397E-1 9.93147E-2 1.98629E-2 -1.57894E0 -5.52631E0 -5.78948E0 -4.73684E0 -2.36843E0 -5.26318E-1 1.98629E-2 -7.89472E-1 -2.36843E0 -3.1579E0 -4.21052E0 -2.89473E0 -7.89472E-1 -1.31579E0 1.98629E-2 1.98629E-2 1.98629E-2 1.98629E-2 -7.89472E-1 1.98629E-2 1.98629E-2 1.98629E-2 1.98629E-2 9.93147E-2 9.93147E-2 3.57533E-1 6.61436E0 1.48972E0 6.15751E-1 1.43013E0 1.58904E-1 1.58904E-1 2.26438E0 -6.25002E-1 -4.6875E0 -1.25E0 -4.6875E0 -2.8125E0 -5.3125E0 -2.1875E0 -2.1875E0 -1.875E0 -2.8125E0
-9999 -9999 -9999 -9999 -9999 -9999 -9999 -9999 -9999 -9999 -9999 -9999 -9999 2.18492E0 2.93972E0 5.34313E0 1.30301E1 1.72609E1 1.78965E1 7.2897E0 2.24451E0 1.48972E0 8.7397E-1 9.93147E-2 1.98629E-2 -3.1579E0 -3.94737E0 -3.42105E0 -1.31579E0 -1.31579E0 -5.26318E-1 -2.63154E-1 -3.1579E0 -3.94737E0 -2.36843E0 -3.1579E0 -5.26318E-1 1.98629E-2 1.98629E-2 -2.63154E-1 1.98629E-2 9.93147E-2 9.93147E-2 3.57533E-1 9.93147E-2 9.93147E-2 9.93147E-2 9.93147E-2 1.98629E-2 9.93147E-2 1.48972E0 1.48972E0 6.15751E-1 2.26438E0 1.58904E-1 -3.12495E-1 3.3767E-1 1.43013E0 1.43013E0 -2.8125E0 -2.8125E0 -9.37498E-1 -3.125E0 -3.4375E0 -1.5625E0 -1.5625E0 -2.5E0
-9999 -9999 -9999 -9999 -9999 -9999 -9999 -9999 -9999 -9999 -9999 -9999 -9999 -9999 2.3041E0 4.76711E0 6.57464E0 1.16595E1 1.83732E1 1.38643E1 3.49588E0 2.93972E0 8.7397E-1 3.57533E-1 3.57533E-1 9.93147E-2 1.98629E-2 -1.05264E0 -1.05264E0 -5.26318E-1 -5.26318E-1 -1.57894E0 -2.10526E0 -3.1579E0 -5E0 -7.89472E-1 -7.89472E-1 -7.89472E-1 1.98629E-2 1.98629E-2 1.98629E-2 1.98629E-2 1.98629E-2 3.57533E-1 3.07876E0 3.57533E-1 1.48972E0 8.7397E-1 9.93147E-2 8.7397E-1 1.48972E0 3.07876E0 6.15751E-1 1.48972E0 2.26438E0 1.58904E-1 1.39041E-1 2.26438E0 5.95888E0 1.58904E-1 1.58904E-1 -9.37498E-1 -1.25E0 1.58904E-1 1.58904E-1 6.15751E-1 1.58904E-1
-9999 -9999 -9999 -9999 -9999 -9999 -9999 -9999 -9999 -9999 -9999 -9999 -9999 -9999 -9999 3.69451E0 8.38216E0 1.10239E1 1.22952E1 1.58506E1 1.0726E1 6.61436E0 8.7397E-1 3.57533E-1 3.57533E-1 8.7397E-1 -9999 9.93147E-2 1.98629E-2 1.98629E-2 1.98629E-2 1.98629E-2 -2.63154E-1 -1.84211E0 -3.94737E0 -1.84211E0 1.98629E-2 1.98629E-2 -5.26318E-1 -5.26318E-1 -5.26318E-1 1.98629E-2 1.98629E-2 9.93147E-2 3.07876E0 3.57533E-1 8.7397E-1 3.57533E-1 3.07876E0 5.95888E0 2.26438E0 5.95888E0 6.15751E-1 8.7397E-1 1.48972E0 6.15751E-1 6.15751E-1 2.26438E0 5.95888E0 1.58904E-1 1.41027E0 1.58904E-1 1.58904E-1 1.58904E-1 6.15751E-1 6.15751E-1 1.58904E-1
-9999 -9999 -9999 -9999 -9999 -9999 -9999 -9999 -9999 -9999 -9999 -9999 -9999 -9999 2.44314E0 2.76095E0 8.38216E0 1.51554E1 5.97875E0 8.32257E0 1.3626E1 3.07876E0 8.7397E-1 3.57533E-1 3.57533E-1 -9999 -9999 -9999 -9999 9.93147E-2 -9999 -9999 1.98629E-2 -2.10526E0 -2.89473E0 -1.05264E0 -1.57894E0 1.98629E-2 1.98629E-2 1.98629E-2 1.98629E-2 9.93147E-2 9.93147E-2 9.93147E-2 1.48972E0 8.7397E-1 8.7397E-1 8.7397E-1 3.07876E0 3.07876E0 3.89314E0 3.07876E0 8.7397E-1 8.7397E-1 1.48972E0 1.58904E-1 4.56848E-1 1.43013E0 1.39041E-1 6.15751E-1 5.363E-1 2.26438E0 6.15751E-1 6.15751E-1 6.15751E-1 1.58904E-1 6.15751E-1
-9999 -9999 -9999 -9999 -9999 -9999 -9999 -9999 -9999 -9999 -9999 -9999 -9999 -9999 -9999 2.44314E0 3.43629E0 6.99176E0 1.38643E1 7.78627E0 1.22952E1 3.07876E0 8.7397E-1 9.93147E-2 3.57533E-1 -9999 -9999 -9999 -9999 -9999 -9999 -9999 -9999 1.98629E-2 -1.31579E0 -2.10526E0 -2.36843E0 -7.89472E-1 1.98629E-2 9.93147E-2 9.93147E-2 9.93147E-2 3.57533E-1 9.93147E-2 3.57533E-1 8.7397E-1 1.48972E0 3.07876E0 1.98629E-1 5.95888E0 2.26438E0 5.95888E0 3.89314E0 8.7397E-1 3.07876E0 6.15751E-1 1.39041E-1 6.15751E-1 5.95888E-2 1.43013E0 6.15751E-1 1.43013E0 6.15751E-1 6.15751E-1 6.15751E-1 1.58904E-1 6.15751E-1
-9999 -9999 -9999 -9999 -9999 -9999 -9999 -9999 -9999 -9999 -9999 -9999 -9999 -9999 -9999 -9999 2.54246E0 4.34999E0 1.2176E1 1.28315E1 1.28315E1 8.7397E-1 9.93147E-2 3.57533E-1 -9999 -9999 -9999 -9999 -9999 -9999 -9999 -9999 -9999 -9999 -9999 1.98629E-2 -2.36843E0 -2.36843E0 1.98629E-2 9.93147E-2 9.93147E-2 9.93147E-2 3.57533E-1 9.93147E-2 9.93147E-2 3.57533E-1 3.57533E-1 3.07876E0 1.48972E0 1.48972E0 3.07876E0 2.26438E0 8.7397E-1 1.48972E0 1.48972E0 1.43013E0 6.15751E-1 1.43013E0 1.98629E-1 1.48972E0 2.26438E0 5.95888E0 6.15751E-1 6.15751E-1 6.15751E-1 1.58904E-1 6.15751E-1
-9999 -9999 -9999 -9999 -9999 -9999 -9999 -9999 -9999 -9999 -9999 -9999 -9999 -9999 -9999 -9999 2.44314E0 4.05204E0 9.75271E0 1.28315E1 1.56917E1 1.42219E1 9.93147E-2 9.93147E-2 -9999 -9999 -9999 -9999 -9999 -9999 -9999 -9999 -9999 -9999 -9999 -9999 -2.36843E0 -3.1579E0 1.98629E-2 1.98629E-2 1.98629E-2 1.98629E-2 1.98629E-2 9.93147E-2 8.7397E-1 9.93147E-2 3.57533E-1 3.07876E0 1.48972E0 5.95888E0 1.48972E0 3.07876E0 1.01301E0 1.43013E0 3.07876E0 1.43013E0 6.15751E-1 3.57533E-1 9.93147E-2 3.89314E0 5.95888E0 2.26438E0 1.43013E0 6.15751E-1 6.15751E-1 6.15751E-1 6.15751E-1
-9999 -9999 -9999 -9999 -9999 -9999 -9999 -9999 -9999 -9999 -9999 -9999 -9999 -9999 -9999 -9999 -9999 3.29725E0 6.57464E0 1.28315E1 1.56917E1 1.18582E1 1.48972E0 9.93147E-2 3.57533E-1 -9999 -9999 -9999 -9999 -9999 -9999 -9999 -9999 -9999 -9999 -9999 -1.31579E0 -2.63158E0 -1.84211E0 -2.63154E-1 9.93147E-2 9.93147E-2 1.98629E-2 1.98629E-2 1.98629E-2 1.98629E-2 9.93147E-2 3.57533E-1 8.7397E-1 3.07876E0 1.13219E0 3.07876E0 3.07876E0 1.48972E0 8.46161E0 1.48972E0 6.15751E-1 8.7397E-1 9.93147E-2 3.89314E0 3.89314E0 6.15751E-1 6.15751E-1 6.15751E-1 6.15751E-1 1.43013E0 1.43013E0
-9999 -9999 -9999 -9999 -9999 -9999 -9999 -9999 -9999 -9999 -9999 -9999 -9999 -9999 -9999 -9999 -9999 -9999 4.34999E0 1.0726E1 1.16993E1 1.22952E1 1.11828E1 9.93147E-2 3.57533E-1 3.57533E-1 -9999 -9999 -9999 -9999 -9999 -9999 -9999 -9999 -9999 -9999 1.98629E-2 -7.89472E-1 1.98629E-2 -1.57894E0 -1.84211E0 -1.57894E0 -1.05264E0 -2.63154E-1 1.98629E-2 1.98629E-2 9.93147E-2 9.93147E-2 3.57533E-1 8.7397E-1 3.07876E0 2.04588E0 1.01301E0 8.7397E-1 8.7397E-1 1.48972E0 8.7397E-1 3.57533E-1 3.57533E-1 3.57533E-1 3.89314E0 2.26438E0 2.26438E0 1.43013E0 1.43013E0 1.43013E0 1.41027E0
-9999 -9999 -9999 -9999 -9999 -9999 -9999 -9999 -9999 -9999 -9999 -9999 -9999 -9999 -9999 -9999 -9999 -9999 2.54246E0 6.99176E0 9.57394E0 6.61436E0 1.06863E1 8.7397E-1 3.57533E-1 3.57533E-1 -9999 -9999 -9999 -9999 -9999 -9999 -9999 -9999 -9999 -9999 9.93147E-2 -5.26318E-1 1.98629E-2 -7.89472E-1 -1.57894E0 -7.89472E-1 1.98629E-2 -1.31579E0 -1.84211E0 -2.63154E-1 1.98629E-2 1.98629E-2 9.93147E-2 8.7397E-1 3.3767E-1 2.04588E0 2.58218E-1 6.35614E-1 2.58218E-1 3.07876E0 1.48972E0 3.57533E-1 3.07876E0 5.95888E0 1.48972E0 5.95888E0 8.46161E0 3.89314E0 2.26438E0 1.43013E0 1.41027E0
-9999 -9999 -9999 -9999 -9999 -9999 -9999 -9999 -9999 -9999 -9999 -9999 -9999 -9999 -9999 -9999 -9999 -9999 -9999 3.69451E0 9.13696E0 6.61436E0 3.07876E0 3.07876E0 3.57533E-1 3.57533E-1 -9999 -9999 -9999 -9999 -9999 -9999 -9999 -9999 -9999 -9999 -9999 9.93147E-2 1.98629E-2 9.93147E-2 1.98629E-2 1.98629E-2 9.93147E-2 -2.63154E-1 -1.05264E0 -2.63154E-1 -1.11987E0 1.98629E-2 9.93147E-2 3.3767E-1 1.98629E-1 1.74794E0 8.7397E-1 9.93147E-2 3.57533E-1 8.7397E-1 1.48972E0 9.93147E-2 8.7397E-1 8.46161E0 8.7397E-1 3.89314E0 8.46161E0 5.95888E0 5.95888E0 2.26438E0 1.43013E0
-9999 -9999 -9999 -9999 -9999 -9999 -9999 -9999 -9999 -9999 -9999 -9999 -9999 -9999 -9999 -9999 -9999 -9999 -9999 2.76095E0 5.34313E0 6.57464E0 3.07876E0 3.07876E0 1.48972E0 8.7397E-1 -9999 -9999 -9999 -9999 -9999 -9999 -9999 -9999 -9999 -9999 -9999 -9999 3.57533E-1 3.57533E-1 9.93147E-2 9.93147E-2 9.93147E-2 3.57533E-1 9.93147E-2 9.93147E-2 5.95888E-2 5.95888E-2 9.93147E-2 3.57533E-1 3.57533E-1 1.13219E0 3.57533E-1 1.48972E0 8.7397E-1 9.93147E-2 3.07876E0 3.57533E-1 3.57533E-1 3.07876E0 1.48972E0 5.95888E0 8.46161E0 5.95888E0 3.89314E0 2.26438E0 2.26438E0
-9999 -9999 -9999 -9999 -9999 -9999 -9999 -9999 -9999 -9999 -9999 -9999 -9999 -9999 -9999 -9999 -9999 -9999 -9999 -9999 3.29725E0 4.56848E0 3.07876E0 1.48972E0 8.7397E-1 1.48972E0 -9999 -9999 -9999 -9999 -9999 -9999 -9999 -9999 -9999 -9999 -9999 -9999 3.57533E-1 3.57533E-1 3.57533E-1 3.57533E-1 1.98629E-1 1.58904E-1 2.58218E-1 1.58904E-1 1.98629E-2 7.94518E-2 9.93147E-2 3.57533E-1 1.48972E0 1.48972E0 9.93147E-2 8.7397E-1 9.93147E-2 1.98629E-2 1.48972E0 9.93147E-2 9.93147E-2 1.48972E0 5.95888E0 5.95888E0 5.95888E0 5.95888E0 3.89314E0 3.89314E0 3.89314E0
-9999 -9999 -9999 -9999 -9999 -9999 -9999 -9999 -9999 -9999 -9999 -9999 -9999 -9999 -9999 -9999 -9999 -9999 -9999 -9999 2.54246E0 3.29725E0 4.56848E0 1.48972E0 1.41027E0 1.48972E0 1.48972E0 -9999 -9999 -9999 -9999 -9999 -9999 -9999 -9999 -9999 -9999 -9999 3.57533E-1 3.57533E-1 3.57533E-1 3.57533E-1 1.98629E-1 9.93147E-2 3.3767E-1 3.97259E-2 -5.09796E-1 9.93147E-2 7.94518E-2 3.57533E-1 3.57533E-1 8.7397E-1 1.98629E-2 8.7397E-1 3.57533E-1 1.98629E-2 8.7397E-1 3.57533E-1 9.93147E-2 1.48972E0 5.95888E0 8.46161E0 5.95888E0 5.95888E0 5.95888E0 5.95888E0 3.89314E0
-9999 -9999 -9999 -9999 -9999 -9999 -9999 -9999 -9999 -9999 -9999 -9999 -9999 -9999 -9999 -9999 -9999 -9999 -9999 -9999 2.18492E0 2.76095E0 3.17807E0 3.69451E0 3.07876E0 1.48972E0 3.07876E0 -9999 -9999 -9999 -9999 -9999 -9999 -9999 -9999 -9999 -9999 -9999 -9999 3.57533E-1 3.57533E-1 3.57533E-1 3.57533E-1 3.57533E-1 3.57533E-1 1.58904E-1 7.94518E-2 7.94518E-2 1.98629E-2 9.93147E-2 9.93147E-2 3.57533E-1 3.57533E-1 9.93147E-2 8.7397E-1 9.93147E-2 -5.26318E-1 3.57533E-1 1.98629E-2 3.57533E-1 1.48972E0 8.46161E0 8.46161E0 8.46161E0 5.95888E0 5.95888E0 2.04588E0
-9999 -9999 -9999 -9999 -9999 -9999 -9999 -9999 -9999 -9999 -9999 -9999 -9999 -9999 -9999 -9999 -9999 -9999 -9999 -9999 -9999 -9999 -9999 2.44314E0 2.93972E0 3.07876E0 1.48972E0 1.48972E0 8.7397E-1 -9999 -9999 -9999 -9999 -9999 -9999 -9999 -9999 -9999 -9999 -9999 3.57533E-1 3.57533E-1 9.93147E-2 9.93147E-2 3.57533E-1 2.58218E-1 5.95888E-2 7.94518E-2 1.98629E-2 1.98629E-2 1.98629E-2 1.98629E-2 3.57533E-1 9.93147E-2 3.57533E-1 9.93147E-2 -2.36843E0 9.93147E-2 9.93147E-2 9.93147E-2 8.7397E-1 3.07876E0 7.78627E0 7.78627E0 5.95888E0 5.95888E0 3.19793E0
-9999 -9999 -9999 -9999 -9999 -9999 -9999 -9999 -9999 -9999 -9999 -9999 -9999 -9999 -9999 -9999 -9999 -9999 -9999 -9999 -9999 -9999 -9999 -9999 2.04588E0 2.44314E0 3.07876E0 1.48972E0 1.48972E0 1.48972E0 1.48972E0 -9999 -9999 -9999 -9999 -9999 -9999 -9999 -9999 -9999 8.7397E-1 3.57533E-1 3.57533E-1 9.93147E-2 1.98629E-2 9.93147E-2 9.93147E-2 9.93147E-2 1.98629E-2 -7.89472E-1 1.98629E-2 -1.84211E0 1.98629E-2 3.3767E-1 9.93147E-2 1.98629E-2 -1.57894E0 3.57533E-1 1.98629E-2 9.93147E-2 9.93147E-2 1.48972E0 5.48217E0 5.95888E0 7.03148E0 2.38355E0 1.58904E-1
-9999 -9999 -9999 -9999 -9999 -9999 -9999 -9999 -9999 -9999 -9999 -9999 -9999 -9999 -9999 -9999 -9999 -9999 -9999 -9999 -9999 -9999 -9999 -9999 -9999 -9999 2.58218E0 3.07876E0 1.48972E0 3.07876E0 1.48972E0 1.48972E0 -9999 -9999 -9999 -9999 -9999 -9999 -9999 -9999 -9999 8.7397E-1 3.57533E-1 9.93147E-2 1.98629E-2 1.98629E-2 1.98629E-2 1.98629E-2 1.98629E-2 -2.36843E0 -1.31579E0 -1.31579E0 -1.11987E0 7.94518E-2 1.98629E-1 -1.84211E0 -7.89472E-1 9.93147E-2 1.98629E-2 3.57533E-1 8.7397E-1 3.07876E0 3.77396E0 5.95888E0 5.48217E0 1.01301E0 5.363E-1
-9999 -9999 -9999 -9999 -9999 -9999 -9999 -9999 -9999 -9999 -9999 -9999 -9999 -9999 -9999 -9999 -9999 -9999 -9999 -9999 -9999 -9999 -9999 -9999 -9999 -9999 -9999 2.44314E0 3.07876E0 1.48972E0 3.07876E0 3.07876E0 -9999 -9999 -9999 -9999 -9999 -9999 -9999 1.48972E0 -9999 1.48972E0 3.57533E-1 9.93147E-2 1.98629E-2 1.98629E-2 -2.63154E-1 -7.89472E-1 -2.63154E-1 -1.84211E0 -2.63154E-1 -3.56017E0 7.94518E-2 1.98629E-2 1.58904E-1 9.93147E-2 9.93147E-2 -1.05264E0 -1.84211E0 8.7397E-1 2.04588E0 1.48972E0 2.78081E0 2.78081E0 1.74794E0 4.56848E-1 1.98629E-1
-9999 -9999 -9999 -9999 -9999 -9999 -9999 -9999 -9999 -9999 -9999 -9999 -9999 -9999 -9999 -9999 -9999 -9999 -9999 -9999 -9999 -9999 -9999 -9999 -9999 -9999 -9999 -9999 2.76095E0 2.58218E0 3.29725E0 3.07876E0 -9999 -9999 -9999 -9999 -9999 -9999 -9999 3.07876E0 -9999 -9999 8.7397E-1 9.93147E-2 1.98629E-2 1.98629E-2 1.98629E-2 1.98629E-2 1.98629E-2 1.98629E-2 1.98629E-2 -1.11987E0 -1.72995E0 -1.11987E0 9.93147E-2 1.98629E-2 9.93147E-2 9.93147E-2 9.93147E-2 8.7397E-1 1.41027E0 1.48972E0 1.74794E0 1.13219E0 1.74794E0 1.98629E-1 9.93147E-2
-9999 -9999 -9999 -9999 -9999 -9999 -9999 -9999 -9999 -9999 -9999 -9999 -9999 -9999 -9999 -9999 -9999 -9999 -9999 -9999 -9999 -9999 -9999 -9999 -9999 -9999 -9999 -9999 2.04588E0 2.44314E0 3.43629E0 5.89929E0 3.07876E0 3.07876E0 2.97944E0 -9999 -9999 -9999 -9999 -9999 -9999 -9999 -9999 3.57533E-1 3.57533E-1 9.93147E-2 1.98629E-2 1.98629E-2 1.98629E-2 1.98629E-2 1.98629E-2 1.98629E-2 9.93147E-2 9.93147E-2 1.98629E-2 1.98629E-2 -1.84211E0 8.7397E-1 8.7397E-1 8.7397E-1 1.13219E0 2.04588E0 1.01301E0 5.363E-1 1.74794E0 9.93147E-2 1.98629E-2
-9999 -9999 -9999 -9999 -9999 -9999 -9999 -9999 -9999 -9999 -9999 -9999 -9999 -9999 -9999 -9999 -9999 -9999 -9999 -9999 -9999 -9999 -9999 -9999 -9999 -9999 -9999 -9999 -9999 -9999 3.43629E0 6.61436E0 6.61436E0 3.07876E0 1.48972E0 -9999 -9999 -9999 -9999 -9999 -9999 -9999 -9999 -9999 8.7397E-1 9.93147E-2 9.93147E-2 9.93147E-2 3.57533E-1 9.93147E-2 9.93147E-2 9.93147E-2 1.98629E-2 1.98629E-2 -7.89472E-1 9.93147E-2 -4.73684E0 9.93147E-2 1.13219E0 1.13219E0 9.13696E-1 1.74794E0 6.35614E-1 1.98629E-1 1.13219E0 6.35614E-1 7.94518E-2
-9999 -9999 -9999 -9999 -9999 -9999 -9999 -9999 -9999 -9999 -9999 -9999 -9999 -9999 -9999 -9999 -9999 -9999 -9999 -9999 -9999 -9999 -9999 -9999 -9999 -9999 -9999 -9999 -9999 -9999 2.93972E0 6.0582E0 6.61436E0 6.61436E0 3.07876E0 1.48972E0 -9999 -9999 -9999 -9999 -9999 -9999 -9999 -9999 -9999 8.7397E-1 9.93147E-2 9.93147E-2 3.57533E-1 9.93147E-2 1.98629E-2 1.98629E-2 1.98629E-2 1.98629E-2 -1.31579E0 1.98629E-2 -4.73684E0 9.93147E-2 3.57533E-1 1.74794E0 6.35614E-1 6.35614E-1 6.35614E-1 9.13696E-1 9.13696E-1 9.13696E-1 4.56848E-1
-9999 -9999 -9999 -9999 -9999 -9999 -9999 -9999 -9999 -9999 -9999 -9999 -9999 -9999 -9999 -9999 -9999 -9999 -9999 -9999 -9999 -9999 -9999 -9999 -9999 -9999 -9999 -9999 -9999 -9999 2.3041E0 3.49588E0 5.48217E0 3.07876E0 3.07876E0 1.48972E0 -9999 -9999 -9999 -9999 -9999 -9999 -9999 -9999 -9999 -9999 3.57533E-1 3.57533E-1 3.57533E-1 9.93147E-2 1.98629E-2 9.93147E-2 1.98629E-2 1.98629E-2 -2.89473E0 -5.26318E-1 -1.31579E0 -2.63154E-1 1.98629E-2 2.04588E0 2.38355E0 2.38355E0 2.38355E0 3.19793E0 1.74794E0 1.74794E0 1.01301E0
-9999 -9999 -9999 -9999 -9999 -9999 -9999 -9999 -9999 -9999 -9999 -9999 -9999 -9999 -9999 -9999 -9999 -9999 -9999 -9999 -9999 -9999 -9999 -9999 -9999 -9999 -9999 -9999 -9999 -9999 2.3041E0 3.07876E0 3.49588E0 1.48972E0 1.48972E0 1.48972E0 8.7397E-1 -9999 -9999 -9999 -9999 -9999 -9999 -9999 -9999 -9999 -9999 8.7397E-1 3.57533E-1 3.57533E-1 9.93147E-2 9.93147E-2 1.98629E-2 -5.26318E-1 -2.10526E0 -1.84211E0 -7.89472E-1 1.98629E-2 9.93147E-2 2.78081E0 3.07876E0 1.48972E0 1.48972E0 1.48972E0 3.19793E0 1.41027E0 2.04588E0
-9999 -9999 -9999 -9999 -9999 -9999 -9999 -9999 -9999 -9999 -9999 -9999 -9999 -9999 -9999 -9999 -9999 -9999 -9999 -9999 -9999 -9999 -9999 -9999 -9999 -9999 -9999 -9999 -9999 2.10547E0 2.44314E0 2.93972E0 2.97944E0 1.48972E0 8.7397E-1 1.48972E0 8.7397E-1 -9999 -9999 -9999 -9999 -9999 -9999 -9999 -9999 -9999 -9999 -9999 -9999 -9999 -9999 3.57533E-1 3.57533E-1 1.98629E-2 1.98629E-2 1.98629E-2 1.98629E-2 1.98629E-2 9.93147E-2 8.7397E-1 1.48972E0 9.93147E-2 1.48972E0 1.48972E0 2.78081E0 2.78081E0 1.74794E0
-9999 -9999 -9999 -9999 -9999 -9999 -9999 -9999 -9999 -9999 -9999 -9999 -9999 -9999 -9999 -9999 -9999 -9999 -9999 -9999 -9999 -9999 -9999 -9999 -9999 -9999 -9999 -9999 -9999 -9999 -9999 2.74109E0 1.48972E0 1.48972E0 1.48972E0 1.48972E0 3.57533E-1 -9999 -9999 -9999 -9999 -9999 -9999 -9999 -9999 -9999 -9999 -9999 -9999 -9999 -9999 9.93147E-2 3.57533E-1 1.98629E-2 1.98629E-2 1.98629E-2 1.98629E-2 9.93147E-2 1.98629E-2 3.57533E-1 3.57533E-1 3.57533E-1 5.97875E0 3.07876E0 5.97875E0 4.78697E0 1.41027E0
-9999 -9999 -9999 -9999 -9999 -9999 -9999 -9999 -9999 -9999 -9999 -9999 -9999 -9999 -9999 -9999 -9999 -9999 -9999 -9999 -9999 -9999 -9999 -9999 -9999 -9999 3.07876E0 2.54246E0 2.44314E0 -9999 -9999 2.66163E0 1.48972E0 8.7397E-1 8.7397E-1 1.48972E0 8.7397E-1 3.57533E-1 8.7397E-1 -9999 -9999 -9999 -9999 -9999 -9999 -9999 -9999 -9999 -9999 -9999 -9999 3.57533E-1 9.93147E-2 9.93147E-2 1.98629E-2 1.98629E-2 9.93147E-2 1.98629E-2 -7.89472E-1 9.93147E-2 1.98629E-2 3.57533E-1 8.7397E-1 3.57533E-1 3.07876E0 2.78081E0 2.04588E0
