Leopardus braccatus/Leopardus_braccatus_projection 2041-2060.asc
ncols         515
nrows         545
xllcorner     -119.0
yllcorner     -58.333333333333
cellsize      0.166666666667
NODATA_value  -9999
[rows 290 to 318 of 545, columns 264 to 329 of 515]
-9999 -9999 -9999 -9999 -9999 -9999 1.07682E-4 9.91912E-6 6.27888E-5 9.42909E-6 3.8979E-5 6.47798E-4 1.92191E-5 2.60764E-6 2.16296E-5 1.70942E-4 3.32442E-6 1.61003E-6 1.6667E-6 1.91231E-6 2.24379E-6 1.37702E-6 8.78302E-7 1.52405E-6 3.98416E-6 2.30746E-5 1.10594E-4 1.30653E-4 3.58269E-4 1.02047E-3 6.73882E-3 6.97699E-2 2.92671E-1 2.90316E-1 1.83027E-1 1.38793E-1 1.04724E-1 1.26305E-2 1.45203E-3 8.86456E-4 1.43392E-2 4.31744E-1 6.66548E-1 5.24866E-1 5.12574E-1 5.57297E-1 3.88925E-1 3.89827E-1 1.64786E-1 1.78064E-1 7.48872E-2 2.0644E-2 1.35509E-2 1.1056E-2 9.17096E-3 8.0978E-3 6.84709E-3 6.42059E-3 6.05271E-3 6.15499E-3 6.79243E-3 7.79666E-3 1.22508E-2 2.01767E-2 3.76306E-2 6.52296E-2
-9999 -9999 -9999 -9999 -9999 -9999 -9999 4.54926E-3 2.42105E-3 3.22625E-4 5.37804E-4 1.97104E-5 8.8595E-6 1.97046E-5 4.01064E-4 2.85647E-3 2.76809E-5 5.13115E-6 4.25748E-6 2.5992E-6 1.87647E-6 3.45824E-7 1.14831E-6 1.99316E-6 3.27126E-6 1.80829E-5 8.49766E-5 1.00982E-4 1.36181E-4 7.22302E-4 1.89981E-3 1.21627E-2 5.17799E-2 2.77044E-1 1.75404E-1 1.49465E-1 8.85131E-2 5.08946E-3 1.22954E-3 3.34489E-4 9.97306E-4 6.26112E-2 5.52329E-1 6.80694E-1 6.14719E-1 6.36171E-1 5.67373E-1 5.06004E-1 3.33528E-1 1.99861E-1 1.65433E-1 4.11807E-2 1.20117E-2 7.87099E-3 5.69167E-3 4.4134E-3 3.53912E-3 3.22054E-3 2.9765E-3 2.93267E-3 3.16081E-3 3.71494E-3 6.44802E-3 1.08819E-2 2.26207E-2 4.69159E-2
-9999 -9999 -9999 -9999 -9999 -9999 -9999 -9999 -9999 -9999 2.7902E-2 6.4756E-3 1.05202E-3 1.5453E-3 6.26569E-3 7.81498E-3 3.01997E-3 2.65998E-4 1.28869E-5 1.01729E-5 6.09118E-6 1.04072E-6 6.30404E-7 1.21142E-6 2.63949E-6 2.31306E-5 2.40137E-5 4.72197E-5 7.40426E-5 3.51882E-4 1.24988E-3 3.73047E-3 1.39762E-2 6.25436E-2 1.52524E-1 8.39846E-2 9.22941E-2 5.96841E-2 4.753E-3 3.33614E-4 1.94011E-4 9.1093E-4 8.22421E-2 6.55709E-1 7.94671E-1 6.96113E-1 7.65744E-1 7.10961E-1 5.19159E-1 3.95085E-1 1.99618E-1 1.14245E-1 2.83512E-2 5.7622E-3 3.35441E-3 2.41817E-3 1.82677E-3 1.51706E-3 1.43568E-3 1.39937E-3 1.43551E-3 1.8863E-3 3.21253E-3 6.84572E-3 1.68798E-2 3.85534E-2
-9999 -9999 -9999 -9999 -9999 -9999 -9999 -9999 -9999 -9999 -9999 -9999 3.71988E-2 3.33537E-2 4.33473E-2 3.64571E-2 2.97525E-2 8.55169E-3 6.70215E-4 3.91908E-5 1.05679E-5 5.67344E-6 1.72011E-6 9.80807E-7 3.20433E-6 3.21375E-5 9.86231E-6 1.42798E-5 3.05314E-5 1.07527E-4 3.14223E-4 7.2216E-4 2.03925E-3 3.28783E-3 8.48438E-3 1.59881E-2 5.69291E-2 1.30581E-2 9.73482E-4 1.98428E-4 1.03579E-4 1.49911E-4 3.39271E-4 1.05237E-1 7.66455E-1 7.7422E-1 8.42014E-1 2.71272E-1 3.02226E-1 5.14545E-1 3.09179E-1 1.80556E-1 7.58279E-2 1.05876E-2 2.29358E-3 1.211E-3 8.48576E-4 7.12883E-4 7.33052E-4 7.33348E-4 6.6654E-4 8.66212E-4 1.91224E-3 4.76322E-3 1.26153E-2 3.31132E-2
-9999 -9999 -9999 -9999 -9999 -9999 -9999 -9999 -9999 -9999 -9999 -9999 -9999 -9999 5.4463E-2 6.94235E-2 7.54329E-2 3.45421E-2 2.21333E-3 4.86313E-5 3.00706E-6 2.9962E-6 2.91411E-6 5.81455E-6 4.26754E-6 3.33541E-5 9.79468E-6 8.76396E-6 1.6509E-5 3.90366E-5 8.67738E-5 2.0116E-4 3.73015E-4 9.56271E-4 2.18691E-3 3.90535E-3 1.49666E-2 1.37223E-3 3.56266E-4 9.049E-5 5.09223E-5 9.69685E-4 3.04969E-4 5.42284E-4 8.67783E-2 5.94261E-1 6.63035E-1 1.06013E-1 5.37508E-3 2.84503E-1 1.27884E-1 1.35537E-1 9.18667E-2 4.86151E-2 5.41382E-3 6.88804E-4 4.05018E-4 3.44622E-4 4.93142E-4 5.21105E-4 3.24409E-4 3.94774E-4 1.20722E-3 3.79099E-3 1.13124E-2 2.93843E-2
-9999 -9999 -9999 -9999 -9999 -9999 -9999 -9999 -9999 -9999 -9999 -9999 -9999 -9999 -9999 -9999 6.03275E-2 5.89316E-2 2.11939E-2 1.42613E-3 2.25319E-5 4.52835E-6 4.08048E-6 1.22692E-5 2.10556E-5 2.73109E-5 6.00834E-6 3.29475E-6 1.33602E-5 1.51898E-5 3.42734E-5 7.26851E-5 9.69878E-5 2.29611E-4 4.46822E-4 2.89224E-4 5.90401E-4 3.02549E-4 1.27413E-4 6.0405E-5 3.74569E-5 1.31569E-4 2.62136E-3 1.09045E-2 1.56168E-2 3.30911E-3 7.83462E-2 3.99087E-2 3.81336E-3 1.23192E-1 2.11022E-3 1.30624E-2 1.00101E-1 5.99661E-2 1.65841E-2 1.57364E-3 2.25785E-4 1.49891E-4 3.99529E-4 5.42761E-4 3.09966E-4 3.59063E-4 1.24168E-3 3.97489E-3 1.22463E-2 3.3183E-2
-9999 -9999 -9999 -9999 -9999 -9999 -9999 -9999 -9999 -9999 -9999 -9999 -9999 -9999 -9999 -9999 -9999 4.68934E-2 6.67134E-2 1.81924E-2 3.53731E-3 1.43683E-4 2.3067E-5 4.64982E-6 4.28093E-6 5.67824E-6 3.27565E-6 2.7449E-6 2.99776E-6 8.43526E-6 1.21203E-5 2.90785E-5 3.72049E-5 1.15781E-4 1.44441E-4 1.10355E-4 1.39321E-4 1.41915E-4 1.16696E-4 4.86567E-5 3.36514E-5 3.61E-5 2.7342E-4 8.67072E-3 4.16341E-4 4.35399E-5 1.13587E-3 2.01725E-2 2.46725E-2 1.09684E-2 1.02017E-4 2.04256E-4 2.00635E-2 2.37291E-2 3.18326E-2 5.30136E-3 8.52053E-4 1.70417E-4 3.44211E-4 6.19738E-4 6.236E-4 9.15763E-4 2.20314E-3 6.18167E-3 1.69691E-2 4.2562E-2
-9999 -9999 -9999 -9999 -9999 -9999 -9999 -9999 -9999 -9999 -9999 -9999 -9999 -9999 -9999 -9999 -9999 -9999 -9999 1.78193E-2 2.64937E-2 2.56064E-3 1.26099E-4 1.79128E-5 5.16791E-6 3.87392E-6 4.07132E-6 2.55271E-6 3.01229E-6 4.24235E-6 3.46621E-6 7.18581E-6 1.40445E-5 2.85857E-5 9.77838E-5 8.11089E-5 1.07751E-4 8.73299E-5 8.79795E-5 3.43441E-5 2.04415E-5 1.85998E-5 2.03456E-5 1.18292E-4 3.50907E-4 1.87183E-5 1.76235E-5 1.73762E-3 7.2526E-3 7.15689E-3 5.63588E-4 7.18418E-5 5.39706E-5 4.34846E-3 4.78172E-2 1.09899E-2 3.7984E-3 1.06712E-3 1.01676E-3 1.06985E-3 1.26175E-3 2.21733E-3 4.48188E-3 1.04676E-2 2.54383E-2 5.65716E-2
-9999 -9999 -9999 -9999 -9999 -9999 -9999 -9999 -9999 -9999 -9999 -9999 -9999 -9999 -9999 -9999 -9999 -9999 -9999 -9999 -9999 3.63478E-2 1.63082E-3 2.22183E-4 2.94181E-5 3.50545E-6 3.60819E-6 3.41557E-6 4.44384E-6 3.86078E-6 1.75905E-6 2.8595E-6 6.36514E-6 1.37783E-5 4.56382E-5 6.62092E-5 5.62546E-5 4.98955E-5 7.03921E-5 3.88026E-5 1.51009E-5 1.69808E-5 8.67214E-6 4.57062E-6 6.90817E-6 4.83643E-6 3.52585E-6 1.6649E-5 1.03797E-3 9.75108E-4 5.68594E-4 8.25813E-5 2.09192E-4 1.16338E-4 3.02319E-3 6.08742E-3 2.23052E-2 5.15653E-3 1.77659E-3 4.79066E-3 6.64852E-3 9.65424E-3 1.17236E-2 2.00529E-2 4.17223E-2 7.9739E-2
-9999 -9999 -9999 -9999 -9999 -9999 -9999 -9999 -9999 -9999 -9999 -9999 -9999 -9999 -9999 -9999 -9999 -9999 -9999 -9999 -9999 -9999 1.79433E-2 5.07812E-3 7.31488E-4 1.60647E-4 3.89894E-5 8.97329E-6 5.74354E-6 7.91493E-6 1.91004E-6 1.77051E-6 3.23137E-6 6.76745E-6 1.64769E-5 2.9503E-5 4.75764E-5 4.32663E-5 4.46859E-5 3.34642E-5 2.65333E-5 1.57042E-5 3.59939E-6 2.26345E-6 1.94819E-6 1.70777E-6 2.93274E-6 5.56448E-6 3.96247E-5 1.17441E-4 1.80308E-4 8.80939E-4 2.07997E-3 3.05088E-3 6.4263E-4 3.06537E-4 3.87959E-4 3.78795E-3 9.89495E-3 1.8119E-2 2.67179E-2 8.88592E-2 1.34305E-1 1.35543E-1 1.35275E-1 1.45404E-1
-9999 -9999 -9999 -9999 -9999 -9999 -9999 -9999 -9999 -9999 -9999 -9999 -9999 -9999 -9999 -9999 -9999 -9999 -9999 -9999 -9999 -9999 2.82692E-2 5.97896E-2 5.77566E-2 2.90205E-2 2.04849E-3 3.75291E-4 3.7464E-6 1.80682E-6 2.38414E-6 1.18694E-6 1.38722E-6 1.94521E-6 7.89918E-6 2.8361E-5 3.03289E-5 2.00022E-5 1.86495E-5 1.36942E-5 1.31316E-5 7.11013E-6 2.5488E-6 9.12005E-7 1.55162E-6 1.63031E-6 2.37653E-6 3.49963E-6 5.11744E-6 2.09395E-5 1.94421E-4 1.52936E-3 2.54249E-3 3.29095E-3 4.27356E-3 9.9746E-4 1.27105E-4 7.99772E-4 2.25958E-3 8.04052E-3 2.55897E-2 8.52838E-2 5.12465E-1 4.35142E-1 5.14328E-1 5.63916E-1
-9999 -9999 -9999 -9999 -9999 -9999 -9999 -9999 -9999 -9999 -9999 -9999 -9999 -9999 -9999 -9999 -9999 -9999 -9999 -9999 -9999 -9999 -9999 3.561E-2 6.48529E-2 7.85806E-2 6.53977E-2 4.68537E-2 6.12679E-4 1.02463E-5 1.01708E-6 5.50522E-7 7.52443E-7 1.37522E-6 2.59302E-6 3.74309E-6 6.51179E-6 4.47248E-6 5.60194E-6 4.74165E-6 3.74626E-6 4.93163E-6 2.33505E-6 6.41114E-7 7.52518E-7 1.16998E-6 1.72584E-6 2.42885E-6 3.36108E-6 7.8368E-6 3.96077E-5 3.8046E-4 2.44408E-3 2.00089E-3 1.38241E-3 3.14162E-4 2.51076E-4 1.87397E-3 3.08333E-3 3.07466E-3 7.00275E-3 2.89687E-2 8.44212E-2 7.40076E-2 1.48092E-1 3.62038E-1
-9999 -9999 -9999 -9999 -9999 -9999 -9999 -9999 -9999 -9999 -9999 -9999 -9999 -9999 -9999 -9999 -9999 -9999 -9999 -9999 -9999 -9999 -9999 -9999 -9999 4.27746E-2 3.82416E-2 8.90688E-2 6.18935E-2 9.45483E-4 6.70981E-7 2.93992E-7 2.45269E-7 5.49484E-7 8.18494E-7 7.01647E-7 1.14416E-6 1.81688E-6 2.34386E-6 1.99888E-6 1.35183E-6 1.44786E-6 1.70087E-6 8.20673E-7 4.10011E-7 9.28103E-7 1.15637E-6 2.7762E-6 2.9071E-6 2.47929E-6 1.02465E-5 8.66678E-5 3.28813E-4 2.18467E-3 8.24753E-3 1.98774E-3 1.68227E-3 3.9402E-3 5.23319E-3 7.4661E-3 1.11124E-2 1.45276E-2 2.60761E-2 3.13071E-2 8.75528E-2 2.23528E-1
-9999 -9999 -9999 -9999 -9999 -9999 -9999 -9999 -9999 -9999 -9999 -9999 -9999 -9999 -9999 -9999 -9999 -9999 -9999 -9999 -9999 -9999 -9999 -9999 -9999 -9999 1.51219E-2 3.17491E-2 5.32315E-2 1.53162E-2 1.02885E-6 7.10101E-8 1.92023E-7 1.33214E-7 1.6078E-7 2.74515E-7 4.73686E-7 9.78897E-7 8.66666E-7 6.19301E-7 8.09693E-7 5.87701E-7 5.52392E-7 5.26489E-7 4.37425E-7 6.18922E-7 6.52532E-7 4.10166E-6 1.22183E-6 1.25864E-6 6.67331E-6 2.91337E-5 7.21939E-5 4.63614E-4 9.58506E-4 8.43814E-3 6.3293E-3 5.24052E-3 5.74436E-3 8.82774E-3 1.64267E-2 2.66192E-2 3.128E-2 3.56544E-2 8.63985E-2 1.63571E-1
-9999 -9999 -9999 -9999 -9999 -9999 -9999 -9999 -9999 -9999 -9999 -9999 -9999 -9999 -9999 -9999 -9999 -9999 -9999 -9999 -9999 -9999 -9999 -9999 -9999 -9999 -9999 -9999 5.09691E-2 3.4657E-2 1.49651E-5 2.91201E-7 2.13063E-7 5.03808E-8 9.04554E-8 1.3045E-7 2.25803E-7 2.32558E-7 3.50653E-7 3.07235E-7 2.35606E-7 2.45279E-7 2.33585E-7 3.71556E-7 4.1185E-7 2.47008E-7 2.7222E-7 8.43099E-7 1.20442E-6 8.12824E-7 4.60658E-6 3.6632E-5 2.5037E-5 5.32767E-4 2.23785E-3 5.62456E-3 1.35654E-2 9.72044E-3 8.86745E-3 8.95784E-3 1.35467E-2 1.54786E-2 1.76775E-2 4.83963E-2 4.39519E-2 1.57787E-1
-9999 -9999 -9999 -9999 -9999 -9999 -9999 -9999 -9999 -9999 -9999 -9999 -9999 -9999 -9999 -9999 -9999 -9999 -9999 -9999 -9999 -9999 -9999 -9999 -9999 -9999 -9999 -9999 2.47818E-2 3.2875E-2 6.77078E-4 3.21306E-7 9.66306E-8 3.21373E-8 2.55013E-8 8.54627E-8 1.25838E-7 1.16319E-7 1.29403E-7 9.6094E-8 8.96085E-8 8.83575E-8 1.3758E-7 1.45063E-7 1.68974E-7 1.69804E-7 1.6432E-7 3.62839E-7 6.7148E-7 6.04441E-7 2.77346E-6 1.16696E-5 4.25879E-5 1.5327E-4 1.86931E-3 7.91423E-3 1.9264E-2 2.48622E-2 2.39354E-2 2.00937E-2 3.22654E-2 3.28829E-2 2.33064E-2 6.32795E-2 7.25563E-2 1.23446E-1
-9999 -9999 -9999 -9999 -9999 -9999 -9999 -9999 -9999 -9999 -9999 -9999 -9999 -9999 -9999 -9999 -9999 -9999 -9999 -9999 -9999 -9999 -9999 -9999 -9999 -9999 -9999 -9999 5.56743E-2 6.8985E-2 1.25272E-3 6.38516E-7 1.61486E-8 4.22246E-8 1.34918E-8 2.55908E-8 6.17084E-8 4.73322E-8 4.34889E-8 4.89965E-8 6.37903E-8 5.50794E-8 5.02449E-8 6.64811E-8 9.33455E-8 7.76996E-8 1.31453E-6 1.22189E-6 3.35591E-7 6.7352E-7 1.54292E-6 1.04332E-5 4.63683E-5 6.79237E-5 3.85673E-4 6.49207E-3 1.6325E-2 2.0718E-2 5.03888E-2 4.71624E-2 5.70846E-2 7.52984E-2 8.46546E-2 1.22491E-1 1.93298E-1 1.01644E-1
-9999 -9999 -9999 -9999 -9999 -9999 -9999 -9999 -9999 -9999 -9999 -9999 -9999 -9999 -9999 -9999 -9999 -9999 -9999 -9999 -9999 -9999 -9999 -9999 -9999 -9999 -9999 -9999 8.28751E-2 8.00698E-2 2.99722E-3 8.51998E-6 4.4909E-8 1.42692E-8 9.9862E-9 1.33599E-8 2.15979E-8 1.92512E-8 1.97835E-8 2.36286E-8 4.97059E-8 3.39667E-8 3.33116E-8 4.44747E-8 9.2823E-8 1.42143E-7 1.17101E-6 1.22805E-5 1.15813E-6 1.49559E-6 1.00183E-6 4.82221E-6 2.05605E-5 3.76718E-5 7.05013E-5 6.58657E-4 3.39009E-3 1.95411E-2 5.06537E-2 6.46458E-2 4.06141E-2 4.77565E-2 7.48847E-2 1.19683E-1 2.3522E-1 1.48129E-1
-9999 -9999 -9999 -9999 -9999 -9999 -9999 -9999 -9999 -9999 -9999 -9999 -9999 -9999 -9999 -9999 -9999 -9999 -9999 -9999 -9999 -9999 -9999 -9999 -9999 -9999 -9999 -9999 1.06033E-1 7.04233E-2 6.03364E-3 8.86279E-5 6.64262E-7 1.3765E-8 7.74971E-9 6.71649E-9 8.64589E-9 1.36693E-8 2.60003E-8 1.66297E-8 2.30863E-8 2.58042E-8 2.5201E-8 2.75069E-8 3.53715E-8 6.67954E-8 1.34238E-7 5.52509E-6 1.67809E-5 1.22806E-6 5.81438E-7 3.71108E-7 1.8238E-6 2.60269E-5 9.90329E-6 2.36466E-4 2.04122E-3 1.32677E-2 5.39519E-2 6.30457E-2 4.76014E-2 4.90514E-2 5.31173E-2 9.23285E-2 2.61485E-1 2.53577E-1
-9999 -9999 -9999 -9999 -9999 -9999 -9999 -9999 -9999 -9999 -9999 -9999 -9999 -9999 -9999 -9999 -9999 -9999 -9999 -9999 -9999 -9999 -9999 -9999 -9999 -9999 -9999 -9999 -9999 8.63477E-2 3.54101E-2 3.28164E-4 3.59565E-7 5.5961E-9 3.47863E-9 5.18583E-9 2.41986E-9 4.98518E-9 9.06711E-9 1.39652E-8 3.40677E-8 1.39895E-7 3.84661E-8 2.38655E-8 2.47089E-8 3.94836E-8 8.0238E-8 1.63494E-6 1.50266E-5 9.16741E-7 2.63341E-7 2.47295E-7 1.10286E-6 6.14682E-6 7.14857E-5 1.67697E-4 4.61602E-3 2.07234E-2 5.5041E-2 5.11147E-2 3.70228E-2 4.69859E-2 8.20909E-2 1.05658E-1 1.85066E-1 2.78931E-1
-9999 -9999 -9999 -9999 -9999 -9999 -9999 -9999 -9999 -9999 -9999 -9999 -9999 -9999 -9999 -9999 -9999 -9999 -9999 -9999 -9999 -9999 -9999 -9999 -9999 -9999 -9999 -9999 -9999 9.05401E-2 6.11556E-2 3.88589E-3 3.64849E-6 2.55483E-8 2.3653E-9 1.97811E-9 2.46926E-9 2.85833E-9 4.36131E-9 2.87875E-8 3.57142E-7 6.99899E-7 3.71659E-8 1.8893E-8 1.78921E-8 2.16843E-8 4.29125E-8 1.32391E-7 2.42721E-7 4.61097E-7 9.17932E-8 1.68251E-7 1.10627E-6 4.76338E-6 9.68867E-6 7.15581E-4 1.43195E-3 2.05216E-2 5.03482E-2 4.5647E-2 4.07231E-2 3.66386E-2 8.50915E-2 1.71054E-1 2.45338E-1 3.13467E-1
-9999 -9999 -9999 -9999 -9999 -9999 -9999 -9999 -9999 -9999 -9999 -9999 -9999 -9999 -9999 -9999 -9999 -9999 -9999 -9999 -9999 -9999 -9999 -9999 -9999 -9999 -9999 -9999 -9999 7.69E-2 5.89389E-2 4.57997E-3 4.64417E-5 2.50946E-7 9.39161E-9 1.73644E-9 1.23869E-9 1.48783E-9 3.10139E-9 4.95997E-8 9.34746E-7 2.6093E-6 6.75688E-7 6.91194E-8 2.46556E-8 2.13405E-8 4.07282E-8 6.53243E-8 9.04969E-8 2.16988E-7 5.10175E-8 3.87421E-8 2.02395E-7 3.21515E-6 3.84814E-5 3.39527E-4 1.5489E-4 4.38144E-3 3.853E-2 4.66488E-2 1.04817E-1 5.8253E-2 1.06024E-1 2.82103E-1 3.90959E-1 3.82118E-1
-9999 -9999 -9999 -9999 -9999 -9999 -9999 -9999 -9999 -9999 -9999 -9999 -9999 -9999 -9999 -9999 -9999 -9999 -9999 -9999 -9999 -9999 -9999 -9999 -9999 -9999 -9999 -9999 -9999 7.07922E-2 6.48316E-2 1.17618E-2 3.0059E-4 3.54924E-6 3.21618E-8 6.62033E-10 5.98671E-10 7.74893E-10 1.46456E-9 2.69553E-9 4.77149E-8 6.82022E-8 1.93992E-8 1.0155E-8 1.69588E-8 1.98958E-8 1.79219E-8 3.17171E-8 4.35973E-8 7.67727E-8 6.31585E-8 3.36888E-8 4.96916E-8 3.3094E-7 1.02767E-5 2.53028E-5 2.6225E-4 3.24372E-3 1.54591E-2 4.72272E-3 3.50349E-2 6.27074E-2 4.7436E-2 3.63276E-1 4.98915E-1 5.16941E-1
-9999 -9999 -9999 -9999 -9999 -9999 -9999 -9999 -9999 -9999 -9999 -9999 -9999 -9999 -9999 -9999 -9999 -9999 -9999 -9999 -9999 -9999 -9999 -9999 -9999 -9999 -9999 -9999 -9999 4.43649E-2 3.31429E-2 2.52961E-2 1.62819E-3 8.33651E-6 5.44683E-8 1.21494E-9 4.52598E-10 6.87331E-10 6.35889E-10 6.37847E-10 1.24665E-9 7.54886E-9 1.24439E-8 8.6059E-9 6.9643E-8 1.33894E-6 1.37106E-7 2.17171E-8 2.66308E-8 1.77082E-8 3.02179E-8 3.52024E-8 9.76762E-8 4.6672E-7 3.99058E-6 5.43586E-6 7.624E-5 3.6201E-3 7.90651E-3 1.99126E-3 3.23118E-2 1.20833E-1 8.07567E-2 4.63197E-1 5.49369E-1 5.59201E-1
-9999 -9999 -9999 -9999 -9999 -9999 -9999 -9999 -9999 -9999 -9999 -9999 -9999 -9999 -9999 -9999 -9999 -9999 -9999 -9999 -9999 -9999 -9999 -9999 -9999 -9999 -9999 -9999 -9999 3.35683E-2 4.78249E-2 2.99176E-2 7.9012E-3 2.96109E-5 1.04984E-7 2.10594E-9 2.219E-10 1.5617E-10 2.10166E-10 5.24169E-10 3.46373E-9 2.55902E-6 6.04122E-6 1.78872E-6 1.68965E-6 7.44899E-6 4.21216E-6 1.53767E-8 1.23143E-8 2.30491E-8 3.49711E-8 7.88053E-8 1.16387E-6 4.15188E-6 6.57458E-6 9.15115E-5 4.39804E-4 1.16316E-3 3.14117E-3 1.10751E-2 1.04662E-2 5.51469E-2 1.06408E-1 2.19817E-1 5.20772E-1 5.78837E-1
-9999 -9999 -9999 -9999 -9999 -9999 -9999 -9999 -9999 -9999 -9999 -9999 -9999 -9999 -9999 -9999 -9999 -9999 -9999 -9999 -9999 -9999 -9999 -9999 -9999 -9999 -9999 -9999 -9999 2.52392E-2 6.96166E-2 6.38646E-2 2.69937E-2 2.01884E-4 3.80484E-7 1.42312E-9 1.04314E-10 9.20529E-11 1.14363E-10 3.31442E-10 1.88589E-9 2.40372E-6 8.70731E-6 8.15462E-6 9.51837E-6 9.52738E-6 7.63542E-6 3.14962E-8 5.08223E-9 1.97294E-8 6.31735E-8 2.9353E-7 1.60342E-6 1.31609E-5 1.95921E-5 1.17908E-4 6.72372E-4 1.28502E-3 1.13171E-3 6.87124E-3 1.79531E-3 2.32504E-3 2.10638E-1 1.18052E-1 5.11999E-1 5.76003E-1
-9999 -9999 -9999 -9999 -9999 -9999 -9999 -9999 -9999 -9999 -9999 -9999 -9999 -9999 -9999 -9999 -9999 -9999 -9999 -9999 -9999 -9999 -9999 -9999 -9999 -9999 -9999 -9999 -9999 2.94313E-2 1.05211E-1 8.56093E-2 3.53781E-2 1.4E-3 1.56856E-6 8.65717E-10 8.17696E-11 1.04168E-10 1.72744E-10 1.71011E-9 1.01435E-8 1.62184E-6 4.59349E-7 7.7663E-6 8.176E-6 8.70361E-6 2.84055E-6 2.01084E-6 3.00896E-9 2.00458E-8 8.5891E-8 2.79511E-7 1.21054E-6 4.35705E-6 2.2754E-5 4.03376E-4 1.1172E-3 2.23682E-3 9.71567E-4 2.58318E-3 3.09762E-3 2.57733E-2 2.74118E-1 1.50167E-1 4.98376E-1 5.41053E-1
-9999 -9999 -9999 -9999 -9999 -9999 -9999 -9999 -9999 -9999 -9999 -9999 -9999 -9999 -9999 -9999 -9999 -9999 -9999 -9999 -9999 -9999 -9999 -9999 -9999 -9999 -9999 -9999 -9999 7.07336E-2 1.46443E-1 7.99333E-2 3.15571E-2 9.15786E-3 8.6417E-6 8.91104E-10 5.22093E-11 8.10998E-11 3.32681E-10 4.31571E-10 8.45148E-9 2.96402E-7 2.3521E-9 9.03328E-7 7.81094E-6 8.8486E-6 7.72845E-6 4.294E-6 3.97852E-8 1.12899E-8 3.89781E-8 1.35536E-7 9.40049E-7 4.00456E-6 1.61067E-5 3.87731E-4 1.71401E-3 2.40787E-3 3.31969E-4 2.95864E-3 3.54123E-3 1.05362E-1 2.68492E-1 3.70683E-1 4.95415E-1 5.07938E-1
-9999 -9999 -9999 -9999 -9999 -9999 -9999 -9999 -9999 -9999 -9999 -9999 -9999 -9999 -9999 -9999 -9999 -9999 -9999 -9999 -9999 -9999 -9999 -9999 -9999 -9999 -9999 -9999 -9999 9.65588E-2 1.57693E-1 9.60397E-2 5.29338E-2 1.40554E-2 6.51416E-5 1.28804E-8 1.20646E-10 6.43946E-11 7.08789E-11 8.42094E-11 1.9749E-10 9.43393E-10 3.28588E-9 1.05386E-9 4.06695E-7 8.64015E-6 6.43222E-6 2.24538E-7 2.17638E-9 3.80574E-9 1.37363E-8 1.08297E-7 5.47936E-7 3.46047E-6 2.20029E-5 1.53222E-4 1.39927E-3 1.75903E-3 1.90295E-3 2.96974E-3 2.06101E-3 6.84223E-2 1.08218E-1 3.04803E-1 5.26182E-1 4.97687E-1
