Leopardus braccatus/Leopardus_braccatus.asc
ncols         515
nrows         545
xllcorner     -119.0
yllcorner     -58.333333333333
cellsize      0.166666666667
NODATA_value  -9999
[rows 406 to 434 of 545, columns 264 to 329 of 515]
-9999 -9999 -9999 -9999 -9999 -9999 -9999 -9999 -9999 -9999 -9999 -9999 -9999 -9999 -9999 3.57648E-4 4.70172E-4 3.40365E-4 1.40411E-4 1.70591E-4 6.21251E-5 4.31387E-5 2.39726E-5 2.74461E-5 2.15188E-5 8.47885E-6 8.49694E-6 4.61378E-6 4.94559E-6 2.13103E-6 2.01053E-6 3.11529E-6 3.67984E-6 4.96823E-6 3.85407E-6 6.50785E-6 8.47694E-6 4.63052E-6 6.11813E-6 1.49865E-5 5.1606E-5 2.42206E-5 4.11874E-5 3.94714E-5 3.75977E-5 2.20048E-5 1.91482E-5 1.72899E-5 1.42997E-5 1.4541E-5 1.49147E-5 1.78501E-5 1.80712E-5 1.86959E-5 1.8791E-5 2.32238E-5 4.3591E-5 5.37054E-5 1.4193E-4 1.85808E-4 2.86275E-4 3.71638E-4 4.5461E-4 1.19406E-3 1.76518E-3 2.21206E-3
-9999 -9999 -9999 -9999 -9999 -9999 -9999 -9999 -9999 -9999 -9999 -9999 -9999 -9999 2.01454E-3 7.50197E-4 4.45539E-4 3.28887E-4 2.5779E-4 1.81201E-4 1.54646E-4 5.85083E-5 3.75889E-5 3.15825E-5 1.54463E-5 6.13797E-6 4.17065E-6 3.54294E-6 3.21426E-6 1.3687E-6 1.06985E-6 3.2946E-6 3.90083E-6 4.45658E-6 4.85643E-6 8.91646E-6 6.11488E-6 6.04614E-6 3.53236E-6 1.00492E-5 2.88603E-5 3.06082E-5 4.077E-5 3.27623E-5 2.22444E-5 2.08047E-5 1.90411E-5 1.64974E-5 1.40599E-5 1.41505E-5 1.47173E-5 1.70687E-5 1.84277E-5 1.91077E-5 2.13883E-5 2.45444E-5 4.96274E-5 5.8043E-5 1.56605E-4 1.90106E-4 2.88648E-4 3.5528E-4 4.35186E-4 6.16304E-4 1.81022E-3 2.3273E-3
-9999 -9999 -9999 -9999 -9999 -9999 -9999 -9999 -9999 -9999 -9999 -9999 -9999 -9999 1.85107E-3 6.24738E-4 5.26567E-4 3.11513E-4 2.59773E-4 2.26922E-4 1.07879E-4 7.38918E-5 5.9456E-5 3.188E-5 7.94615E-6 3.99459E-6 3.58372E-6 3.78752E-6 1.6969E-6 2.03852E-6 1.17036E-6 2.04004E-6 4.41168E-6 5.21907E-6 9.20209E-6 2.26428E-5 5.46663E-6 2.96161E-6 1.15509E-6 1.90401E-6 1.04029E-5 2.29156E-5 2.46067E-5 3.08276E-5 1.97988E-5 2.0015E-5 1.80637E-5 1.46297E-5 1.38576E-5 1.35831E-5 1.42048E-5 1.67059E-5 1.84979E-5 1.9678E-5 2.27016E-5 3.1113E-5 5.1346E-5 5.63335E-5 1.61163E-4 1.95598E-4 3.09922E-4 3.6124E-4 4.7789E-4 5.73907E-4 1.57371E-3 2.17295E-3
-9999 -9999 -9999 -9999 -9999 -9999 -9999 -9999 -9999 -9999 -9999 -9999 -9999 -9999 2.32909E-3 6.68011E-4 4.54026E-4 3.63726E-4 3.09675E-4 3.0539E-4 1.55989E-4 1.23498E-4 8.11923E-5 2.32507E-5 1.13257E-5 5.57394E-6 3.39531E-6 1.87735E-6 1.26924E-6 1.08468E-6 9.57329E-7 1.77269E-6 1.79182E-6 2.93681E-6 5.62688E-6 1.20651E-5 2.96307E-6 1.91053E-6 9.51067E-7 2.42016E-6 1.22174E-5 1.56019E-5 2.26941E-5 1.39223E-5 9.18817E-6 1.73918E-5 1.68585E-5 1.37386E-5 1.30984E-5 1.28829E-5 1.41362E-5 1.68664E-5 1.88362E-5 2.01919E-5 2.39495E-5 4.64384E-5 1.08924E-4 1.13442E-4 1.67194E-4 2.00711E-4 2.9652E-4 4.00906E-4 5.59368E-4 6.11352E-4 1.53721E-3 2.05765E-3
-9999 -9999 -9999 -9999 -9999 -9999 -9999 -9999 -9999 -9999 -9999 -9999 -9999 1.49106E-3 8.63186E-4 4.91089E-4 7.06438E-4 3.16412E-4 3.14727E-4 3.081E-4 1.13959E-4 5.81936E-5 5.57245E-5 1.14963E-5 5.2507E-6 4.95378E-6 1.90637E-6 2.03294E-6 1.29918E-6 6.11733E-7 1.31146E-6 4.71742E-6 1.25297E-6 1.28138E-6 4.17578E-6 3.55565E-6 2.54269E-6 1.32857E-6 1.41843E-6 3.37606E-6 1.04748E-5 1.36305E-5 8.84306E-6 1.32738E-5 1.14709E-5 6.50682E-6 1.49135E-5 1.24329E-5 1.20492E-5 1.22671E-5 1.38365E-5 1.50643E-5 1.89802E-5 2.12128E-5 2.54624E-5 4.78135E-5 1.09634E-4 1.35375E-4 1.64368E-4 2.01697E-4 3.33098E-4 4.3675E-4 4.93381E-4 5.47214E-4 1.53755E-3 1.9179E-3
-9999 -9999 -9999 -9999 -9999 -9999 -9999 -9999 -9999 -9999 -9999 -9999 -9999 1.3184E-3 7.78994E-4 6.75727E-4 5.86019E-4 4.0209E-4 3.28098E-4 1.18675E-4 3.26867E-5 4.89348E-5 3.24066E-5 6.82529E-6 3.24983E-6 2.87099E-6 2.63246E-6 1.75787E-6 1.09304E-6 7.91466E-7 1.11579E-6 4.63632E-6 1.17168E-6 1.31387E-6 2.91378E-6 2.46017E-6 1.80659E-6 2.8209E-6 3.42375E-6 7.58235E-6 7.8234E-6 1.19789E-5 7.74907E-6 5.5542E-6 8.57446E-6 5.79503E-6 5.49515E-6 5.56213E-6 5.18963E-6 1.23365E-5 1.35176E-5 1.522E-5 1.94292E-5 2.26469E-5 3.10555E-5 5.01486E-5 1.31585E-4 1.56147E-4 1.91136E-4 2.37328E-4 3.32672E-4 4.31925E-4 5.31007E-4 6.02079E-4 6.99795E-4 1.74519E-3
-9999 -9999 -9999 -9999 -9999 -9999 -9999 -9999 -9999 -9999 -9999 -9999 7.25697E-4 1.64283E-3 5.66299E-4 4.5995E-4 3.84625E-4 3.44468E-4 3.12064E-4 5.17682E-5 1.86305E-5 2.55744E-5 2.39955E-5 4.89747E-6 2.366E-6 3.00911E-6 2.90888E-6 1.31305E-6 1.42712E-6 8.10208E-7 9.07355E-7 1.52802E-6 3.5827E-6 1.64939E-6 1.55073E-6 1.72858E-6 2.36954E-6 5.39183E-6 4.40309E-6 1.07754E-5 7.76347E-6 9.98179E-6 7.26684E-6 5.22372E-6 8.34413E-6 5.64867E-6 1.10258E-5 4.9538E-6 5.24906E-6 6.17491E-6 1.4181E-5 1.77805E-5 2.01879E-5 2.43652E-5 4.73692E-5 1.04456E-4 1.27919E-4 1.42713E-4 1.71724E-4 2.09389E-4 3.37401E-4 4.02933E-4 4.84488E-4 6.09997E-4 8.18409E-4 8.59009E-4
-9999 -9999 -9999 -9999 -9999 -9999 -9999 -9999 -9999 -9999 -9999 -9999 3.60327E-3 1.61326E-3 1.22995E-3 1.01741E-3 5.29931E-4 3.73015E-4 1.11263E-4 3.09072E-5 1.95434E-5 2.77599E-5 1.42465E-5 3.64664E-6 2.35011E-6 2.97853E-6 2.32699E-6 1.71675E-6 7.70954E-7 5.59774E-7 6.07103E-7 3.03823E-6 5.28271E-6 6.35444E-7 3.24865E-7 1.29731E-6 7.52054E-6 4.76382E-6 9.16103E-6 8.21013E-6 6.50364E-6 9.44388E-6 6.95254E-6 5.47145E-6 4.32349E-6 7.84246E-6 5.64451E-6 1.13441E-5 1.23963E-5 1.40235E-5 1.57002E-5 1.95231E-5 2.1502E-5 2.528E-5 4.75864E-5 1.04099E-4 1.27996E-4 1.35832E-4 1.59707E-4 2.01322E-4 3.30231E-4 4.23035E-4 5.15644E-4 6.44723E-4 6.73504E-4 7.90524E-4
-9999 -9999 -9999 -9999 -9999 -9999 -9999 -9999 -9999 -9999 -9999 2.86462E-3 2.33509E-3 6.6853E-4 1.01E-3 1.19651E-3 3.85769E-4 1.68014E-4 5.56325E-5 1.99421E-5 1.5858E-5 1.85031E-5 1.25172E-5 2.99406E-6 2.4143E-6 1.63257E-6 1.0929E-6 1.46506E-6 8.54363E-7 1.88241E-6 1.34168E-6 9.34216E-6 5.76159E-6 1.97754E-6 2.8657E-6 5.3687E-6 9.00341E-6 8.56449E-6 7.89018E-6 1.63598E-5 1.34305E-5 9.03328E-6 7.39369E-6 5.71305E-6 1.10244E-5 8.36118E-6 6.03165E-6 1.56626E-5 1.65239E-5 1.46723E-5 1.6538E-5 2.091E-5 2.34681E-5 2.56134E-5 3.15269E-5 4.82636E-5 1.09059E-4 1.37082E-4 1.61537E-4 1.97282E-4 2.61769E-4 3.79862E-4 4.7087E-4 5.36575E-4 6.70474E-4 6.33095E-4
-9999 -9999 -9999 -9999 -9999 -9999 -9999 -9999 -9999 -9999 2.23037E-3 1.15611E-3 1.45871E-3 7.22156E-4 5.58516E-4 6.05278E-4 2.87432E-4 9.15098E-5 2.0135E-5 1.22227E-5 1.63135E-5 7.70194E-6 7.97436E-6 3.53091E-6 2.40979E-6 2.22797E-6 1.43516E-6 1.66649E-6 7.42867E-7 1.12776E-6 7.09017E-6 8.86335E-6 3.41919E-6 2.30567E-6 3.03669E-6 1.06038E-5 9.31742E-6 7.32485E-6 7.61206E-6 7.02636E-6 1.1177E-5 9.06109E-6 7.63037E-6 5.93952E-6 1.14882E-5 6.6174E-6 6.18726E-6 1.70733E-5 1.99857E-5 1.80708E-5 1.89504E-5 2.09265E-5 2.16248E-5 2.22991E-5 2.83535E-5 4.4453E-5 5.55629E-5 6.70469E-5 1.42869E-4 1.55156E-4 1.86634E-4 3.04162E-4 3.92882E-4 5.45914E-4 5.56134E-4 5.65837E-4
-9999 -9999 -9999 -9999 -9999 -9999 -9999 -9999 6.6366E-4 -9999 8.02173E-4 3.30717E-3 1.05063E-3 6.92055E-4 5.2943E-4 3.68531E-4 2.67542E-4 5.01203E-5 1.08884E-5 1.18126E-5 1.33611E-5 9.13385E-6 7.25902E-6 4.11591E-6 2.03189E-6 1.31891E-6 1.39332E-6 2.28312E-6 8.26602E-7 4.65088E-7 3.85982E-6 9.61282E-6 6.58236E-6 1.65335E-5 1.25109E-5 1.22039E-5 1.01724E-5 7.97624E-6 8.07392E-6 7.66938E-6 1.38811E-5 9.56733E-6 8.09389E-6 1.30872E-5 1.22756E-5 8.1137E-6 1.40629E-5 1.54781E-5 2.24774E-5 1.89681E-5 1.88483E-5 2.01481E-5 2.10651E-5 2.20053E-5 2.35197E-5 3.09207E-5 5.14976E-5 6.31434E-5 7.00309E-5 7.68221E-5 1.77846E-4 2.03603E-4 2.53689E-4 3.8029E-4 5.4029E-4 5.8075E-4
-9999 -9999 -9999 -9999 -9999 -9999 -9999 -9999 9.90204E-4 4.83219E-4 1.57329E-3 9.05735E-4 1.2005E-3 5.99127E-4 5.9847E-4 3.36149E-4 1.89818E-4 3.3797E-5 9.49732E-6 7.52798E-6 5.63312E-6 6.01249E-6 3.12127E-6 2.99494E-6 2.20069E-6 1.73933E-6 2.34683E-6 2.02084E-6 9.19936E-7 4.26747E-7 2.66852E-6 1.68981E-5 2.10889E-5 2.46233E-5 3.93312E-5 3.20839E-5 1.94537E-5 1.49267E-5 2.56737E-5 1.85894E-5 1.6317E-5 1.26339E-5 2.02147E-5 1.40715E-5 1.29566E-5 1.21437E-5 1.8106E-5 2.01793E-5 1.99445E-5 2.09272E-5 1.87749E-5 2.00652E-5 2.21623E-5 2.35227E-5 2.47145E-5 3.04818E-5 4.62062E-5 5.37986E-5 7.05096E-5 7.66156E-5 1.59491E-4 1.84904E-4 2.12937E-4 2.32221E-4 2.53707E-4 2.9675E-4
-9999 -9999 -9999 -9999 -9999 -9999 -9999 2.74715E-3 4.37748E-3 1.73024E-3 9.93589E-4 5.34661E-4 4.5297E-4 9.91666E-4 1.02376E-3 6.01847E-4 2.48328E-4 2.92492E-5 1.21889E-5 6.30616E-6 6.17108E-6 5.93475E-6 4.23877E-6 2.10097E-6 1.61861E-6 2.03272E-6 1.9671E-6 3.17733E-6 4.38857E-6 1.01719E-6 2.56183E-6 7.08864E-6 1.68608E-5 1.76618E-5 4.72888E-5 4.14501E-5 5.61974E-5 3.14717E-5 2.95441E-5 1.99781E-5 1.83258E-5 2.86711E-5 2.57024E-5 1.68221E-5 1.65477E-5 1.5175E-5 2.20206E-5 2.13399E-5 2.14985E-5 2.21912E-5 2.02492E-5 2.14048E-5 2.23042E-5 2.31871E-5 3.08898E-5 4.40212E-5 4.73134E-5 6.23012E-5 6.61247E-5 6.31989E-5 7.86477E-5 8.63498E-5 1.92025E-4 2.35903E-4 2.78768E-4 3.03876E-4
-9999 -9999 -9999 -9999 -9999 -9999 -9999 2.58134E-3 2.10608E-3 1.13803E-3 4.11151E-4 4.82963E-4 2.69331E-4 5.33309E-4 7.83205E-4 5.69132E-4 3.60998E-4 7.56063E-5 1.98318E-5 2.59959E-6 2.40127E-6 4.26306E-6 1.55923E-6 1.9362E-6 1.28491E-6 2.04031E-6 2.72316E-6 6.77538E-6 6.76979E-6 6.06347E-6 8.19785E-6 6.45131E-6 1.41506E-5 2.02623E-5 4.48828E-5 5.03518E-5 5.82717E-5 6.65578E-5 6.11635E-5 5.51008E-5 4.18271E-5 3.18805E-5 2.88599E-5 2.17126E-5 2.45945E-5 1.71495E-5 2.20595E-5 6.71211E-5 3.66883E-5 1.91755E-5 1.94795E-5 2.26216E-5 2.64542E-5 2.40015E-5 4.32242E-5 3.31362E-5 3.35104E-5 5.17163E-5 5.61397E-5 7.14182E-5 6.85477E-5 8.39308E-5 2.00889E-4 2.4833E-4 2.29931E-4 2.41215E-4
-9999 -9999 -9999 -9999 -9999 -9999 -9999 1.066E-3 1.41048E-3 6.53602E-4 3.41658E-4 3.19301E-4 2.70047E-4 2.6838E-4 4.18709E-4 5.4187E-4 4.23486E-4 9.0745E-5 2.00716E-5 2.13006E-6 9.89638E-7 1.86418E-6 1.98154E-6 1.81339E-6 9.84E-7 7.13722E-7 1.7352E-6 2.95625E-6 5.80555E-6 1.36227E-5 2.06031E-5 1.65155E-5 3.64732E-5 3.52096E-5 3.34586E-5 3.40802E-5 3.58783E-5 3.75887E-5 6.16667E-5 4.43163E-5 4.04104E-5 3.68821E-5 3.1459E-5 2.37031E-5 6.3134E-5 2.27071E-5 1.61732E-5 3.35417E-5 3.13233E-5 1.9292E-5 1.86701E-5 1.97338E-5 2.2838E-5 2.37161E-5 2.79219E-5 3.06962E-5 3.45205E-5 3.6527E-5 5.58925E-5 6.97602E-5 9.17955E-5 6.87499E-5 7.76619E-5 9.19496E-5 2.42759E-4 2.66292E-4
-9999 -9999 -9999 -9999 -9999 -9999 -9999 -9999 1.13148E-3 7.96299E-4 5.05647E-4 2.67505E-4 2.18751E-4 2.38652E-4 5.16725E-4 4.1853E-4 1.46602E-4 3.64279E-5 6.1274E-6 6.88045E-7 4.01046E-7 4.89538E-7 1.33847E-6 2.6299E-6 1.17753E-6 1.74018E-6 3.305E-6 3.51216E-6 6.11854E-6 1.29006E-5 2.51128E-5 1.98039E-5 5.09659E-5 8.80583E-5 7.06351E-5 4.94346E-5 1.62236E-5 5.28745E-5 7.14015E-5 4.87878E-5 4.11101E-5 3.52192E-5 3.15253E-5 5.47718E-5 2.35792E-5 1.7998E-5 1.60253E-5 1.47299E-5 2.75829E-5 1.98782E-5 1.96803E-5 1.92889E-5 2.12267E-5 4.09829E-5 2.87713E-5 3.00613E-5 3.41877E-5 5.16381E-5 5.68177E-5 6.86099E-5 7.55198E-5 8.05711E-5 7.8743E-5 1.82758E-4 2.41674E-4 2.70017E-4
-9999 -9999 -9999 -9999 -9999 -9999 -9999 -9999 2.56847E-4 9.9893E-4 6.74365E-4 5.15372E-4 5.05463E-4 7.30986E-4 4.23292E-4 1.47068E-4 6.13765E-5 1.12034E-5 3.24078E-7 1.11193E-7 1.1637E-7 1.38831E-6 2.05989E-6 4.26972E-6 1.3501E-6 3.5596E-6 3.16024E-6 3.55286E-6 7.84089E-6 8.9667E-6 2.34538E-5 4.12532E-5 3.37985E-5 1.44317E-4 1.36964E-4 1.68262E-4 2.30384E-4 1.20928E-4 1.42649E-4 5.86567E-5 4.1218E-5 6.38311E-5 5.83696E-5 5.81059E-5 5.15071E-5 2.24187E-5 3.64805E-5 3.31031E-5 3.03491E-5 2.914E-5 1.93084E-5 1.88972E-5 1.90799E-5 2.14072E-5 4.38488E-5 4.17208E-5 4.2084E-5 4.56162E-5 5.18272E-5 6.21004E-5 7.34959E-5 1.84428E-4 1.79555E-4 2.00259E-4 2.45043E-4 2.47937E-4
-9999 -9999 -9999 -9999 -9999 -9999 -9999 -9999 -9999 1.41651E-3 7.45471E-4 8.08981E-4 2.07554E-3 9.6141E-4 4.90813E-4 6.77847E-5 2.54812E-5 2.75105E-6 2.17273E-7 8.51898E-8 2.47378E-7 1.31985E-7 9.82131E-7 4.99438E-6 2.722E-6 4.15488E-6 3.92956E-6 6.17263E-6 9.08375E-6 1.78719E-5 2.64005E-5 4.62611E-5 4.01545E-5 9.94544E-5 1.83177E-4 1.96805E-4 2.0716E-4 1.25394E-4 1.37757E-4 6.29653E-5 4.38879E-5 3.88183E-5 6.18916E-5 6.10986E-5 5.37843E-5 4.83304E-5 5.10089E-5 4.25915E-5 3.44892E-5 2.2951E-5 2.07617E-5 2.01229E-5 1.97698E-5 2.49718E-5 9.10725E-5 4.46862E-5 3.97509E-5 3.98464E-5 4.66683E-5 5.15961E-5 5.96933E-5 1.75278E-4 2.74009E-4 3.18509E-4 1.9622E-4 2.60373E-4
-9999 -9999 -9999 -9999 -9999 -9999 1.43466E-3 -9999 2.54862E-3 2.67794E-3 1.55789E-3 1.07803E-3 1.23694E-3 8.69423E-4 5.34298E-4 6.87715E-5 4.28779E-5 4.42842E-6 2.08054E-7 2.46903E-7 2.21791E-7 4.48678E-7 1.42153E-6 7.49797E-6 3.41956E-6 5.18754E-6 7.96463E-6 4.79921E-6 9.95166E-6 2.36269E-5 5.91562E-5 1.06143E-4 4.60418E-5 6.42821E-5 2.44365E-4 1.39171E-4 1.53959E-4 1.60488E-4 7.145E-5 7.05819E-5 2.93321E-5 5.14603E-5 3.80796E-5 6.58721E-5 1.25919E-4 9.93526E-5 1.01979E-4 5.47111E-5 3.63962E-5 3.31507E-5 3.53717E-5 3.6983E-5 3.79626E-5 1.56063E-4 4.16749E-5 3.765E-5 3.95901E-5 4.12026E-5 4.52016E-5 5.18611E-5 5.83541E-5 1.50966E-4 2.00871E-4 2.2449E-4 3.28312E-4 3.31823E-4
-9999 -9999 -9999 -9999 -9999 -9999 5.49385E-3 -9999 5.51936E-3 2.91539E-3 1.91956E-3 2.39906E-3 2.60979E-3 2.52263E-3 8.53616E-4 1.23531E-4 9.87432E-5 1.77649E-5 7.52367E-7 1.4236E-7 4.52566E-7 9.40814E-7 3.49708E-7 5.64782E-6 3.9476E-6 5.9518E-6 7.60677E-6 1.22029E-5 2.14253E-5 2.57714E-5 3.38557E-5 5.98724E-5 1.99851E-4 1.49687E-4 2.42741E-4 2.30322E-4 3.20066E-4 3.71228E-4 1.83601E-4 7.70392E-5 6.2699E-5 5.74955E-5 5.32971E-5 4.20524E-5 3.91681E-5 3.46593E-5 5.25195E-5 5.29962E-5 5.62394E-5 4.60817E-5 4.27731E-5 3.84712E-5 2.88077E-5 3.00594E-5 5.3404E-5 5.06899E-5 4.61836E-5 4.99231E-5 1.11936E-4 1.3465E-4 7.69753E-5 7.65171E-5 1.82225E-4 2.4947E-4 3.56559E-4 3.32183E-4
-9999 -9999 -9999 -9999 -9999 -9999 -9999 -9999 3.36865E-3 3.1935E-3 2.81337E-3 2.59757E-3 4.22233E-3 3.73812E-3 9.49252E-4 3.28979E-4 4.29016E-5 9.83308E-6 9.50094E-7 3.66442E-7 1.18851E-6 1.18345E-6 2.3362E-6 3.58067E-6 3.63967E-6 5.6701E-6 1.01772E-5 1.39782E-5 2.16804E-5 3.55233E-5 4.10939E-5 1.05115E-4 8.38881E-5 2.63184E-4 3.17901E-4 3.71874E-4 5.94001E-4 7.29637E-4 5.25987E-4 2.25112E-4 6.6471E-5 1.11785E-4 5.74673E-5 4.63729E-5 4.38617E-5 3.98764E-5 3.35624E-5 5.22861E-5 5.18313E-5 6.00094E-5 5.57456E-5 4.53793E-5 4.59211E-5 3.48766E-5 4.31602E-5 1.25383E-4 1.295E-4 1.07616E-4 1.715E-4 1.73665E-4 1.63719E-4 1.72547E-4 2.10854E-4 3.3475E-4 2.45406E-4 2.42671E-4
-9999 -9999 -9999 -9999 -9999 -9999 -9999 -9999 -9999 1.99421E-3 9.01149E-3 3.82649E-3 1.96398E-3 3.42367E-3 1.97752E-3 1.68136E-4 1.57647E-5 4.9088E-6 1.42909E-6 1.32139E-6 2.04828E-6 6.69774E-6 4.76542E-6 4.2836E-6 2.83077E-6 2.08859E-6 3.40039E-6 1.24193E-5 1.57533E-5 3.63423E-5 4.4639E-5 6.23091E-5 8.61887E-5 1.2347E-4 1.61014E-4 1.90002E-4 2.0839E-4 1.53402E-4 1.10798E-4 6.90203E-5 6.139E-5 1.71134E-4 1.61685E-4 4.91551E-5 4.80827E-5 8.96013E-5 7.64745E-5 6.37044E-5 4.86589E-5 5.51585E-5 6.4702E-5 6.43407E-5 6.63239E-5 1.59073E-4 1.45496E-4 1.51271E-4 1.67613E-4 1.57454E-4 2.06305E-4 2.41707E-4 2.55832E-4 2.5908E-4 2.7968E-4 3.23754E-4 5.1453E-4 5.07285E-4
-9999 -9999 -9999 -9999 -9999 -9999 -9999 -9999 -9999 1.75805E-3 3.99025E-3 6.13058E-3 3.8774E-3 2.37647E-3 6.37239E-4 3.72944E-5 3.47849E-6 2.34854E-6 1.45299E-6 3.06079E-6 4.42959E-6 1.37644E-5 1.66795E-5 7.92339E-6 2.48793E-6 2.05515E-6 2.43727E-6 7.93765E-6 1.59211E-5 2.14221E-5 2.99694E-5 6.21899E-5 1.11272E-4 1.4221E-4 3.12017E-4 2.04872E-4 1.81464E-4 1.40162E-4 1.25344E-4 7.82843E-5 1.25954E-4 1.55275E-4 1.48333E-4 6.62415E-5 6.11723E-5 1.0246E-4 6.73841E-5 5.98378E-5 6.42483E-5 5.49393E-5 5.75372E-5 7.02976E-5 7.60439E-5 1.5938E-4 1.79611E-4 2.07414E-4 2.13705E-4 2.30778E-4 2.44434E-4 2.55421E-4 2.81144E-4 3.02124E-4 3.32744E-4 3.61692E-4 3.89433E-4 4.39592E-4
-9999 -9999 -9999 -9999 -9999 -9999 -9999 -9999 -9999 -9999 4.85719E-4 1.18482E-3 1.09235E-3 4.22184E-4 9.90841E-5 7.38183E-6 7.64052E-7 7.81475E-7 3.14176E-6 4.56084E-6 1.47698E-5 2.88205E-5 1.25513E-5 9.11302E-6 4.66183E-6 4.32348E-6 2.93197E-6 1.09265E-5 1.19525E-5 2.3271E-5 2.90259E-5 4.6919E-5 1.13631E-4 1.51949E-4 1.90308E-4 1.95226E-4 1.53516E-4 1.24754E-4 2.40688E-4 9.78053E-5 6.69996E-5 6.29321E-5 6.39998E-5 1.75506E-4 1.94014E-4 1.62598E-4 1.27736E-4 8.26092E-5 7.87909E-5 1.63545E-4 1.62684E-4 1.89675E-4 2.04924E-4 1.97349E-4 2.03928E-4 2.24275E-4 2.32628E-4 2.35866E-4 2.54192E-4 2.63638E-4 2.76431E-4 3.08574E-4 3.18952E-4 3.53378E-4 4.15415E-4 4.541E-4
-9999 -9999 -9999 -9999 -9999 -9999 -9999 -9999 -9999 -9999 9.79519E-5 3.08667E-4 1.06755E-4 6.53536E-5 1.70955E-5 1.51365E-6 7.73621E-7 1.27891E-6 2.66612E-6 3.93806E-6 2.35543E-5 3.15414E-5 2.2919E-5 8.44895E-6 1.02038E-5 4.05416E-6 5.81839E-6 1.23871E-5 2.55234E-5 4.5371E-5 3.47066E-5 8.62413E-5 9.57464E-5 1.34224E-4 1.96591E-4 2.19367E-4 2.19509E-4 3.92562E-4 1.55985E-4 1.271E-4 5.50617E-5 7.80385E-5 7.76014E-5 8.14155E-5 1.31472E-4 1.16813E-4 8.75495E-5 7.6693E-5 7.36096E-5 7.28554E-5 1.54172E-4 1.51526E-4 1.96411E-4 3.60963E-4 4.75843E-4 5.12353E-4 2.59685E-4 2.59174E-4 2.8088E-4 3.0387E-4 3.43945E-4 3.53006E-4 3.76504E-4 4.22337E-4 4.85387E-4 5.74273E-4
-9999 -9999 -9999 -9999 -9999 -9999 -9999 -9999 -9999 -9999 2.75599E-4 7.27243E-5 4.79602E-5 1.77502E-5 4.06191E-6 1.39528E-6 6.97513E-7 1.27979E-6 4.24377E-6 7.67873E-6 1.75405E-5 8.0406E-5 3.52239E-5 1.48791E-5 9.69251E-6 1.22897E-5 1.13833E-5 1.44268E-5 2.63535E-5 4.27272E-5 5.3565E-5 5.6168E-5 8.66613E-5 1.08458E-4 2.84155E-4 4.62111E-4 7.84533E-4 5.2938E-4 9.39967E-5 7.94297E-5 5.92178E-5 5.64234E-5 8.79732E-5 8.46753E-5 1.41787E-4 1.66076E-4 1.07801E-4 8.70806E-5 7.52736E-5 7.70069E-5 8.39326E-5 9.38189E-5 1.06055E-4 2.50165E-4 3.09139E-4 5.35121E-4 5.63432E-4 3.68177E-4 3.96741E-4 4.19659E-4 4.48499E-4 4.74304E-4 4.74064E-4 5.67096E-4 6.25523E-4 5.77358E-4
-9999 -9999 -9999 -9999 -9999 -9999 -9999 -9999 -9999 1.15897E-4 5.09657E-5 6.31285E-5 1.96326E-5 1.23622E-5 3.63538E-6 1.33212E-6 1.39906E-6 3.34243E-6 8.26989E-6 2.89809E-5 3.08531E-5 3.33791E-5 2.841E-5 1.82072E-5 1.18082E-5 1.3615E-5 2.25455E-5 2.63638E-5 2.56673E-5 5.07988E-5 5.48165E-5 7.20686E-5 1.3357E-4 1.58977E-4 3.7978E-4 4.48289E-4 1.3619E-4 1.12701E-4 1.02758E-4 8.7921E-5 6.70235E-5 1.15735E-4 1.08523E-4 1.022E-4 1.67816E-4 1.50494E-4 3.96011E-4 3.35291E-4 2.99906E-4 2.39092E-4 9.57452E-5 1.05754E-4 1.10951E-4 2.44483E-4 3.25697E-4 3.75691E-4 5.45597E-4 5.40027E-4 4.74411E-4 5.45312E-4 5.43619E-4 5.84824E-4 6.04608E-4 6.17528E-4 6.70023E-4 6.75809E-4
-9999 -9999 -9999 -9999 -9999 -9999 -9999 -9999 -9999 1.00436E-4 7.51459E-5 2.61253E-5 1.42887E-5 8.59658E-6 3.02292E-6 3.65455E-6 6.78378E-6 6.93964E-6 7.58662E-6 3.08615E-5 1.25619E-4 6.94845E-5 4.67218E-5 1.8915E-5 2.12037E-5 2.09016E-5 2.38026E-5 2.91071E-5 3.17651E-5 6.37243E-5 5.6393E-5 6.70353E-5 1.58741E-4 1.86316E-4 1.14639E-4 1.21473E-4 1.17999E-4 1.10187E-4 8.968E-5 8.6391E-5 6.37908E-5 1.17975E-4 1.15189E-4 1.07688E-4 1.69563E-4 1.41832E-4 1.52268E-4 3.86983E-4 3.70768E-4 5.07301E-4 1.27559E-4 1.30211E-4 1.38619E-4 3.11602E-4 3.88033E-4 4.97021E-4 6.50573E-4 6.41558E-4 6.48458E-4 6.71458E-4 6.91493E-4 6.46885E-4 6.63896E-4 6.28389E-4 5.99649E-4 5.84038E-4
-9999 -9999 -9999 -9999 -9999 -9999 -9999 1.37352E-4 1.72231E-4 6.82331E-5 6.22796E-5 3.4995E-5 1.51902E-5 1.09664E-5 5.36891E-6 9.50773E-6 1.19932E-5 9.58626E-6 1.50901E-5 4.27812E-5 4.69399E-5 4.46336E-5 3.36287E-5 3.61316E-5 3.94606E-5 1.94162E-5 1.21813E-5 2.57473E-5 3.45757E-5 6.12373E-5 1.05309E-4 7.54111E-5 9.20426E-5 1.18247E-4 7.11647E-5 7.09105E-5 6.59438E-5 7.01E-5 4.49084E-5 8.37159E-5 6.15053E-5 5.7848E-5 5.66268E-5 1.12895E-4 1.06604E-4 1.79653E-4 1.70283E-4 1.77845E-4 4.41143E-4 5.01502E-4 4.23572E-4 3.01896E-4 3.03174E-4 3.7709E-4 3.94715E-4 4.46648E-4 5.23036E-4 6.58351E-4 7.40424E-4 7.03336E-4 6.04714E-4 5.38067E-4 5.99149E-4 5.97426E-4 5.16701E-4 5.85953E-4
