Leopardus braccatus/Leopardus_braccatus_projection 2041-2060_novel.asc
ncols         515
nrows         545
xllcorner     -119.0
yllcorner     -58.333333333333
cellsize      0.166666666667
NODATA_value  -9999
[rows 390 to 419 of 545, columns 268 to 334 of 515]
-9999 -9999 -9999 -9999 -9999 -9999 -9999 -9999 -9999 -9999 -9999 -9999 -9999 -9999 -9999 -9999 -9999 -9999 1.37054E0 1.86712E0 1.86712E0 2.1452E0 2.3041E0 2.24451E0 1.78767E0 5.95888E-2 3.17807E-1 9.93147E-2 1.78767E0 3.83355E0 3.65478E0 8.16367E0 1.12226E1 5.95888E0 3.07876E0 3.07876E0 3.07876E0 1.48972E0 1.48972E0 1.48972E0 1.48972E0 1.48972E0 1.48972E0 3.07876E0 6.61436E0 3.07876E0 3.07876E0 6.61436E0 2.03992E1 2.56431E1 2.1452E1 2.10944E1 2.10944E1 2.10944E1 1.78965E1 2.10944E1 2.02602E1 2.56431E1 2.56431E1 2.56431E1 2.56431E1 2.56431E1 2.56431E1 2.10944E1 2.10944E1 2.10944E1 2.10944E1
-9999 -9999 -9999 -9999 -9999 -9999 -9999 -9999 -9999 -9999 -9999 -9999 -9999 -9999 -9999 -9999 -9999 1.37054E0 1.37054E0 1.66849E0 1.72808E0 1.96643E0 2.24451E0 2.44314E0 2.3041E0 3.17807E-1 3.17807E-1 1.09246E0 3.89314E0 3.89314E0 4.56848E0 6.0582E0 1.12226E1 6.61436E0 5.95888E0 5.95888E0 3.07876E0 3.07876E0 3.07876E0 3.07876E0 1.48972E0 1.48972E0 1.48972E0 3.07876E0 6.61436E0 6.61436E0 3.07876E0 6.61436E0 2.56431E1 1.84328E1 2.0439E1 2.10944E1 2.10944E1 1.78965E1 1.78965E1 2.10944E1 2.22266E1 2.56431E1 2.56431E1 2.56431E1 2.56431E1 2.56431E1 2.56431E1 2.10944E1 2.10944E1 2.10944E1 2.10944E1
-9999 -9999 -9999 -9999 -9999 -9999 -9999 -9999 -9999 -9999 -9999 -9999 -9999 -9999 -9999 -9999 -9999 1.37054E0 1.15205E0 1.72808E0 1.86712E0 2.18492E0 2.44314E0 2.54246E0 2.54246E0 1.09246E0 5.95888E-1 1.78767E0 9.93147E-2 1.09246E0 7.05135E0 9.57394E0 1.12226E1 1.12226E1 6.61436E0 5.95888E0 3.07876E0 3.07876E0 3.07876E0 3.07876E0 3.07876E0 1.48972E0 1.48972E0 3.07876E0 6.61436E0 1.44602E1 6.61436E0 1.78965E1 2.10944E1 1.91479E1 2.10944E1 2.10944E1 1.78965E1 1.78965E1 1.78965E1 2.10944E1 2.56431E1 2.10944E1 2.10944E1 2.56431E1 2.56431E1 2.56431E1 2.56431E1 2.10944E1 2.10944E1 2.10944E1 2.10944E1
-9999 -9999 -9999 -9999 -9999 -9999 -9999 -9999 -9999 -9999 -9999 -9999 -9999 -9999 -9999 -9999 1.66849E0 1.54931E0 1.66849E0 1.96643E0 2.04588E0 2.1452E0 2.44314E0 2.3041E0 1.09246E0 5.95888E-2 3.17807E-1 5.95888E-1 3.97259E-2 5.95888E-1 8.16367E0 1.12226E1 8.46161E0 8.46161E0 8.46161E0 5.95888E0 3.89314E0 3.07876E0 3.07876E0 3.07876E0 3.07876E0 3.07876E0 1.48972E0 3.07876E0 6.61436E0 1.44602E1 6.61436E0 1.78965E1 2.10944E1 2.10944E1 1.78965E1 1.78965E1 1.78965E1 1.78965E1 1.78965E1 2.10944E1 2.10944E1 2.10944E1 2.10944E1 2.56431E1 2.56431E1 2.56431E1 2.10944E1 2.10944E1 2.10944E1 2.10944E1 2.10944E1
-9999 -9999 -9999 -9999 -9999 -9999 -9999 -9999 -9999 -9999 -9999 -9999 -9999 -9999 -9999 -9999 1.86712E0 1.96643E0 1.96643E0 2.04588E0 2.04588E0 1.96643E0 2.3041E0 2.54246E0 5.95888E-1 5.95888E-1 9.93147E-2 9.93147E-2 1.09246E0 6.77326E0 9.13696E0 1.12226E1 5.95888E0 5.95888E0 5.95888E0 5.95888E0 3.89314E0 3.89314E0 3.07876E0 3.07876E0 3.07876E0 3.07876E0 3.07876E0 3.07876E0 6.61436E0 6.61436E0 6.61436E0 1.78965E1 1.78965E1 1.44602E1 1.44602E1 1.44602E1 1.78965E1 1.78965E1 1.78965E1 1.78965E1 1.78965E1 2.10944E1 2.10944E1 2.10944E1 2.56431E1 2.56431E1 2.56431E1 2.10944E1 2.10944E1 2.10944E1 2.10944E1
-9999 -9999 -9999 -9999 -9999 -9999 -9999 -9999 -9999 -9999 -9999 -9999 -9999 -9999 -9999 -9999 1.86712E0 1.96643E0 2.04588E0 1.86712E0 2.04588E0 1.86712E0 2.1452E0 2.54246E0 2.54246E0 2.93972E0 5.95888E-1 1.98629E-2 3.17807E-1 1.1878E1 9.07737E0 8.46161E0 3.89314E0 5.95888E0 5.95888E0 5.95888E0 3.89314E0 3.89314E0 3.07876E0 3.07876E0 3.07876E0 3.07876E0 3.07876E0 3.07876E0 6.61436E0 6.61436E0 6.61436E0 1.44602E1 1.44602E1 1.12226E1 1.12226E1 1.44602E1 1.44602E1 1.44602E1 1.44602E1 1.44602E1 1.44602E1 1.78965E1 1.78965E1 2.10944E1 2.10944E1 2.10944E1 2.10944E1 2.10944E1 2.10944E1 2.10944E1 2.10944E1
-9999 -9999 -9999 -9999 -9999 -9999 -9999 -9999 -9999 -9999 -9999 -9999 -9999 -9999 -9999 -9999 -9999 1.96643E0 1.96643E0 2.04588E0 1.96643E0 2.04588E0 2.18492E0 2.54246E0 2.76095E0 2.54246E0 3.17807E-1 5.95888E-1 9.93147E-2 9.25613E0 7.84586E0 5.95888E0 3.89314E0 5.95888E0 5.95888E0 3.89314E0 3.89314E0 3.89314E0 2.26438E0 2.26438E0 2.26438E0 3.07876E0 3.07876E0 3.07876E0 6.61436E0 3.07876E0 6.61436E0 6.61436E0 1.12226E1 1.12226E1 1.12226E1 1.12226E1 1.12226E1 1.12226E1 1.12226E1 1.44602E1 1.44602E1 1.44602E1 1.78965E1 1.78965E1 1.78965E1 2.10944E1 2.10944E1 2.10944E1 2.10944E1 2.10944E1 2.10944E1
-9999 -9999 -9999 -9999 -9999 -9999 -9999 -9999 -9999 -9999 -9999 -9999 -9999 -9999 -9999 -9999 1.86712E0 1.86712E0 1.96643E0 1.96643E0 1.96643E0 2.04588E0 2.3041E0 2.54246E0 2.58218E0 3.29725E0 9.93147E-2 5.95888E-1 3.17807E-1 2.54246E0 8.46161E0 5.95888E0 3.89314E0 5.95888E0 5.95888E0 3.89314E0 3.89314E0 3.89314E0 3.89314E0 2.26438E0 2.26438E0 3.07876E0 3.07876E0 3.07876E0 3.07876E0 3.07876E0 3.07876E0 6.61436E0 8.46161E0 8.46161E0 8.46161E0 8.46161E0 8.46161E0 8.46161E0 8.46161E0 1.12226E1 1.12226E1 1.44602E1 1.44602E1 1.78965E1 1.78965E1 1.78965E1 1.78965E1 1.78965E1 1.78965E1 2.10944E1 2.10944E1
-9999 -9999 -9999 -9999 -9999 -9999 -9999 -9999 -9999 -9999 -9999 -9999 -9999 -9999 -9999 2.04588E0 1.96643E0 1.72808E0 1.96643E0 2.1452E0 2.24451E0 2.1452E0 2.44314E0 2.58218E0 2.93972E0 3.43629E0 5.95888E-1 1.78767E0 2.54246E0 3.89314E0 1.44602E1 3.89314E0 5.95888E0 5.95888E0 5.95888E0 3.89314E0 3.89314E0 3.89314E0 3.89314E0 3.89314E0 2.26438E0 3.07876E0 3.07876E0 3.07876E0 3.07876E0 3.07876E0 5.95888E0 8.46161E0 8.46161E0 8.46161E0 5.95888E0 5.95888E0 5.95888E0 5.95888E0 8.46161E0 1.12226E1 1.12226E1 1.44602E1 1.44602E1 1.44602E1 1.78965E1 1.78965E1 1.78965E1 1.78965E1 1.78965E1 1.78965E1 1.78965E1
-9999 -9999 -9999 -9999 -9999 -9999 -9999 -9999 -9999 -9999 -9999 -9999 -9999 -9999 -9999 2.1452E0 2.04588E0 1.96643E0 1.96643E0 2.1452E0 2.44314E0 2.18492E0 2.54246E0 2.76095E0 2.54246E0 3.69451E0 1.09246E0 5.95888E-1 3.17807E-1 2.54246E0 1.28911E1 5.95888E0 5.95888E0 5.95888E0 5.95888E0 5.95888E0 3.89314E0 3.89314E0 3.89314E0 3.89314E0 2.26438E0 2.26438E0 3.07876E0 3.07876E0 3.07876E0 3.07876E0 5.95888E0 5.95888E0 5.95888E0 5.95888E0 5.95888E0 5.95888E0 5.95888E0 5.95888E0 8.46161E0 8.46161E0 1.12226E1 1.12226E1 1.44602E1 1.44602E1 1.44602E1 1.44602E1 1.78965E1 1.78965E1 1.78965E1 1.78965E1 1.78965E1
-9999 -9999 -9999 -9999 -9999 -9999 -9999 -9999 -9999 -9999 -9999 -9999 -9999 -9999 2.44314E0 2.3041E0 2.24451E0 2.18492E0 2.1452E0 2.18492E0 2.1452E0 2.3041E0 2.93972E0 3.17807E0 3.43629E0 1.09246E0 1.09246E0 1.09246E0 5.95888E-1 5.16437E0 1.28911E1 8.46161E0 8.46161E0 8.46161E0 5.95888E0 5.95888E0 3.89314E0 3.89314E0 3.89314E0 3.89314E0 2.26438E0 2.26438E0 2.26438E0 3.07876E0 3.07876E0 3.07876E0 5.95888E0 5.95888E0 5.95888E0 3.89314E0 3.89314E0 5.95888E0 5.95888E0 5.95888E0 5.95888E0 8.46161E0 8.46161E0 1.12226E1 1.12226E1 1.44602E1 1.44602E1 1.44602E1 1.44602E1 1.78965E1 1.78965E1 1.78965E1 1.78965E1
-9999 -9999 -9999 -9999 -9999 -9999 -9999 -9999 -9999 -9999 -9999 -9999 -9999 -9999 2.76095E0 2.58218E0 2.54246E0 2.3041E0 2.18492E0 2.04588E0 2.18492E0 2.76095E0 3.17807E0 3.43629E0 3.49588E0 1.78767E0 2.54246E0 3.89314E0 5.95888E-1 6.77326E0 1.28911E1 1.12226E1 1.12226E1 8.46161E0 5.95888E0 5.95888E0 3.89314E0 3.89314E0 3.89314E0 3.89314E0 3.07876E0 2.26438E0 2.26438E0 2.26438E0 3.07876E0 3.07876E0 5.95888E0 5.95888E0 3.89314E0 3.89314E0 3.89314E0 3.89314E0 3.89314E0 5.95888E0 5.95888E0 8.46161E0 8.46161E0 1.12226E1 1.12226E1 1.12226E1 1.44602E1 1.44602E1 1.44602E1 1.44602E1 1.78965E1 1.78965E1 1.78965E1
-9999 -9999 -9999 -9999 -9999 -9999 -9999 -9999 -9999 -9999 -9999 -9999 -9999 -9999 3.17807E0 2.93972E0 2.93972E0 2.58218E0 2.54246E0 2.58218E0 2.76095E0 3.29725E0 3.43629E0 3.89314E0 2.54246E0 1.78767E0 5.95888E-1 3.89314E0 5.16437E0 9.25613E0 1.32486E1 1.12226E1 1.12226E1 1.12226E1 8.46161E0 5.95888E0 5.95888E0 5.95888E0 3.89314E0 3.89314E0 3.07876E0 2.26438E0 3.07876E0 2.26438E0 3.07876E0 3.07876E0 3.89314E0 5.95888E0 3.89314E0 3.89314E0 3.89314E0 3.89314E0 3.89314E0 5.95888E0 5.95888E0 5.95888E0 8.46161E0 8.46161E0 1.12226E1 1.12226E1 1.12226E1 1.44602E1 1.44602E1 1.44602E1 1.44602E1 1.44602E1 1.78965E1
-9999 -9999 -9999 -9999 -9999 -9999 -9999 -9999 -9999 -9999 -9999 -9999 -9999 -9999 3.17807E0 2.93972E0 2.93972E0 2.76095E0 2.58218E0 3.17807E0 3.43629E0 3.49588E0 3.69451E0 3.89314E0 1.09246E0 3.89314E0 1.09246E0 2.54246E0 6.77326E0 1.03287E1 1.0289E1 8.46161E0 8.46161E0 1.12226E1 8.46161E0 8.46161E0 5.95888E0 5.95888E0 3.89314E0 3.89314E0 3.07876E0 3.07876E0 3.07876E0 2.26438E0 2.26438E0 2.26438E0 3.07876E0 3.89314E0 3.89314E0 2.26438E0 3.89314E0 3.89314E0 3.89314E0 5.95888E0 5.95888E0 5.95888E0 8.46161E0 8.46161E0 1.12226E1 1.12226E1 1.12226E1 1.44602E1 1.44602E1 1.44602E1 1.44602E1 1.44602E1 1.44602E1
-9999 -9999 -9999 -9999 -9999 -9999 -9999 -9999 -9999 -9999 -9999 -9999 -9999 3.17807E0 2.93972E0 2.76095E0 2.76095E0 2.76095E0 2.44314E0 3.17807E0 3.69451E0 3.89314E0 4.05204E0 4.05204E0 2.54246E0 1.09246E0 3.89314E0 6.99176E0 8.69997E0 1.09842E1 8.46161E0 8.46161E0 5.95888E0 8.46161E0 8.46161E0 8.46161E0 5.95888E0 3.89314E0 3.89314E0 3.89314E0 3.89314E0 3.89314E0 3.07876E0 2.26438E0 2.26438E0 2.26438E0 2.26438E0 2.26438E0 2.26438E0 2.26438E0 2.26438E0 3.89314E0 3.89314E0 5.95888E0 5.95888E0 8.46161E0 8.46161E0 8.46161E0 8.46161E0 1.12226E1 1.12226E1 1.12226E1 1.44602E1 1.44602E1 1.78965E1 1.44602E1 1.44602E1
-9999 -9999 -9999 -9999 -9999 -9999 -9999 -9999 -9999 -9999 -9999 -9999 -9999 2.93972E0 2.76095E0 2.76095E0 2.76095E0 2.76095E0 2.58218E0 3.43629E0 4.05204E0 4.15136E0 4.15136E0 4.15136E0 4.15136E0 2.54246E0 5.16437E0 7.2897E0 9.13696E0 1.09842E1 1.12226E1 8.46161E0 5.95888E0 8.46161E0 5.95888E0 8.46161E0 5.95888E0 3.89314E0 3.07876E0 3.07876E0 3.89314E0 3.07876E0 2.26438E0 2.26438E0 2.26438E0 2.26438E0 2.26438E0 2.26438E0 2.26438E0 2.26438E0 2.26438E0 2.26438E0 3.89314E0 5.95888E0 5.95888E0 5.95888E0 8.46161E0 8.46161E0 8.46161E0 1.12226E1 1.12226E1 1.44602E1 1.44602E1 1.44602E1 1.44602E1 1.44602E1 1.44602E1
-9999 -9999 -9999 -9999 -9999 -9999 -9999 -9999 -9999 -9999 -9999 -9999 3.43629E0 3.17807E0 2.93972E0 2.76095E0 2.93972E0 2.93972E0 3.29725E0 4.05204E0 4.34999E0 4.34999E0 4.34999E0 4.34999E0 4.56848E0 3.89314E0 3.89314E0 7.48833E0 9.13696E0 1.03287E1 8.46161E0 8.46161E0 8.46161E0 5.95888E0 5.95888E0 8.46161E0 5.95888E0 3.89314E0 3.89314E0 3.07876E0 3.07876E0 3.07876E0 2.26438E0 2.26438E0 2.26438E0 2.26438E0 2.26438E0 2.26438E0 2.26438E0 2.26438E0 2.26438E0 3.89314E0 3.89314E0 5.95888E0 5.95888E0 8.46161E0 8.46161E0 8.46161E0 8.46161E0 1.12226E1 1.12226E1 1.12226E1 1.44602E1 1.44602E1 1.44602E1 1.44602E1 1.44602E1
-9999 -9999 -9999 -9999 -9999 -9999 -9999 -9999 -9999 -9999 -9999 3.89314E0 3.49588E0 3.29725E0 3.17807E0 2.93972E0 3.17807E0 3.49588E0 3.89314E0 4.76711E0 4.56848E0 4.56848E0 4.56848E0 3.89314E0 4.76711E0 2.54246E0 5.16437E0 7.48833E0 8.69997E0 1.03287E1 8.46161E0 8.46161E0 8.46161E0 8.46161E0 8.46161E0 8.46161E0 8.46161E0 3.89314E0 3.89314E0 3.07876E0 3.07876E0 2.26438E0 2.26438E0 2.26438E0 2.26438E0 2.26438E0 2.26438E0 2.26438E0 2.26438E0 2.26438E0 2.26438E0 3.89314E0 3.89314E0 5.95888E0 5.95888E0 5.95888E0 8.46161E0 8.46161E0 8.46161E0 1.12226E1 1.12226E1 1.44602E1 1.44602E1 1.44602E1 1.44602E1 1.44602E1 1.78965E1
-9999 -9999 -9999 -9999 -9999 -9999 -9999 -9999 -9999 -9999 -9999 3.89314E0 3.89314E0 3.69451E0 3.69451E0 3.43629E0 3.89314E0 4.56848E0 5.08491E0 5.34313E0 5.08491E0 4.76711E0 4.76711E0 3.89314E0 5.08491E0 5.16437E0 6.57464E0 8.00477E0 8.69997E0 1.03287E1 1.12226E1 1.25137E1 8.46161E0 8.46161E0 5.16437E0 5.16437E0 8.46161E0 5.95888E0 3.89314E0 2.26438E0 2.26438E0 2.26438E0 2.26438E0 2.26438E0 2.26438E0 1.43013E0 2.26438E0 2.26438E0 2.26438E0 2.26438E0 2.26438E0 3.89314E0 3.89314E0 3.89314E0 5.95888E0 5.95888E0 8.46161E0 8.46161E0 8.46161E0 1.12226E1 1.12226E1 1.12226E1 1.44602E1 1.44602E1 1.44602E1 1.44602E1 1.78965E1
-9999 -9999 -9999 -9999 -9999 -9999 -9999 -9999 -9999 -9999 -9999 4.34999E0 4.05204E0 4.05204E0 4.15136E0 4.15136E0 5.08491E0 6.57464E0 6.57464E0 6.57464E0 6.25683E0 5.34313E0 5.08491E0 5.08491E0 5.34313E0 6.25683E0 5.16437E0 7.48833E0 8.69997E0 1.00904E1 1.09842E1 1.12226E1 8.46161E0 6.77326E0 5.16437E0 6.77326E0 5.95888E0 3.89314E0 3.89314E0 2.26438E0 2.26438E0 2.26438E0 2.26438E0 2.26438E0 1.43013E0 1.43013E0 2.26438E0 2.26438E0 2.26438E0 2.26438E0 3.07876E0 3.89314E0 3.89314E0 5.95888E0 5.95888E0 8.46161E0 8.46161E0 8.46161E0 1.12226E1 1.12226E1 1.12226E1 1.12226E1 1.44602E1 1.44602E1 1.44602E1 1.44602E1 1.44602E1
-9999 -9999 -9999 -9999 -9999 -9999 -9999 -9999 -9999 -9999 4.76711E0 4.15136E0 4.05204E0 4.34999E0 5.08491E0 6.25683E0 7.48833E0 8.69997E0 8.00477E0 6.99176E0 6.57464E0 6.25683E0 5.34313E0 5.16437E0 5.79998E0 6.25683E0 6.99176E0 7.48833E0 6.77326E0 9.25613E0 1.0726E1 8.46161E0 8.46161E0 6.77326E0 6.77326E0 8.46161E0 5.95888E0 3.89314E0 3.89314E0 2.26438E0 2.26438E0 2.26438E0 2.26438E0 2.26438E0 1.43013E0 1.43013E0 2.26438E0 2.26438E0 2.26438E0 2.26438E0 3.07876E0 3.89314E0 5.95888E0 5.95888E0 5.95888E0 8.46161E0 8.46161E0 1.12226E1 1.12226E1 1.12226E1 1.12226E1 1.12226E1 1.44602E1 1.44602E1 1.44602E1 1.44602E1 1.44602E1
-9999 -9999 -9999 -9999 -9999 -9999 -9999 -9999 -9999 -9999 5.34313E0 4.56848E0 4.56848E0 5.34313E0 6.99176E0 8.69997E0 1.03287E1 1.0726E1 9.13696E0 7.2897E0 6.99176E0 6.57464E0 5.16437E0 5.16437E0 3.89314E0 6.57464E0 6.77326E0 7.48833E0 8.38216E0 6.77326E0 8.46161E0 5.95888E0 8.46161E0 8.46161E0 8.46161E0 8.46161E0 5.95888E0 3.89314E0 2.26438E0 2.26438E0 2.26438E0 1.43013E0 2.26438E0 2.26438E0 1.43013E0 2.26438E0 2.26438E0 2.26438E0 2.26438E0 2.26438E0 3.07876E0 3.89314E0 5.95888E0 5.95888E0 8.46161E0 8.46161E0 8.46161E0 1.12226E1 1.12226E1 1.12226E1 1.12226E1 1.12226E1 1.44602E1 1.44602E1 1.44602E1 1.44602E1 1.44602E1
-9999 -9999 -9999 -9999 -9999 -9999 -9999 -9999 -9999 6.57464E0 6.57464E0 6.99176E0 6.99176E0 7.48833E0 9.13696E0 1.03287E1 1.2176E1 1.1878E1 9.75271E0 8.00477E0 8.00477E0 6.77326E0 5.16437E0 6.25683E0 6.25683E0 2.54246E0 6.99176E0 7.2897E0 7.48833E0 9.13696E0 8.46161E0 8.32257E0 8.46161E0 8.46161E0 5.95888E0 5.95888E0 3.89314E0 3.89314E0 2.26438E0 2.26438E0 2.26438E0 1.43013E0 1.43013E0 2.26438E0 2.26438E0 2.26438E0 2.26438E0 2.26438E0 2.26438E0 3.07876E0 3.89314E0 5.95888E0 5.95888E0 5.95888E0 5.95888E0 6.61436E0 8.46161E0 8.46161E0 1.12226E1 1.12226E1 1.12226E1 1.12226E1 1.44602E1 1.44602E1 1.44602E1 1.44602E1 1.44602E1
-9999 -9999 -9999 -9999 -9999 -9999 -9999 -9999 -9999 7.48833E0 8.00477E0 9.4349E0 9.4349E0 9.75271E0 1.0726E1 1.25137E1 1.3626E1 1.1878E1 1.03287E1 9.13696E0 8.38216E0 6.77326E0 5.16437E0 3.89314E0 6.25683E0 5.16437E0 5.16437E0 7.2897E0 7.48833E0 5.16437E0 2.54246E0 5.16437E0 1.12226E1 8.46161E0 5.95888E0 5.95888E0 3.89314E0 2.26438E0 2.26438E0 2.26438E0 2.26438E0 1.43013E0 2.26438E0 2.26438E0 2.26438E0 2.26438E0 2.26438E0 2.26438E0 2.26438E0 3.07876E0 3.89314E0 3.89314E0 5.95888E0 5.95888E0 5.95888E0 6.61436E0 8.46161E0 1.12226E1 1.12226E1 1.12226E1 1.12226E1 1.12226E1 1.12226E1 1.12226E1 1.12226E1 1.12226E1 1.12226E1
-9999 -9999 -9999 -9999 -9999 -9999 -9999 -9999 9.13696E0 8.69997E0 9.4349E0 1.09842E1 1.16595E1 1.25137E1 1.30301E1 1.38643E1 1.41027E1 1.30301E1 1.13616E1 9.75271E0 8.69997E0 8.38216E0 6.77326E0 1.78767E0 3.89314E0 6.25683E0 6.99176E0 6.57464E0 7.2897E0 8.69997E0 9.25613E0 8.46161E0 5.95888E0 5.95888E0 5.95888E0 3.89314E0 3.89314E0 2.26438E0 2.26438E0 2.26438E0 2.26438E0 2.26438E0 2.26438E0 2.26438E0 2.26438E0 2.26438E0 2.26438E0 2.26438E0 2.26438E0 3.07876E0 3.89314E0 3.89314E0 5.95888E0 5.95888E0 5.95888E0 8.46161E0 8.46161E0 8.46161E0 1.12226E1 1.12226E1 1.12226E1 1.12226E1 1.12226E1 1.12226E1 1.12226E1 1.12226E1 1.12226E1
-9999 -9999 -9999 -9999 -9999 -9999 -9999 -9999 1.0726E1 1.0726E1 1.16595E1 1.27321E1 1.3626E1 1.38643E1 1.45397E1 1.49568E1 1.41027E1 1.30301E1 1.27321E1 9.25613E0 9.13696E0 9.13696E0 6.77326E0 3.89314E0 3.89314E0 6.25683E0 5.79998E0 5.79998E0 6.99176E0 8.38216E0 9.13696E0 8.46161E0 5.95888E0 3.89314E0 3.89314E0 3.89314E0 3.89314E0 2.26438E0 2.26438E0 2.26438E0 2.26438E0 2.26438E0 1.43013E0 2.26438E0 2.26438E0 2.26438E0 2.26438E0 2.26438E0 2.26438E0 2.26438E0 3.07876E0 3.89314E0 5.95888E0 5.95888E0 5.95888E0 5.95888E0 8.46161E0 8.46161E0 8.46161E0 1.12226E1 8.46161E0 8.46161E0 1.12226E1 1.12226E1 1.12226E1 1.12226E1 1.12226E1
-9999 -9999 -9999 -9999 -9999 -9999 -9999 1.1878E1 1.16595E1 1.1878E1 1.30301E1 1.4341E1 1.46191E1 1.51554E1 1.5791E1 1.5791E1 1.49568E1 9.25613E0 9.25613E0 9.25613E0 1.03287E1 9.4349E0 8.38216E0 7.2897E0 5.16437E0 5.16437E0 5.79998E0 5.79998E0 6.57464E0 6.57464E0 8.00477E0 8.46161E0 5.95888E0 3.89314E0 3.89314E0 3.89314E0 3.89314E0 2.26438E0 2.26438E0 2.26438E0 2.26438E0 2.26438E0 2.26438E0 2.26438E0 3.07876E0 2.26438E0 2.26438E0 2.26438E0 2.26438E0 2.26438E0 3.07876E0 3.89314E0 5.95888E0 5.95888E0 5.95888E0 5.95888E0 8.46161E0 8.46161E0 8.46161E0 8.46161E0 8.46161E0 1.12226E1 8.46161E0 8.46161E0 8.46161E0 1.12226E1 1.12226E1
-9999 -9999 -9999 -9999 -9999 -9999 -9999 1.33479E1 1.27321E1 1.27321E1 1.32486E1 1.41027E1 1.51554E1 1.61287E1 1.65657E1 1.67643E1 1.55924E1 1.46191E1 9.25613E0 6.77326E0 9.25613E0 1.00904E1 8.69997E0 6.99176E0 6.57464E0 3.89314E0 5.79998E0 4.76711E0 5.08491E0 6.25683E0 7.2897E0 7.64723E0 7.90545E0 5.95888E0 5.95888E0 3.89314E0 3.89314E0 3.89314E0 2.26438E0 2.26438E0 2.26438E0 2.26438E0 2.26438E0 2.26438E0 2.26438E0 2.26438E0 2.26438E0 2.26438E0 2.26438E0 3.07876E0 3.07876E0 3.89314E0 3.89314E0 5.95888E0 5.95888E0 5.95888E0 5.95888E0 5.95888E0 5.95888E0 5.95888E0 8.46161E0 8.46161E0 8.46161E0 8.46161E0 8.46161E0 8.46161E0 1.12226E1
-9999 -9999 -9999 -9999 -9999 -9999 -9999 1.46191E1 1.38643E1 1.32486E1 1.32486E1 1.41027E1 1.53739E1 1.67643E1 1.74993E1 1.81945E1 1.72609E1 1.61287E1 1.28911E1 6.77326E0 9.25613E0 1.09842E1 9.13696E0 6.57464E0 5.34313E0 6.77326E0 5.79998E0 4.56848E0 4.76711E0 5.79998E0 7.2897E0 5.95888E0 5.60135E0 5.72053E0 5.95888E0 3.89314E0 3.89314E0 3.89314E0 3.89314E0 3.89314E0 3.89314E0 2.26438E0 2.26438E0 2.26438E0 2.26438E0 2.26438E0 2.26438E0 2.26438E0 2.26438E0 3.07876E0 3.89314E0 3.89314E0 5.95888E0 5.95888E0 5.95888E0 5.95888E0 5.95888E0 5.95888E0 5.95888E0 5.95888E0 5.95888E0 5.95888E0 8.46161E0 8.46161E0 8.46161E0 8.46161E0 8.46161E0
-9999 -9999 -9999 -9999 -9999 1.90088E1 1.77177E1 1.5791E1 1.47582E1 1.3626E1 1.32486E1 1.41027E1 1.59301E1 1.74993E1 1.78568E1 1.99623E1 1.90883E1 1.28911E1 1.28911E1 9.25613E0 9.25613E0 1.16595E1 9.13696E0 6.25683E0 4.15136E0 4.34999E0 4.34999E0 4.76711E0 4.76711E0 5.79998E0 7.2897E0 5.95888E0 5.95888E0 5.48217E0 5.95888E0 5.95888E0 3.89314E0 3.89314E0 3.89314E0 3.89314E0 3.89314E0 3.89314E0 2.26438E0 3.89314E0 3.89314E0 2.26438E0 2.26438E0 3.89314E0 3.89314E0 3.07876E0 3.89314E0 3.89314E0 3.89314E0 5.95888E0 5.95888E0 5.95888E0 5.95888E0 5.95888E0 5.95888E0 5.95888E0 5.95888E0 5.95888E0 5.95888E0 5.95888E0 8.46161E0 8.46161E0 8.46161E0
