Leopardus pajeros/Leopardus_pajeros_projection 2041-2060_novel.asc
ncols         515
nrows         545
xllcorner     -119.0
yllcorner     -58.333333333333
cellsize      0.166666666667
NODATA_value  -9999
[rows 0 to 29 of 545, columns 136 to 203 of 515]
1.49492E0 1.49492E0 1.49492E0 3.0895E0 3.0895E0 1.49492E0 3.0895E0 3.0895E0 3.0895E0 3.0895E0 3.0895E0 3.0895E0 6.63743E0 6.63743E0 6.63743E0 3.0895E0 3.0895E0 6.63743E0 6.63743E0 6.63743E0 6.63743E0 6.63743E0 6.63743E0 6.63743E0 6.63743E0 6.63743E0 6.63743E0 6.63743E0 6.63743E0 6.63743E0 6.63743E0 6.63743E0 6.63743E0 6.63743E0 6.63743E0 6.63743E0 6.63743E0 6.63743E0 6.63743E0 6.63743E0 6.63743E0 6.63743E0 6.63743E0 6.63743E0 6.63743E0 6.63743E0 6.63743E0 6.63743E0 5.97967E0 5.97967E0 6.63743E0 6.63743E0 6.63743E0 6.63743E0 6.63743E0 6.63743E0 6.63743E0 6.63743E0 6.63743E0 6.63743E0 6.63743E0 6.63743E0 6.63743E0 6.63743E0 6.63743E0 1.13813E1 1.13813E1 6.63743E0
1.49492E0 1.49492E0 1.49492E0 1.49492E0 1.49492E0 3.0895E0 3.0895E0 3.0895E0 3.0895E0 3.0895E0 3.0895E0 3.0895E0 3.0895E0 6.63743E0 6.63743E0 6.63743E0 3.0895E0 3.0895E0 6.63743E0 6.63743E0 6.63743E0 6.63743E0 6.63743E0 6.63743E0 6.63743E0 6.63743E0 6.63743E0 6.63743E0 6.63743E0 6.63743E0 6.63743E0 6.63743E0 6.63743E0 6.63743E0 6.63743E0 6.63743E0 6.63743E0 6.63743E0 6.63743E0 6.63743E0 6.63743E0 6.63743E0 6.63743E0 6.63743E0 6.63743E0 6.63743E0 6.63743E0 6.63743E0 5.97967E0 6.63743E0 6.63743E0 6.63743E0 6.63743E0 6.63743E0 6.63743E0 6.63743E0 6.63743E0 6.63743E0 6.63743E0 6.63743E0 6.63743E0 6.63743E0 6.63743E0 6.63743E0 1.13813E1 6.63743E0 6.63743E0 6.63743E0
1.49492E0 1.49492E0 1.49492E0 1.49492E0 3.0895E0 3.0895E0 3.0895E0 3.0895E0 3.0895E0 3.0895E0 3.0895E0 3.0895E0 3.0895E0 3.0895E0 6.63743E0 6.63743E0 3.0895E0 3.0895E0 3.0895E0 6.63743E0 6.63743E0 6.63743E0 6.63743E0 6.63743E0 6.63743E0 6.63743E0 6.63743E0 6.63743E0 6.63743E0 6.63743E0 6.63743E0 6.63743E0 6.63743E0 6.63743E0 6.63743E0 6.63743E0 6.63743E0 6.63743E0 6.63743E0 6.63743E0 8.55093E0 6.63743E0 6.63743E0 6.63743E0 6.63743E0 6.63743E0 6.63743E0 6.63743E0 6.63743E0 6.63743E0 6.63743E0 6.63743E0 6.63743E0 6.63743E0 6.63743E0 6.63743E0 6.63743E0 6.63743E0 6.63743E0 6.63743E0 6.63743E0 6.63743E0 1.13813E1 1.13813E1 1.13813E1 6.63743E0 6.63743E0 6.63743E0
1.49492E0 1.49492E0 1.49492E0 3.0895E0 3.0895E0 3.0895E0 3.0895E0 3.0895E0 3.0895E0 3.0895E0 6.63743E0 3.0895E0 3.0895E0 3.0895E0 6.63743E0 6.63743E0 6.63743E0 3.0895E0 3.0895E0 3.0895E0 6.63743E0 6.63743E0 6.63743E0 6.63743E0 6.63743E0 6.63743E0 6.63743E0 6.63743E0 6.63743E0 6.63743E0 6.63743E0 6.63743E0 6.63743E0 6.63743E0 6.63743E0 6.63743E0 6.63743E0 6.63743E0 6.63743E0 6.63743E0 6.63743E0 6.63743E0 6.63743E0 6.63743E0 6.63743E0 6.63743E0 6.63743E0 6.63743E0 6.63743E0 6.63743E0 6.63743E0 6.63743E0 6.63743E0 6.63743E0 6.63743E0 6.63743E0 6.63743E0 6.63743E0 6.63743E0 6.63743E0 1.13813E1 1.13813E1 1.13813E1 1.13813E1 1.13813E1 1.13813E1 6.63743E0 6.63743E0
1.49492E0 1.49492E0 1.49492E0 1.49492E0 3.0895E0 3.0895E0 3.0895E0 3.0895E0 3.0895E0 3.0895E0 3.0895E0 3.0895E0 3.0895E0 3.0895E0 6.63743E0 6.63743E0 6.63743E0 6.63743E0 6.63743E0 3.0895E0 3.0895E0 6.63743E0 6.63743E0 6.63743E0 6.63743E0 6.63743E0 6.63743E0 6.63743E0 6.63743E0 6.63743E0 6.63743E0 6.63743E0 6.63743E0 1.13813E1 1.13813E1 6.63743E0 6.63743E0 6.63743E0 6.63743E0 1.13813E1 6.63743E0 6.63743E0 6.63743E0 6.63743E0 6.63743E0 6.63743E0 6.63743E0 6.63743E0 6.63743E0 6.63743E0 6.63743E0 6.63743E0 6.63743E0 6.63743E0 6.63743E0 1.13813E1 6.63743E0 6.63743E0 6.63743E0 6.63743E0 6.63743E0 1.13813E1 1.13813E1 1.46901E1 1.13813E1 1.13813E1 6.63743E0 6.63743E0
1.49492E0 1.49492E0 1.49492E0 1.49492E0 3.0895E0 3.0895E0 3.0895E0 3.0895E0 3.0895E0 3.0895E0 3.0895E0 3.0895E0 6.63743E0 6.63743E0 6.63743E0 6.63743E0 6.63743E0 6.63743E0 6.63743E0 6.63743E0 3.0895E0 6.63743E0 6.63743E0 6.63743E0 6.63743E0 6.63743E0 6.63743E0 6.63743E0 6.63743E0 6.63743E0 1.46901E1 1.46901E1 1.13813E1 1.13813E1 1.13813E1 6.63743E0 6.63743E0 6.63743E0 6.63743E0 6.63743E0 6.63743E0 6.63743E0 6.63743E0 6.63743E0 6.63743E0 6.63743E0 6.63743E0 6.63743E0 6.63743E0 6.63743E0 6.63743E0 6.63743E0 6.63743E0 6.63743E0 1.13813E1 1.13813E1 6.63743E0 6.63743E0 6.63743E0 6.63743E0 6.63743E0 1.46901E1 1.46901E1 1.46901E1 1.46901E1 1.46901E1 1.46901E1 6.63743E0
1.49492E0 1.49492E0 3.0895E0 1.49492E0 3.0895E0 3.0895E0 3.0895E0 3.0895E0 3.0895E0 3.0895E0 3.0895E0 3.0895E0 6.63743E0 6.63743E0 6.63743E0 6.63743E0 6.63743E0 6.63743E0 6.63743E0 6.63743E0 6.63743E0 6.63743E0 6.63743E0 6.63743E0 6.63743E0 6.63743E0 6.63743E0 6.63743E0 6.63743E0 1.24975E1 1.29161E1 1.34144E1 6.63743E0 1.40921E1 1.13813E1 6.63743E0 6.63743E0 6.63743E0 6.63743E0 6.63743E0 6.63743E0 6.63743E0 6.63743E0 6.63743E0 6.63743E0 6.63743E0 6.63743E0 6.63743E0 6.63743E0 6.63743E0 6.63743E0 6.63743E0 6.63743E0 1.13813E1 1.13813E1 1.13813E1 1.13813E1 6.63743E0 6.63743E0 6.63743E0 1.13813E1 1.46901E1 1.46901E1 1.46901E1 1.46901E1 1.46901E1 6.63743E0 6.63743E0
1.49492E0 3.0895E0 3.0895E0 1.49492E0 1.49492E0 3.0895E0 3.0895E0 3.0895E0 3.0895E0 3.0895E0 3.0895E0 3.0895E0 6.63743E0 6.63743E0 6.63743E0 6.63743E0 6.63743E0 6.63743E0 6.63743E0 6.63743E0 6.63743E0 6.63743E0 6.63743E0 6.63743E0 6.63743E0 6.63743E0 6.63743E0 6.63743E0 6.63743E0 9.20869E0 9.80666E0 1.08033E1 1.18198E1 1.17002E1 1.13813E1 6.63743E0 6.63743E0 6.63743E0 6.63743E0 6.63743E0 6.63743E0 6.63743E0 6.63743E0 6.63743E0 6.63743E0 6.63743E0 6.63743E0 6.63743E0 6.63743E0 6.63743E0 6.63743E0 6.63743E0 6.63743E0 1.46901E1 1.46901E1 1.46901E1 1.46901E1 6.63743E0 6.63743E0 6.63743E0 6.63743E0 6.63743E0 1.46901E1 1.46901E1 1.46901E1 6.63743E0 6.63743E0 6.63743E0
1.49492E0 1.49492E0 1.49492E0 1.49492E0 1.49492E0 3.0895E0 3.0895E0 3.0895E0 3.0895E0 3.0895E0 3.0895E0 3.0895E0 6.63743E0 6.63743E0 6.63743E0 6.63743E0 6.63743E0 6.63743E0 6.63743E0 6.63743E0 6.63743E0 6.63743E0 6.49791E0 6.31852E0 6.63743E0 6.63743E0 6.63743E0 6.63743E0 6.63743E0 6.69723E0 7.75364E0 8.75025E0 9.94618E0 6.63743E0 6.63743E0 6.63743E0 6.63743E0 6.63743E0 6.63743E0 6.63743E0 9.10903E0 6.63743E0 6.63743E0 6.63743E0 6.63743E0 6.63743E0 6.63743E0 6.63743E0 6.63743E0 6.63743E0 6.63743E0 6.63743E0 1.46901E1 1.46901E1 1.46901E1 6.63743E0 1.46901E1 1.46901E1 1.46901E1 1.46901E1 1.46901E1 1.46901E1 1.46901E1 1.46901E1 1.81981E1 6.63743E0 6.63743E0 6.63743E0
1.49492E0 1.49492E0 1.49492E0 1.49492E0 1.49492E0 3.0895E0 3.0895E0 3.0895E0 3.0895E0 3.0895E0 3.0895E0 6.63743E0 3.0895E0 6.63743E0 6.63743E0 6.63743E0 6.63743E0 6.63743E0 6.63743E0 6.63743E0 6.63743E0 6.63743E0 5.52123E0 4.94319E0 5.78035E0 5.78035E0 5.4415E0 5.3817E0 5.18238E0 5.24218E0 6.31852E0 7.57425E0 8.37154E0 6.63743E0 6.63743E0 6.63743E0 6.63743E0 6.63743E0 6.63743E0 6.63743E0 9.20869E0 9.32828E0 1.04844E1 6.63743E0 6.63743E0 6.63743E0 6.63743E0 6.63743E0 1.29161E1 6.63743E0 1.12418E1 1.79988E1 1.78194E1 1.81981E1 1.81981E1 1.81981E1 1.81981E1 1.81981E1 1.81981E1 1.46901E1 1.46901E1 1.46901E1 1.46901E1 1.46901E1 1.81981E1 6.63743E0 6.63743E0 6.63743E0
1.49492E0 1.49492E0 1.49492E0 3.0895E0 3.0895E0 3.0895E0 3.0895E0 3.0895E0 3.0895E0 6.63743E0 6.63743E0 6.63743E0 6.63743E0 6.63743E0 6.63743E0 6.63743E0 6.63743E0 6.63743E0 6.63743E0 6.63743E0 6.63743E0 6.63743E0 5.18238E0 3.96651E0 3.38848E0 3.38848E0 2.98983E0 3.38848E0 4.22563E0 5.18238E0 5.89994E0 6.63743E0 7.43472E0 6.63743E0 6.63743E0 6.63743E0 6.63743E0 6.63743E0 6.63743E0 6.63743E0 1.07235E1 1.12617E1 1.34144E1 1.52482E1 1.50887E1 1.37931E1 1.23779E1 1.18198E1 1.24975E1 6.63743E0 1.34144E1 1.78194E1 1.90153E1 1.81981E1 1.97927E1 1.81981E1 1.81981E1 1.81981E1 1.81981E1 1.81981E1 1.81981E1 1.81981E1 1.81981E1 1.78593E1 1.81981E1 1.81981E1 6.63743E0 6.63743E0
1.49492E0 1.49492E0 1.49492E0 3.0895E0 3.0895E0 3.0895E0 3.0895E0 3.0895E0 3.0895E0 6.63743E0 6.63743E0 6.63743E0 6.63743E0 6.63743E0 6.63743E0 6.63743E0 6.63743E0 6.63743E0 6.63743E0 6.63743E0 6.63743E0 6.63743E0 5.18238E0 3.96651E0 3.10943E0 2.89017E0 2.83038E0 3.10943E0 3.82699E0 5.18238E0 6.01953E0 6.49791E0 6.63743E0 6.63743E0 6.63743E0 6.63743E0 6.63743E0 6.63743E0 1.13813E1 1.40921E1 1.42715E1 1.49292E1 1.59059E1 1.74008E1 1.64042E1 1.44708E1 1.07435E1 1.19992E1 1.26171E1 -9999 -9999 1.78194E1 1.84971E1 1.65238E1 1.65238E1 1.52282E1 1.69623E1 2.04704E1 2.04704E1 2.04704E1 1.81981E1 1.81981E1 1.52282E1 1.7361E1 1.81981E1 1.81981E1 6.63743E0 6.63743E0
1.49492E0 1.49492E0 3.0895E0 3.0895E0 3.0895E0 3.0895E0 3.0895E0 6.63743E0 3.0895E0 6.63743E0 6.63743E0 6.63743E0 6.63743E0 6.63743E0 6.63743E0 6.63743E0 1.15607E1 1.08033E1 1.01654E1 9.46781E0 6.63743E0 6.63743E0 6.43811E0 6.01953E0 5.52123E0 4.94319E0 5.00299E0 5.52123E0 6.13913E0 6.63743E0 6.87662E0 6.63743E0 6.63743E0 9.82659E0 6.63743E0 6.63743E0 6.63743E0 6.63743E0 1.18198E1 1.18397E1 1.12418E1 1.18397E1 1.30157E1 -9999 -9999 7.99282E0 4.44489E0 -9999 1.30157E1 -9999 -9999 1.41519E1 1.4411E1 1.07435E1 -9999 -9999 -9999 -9999 -9999 -9999 -9999 1.02452E1 1.22783E1 1.63046E1 1.63046E1 1.81981E1 1.81981E1 1.65238E1
1.49492E0 1.49492E0 3.0895E0 3.0895E0 3.0895E0 3.0895E0 6.63743E0 6.63743E0 6.63743E0 6.63743E0 6.63743E0 6.63743E0 6.63743E0 6.63743E0 1.18397E1 1.12418E1 9.82659E0 8.63066E0 7.99282E0 7.1756E0 6.63743E0 6.6175E0 7.1756E0 6.6175E0 6.63743E0 6.63743E0 7.99282E0 6.6175E0 8.63066E0 8.63066E0 6.6175E0 7.1756E0 6.63743E0 5.9996E0 3.74726E0 2.13275E0 8.9695E-1 8.9695E-1 3.74726E0 5.9996E0 5.9996E0 -9999 -9999 -9999 -9999 -9999 -9999 -9999 -9999 -9999 -9999 -9999 -9999 -9999 -9999 -9999 -9999 -9999 -9999 -9999 -9999 -9999 -9999 7.1756E0 1.07435E1 1.4411E1 1.48894E1 1.3833E1
1.49492E0 1.49492E0 3.0895E0 3.0895E0 3.0895E0 3.0895E0 6.63743E0 6.63743E0 6.63743E0 6.63743E0 6.63743E0 6.63743E0 6.63743E0 6.63743E0 7.1756E0 5.22224E0 3.74726E0 3.74726E0 4.44489E0 4.44489E0 3.74726E0 2.94997E0 4.44489E0 4.44489E0 5.9996E0 7.1756E0 7.99282E0 5.9996E0 5.9996E0 5.22224E0 5.22224E0 5.22224E0 5.9996E0 5.9996E0 5.22224E0 3.74726E0 8.9695E-1 1.55471E0 2.13275E0 -9999 -9999 -9999 -9999 -9999 -9999 -9999 -9999 -9999 -9999 -9999 -9999 -9999 -9999 -9999 -9999 -9999 -9999 -9999 -9999 -9999 -9999 -9999 -9999 -9999 -9999 9.82659E0 1.12418E1 1.18397E1
1.49492E0 1.49492E0 3.0895E0 3.0895E0 3.0895E0 3.0895E0 6.63743E0 6.63743E0 6.63743E0 6.63743E0 6.63743E0 6.63743E0 7.1756E0 4.44489E0 2.94997E0 1.55471E0 2.13275E0 2.13275E0 2.13275E0 2.94997E0 2.13275E0 1.55471E0 1.55471E0 2.94997E0 3.74726E0 4.44489E0 3.74726E0 4.44489E0 5.22224E0 4.44489E0 5.22224E0 5.22224E0 7.1756E0 5.9996E0 3.74726E0 4.44489E0 2.94997E0 3.74726E0 3.74726E0 -9999 -9999 2.13275E0 -9999 -9999 -9999 -9999 -9999 -9999 -9999 -9999 -9999 -9999 -9999 -9999 -9999 -9999 -9999 -9999 -9999 -9999 -9999 -9999 -9999 -9999 -9999 -9999 7.99282E0 8.63066E0
1.49492E0 3.0895E0 3.0895E0 3.0895E0 3.0895E0 3.0895E0 6.63743E0 6.63743E0 6.63743E0 -9999 6.6175E0 5.9996E0 3.74726E0 2.94997E0 2.94997E0 -9999 -9999 -9999 -9999 -9999 -9999 2.13275E0 1.55471E0 1.55471E0 2.13275E0 -9999 -9999 -9999 -9999 4.44489E0 4.44489E0 5.9996E0 5.9996E0 5.9996E0 3.74726E0 2.13275E0 8.9695E-1 2.94997E0 1.55471E0 1.55471E0 2.13275E0 -9999 -9999 -9999 -9999 -9999 -9999 -9999 -9999 -9999 -9999 -9999 -9999 -9999 -9999 -9999 -9999 -9999 -9999 -9999 -9999 -9999 -9999 -9999 -9999 -9999 6.6175E0 -9999
3.0895E0 3.0895E0 3.0895E0 3.0895E0 6.63743E0 6.63743E0 1.07435E1 6.6175E0 -9999 -9999 -9999 -9999 -9999 -9999 -9999 -9999 -9999 -9999 -9999 -9999 -9999 -9999 -9999 -9999 -9999 -9999 -9999 -9999 -9999 2.94997E0 2.94997E0 3.74726E0 3.74726E0 4.44489E0 3.74726E0 2.94997E0 1.55471E0 1.55471E0 1.55471E0 1.55471E0 -9999 -9999 -9999 -9999 -9999 -9999 -9999 -9999 -9999 -9999 -9999 -9999 -9999 -9999 -9999 -9999 -9999 -9999 -9999 -9999 -9999 -9999 -9999 -9999 -9999 -9999 -9999 -9999
3.0895E0 3.0895E0 3.0895E0 3.0895E0 6.63743E0 1.18397E1 9.82659E0 7.1756E0 -9999 -9999 -9999 -9999 -9999 -9999 -9999 -9999 -9999 -9999 -9999 -9999 -9999 -9999 -9999 -9999 -9999 -9999 -9999 -9999 -9999 -9999 -9999 1.55471E0 2.13275E0 2.94997E0 2.13275E0 1.55471E0 2.13275E0 1.55471E0 -9999 1.55471E0 -9999 -9999 -9999 -9999 -9999 -9999 -9999 -9999 -9999 -9999 -9999 -9999 -9999 -9999 -9999 -9999 -9999 -9999 -9999 -9999 -9999 -9999 -9999 -9999 -9999 -9999 -9999 -9999
3.0895E0 3.0895E0 6.63743E0 6.63743E0 6.63743E0 9.26849E0 5.9996E0 4.44489E0 -9999 -9999 -9999 -9999 -9999 -9999 -9999 -9999 -9999 -9999 -9999 -9999 -9999 -9999 -9999 -9999 -9999 -9999 -9999 -9999 -9999 -9999 -9999 -9999 8.9695E-1 1.55471E0 -9999 -9999 -9999 1.55471E0 -9999 -9999 -9999 8.9695E-1 8.9695E-1 -9999 -9999 -9999 -9999 -9999 -9999 -9999 -9999 -9999 -9999 -9999 -9999 -9999 -9999 -9999 -9999 -9999 -9999 -9999 -9999 -9999 -9999 -9999 -9999 -9999
6.63743E0 6.63743E0 6.63743E0 1.12418E1 9.26849E0 7.1756E0 2.94997E0 -9999 -9999 -9999 -9999 -9999 -9999 -9999 -9999 -9999 -9999 -9999 -9999 -9999 -9999 -9999 -9999 -9999 -9999 -9999 -9999 -9999 -9999 -9999 -9999 -9999 -9999 -9999 -9999 -9999 -9999 -9999 -9999 -9999 -9999 -9999 -9999 -9999 -9999 -9999 -9999 -9999 -9999 -9999 -9999 -9999 -9999 -9999 -9999 -9999 -9999 -9999 -9999 -9999 -9999 -9999 -9999 -9999 -9999 -9999 -9999 -9999
6.63743E0 6.63743E0 6.63743E0 8.63066E0 5.9996E0 -9999 -9999 -9999 -9999 -9999 -9999 -9999 -9999 -9999 -9999 -9999 -9999 -9999 -9999 -9999 -9999 -9999 -9999 -9999 -9999 -9999 -9999 -9999 -9999 -9999 -9999 -9999 -9999 -9999 -9999 -9999 -9999 -9999 -9999 -9999 -9999 -9999 -9999 -9999 -9999 -9999 -9999 -9999 -9999 -9999 -9999 -9999 -9999 -9999 -9999 -9999 -9999 -9999 -9999 -9999 -9999 -9999 -9999 -9999 -9999 -9999 -9999 -9999
5.9996E0 6.6175E0 -9999 -9999 -9999 -9999 -9999 -9999 -9999 -9999 -9999 -9999 -9999 -9999 -9999 -9999 -9999 -9999 -9999 -9999 -9999 -9999 -9999 -9999 -9999 -9999 -9999 -9999 -9999 -9999 -9999 -9999 -9999 -9999 -9999 -9999 -9999 -9999 -9999 -9999 -9999 -9999 -9999 -9999 -9999 -9999 -9999 -9999 -9999 -9999 -9999 -9999 -9999 -9999 -9999 -9999 -9999 -9999 -9999 -9999 -9999 -9999 -9999 -9999 -9999 -9999 -9999 -9999
-9999 -9999 -9999 -9999 -9999 -9999 -9999 -9999 -9999 -9999 -9999 -9999 -9999 -9999 -9999 -9999 -9999 -9999 -9999 -9999 -9999 -9999 -9999 -9999 -9999 -9999 -9999 -9999 -9999 -9999 -9999 -9999 -9999 -9999 -9999 -9999 -9999 -9999 -9999 -9999 -9999 -9999 -9999 -9999 -9999 -9999 -9999 -9999 -9999 -9999 -9999 -9999 -9999 -9999 -9999 -9999 -9999 -9999 -9999 -9999 -9999 -9999 -9999 -9999 -9999 -9999 -9999 -9999
-9999 -9999 -9999 -9999 -9999 -9999 -9999 -9999 -9999 -9999 -9999 -9999 -9999 -9999 -9999 -9999 -9999 -9999 -9999 -9999 -9999 -9999 -9999 -9999 -9999 -9999 -9999 -9999 -9999 -9999 -9999 -9999 -9999 -9999 -9999 -9999 -9999 -9999 -9999 -9999 -9999 -9999 -9999 -9999 -9999 -9999 -9999 -9999 -9999 -9999 -9999 -9999 -9999 -9999 -9999 -9999 -9999 -9999 -9999 -9999 -9999 -9999 -9999 -9999 -9999 -9999 -9999 -9999
-9999 -9999 -9999 -9999 -9999 -9999 -9999 -9999 -9999 -9999 -9999 -9999 -9999 -9999 -9999 -9999 -9999 -9999 -9999 -9999 -9999 -9999 -9999 -9999 -9999 -9999 -9999 -9999 -9999 -9999 -9999 -9999 -9999 -9999 -9999 -9999 -9999 -9999 -9999 -9999 -9999 -9999 -9999 -9999 -9999 -9999 -9999 -9999 -9999 -9999 -9999 -9999 -9999 -9999 -9999 -9999 -9999 -9999 -9999 -9999 -9999 -9999 -9999 -9999 -9999 -9999 -9999 -9999
-9999 -9999 -9999 -9999 -9999 -9999 -9999 -9999 -9999 -9999 -9999 -9999 -9999 -9999 -9999 -9999 -9999 -9999 -9999 -9999 -9999 -9999 -9999 -9999 -9999 -9999 -9999 -9999 -9999 -9999 -9999 -9999 -9999 -9999 -9999 -9999 -9999 -9999 -9999 -9999 -9999 -9999 -9999 -9999 -9999 -9999 -9999 -9999 -9999 -9999 -9999 -9999 -9999 -9999 -9999 -9999 -9999 -9999 -9999 -9999 -9999 -9999 -9999 -9999 -9999 -9999 -9999 -9999
-9999 -9999 -9999 -9999 -9999 -9999 -9999 -9999 -9999 -9999 -9999 -9999 -9999 -9999 -9999 -9999 -9999 -9999 -9999 -9999 -9999 -9999 -9999 -9999 -9999 -9999 -9999 -9999 -9999 -9999 -9999 -9999 -9999 -9999 -9999 -9999 -9999 -9999 -9999 -9999 -9999 -9999 -9999 -9999 -9999 -9999 -9999 -9999 -9999 -9999 -9999 -9999 -9999 -9999 -9999 -9999 -9999 -9999 -9999 -9999 -9999 -9999 -9999 -9999 -9999 -9999 -9999 -9999
-9999 -9999 -9999 -9999 -9999 -9999 -9999 -9999 -9999 -9999 -9999 -9999 -9999 -9999 -9999 -9999 -9999 -9999 -9999 -9999 -9999 -9999 -9999 -9999 -9999 -9999 -9999 -9999 -9999 -9999 -9999 -9999 -9999 -9999 -9999 -9999 -9999 -9999 -9999 -9999 -9999 -9999 -9999 -9999 -9999 -9999 -9999 -9999 -9999 -9999 -9999 -9999 -9999 -9999 -9999 -9999 -9999 -9999 -9999 -9999 -9999 -9999 -9999 -9999 -9999 -9999 -9999 -9999
-9999 -9999 -9999 -9999 -9999 -9999 -9999 -9999 -9999 -9999 -9999 -9999 -9999 -9999 -9999 -9999 -9999 -9999 -9999 -9999 -9999 -9999 -9999 -9999 -9999 -9999 -9999 -9999 -9999 -9999 -9999 -9999 -9999 -9999 -9999 -9999 -9999 -9999 -9999 -9999 -9999 -9999 -9999 -9999 -9999 -9999 -9999 -9999 -9999 -9999 -9999 -9999 -9999 -9999 -9999 -9999 -9999 -9999 -9999 -9999 -9999 -9999 -9999 -9999 -9999 -9999 -9999 -9999
