Leopardus pajeros/Leopardus_pajeros_projection 2041-2060.asc
ncols         515
nrows         545
xllcorner     -119.0
yllcorner     -58.333333333333
cellsize      0.166666666667
NODATA_value  -9999
[rows 203 to 231 of 545, columns 264 to 329 of 515]
1.11996E-9 1.00547E-9 1.14515E-9 1.35264E-9 1.04676E-9 1.05486E-9 7.99993E-10 8.75045E-10 8.41344E-10 7.89363E-10 9.68502E-10 8.04039E-10 6.42E-10 4.20156E-10 3.56368E-10 2.75384E-10 1.84119E-10 1.19183E-10 9.05684E-11 5.46957E-11 4.3802E-11 4.06586E-11 3.5778E-11 5.03663E-11 4.91636E-11 4.82394E-11 6.55783E-11 6.90281E-11 7.4727E-11 8.5248E-11 9.02218E-11 9.09935E-11 8.41032E-11 7.2394E-11 5.83242E-11 5.6534E-11 6.45136E-11 6.86355E-11 7.4258E-11 8.89493E-11 1.0446E-10 1.3274E-10 1.6591E-10 1.90831E-10 2.28767E-10 2.75726E-10 3.26655E-10 3.88595E-10 4.34103E-10 4.85335E-10 5.41642E-10 6.01934E-10 6.54765E-10 6.38533E-10 6.33502E-10 7.68004E-10 7.7201E-10 7.58921E-10 6.66621E-10 5.71125E-10 4.74832E-10 4.37905E-10 4.28651E-10 4.15629E-10 4.61268E-10 6.24669E-10
7.67606E-10 7.84705E-10 7.69402E-10 8.44343E-10 5.44165E-10 5.38075E-10 5.28122E-10 5.05208E-10 4.47149E-10 5.9119E-10 5.42547E-10 5.83803E-10 4.01578E-10 2.79125E-10 2.07339E-10 1.83828E-10 1.56526E-10 1.1152E-10 6.23611E-11 5.09867E-11 5.77841E-11 5.3493E-11 5.29736E-11 5.28417E-11 4.84994E-11 4.9079E-11 5.52565E-11 6.08946E-11 6.74251E-11 6.68767E-11 7.08817E-11 7.44138E-11 6.66774E-11 5.86424E-11 5.11787E-11 4.65007E-11 4.97576E-11 5.21768E-11 6.26056E-11 8.52608E-11 9.721E-11 1.1191E-10 1.44674E-10 1.72476E-10 2.20392E-10 2.34143E-10 2.30869E-10 2.75464E-10 2.99762E-10 3.17398E-10 3.57584E-10 3.48606E-10 3.48908E-10 3.51437E-10 3.60074E-10 5.16954E-10 6.19137E-10 5.80114E-10 5.86469E-10 4.34581E-10 3.27917E-10 2.96534E-10 3.03452E-10 3.37258E-10 3.93733E-10 4.7047E-10
5.36737E-10 4.52928E-10 4.297E-10 5.29972E-10 4.24242E-10 3.21737E-10 2.83362E-10 2.94705E-10 2.70463E-10 2.82709E-10 3.06899E-10 3.62757E-10 2.52064E-10 1.77645E-10 1.38315E-10 1.11466E-10 1.01722E-10 7.95082E-11 7.53065E-11 5.69822E-11 5.54405E-11 4.84546E-11 5.13977E-11 5.86108E-11 5.623E-11 5.09606E-11 4.88587E-11 5.31581E-11 6.29925E-11 5.83682E-11 5.71567E-11 6.24504E-11 6.30586E-11 5.52685E-11 4.21466E-11 3.83875E-11 4.02409E-11 4.38531E-11 4.94466E-11 6.24886E-11 7.83069E-11 1.04806E-10 1.29949E-10 1.45589E-10 1.55874E-10 1.79097E-10 2.2094E-10 2.07197E-10 1.87794E-10 1.76696E-10 2.06007E-10 1.95752E-10 2.06902E-10 2.15434E-10 2.07689E-10 2.97532E-10 4.04546E-10 4.84942E-10 4.26913E-10 2.49653E-10 1.82089E-10 2.09049E-10 2.25866E-10 2.39955E-10 3.2054E-10 4.16392E-10
3.7105E-10 3.94558E-10 3.14153E-10 2.74603E-10 2.38216E-10 1.74835E-10 1.3728E-10 1.60959E-10 1.94843E-10 2.30698E-10 2.30297E-10 2.46656E-10 2.35618E-10 1.84968E-10 1.26864E-10 1.09345E-10 9.49425E-11 8.61262E-11 8.36674E-11 6.49684E-11 5.96977E-11 5.97229E-11 6.44428E-11 5.4818E-11 5.17373E-11 5.22313E-11 4.61378E-11 4.8154E-11 5.47663E-11 5.25999E-11 5.09331E-11 5.44974E-11 5.10796E-11 5.1772E-11 3.79256E-11 3.54984E-11 3.28921E-11 3.7761E-11 4.68853E-11 5.11569E-11 7.9254E-11 9.98071E-11 1.3471E-10 1.39894E-10 1.64778E-10 1.94671E-10 1.85026E-10 1.55295E-10 1.4716E-10 1.39815E-10 1.10068E-10 1.17094E-10 1.16574E-10 1.33168E-10 1.59461E-10 1.69414E-10 1.7651E-10 1.82596E-10 1.60524E-10 1.07086E-10 9.27458E-11 9.78988E-11 1.20368E-10 1.68713E-10 2.23512E-10 3.44586E-10
2.42329E-10 2.0182E-10 1.97061E-10 1.47378E-10 1.03478E-10 9.02007E-11 1.01434E-10 1.11428E-10 1.36243E-10 1.62856E-10 1.6491E-10 1.61538E-10 1.587E-10 1.67841E-10 1.36608E-10 1.28439E-10 9.96134E-11 9.54581E-11 7.40555E-11 7.35003E-11 6.47378E-11 6.08227E-11 5.73559E-11 5.01408E-11 4.09148E-11 3.99725E-11 3.74902E-11 4.30092E-11 4.64192E-11 4.63769E-11 4.40423E-11 4.14683E-11 4.27667E-11 4.02515E-11 3.49641E-11 2.88467E-11 2.96577E-11 3.06501E-11 3.95733E-11 5.64934E-11 8.15886E-11 1.01799E-10 1.34785E-10 1.64705E-10 1.92732E-10 1.87748E-10 1.69785E-10 1.47935E-10 1.1915E-10 8.44743E-11 6.35151E-11 5.04258E-11 6.39846E-11 1.09912E-10 1.23401E-10 1.08951E-10 9.5703E-11 5.54546E-11 3.17799E-11 3.02127E-11 3.82657E-11 5.23894E-11 8.43894E-11 1.39118E-10 2.10859E-10 2.90929E-10
1.99996E-10 1.68388E-10 1.55493E-10 1.09029E-10 7.92226E-11 5.59156E-11 5.35273E-11 6.01686E-11 7.79025E-11 9.13211E-11 9.82316E-11 9.58232E-11 1.12539E-10 1.29054E-10 1.15815E-10 1.18991E-10 1.09232E-10 9.21274E-11 7.40327E-11 7.30412E-11 5.49383E-11 5.93564E-11 5.67909E-11 4.93421E-11 3.92776E-11 3.75742E-11 4.00349E-11 4.20337E-11 4.37191E-11 4.55409E-11 4.80186E-11 4.57854E-11 3.72898E-11 3.91367E-11 3.10625E-11 3.32058E-11 2.68507E-11 3.03506E-11 3.90387E-11 5.68345E-11 8.05144E-11 1.12355E-10 1.56506E-10 1.86286E-10 1.87514E-10 1.9279E-10 1.54849E-10 1.29906E-10 9.91141E-11 8.01617E-11 6.40317E-11 5.45721E-11 9.62633E-11 1.32606E-10 1.30641E-10 8.24111E-11 5.27471E-11 2.46176E-11 1.19817E-11 1.0808E-11 1.84276E-11 3.53215E-11 6.48371E-11 1.1625E-10 1.8772E-10 2.7567E-10
1.76741E-10 1.83151E-10 1.5966E-10 1.2437E-10 7.03764E-11 4.76986E-11 3.86073E-11 3.4462E-11 3.58675E-11 5.10287E-11 6.52451E-11 7.38822E-11 7.41348E-11 9.11208E-11 8.85807E-11 9.58145E-11 9.57109E-11 7.74172E-11 8.54685E-11 9.53001E-11 8.01342E-11 6.77861E-11 5.65814E-11 5.21893E-11 5.06963E-11 3.73855E-11 3.28563E-11 3.62259E-11 4.04267E-11 4.23106E-11 4.50467E-11 4.75859E-11 4.65328E-11 4.45568E-11 3.52582E-11 2.80751E-11 2.72243E-11 2.98875E-11 3.53423E-11 5.55678E-11 1.00715E-10 1.32139E-10 1.72722E-10 2.19211E-10 2.3318E-10 2.01099E-10 1.52117E-10 1.31198E-10 1.12582E-10 1.0187E-10 1.09256E-10 1.21466E-10 1.9531E-10 2.05482E-10 1.6281E-10 7.96174E-11 4.57386E-11 2.12732E-11 9.42657E-12 6.8292E-12 1.50564E-11 3.07037E-11 5.88803E-11 9.35223E-11 1.59704E-10 2.86911E-10
2.3276E-10 1.93907E-10 1.6493E-10 1.12433E-10 7.16786E-11 4.81977E-11 3.50487E-11 2.84779E-11 2.52434E-11 3.55184E-11 4.98696E-11 5.34732E-11 6.38805E-11 7.2452E-11 8.98177E-11 1.12362E-10 9.35518E-11 1.04664E-10 1.1092E-10 1.24223E-10 1.16571E-10 9.27741E-11 8.53216E-11 6.86526E-11 5.5538E-11 4.67839E-11 4.05751E-11 3.50893E-11 3.90544E-11 4.12014E-11 4.4924E-11 5.11234E-11 4.60861E-11 4.23356E-11 3.71665E-11 2.92766E-11 2.58099E-11 2.35109E-11 3.45585E-11 6.50285E-11 1.155E-10 1.818E-10 2.31544E-10 2.72298E-10 2.53543E-10 1.89937E-10 1.55119E-10 1.32069E-10 1.41419E-10 1.2061E-10 1.63786E-10 2.14867E-10 3.20537E-10 3.73017E-10 1.78488E-10 9.95335E-11 5.84285E-11 3.32164E-11 1.88913E-11 1.53093E-11 1.83663E-11 3.77232E-11 6.82442E-11 1.21184E-10 1.88872E-10 3.15652E-10
2.50451E-10 2.37464E-10 2.04298E-10 1.35768E-10 7.43803E-11 4.92587E-11 4.11907E-11 3.34164E-11 2.90642E-11 3.47621E-11 4.3311E-11 5.35015E-11 6.4598E-11 7.85459E-11 8.45307E-11 9.79444E-11 9.40821E-11 1.11994E-10 1.28209E-10 1.25688E-10 1.24667E-10 1.10159E-10 7.92728E-11 7.17569E-11 5.29432E-11 5.44831E-11 4.60518E-11 4.20227E-11 4.69214E-11 4.60181E-11 5.05638E-11 5.0203E-11 4.93727E-11 4.88202E-11 4.31961E-11 3.52861E-11 2.27848E-11 2.21403E-11 4.44113E-11 8.53924E-11 1.60275E-10 2.62045E-10 3.19319E-10 3.42765E-10 3.26852E-10 2.46112E-10 2.1615E-10 1.73439E-10 1.93732E-10 2.26111E-10 2.4043E-10 2.58271E-10 3.93986E-10 3.11963E-10 1.88512E-10 1.41697E-10 9.08169E-11 5.63233E-11 4.20466E-11 3.09487E-11 4.02078E-11 5.61534E-11 9.50666E-11 1.64156E-10 2.76396E-10 4.69506E-10
3.11118E-10 2.56643E-10 2.41351E-10 1.75524E-10 9.96765E-11 6.111E-11 4.51404E-11 3.73322E-11 4.07253E-11 3.27383E-11 3.34757E-11 3.86673E-11 5.32048E-11 7.74062E-11 9.08181E-11 1.06969E-10 1.25118E-10 1.37294E-10 1.64677E-10 2.03035E-10 1.57471E-10 1.33542E-10 1.18564E-10 9.2934E-11 7.73981E-11 6.04325E-11 5.73502E-11 5.93174E-11 5.42567E-11 5.32536E-11 5.92979E-11 6.22237E-11 6.33891E-11 7.60819E-11 6.29824E-11 5.0251E-11 3.26595E-11 3.16072E-11 6.70889E-11 1.34349E-10 2.20517E-10 4.07811E-10 5.74467E-10 4.67915E-10 4.16731E-10 3.49015E-10 3.04433E-10 2.41369E-10 2.53509E-10 3.37298E-10 3.97166E-10 4.4781E-10 4.45469E-10 3.10918E-10 2.50606E-10 2.09995E-10 1.58347E-10 1.06167E-10 8.31613E-11 8.70352E-11 8.13919E-11 9.76307E-11 1.49715E-10 3.06478E-10 4.62258E-10 6.78765E-10
3.68011E-10 3.3799E-10 2.88337E-10 1.84113E-10 1.34685E-10 8.57859E-11 5.88053E-11 5.02678E-11 5.02604E-11 4.57361E-11 5.0797E-11 5.13071E-11 6.60028E-11 8.39786E-11 1.15799E-10 1.34056E-10 1.6305E-10 1.76858E-10 2.10265E-10 2.91314E-10 2.43006E-10 1.96189E-10 1.50349E-10 1.16789E-10 9.8564E-11 8.05427E-11 7.03634E-11 6.10066E-11 5.74699E-11 6.32829E-11 7.39032E-11 8.64427E-11 1.06905E-10 1.39499E-10 1.32419E-10 1.24378E-10 1.25721E-10 1.34999E-10 2.03033E-10 2.87825E-10 4.18604E-10 6.29854E-10 8.8886E-10 8.00442E-10 6.11086E-10 5.52294E-10 4.15228E-10 3.36198E-10 3.95272E-10 5.48631E-10 4.69609E-10 5.26759E-10 5.04552E-10 4.215E-10 3.53579E-10 2.87147E-10 2.6506E-10 1.82645E-10 1.95912E-10 1.99936E-10 1.82496E-10 1.81186E-10 2.66018E-10 4.26806E-10 7.2387E-10 1.06873E-9
5.23948E-10 3.87603E-10 3.26891E-10 2.24246E-10 1.44986E-10 1.04941E-10 8.63188E-11 9.31047E-11 1.09336E-10 9.60972E-11 8.14909E-11 7.16165E-11 8.01422E-11 1.02608E-10 1.61799E-10 1.85358E-10 2.2428E-10 2.6184E-10 3.49108E-10 3.80887E-10 3.42069E-10 2.77791E-10 2.22326E-10 1.67964E-10 1.2089E-10 9.94157E-11 8.96111E-11 7.07066E-11 6.49222E-11 6.5133E-11 8.40985E-11 1.12513E-10 1.50088E-10 2.17984E-10 3.06275E-10 3.92766E-10 4.64298E-10 5.69464E-10 6.04488E-10 7.14221E-10 9.12632E-10 9.41559E-10 1.14339E-9 1.07325E-9 7.84151E-10 7.0558E-10 6.37002E-10 6.0598E-10 6.2905E-10 7.58491E-10 6.2711E-10 6.12698E-10 5.27589E-10 4.89563E-10 4.66576E-10 4.95104E-10 3.86724E-10 3.70189E-10 3.49837E-10 3.59699E-10 4.15376E-10 4.40615E-10 5.04089E-10 7.47738E-10 1.04423E-9 1.46039E-9
6.43176E-10 4.48566E-10 3.15719E-10 2.2029E-10 1.57344E-10 1.42603E-10 1.41589E-10 1.63118E-10 1.72897E-10 1.86145E-10 1.88016E-10 1.48756E-10 1.55833E-10 1.44076E-10 2.11391E-10 2.52421E-10 2.94873E-10 3.58744E-10 4.17137E-10 5.09688E-10 4.56767E-10 3.46081E-10 2.48973E-10 2.06739E-10 1.64399E-10 1.28386E-10 1.17045E-10 9.62048E-11 7.99676E-11 9.27026E-11 9.77914E-11 1.27011E-10 2.0239E-10 4.3401E-10 7.09209E-10 9.35393E-10 1.34462E-9 1.72444E-9 1.44424E-9 1.4682E-9 1.34916E-9 1.40094E-9 1.49327E-9 1.23545E-9 9.95796E-10 8.46164E-10 8.75197E-10 7.77333E-10 8.14234E-10 9.03599E-10 8.23734E-10 7.72891E-10 5.09457E-10 5.44358E-10 7.04776E-10 6.69909E-10 6.70581E-10 5.89762E-10 5.76582E-10 5.80237E-10 6.01121E-10 7.95701E-10 9.40853E-10 1.32741E-9 1.56704E-9 2.46349E-9
8.86883E-10 4.62731E-10 3.27968E-10 2.26568E-10 2.20283E-10 2.46223E-10 3.04981E-10 3.2077E-10 4.46138E-10 4.60533E-10 4.14509E-10 4.03547E-10 3.42507E-10 3.06755E-10 3.45775E-10 3.95407E-10 4.95419E-10 5.88768E-10 6.42298E-10 6.3941E-10 5.82326E-10 4.62558E-10 3.61817E-10 2.98757E-10 2.0796E-10 1.60951E-10 1.46646E-10 1.21158E-10 1.2348E-10 9.48461E-11 1.07537E-10 1.35838E-10 2.37589E-10 7.12394E-10 1.19348E-9 1.83186E-9 2.57315E-9 2.96563E-9 2.79917E-9 2.2923E-9 1.94675E-9 1.91579E-9 1.68892E-9 1.42084E-9 1.3292E-9 1.00057E-9 1.13064E-9 1.07207E-9 1.02447E-9 8.93222E-10 1.12972E-9 9.76814E-10 6.03135E-10 5.92571E-10 9.28483E-10 9.44987E-10 1.03828E-9 9.93014E-10 9.96665E-10 1.02692E-9 9.70347E-10 1.45632E-9 1.73792E-9 2.2688E-9 3.23467E-9 3.40673E-9
1.02203E-9 5.56941E-10 3.44716E-10 3.67994E-10 3.47593E-10 4.2031E-10 5.35136E-10 5.80747E-10 8.2974E-10 9.81055E-10 1.0133E-9 9.91749E-10 9.1255E-10 8.11424E-10 7.80977E-10 8.03778E-10 8.87004E-10 8.88583E-10 8.77237E-10 7.80356E-10 6.96423E-10 4.7025E-10 3.86928E-10 2.96993E-10 2.54017E-10 1.81872E-10 1.70939E-10 1.3645E-10 1.29226E-10 1.16978E-10 1.42609E-10 1.62688E-10 3.15691E-10 8.13313E-10 1.4491E-9 2.67749E-9 3.19029E-9 3.70614E-9 3.7447E-9 3.1867E-9 2.86214E-9 2.20869E-9 2.10661E-9 1.82327E-9 1.48488E-9 1.54237E-9 1.46357E-9 1.38168E-9 1.31511E-9 1.49801E-9 1.50873E-9 1.16206E-9 1.01713E-9 1.07138E-9 1.25058E-9 1.43162E-9 1.56025E-9 1.82243E-9 1.74874E-9 1.66465E-9 1.82086E-9 2.50891E-9 3.10113E-9 3.82328E-9 5.73138E-9 6.36165E-9
1.12647E-9 7.73337E-10 5.86492E-10 6.55854E-10 6.49001E-10 7.05946E-10 9.12317E-10 1.17014E-9 1.59085E-9 1.77375E-9 2.06352E-9 1.86887E-9 1.64423E-9 1.69339E-9 1.36786E-9 1.21607E-9 1.24473E-9 1.11409E-9 1.10344E-9 1.06352E-9 8.44965E-10 6.69617E-10 4.7746E-10 3.96229E-10 2.99559E-10 2.74379E-10 2.34355E-10 1.71793E-10 1.60143E-10 1.49334E-10 1.69967E-10 2.40949E-10 4.91986E-10 9.37284E-10 1.82477E-9 3.31145E-9 3.84325E-9 4.67929E-9 4.71354E-9 4.14458E-9 3.08179E-9 2.54355E-9 2.24889E-9 1.95535E-9 1.75678E-9 2.01582E-9 1.93019E-9 1.88369E-9 2.18518E-9 2.08628E-9 1.73037E-9 1.46263E-9 1.73623E-9 1.85243E-9 1.96965E-9 2.1342E-9 2.49873E-9 2.63999E-9 3.1922E-9 2.8437E-9 3.24517E-9 3.61527E-9 3.98901E-9 5.62724E-9 7.25885E-9 9.09582E-9
1.31016E-9 1.02742E-9 1.11117E-9 9.92728E-10 9.85804E-10 1.28394E-9 1.73252E-9 2.03476E-9 2.50232E-9 2.82568E-9 2.93564E-9 2.81146E-9 2.96807E-9 2.79456E-9 2.24533E-9 1.9213E-9 1.69628E-9 1.71165E-9 1.61699E-9 1.40024E-9 1.07982E-9 8.10512E-10 6.38384E-10 5.83432E-10 4.68217E-10 3.49825E-10 3.2465E-10 3.40708E-10 2.74431E-10 2.56454E-10 2.23149E-10 5.02679E-10 8.89703E-10 1.54099E-9 2.51427E-9 3.80987E-9 4.6939E-9 5.57669E-9 5.32948E-9 4.5614E-9 3.74743E-9 2.82131E-9 2.45675E-9 2.33983E-9 2.26831E-9 2.57734E-9 2.66095E-9 3.03009E-9 3.17567E-9 3.39762E-9 2.75564E-9 2.31905E-9 2.86283E-9 3.02288E-9 3.25833E-9 3.32013E-9 3.51217E-9 4.39191E-9 4.48936E-9 4.58163E-9 5.28784E-9 5.57178E-9 6.05605E-9 6.45479E-9 7.90082E-9 9.72063E-9
1.56176E-9 1.7653E-9 1.79151E-9 1.58667E-9 1.66257E-9 1.71846E-9 2.28748E-9 2.92712E-9 3.55804E-9 3.90243E-9 3.67084E-9 4.40106E-9 4.2134E-9 4.08454E-9 3.69924E-9 3.25946E-9 2.70959E-9 2.01506E-9 2.04426E-9 1.97421E-9 1.41237E-9 1.12678E-9 8.5624E-10 7.09163E-10 5.76243E-10 5.45919E-10 5.83558E-10 5.82028E-10 7.0019E-10 7.23065E-10 7.50645E-10 1.49416E-9 1.84701E-9 2.52967E-9 3.25206E-9 4.55054E-9 6.38361E-9 6.07802E-9 5.99083E-9 5.26982E-9 4.43582E-9 3.53478E-9 2.59886E-9 3.08901E-9 2.9553E-9 3.06944E-9 3.44773E-9 3.37196E-9 3.53703E-9 4.63931E-9 4.37898E-9 3.71128E-9 4.58389E-9 4.88144E-9 5.66156E-9 5.67152E-9 5.5983E-9 6.13156E-9 6.78809E-9 6.62516E-9 7.4089E-9 7.82644E-9 7.58361E-9 7.92733E-9 8.95647E-9 1.04326E-8
2.23106E-9 2.43792E-9 2.45893E-9 2.55072E-9 2.31749E-9 2.1973E-9 3.04018E-9 4.20087E-9 5.55799E-9 5.3826E-9 5.79539E-9 5.82492E-9 6.66749E-9 5.65967E-9 5.31381E-9 4.57753E-9 3.65121E-9 3.10932E-9 2.67715E-9 2.14898E-9 1.94283E-9 1.33146E-9 1.13526E-9 9.15438E-10 8.58322E-10 9.29297E-10 1.14909E-9 1.37383E-9 1.7654E-9 2.60052E-9 2.79711E-9 3.28098E-9 3.92415E-9 4.67694E-9 5.35127E-9 6.34368E-9 7.66795E-9 7.45372E-9 6.87406E-9 6.03597E-9 6.02298E-9 4.50048E-9 3.81922E-9 4.2574E-9 4.08597E-9 4.40638E-9 4.66309E-9 5.09121E-9 4.60269E-9 4.95945E-9 4.81305E-9 5.35317E-9 6.59121E-9 7.19555E-9 7.57302E-9 7.82248E-9 7.74192E-9 7.75299E-9 8.74736E-9 1.03142E-8 1.03127E-8 9.0185E-9 8.5732E-9 9.13407E-9 9.25425E-9 1.00456E-8
2.32131E-9 2.85154E-9 3.21326E-9 3.74946E-9 3.36796E-9 2.83495E-9 3.55049E-9 4.32396E-9 5.60024E-9 6.57597E-9 8.03365E-9 9.0144E-9 9.02023E-9 7.88808E-9 6.79158E-9 6.11516E-9 5.61402E-9 4.34044E-9 3.69379E-9 3.06875E-9 2.74456E-9 2.12119E-9 1.90673E-9 1.50031E-9 1.65715E-9 1.67596E-9 1.86568E-9 2.33114E-9 2.97638E-9 4.57377E-9 5.33098E-9 5.52724E-9 5.98199E-9 6.84063E-9 7.85517E-9 8.87085E-9 8.87225E-9 8.49821E-9 8.91511E-9 7.85593E-9 6.44751E-9 5.77388E-9 5.80897E-9 5.7597E-9 6.22037E-9 5.70395E-9 6.07973E-9 6.11101E-9 7.16953E-9 6.93877E-9 7.32001E-9 8.21396E-9 9.68415E-9 9.36726E-9 1.08711E-8 9.72664E-9 1.02992E-8 1.07836E-8 1.2255E-8 1.24724E-8 1.24583E-8 1.02824E-8 9.92253E-9 9.55226E-9 1.03957E-8 1.03369E-8
2.69173E-9 3.29236E-9 3.7276E-9 4.35929E-9 4.10175E-9 3.56264E-9 4.01239E-9 4.87128E-9 6.08162E-9 7.88305E-9 1.03143E-8 1.24805E-8 1.23043E-8 1.21068E-8 1.09704E-8 8.79036E-9 6.256E-9 5.86387E-9 5.12732E-9 4.79685E-9 3.40273E-9 3.18818E-9 2.85691E-9 2.42219E-9 2.36723E-9 2.70746E-9 3.51854E-9 4.35993E-9 5.34828E-9 6.11771E-9 7.37702E-9 7.51475E-9 8.50497E-9 1.00246E-8 9.72419E-9 1.06918E-8 1.11125E-8 1.07716E-8 9.59115E-9 8.63166E-9 8.84761E-9 8.0896E-9 8.79067E-9 8.94209E-9 8.42439E-9 8.13801E-9 9.53398E-9 9.13262E-9 1.00694E-8 9.33467E-9 1.01896E-8 1.37125E-8 1.20228E-8 1.3669E-8 1.29401E-8 1.22191E-8 1.28548E-8 1.33862E-8 1.37366E-8 1.21509E-8 1.21338E-8 1.06142E-8 1.04865E-8 1.06458E-8 1.04093E-8 1.05643E-8
3.1893E-9 3.26378E-9 3.63364E-9 4.6518E-9 4.55944E-9 4.63107E-9 4.41644E-9 4.08749E-9 5.92331E-9 8.56408E-9 1.25713E-8 1.66757E-8 1.74254E-8 1.78853E-8 1.36945E-8 1.11595E-8 1.03939E-8 8.16486E-9 7.88935E-9 6.14347E-9 4.88102E-9 5.20732E-9 4.26041E-9 3.81449E-9 4.11203E-9 4.60197E-9 5.65888E-9 6.10701E-9 7.35532E-9 8.79195E-9 1.06977E-8 1.15378E-8 1.15002E-8 1.29629E-8 1.35377E-8 1.40083E-8 1.26916E-8 1.15902E-8 1.20719E-8 1.25941E-8 1.22333E-8 1.33006E-8 1.34815E-8 1.17954E-8 1.22884E-8 1.19914E-8 1.41975E-8 1.35938E-8 1.28151E-8 1.35103E-8 1.57427E-8 1.73232E-8 1.55226E-8 1.90873E-8 1.72408E-8 1.55462E-8 1.73924E-8 1.58482E-8 1.5168E-8 1.51239E-8 1.35547E-8 1.32877E-8 1.14323E-8 1.18362E-8 1.17103E-8 1.02798E-8
3.40867E-9 3.95191E-9 4.27389E-9 5.14834E-9 5.06101E-9 4.70135E-9 4.73011E-9 5.73369E-9 6.32009E-9 9.52854E-9 1.32595E-8 1.89976E-8 2.04679E-8 1.94184E-8 1.70829E-8 1.51677E-8 1.32073E-8 1.24656E-8 9.09888E-9 8.46718E-9 8.1032E-9 7.71974E-9 6.71725E-9 6.68775E-9 6.98622E-9 7.22333E-9 7.53776E-9 9.93549E-9 1.00377E-8 1.22417E-8 1.34815E-8 1.65755E-8 1.83169E-8 1.7675E-8 1.55243E-8 1.34757E-8 1.32888E-8 1.46376E-8 1.90494E-8 1.98732E-8 1.62106E-8 1.8682E-8 1.94525E-8 1.79516E-8 1.93598E-8 1.839E-8 1.89593E-8 1.54509E-8 1.66678E-8 1.83952E-8 2.03773E-8 2.46319E-8 2.10367E-8 2.23651E-8 2.11831E-8 2.05232E-8 1.7151E-8 1.66153E-8 1.66431E-8 1.44321E-8 1.46592E-8 1.45706E-8 1.29934E-8 1.31645E-8 1.1736E-8 1.11436E-8
3.50511E-9 3.92839E-9 4.12956E-9 4.701E-9 5.17664E-9 5.3462E-9 5.49502E-9 6.65402E-9 7.88373E-9 9.78793E-9 1.4304E-8 1.88365E-8 2.24818E-8 2.39748E-8 2.39642E-8 2.18282E-8 1.6855E-8 1.29888E-8 1.23862E-8 1.17851E-8 1.26014E-8 1.10015E-8 1.01874E-8 1.01036E-8 1.004E-8 1.11528E-8 1.43663E-8 1.51688E-8 1.53572E-8 1.81146E-8 2.22908E-8 2.68738E-8 2.26127E-8 1.90143E-8 1.67817E-8 1.75846E-8 1.50372E-8 2.17072E-8 2.40787E-8 2.32774E-8 2.44583E-8 2.73648E-8 2.77834E-8 2.68474E-8 2.45024E-8 2.36197E-8 2.32756E-8 2.36347E-8 2.58386E-8 2.76513E-8 2.65755E-8 2.37997E-8 3.01629E-8 2.27745E-8 2.43894E-8 2.52451E-8 2.04616E-8 1.93803E-8 1.84359E-8 1.63429E-8 1.5953E-8 1.6717E-8 1.462E-8 1.4863E-8 1.41083E-8 1.36628E-8
4.05657E-9 4.49459E-9 4.60523E-9 4.60799E-9 5.26146E-9 5.87726E-9 6.36114E-9 8.17895E-9 1.0971E-8 1.20376E-8 1.83156E-8 2.22252E-8 2.44899E-8 2.62186E-8 2.77497E-8 2.51085E-8 1.88784E-8 1.66556E-8 1.76731E-8 1.69857E-8 1.54311E-8 1.53633E-8 1.43982E-8 1.52585E-8 1.61876E-8 1.89534E-8 2.13674E-8 2.1453E-8 2.68906E-8 3.20174E-8 3.22203E-8 3.35704E-8 2.91027E-8 2.55114E-8 2.45795E-8 2.13074E-8 2.21112E-8 2.94679E-8 2.85705E-8 3.19912E-8 3.92757E-8 4.13185E-8 3.98172E-8 4.07017E-8 3.40796E-8 2.8327E-8 3.00504E-8 3.47444E-8 3.96365E-8 3.56306E-8 3.22108E-8 3.19954E-8 2.76349E-8 2.62329E-8 2.76531E-8 2.67643E-8 2.28913E-8 1.6987E-8 1.86731E-8 1.81632E-8 1.85545E-8 1.87832E-8 1.73829E-8 1.61527E-8 1.96196E-8 1.75907E-8
4.16498E-9 4.31213E-9 4.55767E-9 5.12804E-9 5.565E-9 6.46786E-9 8.14493E-9 9.77802E-9 1.18984E-8 1.52775E-8 1.9753E-8 2.30265E-8 2.4401E-8 2.84931E-8 3.00819E-8 2.64307E-8 2.5339E-8 2.08081E-8 2.17771E-8 2.20778E-8 1.93268E-8 2.13148E-8 2.06323E-8 2.06569E-8 2.27534E-8 2.74649E-8 2.69486E-8 3.03888E-8 4.16712E-8 4.41738E-8 4.80831E-8 4.58828E-8 4.48106E-8 3.59838E-8 3.09641E-8 3.00643E-8 4.08295E-8 3.94875E-8 4.38003E-8 4.39516E-8 5.49468E-8 5.73379E-8 5.58116E-8 4.52476E-8 4.15243E-8 4.67577E-8 5.0824E-8 5.24543E-8 4.52271E-8 4.50057E-8 4.09633E-8 3.26357E-8 3.19194E-8 2.76983E-8 3.23367E-8 2.93241E-8 1.86942E-8 2.31427E-8 2.23236E-8 2.10765E-8 1.84641E-8 1.96876E-8 2.11718E-8 2.35376E-8 2.20834E-8 1.93015E-8
4.64885E-9 5.31473E-9 5.84318E-9 5.19262E-9 6.56183E-9 7.97284E-9 8.91427E-9 1.1208E-8 1.38634E-8 1.87365E-8 2.39614E-8 2.72176E-8 2.90307E-8 3.05357E-8 3.0094E-8 2.75402E-8 2.99118E-8 2.4536E-8 2.39058E-8 2.62748E-8 2.75662E-8 2.3232E-8 2.86071E-8 3.28594E-8 3.41562E-8 3.70943E-8 4.97309E-8 4.88158E-8 6.26175E-8 6.61606E-8 7.54399E-8 6.66821E-8 5.61678E-8 4.78862E-8 4.71616E-8 5.07082E-8 5.51988E-8 6.00298E-8 6.5745E-8 6.53471E-8 7.4785E-8 8.02374E-8 7.53243E-8 6.63018E-8 7.18623E-8 7.30641E-8 7.25072E-8 6.54023E-8 5.67311E-8 4.88481E-8 4.75494E-8 4.25283E-8 3.64708E-8 3.40884E-8 2.93991E-8 3.05633E-8 2.33877E-8 2.02219E-8 2.15039E-8 2.20991E-8 2.28392E-8 2.53998E-8 2.27335E-8 2.34753E-8 2.8346E-8 3.61565E-8
5.32264E-9 6.22715E-9 6.539E-9 6.7836E-9 8.2152E-9 1.03322E-8 1.11839E-8 1.38685E-8 1.8161E-8 2.50389E-8 2.71638E-8 3.28632E-8 3.45688E-8 4.00294E-8 3.65849E-8 3.47074E-8 3.10896E-8 3.01444E-8 3.33219E-8 2.91847E-8 2.82701E-8 3.45546E-8 4.22918E-8 4.58245E-8 5.07676E-8 5.6649E-8 5.7255E-8 6.93457E-8 9.57233E-8 9.62211E-8 8.41411E-8 7.46649E-8 7.44168E-8 7.05803E-8 7.69421E-8 7.45351E-8 8.12345E-8 8.08496E-8 8.87549E-8 9.99343E-8 1.14024E-7 1.18295E-7 9.42302E-8 9.81238E-8 1.10026E-7 1.09274E-7 9.28696E-8 8.21297E-8 6.99904E-8 6.40759E-8 6.22201E-8 5.18126E-8 4.72336E-8 3.6563E-8 3.11715E-8 2.85271E-8 2.94497E-8 2.4709E-8 2.24696E-8 1.98444E-8 2.17403E-8 2.28652E-8 2.51363E-8 3.07268E-8 4.20736E-8 4.82285E-8
5.44689E-9 6.957E-9 6.86686E-9 7.27839E-9 7.44962E-9 1.09385E-8 1.4695E-8 1.91466E-8 2.05427E-8 3.06683E-8 3.49505E-8 4.47769E-8 4.6482E-8 4.25013E-8 4.3687E-8 4.12673E-8 3.83813E-8 3.65628E-8 4.03688E-8 4.09829E-8 4.08106E-8 4.86337E-8 5.32195E-8 6.08163E-8 7.20623E-8 7.22214E-8 8.39657E-8 1.08065E-7 1.29009E-7 1.26983E-7 1.19764E-7 9.34364E-8 9.70262E-8 1.01353E-7 1.00589E-7 9.90472E-8 1.06224E-7 1.17473E-7 1.33389E-7 1.54583E-7 1.53326E-7 1.46617E-7 1.30032E-7 1.28964E-7 1.41403E-7 1.44199E-7 1.18759E-7 1.04028E-7 9.35856E-8 7.74503E-8 7.31927E-8 6.71076E-8 5.30653E-8 4.17013E-8 3.82254E-8 3.17579E-8 2.66979E-8 2.33358E-8 2.35545E-8 2.17636E-8 2.06626E-8 2.44025E-8 3.59768E-8 4.64848E-8 5.91415E-8 7.21322E-8
