Leopardus pajeros/Leopardus_pajeros_projection 2041-2060.asc
ncols         515
nrows         545
xllcorner     -119.0
yllcorner     -58.333333333333
cellsize      0.166666666667
NODATA_value  -9999
[rows 290 to 318 of 545, columns 264 to 329 of 515]
-9999 -9999 -9999 -9999 -9999 -9999 2.36443E-4 1.04259E-4 1.65322E-4 9.2697E-5 1.24407E-4 2.34652E-4 8.46901E-5 8.11703E-5 1.86999E-4 3.16452E-4 7.02219E-5 1.01223E-5 4.30289E-6 1.57439E-6 2.14614E-6 4.35233E-7 1.22422E-6 2.8812E-7 1.92823E-7 1.6435E-6 5.75784E-6 2.0735E-6 1.146E-5 3.72329E-5 9.12437E-5 1.61004E-4 1.75478E-4 1.72547E-4 1.45572E-4 1.6086E-4 1.77944E-4 1.45645E-4 8.24427E-6 3.45348E-7 1.4185E-4 8.63628E-4 3.71612E-4 2.92323E-4 1.99025E-4 3.31715E-4 1.76912E-4 2.05532E-4 6.67293E-5 8.58661E-5 2.9297E-5 4.58764E-6 2.88139E-6 2.15507E-6 1.76734E-6 1.56472E-6 1.33888E-6 1.2031E-6 1.01836E-6 1.03526E-6 1.01034E-6 1.03532E-6 1.36012E-6 1.81095E-6 2.94416E-6 4.45799E-6
-9999 -9999 -9999 -9999 -9999 -9999 -9999 1.06556E-3 7.93907E-4 4.48093E-4 4.28827E-4 1.27092E-4 8.3994E-5 9.40096E-5 2.64237E-4 5.19747E-4 1.38048E-4 1.24648E-4 1.6214E-4 8.17719E-5 8.81292E-6 3.55678E-6 2.30196E-6 1.92727E-6 3.63526E-7 1.30124E-6 4.84168E-6 2.36093E-6 1.04843E-6 3.58813E-5 9.44876E-5 8.9109E-5 1.83557E-4 1.67431E-4 1.26753E-4 1.55094E-4 2.24465E-4 1.14267E-4 7.81805E-5 1.71019E-6 3.18154E-6 8.87667E-4 9.35207E-4 5.80742E-4 5.0858E-4 5.53779E-4 4.46766E-4 2.75643E-4 1.56573E-4 1.17321E-4 1.27135E-4 1.73979E-5 3.34093E-6 1.92708E-6 1.45063E-6 1.19329E-6 9.77094E-7 8.12339E-7 7.10863E-7 7.06159E-7 6.70749E-7 6.30008E-7 9.05111E-7 1.29471E-6 2.33629E-6 3.71021E-6
-9999 -9999 -9999 -9999 -9999 -9999 -9999 -9999 -9999 -9999 1.86042E-3 1.1769E-3 7.31507E-4 7.96783E-4 9.44536E-4 7.0888E-4 6.3337E-4 2.12664E-4 7.20795E-5 8.66112E-5 6.39794E-5 6.98649E-6 7.77231E-7 6.86621E-7 4.73743E-7 7.13354E-6 4.94545E-7 7.54411E-7 1.24122E-6 1.46008E-5 5.02144E-5 7.14815E-5 8.13482E-5 8.83741E-5 1.6036E-4 1.62939E-4 1.87445E-4 1.94558E-4 1.43873E-4 2.96954E-5 2.0173E-6 1.13081E-5 1.12848E-3 9.89423E-4 1.0946E-3 1.06623E-3 9.00069E-4 7.53176E-4 4.93971E-4 3.34354E-4 1.81939E-4 1.2432E-4 1.82814E-5 2.4102E-6 1.2638E-6 9.14658E-7 6.9426E-7 5.35152E-7 4.74331E-7 4.5731E-7 4.38993E-7 4.64887E-7 6.41387E-7 1.0961E-6 2.1622E-6 3.69647E-6
-9999 -9999 -9999 -9999 -9999 -9999 -9999 -9999 -9999 -9999 -9999 -9999 1.76038E-3 2.40783E-3 1.78319E-3 1.821E-3 2.01683E-3 1.04788E-3 2.77235E-4 8.2548E-5 5.57698E-5 1.47065E-4 8.97741E-7 3.60276E-7 1.25783E-6 2.99112E-5 3.27902E-7 7.39886E-7 8.64638E-7 2.65882E-6 5.01902E-6 9.96561E-6 3.79314E-5 3.24554E-5 8.85937E-5 8.16853E-5 1.50847E-4 1.31054E-4 1.05293E-4 6.88442E-5 2.11488E-5 1.03116E-5 1.02169E-5 2.04887E-3 1.31935E-3 1.69863E-3 1.5386E-3 2.04622E-3 1.76526E-3 8.75216E-4 4.83489E-4 3.94017E-4 1.43254E-4 9.07971E-6 1.47683E-6 7.29683E-7 4.84709E-7 4.20154E-7 3.60526E-7 3.4132E-7 2.99396E-7 3.10183E-7 5.29293E-7 1.02735E-6 2.14962E-6 4.13907E-6
-9999 -9999 -9999 -9999 -9999 -9999 -9999 -9999 -9999 -9999 -9999 -9999 -9999 -9999 2.20827E-3 2.56272E-3 2.55108E-3 2.17686E-3 5.58116E-4 1.02016E-4 3.45091E-5 5.16165E-5 4.23504E-5 1.69415E-5 3.65509E-6 7.02659E-5 9.18428E-7 9.44639E-7 2.92951E-7 4.11431E-7 1.14194E-6 1.15741E-5 1.14188E-5 2.04998E-5 5.89969E-5 8.1274E-5 8.70489E-5 5.19895E-5 5.47184E-5 6.92882E-5 6.98485E-5 2.94088E-4 7.03361E-5 3.38948E-5 1.85205E-3 2.5734E-3 2.32383E-3 2.68038E-3 7.89123E-4 2.34404E-3 1.79196E-3 1.16509E-3 7.96513E-4 1.97576E-4 7.59743E-6 7.42683E-7 3.78613E-7 3.11251E-7 3.5978E-7 3.24421E-7 1.97776E-7 1.94737E-7 4.1666E-7 9.45166E-7 2.35983E-6 4.55856E-6
-9999 -9999 -9999 -9999 -9999 -9999 -9999 -9999 -9999 -9999 -9999 -9999 -9999 -9999 -9999 -9999 2.29361E-3 3.28957E-3 1.70952E-3 4.66217E-4 6.88835E-5 3.96533E-5 4.39921E-5 5.51573E-5 1.00227E-4 1.91572E-4 4.32565E-7 3.45297E-7 3.41186E-7 2.43247E-7 7.59149E-7 1.30687E-5 4.60572E-6 7.18791E-6 3.98945E-5 6.16442E-5 6.97627E-5 2.36409E-5 1.3497E-5 4.55782E-5 7.39885E-5 9.1936E-5 6.86071E-4 1.38116E-3 1.69065E-3 4.43718E-4 3.34759E-3 2.87651E-3 7.76864E-4 3.18211E-3 3.63779E-4 8.68078E-4 1.55249E-3 1.21106E-3 1.08831E-4 2.99401E-6 4.2077E-7 2.5001E-7 3.8822E-7 3.98166E-7 2.1937E-7 2.13994E-7 4.65134E-7 1.12375E-6 2.8791E-6 5.9566E-6
-9999 -9999 -9999 -9999 -9999 -9999 -9999 -9999 -9999 -9999 -9999 -9999 -9999 -9999 -9999 -9999 -9999 2.22257E-3 2.60336E-3 1.0891E-3 4.64119E-4 1.01013E-4 4.43013E-5 3.72867E-5 5.08569E-5 1.16025E-5 3.46723E-7 1.77312E-7 2.49971E-7 1.67783E-7 4.1374E-7 3.91705E-6 9.20796E-7 1.08265E-5 3.29052E-5 4.37528E-5 4.8175E-5 5.68058E-5 3.04963E-5 2.05749E-5 3.47959E-5 3.88561E-5 2.33873E-4 1.94393E-3 3.14489E-4 7.93929E-7 3.26873E-4 3.31926E-3 3.0454E-3 2.04637E-3 1.22096E-5 3.70145E-5 1.27747E-3 1.35516E-3 5.84534E-4 4.0537E-5 2.1673E-6 4.18623E-7 4.37611E-7 5.0195E-7 3.87922E-7 4.26074E-7 8.13372E-7 1.32266E-6 2.83653E-6 6.11843E-6
-9999 -9999 -9999 -9999 -9999 -9999 -9999 -9999 -9999 -9999 -9999 -9999 -9999 -9999 -9999 -9999 -9999 -9999 -9999 7.41053E-4 1.12135E-3 3.83785E-4 1.10119E-4 3.5734E-5 2.31326E-5 4.45115E-5 1.61082E-6 1.34911E-7 3.16187E-7 1.38478E-7 2.49269E-7 5.90947E-7 1.97613E-6 3.10524E-6 2.33491E-5 3.63073E-5 3.82596E-5 5.13562E-5 3.42616E-5 1.16581E-5 1.21771E-5 5.02139E-5 4.73296E-5 1.90149E-4 5.01555E-4 1.35339E-5 8.78581E-6 1.56894E-3 2.84015E-3 3.00293E-3 2.20184E-4 1.37925E-5 1.49544E-5 7.98596E-4 2.4683E-3 2.31554E-4 4.33236E-5 3.0289E-6 1.69791E-6 1.04379E-6 8.63238E-7 6.70861E-7 1.09934E-6 2.10311E-6 4.07304E-6 8.35471E-6
-9999 -9999 -9999 -9999 -9999 -9999 -9999 -9999 -9999 -9999 -9999 -9999 -9999 -9999 -9999 -9999 -9999 -9999 -9999 -9999 -9999 1.59385E-3 3.28015E-4 8.80702E-5 3.33363E-5 2.64331E-5 3.37318E-5 1.68182E-5 1.66841E-5 1.66261E-6 2.44607E-7 1.13944E-6 3.64693E-6 1.38511E-6 1.05856E-5 1.38222E-5 3.0882E-5 4.30192E-5 5.36467E-5 3.09281E-5 9.27907E-6 4.69502E-5 7.39206E-5 9.34974E-6 3.40793E-5 2.53302E-5 8.29453E-6 2.08815E-5 1.14173E-3 9.75324E-4 4.7157E-4 1.24052E-5 8.33501E-5 5.11537E-5 6.16901E-4 9.21848E-4 1.52359E-3 8.76771E-5 2.37591E-5 1.51801E-5 6.55654E-6 4.09501E-6 3.24528E-6 4.16679E-6 6.72086E-6 1.23371E-5
-9999 -9999 -9999 -9999 -9999 -9999 -9999 -9999 -9999 -9999 -9999 -9999 -9999 -9999 -9999 -9999 -9999 -9999 -9999 -9999 -9999 -9999 1.26062E-3 4.77979E-4 1.84422E-4 8.59031E-5 4.84307E-5 3.86334E-5 4.49681E-5 4.03856E-5 2.19356E-7 1.4454E-7 2.77335E-6 4.70354E-6 8.75132E-6 9.21268E-6 2.15805E-5 3.36134E-5 5.34813E-5 5.88653E-5 6.04328E-5 8.73554E-5 1.05204E-4 5.04238E-5 4.49608E-5 2.06975E-5 1.3318E-5 1.43031E-5 7.90501E-5 1.51669E-4 1.49239E-4 7.25015E-4 2.77864E-3 2.18156E-3 5.15496E-4 4.77485E-4 2.77593E-4 9.73104E-4 5.20621E-4 1.422E-4 1.09103E-4 9.03507E-5 7.33439E-5 5.19333E-5 2.99467E-5 2.47466E-5
-9999 -9999 -9999 -9999 -9999 -9999 -9999 -9999 -9999 -9999 -9999 -9999 -9999 -9999 -9999 -9999 -9999 -9999 -9999 -9999 -9999 -9999 1.25182E-3 2.25112E-3 1.88876E-3 1.3104E-3 3.31302E-4 1.65005E-4 2.84456E-5 2.05955E-5 1.12225E-6 1.31098E-7 2.54694E-6 6.71781E-6 7.97992E-6 9.76091E-6 1.25774E-5 1.45261E-5 2.95674E-5 4.87055E-5 5.87828E-5 6.22968E-5 8.07268E-5 7.07378E-5 7.56191E-5 4.18583E-5 3.99761E-5 2.32036E-5 1.0789E-5 3.48416E-5 3.3762E-4 1.12822E-3 2.09331E-3 1.96877E-3 3.17798E-3 1.47239E-3 2.39531E-4 9.15563E-4 1.42195E-3 2.05808E-3 2.62985E-3 2.98324E-3 8.57346E-4 1.22719E-3 7.44314E-4 2.98893E-4
-9999 -9999 -9999 -9999 -9999 -9999 -9999 -9999 -9999 -9999 -9999 -9999 -9999 -9999 -9999 -9999 -9999 -9999 -9999 -9999 -9999 -9999 -9999 2.61509E-3 1.91563E-3 2.53711E-3 2.59983E-3 2.22264E-3 2.56807E-4 5.41257E-5 9.47672E-6 6.10236E-7 5.25813E-7 1.3764E-6 2.87169E-6 1.34573E-6 4.8726E-6 8.72396E-6 1.27457E-5 3.17206E-5 2.67987E-5 2.60521E-5 5.89437E-5 7.09862E-5 7.99558E-5 9.37947E-5 8.25832E-5 7.10839E-5 1.76774E-5 1.99093E-5 5.94592E-5 4.03431E-4 1.68913E-3 1.23657E-3 1.36281E-3 4.45003E-4 3.1558E-4 1.91186E-3 2.6141E-3 1.81717E-3 3.93712E-3 5.05371E-3 5.03156E-3 6.49065E-3 5.42058E-3 2.31474E-3
-9999 -9999 -9999 -9999 -9999 -9999 -9999 -9999 -9999 -9999 -9999 -9999 -9999 -9999 -9999 -9999 -9999 -9999 -9999 -9999 -9999 -9999 -9999 -9999 -9999 1.67283E-3 1.32179E-3 3.61591E-3 2.99205E-3 3.92084E-4 1.54593E-5 1.05086E-6 2.02112E-6 3.65819E-7 9.50884E-7 4.40226E-7 2.83594E-7 5.12962E-6 7.111E-6 8.56506E-6 1.20983E-5 1.45669E-5 1.83972E-5 4.72263E-5 7.36984E-5 8.86946E-5 9.73996E-5 9.44208E-5 2.65841E-5 1.32416E-5 3.53227E-5 1.06505E-4 3.3816E-4 1.48192E-3 3.21588E-3 1.56679E-3 1.41726E-3 3.91566E-3 4.73599E-3 4.53916E-3 6.19004E-3 7.02089E-3 8.03505E-3 9.06565E-3 7.90558E-3 4.98193E-3
-9999 -9999 -9999 -9999 -9999 -9999 -9999 -9999 -9999 -9999 -9999 -9999 -9999 -9999 -9999 -9999 -9999 -9999 -9999 -9999 -9999 -9999 -9999 -9999 -9999 -9999 5.46391E-4 1.15797E-3 2.11847E-3 1.80637E-3 2.44189E-5 1.41866E-6 1.1603E-6 4.89322E-8 1.55731E-7 2.02769E-8 1.93794E-7 3.96679E-6 6.2587E-6 8.11056E-7 3.8752E-6 1.51295E-5 2.2254E-5 6.74721E-6 5.17543E-5 8.07252E-5 8.86711E-5 1.14929E-4 1.11877E-5 4.79521E-6 3.0542E-5 6.13641E-5 7.99551E-5 4.52273E-4 6.37394E-4 3.19941E-3 2.74661E-3 3.05892E-3 3.57683E-3 4.88774E-3 5.91921E-3 5.20183E-3 5.66305E-3 7.19494E-3 8.11788E-3 5.45368E-3
-9999 -9999 -9999 -9999 -9999 -9999 -9999 -9999 -9999 -9999 -9999 -9999 -9999 -9999 -9999 -9999 -9999 -9999 -9999 -9999 -9999 -9999 -9999 -9999 -9999 -9999 -9999 -9999 1.51817E-3 3.11065E-3 8.32717E-5 1.39895E-5 5.00466E-6 6.69898E-8 5.50009E-8 4.98646E-8 9.43233E-7 3.12202E-6 2.50995E-6 2.71502E-6 1.17798E-5 1.99912E-5 2.28761E-5 2.10074E-5 4.05297E-5 6.27586E-5 6.28305E-5 7.37382E-5 2.36817E-5 4.5589E-6 2.59635E-5 9.62854E-5 3.30217E-5 3.2697E-4 1.0593E-3 1.61998E-3 2.73222E-3 1.94081E-3 2.41341E-3 2.80481E-3 4.58282E-3 3.86378E-3 4.33677E-3 4.96136E-3 6.78229E-3 6.39038E-3
-9999 -9999 -9999 -9999 -9999 -9999 -9999 -9999 -9999 -9999 -9999 -9999 -9999 -9999 -9999 -9999 -9999 -9999 -9999 -9999 -9999 -9999 -9999 -9999 -9999 -9999 -9999 -9999 6.64296E-4 3.52888E-3 5.63517E-4 1.60465E-5 9.91208E-6 9.8251E-8 1.25083E-7 9.71251E-9 8.01526E-7 4.31441E-6 8.93585E-6 1.2615E-5 1.57989E-5 1.82488E-5 2.14844E-5 2.44887E-5 3.61499E-5 4.62653E-5 4.83249E-5 5.34544E-5 1.39057E-5 3.56948E-6 1.93272E-5 4.18705E-5 5.85311E-5 1.11301E-4 7.64681E-4 1.66473E-3 2.38506E-3 2.29049E-3 2.65759E-3 2.57846E-3 3.23619E-3 2.80354E-3 3.20535E-3 3.96199E-3 5.02663E-3 5.83716E-3
-9999 -9999 -9999 -9999 -9999 -9999 -9999 -9999 -9999 -9999 -9999 -9999 -9999 -9999 -9999 -9999 -9999 -9999 -9999 -9999 -9999 -9999 -9999 -9999 -9999 -9999 -9999 -9999 1.68698E-3 5.64172E-3 8.74603E-4 2.23487E-5 4.43366E-6 3.40454E-7 7.37016E-8 2.15135E-7 1.94536E-6 3.55462E-6 6.54351E-6 1.04997E-5 1.42586E-5 1.5567E-5 1.83992E-5 2.21113E-5 2.65146E-5 3.20232E-5 6.65799E-5 5.80469E-5 2.29002E-5 5.72716E-6 9.48374E-6 3.31289E-5 7.12527E-5 6.62677E-5 1.4644E-4 6.919E-4 1.44907E-3 1.46714E-3 2.40313E-3 2.34128E-3 2.0355E-3 2.17811E-3 2.48624E-3 2.81477E-3 3.01547E-3 4.07987E-3
-9999 -9999 -9999 -9999 -9999 -9999 -9999 -9999 -9999 -9999 -9999 -9999 -9999 -9999 -9999 -9999 -9999 -9999 -9999 -9999 -9999 -9999 -9999 -9999 -9999 -9999 -9999 -9999 3.51413E-3 7.21059E-3 1.6467E-3 9.18872E-5 6.43556E-6 3.46644E-7 7.53005E-8 7.87198E-8 1.13196E-7 5.45654E-7 3.28761E-6 6.92822E-6 8.06643E-6 1.45509E-5 1.6693E-5 1.8029E-5 1.97721E-5 3.51258E-5 5.43106E-5 6.60051E-5 5.08388E-5 2.58675E-5 6.17303E-6 1.88089E-5 5.2732E-5 6.44497E-5 4.76953E-5 1.64565E-4 3.48626E-4 9.02068E-4 1.3492E-3 1.50333E-3 1.33944E-3 1.7663E-3 2.20635E-3 2.39321E-3 2.84589E-3 3.43776E-3
-9999 -9999 -9999 -9999 -9999 -9999 -9999 -9999 -9999 -9999 -9999 -9999 -9999 -9999 -9999 -9999 -9999 -9999 -9999 -9999 -9999 -9999 -9999 -9999 -9999 -9999 -9999 -9999 7.8028E-3 8.28338E-3 2.37555E-3 2.92521E-4 2.66058E-5 2.1976E-6 3.31143E-7 3.01821E-8 2.48584E-8 1.08546E-7 1.42249E-6 5.49278E-6 5.89484E-6 1.25417E-5 1.67702E-5 1.74249E-5 1.50953E-5 2.11206E-5 2.51348E-5 6.21007E-5 7.54163E-5 1.55871E-5 4.05427E-6 1.72545E-6 7.79242E-6 6.48116E-5 1.18891E-5 8.59992E-5 2.67127E-4 6.55532E-4 1.21344E-3 1.2778E-3 1.17512E-3 1.38427E-3 1.70396E-3 1.88114E-3 2.53283E-3 2.7773E-3
-9999 -9999 -9999 -9999 -9999 -9999 -9999 -9999 -9999 -9999 -9999 -9999 -9999 -9999 -9999 -9999 -9999 -9999 -9999 -9999 -9999 -9999 -9999 -9999 -9999 -9999 -9999 -9999 -9999 9.54857E-3 5.18128E-3 6.29036E-4 2.21411E-5 1.03562E-6 4.01156E-7 2.18706E-8 4.22327E-8 4.2239E-8 4.68281E-7 1.64387E-6 1.22521E-5 2.63178E-5 2.38255E-5 1.49967E-5 1.53728E-5 1.78479E-5 2.17245E-5 5.66609E-5 8.12615E-5 2.63994E-5 3.91429E-6 2.77645E-6 4.99246E-6 2.12609E-5 8.60689E-5 7.23568E-5 4.41182E-4 7.34349E-4 1.15391E-3 1.05265E-3 9.13995E-4 1.25992E-3 1.3726E-3 1.6119E-3 2.31451E-3 2.26358E-3
-9999 -9999 -9999 -9999 -9999 -9999 -9999 -9999 -9999 -9999 -9999 -9999 -9999 -9999 -9999 -9999 -9999 -9999 -9999 -9999 -9999 -9999 -9999 -9999 -9999 -9999 -9999 -9999 -9999 1.05984E-2 7.22538E-3 2.01471E-3 8.1854E-5 6.27501E-6 5.62307E-7 7.71728E-8 1.10188E-7 4.69541E-7 2.13073E-6 7.67115E-6 1.86239E-5 2.63906E-5 1.48358E-5 1.33075E-5 1.38608E-5 1.41624E-5 2.08169E-5 2.95136E-5 4.03438E-5 2.79872E-5 1.03306E-6 2.53117E-6 9.67573E-6 2.15038E-5 1.775E-5 2.60418E-4 2.40746E-4 8.01265E-4 1.22714E-3 1.06218E-3 9.71931E-4 9.07149E-4 1.467E-3 1.6139E-3 2.05555E-3 2.4442E-3
-9999 -9999 -9999 -9999 -9999 -9999 -9999 -9999 -9999 -9999 -9999 -9999 -9999 -9999 -9999 -9999 -9999 -9999 -9999 -9999 -9999 -9999 -9999 -9999 -9999 -9999 -9999 -9999 -9999 1.2103E-2 8.94037E-3 2.95536E-3 3.22799E-4 2.13849E-5 2.4108E-6 2.71057E-7 5.12173E-8 4.77949E-7 1.51458E-6 8.91477E-6 3.91947E-5 7.21919E-5 5.43992E-5 3.00895E-5 1.58123E-5 1.43477E-5 1.39425E-5 1.88143E-5 2.38695E-5 1.07144E-5 6.25469E-7 3.56676E-7 1.5437E-6 2.49357E-5 8.30478E-5 2.01549E-4 5.78864E-5 4.34401E-4 1.17626E-3 1.15431E-3 1.2447E-3 1.07789E-3 1.79471E-3 2.05392E-3 2.18547E-3 2.76339E-3
-9999 -9999 -9999 -9999 -9999 -9999 -9999 -9999 -9999 -9999 -9999 -9999 -9999 -9999 -9999 -9999 -9999 -9999 -9999 -9999 -9999 -9999 -9999 -9999 -9999 -9999 -9999 -9999 -9999 1.2159E-2 1.08028E-2 4.58764E-3 8.95162E-4 9.37046E-5 7.08872E-6 1.21485E-7 3.12001E-8 1.03429E-7 2.99356E-7 1.76261E-6 1.49518E-5 1.03896E-5 8.39951E-6 4.35072E-6 7.36085E-6 1.14905E-5 1.25796E-5 8.89964E-6 1.04383E-5 8.39846E-6 1.6584E-6 3.93823E-7 3.96679E-7 2.14938E-6 3.90948E-5 3.33351E-5 1.30113E-4 5.96931E-4 1.01798E-3 3.49951E-4 1.02923E-3 1.33897E-3 1.33398E-3 2.63947E-3 2.70523E-3 3.04947E-3
-9999 -9999 -9999 -9999 -9999 -9999 -9999 -9999 -9999 -9999 -9999 -9999 -9999 -9999 -9999 -9999 -9999 -9999 -9999 -9999 -9999 -9999 -9999 -9999 -9999 -9999 -9999 -9999 -9999 1.11493E-2 7.64791E-3 7.03372E-3 2.02672E-3 1.7682E-4 1.06625E-5 3.79345E-7 4.51504E-8 3.2469E-9 1.04146E-7 8.89776E-7 9.83597E-7 5.35121E-6 5.29547E-6 2.29675E-6 1.49392E-5 7.33811E-5 3.34733E-5 5.27497E-6 4.59981E-6 5.39805E-6 1.31929E-6 3.91571E-7 2.20128E-6 6.32011E-6 1.8437E-5 1.06894E-5 4.27752E-5 7.53854E-4 7.8528E-4 2.35387E-4 1.08433E-3 1.73585E-3 1.60734E-3 3.13802E-3 3.44495E-3 3.66623E-3
-9999 -9999 -9999 -9999 -9999 -9999 -9999 -9999 -9999 -9999 -9999 -9999 -9999 -9999 -9999 -9999 -9999 -9999 -9999 -9999 -9999 -9999 -9999 -9999 -9999 -9999 -9999 -9999 -9999 3.64596E-3 9.98448E-3 7.15215E-3 3.94598E-3 3.37389E-4 1.92481E-5 5.77352E-7 4.87543E-8 3.62557E-8 1.72083E-7 1.92298E-7 1.2299E-6 5.8337E-5 1.01771E-4 5.07615E-5 4.24922E-5 1.01119E-4 8.06704E-5 5.18796E-6 3.55441E-6 2.3308E-6 3.50058E-7 2.26922E-6 3.99819E-5 4.46792E-5 2.37877E-5 1.33901E-4 4.21457E-4 5.01981E-4 5.64093E-4 8.45799E-4 7.24243E-4 1.63443E-3 2.03615E-3 2.89428E-3 3.86231E-3 4.31144E-3
-9999 -9999 -9999 -9999 -9999 -9999 -9999 -9999 -9999 -9999 -9999 -9999 -9999 -9999 -9999 -9999 -9999 -9999 -9999 -9999 -9999 -9999 -9999 -9999 -9999 -9999 -9999 -9999 -9999 2.39199E-3 1.22361E-2 1.01765E-2 5.70806E-3 9.66657E-4 3.9454E-5 2.14191E-7 2.39005E-8 2.38478E-8 2.43646E-8 1.57621E-7 8.01396E-7 4.21313E-5 8.72197E-5 9.31643E-5 1.0238E-4 1.00755E-4 8.96902E-5 8.7968E-6 3.22402E-6 1.08695E-6 2.07458E-6 1.49182E-5 3.96726E-5 1.29721E-4 7.26827E-5 1.7823E-4 4.17569E-4 5.46587E-4 3.15296E-4 8.3925E-4 2.45912E-4 1.7706E-4 3.04322E-3 2.23439E-3 4.7472E-3 4.93711E-3
-9999 -9999 -9999 -9999 -9999 -9999 -9999 -9999 -9999 -9999 -9999 -9999 -9999 -9999 -9999 -9999 -9999 -9999 -9999 -9999 -9999 -9999 -9999 -9999 -9999 -9999 -9999 -9999 -9999 2.87875E-3 1.40905E-2 1.18178E-2 7.12209E-3 2.65918E-3 1.27799E-4 4.35911E-7 4.56275E-8 3.34935E-8 4.76659E-8 7.07887E-7 1.54031E-6 3.25391E-5 2.31778E-5 8.28776E-5 8.71687E-5 9.00252E-5 4.89618E-5 6.26335E-5 2.88107E-6 1.45902E-6 3.23333E-6 1.87866E-5 3.38477E-5 5.05488E-5 8.4902E-5 4.77586E-4 5.87835E-4 8.55992E-4 2.99783E-4 5.31762E-4 5.04468E-4 1.38409E-3 3.81826E-3 2.97273E-3 5.57436E-3 5.75802E-3
-9999 -9999 -9999 -9999 -9999 -9999 -9999 -9999 -9999 -9999 -9999 -9999 -9999 -9999 -9999 -9999 -9999 -9999 -9999 -9999 -9999 -9999 -9999 -9999 -9999 -9999 -9999 -9999 -9999 9.71799E-3 1.49567E-2 9.32391E-3 5.1032E-3 5.30516E-3 4.23845E-4 8.39378E-7 3.99735E-8 4.13189E-8 2.57868E-7 1.74899E-7 1.42035E-6 1.47559E-5 1.87055E-6 3.21797E-5 8.3037E-5 8.60823E-5 8.22328E-5 7.33853E-5 1.37874E-5 2.67307E-6 7.0739E-6 6.50626E-6 2.23988E-5 5.15092E-5 7.76954E-5 5.48312E-4 9.58749E-4 8.37193E-4 8.87768E-5 5.35859E-4 6.07393E-4 3.34933E-3 4.12573E-3 4.99996E-3 5.88834E-3 6.45371E-3
-9999 -9999 -9999 -9999 -9999 -9999 -9999 -9999 -9999 -9999 -9999 -9999 -9999 -9999 -9999 -9999 -9999 -9999 -9999 -9999 -9999 -9999 -9999 -9999 -9999 -9999 -9999 -9999 -9999 9.57373E-3 1.60913E-2 1.12983E-2 6.6947E-3 5.71242E-3 1.07453E-3 6.49643E-6 1.02624E-7 3.23931E-8 5.73963E-8 2.55181E-8 1.27371E-7 4.82918E-7 2.70232E-6 5.91317E-7 1.77881E-5 7.73284E-5 7.80388E-5 2.86008E-5 4.38429E-6 4.16049E-6 7.42252E-6 1.07091E-5 1.41565E-5 4.52838E-5 1.17224E-4 3.13243E-4 9.60247E-4 6.27148E-4 4.64856E-4 5.83526E-4 4.23873E-4 3.49987E-3 4.07039E-3 5.51645E-3 5.16692E-3 5.44576E-3
