Leopardus pajeros/Leopardus_pajeros_projection 2041-2060.asc
ncols         515
nrows         545
xllcorner     -119.0
yllcorner     -58.333333333333
cellsize      0.166666666667
NODATA_value  -9999
[rows 435 to 463 of 545, columns 264 to 329 of 515]
-9999 -9999 -9999 -9999 -9999 -9999 -9999 -9999 6.02242E-2 8.02525E-2 1.117E-1 1.70258E-1 2.38065E-1 2.11004E-1 1.55933E-1 1.20159E-1 1.02034E-1 1.0553E-1 1.28668E-1 1.52301E-1 2.04639E-1 2.85264E-1 3.92514E-1 5.20814E-1 6.50385E-1 7.4187E-1 7.08368E-1 8.14036E-1 9.0042E-1 8.91797E-1 7.88768E-1 5.8541E-1 4.87675E-1 4.60893E-1 3.8969E-1 3.96964E-1 3.73059E-1 3.98575E-1 3.40328E-1 3.77995E-1 4.40796E-1 4.91619E-1 5.43009E-1 5.76176E-1 6.29074E-1 5.9606E-1 5.79882E-1 5.3942E-1 5.6169E-1 5.27132E-1 5.07898E-1 4.94539E-1 5.47895E-1 5.63912E-1 5.45666E-1 5.63851E-1 5.73715E-1 6.01004E-1 6.19268E-1 5.98707E-1 5.88099E-1 5.79956E-1 6.14443E-1 6.29325E-1 6.82097E-1 6.85896E-1
-9999 -9999 -9999 -9999 -9999 -9999 -9999 -9999 6.24086E-2 9.59532E-2 1.94668E-1 3.37431E-1 3.82933E-1 2.50855E-1 1.65518E-1 1.12611E-1 8.42899E-2 8.21484E-2 1.12125E-1 1.22099E-1 1.82008E-1 2.34E-1 1.25726E-1 3.44943E-1 6.17272E-1 7.45838E-1 8.03741E-1 7.71513E-1 8.58455E-1 8.93117E-1 7.15885E-1 5.35306E-1 4.0855E-1 3.63323E-1 3.30803E-1 3.13696E-1 3.11813E-1 3.19039E-1 3.16222E-1 3.62477E-1 3.90863E-1 4.48471E-1 5.08215E-1 5.6919E-1 6.14492E-1 6.55642E-1 6.47447E-1 6.45114E-1 6.31348E-1 5.95028E-1 5.74693E-1 5.64618E-1 5.79477E-1 6.16974E-1 6.07158E-1 5.9508E-1 6.39213E-1 6.29227E-1 6.54524E-1 6.39189E-1 6.49439E-1 6.41514E-1 6.38125E-1 6.22092E-1 7.16097E-1 7.80578E-1
-9999 -9999 -9999 -9999 -9999 -9999 -9999 -9999 6.92351E-2 1.41204E-1 2.95235E-1 4.36964E-1 4.10775E-1 2.45897E-1 1.31597E-1 7.62592E-2 6.98154E-2 6.74793E-2 9.73087E-2 1.25491E-1 1.6841E-1 1.74324E-1 2.5808E-1 3.43023E-1 6.16372E-1 7.47236E-1 7.9421E-1 7.83029E-1 8.75427E-1 9.14744E-1 6.71003E-1 4.43619E-1 3.58751E-1 3.0597E-1 2.81934E-1 2.8309E-1 2.79151E-1 2.60985E-1 2.89497E-1 3.27121E-1 3.23036E-1 4.09625E-1 4.89975E-1 5.53541E-1 6.15205E-1 6.59263E-1 6.79869E-1 6.91377E-1 6.69568E-1 6.54151E-1 6.2896E-1 5.93852E-1 6.12162E-1 6.32543E-1 6.67845E-1 6.3902E-1 6.82562E-1 7.58238E-1 8.84412E-1 8.12276E-1 7.60294E-1 7.13071E-1 6.96335E-1 7.07255E-1 7.36729E-1 7.67659E-1
-9999 -9999 -9999 -9999 -9999 -9999 -9999 -9999 8.21954E-2 1.60531E-1 2.90503E-1 4.04257E-1 3.25753E-1 1.89331E-1 9.39647E-2 5.37021E-2 5.76073E-2 6.11904E-2 9.1158E-2 1.34532E-1 1.57434E-1 2.0796E-1 2.47116E-1 3.02892E-1 6.24169E-1 7.34989E-1 8.06999E-1 8.2495E-1 8.72141E-1 8.21937E-1 5.44829E-1 4.06554E-1 3.51724E-1 3.27394E-1 3.06139E-1 2.974E-1 2.63295E-1 2.48178E-1 3.02119E-1 3.31626E-1 3.46472E-1 4.0432E-1 5.1051E-1 5.6711E-1 6.19066E-1 6.67317E-1 6.66525E-1 6.99611E-1 7.08121E-1 6.99767E-1 6.80239E-1 6.75944E-1 6.8095E-1 6.57662E-1 7.16468E-1 7.32308E-1 7.50392E-1 7.54413E-1 7.76356E-1 7.90188E-1 7.9276E-1 7.69395E-1 7.64285E-1 7.57631E-1 7.80038E-1 8.23465E-1
-9999 -9999 -9999 -9999 -9999 -9999 -9999 4.77861E-2 6.38174E-2 1.39316E-1 2.54584E-1 3.31997E-1 2.4313E-1 1.38076E-1 6.37692E-2 3.21932E-2 4.63653E-2 6.05864E-2 8.15218E-2 1.23285E-1 1.62906E-1 1.37559E-1 2.84711E-1 4.79168E-1 4.78819E-1 6.66119E-1 6.9705E-1 7.5919E-1 8.51554E-1 8.03545E-1 5.42195E-1 4.4562E-1 4.25838E-1 4.04159E-1 3.71254E-1 3.16887E-1 2.52463E-1 2.47991E-1 3.39324E-1 3.64574E-1 4.11837E-1 4.72575E-1 4.97061E-1 5.40448E-1 5.75121E-1 6.3716E-1 6.3449E-1 6.74801E-1 6.89546E-1 7.01928E-1 7.14906E-1 7.39699E-1 7.5077E-1 7.37848E-1 7.38409E-1 7.57081E-1 7.54741E-1 7.64999E-1 7.86716E-1 -9999 -9999 8.51502E-1 7.98039E-1 7.77294E-1 7.85513E-1 7.98773E-1
-9999 -9999 -9999 -9999 -9999 -9999 -9999 3.53583E-2 5.91405E-2 1.20453E-1 1.97933E-1 2.53519E-1 1.81289E-1 1.00271E-1 4.29334E-2 2.2416E-2 2.32905E-2 3.90843E-2 7.50868E-2 1.08369E-1 1.90556E-1 2.44053E-1 2.12496E-1 4.93023E-1 4.50369E-1 5.925E-1 6.4531E-1 5.94971E-1 8.22657E-1 7.68481E-1 5.21303E-1 5.27389E-1 5.09076E-1 5.19038E-1 5.00493E-1 3.6257E-1 2.16715E-1 1.98411E-1 3.26389E-1 3.9031E-1 4.43366E-1 4.66828E-1 4.8254E-1 5.25928E-1 5.42931E-1 5.72165E-1 6.01863E-1 6.04316E-1 6.21275E-1 6.44319E-1 6.76516E-1 6.88599E-1 7.23279E-1 7.35022E-1 7.43094E-1 7.50496E-1 7.59174E-1 7.62794E-1 7.65279E-1 -9999 -9999 -9999 -9999 -9999 8.07883E-1 8.30912E-1
-9999 -9999 -9999 -9999 -9999 -9999 -9999 2.84683E-2 5.0888E-2 9.40564E-2 1.44162E-1 1.65735E-1 9.61568E-2 5.88174E-2 4.42389E-2 2.29776E-2 1.05253E-2 1.60171E-2 5.39114E-2 1.23092E-1 1.95833E-1 3.61119E-1 5.65535E-1 5.91973E-1 5.26409E-1 5.57412E-1 6.30023E-1 7.2454E-1 7.64723E-1 6.82455E-1 5.44784E-1 4.80211E-1 5.61733E-1 6.74948E-1 6.05546E-1 4.43455E-1 3.29343E-1 3.38639E-1 3.89837E-1 4.1915E-1 4.59247E-1 4.53095E-1 4.80208E-1 5.14613E-1 4.93179E-1 4.8218E-1 4.57576E-1 4.57883E-1 4.99843E-1 5.43355E-1 5.85035E-1 6.29327E-1 6.71446E-1 7.12234E-1 7.33543E-1 7.42831E-1 7.5146E-1 7.56155E-1 7.73728E-1 -9999 -9999 -9999 -9999 -9999 -9999 -9999
-9999 -9999 -9999 -9999 -9999 -9999 -9999 2.06233E-2 3.38233E-2 5.96338E-2 8.58519E-2 9.79296E-2 5.72441E-2 5.1416E-2 3.7453E-2 2.30211E-2 1.91463E-2 3.29777E-2 7.55891E-2 1.35857E-1 1.64179E-1 1.75273E-1 3.42168E-1 4.63169E-1 4.6588E-1 4.99418E-1 5.12465E-1 6.6513E-1 6.68819E-1 6.51113E-1 6.33318E-1 5.67189E-1 6.11783E-1 6.63726E-1 6.15921E-1 5.49122E-1 4.67942E-1 4.38587E-1 4.4554E-1 4.02383E-1 4.16803E-1 3.90314E-1 4.45638E-1 3.44798E-1 3.38861E-1 3.63948E-1 3.5603E-1 3.4387E-1 3.38548E-1 3.77476E-1 4.76541E-1 5.66999E-1 6.435E-1 6.76089E-1 7.03114E-1 7.28496E-1 7.38508E-1 7.44784E-1 7.58495E-1 -9999 -9999 -9999 -9999 -9999 -9999 -9999
-9999 -9999 -9999 -9999 -9999 -9999 -9999 1.23631E-2 2.09179E-2 3.7245E-2 6.05565E-2 7.15769E-2 5.35096E-2 3.51511E-2 2.9163E-2 2.28439E-2 2.20071E-2 5.24612E-2 9.53337E-2 1.51687E-1 1.91356E-1 1.87977E-1 1.43463E-1 2.72318E-1 4.44453E-1 5.61897E-1 5.20119E-1 5.04997E-1 3.4156E-1 4.46799E-1 6.74676E-1 6.72379E-1 5.68369E-1 6.55165E-1 5.81874E-1 5.18695E-1 4.80667E-1 4.5471E-1 4.11256E-1 3.82583E-1 3.92772E-1 3.35271E-1 3.17861E-1 3.27059E-1 3.14331E-1 3.17067E-1 3.00241E-1 2.40409E-1 2.16275E-1 3.15419E-1 4.49658E-1 5.43432E-1 6.15189E-1 6.70791E-1 6.99444E-1 7.27351E-1 7.33922E-1 7.44302E-1 7.50361E-1 -9999 -9999 -9999 -9999 -9999 -9999 -9999
-9999 -9999 -9999 -9999 -9999 -9999 -9999 -9999 1.35833E-2 2.30056E-2 3.28109E-2 -9999 -9999 -9999 2.75185E-2 2.64471E-2 2.99441E-2 6.62773E-2 1.02374E-1 1.48398E-1 2.80631E-1 3.24572E-1 1.75851E-1 1.83187E-1 3.29295E-1 5.19258E-1 6.66396E-1 5.98005E-1 5.39058E-1 5.03411E-1 5.44463E-1 5.17628E-1 4.24705E-1 5.21511E-1 4.43127E-1 3.46978E-1 3.72187E-1 4.39689E-1 3.92304E-1 3.23753E-1 3.47754E-1 3.3883E-1 3.61839E-1 3.42148E-1 2.82537E-1 2.91714E-1 2.99081E-1 2.74127E-1 2.73873E-1 3.69882E-1 4.80321E-1 5.87298E-1 6.35179E-1 6.76348E-1 7.06103E-1 7.18942E-1 7.23621E-1 7.31053E-1 7.39593E-1 8.02517E-1 -9999 -9999 -9999 -9999 -9999 -9999
-9999 -9999 -9999 -9999 -9999 -9999 -9999 -9999 8.55762E-3 -9999 -9999 -9999 -9999 -9999 2.22239E-2 3.43376E-2 4.97198E-2 6.62748E-2 1.2262E-1 1.43759E-1 2.73846E-1 3.25045E-1 1.88855E-1 2.90236E-1 4.95856E-1 5.9384E-1 6.63362E-1 7.00116E-1 6.47559E-1 6.77355E-1 4.93104E-1 4.35321E-1 4.21713E-1 4.37386E-1 3.38006E-1 2.32076E-1 3.14273E-1 3.99831E-1 3.9315E-1 2.84503E-1 2.60402E-1 3.17923E-1 3.56763E-1 3.40802E-1 3.12008E-1 3.20509E-1 4.84951E-1 4.71633E-1 4.17631E-1 4.71552E-1 5.67826E-1 5.94419E-1 6.30511E-1 6.58191E-1 6.67801E-1 6.90998E-1 7.06015E-1 7.17191E-1 7.23452E-1 7.78592E-1 -9999 -9999 -9999 -9999 -9999 -9999
-9999 -9999 -9999 -9999 -9999 -9999 2.20994E-3 3.00288E-3 4.55144E-3 -9999 -9999 -9999 -9999 1.26052E-2 2.46905E-2 3.8847E-2 5.08309E-2 8.55924E-2 1.56047E-1 1.36127E-1 4.03143E-1 4.17567E-1 4.81839E-1 6.05065E-1 6.52087E-1 7.15264E-1 7.14297E-1 7.76346E-1 7.8479E-1 7.85177E-1 6.55864E-1 4.46152E-1 4.41833E-1 3.63226E-1 2.78522E-1 2.85977E-1 3.3139E-1 2.90295E-1 3.3036E-1 2.8036E-1 1.91878E-1 2.53613E-1 3.01171E-1 3.06327E-1 2.85664E-1 3.56677E-1 4.30724E-1 5.70272E-1 5.94668E-1 5.83897E-1 6.0905E-1 6.09922E-1 6.46423E-1 6.70534E-1 6.84853E-1 6.97203E-1 7.05951E-1 7.03972E-1 7.09024E-1 -9999 -9999 -9999 -9999 -9999 -9999 -9999
-9999 -9999 -9999 -9999 -9999 -9999 2.62958E-3 2.75106E-3 2.48304E-3 -9999 -9999 -9999 -9999 -9999 -9999 3.64834E-2 5.80888E-2 7.98362E-2 1.72653E-1 2.35704E-1 4.79019E-1 4.24345E-1 5.12895E-1 4.79009E-1 6.55965E-1 7.83123E-1 7.99515E-1 8.17445E-1 7.36435E-1 7.82485E-1 7.4419E-1 5.90333E-1 4.94979E-1 3.15667E-1 2.26849E-1 2.52886E-1 2.1148E-1 1.47056E-1 1.88892E-1 2.12244E-1 1.72191E-1 1.7707E-1 2.25341E-1 2.60772E-1 2.60588E-1 4.48163E-1 4.94005E-1 5.4699E-1 6.28795E-1 5.88503E-1 5.97682E-1 6.14219E-1 6.3725E-1 6.63447E-1 6.82259E-1 6.92158E-1 6.99043E-1 6.98732E-1 6.97828E-1 -9999 -9999 -9999 -9999 -9999 -9999 -9999
-9999 -9999 -9999 -9999 -9999 2.58184E-3 3.29252E-3 2.65786E-3 2.77004E-3 2.31272E-3 -9999 -9999 -9999 -9999 -9999 -9999 6.92764E-2 9.03229E-2 1.80932E-1 2.88387E-1 2.91518E-1 4.71447E-1 6.7162E-1 6.0923E-1 7.18031E-1 7.81974E-1 8.51742E-1 8.69075E-1 7.94154E-1 6.78204E-1 6.57405E-1 6.31443E-1 6.31678E-1 4.94623E-1 3.80706E-1 2.38176E-1 2.30227E-1 2.22856E-1 1.79331E-1 2.08375E-1 1.88402E-1 1.6033E-1 2.33857E-1 3.37121E-1 4.02117E-1 4.86803E-1 5.58738E-1 5.95896E-1 5.84298E-1 5.55718E-1 6.14723E-1 6.41945E-1 6.60617E-1 6.73086E-1 6.87542E-1 6.94574E-1 6.93718E-1 6.93674E-1 7.28327E-1 7.30853E-1 7.45974E-1 -9999 -9999 -9999 -9999 -9999
-9999 -9999 -9999 -9999 -9999 3.17025E-3 3.36713E-3 3.44195E-3 2.57033E-3 -9999 -9999 -9999 -9999 -9999 2.20838E-2 2.93794E-2 7.38525E-2 7.46749E-2 1.21355E-1 2.04109E-1 3.25321E-1 5.66987E-1 4.44042E-1 6.62192E-1 6.42469E-1 8.22699E-1 8.83259E-1 8.6489E-1 6.6254E-1 5.31154E-1 6.1509E-1 6.13015E-1 4.93418E-1 5.13193E-1 4.97069E-1 3.58318E-1 2.48235E-1 3.25792E-1 3.23122E-1 3.52907E-1 3.10515E-1 2.76945E-1 3.07698E-1 3.08786E-1 3.54177E-1 4.94654E-1 5.57188E-1 6.04703E-1 6.32107E-1 6.21388E-1 6.12063E-1 6.39203E-1 6.7931E-1 6.90365E-1 6.91616E-1 6.96067E-1 6.91305E-1 6.99428E-1 7.11911E-1 7.10072E-1 7.25396E-1 7.47489E-1 -9999 -9999 -9999 -9999
-9999 -9999 -9999 -9999 -9999 -9999 3.55559E-3 3.2778E-3 -9999 -9999 -9999 -9999 -9999 7.40843E-3 1.50456E-2 3.39167E-2 5.72974E-2 8.57318E-2 1.46375E-1 2.08392E-1 3.74609E-1 4.03186E-1 2.73672E-1 6.25337E-1 7.50326E-1 8.38396E-1 9.01427E-1 9.20115E-1 8.3819E-1 8.13634E-1 7.72377E-1 7.72853E-1 4.8949E-1 5.21588E-1 5.15185E-1 4.29944E-1 3.33237E-1 2.95414E-1 3.45682E-1 4.1546E-1 4.29062E-1 4.2324E-1 3.45349E-1 2.67348E-1 3.45517E-1 5.1015E-1 5.88519E-1 6.56236E-1 7.13799E-1 7.16378E-1 6.82552E-1 6.90198E-1 7.04236E-1 6.98303E-1 7.09081E-1 7.09098E-1 7.05791E-1 7.14119E-1 6.89412E-1 6.77449E-1 -9999 -9999 -9999 -9999 -9999 8.43653E-1
-9999 -9999 -9999 -9999 -9999 -9999 2.87724E-3 2.72023E-3 -9999 -9999 -9999 -9999 -9999 5.30124E-3 1.48891E-2 2.82016E-2 5.3899E-2 8.80487E-2 1.65527E-1 2.62335E-1 2.64932E-1 4.33804E-1 2.09432E-1 6.2246E-1 8.05118E-1 8.59796E-1 9.20881E-1 8.90716E-1 7.17505E-1 7.38883E-1 5.3967E-1 7.41648E-1 7.34565E-1 4.21911E-1 4.2777E-1 4.0035E-1 3.85894E-1 2.70655E-1 2.61442E-1 2.67824E-1 2.93172E-1 2.82939E-1 3.00013E-1 3.80085E-1 4.85695E-1 6.09447E-1 7.21385E-1 7.48141E-1 7.58557E-1 7.54257E-1 7.43579E-1 7.27838E-1 7.2786E-1 7.21433E-1 7.16119E-1 7.09779E-1 7.154E-1 7.11313E-1 6.96478E-1 6.83381E-1 -9999 -9999 -9999 -9999 -9999 8.27478E-1
-9999 -9999 -9999 -9999 -9999 2.76205E-3 2.42659E-3 1.93949E-3 1.62373E-3 -9999 -9999 -9999 -9999 -9999 1.40641E-2 2.66168E-2 4.55401E-2 8.24757E-2 1.07461E-1 2.22564E-1 3.79792E-1 5.93547E-1 5.37468E-1 7.53233E-1 6.71256E-1 8.77372E-1 9.36429E-1 9.17466E-1 7.45515E-1 5.437E-1 4.30137E-1 4.10309E-1 5.13776E-1 6.47591E-1 3.91112E-1 4.09298E-1 4.60699E-1 5.16557E-1 4.52111E-1 2.9435E-1 3.028E-1 4.25622E-1 5.04235E-1 5.43562E-1 6.243E-1 7.00705E-1 7.64012E-1 8.62682E-1 8.80552E-1 8.49636E-1 8.50274E-1 7.91644E-1 7.18843E-1 7.15686E-1 7.20114E-1 7.21887E-1 7.21994E-1 7.19186E-1 7.36265E-1 7.45195E-1 7.3028E-1 -9999 -9999 -9999 -9999 -9999
-9999 -9999 -9999 -9999 -9999 2.50795E-3 2.00809E-3 1.38059E-3 1.29606E-3 -9999 -9999 -9999 -9999 5.03224E-3 9.63767E-3 1.96984E-2 4.03175E-2 7.59152E-2 1.39774E-1 2.43513E-1 3.8252E-1 5.69022E-1 6.37089E-1 7.6476E-1 8.21226E-1 8.6668E-1 9.38149E-1 9.29549E-1 7.70665E-1 5.7975E-1 4.35613E-1 3.66815E-1 3.42532E-1 4.65595E-1 6.83748E-1 5.7458E-1 5.12144E-1 5.53461E-1 5.00053E-1 4.03699E-1 5.41076E-1 5.5836E-1 6.2534E-1 6.38089E-1 7.44316E-1 7.93381E-1 7.99874E-1 7.97222E-1 8.00671E-1 8.18215E-1 7.83251E-1 7.29497E-1 7.15306E-1 7.19695E-1 7.25797E-1 7.28002E-1 7.74738E-1 7.42612E-1 7.62496E-1 8.08657E-1 8.22914E-1 8.20543E-1 -9999 -9999 -9999 -9999
-9999 -9999 -9999 -9999 2.47852E-3 1.90258E-3 1.42693E-3 9.906E-4 -9999 -9999 -9999 -9999 -9999 6.07451E-3 1.19393E-2 1.74474E-2 3.73094E-2 6.71064E-2 1.32229E-1 1.84039E-1 3.97062E-1 5.6588E-1 4.6946E-1 6.50235E-1 8.3342E-1 7.07039E-1 8.8668E-1 8.74512E-1 6.91196E-1 4.6724E-1 5.09271E-1 3.79776E-1 2.47047E-1 3.27674E-1 6.29641E-1 6.52759E-1 5.46904E-1 5.86928E-1 6.50134E-1 5.33698E-1 6.41148E-1 7.13369E-1 7.33851E-1 7.46454E-1 7.86427E-1 7.85525E-1 7.73971E-1 7.58285E-1 7.38421E-1 7.42869E-1 7.25773E-1 7.20828E-1 7.21612E-1 7.25204E-1 7.334E-1 7.43206E-1 7.76985E-1 8.21358E-1 8.55922E-1 8.62389E-1 -9999 -9999 -9999 -9999 -9999 -9999
-9999 -9999 -9999 -9999 -9999 -9999 -9999 -9999 -9999 -9999 -9999 -9999 2.12651E-3 6.3448E-3 1.08918E-2 1.91382E-2 3.05524E-2 6.81698E-2 1.10977E-1 2.11558E-1 4.36198E-1 4.87466E-1 4.27203E-1 5.21964E-1 8.70023E-1 8.08996E-1 8.24884E-1 7.78361E-1 4.97108E-1 3.51275E-1 4.42094E-1 4.83867E-1 2.96746E-1 3.53822E-1 6.21612E-1 6.37401E-1 4.46253E-1 5.66827E-1 6.72951E-1 7.13725E-1 7.2556E-1 7.50009E-1 7.42095E-1 7.35146E-1 7.46963E-1 7.36954E-1 7.4911E-1 7.51257E-1 7.59644E-1 7.39422E-1 7.31337E-1 7.30747E-1 7.22113E-1 7.36931E-1 8.02976E-1 7.6012E-1 7.5462E-1 7.5412E-1 7.58221E-1 -9999 -9999 -9999 -9999 -9999 -9999 -9999
-9999 -9999 -9999 -9999 -9999 -9999 -9999 -9999 -9999 -9999 -9999 -9999 1.63754E-3 4.42836E-3 1.05574E-2 2.00371E-2 3.35043E-2 6.49166E-2 1.35206E-1 2.62031E-1 3.80897E-1 5.58286E-1 6.65896E-1 7.35507E-1 8.62325E-1 7.9402E-1 7.74352E-1 6.54382E-1 5.70651E-1 4.9551E-1 4.90036E-1 4.86172E-1 3.38314E-1 3.18393E-1 4.68929E-1 6.59846E-1 7.16527E-1 6.57966E-1 6.28942E-1 6.8932E-1 7.42528E-1 7.45094E-1 7.15292E-1 6.71189E-1 7.47059E-1 7.67169E-1 7.22966E-1 7.10476E-1 7.12033E-1 7.28034E-1 7.27828E-1 7.27967E-1 7.57202E-1 8.05797E-1 7.48746E-1 7.28396E-1 7.40398E-1 7.45219E-1 -9999 -9999 -9999 -9999 -9999 -9999 -9999 -9999
-9999 -9999 -9999 -9999 -9999 -9999 -9999 -9999 -9999 -9999 -9999 -9999 1.62729E-3 4.00946E-3 1.02187E-2 1.91137E-2 3.30672E-2 6.56684E-2 1.10017E-1 2.38586E-1 2.13432E-1 5.0271E-1 7.12472E-1 7.01434E-1 7.95772E-1 6.2451E-1 6.74547E-1 5.83849E-1 5.57395E-1 4.52732E-1 4.63033E-1 5.63242E-1 4.86916E-1 4.22024E-1 5.09347E-1 5.92057E-1 7.34024E-1 7.33573E-1 7.35891E-1 6.71413E-1 6.92895E-1 7.30981E-1 7.27797E-1 7.22561E-1 7.9842E-1 8.11697E-1 7.50778E-1 7.02576E-1 6.92677E-1 6.9422E-1 7.11243E-1 7.34761E-1 7.2009E-1 7.25117E-1 7.16247E-1 7.18353E-1 7.25066E-1 7.37713E-1 -9999 -9999 -9999 -9999 -9999 -9999 -9999 -9999
-9999 -9999 -9999 -9999 -9999 -9999 -9999 -9999 -9999 -9999 -9999 -9999 1.49998E-3 3.05211E-3 8.93404E-3 1.35433E-2 3.15332E-2 5.68661E-2 7.92434E-2 1.63392E-1 3.18655E-1 5.72644E-1 6.28888E-1 7.39301E-1 8.29861E-1 7.37026E-1 6.67708E-1 4.80329E-1 3.85353E-1 3.35575E-1 3.1499E-1 4.69203E-1 4.1468E-1 4.37486E-1 5.76166E-1 6.36533E-1 6.72486E-1 7.13312E-1 6.94643E-1 6.78645E-1 7.01414E-1 7.16699E-1 6.99472E-1 7.24582E-1 7.45474E-1 7.60468E-1 7.81538E-1 7.38365E-1 7.21186E-1 7.28647E-1 7.23683E-1 7.20821E-1 7.21233E-1 7.11244E-1 7.13166E-1 7.08766E-1 7.11261E-1 7.23963E-1 -9999 -9999 -9999 -9999 -9999 -9999 -9999 -9999
-9999 -9999 -9999 -9999 -9999 -9999 -9999 -9999 -9999 -9999 -9999 8.26359E-4 2.39989E-3 4.28279E-3 7.99464E-3 1.45731E-2 2.83057E-2 5.9245E-2 1.15375E-1 1.49014E-1 4.69055E-1 5.59725E-1 6.52336E-1 8.29898E-1 9.1912E-1 8.20166E-1 6.59524E-1 5.48554E-1 3.86566E-1 2.8811E-1 2.6582E-1 3.17043E-1 2.96189E-1 3.83744E-1 5.26493E-1 6.03743E-1 6.74924E-1 6.43858E-1 5.92098E-1 6.16009E-1 6.57605E-1 6.45614E-1 6.71407E-1 7.31083E-1 7.36515E-1 7.67746E-1 7.63205E-1 7.68613E-1 7.31433E-1 7.26245E-1 7.31263E-1 7.31743E-1 7.13571E-1 7.03189E-1 7.03858E-1 7.05276E-1 7.04698E-1 7.23059E-1 -9999 -9999 -9999 -9999 -9999 -9999 -9999 -9999
-9999 -9999 -9999 -9999 -9999 2.99954E-4 2.27204E-4 1.66908E-4 -9999 -9999 -9999 6.44386E-4 1.79408E-3 4.16758E-3 8.08299E-3 1.57563E-2 2.96821E-2 6.25063E-2 1.40815E-1 2.88728E-1 5.47588E-1 7.41969E-1 8.28693E-1 8.83132E-1 8.96905E-1 8.07588E-1 6.62866E-1 5.80821E-1 4.59052E-1 3.27336E-1 3.55411E-1 3.43834E-1 3.06808E-1 3.47359E-1 5.35157E-1 6.0908E-1 5.85574E-1 6.43845E-1 5.40996E-1 4.84569E-1 6.43121E-1 6.54405E-1 6.52185E-1 6.95439E-1 7.41794E-1 7.94891E-1 7.60567E-1 7.20414E-1 7.20488E-1 7.33963E-1 7.0504E-1 7.00932E-1 6.98226E-1 6.97988E-1 7.01097E-1 6.99855E-1 6.91243E-1 7.23385E-1 -9999 -9999 -9999 -9999 -9999 -9999 -9999 -9999
-9999 -9999 -9999 -9999 3.74329E-4 2.76767E-4 2.36133E-4 1.83945E-4 -9999 -9999 -9999 5.87981E-4 1.08404E-3 2.58271E-3 4.75159E-3 1.13527E-2 2.84287E-2 5.97129E-2 9.43174E-2 1.59854E-1 4.71063E-1 5.53779E-1 6.93693E-1 7.74182E-1 8.50782E-1 8.61873E-1 7.88698E-1 6.56735E-1 5.20944E-1 4.77322E-1 4.59812E-1 4.66119E-1 3.48498E-1 3.88194E-1 5.11228E-1 6.18196E-1 6.36721E-1 5.35829E-1 3.84432E-1 5.87575E-1 6.68383E-1 7.15649E-1 7.40347E-1 7.59834E-1 8.10503E-1 8.28912E-1 7.42722E-1 7.10628E-1 7.3426E-1 7.18991E-1 6.83448E-1 6.91704E-1 6.85641E-1 6.97429E-1 6.97139E-1 6.99979E-1 6.90802E-1 7.04864E-1 -9999 -9999 -9999 -9999 -9999 -9999 -9999 -9999
-9999 -9999 -9999 -9999 3.45293E-4 2.86861E-4 -9999 2.2277E-4 -9999 -9999 -9999 7.91869E-4 1.2412E-3 1.88164E-3 6.46058E-3 1.45391E-2 2.72393E-2 5.87878E-2 1.23643E-1 2.85322E-1 4.57541E-1 6.77178E-1 7.4835E-1 7.88295E-1 8.6701E-1 8.42025E-1 8.16578E-1 7.20646E-1 6.38971E-1 5.8074E-1 5.39252E-1 4.55541E-1 3.03595E-1 2.91234E-1 4.89397E-1 6.25608E-1 6.1481E-1 4.7498E-1 3.92138E-1 5.17206E-1 5.59086E-1 6.67182E-1 7.22954E-1 7.55152E-1 7.59409E-1 7.4932E-1 7.44802E-1 7.42405E-1 7.42259E-1 7.06699E-1 7.03314E-1 6.85967E-1 6.94023E-1 6.8546E-1 6.87281E-1 7.02668E-1 -9999 -9999 -9999 -9999 -9999 -9999 -9999 -9999 -9999 -9999
-9999 -9999 -9999 3.43729E-4 2.98684E-4 2.69258E-4 2.5177E-4 2.18306E-4 -9999 -9999 4.66108E-4 9.47254E-4 9.89236E-4 1.61423E-3 5.95995E-3 1.47293E-2 2.95263E-2 6.21515E-2 1.09323E-1 2.05813E-1 2.77577E-1 2.74233E-1 3.98095E-1 5.92218E-1 8.34914E-1 9.05785E-1 8.36572E-1 7.72542E-1 6.84181E-1 6.20671E-1 5.36903E-1 3.58916E-1 3.14776E-1 3.62419E-1 6.23744E-1 6.30373E-1 6.37217E-1 6.33404E-1 6.60407E-1 5.92216E-1 7.05813E-1 6.99125E-1 7.14632E-1 7.36446E-1 7.42278E-1 7.62646E-1 7.50888E-1 7.71033E-1 7.35812E-1 7.11277E-1 7.16711E-1 7.16008E-1 7.16982E-1 6.97256E-1 6.93436E-1 7.40829E-1 -9999 -9999 -9999 -9999 -9999 -9999 -9999 -9999 -9999 -9999
