Leopardus pajeros/Leopardus_pajeros_projection 2041-2060_novel.asc
ncols         515
nrows         545
xllcorner     -119.0
yllcorner     -58.333333333333
cellsize      0.166666666667
NODATA_value  -9999
[rows 210 to 239 of 545, columns 408 to 475 of 515]
1.65438E0 1.65438E0 1.65438E0 1.65438E0 1.65438E0 1.65438E0 3.98645E-2 3.98645E-2 3.98645E-2 3.98645E-2 3.98645E-2 3.98645E-2 3.98645E-2 3.98645E-2 3.98645E-2 3.98645E-2 3.98645E-2 3.98645E-2 3.98645E-2 3.98645E-2 3.98645E-2 3.98645E-2 1.65438E0 1.65438E0 3.98645E-2 3.98645E-2 3.98645E-2 3.98645E-2 3.98645E-2 3.98645E-2 3.98645E-2 3.98645E-2 3.98645E-2 3.98645E-2 3.98645E-2 3.98645E-2 3.98645E-2 3.98645E-2 1.99322E-2 1.99322E-2 3.98645E-2 -9999 -9999 3.98645E-2 3.98645E-2 3.98645E-2 3.98645E-2 3.98645E-2 3.98645E-2 -9999 -9999 -9999 -9999 -9999 -9999 -9999 -9999 -9999 -9999 -9999 -9999 -9999 -9999 -9999 -9999 -9999 -9999 -9999
1.65438E0 1.65438E0 1.65438E0 1.65438E0 1.65438E0 3.98645E-2 3.98645E-2 3.98645E-2 3.98645E-2 3.98645E-2 3.98645E-2 3.98645E-2 3.98645E-2 3.98645E-2 3.98645E-2 3.98645E-2 3.98645E-2 3.98645E-2 3.98645E-2 3.98645E-2 3.98645E-2 3.98645E-2 1.65438E0 1.65438E0 1.65438E0 3.98645E-2 3.98645E-2 3.98645E-2 3.98645E-2 3.98645E-2 3.98645E-2 3.98645E-2 3.98645E-2 3.98645E-2 3.98645E-2 3.98645E-2 3.98645E-2 3.98645E-2 1.99322E-2 3.98645E-2 3.98645E-2 -9999 3.98645E-2 3.98645E-2 3.98645E-2 3.98645E-2 3.98645E-2 3.98645E-2 3.98645E-2 3.98645E-2 3.98645E-2 -9999 -9999 -9999 -9999 -9999 -9999 -9999 -9999 -9999 -9999 -9999 -9999 -9999 -9999 -9999 -9999 -9999
1.65438E0 1.65438E0 1.65438E0 1.65438E0 1.65438E0 1.65438E0 3.98645E-2 3.98645E-2 3.98645E-2 3.98645E-2 3.98645E-2 3.98645E-2 3.98645E-2 3.98645E-2 3.98645E-2 3.98645E-2 3.98645E-2 3.98645E-2 3.98645E-2 3.98645E-2 1.65438E0 1.65438E0 1.65438E0 1.65438E0 3.98645E-2 3.98645E-2 3.98645E-2 3.98645E-2 1.65438E0 3.98645E-2 3.98645E-2 3.98645E-2 3.98645E-2 3.98645E-2 3.98645E-2 3.98645E-2 3.98645E-2 3.98645E-2 3.98645E-2 3.98645E-2 3.98645E-2 3.98645E-2 3.98645E-2 3.98645E-2 3.98645E-2 3.98645E-2 3.98645E-2 3.98645E-2 3.98645E-2 3.98645E-2 3.98645E-2 3.98645E-2 3.98645E-2 3.98645E-2 1.99322E-2 1.99322E-2 -9999 -9999 -9999 -9999 -9999 3.98645E-2 3.98645E-2 3.98645E-2 3.98645E-2 3.98645E-2 -9999 -9999
1.65438E0 1.65438E0 1.65438E0 1.65438E0 3.98645E-2 1.65438E0 3.98645E-2 3.98645E-2 3.98645E-2 3.98645E-2 3.98645E-2 3.98645E-2 3.98645E-2 3.98645E-2 3.98645E-2 3.98645E-2 3.98645E-2 3.98645E-2 3.98645E-2 3.98645E-2 1.65438E0 1.65438E0 1.65438E0 1.65438E0 1.65438E0 1.65438E0 1.65438E0 1.65438E0 1.65438E0 3.98645E-2 3.98645E-2 3.98645E-2 3.98645E-2 3.98645E-2 3.98645E-2 3.98645E-2 3.98645E-2 3.98645E-2 3.98645E-2 3.98645E-2 3.98645E-2 3.98645E-2 3.98645E-2 3.98645E-2 3.98645E-2 3.98645E-2 3.98645E-2 3.98645E-2 3.98645E-2 3.98645E-2 3.98645E-2 3.98645E-2 3.98645E-2 3.98645E-2 3.98645E-2 3.98645E-2 3.98645E-2 1.65438E0 1.65438E0 1.65438E0 1.65438E0 3.98645E-2 3.98645E-2 1.65438E0 1.65438E0 1.65438E0 1.65438E0 1.65438E0
1.65438E0 1.65438E0 1.65438E0 1.65438E0 3.98645E-2 3.98645E-2 3.98645E-2 3.98645E-2 3.98645E-2 3.98645E-2 3.98645E-2 3.98645E-2 3.98645E-2 3.98645E-2 3.98645E-2 3.98645E-2 3.98645E-2 3.98645E-2 1.65438E0 1.65438E0 1.65438E0 1.65438E0 1.65438E0 1.65438E0 1.65438E0 1.65438E0 1.65438E0 1.65438E0 1.65438E0 1.65438E0 1.65438E0 1.65438E0 3.98645E-2 3.98645E-2 3.98645E-2 3.98645E-2 3.98645E-2 3.98645E-2 3.98645E-2 3.98645E-2 3.98645E-2 3.98645E-2 3.98645E-2 3.98645E-2 3.98645E-2 3.98645E-2 1.65438E0 3.98645E-2 1.65438E0 1.65438E0 3.98645E-2 3.98645E-2 3.98645E-2 3.98645E-2 3.98645E-2 1.65438E0 1.65438E0 1.65438E0 2.19255E0 2.15268E0 1.65438E0 1.49492E0 1.65438E0 1.65438E0 1.65438E0 1.65438E0 1.65438E0 1.65438E0
1.65438E0 1.65438E0 1.65438E0 1.65438E0 1.65438E0 3.98645E-2 3.98645E-2 3.98645E-2 3.98645E-2 3.98645E-2 3.98645E-2 3.98645E-2 3.98645E-2 3.98645E-2 1.65438E0 1.65438E0 1.65438E0 1.65438E0 1.65438E0 1.65438E0 1.65438E0 1.65438E0 1.65438E0 1.65438E0 1.65438E0 1.65438E0 1.65438E0 1.65438E0 1.65438E0 1.65438E0 1.65438E0 1.65438E0 1.65438E0 3.98645E-2 3.98645E-2 3.98645E-2 3.98645E-2 3.98645E-2 3.98645E-2 3.98645E-2 3.98645E-2 3.98645E-2 3.98645E-2 3.98645E-2 3.98645E-2 3.98645E-2 1.65438E0 1.65438E0 1.65438E0 1.65438E0 3.98645E-2 3.98645E-2 3.98645E-2 3.98645E-2 3.98645E-2 1.65438E0 3.90672E0 3.44828E0 1.0285E1 9.16883E0 2.25234E0 1.65438E0 1.65438E0 1.65438E0 1.65438E0 1.65438E0 1.65438E0 1.65438E0
1.65438E0 1.65438E0 1.65438E0 1.65438E0 1.65438E0 1.65438E0 3.98645E-2 3.98645E-2 3.98645E-2 3.98645E-2 3.98645E-2 1.65438E0 3.98645E-2 1.65438E0 1.65438E0 1.65438E0 1.65438E0 1.65438E0 1.65438E0 1.65438E0 1.65438E0 1.65438E0 1.65438E0 1.65438E0 1.65438E0 1.65438E0 1.65438E0 1.65438E0 1.65438E0 1.65438E0 1.65438E0 1.65438E0 1.65438E0 3.98645E-2 3.98645E-2 3.98645E-2 3.98645E-2 3.98645E-2 3.98645E-2 3.98645E-2 3.98645E-2 3.98645E-2 3.98645E-2 3.98645E-2 3.98645E-2 1.65438E0 1.65438E0 1.65438E0 1.65438E0 1.65438E0 3.98645E-2 3.98645E-2 3.98645E-2 3.98645E-2 3.98645E-2 1.65438E0 6.63743E0 6.63743E0 4.62428E0 1.10026E1 7.89316E0 1.65438E0 7.35499E0 1.01455E1 1.65438E0 1.65438E0 1.65438E0 5.88001E0
1.65438E0 1.65438E0 1.65438E0 1.65438E0 1.65438E0 1.65438E0 1.65438E0 1.65438E0 3.98645E-2 3.98645E-2 1.65438E0 1.65438E0 3.98645E-2 1.65438E0 1.65438E0 1.65438E0 1.65438E0 1.65438E0 1.65438E0 1.65438E0 1.65438E0 1.65438E0 1.65438E0 1.65438E0 1.65438E0 1.65438E0 1.65438E0 1.65438E0 1.65438E0 1.65438E0 1.65438E0 1.65438E0 1.65438E0 1.65438E0 3.98645E-2 3.98645E-2 3.98645E-2 3.98645E-2 3.98645E-2 3.98645E-2 3.98645E-2 3.98645E-2 3.98645E-2 3.98645E-2 1.65438E0 1.65438E0 1.65438E0 1.49492E0 1.65438E0 1.49492E0 1.65438E0 1.65438E0 1.65438E0 1.65438E0 1.49492E0 1.65438E0 3.0895E0 4.18577E0 1.0285E1 4.06617E0 3.50807E0 1.65438E0 2.15268E0 6.63743E0 1.65438E0 1.65438E0 2.94997E0 3.90672E0
1.65438E0 1.65438E0 1.65438E0 1.65438E0 1.65438E0 1.65438E0 3.98645E-2 3.98645E-2 3.98645E-2 3.98645E-2 3.98645E-2 1.65438E0 1.65438E0 1.65438E0 1.65438E0 1.65438E0 1.65438E0 1.65438E0 1.65438E0 1.65438E0 1.65438E0 1.65438E0 1.65438E0 1.65438E0 1.65438E0 1.24377E1 1.24377E1 1.24377E1 1.65438E0 1.65438E0 1.65438E0 1.65438E0 1.65438E0 1.65438E0 1.65438E0 3.98645E-2 3.98645E-2 3.98645E-2 3.98645E-2 3.98645E-2 3.98645E-2 3.98645E-2 1.49492E0 1.49492E0 1.65438E0 1.65438E0 1.65438E0 1.65438E0 1.49492E0 1.49492E0 1.49492E0 1.65438E0 1.49492E0 1.49492E0 1.49492E0 1.49492E0 3.0895E0 3.0895E0 3.70739E0 3.44828E0 4.18577E0 2.25234E0 1.65438E0 1.65438E0 1.65438E0 1.65438E0 3.18916E0 3.50807E0
1.24377E1 1.65438E0 1.65438E0 1.65438E0 1.65438E0 1.65438E0 1.65438E0 3.98645E-2 3.98645E-2 1.65438E0 3.98645E-2 1.65438E0 1.65438E0 1.65438E0 1.65438E0 1.65438E0 1.65438E0 1.65438E0 1.65438E0 1.65438E0 1.24377E1 1.65438E0 1.65438E0 1.24377E1 1.24377E1 1.24377E1 1.24377E1 6.63743E0 6.63743E0 6.63743E0 1.65438E0 1.65438E0 1.65438E0 1.65438E0 1.65438E0 3.98645E-2 3.98645E-2 3.98645E-2 3.98645E-2 3.98645E-2 3.98645E-2 1.49492E0 1.49492E0 1.65438E0 1.49492E0 1.65438E0 1.49492E0 1.49492E0 1.49492E0 1.49492E0 1.49492E0 1.49492E0 1.49492E0 1.49492E0 1.49492E0 3.0895E0 1.49492E0 3.0895E0 3.0895E0 2.59119E0 3.30875E0 2.55133E0 2.25234E0 1.65438E0 1.65438E0 4.38509E0 4.06617E0 4.8236E0
1.24377E1 1.65438E0 1.65438E0 1.65438E0 1.65438E0 1.65438E0 1.65438E0 3.98645E-2 3.98645E-2 1.65438E0 1.65438E0 1.65438E0 1.65438E0 1.65438E0 1.65438E0 1.65438E0 1.65438E0 1.65438E0 1.65438E0 1.24377E1 1.24377E1 6.63743E0 1.24377E1 1.24377E1 1.24377E1 1.24377E1 6.63743E0 6.63743E0 1.24377E1 6.63743E0 6.63743E0 1.65438E0 1.65438E0 1.65438E0 1.65438E0 1.49492E0 3.98645E-2 3.98645E-2 3.98645E-2 3.98645E-2 1.49492E0 1.49492E0 1.49492E0 1.49492E0 1.49492E0 1.49492E0 1.49492E0 1.49492E0 1.49492E0 1.49492E0 1.49492E0 1.49492E0 1.49492E0 1.49492E0 3.0895E0 3.0895E0 3.0895E0 3.0895E0 3.0895E0 2.59119E0 2.25234E0 1.08631E1 1.65438E0 1.65438E0 1.65438E0 1.65438E0 4.08611E0 5.88001E0
1.24377E1 1.24377E1 1.65438E0 1.65438E0 1.65438E0 1.65438E0 1.65438E0 1.65438E0 3.98645E-2 3.98645E-2 1.65438E0 1.65438E0 1.65438E0 1.65438E0 1.65438E0 1.65438E0 1.65438E0 1.65438E0 1.24377E1 1.24377E1 6.63743E0 6.63743E0 1.24377E1 1.24377E1 6.63743E0 6.63743E0 6.63743E0 6.63743E0 6.63743E0 2.04704E1 6.63743E0 6.63743E0 6.63743E0 1.65438E0 1.65438E0 1.49492E0 3.98645E-2 3.98645E-2 3.98645E-2 1.49492E0 1.49492E0 1.49492E0 1.49492E0 1.49492E0 1.49492E0 1.49492E0 1.49492E0 1.49492E0 1.49492E0 1.49492E0 1.49492E0 1.49492E0 1.49492E0 1.49492E0 1.49492E0 3.0895E0 6.63743E0 6.33845E0 4.18577E0 3.30875E0 9.0891E0 1.14212E1 1.65438E0 1.65438E0 1.65438E0 3.22902E0 3.86685E0 7.39486E0
1.24377E1 1.24377E1 1.24377E1 1.65438E0 1.65438E0 1.65438E0 1.65438E0 1.65438E0 1.65438E0 3.98645E-2 3.98645E-2 1.65438E0 1.65438E0 1.65438E0 1.65438E0 1.65438E0 1.65438E0 6.63743E0 1.24377E1 1.24377E1 6.63743E0 6.63743E0 2.04704E1 2.04704E1 6.63743E0 6.63743E0 2.04704E1 6.63743E0 2.04704E1 6.63743E0 6.63743E0 6.63743E0 6.63743E0 3.0895E0 1.65438E0 1.49492E0 1.49492E0 1.49492E0 1.49492E0 1.49492E0 1.49492E0 1.49492E0 1.49492E0 1.49492E0 8.77018E-1 1.49492E0 1.49492E0 1.49492E0 1.49492E0 8.77018E-1 1.49492E0 8.77018E-1 1.49492E0 1.49492E0 3.0895E0 3.0895E0 6.63743E0 6.63743E0 4.62428E0 3.70739E0 1.25174E1 1.15408E1 6.63743E0 5.52123E0 4.7638E0 3.98645E0 4.38509E0 6.65736E0
1.24377E1 1.24377E1 1.24377E1 1.24377E1 1.65438E0 1.65438E0 1.65438E0 1.65438E0 1.65438E0 1.65438E0 1.65438E0 1.65438E0 1.65438E0 1.65438E0 6.63743E0 1.24377E1 6.63743E0 6.63743E0 6.63743E0 1.24377E1 6.63743E0 6.63743E0 2.04704E1 6.63743E0 6.63743E0 2.04704E1 2.04704E1 2.04704E1 2.04704E1 6.63743E0 6.63743E0 2.04704E1 6.63743E0 3.0895E0 3.0895E0 3.0895E0 1.49492E0 1.49492E0 1.49492E0 1.49492E0 1.49492E0 1.49492E0 1.49492E0 1.49492E0 8.77018E-1 1.49492E0 1.49492E0 1.49492E0 8.77018E-1 8.77018E-1 8.77018E-1 1.49492E0 8.77018E-1 1.49492E0 1.49492E0 3.0895E0 6.63743E0 6.63743E0 4.38509E0 3.70739E0 1.3833E1 8.82998E0 5.70062E0 4.36516E0 5.86008E0 8.82998E0 6.65736E0 4.38509E0
1.24377E1 1.24377E1 1.24377E1 1.24377E1 1.24377E1 1.65438E0 1.65438E0 1.65438E0 1.65438E0 1.65438E0 1.65438E0 1.65438E0 1.65438E0 1.65438E0 1.65438E0 6.63743E0 6.63743E0 6.63743E0 6.63743E0 6.63743E0 6.63743E0 6.63743E0 6.63743E0 6.63743E0 6.63743E0 2.04704E1 2.04704E1 2.04704E1 2.04704E1 6.63743E0 6.63743E0 6.63743E0 6.63743E0 3.0895E0 3.0895E0 3.0895E0 3.0895E0 1.49492E0 1.49492E0 1.49492E0 1.49492E0 1.49492E0 1.49492E0 1.49492E0 1.49492E0 1.49492E0 1.49492E0 8.77018E-1 8.77018E-1 8.77018E-1 1.49492E0 1.49492E0 1.49492E0 1.49492E0 1.49492E0 3.0895E0 3.0895E0 3.0895E0 4.38509E0 3.70739E0 1.20391E1 5.88001E0 3.80706E0 3.66753E0 5.95974E0 7.39486E0 6.33845E0 4.8236E0
2.04704E1 2.04704E1 1.24377E1 6.63743E0 1.24377E1 1.65438E0 1.65438E0 1.65438E0 1.65438E0 1.65438E0 1.65438E0 1.65438E0 1.65438E0 1.65438E0 1.65438E0 1.65438E0 6.63743E0 3.0895E0 6.63743E0 6.63743E0 6.63743E0 6.63743E0 6.63743E0 6.63743E0 6.63743E0 2.04704E1 2.04704E1 2.04704E1 2.04704E1 6.63743E0 6.63743E0 6.63743E0 6.63743E0 6.63743E0 3.0895E0 3.0895E0 3.0895E0 3.0895E0 1.49492E0 1.49492E0 1.49492E0 1.49492E0 1.49492E0 1.49492E0 1.49492E0 1.49492E0 1.49492E0 1.49492E0 8.77018E-1 8.77018E-1 1.49492E0 1.49492E0 1.49492E0 1.49492E0 1.49492E0 3.0895E0 3.0895E0 3.0895E0 4.8236E0 3.70739E0 8.57086E0 5.46143E0 3.50807E0 3.24895E0 5.36177E0 6.65736E0 7.09587E0 1.65438E0
2.04704E1 2.04704E1 6.63743E0 6.63743E0 6.63743E0 6.63743E0 1.65438E0 1.65438E0 1.65438E0 1.65438E0 1.65438E0 1.65438E0 1.65438E0 1.65438E0 1.65438E0 1.65438E0 3.0895E0 3.0895E0 3.0895E0 3.0895E0 6.63743E0 6.63743E0 6.63743E0 6.63743E0 6.63743E0 6.63743E0 2.04704E1 2.04704E1 2.04704E1 6.63743E0 6.63743E0 6.63743E0 6.63743E0 6.63743E0 3.0895E0 3.0895E0 3.0895E0 1.49492E0 1.49492E0 1.49492E0 1.49492E0 1.49492E0 1.49492E0 1.49492E0 1.49492E0 1.49492E0 1.49492E0 1.49492E0 8.77018E-1 8.77018E-1 8.77018E-1 8.77018E-1 1.49492E0 1.49492E0 1.49492E0 1.49492E0 3.0895E0 6.63743E0 6.63743E0 5.88001E0 1.01455E1 6.01953E0 3.34861E0 2.87024E0 5.24218E0 7.09587E0 7.39486E0 1.65438E0
2.04704E1 6.63743E0 6.63743E0 6.63743E0 6.63743E0 6.63743E0 6.63743E0 3.0895E0 1.65438E0 1.65438E0 1.65438E0 1.65438E0 1.65438E0 1.65438E0 1.65438E0 3.0895E0 3.0895E0 3.0895E0 3.0895E0 3.0895E0 3.0895E0 3.0895E0 6.63743E0 6.63743E0 6.63743E0 6.63743E0 6.63743E0 6.63743E0 6.63743E0 3.0895E0 6.63743E0 6.63743E0 3.0895E0 3.0895E0 3.0895E0 3.0895E0 3.0895E0 1.49492E0 1.49492E0 1.49492E0 1.49492E0 1.49492E0 1.49492E0 1.49492E0 1.49492E0 1.49492E0 1.49492E0 1.49492E0 8.77018E-1 1.49492E0 8.77018E-1 1.49492E0 1.49492E0 1.49492E0 1.49492E0 1.49492E0 3.0895E0 6.63743E0 6.63743E0 9.68706E0 1.10026E1 6.49791E0 3.86685E0 3.50807E0 5.66075E0 8.49113E0 8.49113E0 9.28842E0
2.04704E1 2.04704E1 6.63743E0 6.63743E0 6.63743E0 6.63743E0 6.63743E0 6.63743E0 1.65438E0 1.65438E0 1.65438E0 1.65438E0 1.65438E0 3.0895E0 3.0895E0 3.0895E0 3.0895E0 3.0895E0 3.0895E0 3.0895E0 3.0895E0 3.0895E0 6.63743E0 6.63743E0 6.63743E0 6.63743E0 6.63743E0 6.63743E0 6.63743E0 6.63743E0 6.63743E0 6.63743E0 6.63743E0 3.0895E0 3.0895E0 3.0895E0 3.0895E0 3.0895E0 3.0895E0 3.0895E0 1.49492E0 1.49492E0 1.49492E0 1.49492E0 1.49492E0 1.49492E0 1.49492E0 1.49492E0 1.49492E0 1.49492E0 1.49492E0 1.49492E0 1.49492E0 1.49492E0 1.49492E0 3.0895E0 3.0895E0 1.0285E1 8.67052E0 9.24856E0 1.0285E1 7.11581E0 5.76041E0 7.01615E0 9.76679E0 9.62727E0 8.82998E0 8.82998E0
2.04704E1 2.04704E1 2.04704E1 2.04704E1 6.63743E0 6.63743E0 6.63743E0 3.0895E0 6.63743E0 3.0895E0 3.0895E0 3.0895E0 3.0895E0 3.0895E0 3.0895E0 3.0895E0 3.0895E0 3.0895E0 3.0895E0 6.63743E0 3.0895E0 3.0895E0 3.0895E0 6.63743E0 6.63743E0 6.63743E0 6.63743E0 6.63743E0 6.63743E0 6.63743E0 6.63743E0 6.63743E0 3.0895E0 6.63743E0 3.0895E0 3.0895E0 3.0895E0 3.0895E0 3.0895E0 3.0895E0 3.0895E0 1.49492E0 1.49492E0 1.49492E0 1.49492E0 1.49492E0 1.49492E0 1.49492E0 1.49492E0 3.0895E0 1.49492E0 1.49492E0 1.49492E0 1.49492E0 1.49492E0 3.0895E0 3.0895E0 6.63743E0 6.63743E0 8.57086E0 1.01455E1 7.47459E0 7.61411E0 1.13016E1 1.27367E1 1.1182E1 9.94618E0 1.65438E0
2.04704E1 2.04704E1 2.04704E1 2.04704E1 6.63743E0 6.63743E0 6.63743E0 6.63743E0 6.63743E0 3.0895E0 3.0895E0 3.0895E0 3.0895E0 3.0895E0 3.0895E0 3.0895E0 3.0895E0 3.0895E0 3.0895E0 6.63743E0 6.63743E0 3.0895E0 3.0895E0 3.0895E0 6.63743E0 6.63743E0 6.63743E0 6.63743E0 6.63743E0 6.63743E0 6.63743E0 6.63743E0 6.63743E0 6.63743E0 3.0895E0 3.0895E0 3.0895E0 3.0895E0 3.0895E0 3.0895E0 3.0895E0 3.0895E0 3.0895E0 1.49492E0 1.49492E0 3.0895E0 1.49492E0 1.49492E0 1.49492E0 3.0895E0 1.49492E0 1.49492E0 3.0895E0 1.49492E0 1.49492E0 3.0895E0 3.0895E0 3.0895E0 6.63743E0 7.61411E0 9.00937E0 7.59418E0 7.99282E0 1.15408E1 1.23978E1 1.05242E1 1.05242E1 8.82998E0
6.63743E0 6.63743E0 2.62507E1 2.62507E1 2.62507E1 2.04704E1 6.63743E0 6.63743E0 3.0895E0 3.0895E0 3.0895E0 3.0895E0 3.0895E0 3.0895E0 3.0895E0 3.0895E0 3.0895E0 3.0895E0 6.63743E0 6.63743E0 6.63743E0 6.63743E0 6.63743E0 6.63743E0 6.63743E0 6.63743E0 6.63743E0 6.63743E0 6.63743E0 6.63743E0 6.63743E0 6.63743E0 6.63743E0 3.0895E0 3.0895E0 3.0895E0 3.0895E0 3.0895E0 3.0895E0 3.0895E0 3.0895E0 3.0895E0 3.0895E0 3.0895E0 3.0895E0 3.0895E0 1.49492E0 1.49492E0 1.49492E0 1.49492E0 1.49492E0 3.0895E0 3.0895E0 1.49492E0 1.49492E0 3.0895E0 6.63743E0 6.63743E0 6.63743E0 9.16883E0 9.96611E0 7.97289E0 7.47459E0 9.0891E0 1.15607E1 1.1182E1 1.15607E1 1.15607E1
6.63743E0 6.63743E0 2.04704E1 2.67889E1 2.04704E1 2.04704E1 6.63743E0 3.0895E0 3.0895E0 3.0895E0 3.0895E0 3.0895E0 3.0895E0 3.0895E0 3.0895E0 3.0895E0 3.0895E0 3.0895E0 6.63743E0 6.63743E0 6.63743E0 6.63743E0 6.63743E0 6.63743E0 6.63743E0 6.63743E0 6.63743E0 6.63743E0 6.63743E0 6.63743E0 6.63743E0 3.0895E0 6.63743E0 6.63743E0 6.63743E0 6.63743E0 3.0895E0 3.0895E0 6.63743E0 3.0895E0 6.63743E0 6.63743E0 3.0895E0 6.63743E0 6.63743E0 3.0895E0 3.0895E0 3.0895E0 1.49492E0 1.49492E0 3.0895E0 3.0895E0 3.0895E0 1.49492E0 3.0895E0 3.0895E0 6.63743E0 6.63743E0 6.63743E0 1.11222E1 1.13016E1 9.00937E0 6.73709E0 7.59418E0 9.68706E0 1.09229E1 1.29559E1 1.45107E1
6.63743E0 6.63743E0 6.63743E0 2.04704E1 2.04704E1 6.63743E0 3.0895E0 6.63743E0 3.0895E0 3.0895E0 3.0895E0 3.0895E0 3.0895E0 3.0895E0 3.0895E0 3.0895E0 3.0895E0 3.0895E0 6.63743E0 6.63743E0 6.63743E0 6.63743E0 6.63743E0 6.63743E0 6.63743E0 2.04704E1 6.63743E0 6.63743E0 6.63743E0 6.63743E0 6.63743E0 6.63743E0 6.63743E0 6.63743E0 6.63743E0 3.0895E0 6.63743E0 6.63743E0 6.63743E0 3.0895E0 6.63743E0 6.63743E0 3.0895E0 6.63743E0 6.63743E0 3.0895E0 3.0895E0 3.0895E0 1.49492E0 1.49492E0 3.0895E0 3.0895E0 3.0895E0 3.0895E0 3.0895E0 6.63743E0 6.63743E0 6.63743E0 6.63743E0 1.25174E1 1.19992E1 1.20391E1 7.77357E0 7.21547E0 9.96611E0 6.63743E0 6.63743E0 1.55272E1
6.63743E0 6.63743E0 6.63743E0 6.63743E0 3.0895E0 3.0895E0 3.0895E0 3.0895E0 3.0895E0 3.0895E0 3.0895E0 3.0895E0 3.0895E0 3.0895E0 3.0895E0 3.0895E0 3.0895E0 3.0895E0 6.63743E0 6.63743E0 6.63743E0 3.0895E0 6.63743E0 6.63743E0 6.63743E0 2.04704E1 6.63743E0 6.63743E0 6.63743E0 6.63743E0 2.04704E1 6.63743E0 6.63743E0 6.63743E0 6.63743E0 6.63743E0 6.63743E0 6.63743E0 6.63743E0 3.0895E0 6.63743E0 3.0895E0 3.0895E0 3.0895E0 6.63743E0 3.0895E0 3.0895E0 3.0895E0 1.49492E0 1.49492E0 1.49492E0 3.0895E0 6.63743E0 6.63743E0 3.0895E0 6.63743E0 6.63743E0 1.66434E1 6.63743E0 1.32749E1 1.33745E1 1.43313E1 1.22583E1 1.0285E1 1.08232E1 1.20391E1 6.63743E0 6.63743E0
6.63743E0 6.63743E0 3.0895E0 3.0895E0 3.0895E0 3.0895E0 3.0895E0 3.0895E0 3.0895E0 3.0895E0 3.0895E0 3.0895E0 3.0895E0 3.0895E0 3.0895E0 3.0895E0 3.0895E0 3.0895E0 3.0895E0 6.63743E0 3.0895E0 3.0895E0 6.63743E0 6.63743E0 6.63743E0 6.63743E0 6.63743E0 6.63743E0 6.63743E0 6.63743E0 2.04704E1 6.63743E0 6.63743E0 6.63743E0 6.63743E0 3.0895E0 3.0895E0 3.0895E0 3.0895E0 3.0895E0 3.0895E0 3.0895E0 3.0895E0 3.0895E0 3.0895E0 1.49492E0 1.49492E0 1.49492E0 1.49492E0 3.0895E0 1.49492E0 1.49492E0 3.0895E0 3.0895E0 3.0895E0 6.63743E0 6.63743E0 6.63743E0 6.63743E0 1.34941E1 1.33745E1 1.37333E1 1.2657E1 1.24776E1 1.29759E1 6.63743E0 6.63743E0 6.63743E0
6.63743E0 6.63743E0 6.63743E0 3.0895E0 3.0895E0 3.0895E0 3.0895E0 3.0895E0 1.49492E0 3.0895E0 3.0895E0 3.0895E0 3.0895E0 3.0895E0 3.0895E0 3.0895E0 3.0895E0 3.0895E0 6.63743E0 6.63743E0 3.0895E0 3.0895E0 3.0895E0 6.63743E0 6.63743E0 6.63743E0 6.63743E0 6.63743E0 2.04704E1 6.63743E0 6.63743E0 6.63743E0 3.0895E0 3.0895E0 3.0895E0 3.0895E0 3.0895E0 3.0895E0 3.0895E0 3.0895E0 3.0895E0 3.0895E0 3.0895E0 1.49492E0 1.49492E0 1.49492E0 1.49492E0 1.49492E0 1.49492E0 3.0895E0 1.49492E0 1.49492E0 1.49492E0 1.49492E0 3.0895E0 6.63743E0 6.63743E0 3.0895E0 3.0895E0 6.63743E0 6.63743E0 6.63743E0 6.63743E0 1.2657E1 1.31353E1 6.63743E0 6.63743E0 1.42515E1
2.04704E1 6.63743E0 6.63743E0 3.0895E0 3.0895E0 3.0895E0 3.0895E0 1.49492E0 1.49492E0 3.0895E0 3.0895E0 3.0895E0 3.0895E0 3.0895E0 3.0895E0 3.0895E0 3.0895E0 3.0895E0 3.0895E0 3.0895E0 3.0895E0 3.0895E0 3.0895E0 3.0895E0 6.63743E0 6.63743E0 6.63743E0 2.04704E1 6.63743E0 6.63743E0 6.63743E0 3.0895E0 3.0895E0 3.0895E0 3.0895E0 1.49492E0 3.0895E0 1.49492E0 3.0895E0 3.0895E0 3.0895E0 3.0895E0 3.0895E0 3.0895E0 1.49492E0 1.49492E0 1.49492E0 1.49492E0 1.49492E0 1.49492E0 1.49492E0 1.49492E0 1.49492E0 1.49492E0 1.49492E0 3.0895E0 3.0895E0 1.49492E0 3.0895E0 3.0895E0 3.0895E0 6.63743E0 6.63743E0 1.22583E1 1.24776E1 1.3235E1 1.42515E1 1.46103E1
6.63743E0 3.0895E0 3.0895E0 6.63743E0 3.0895E0 1.49492E0 3.0895E0 1.49492E0 1.49492E0 1.49492E0 3.0895E0 3.0895E0 3.0895E0 3.0895E0 3.0895E0 3.0895E0 3.0895E0 3.0895E0 3.0895E0 3.0895E0 3.0895E0 3.0895E0 3.0895E0 3.0895E0 6.63743E0 6.63743E0 6.63743E0 6.63743E0 6.63743E0 3.0895E0 3.0895E0 3.0895E0 3.0895E0 1.49492E0 1.49492E0 1.49492E0 3.0895E0 3.0895E0 3.0895E0 3.0895E0 3.0895E0 3.0895E0 3.0895E0 3.0895E0 1.49492E0 1.49492E0 1.49492E0 1.49492E0 1.49492E0 1.49492E0 1.49492E0 1.49492E0 1.49492E0 1.49492E0 1.49492E0 1.49492E0 1.49492E0 3.0895E0 3.0895E0 3.0895E0 3.0895E0 6.63743E0 1.30357E1 1.29759E1 1.31353E1 1.33745E1 1.99322E1 2.00718E1
6.63743E0 3.0895E0 6.63743E0 6.63743E0 3.0895E0 3.0895E0 3.0895E0 3.0895E0 1.49492E0 1.49492E0 1.49492E0 3.0895E0 3.0895E0 3.0895E0 3.0895E0 3.0895E0 3.0895E0 3.0895E0 3.0895E0 3.0895E0 3.0895E0 1.49492E0 1.49492E0 3.0895E0 3.0895E0 3.0895E0 3.0895E0 3.0895E0 3.0895E0 3.0895E0 3.0895E0 3.0895E0 3.0895E0 3.0895E0 3.0895E0 3.0895E0 3.0895E0 3.0895E0 3.0895E0 3.0895E0 3.0895E0 3.0895E0 3.0895E0 1.49492E0 1.49492E0 3.0895E0 3.0895E0 1.49492E0 3.0895E0 1.49492E0 1.49492E0 1.49492E0 1.49492E0 1.49492E0 1.49492E0 1.49492E0 1.49492E0 1.49492E0 3.0895E0 3.0895E0 3.0895E0 1.42515E1 1.56468E1 1.77198E1 1.8537E1 2.2045E1 2.25234E1 2.30815E1
