Leopardus pajeros/Leopardus_pajeros_projection 2041-2060.asc
ncols         515
nrows         545
xllcorner     -119.0
yllcorner     -58.333333333333
cellsize      0.166666666667
NODATA_value  -9999
[rows 464 to 492 of 545, columns 264 to 329 of 515]
-9999 -9999 -9999 -9999 2.58117E-4 2.59568E-4 2.26445E-4 1.89544E-4 -9999 -9999 4.35384E-4 7.55214E-4 1.39819E-3 3.70054E-3 6.17428E-3 1.26235E-2 2.89833E-2 6.17952E-2 1.0904E-1 1.75572E-1 3.58769E-1 5.30165E-1 6.84724E-1 8.14414E-1 9.15833E-1 9.21284E-1 8.67874E-1 7.83525E-1 7.14831E-1 6.45265E-1 5.43753E-1 3.66976E-1 3.16062E-1 3.85024E-1 5.68658E-1 6.35154E-1 6.02714E-1 6.57053E-1 6.54133E-1 6.38632E-1 7.22167E-1 7.0863E-1 7.0321E-1 7.03497E-1 7.23553E-1 7.67305E-1 7.80488E-1 7.3534E-1 7.01109E-1 7.49272E-1 7.63018E-1 7.49465E-1 7.75215E-1 7.6343E-1 7.42362E-1 -9999 -9999 -9999 -9999 -9999 -9999 -9999 -9999 -9999 -9999 -9999
-9999 -9999 -9999 -9999 2.5148E-4 2.55266E-4 2.85706E-4 2.40266E-4 -9999 -9999 6.44109E-4 1.37432E-3 1.94677E-3 4.3536E-3 7.32684E-3 1.71355E-2 3.47365E-2 6.77548E-2 1.41748E-1 2.61925E-1 3.7548E-1 5.25536E-1 7.29232E-1 8.7784E-1 9.4565E-1 9.08265E-1 8.3596E-1 7.75354E-1 7.2096E-1 6.77934E-1 6.07646E-1 4.74996E-1 3.48547E-1 4.09675E-1 5.08265E-1 6.31984E-1 5.69432E-1 5.46256E-1 6.26282E-1 6.4429E-1 6.60944E-1 6.18298E-1 6.33993E-1 7.0848E-1 7.67889E-1 7.83894E-1 7.15396E-1 6.98685E-1 7.77193E-1 7.91054E-1 8.4058E-1 -9999 -9999 -9999 -9999 -9999 -9999 -9999 -9999 -9999 -9999 -9999 -9999 -9999 -9999 -9999
-9999 -9999 -9999 -9999 2.21597E-4 -9999 2.89905E-4 2.22854E-4 -9999 2.89257E-4 3.62595E-4 1.23055E-3 2.42025E-3 4.07144E-3 8.47906E-3 1.85284E-2 3.67669E-2 8.52107E-2 1.50259E-1 3.45244E-1 6.23036E-1 7.23014E-1 7.987E-1 8.63107E-1 9.33161E-1 8.7985E-1 8.20642E-1 7.60791E-1 6.92155E-1 6.97925E-1 6.4524E-1 5.00707E-1 4.81674E-1 5.69164E-1 6.60117E-1 6.7612E-1 6.68881E-1 6.339E-1 6.62761E-1 7.04246E-1 6.88159E-1 6.73838E-1 7.0836E-1 7.61908E-1 7.87949E-1 7.55782E-1 7.05996E-1 7.87072E-1 -9999 -9999 -9999 -9999 -9999 -9999 -9999 -9999 -9999 -9999 -9999 -9999 -9999 -9999 -9999 -9999 -9999 -9999
-9999 -9999 -9999 -9999 -9999 1.96157E-4 2.55035E-4 -9999 -9999 -9999 8.72376E-4 -9999 1.23888E-3 1.91731E-3 4.63673E-3 1.47143E-2 3.98496E-2 1.09233E-1 1.87297E-1 2.74109E-1 5.88174E-1 7.16062E-1 7.87119E-1 8.76147E-1 9.27828E-1 8.93775E-1 8.37802E-1 7.84352E-1 7.43397E-1 6.99033E-1 6.76225E-1 5.74272E-1 5.0038E-1 5.45706E-1 6.5232E-1 6.7357E-1 6.98655E-1 7.01959E-1 7.01204E-1 7.03691E-1 6.85805E-1 7.20073E-1 7.52752E-1 7.45888E-1 7.37131E-1 7.09193E-1 7.91131E-1 -9999 -9999 -9999 -9999 -9999 -9999 -9999 -9999 -9999 -9999 -9999 -9999 -9999 -9999 -9999 -9999 -9999 -9999 -9999
-9999 -9999 -9999 1.85114E-4 1.86449E-4 -9999 2.2813E-4 2.55102E-4 3.16535E-4 6.053E-4 7.64199E-4 1.49243E-3 2.77342E-3 4.69522E-3 8.71454E-3 2.36454E-2 5.63641E-2 1.33219E-1 2.6549E-1 4.51184E-1 6.74161E-1 7.43689E-1 8.38338E-1 9.24199E-1 9.20082E-1 8.85853E-1 8.31621E-1 7.80592E-1 7.51588E-1 7.07601E-1 6.78101E-1 6.54388E-1 4.89183E-1 4.85818E-1 6.58173E-1 6.76896E-1 6.91649E-1 7.11398E-1 7.06861E-1 6.79598E-1 7.07116E-1 7.15537E-1 6.63267E-1 6.74223E-1 7.14665E-1 8.00211E-1 -9999 -9999 -9999 -9999 -9999 -9999 -9999 -9999 -9999 -9999 -9999 -9999 -9999 -9999 -9999 -9999 -9999 -9999 -9999 -9999
-9999 -9999 -9999 1.56062E-4 1.59997E-4 1.61146E-4 -9999 2.29868E-4 -9999 5.97688E-4 1.08697E-3 1.9159E-3 4.26683E-3 7.99917E-3 1.66941E-2 3.15402E-2 8.00124E-2 2.17382E-1 3.86276E-1 4.58698E-1 4.54445E-1 6.28203E-1 8.18503E-1 9.30272E-1 8.88402E-1 8.3464E-1 7.93936E-1 7.5777E-1 7.21175E-1 6.92845E-1 6.83464E-1 6.67332E-1 5.47935E-1 4.87667E-1 6.62664E-1 6.803E-1 6.96455E-1 6.73713E-1 6.76053E-1 6.64035E-1 6.35535E-1 6.22002E-1 6.35992E-1 7.31176E-1 8.09325E-1 -9999 -9999 -9999 -9999 -9999 -9999 -9999 -9999 -9999 -9999 -9999 -9999 -9999 -9999 -9999 -9999 -9999 -9999 -9999 -9999 -9999
-9999 1.10039E-4 1.20113E-4 1.25676E-4 1.71268E-4 1.83643E-4 1.89875E-4 2.49501E-4 -9999 7.89165E-4 1.46004E-3 2.97878E-3 4.15461E-3 1.04416E-2 1.74611E-2 4.30356E-2 9.04411E-2 1.76098E-1 3.69208E-1 7.2332E-1 8.6136E-1 8.8629E-1 9.32891E-1 8.88305E-1 7.80345E-1 7.46309E-1 7.0844E-1 6.9124E-1 6.7941E-1 6.6217E-1 6.56373E-1 6.70536E-1 6.34697E-1 6.80581E-1 6.55035E-1 6.24491E-1 6.33737E-1 6.05173E-1 5.91135E-1 5.56486E-1 5.7447E-1 6.19066E-1 6.97175E-1 7.82205E-1 -9999 -9999 -9999 -9999 -9999 -9999 -9999 -9999 -9999 -9999 -9999 -9999 -9999 -9999 -9999 -9999 -9999 -9999 -9999 -9999 -9999 -9999
-9999 7.63664E-5 8.93993E-5 1.11977E-4 1.40948E-4 1.72706E-4 1.87548E-4 2.73093E-4 -9999 9.34917E-4 1.93121E-3 3.04719E-3 7.87636E-3 1.65036E-2 3.95471E-2 6.17337E-2 1.31755E-1 2.32363E-1 1.34878E-1 4.63757E-1 6.29404E-1 6.96196E-1 7.6474E-1 7.63239E-1 6.87635E-1 6.45188E-1 6.27384E-1 6.19515E-1 6.32253E-1 6.42977E-1 6.60125E-1 6.58428E-1 6.78758E-1 6.64234E-1 6.42318E-1 6.4559E-1 6.0109E-1 5.67071E-1 5.51882E-1 6.06907E-1 6.72159E-1 7.47076E-1 7.64266E-1 7.99614E-1 -9999 -9999 -9999 -9999 -9999 -9999 -9999 -9999 -9999 -9999 -9999 -9999 -9999 -9999 -9999 -9999 -9999 -9999 -9999 -9999 -9999 -9999
5.34307E-5 6.13971E-5 6.95963E-5 7.82975E-5 1.11138E-4 1.20484E-4 1.58228E-4 -9999 4.98884E-4 1.20745E-3 2.48718E-3 4.75186E-3 9.38672E-3 2.66349E-2 2.90283E-2 9.99087E-2 1.83227E-1 4.8099E-1 5.88379E-1 7.93702E-1 9.54708E-1 9.30517E-1 7.94567E-1 6.57942E-1 5.69166E-1 5.5414E-1 5.67201E-1 5.85058E-1 6.06095E-1 6.29632E-1 6.33123E-1 6.26539E-1 6.54062E-1 6.65911E-1 6.56723E-1 6.51099E-1 5.83229E-1 5.68209E-1 6.37764E-1 6.83693E-1 7.34138E-1 7.67808E-1 7.80642E-1 7.88027E-1 -9999 -9999 -9999 -9999 -9999 -9999 -9999 -9999 -9999 -9999 -9999 -9999 -9999 -9999 -9999 -9999 -9999 -9999 -9999 -9999 -9999 -9999
3.92719E-5 3.77309E-5 4.01679E-5 3.8687E-5 5.86867E-5 7.50408E-5 1.11187E-4 -9999 6.72557E-4 1.36864E-3 3.30258E-3 7.24037E-3 1.28756E-2 4.95266E-2 5.14566E-2 7.66139E-2 1.52756E-1 3.21733E-1 7.86375E-1 8.29066E-1 8.66753E-1 8.68754E-1 8.17743E-1 6.20054E-1 5.53724E-1 5.40423E-1 5.53972E-1 5.81478E-1 6.20938E-1 6.4327E-1 6.36745E-1 6.35803E-1 6.51047E-1 6.67167E-1 6.61007E-1 6.41017E-1 5.93083E-1 6.08184E-1 6.50883E-1 7.03841E-1 7.33895E-1 7.53508E-1 7.64628E-1 7.74871E-1 -9999 -9999 -9999 -9999 -9999 -9999 -9999 -9999 -9999 -9999 -9999 -9999 -9999 -9999 -9999 -9999 -9999 -9999 -9999 -9999 -9999 -9999
2.18854E-5 2.11288E-5 2.06143E-5 2.21529E-5 3.37857E-5 5.75984E-5 -9999 -9999 4.14707E-4 1.79932E-4 1.13878E-3 6.37657E-3 1.68814E-2 7.70705E-2 1.90058E-1 2.73415E-1 5.01584E-1 6.16566E-1 7.6015E-1 9.53363E-1 9.53215E-1 8.38058E-1 6.87606E-1 5.9402E-1 5.42267E-1 5.60214E-1 5.641E-1 6.01643E-1 6.33644E-1 6.77317E-1 6.8544E-1 6.67447E-1 6.71946E-1 6.79158E-1 6.68286E-1 6.6178E-1 6.28614E-1 6.33126E-1 6.6441E-1 6.96981E-1 7.29444E-1 7.50049E-1 7.66658E-1 7.74303E-1 7.84939E-1 -9999 -9999 -9999 -9999 -9999 -9999 -9999 -9999 -9999 -9999 -9999 -9999 -9999 -9999 -9999 -9999 -9999 -9999 -9999 -9999 -9999
-9999 8.61533E-6 9.39673E-6 -9999 -9999 5.20286E-5 -9999 2.27079E-4 3.1142E-4 3.79046E-4 1.61358E-3 9.27051E-3 6.53912E-2 1.34461E-1 2.71947E-1 3.51633E-1 1.18492E-1 2.0544E-1 6.04866E-1 8.28135E-1 6.21746E-1 5.29383E-1 5.09941E-1 4.96416E-1 5.03739E-1 5.27885E-1 5.26873E-1 5.67115E-1 5.89687E-1 6.25785E-1 6.7663E-1 6.73937E-1 7.05644E-1 6.97918E-1 6.76519E-1 7.01688E-1 7.03903E-1 7.03868E-1 7.2996E-1 7.48804E-1 7.67024E-1 7.69519E-1 7.88481E-1 7.96579E-1 7.98579E-1 8.02698E-1 8.07087E-1 -9999 -9999 -9999 -9999 -9999 -9999 -9999 -9999 -9999 -9999 -9999 -9999 -9999 -9999 -9999 -9999 -9999 -9999 -9999
-9999 -9999 -9999 -9999 -9999 -9999 7.53025E-5 2.86095E-4 5.08112E-4 5.96425E-4 2.69025E-3 1.3161E-2 4.06184E-2 1.8482E-1 1.89002E-1 2.58667E-1 1.37824E-1 2.67756E-1 3.74814E-1 1.87138E-1 2.23237E-1 2.4946E-1 2.50304E-1 3.05849E-1 3.97314E-1 5.17998E-1 5.42251E-1 5.51523E-1 5.19265E-1 5.58573E-1 6.32843E-1 6.43507E-1 6.37366E-1 6.25675E-1 6.58995E-1 7.13588E-1 7.45353E-1 7.36729E-1 7.42966E-1 7.56095E-1 7.75629E-1 8.09219E-1 8.03858E-1 8.06362E-1 8.15965E-1 8.18867E-1 8.17932E-1 8.07777E-1 -9999 -9999 -9999 -9999 -9999 -9999 -9999 -9999 -9999 -9999 -9999 -9999 -9999 -9999 -9999 -9999 -9999 -9999
-9999 -9999 -9999 -9999 -9999 1.70601E-5 7.25419E-5 2.54726E-4 2.80583E-4 1.07817E-3 8.18622E-3 2.08072E-2 7.22544E-2 2.56594E-1 3.53262E-1 6.78652E-1 7.56335E-1 6.74356E-1 3.10079E-1 2.10176E-1 1.22721E-1 2.3427E-1 3.06724E-1 3.14973E-1 4.09011E-1 5.13384E-1 4.96722E-1 4.99761E-1 4.58302E-1 5.05116E-1 5.80005E-1 6.25154E-1 6.01111E-1 6.05163E-1 5.93337E-1 6.96302E-1 7.3305E-1 7.26791E-1 7.49901E-1 7.79756E-1 7.79478E-1 8.05294E-1 8.26608E-1 8.26413E-1 8.26708E-1 8.32692E-1 8.25235E-1 8.22898E-1 8.11764E-1 8.30279E-1 -9999 -9999 -9999 -9999 -9999 -9999 -9999 -9999 -9999 -9999 -9999 -9999 -9999 -9999 -9999 -9999
-9999 -9999 -9999 -9999 -9999 1.53885E-5 5.36805E-5 2.13791E-4 4.09613E-4 4.1937E-4 7.99906E-3 1.55853E-2 1.19657E-1 3.24178E-1 5.73134E-1 6.50326E-1 7.8983E-1 9.13427E-1 8.61973E-1 7.83199E-1 7.15926E-1 5.87088E-1 5.03221E-1 5.0759E-1 5.27157E-1 4.94774E-1 5.25445E-1 4.91882E-1 4.2788E-1 4.75649E-1 5.50247E-1 6.13613E-1 6.19413E-1 6.11141E-1 6.35157E-1 6.47517E-1 6.52208E-1 7.46659E-1 8.02517E-1 8.38003E-1 8.01625E-1 7.85739E-1 8.10171E-1 8.08359E-1 8.18857E-1 8.27828E-1 8.36343E-1 8.32541E-1 8.28704E-1 8.30162E-1 8.26698E-1 8.07137E-1 7.48692E-1 6.63818E-1 6.20573E-1 -9999 -9999 -9999 -9999 -9999 -9999 -9999 -9999 -9999 -9999 -9999
-9999 -9999 -9999 -9999 2.82343E-6 1.13112E-5 4.68994E-5 1.60319E-4 5.86902E-4 7.89947E-4 3.7623E-3 1.35736E-2 1.19557E-1 2.82707E-1 3.97818E-1 4.82964E-1 6.90901E-1 4.92931E-1 8.59607E-1 8.26152E-1 7.55102E-1 7.77228E-1 6.71594E-1 6.05044E-1 5.18865E-1 4.53353E-1 5.01025E-1 4.75169E-1 4.22676E-1 4.59801E-1 5.16339E-1 5.69033E-1 6.10724E-1 6.12354E-1 6.12034E-1 6.38366E-1 6.46349E-1 7.02059E-1 7.77668E-1 8.24354E-1 7.85491E-1 7.97009E-1 8.17308E-1 8.21112E-1 8.23402E-1 8.29674E-1 8.35364E-1 8.40901E-1 8.39472E-1 8.42713E-1 8.38612E-1 8.30869E-1 7.91207E-1 7.55525E-1 7.16794E-1 -9999 -9999 -9999 -9999 -9999 -9999 -9999 -9999 -9999 -9999 -9999
-9999 -9999 -9999 4.28917E-7 1.92521E-6 9.4127E-6 4.27412E-5 1.48947E-4 6.7084E-4 1.33012E-3 4.95046E-3 2.89576E-2 7.3528E-2 9.80532E-2 1.23579E-1 5.69515E-2 1.03112E-1 2.78516E-1 5.64509E-1 8.12404E-1 7.88215E-1 6.84532E-1 5.698E-1 4.73488E-1 4.96824E-1 5.06179E-1 5.53873E-1 5.49438E-1 5.14111E-1 5.02435E-1 5.15093E-1 5.62891E-1 5.95636E-1 6.2058E-1 6.17816E-1 6.22039E-1 6.8206E-1 7.24739E-1 7.50256E-1 7.87744E-1 8.06735E-1 8.2011E-1 8.26977E-1 8.35719E-1 8.39577E-1 8.4366E-1 8.45755E-1 8.50809E-1 8.52864E-1 8.53084E-1 8.55112E-1 8.56521E-1 8.54715E-1 8.4278E-1 8.28016E-1 -9999 -9999 -9999 -9999 -9999 -9999 -9999 -9999 -9999 -9999 -9999
1.94729E-9 -9999 4.09995E-8 2.21188E-7 8.16124E-7 3.86428E-6 3.17976E-5 9.77068E-5 4.82185E-4 1.77576E-3 6.26745E-3 2.29267E-2 2.94776E-2 9.58852E-2 6.80224E-2 1.47066E-1 2.66923E-1 5.65693E-1 2.3024E-1 1.29319E-1 4.15739E-1 4.43054E-1 4.91196E-1 4.77608E-1 5.04211E-1 5.13996E-1 5.54356E-1 6.13019E-1 6.03099E-1 5.61615E-1 5.22137E-1 5.4557E-1 5.63993E-1 6.01077E-1 6.36788E-1 6.3136E-1 6.81479E-1 7.25506E-1 7.50836E-1 7.85441E-1 8.07783E-1 8.40211E-1 8.54947E-1 8.39295E-1 8.40998E-1 8.54077E-1 8.58187E-1 8.61496E-1 8.62823E-1 8.65848E-1 8.71982E-1 8.81036E-1 9.13485E-1 9.09209E-1 -9999 -9999 -9999 -9999 -9999 -9999 -9999 -9999 -9999 -9999 -9999 -9999
1.94758E-9 -9999 -9999 -9999 7.41212E-7 2.99373E-6 -9999 -9999 3.56859E-4 1.31434E-3 4.73113E-3 1.20272E-2 3.8442E-2 3.96361E-2 2.00209E-1 1.76821E-1 3.30759E-1 6.46952E-1 6.34826E-1 3.44648E-1 3.88576E-1 4.56824E-1 4.83783E-1 4.87263E-1 5.51194E-1 5.25175E-1 6.25604E-1 6.6162E-1 6.32549E-1 5.57364E-1 5.49464E-1 5.52631E-1 5.53556E-1 5.91724E-1 6.45164E-1 6.27929E-1 6.90838E-1 7.59334E-1 7.70366E-1 7.91126E-1 8.18158E-1 8.3553E-1 8.41643E-1 8.44461E-1 8.50138E-1 8.56559E-1 8.6471E-1 8.63093E-1 8.70619E-1 8.70761E-1 8.72525E-1 8.9801E-1 9.38782E-1 9.24417E-1 -9999 -9999 -9999 -9999 -9999 -9999 -9999 -9999 -9999 -9999 -9999 -9999
2.89203E-9 5.75524E-9 -9999 1.49691E-7 7.53672E-7 4.44572E-6 1.91965E-5 -9999 -9999 1.16285E-3 4.99754E-3 1.70571E-2 4.84012E-2 8.44036E-2 1.71223E-1 2.81824E-1 3.23584E-1 4.10352E-1 6.28077E-1 6.55254E-1 6.09683E-1 6.29481E-1 5.66375E-1 6.19184E-1 6.05593E-1 5.5863E-1 6.727E-1 6.5804E-1 6.04705E-1 5.69002E-1 5.97062E-1 5.73593E-1 5.47008E-1 5.83336E-1 6.39393E-1 6.63607E-1 7.20523E-1 7.45602E-1 7.71279E-1 7.99403E-1 8.17059E-1 8.2641E-1 8.34565E-1 8.36793E-1 8.41035E-1 8.58837E-1 8.74662E-1 8.67771E-1 8.74191E-1 8.72212E-1 8.89691E-1 9.21118E-1 9.37958E-1 -9999 -9999 -9999 -9999 -9999 -9999 -9999 -9999 -9999 -9999 -9999 -9999 -9999
4.81169E-9 5.75089E-9 -9999 1.28379E-7 4.87065E-7 3.70451E-6 2.38981E-5 1.18265E-4 4.00651E-4 1.20884E-3 5.12151E-3 1.66042E-2 2.5394E-2 7.32551E-2 2.11405E-1 3.7235E-1 7.23141E-1 3.39579E-1 6.25226E-1 6.8416E-1 6.56952E-1 6.43118E-1 6.4461E-1 6.14776E-1 5.84302E-1 5.89746E-1 5.86167E-1 5.15956E-1 5.50796E-1 6.03866E-1 5.94795E-1 5.69617E-1 5.53729E-1 5.84501E-1 6.41973E-1 6.81292E-1 7.25125E-1 7.64648E-1 7.83198E-1 8.00248E-1 8.06904E-1 8.19748E-1 8.2965E-1 8.37893E-1 8.48682E-1 8.62543E-1 9.01254E-1 8.9563E-1 8.90693E-1 9.08609E-1 9.35514E-1 9.47188E-1 -9999 -9999 -9999 -9999 -9999 -9999 -9999 -9999 -9999 -9999 -9999 -9999 -9999 -9999
1.97984E-9 -9999 -9999 -9999 5.80288E-7 3.32231E-6 1.73586E-5 1.01233E-4 5.09229E-4 8.88495E-4 2.48179E-3 8.83663E-3 5.07241E-2 7.40549E-2 2.97711E-1 1.5922E-1 4.3464E-1 7.79177E-1 7.49245E-1 6.25029E-1 4.41727E-1 5.04653E-1 5.78278E-1 5.64841E-1 5.93617E-1 6.18843E-1 6.48003E-1 6.15867E-1 4.96148E-1 5.06052E-1 6.13927E-1 5.93467E-1 5.82679E-1 6.2269E-1 6.82597E-1 7.29161E-1 7.6465E-1 7.85549E-1 8.02776E-1 8.10801E-1 8.2204E-1 8.29957E-1 8.40414E-1 8.44132E-1 8.56393E-1 8.71627E-1 8.91079E-1 9.22516E-1 9.31872E-1 -9999 -9999 -9999 -9999 -9999 -9999 -9999 -9999 -9999 -9999 -9999 -9999 -9999 -9999 -9999 -9999 -9999
-9999 3.77441E-9 1.72096E-8 -9999 8.39697E-7 5.00995E-6 1.86322E-5 1.31851E-4 1.4535E-4 2.51055E-4 6.48204E-4 5.36302E-3 3.03043E-2 1.36111E-1 2.59281E-1 1.28175E-1 1.78989E-1 5.31066E-1 3.64006E-1 2.19663E-1 3.00679E-1 4.58014E-1 5.14744E-1 5.19397E-1 5.22222E-1 6.17105E-1 6.70833E-1 5.66962E-1 5.18613E-1 5.33637E-1 5.8871E-1 6.36358E-1 6.34115E-1 6.70169E-1 7.36358E-1 7.73811E-1 7.87702E-1 7.98098E-1 8.1082E-1 8.19742E-1 8.33136E-1 8.3968E-1 8.41042E-1 8.54144E-1 8.66329E-1 8.80772E-1 9.05737E-1 9.45329E-1 -9999 -9999 -9999 -9999 -9999 -9999 -9999 -9999 -9999 -9999 -9999 -9999 -9999 -9999 -9999 -9999 -9999 -9999
1.08049E-9 4.19048E-9 1.6193E-8 -9999 4.20356E-7 2.51395E-6 1.47597E-5 1.36959E-4 1.7273E-4 3.23386E-4 1.17102E-3 1.06298E-2 7.48434E-2 1.35309E-1 2.37391E-1 2.94746E-1 2.24733E-1 2.29674E-1 3.26024E-1 4.77345E-1 4.9668E-1 6.08786E-1 6.59032E-1 5.62656E-1 5.41105E-1 6.6095E-1 6.9435E-1 6.87416E-1 6.87101E-1 6.4388E-1 6.39887E-1 6.87996E-1 6.97152E-1 7.22603E-1 7.60078E-1 7.77563E-1 7.82675E-1 8.02069E-1 8.1725E-1 8.34969E-1 8.44029E-1 8.51151E-1 8.52967E-1 8.64112E-1 8.70341E-1 8.8476E-1 9.21087E-1 -9999 -9999 -9999 -9999 -9999 -9999 -9999 -9999 -9999 -9999 -9999 -9999 -9999 -9999 -9999 -9999 -9999 -9999 -9999
1.03833E-9 5.32338E-9 1.9426E-8 -9999 5.21091E-7 2.54797E-6 1.47751E-5 1.43005E-4 3.70325E-4 1.12419E-3 3.08523E-3 2.05328E-2 5.6009E-2 1.44963E-1 3.67974E-1 5.93953E-1 7.35997E-1 2.66113E-1 5.24872E-1 5.68867E-1 7.25127E-1 7.67413E-1 6.94905E-1 7.63226E-1 6.69592E-1 6.09351E-1 5.26119E-1 5.71555E-1 7.28859E-1 6.21881E-1 6.31651E-1 6.84321E-1 7.2097E-1 7.50513E-1 7.67123E-1 7.88628E-1 8.02469E-1 8.22191E-1 8.31927E-1 8.36398E-1 8.55008E-1 8.57478E-1 8.69484E-1 8.71428E-1 8.79513E-1 -9999 -9999 -9999 -9999 -9999 -9999 -9999 -9999 -9999 -9999 -9999 -9999 -9999 -9999 -9999 -9999 -9999 -9999 -9999 -9999 -9999
1.40934E-9 5.10401E-9 3.14376E-8 6.98004E-8 5.96692E-7 5.25114E-6 1.83472E-5 1.39359E-4 3.64306E-4 1.87241E-4 9.98032E-4 5.35546E-3 3.45899E-2 5.91361E-2 3.14275E-1 6.91796E-1 8.71344E-1 7.84664E-1 7.04407E-1 4.80414E-1 5.35972E-1 6.53356E-1 7.16575E-1 7.25275E-1 6.31216E-1 6.03932E-1 6.77898E-1 7.02135E-1 7.3145E-1 7.00568E-1 6.68834E-1 7.09115E-1 7.12362E-1 7.50993E-1 7.73561E-1 7.91549E-1 8.19688E-1 8.32363E-1 8.34654E-1 8.49311E-1 8.59984E-1 8.66055E-1 8.77221E-1 9.39263E-1 -9999 -9999 -9999 -9999 -9999 -9999 -9999 -9999 -9999 -9999 -9999 -9999 -9999 -9999 -9999 -9999 -9999 -9999 -9999 -9999 -9999 -9999
1.30041E-9 6.88033E-9 3.03074E-8 9.19043E-8 5.72536E-7 2.7985E-6 2.60785E-5 1.81987E-4 4.54018E-4 1.02165E-4 1.27113E-3 3.2838E-3 1.1414E-1 8.80294E-2 1.2533E-1 5.33452E-1 7.1202E-1 8.76185E-1 8.83913E-1 7.20702E-1 6.25505E-1 6.2352E-1 7.24089E-1 7.34085E-1 7.06468E-1 6.93353E-1 7.0307E-1 7.06476E-1 7.1429E-1 7.27629E-1 7.4428E-1 7.48585E-1 7.53919E-1 7.64716E-1 7.70571E-1 7.84314E-1 8.00111E-1 8.16485E-1 8.37394E-1 8.53655E-1 8.6649E-1 8.68112E-1 8.77475E-1 9.29573E-1 -9999 -9999 -9999 -9999 -9999 -9999 -9999 -9999 -9999 -9999 -9999 -9999 -9999 -9999 -9999 -9999 -9999 -9999 -9999 -9999 -9999 -9999
8.13712E-10 4.2366E-9 1.75397E-8 7.97641E-8 6.07738E-7 -9999 3.98924E-5 1.76312E-4 3.42173E-4 4.22899E-4 2.66528E-3 8.92135E-3 1.88268E-1 4.7978E-1 4.93825E-1 2.45867E-1 6.07317E-1 7.99883E-1 7.6285E-1 8.25965E-1 7.58475E-1 6.81292E-1 7.42309E-1 7.47477E-1 7.37864E-1 7.04955E-1 7.02679E-1 7.09411E-1 7.26201E-1 7.39965E-1 7.58843E-1 7.79434E-1 7.88092E-1 7.94818E-1 8.18574E-1 8.13531E-1 8.21308E-1 8.24155E-1 8.46438E-1 8.6293E-1 9.03476E-1 9.21292E-1 8.98244E-1 9.41311E-1 -9999 -9999 -9999 -9999 -9999 -9999 -9999 -9999 -9999 -9999 -9999 -9999 -9999 -9999 -9999 -9999 -9999 -9999 -9999 -9999 -9999 -9999
5.18539E-10 3.86521E-9 2.52169E-8 8.27585E-8 5.3855E-7 -9999 2.58914E-5 1.93887E-4 3.36665E-4 8.79761E-4 2.06681E-3 1.61076E-2 1.58708E-1 3.67427E-1 6.28202E-1 8.39825E-1 8.77055E-1 8.71113E-1 8.06194E-1 7.74291E-1 7.79664E-1 7.74303E-1 7.62307E-1 7.4672E-1 7.35157E-1 7.32549E-1 7.29447E-1 7.28934E-1 7.42822E-1 7.43727E-1 7.59088E-1 7.83729E-1 8.03971E-1 8.12351E-1 8.3007E-1 8.31178E-1 8.44208E-1 8.36186E-1 8.8045E-1 9.5026E-1 9.55768E-1 8.76964E-1 9.06109E-1 -9999 -9999 -9999 -9999 -9999 -9999 -9999 -9999 -9999 -9999 -9999 -9999 -9999 -9999 -9999 -9999 -9999 -9999 -9999 -9999 -9999 -9999 -9999
