Leopardus pajeros/Leopardus_pajeros.asc
ncols         515
nrows         545
xllcorner     -119.0
yllcorner     -58.333333333333
cellsize      0.166666666667
NODATA_value  -9999
[rows 145 to 173 of 545, columns 264 to 329 of 515]
1.02049E-6 2.61314E-7 5.8554E-7 1.19704E-6 2.24675E-5 1.15279E-5 8.83677E-7 2.44034E-7 8.08055E-7 1.81724E-4 6.25968E-4 3.31375E-4 4.76585E-5 1.9724E-6 1.45527E-7 3.00872E-8 1.03223E-7 5.45344E-6 5.15307E-4 5.3941E-4 6.42901E-4 5.35222E-4 3.14191E-4 1.28081E-4 1.23826E-5 3.40612E-6 1.22264E-6 1.4916E-6 1.98003E-6 2.2648E-6 2.1776E-6 1.70467E-6 1.64872E-6 1.80178E-6 1.89025E-6 1.87477E-6 1.95549E-6 5.64873E-6 7.45049E-6 7.29206E-6 6.91762E-6 6.60476E-6 6.46036E-6 6.60475E-6 6.44548E-6 5.98655E-6 4.6549E-6 7.02233E-6 7.40499E-6 5.1376E-6 7.37341E-6 7.98497E-6 7.51877E-6 7.35286E-6 7.37114E-6 8.53657E-6 8.56087E-6 9.154E-6 8.66207E-6 8.93959E-6 8.61975E-6 9.30797E-6 9.53115E-6 3.64486E-6 3.51316E-6 3.54505E-6
8.49782E-7 1.51274E-7 4.48494E-7 7.89944E-7 2.89755E-5 1.36874E-5 9.11925E-7 1.60464E-7 4.37672E-7 1.64744E-5 6.28678E-4 1.10089E-3 4.10469E-4 1.60728E-5 1.38277E-6 9.6051E-7 1.12242E-5 2.83098E-4 7.05431E-4 5.69154E-4 2.90809E-4 1.2248E-4 5.31016E-5 2.65477E-5 3.37163E-6 1.08453E-6 1.53748E-6 1.44794E-6 2.01223E-6 2.13476E-6 2.22161E-6 1.41283E-6 1.86407E-6 2.03349E-6 1.548E-6 1.74316E-6 1.80695E-6 2.43905E-6 6.78361E-6 6.6964E-6 6.20034E-6 6.07909E-6 5.72189E-6 5.78315E-6 5.83893E-6 5.73068E-6 5.65683E-6 6.15136E-6 6.57154E-6 7.73979E-6 5.72943E-6 1.9852E-6 8.45146E-6 8.75007E-6 8.29152E-6 9.10382E-6 5.48166E-6 9.31145E-6 6.23054E-6 6.03325E-6 8.73318E-6 2.91789E-6 3.67391E-6 4.11617E-6 3.58527E-6 2.40071E-6
1.53504E-7 7.84586E-8 3.65821E-7 3.18226E-6 1.48265E-5 5.59367E-6 1.63691E-7 2.08054E-7 3.85956E-7 2.3464E-6 8.77166E-4 1.38642E-3 7.24087E-4 5.24636E-5 2.16096E-6 1.7413E-5 2.60975E-4 1.71108E-4 1.03195E-4 1.26383E-4 7.15177E-5 4.89014E-5 8.13587E-6 4.92172E-6 1.58167E-6 1.64082E-6 2.45547E-6 2.37933E-6 1.57229E-6 2.14608E-6 2.25983E-6 2.01335E-6 1.27899E-6 1.5902E-6 1.5967E-6 2.47453E-6 2.13074E-6 2.17203E-6 2.20302E-6 6.55331E-6 6.2543E-6 5.52933E-6 5.31492E-6 5.2135E-6 5.29664E-6 5.21703E-6 7.66584E-6 7.78561E-6 6.37609E-6 7.3676E-6 1.76461E-6 1.96586E-6 3.01662E-6 2.85982E-6 3.33031E-6 3.73938E-6 3.96382E-6 3.89571E-6 3.84775E-6 2.47057E-6 1.90732E-6 2.04908E-6 3.38639E-6 2.73037E-6 3.35288E-6 3.08504E-6
1.08273E-7 5.33993E-8 2.50111E-7 1.06786E-6 2.91189E-6 7.47344E-7 2.73509E-7 4.43914E-7 2.64948E-7 5.76047E-7 6.66177E-5 8.95624E-4 6.67408E-4 8.11644E-5 3.55837E-5 8.73141E-5 7.41979E-5 4.0734E-5 4.17178E-5 3.12127E-5 2.22364E-5 1.03017E-5 3.51675E-6 6.84037E-6 2.26366E-6 2.24373E-6 2.3608E-6 2.46477E-6 1.63166E-6 1.72087E-6 1.89466E-6 1.91809E-6 2.09392E-6 2.06277E-6 6.29522E-6 6.28505E-6 6.2947E-6 4.37022E-6 4.43985E-6 6.43755E-6 5.54036E-6 1.77682E-6 1.56415E-6 1.63605E-6 5.16067E-6 5.01701E-6 1.68874E-6 5.44265E-6 1.48057E-6 1.60796E-6 1.71467E-6 2.58747E-6 2.83203E-6 2.75072E-6 2.738E-6 3.00869E-6 2.78298E-6 1.85282E-6 3.23962E-6 3.93784E-6 3.23002E-6 1.84501E-6 2.9975E-6 2.64936E-6 2.55383E-6 2.53737E-6
2.72714E-8 2.52297E-8 2.04847E-7 8.87352E-7 1.88264E-6 6.2223E-7 2.12605E-7 2.58048E-7 1.79702E-7 5.69279E-7 8.13865E-6 4.21851E-4 7.16541E-4 4.68139E-4 6.94616E-4 2.39169E-4 3.11276E-5 1.87766E-5 1.3688E-5 5.08665E-6 9.48226E-6 4.31944E-6 5.79354E-6 6.81257E-6 2.17119E-6 2.09323E-6 2.22064E-6 1.55571E-6 1.46979E-6 1.82318E-6 1.91217E-6 1.87152E-6 1.84535E-6 5.6466E-6 5.63414E-6 6.1855E-6 4.34877E-6 4.45541E-6 6.06909E-6 6.33904E-6 1.90982E-6 1.8132E-6 1.85919E-6 1.82807E-6 1.60015E-6 1.71771E-6 1.8005E-6 1.82548E-6 2.00111E-6 1.57052E-6 1.63972E-6 2.26641E-6 2.45378E-6 2.95018E-6 2.86262E-6 1.86708E-6 2.52171E-6 4.78088E-6 1.79595E-6 3.49105E-6 3.25829E-6 2.7586E-6 2.34809E-6 8.66345E-6 2.02545E-6 2.88057E-6
4.06912E-8 4.4656E-8 1.54591E-7 5.50361E-7 8.97701E-7 3.30992E-7 3.2349E-7 1.31146E-7 4.23627E-7 7.003E-7 5.29436E-6 1.69028E-4 6.51447E-4 1.16085E-3 1.23062E-3 3.21062E-4 1.53765E-5 1.38736E-6 1.13449E-5 5.586E-6 1.15639E-5 5.4657E-6 8.97884E-6 6.05599E-6 2.02057E-6 2.19772E-6 2.06463E-6 1.62454E-6 1.67012E-6 1.72471E-6 1.76458E-6 1.66606E-6 4.96638E-6 4.87203E-6 4.38847E-6 5.12496E-6 5.89982E-6 5.57773E-6 5.75439E-6 1.94311E-6 1.94329E-6 1.89001E-6 1.33745E-6 1.37697E-6 1.97826E-6 1.65327E-6 1.74205E-6 2.09105E-6 2.08609E-6 1.9984E-6 2.1841E-6 2.64588E-6 2.08783E-6 1.77627E-6 2.53383E-6 6.67773E-6 7.89739E-6 6.66992E-6 2.64459E-6 1.54832E-6 2.53612E-6 2.15864E-6 2.11882E-6 2.20919E-6 7.02587E-6 7.84507E-6
7.99926E-8 8.47072E-8 4.33561E-8 3.29549E-7 2.94114E-7 1.1652E-7 3.05329E-7 9.54682E-8 2.57369E-7 4.00284E-7 3.71498E-6 7.18738E-5 6.92104E-4 8.74129E-4 1.04579E-3 6.38527E-4 1.66801E-5 1.12541E-6 4.71953E-6 5.93353E-6 1.02185E-5 5.11769E-6 8.64036E-6 6.33552E-6 2.23653E-6 2.04018E-6 1.57074E-6 1.60483E-6 1.57808E-6 1.52114E-6 4.76134E-6 4.40843E-6 4.88933E-6 4.5483E-6 3.95108E-6 5.07077E-6 5.51936E-6 4.1698E-6 4.12951E-6 1.35847E-6 1.32084E-6 1.34053E-6 1.33408E-6 1.32787E-6 1.8109E-6 1.32866E-6 1.96943E-6 2.06796E-6 2.23602E-6 2.35732E-6 2.54633E-6 2.38012E-6 1.99792E-6 8.15279E-6 1.5826E-6 1.68142E-6 5.88548E-6 5.20339E-5 7.44461E-6 2.32611E-6 1.93644E-6 6.78614E-6 2.53703E-6 6.27132E-6 6.5757E-6 5.44549E-6
1.92187E-7 1.13647E-7 2.75325E-7 1.2936E-7 9.49999E-8 2.06362E-7 1.5135E-7 1.01476E-7 8.91372E-8 3.88303E-7 6.8584E-6 4.64521E-5 5.07371E-4 4.13356E-4 6.27174E-4 1.34533E-4 1.26083E-5 4.19044E-6 5.49528E-6 6.96817E-6 1.25217E-5 2.0008E-5 9.27015E-6 6.51619E-6 6.2556E-6 2.03494E-6 1.39763E-6 1.38837E-6 1.3647E-6 4.22215E-6 4.07329E-6 3.66623E-6 4.32692E-6 4.26092E-6 4.06607E-6 3.35116E-6 3.64806E-6 4.14412E-6 1.35477E-6 1.31173E-6 1.39245E-6 1.3859E-6 1.4096E-6 1.34788E-6 1.34606E-6 1.32891E-6 1.45041E-6 1.77683E-6 2.30426E-6 4.23577E-6 4.80354E-6 1.90339E-5 1.88437E-5 5.80464E-6 4.76755E-6 5.84154E-6 4.74569E-6 5.0134E-6 7.93097E-6 2.87673E-6 2.55721E-6 5.63912E-6 5.81433E-6 4.82507E-6 1.47322E-5 1.48437E-5
1.4291E-7 1.64186E-7 1.62148E-7 3.3372E-8 6.50837E-8 8.662E-8 2.12081E-7 1.08071E-7 1.0735E-7 1.26875E-6 5.41455E-5 6.36857E-5 7.31861E-4 3.9123E-4 4.66637E-4 1.25256E-4 1.49685E-5 1.95828E-6 2.3118E-6 9.20763E-6 1.64334E-5 8.46435E-6 8.97249E-6 8.57595E-6 6.91898E-6 6.44643E-6 4.44341E-6 4.53584E-6 4.83331E-6 4.4119E-6 4.39141E-6 4.26161E-6 4.04264E-6 4.639E-6 3.23114E-6 3.38372E-6 3.40016E-6 1.19969E-6 1.23848E-6 1.36936E-6 1.32765E-6 1.30188E-6 1.28701E-6 1.31619E-6 1.37989E-6 1.35287E-6 1.34014E-6 1.9745E-6 5.00972E-6 1.99684E-6 3.47475E-6 1.74827E-4 6.63118E-5 4.20276E-6 6.8925E-6 3.6907E-6 4.39791E-6 4.74376E-6 6.90388E-6 7.30946E-6 7.38954E-6 6.89023E-6 5.56675E-6 1.4377E-5 1.34189E-5 1.21725E-5
4.04032E-7 1.15482E-7 5.20662E-8 3.4777E-8 8.18307E-8 1.13866E-7 5.24502E-8 9.39981E-8 3.47916E-7 7.85391E-5 2.43419E-5 5.31529E-5 4.04714E-4 1.99313E-3 4.17427E-4 1.67376E-4 1.02582E-4 1.83771E-5 1.63251E-6 3.74743E-6 1.70364E-5 7.81265E-6 8.43076E-6 5.85568E-6 6.79668E-6 4.49031E-6 4.25091E-6 4.41531E-6 4.38338E-6 4.50929E-6 4.60206E-6 4.38852E-6 4.59455E-6 3.37563E-6 3.55347E-6 3.51808E-6 3.14732E-6 1.07152E-6 1.07429E-6 1.15904E-6 1.08764E-6 1.15152E-6 1.22535E-6 1.25944E-6 1.23954E-6 1.28585E-6 1.28193E-6 1.45633E-6 3.45986E-6 2.1417E-6 1.25469E-5 1.43596E-4 1.38381E-4 1.41681E-5 1.71312E-5 1.18193E-5 1.38891E-5 5.55915E-5 1.05495E-5 4.42139E-6 4.79602E-6 6.66922E-6 5.69204E-6 1.39813E-5 1.15882E-5 1.06171E-5
1.54232E-7 6.87957E-8 5.22501E-8 3.20267E-8 6.04314E-8 5.07346E-8 4.74146E-8 4.97007E-8 5.36493E-7 2.32696E-4 1.78485E-5 3.17327E-4 2.66462E-4 9.27818E-4 1.92859E-3 1.1802E-4 1.31223E-4 1.90546E-4 1.50602E-5 1.18832E-5 1.59904E-5 8.3501E-6 7.83571E-6 6.15818E-6 6.3933E-6 5.95087E-6 4.29367E-6 4.00922E-6 4.42876E-6 4.37092E-6 4.4742E-6 4.58259E-6 4.63E-6 3.28448E-6 3.27643E-6 3.44575E-6 3.28737E-6 1.11222E-6 1.11429E-6 1.09099E-6 1.0822E-6 1.07456E-6 1.06665E-6 1.10215E-6 1.17505E-6 1.22234E-6 1.22813E-6 1.22958E-6 2.71843E-6 8.12805E-6 1.19586E-5 1.36842E-4 2.67062E-4 4.54674E-5 1.37205E-5 9.75025E-6 8.72657E-5 1.08637E-4 1.80148E-5 2.92609E-6 4.32828E-6 4.83545E-6 3.90174E-6 1.32643E-5 1.05067E-5 8.98647E-6
1.77046E-7 1.09443E-7 6.03809E-8 6.01742E-8 2.83566E-8 3.59876E-8 2.18225E-8 2.28888E-7 3.47031E-6 3.26058E-4 4.39082E-5 1.70688E-4 1.00621E-3 1.475E-3 1.83222E-3 5.78801E-4 2.64413E-5 3.97417E-4 6.20209E-5 1.09464E-5 6.18582E-6 9.76683E-6 8.93043E-6 6.12695E-6 5.61797E-6 4.27742E-6 4.17934E-6 4.02458E-6 3.97146E-6 4.08264E-6 4.10775E-6 4.04654E-6 4.49025E-6 4.86986E-6 3.36406E-6 3.30953E-6 1.05534E-6 1.08029E-6 1.08085E-6 9.81148E-7 1.02189E-6 9.96766E-7 1.03041E-6 1.0125E-6 9.85784E-7 9.45843E-7 1.10565E-6 8.93189E-7 1.48685E-5 5.0542E-5 1.08937E-5 4.46733E-5 4.18887E-5 1.15095E-5 1.17637E-5 1.13837E-5 2.69942E-5 5.98099E-5 6.75253E-5 6.90738E-6 3.17286E-6 3.24827E-6 8.67507E-6 1.03828E-5 9.37205E-6 6.57289E-6
1.33268E-7 1.08576E-7 4.61411E-8 4.04641E-8 2.5448E-8 2.85676E-8 4.7023E-8 2.97277E-7 2.69343E-5 3.2381E-5 8.85135E-5 1.45573E-4 1.08566E-3 2.11795E-3 1.94464E-3 2.97111E-4 7.78683E-4 9.28773E-6 2.6334E-5 1.17366E-5 6.36445E-6 5.79101E-6 6.69877E-6 6.83223E-6 5.98608E-6 3.95061E-6 4.03787E-6 4.17999E-6 3.76474E-6 3.51253E-6 3.75286E-6 3.86256E-6 4.57516E-6 4.33569E-6 4.50377E-6 1.26485E-6 9.47158E-7 9.31606E-7 9.13621E-7 8.20088E-7 7.91203E-7 7.4309E-7 8.13571E-7 8.90842E-7 8.84991E-7 8.49953E-7 7.45881E-7 2.36133E-6 1.13212E-5 4.38424E-5 4.36805E-5 3.0302E-5 4.21483E-5 3.13918E-5 3.15627E-5 2.82939E-5 2.67307E-5 2.65234E-5 1.49497E-4 7.24965E-5 2.06187E-6 2.72868E-6 8.13044E-6 7.77367E-6 8.03836E-6 5.65734E-6
1.81053E-7 4.75957E-8 3.48964E-8 4.27611E-8 2.09005E-8 5.06974E-8 2.01723E-6 2.15129E-4 4.00904E-5 5.59381E-5 4.04619E-4 9.94233E-4 4.29712E-4 2.00168E-3 1.94705E-3 9.22968E-4 1.59847E-4 2.11937E-5 5.27955E-6 1.59732E-5 3.70538E-6 5.42888E-6 5.75403E-6 5.43797E-6 3.93872E-6 3.74034E-6 3.60128E-6 3.8418E-6 1.12409E-6 1.17883E-6 1.18639E-6 3.77872E-6 3.66223E-6 3.39042E-6 1.18825E-6 1.28133E-6 1.18644E-6 1.11605E-6 1.0859E-6 7.71426E-7 7.72093E-7 7.93694E-7 7.94837E-7 8.25476E-7 6.0806E-7 7.17415E-7 2.92565E-6 2.66582E-6 9.3472E-6 3.66184E-5 1.70114E-4 8.33386E-5 3.53439E-5 3.81468E-5 3.56844E-5 6.21419E-5 6.68818E-5 8.43976E-5 1.56779E-4 2.88711E-5 4.92963E-6 6.50677E-6 6.26771E-6 5.39189E-6 7.7849E-6 4.54689E-6
1.15807E-7 2.42506E-8 3.41228E-8 3.77388E-8 6.64776E-8 2.97584E-7 1.12235E-4 1.24609E-4 9.57144E-5 5.72627E-4 1.32762E-3 6.1748E-4 2.61544E-3 1.22092E-3 3.1813E-4 3.40619E-3 2.40515E-4 6.10537E-5 8.45602E-6 4.84592E-6 6.01664E-6 5.54542E-6 5.97089E-6 5.39664E-6 3.67518E-6 3.31078E-6 3.42929E-6 3.30741E-6 1.1353E-6 1.229E-6 1.21383E-6 3.56598E-6 3.60995E-6 3.69607E-6 1.18883E-6 1.11204E-6 9.73086E-7 6.78552E-7 6.67716E-7 6.61619E-7 6.46622E-7 6.8529E-7 6.51829E-7 5.56843E-7 4.38929E-7 6.43015E-7 2.60333E-6 3.11623E-6 8.5172E-6 7.3013E-5 2.12016E-4 3.32903E-4 8.05435E-5 4.96636E-4 1.67593E-4 5.07433E-5 5.20879E-5 1.34993E-4 1.33459E-4 5.13221E-5 1.10309E-5 4.70755E-6 5.40161E-6 4.1638E-6 5.66777E-6 6.48107E-6
5.68531E-8 3.38853E-8 3.58185E-8 6.82126E-8 1.04627E-7 3.79848E-7 2.8552E-5 1.3239E-3 6.05196E-4 1.25434E-3 1.84931E-3 2.60974E-3 3.173E-3 4.40179E-4 4.65856E-3 1.94577E-3 3.15055E-4 3.70097E-5 1.16357E-5 5.29498E-6 5.27991E-6 6.2341E-6 7.57938E-6 3.82036E-6 3.49934E-6 3.50437E-6 3.30966E-6 1.07439E-6 1.06127E-6 9.89184E-7 1.10752E-6 1.10662E-6 1.13986E-6 9.95225E-7 8.7589E-7 8.47261E-7 1.03908E-6 6.7549E-7 7.56136E-7 7.37779E-7 7.72823E-7 6.4722E-7 5.19176E-7 4.40528E-7 8.91309E-7 3.04983E-6 1.10288E-5 3.03401E-5 7.06962E-5 1.55659E-4 2.84593E-4 1.65208E-4 1.40667E-4 4.77693E-4 2.63564E-4 4.89632E-6 4.96422E-5 1.71391E-4 1.76577E-4 6.56298E-5 6.88627E-6 3.06311E-6 3.85508E-6 3.59965E-6 4.20345E-6 4.75597E-6
1.12269E-7 3.20802E-8 3.79417E-8 1.06695E-7 6.50805E-7 1.0579E-6 9.03795E-5 1.35697E-3 5.66975E-4 2.15406E-3 3.43004E-3 2.1064E-3 9.13598E-4 4.84809E-4 1.33701E-3 4.15604E-4 5.2405E-5 6.25461E-6 5.67828E-6 5.57947E-6 5.97398E-6 6.02817E-6 4.18096E-6 4.80919E-6 3.30742E-6 1.02234E-6 9.07928E-7 9.65584E-7 9.50631E-7 8.80977E-7 9.27421E-7 1.19205E-6 1.16399E-6 1.09714E-6 9.197E-7 8.79962E-7 7.6685E-7 8.64286E-7 6.45229E-7 6.45138E-7 6.14242E-7 5.80022E-7 3.94776E-7 3.69392E-7 2.45881E-6 2.8312E-6 2.74108E-6 3.00195E-5 7.35083E-5 2.60007E-5 6.61848E-5 1.3844E-4 1.40551E-5 5.87474E-6 3.5344E-6 5.77408E-5 9.79769E-5 7.86453E-5 2.9946E-4 2.9508E-5 6.6762E-6 2.50688E-6 2.63437E-6 2.89416E-6 3.46477E-6 6.19644E-6
1.31573E-7 3.21065E-8 1.81071E-7 7.54877E-7 2.92937E-6 7.88405E-6 4.56907E-4 1.77964E-3 1.10847E-3 1.9925E-3 9.61603E-4 3.76165E-4 3.42096E-4 5.24294E-4 3.06499E-4 3.85296E-5 3.78231E-6 4.73582E-6 4.58607E-6 5.55507E-6 5.71705E-6 4.03388E-6 4.04681E-6 4.06716E-6 1.3304E-6 1.28933E-6 8.69554E-7 1.02801E-6 1.14644E-6 1.14928E-6 1.0665E-6 9.812E-7 1.01582E-6 8.98933E-7 8.2528E-7 7.45153E-7 6.7773E-7 7.22895E-7 7.97E-7 5.73959E-7 5.85077E-7 6.34463E-7 5.21925E-7 4.97714E-7 2.75092E-6 3.85531E-6 1.1207E-5 6.84319E-6 2.56256E-5 6.61453E-5 7.16337E-5 6.49973E-5 5.00851E-6 2.88927E-6 2.89865E-6 1.79878E-5 1.75028E-5 1.4191E-4 1.63052E-4 4.44198E-5 5.45762E-6 5.22138E-6 2.22469E-6 2.55836E-6 2.90611E-6 5.02192E-6
2.5799E-7 4.54702E-8 1.97205E-7 1.46789E-6 5.11211E-6 9.72825E-5 4.24557E-4 2.02956E-3 7.86722E-4 1.50865E-3 3.59348E-4 2.51087E-4 3.20906E-4 5.16431E-5 2.26186E-5 3.28057E-6 3.90177E-6 4.42182E-6 4.57192E-6 3.47276E-6 3.71983E-6 3.63241E-6 3.50461E-6 3.60085E-6 3.26446E-6 1.27644E-6 1.06862E-6 8.82158E-7 7.94183E-7 7.45879E-7 7.58874E-7 7.43496E-7 7.72104E-7 7.40605E-7 6.87906E-7 6.17221E-7 6.115E-7 6.05988E-7 6.33478E-7 4.91716E-7 4.60984E-7 4.84774E-7 4.32023E-7 7.41757E-7 2.66761E-6 3.70661E-6 2.67866E-6 9.30279E-6 1.24307E-4 6.36065E-5 6.80493E-6 5.34738E-6 4.20625E-6 2.94532E-6 3.64472E-6 4.97424E-6 6.20236E-6 1.04392E-5 6.25011E-5 3.97519E-5 4.60919E-6 5.18106E-6 1.56354E-6 2.2113E-6 2.2153E-6 1.3074E-6
1.68716E-7 1.2444E-7 1.38442E-6 6.45935E-6 1.32803E-5 2.4518E-4 1.02757E-3 1.33258E-3 4.18347E-4 3.22412E-4 1.38644E-4 8.75796E-5 5.82687E-5 1.34821E-5 2.58709E-6 4.01052E-6 4.22411E-6 4.44775E-6 3.08949E-6 3.45878E-6 3.45301E-6 3.4341E-6 3.27921E-6 3.39267E-6 3.45132E-6 2.45202E-6 2.29501E-6 2.18069E-6 6.92284E-7 6.83071E-7 6.29518E-7 6.71228E-7 6.61716E-7 6.06874E-7 5.38786E-7 4.56167E-7 5.11222E-7 5.26904E-7 5.49309E-7 5.67708E-7 5.76626E-7 3.63816E-7 2.92838E-7 6.54809E-7 8.4161E-7 4.04942E-5 3.72342E-5 1.01608E-4 4.89164E-5 3.69552E-5 6.14847E-6 4.73823E-6 3.22694E-6 2.97432E-6 4.89209E-6 4.34342E-6 3.906E-6 3.12248E-6 2.70871E-5 1.67861E-5 3.84401E-6 4.08897E-6 4.23176E-6 3.31285E-6 1.80345E-6 1.26512E-6
2.9128E-7 9.88511E-8 5.07144E-6 2.19363E-5 3.2969E-4 1.00139E-3 1.60104E-3 3.81143E-4 1.1712E-4 3.4138E-4 4.70278E-5 1.19012E-5 1.9498E-5 7.39857E-6 3.14813E-6 2.33197E-6 2.93584E-6 2.75116E-6 3.03378E-6 2.79589E-6 2.73174E-6 2.57017E-6 2.73284E-6 3.44002E-6 2.58637E-6 2.37085E-6 2.06511E-6 1.86746E-6 6.56851E-7 7.35134E-7 6.99566E-7 6.20649E-7 6.03551E-7 4.45147E-7 4.80419E-7 4.55825E-7 4.87818E-7 4.32506E-7 4.39706E-7 2.93132E-7 3.47443E-7 5.36984E-7 4.92989E-7 6.04372E-7 6.87539E-7 1.6136E-5 1.96711E-5 9.62593E-5 1.48136E-4 1.74876E-4 1.40561E-5 4.15551E-6 3.76231E-6 1.62168E-6 3.31473E-6 3.26457E-6 2.86947E-6 1.74855E-6 4.72277E-6 5.18469E-6 6.14165E-6 4.19371E-6 1.89053E-5 1.95486E-5 8.23451E-7 3.62857E-6
4.29996E-7 3.4624E-7 9.06461E-6 2.82782E-5 8.73064E-4 1.07165E-3 6.1431E-4 2.05784E-4 3.59991E-4 1.4961E-4 3.29735E-6 3.33103E-6 5.03454E-6 2.17789E-6 1.92974E-6 2.42191E-6 2.39656E-6 2.36489E-6 2.81372E-6 2.3313E-6 2.51142E-6 2.75484E-6 3.32732E-6 2.81567E-6 2.77986E-6 2.86501E-6 2.87079E-6 1.94206E-6 5.82003E-7 7.0362E-7 6.30011E-7 5.04254E-7 4.28073E-7 4.01285E-7 3.98262E-7 4.33132E-7 3.85151E-7 3.54588E-7 3.09704E-7 2.5851E-7 2.96534E-7 2.97334E-7 2.35261E-7 3.90732E-7 3.18224E-7 4.55251E-7 1.69235E-6 1.68532E-5 1.01798E-4 1.16146E-4 1.04582E-5 3.70824E-6 8.6362E-7 7.93341E-7 8.46293E-7 2.64494E-6 2.84897E-6 1.76066E-6 1.07946E-6 2.29866E-6 5.3044E-6 3.22376E-6 7.68631E-5 2.94153E-5 3.30946E-6 6.53708E-7
1.31027E-7 5.35943E-7 9.22783E-7 5.87379E-6 6.90204E-4 6.08494E-4 4.41724E-4 1.99997E-4 2.30747E-4 1.60233E-5 3.99261E-6 2.61947E-6 1.54936E-6 2.15623E-6 1.63518E-6 1.85853E-6 2.15682E-6 2.12509E-6 2.69858E-6 2.92556E-6 3.31217E-6 3.42414E-6 3.0523E-6 3.66124E-6 3.5794E-6 2.88797E-6 2.8882E-6 2.05202E-6 1.61097E-6 2.18582E-6 5.33103E-7 6.23744E-7 6.19848E-7 5.62003E-7 4.83447E-7 4.21131E-7 3.25868E-7 2.85841E-7 3.70509E-7 3.07238E-7 3.28506E-7 2.76827E-7 2.4465E-7 1.76599E-7 1.73993E-7 3.58222E-7 9.77062E-7 5.82494E-6 4.32431E-5 1.95852E-5 5.8922E-7 5.8969E-7 7.3818E-7 8.15804E-7 7.63261E-7 7.112E-6 1.01909E-5 4.22771E-6 1.66894E-6 1.70858E-6 1.87094E-6 6.86871E-6 1.03535E-5 2.39834E-5 2.24027E-5 3.47631E-6
9.62337E-7 1.04279E-7 1.05805E-6 1.97621E-5 1.17051E-4 3.33271E-4 5.38619E-4 1.80947E-4 5.92025E-5 3.91298E-6 2.09956E-6 9.90221E-7 1.50512E-6 1.73482E-6 1.43293E-6 2.47088E-6 2.88015E-6 3.00313E-6 3.42139E-6 3.9378E-6 3.9725E-6 4.34229E-6 3.4967E-6 3.10218E-6 2.8612E-6 2.6659E-6 3.56861E-6 3.32813E-6 2.06966E-6 5.95324E-7 7.59489E-7 6.07423E-7 4.72153E-7 4.23339E-7 3.97706E-7 3.88554E-7 3.54299E-7 2.49572E-7 2.64491E-7 2.85722E-7 3.26189E-7 3.43219E-7 2.12004E-7 1.88842E-7 1.42364E-7 6.45352E-7 2.31051E-6 5.97132E-6 2.85343E-6 7.8733E-7 4.80966E-7 3.65945E-7 6.16886E-7 5.39652E-7 4.75195E-7 6.69464E-6 1.16668E-5 9.62332E-6 9.83204E-6 7.0643E-6 4.63457E-6 4.67869E-6 5.38307E-6 4.99353E-6 4.57632E-6 1.14263E-6
6.60537E-8 1.46422E-7 1.47104E-6 1.37887E-5 8.22364E-5 1.52421E-4 2.30244E-4 3.03283E-5 1.88977E-6 1.49555E-6 1.10321E-6 1.12161E-6 1.27354E-6 2.00788E-6 2.02832E-6 2.29838E-6 2.04796E-6 3.33529E-6 3.77549E-6 4.4709E-6 3.52675E-6 3.56254E-6 3.22672E-6 2.84172E-6 3.82423E-6 2.42327E-6 3.14717E-6 9.23147E-7 7.76676E-7 6.23801E-7 1.91915E-6 5.92504E-7 5.0868E-7 4.4751E-7 4.0267E-7 4.63387E-7 4.24028E-7 2.63909E-7 2.62583E-7 2.86295E-7 2.59768E-7 2.44287E-7 2.1065E-7 2.57588E-7 1.62437E-7 1.20236E-7 6.04683E-7 6.88263E-7 4.95801E-7 3.52971E-7 1.28933E-7 3.91941E-7 4.73715E-7 5.57185E-7 1.76302E-6 3.36076E-6 3.77197E-6 5.63419E-6 6.16703E-6 5.73021E-6 1.27643E-5 1.29196E-5 3.53387E-6 1.62513E-6 1.40848E-6 4.91019E-7
8.0185E-8 4.6488E-7 6.08362E-6 6.06656E-5 6.71446E-5 1.20877E-4 5.70907E-5 1.12446E-6 8.91255E-7 2.28559E-6 1.07782E-6 1.13059E-6 1.45008E-6 1.86777E-6 1.94031E-6 2.45789E-6 2.91083E-6 3.286E-6 3.55923E-6 3.52433E-6 3.29979E-6 3.41403E-6 3.06932E-6 2.58721E-6 2.31968E-6 2.74939E-6 2.61998E-6 2.58738E-6 1.83581E-6 1.84775E-6 1.63758E-6 1.58196E-6 4.57803E-7 3.86706E-7 3.76299E-7 3.83823E-7 2.29819E-7 2.03294E-7 2.08631E-7 2.1077E-7 1.93516E-7 1.77011E-7 1.74664E-7 1.96112E-7 9.84847E-8 8.36392E-8 3.54392E-7 4.29865E-7 9.3724E-8 4.00398E-7 4.60961E-7 3.55446E-7 3.62788E-7 5.70741E-7 1.56721E-6 1.64386E-6 1.7454E-6 7.1449E-6 5.93031E-6 1.00853E-5 1.09726E-5 8.8414E-6 3.28991E-6 1.75503E-6 1.83133E-6 2.06916E-6
1.63203E-7 1.20011E-6 1.20127E-5 1.17633E-4 1.36603E-4 8.83755E-5 9.50343E-6 8.11917E-7 1.62742E-6 9.14091E-7 1.04597E-6 1.58053E-6 1.38094E-6 1.89005E-6 1.69653E-6 2.19014E-6 2.85717E-6 2.68735E-6 3.44379E-6 3.27074E-6 2.83358E-6 3.10787E-6 2.75687E-6 2.74209E-6 2.51909E-6 2.02092E-6 2.1663E-6 1.93808E-6 1.65833E-6 1.53934E-6 1.50965E-6 1.36412E-6 4.28139E-7 4.03162E-7 3.53855E-7 2.97054E-7 2.55735E-7 1.64373E-7 1.44304E-7 1.42355E-7 1.44629E-7 1.17173E-7 1.2338E-7 1.09653E-7 5.90783E-8 6.29285E-8 2.07652E-7 5.97555E-8 1.64563E-7 3.42252E-7 2.50107E-7 2.09218E-7 6.85973E-7 9.21704E-7 1.04555E-6 2.608E-6 1.51167E-6 3.08838E-6 3.9567E-6 1.91155E-6 5.01842E-6 3.77088E-6 4.96091E-6 1.26215E-6 1.67611E-6 1.90097E-6
1.88556E-7 6.41483E-6 4.84756E-5 7.95536E-5 1.23975E-4 1.0204E-4 2.23249E-6 2.2833E-6 2.76451E-6 1.01281E-6 1.24198E-6 1.6002E-6 1.68404E-6 2.04714E-6 2.64481E-6 2.24787E-6 1.93822E-6 1.92342E-6 2.52962E-6 2.06934E-6 2.47675E-6 2.56928E-6 1.63667E-6 2.17135E-6 2.15319E-6 1.79901E-6 1.70241E-6 1.82187E-6 1.43642E-6 1.43169E-6 1.45541E-6 1.24567E-6 3.80586E-7 3.46106E-7 2.85659E-7 2.56576E-7 2.27958E-7 2.02593E-7 1.25814E-7 1.42882E-7 1.34515E-7 1.02982E-7 9.59546E-8 8.83868E-8 5.07535E-8 4.07632E-8 1.05632E-7 9.38983E-8 1.15603E-7 2.3511E-7 1.25083E-7 1.09156E-7 1.03871E-7 9.61733E-7 6.25258E-7 1.61591E-6 2.91454E-6 6.4023E-6 9.79294E-7 9.87357E-7 1.41395E-6 1.68659E-6 1.67413E-6 3.88774E-6 1.14344E-6 6.55263E-7
9.33496E-6 1.22574E-5 7.63496E-5 1.45034E-4 1.35511E-4 1.16901E-5 3.48008E-6 2.66406E-6 3.32451E-6 1.31724E-6 1.39709E-6 1.54421E-6 1.24356E-6 1.65236E-6 9.25475E-7 4.91979E-7 3.45253E-7 8.83209E-7 1.2296E-6 1.67059E-6 1.7788E-6 2.86951E-6 2.10111E-6 2.02423E-6 1.84293E-6 1.83153E-6 1.59298E-6 1.68545E-6 1.57022E-6 1.28555E-6 3.77107E-7 3.54735E-7 3.18312E-7 8.3497E-7 7.38684E-7 6.62934E-7 6.7533E-7 6.45018E-7 6.39558E-7 4.07509E-7 3.29053E-7 2.32451E-7 8.91594E-8 5.31913E-8 1.48649E-7 1.20204E-7 7.31777E-8 6.41749E-8 1.0982E-7 9.86715E-8 9.50101E-8 7.36726E-8 6.85209E-8 7.94638E-8 6.75729E-8 1.69344E-6 3.26014E-6 3.49752E-6 4.20499E-7 2.71967E-7 1.62859E-6 4.79685E-7 1.6179E-6 1.50368E-6 5.18452E-7 6.4792E-7
