Leopardus pajeros/Leopardus_pajeros_projection 2041-2060_novel.asc
ncols         515
nrows         545
xllcorner     -119.0
yllcorner     -58.333333333333
cellsize      0.166666666667
NODATA_value  -9999
[rows 150 to 179 of 545, columns 340 to 407 of 515]
1.65438E0 1.65438E0 1.65438E0 1.65438E0 1.65438E0 1.65438E0 1.65438E0 1.65438E0 1.65438E0 1.65438E0 1.65438E0 1.65438E0 1.65438E0 1.65438E0 3.98645E-2 3.98645E-2 3.98645E-2 3.98645E-2 3.98645E-2 3.98645E-2 1.99322E-2 1.99322E-2 -9999 -9999 -9999 -9999 -9999 -9999 -9999 -9999 -9999 -9999 -9999 -9999 -9999 -9999 -9999 -9999 -9999 -9999 -9999 -9999 -9999 -9999 -9999 -9999 -9999 -9999 -9999 -9999 -9999 -9999 -9999 -9999 -9999 -9999 -9999 -9999 -9999 -9999 -9999 -9999 -9999 -9999 -9999 -9999 -9999 -9999
1.65438E0 1.65438E0 1.24377E1 1.65438E0 1.65438E0 1.65438E0 1.65438E0 1.65438E0 1.65438E0 1.65438E0 1.65438E0 1.65438E0 1.65438E0 1.65438E0 3.98645E-2 3.98645E-2 3.98645E-2 3.98645E-2 3.98645E-2 3.98645E-2 1.99322E-2 1.99322E-2 1.99322E-2 -9999 -9999 -9999 -9999 -9999 -9999 -9999 -9999 -9999 -9999 -9999 -9999 -9999 -9999 -9999 -9999 -9999 -9999 -9999 -9999 -9999 -9999 -9999 -9999 -9999 -9999 -9999 -9999 -9999 -9999 -9999 -9999 -9999 -9999 -9999 -9999 -9999 -9999 -9999 -9999 -9999 -9999 -9999 -9999 -9999
1.65438E0 1.65438E0 1.65438E0 1.65438E0 1.65438E0 1.24377E1 1.65438E0 1.65438E0 1.65438E0 1.65438E0 1.65438E0 1.65438E0 1.65438E0 1.65438E0 1.65438E0 3.98645E-2 3.98645E-2 3.98645E-2 3.98645E-2 3.98645E-2 1.99322E-2 1.99322E-2 1.99322E-2 -9999 -9999 -9999 -9999 -9999 -9999 -9999 -9999 -9999 -9999 -9999 -9999 -9999 -9999 -9999 -9999 -9999 -9999 -9999 -9999 -9999 -9999 -9999 -9999 -9999 -9999 -9999 -9999 -9999 -9999 -9999 -9999 -9999 -9999 -9999 -9999 -9999 -9999 -9999 -9999 -9999 -9999 -9999 -9999 -9999
1.65438E0 1.65438E0 1.65438E0 1.65438E0 1.65438E0 1.65438E0 1.65438E0 1.65438E0 1.65438E0 1.65438E0 1.65438E0 1.65438E0 1.65438E0 1.65438E0 1.65438E0 3.98645E-2 3.98645E-2 3.98645E-2 3.98645E-2 3.98645E-2 3.98645E-2 1.99322E-2 1.99322E-2 -9999 -9999 -9999 -9999 -9999 -9999 -9999 -9999 -9999 -9999 -9999 -9999 -9999 -9999 -9999 -9999 -9999 -9999 -9999 -9999 -9999 -9999 -9999 -9999 -9999 -9999 -9999 -9999 -9999 -9999 -9999 -9999 -9999 -9999 -9999 -9999 -9999 -9999 -9999 -9999 -9999 -9999 -9999 -9999 -9999
1.65438E0 1.65438E0 1.65438E0 1.65438E0 1.65438E0 1.65438E0 1.65438E0 1.65438E0 1.65438E0 1.24377E1 1.65438E0 1.65438E0 1.65438E0 1.65438E0 3.98645E-2 3.98645E-2 3.98645E-2 3.98645E-2 3.98645E-2 3.98645E-2 3.98645E-2 3.98645E-2 1.99322E-2 1.99322E-2 1.99322E-2 1.99322E-2 -9999 -9999 -9999 -9999 -9999 -9999 -9999 -9999 -9999 -9999 -9999 -9999 -9999 -9999 -9999 -9999 -9999 -9999 -9999 -9999 -9999 -9999 -9999 -9999 -9999 -9999 -9999 -9999 -9999 -9999 -9999 -9999 -9999 -9999 -9999 -9999 -9999 -9999 -9999 -9999 -9999 -9999
1.65438E0 1.65438E0 1.65438E0 1.65438E0 1.65438E0 1.65438E0 1.24377E1 1.24377E1 3.18916E1 3.18916E1 1.24377E1 1.65438E0 1.65438E0 1.65438E0 1.65438E0 3.98645E-2 3.98645E-2 3.98645E-2 3.98645E-2 3.98645E-2 3.98645E-2 3.98645E-2 3.98645E-2 3.98645E-2 1.99322E-2 1.99322E-2 1.99322E-2 -9999 -9999 -9999 -9999 -9999 -9999 -9999 -9999 -9999 -9999 -9999 -9999 -9999 -9999 -9999 -9999 -9999 -9999 -9999 -9999 -9999 -9999 -9999 -9999 -9999 -9999 -9999 -9999 -9999 -9999 -9999 -9999 -9999 -9999 -9999 -9999 -9999 -9999 -9999 -9999 -9999
1.24377E1 1.24377E1 1.24377E1 1.65438E0 1.65438E0 1.24377E1 1.24377E1 1.24377E1 3.18916E1 4.62228E1 1.24377E1 1.65438E0 1.65438E0 1.65438E0 3.98645E-2 3.98645E-2 3.98645E-2 3.98645E-2 3.98645E-2 3.98645E-2 3.98645E-2 3.98645E-2 3.98645E-2 3.98645E-2 3.98645E-2 3.98645E-2 1.99322E-2 1.99322E-2 -9999 -9999 -9999 -9999 -9999 -9999 -9999 -9999 -9999 -9999 -9999 -9999 -9999 -9999 -9999 -9999 -9999 -9999 -9999 -9999 -9999 -9999 -9999 -9999 -9999 -9999 -9999 -9999 -9999 -9999 -9999 -9999 -9999 -9999 -9999 -9999 -9999 -9999 -9999 -9999
3.18916E1 1.24377E1 1.24377E1 1.65438E0 1.65438E0 1.24377E1 1.24377E1 3.18916E1 3.91469E1 3.98445E1 3.18916E1 1.24377E1 1.65438E0 1.65438E0 3.98645E-2 3.98645E-2 3.98645E-2 3.98645E-2 3.98645E-2 3.98645E-2 3.98645E-2 3.98645E-2 3.98645E-2 3.98645E-2 3.98645E-2 3.98645E-2 3.98645E-2 1.99322E-2 1.99322E-2 -9999 -9999 -9999 -9999 -9999 -9999 -9999 -9999 -9999 -9999 -9999 -9999 -9999 -9999 -9999 -9999 -9999 -9999 -9999 -9999 -9999 -9999 -9999 -9999 -9999 -9999 -9999 -9999 -9999 -9999 -9999 -9999 -9999 -9999 -9999 -9999 -9999 -9999 -9999
3.18916E1 3.18916E1 2.94399E1 2.87821E1 1.24377E1 1.24377E1 3.18916E1 4.26151E1 3.28483E1 3.28483E1 3.28483E1 3.18916E1 1.24377E1 1.65438E0 3.98645E-2 1.65438E0 1.65438E0 3.98645E-2 3.98645E-2 3.98645E-2 3.98645E-2 3.98645E-2 3.98645E-2 3.98645E-2 3.98645E-2 3.98645E-2 3.98645E-2 1.99322E-2 1.99322E-2 1.99322E-2 1.99322E-2 -9999 -9999 -9999 -9999 -9999 -9999 -9999 -9999 -9999 -9999 -9999 -9999 -9999 -9999 -9999 -9999 -9999 -9999 -9999 -9999 -9999 -9999 -9999 -9999 -9999 -9999 -9999 -9999 -9999 -9999 -9999 -9999 -9999 -9999 -9999 -9999 -9999
1.24377E1 2.50548E1 2.24038E1 2.34802E1 2.43971E1 2.30616E1 2.39984E1 3.19713E1 3.28483E1 3.28483E1 3.18916E1 3.18916E1 2.40582E1 3.18916E1 1.65438E0 1.65438E0 3.98645E-2 3.98645E-2 3.98645E-2 3.98645E-2 3.98645E-2 3.98645E-2 3.98645E-2 3.98645E-2 3.98645E-2 3.98645E-2 3.98645E-2 3.98645E-2 3.98645E-2 3.98645E-2 1.99322E-2 -9999 1.99322E-2 1.99322E-2 -9999 -9999 -9999 -9999 -9999 1.99322E-2 1.99322E-2 1.99322E-2 -9999 1.99322E-2 1.99322E-2 1.99322E-2 -9999 -9999 -9999 -9999 -9999 -9999 -9999 -9999 -9999 -9999 -9999 -9999 -9999 -9999 -9999 -9999 -9999 -9999 -9999 -9999 -9999 -9999
1.42515E1 1.43313E1 1.64042E1 1.56867E1 2.18059E1 2.36396E1 2.69683E1 3.28483E1 3.28483E1 3.28483E1 3.18916E1 3.18916E1 3.09946E1 3.10743E1 1.24377E1 1.65438E0 3.98645E-2 3.98645E-2 3.98645E-2 1.65438E0 3.98645E-2 3.98645E-2 3.98645E-2 3.98645E-2 3.98645E-2 3.98645E-2 3.98645E-2 3.98645E-2 3.98645E-2 3.98645E-2 1.99322E-2 1.99322E-2 1.99322E-2 1.99322E-2 1.99322E-2 1.99322E-2 1.99322E-2 1.99322E-2 1.99322E-2 3.98645E-2 3.98645E-2 3.98645E-2 1.99322E-2 1.99322E-2 3.98645E-2 3.98645E-2 3.98645E-2 3.98645E-2 3.98645E-2 3.98645E-2 -9999 -9999 -9999 -9999 -9999 -9999 -9999 -9999 -9999 -9999 -9999 -9999 -9999 -9999 -9999 -9999 -9999 -9999
1.35738E1 2.6191E1 1.45705E1 7.71377E0 9.78673E0 1.39326E1 1.7341E1 2.22444E1 3.28483E1 3.28483E1 3.28483E1 3.18916E1 3.28483E1 2.85828E1 2.59119E1 1.24377E1 1.65438E0 3.98645E-2 3.98645E-2 3.98645E-2 3.98645E-2 3.98645E-2 3.98645E-2 3.98645E-2 3.98645E-2 3.98645E-2 3.98645E-2 3.98645E-2 3.98645E-2 3.98645E-2 3.98645E-2 3.98645E-2 3.98645E-2 3.98645E-2 1.99322E-2 1.99322E-2 1.99322E-2 3.98645E-2 3.98645E-2 3.98645E-2 3.98645E-2 3.98645E-2 3.98645E-2 3.98645E-2 3.98645E-2 3.98645E-2 3.98645E-2 3.98645E-2 3.98645E-2 3.98645E-2 3.98645E-2 3.98645E-2 -9999 -9999 -9999 -9999 -9999 -9999 -9999 -9999 -9999 -9999 -9999 -9999 -9999 -9999 -9999 -9999
1.06039E1 1.47698E1 9.88639E0 7.31513E0 7.67391E0 1.03847E1 1.39326E1 1.37931E1 2.97588E1 3.18916E1 3.28483E1 3.18916E1 3.28483E1 3.28483E1 1.96133E1 2.33008E1 1.24377E1 1.65438E0 3.98645E-2 3.98645E-2 3.98645E-2 3.98645E-2 3.98645E-2 3.98645E-2 3.98645E-2 3.98645E-2 3.98645E-2 3.98645E-2 3.98645E-2 3.98645E-2 3.98645E-2 3.98645E-2 3.98645E-2 3.98645E-2 3.98645E-2 3.98645E-2 3.98645E-2 3.98645E-2 3.98645E-2 3.98645E-2 3.98645E-2 3.98645E-2 3.98645E-2 3.98645E-2 3.98645E-2 3.98645E-2 3.98645E-2 3.98645E-2 3.98645E-2 3.98645E-2 3.98645E-2 3.98645E-2 3.98645E-2 3.98645E-2 3.98645E-2 -9999 -9999 -9999 -9999 -9999 -9999 -9999 -9999 -9999 -9999 -9999 -9999 -9999
1.19394E1 1.1182E1 8.67052E0 6.0594E0 8.37154E0 1.4989E1 1.40323E1 1.8517E1 1.53677E1 2.46761E1 3.28483E1 3.28483E1 2.19255E1 2.69085E1 3.21108E1 2.94E1 2.63305E1 1.24377E1 1.24377E1 1.65438E0 3.98645E-2 3.98645E-2 3.98645E-2 3.98645E-2 3.98645E-2 3.98645E-2 3.98645E-2 3.98645E-2 3.98645E-2 3.98645E-2 3.98645E-2 3.98645E-2 3.98645E-2 3.98645E-2 3.98645E-2 3.98645E-2 3.98645E-2 3.98645E-2 3.98645E-2 3.98645E-2 3.98645E-2 3.98645E-2 3.98645E-2 3.98645E-2 3.98645E-2 3.98645E-2 3.98645E-2 3.98645E-2 3.98645E-2 3.98645E-2 3.98645E-2 3.98645E-2 3.98645E-2 3.98645E-2 3.98645E-2 3.98645E-2 3.98645E-2 -9999 -9999 -9999 -9999 -9999 -9999 -9999 -9999 -9999 -9999 -9999
8.57086E0 4.94319E0 7.63404E0 6.83675E0 8.81005E0 1.06039E1 1.40323E1 1.42515E1 1.40921E1 1.51286E1 2.59318E1 3.26889E1 1.56867E1 2.8244E1 2.89416E1 2.40582E1 2.08491E1 1.86765E1 1.24377E1 1.65438E0 1.65438E0 3.98645E-2 3.98645E-2 3.98645E-2 3.98645E-2 3.98645E-2 3.98645E-2 3.98645E-2 3.98645E-2 3.98645E-2 3.98645E-2 3.98645E-2 3.98645E-2 3.98645E-2 3.98645E-2 3.98645E-2 3.98645E-2 3.98645E-2 3.98645E-2 3.98645E-2 3.98645E-2 3.98645E-2 3.98645E-2 3.98645E-2 3.98645E-2 3.98645E-2 3.98645E-2 3.98645E-2 3.98645E-2 3.98645E-2 3.98645E-2 3.98645E-2 3.98645E-2 3.98645E-2 3.98645E-2 3.98645E-2 1.65438E0 1.65438E0 -9999 -9999 -9999 -9999 -9999 -9999 -9999 -9999 -9999 -9999
6.15906E0 6.35838E0 6.43811E0 7.21547E0 6.59757E0 9.96611E0 1.18796E1 1.39326E1 1.43113E1 2.31214E1 2.52143E1 2.00518E1 1.48894E1 2.97588E1 3.28483E1 2.18059E1 2.40981E1 2.25234E1 1.24377E1 3.98645E-2 3.98645E-2 3.98645E-2 3.98645E-2 3.98645E-2 3.98645E-2 3.98645E-2 3.98645E-2 3.98645E-2 3.98645E-2 3.98645E-2 3.98645E-2 3.98645E-2 3.98645E-2 3.98645E-2 3.98645E-2 3.98645E-2 3.98645E-2 3.98645E-2 3.98645E-2 3.98645E-2 3.98645E-2 3.98645E-2 1.65438E0 3.98645E-2 3.98645E-2 3.98645E-2 1.65438E0 3.98645E-2 3.98645E-2 1.65438E0 3.98645E-2 3.98645E-2 3.98645E-2 1.65438E0 1.65438E0 3.98645E-2 1.65438E0 1.65438E0 1.65438E0 -9999 -9999 -9999 -9999 -9999 -9999 -9999 -9999 -9999
7.39486E0 4.48475E0 4.7638E0 6.79689E0 7.09587E0 8.57086E0 1.06637E1 1.63843E1 2.00718E1 2.41579E1 2.69882E1 2.61112E1 2.76061E1 2.77855E1 3.28483E1 2.63305E1 2.40981E1 2.14869E1 1.65438E0 3.98645E-2 3.98645E-2 3.98645E-2 3.98645E-2 3.98645E-2 3.98645E-2 3.98645E-2 3.98645E-2 3.98645E-2 3.98645E-2 3.98645E-2 3.98645E-2 3.98645E-2 3.98645E-2 1.65438E0 3.98645E-2 3.98645E-2 3.98645E-2 3.98645E-2 3.98645E-2 3.98645E-2 3.98645E-2 3.98645E-2 3.98645E-2 3.98645E-2 3.98645E-2 3.98645E-2 1.65438E0 3.98645E-2 1.65438E0 1.65438E0 1.65438E0 3.98645E-2 1.65438E0 1.65438E0 1.65438E0 1.65438E0 3.98645E-2 1.65438E0 1.65438E0 3.98645E-2 3.98645E-2 -9999 -9999 -9999 -9999 -9999 -9999 -9999
4.94319E0 4.66414E0 6.13913E0 6.51784E0 7.7935E0 8.57086E0 1.2936E1 1.60454E1 1.43113E1 1.55073E1 2.05701E1 2.56926E1 2.71676E1 1.24377E1 1.24377E1 1.24377E1 2.94E1 1.65438E0 3.98645E-2 3.98645E-2 3.98645E-2 3.98645E-2 3.98645E-2 1.65438E0 3.98645E-2 3.98645E-2 3.98645E-2 3.98645E-2 3.98645E-2 3.98645E-2 3.98645E-2 1.65438E0 1.65438E0 1.65438E0 3.98645E-2 3.98645E-2 3.98645E-2 3.98645E-2 3.98645E-2 3.98645E-2 3.98645E-2 3.98645E-2 3.98645E-2 3.98645E-2 3.98645E-2 3.98645E-2 3.98645E-2 3.98645E-2 3.98645E-2 3.98645E-2 3.98645E-2 3.98645E-2 1.65438E0 1.65438E0 1.65438E0 1.65438E0 1.65438E0 1.65438E0 3.98645E-2 1.65438E0 1.65438E0 3.98645E-2 3.98645E-2 -9999 -9999 -9999 -9999 -9999
1.06039E1 7.37493E0 9.96611E0 9.0293E0 1.30755E1 1.4989E1 1.764E1 1.7341E1 2.04505E1 2.4417E1 1.24377E1 1.24377E1 1.24377E1 1.24377E1 1.24377E1 1.24377E1 1.24377E1 1.65438E0 3.98645E-2 3.98645E-2 3.98645E-2 1.65438E0 3.98645E-2 3.98645E-2 3.98645E-2 3.98645E-2 3.98645E-2 3.98645E-2 3.98645E-2 3.98645E-2 3.98645E-2 1.65438E0 1.65438E0 1.65438E0 3.98645E-2 3.98645E-2 3.98645E-2 3.98645E-2 3.98645E-2 3.98645E-2 3.98645E-2 3.98645E-2 3.98645E-2 3.98645E-2 3.98645E-2 1.65438E0 1.65438E0 3.98645E-2 3.98645E-2 3.98645E-2 1.65438E0 1.65438E0 1.65438E0 1.65438E0 1.65438E0 1.65438E0 1.65438E0 1.65438E0 1.65438E0 1.65438E0 1.65438E0 3.98645E-2 3.98645E-2 -9999 -9999 -9999 -9999 -9999
6.23879E0 9.16883E0 8.69045E0 8.67052E0 1.13414E1 1.24377E1 1.24377E1 1.65438E0 1.65438E0 1.65438E0 3.98645E-2 1.65438E0 1.65438E0 1.65438E0 1.65438E0 1.65438E0 1.24377E1 1.24377E1 1.24377E1 1.65438E0 3.98645E-2 3.98645E-2 3.98645E-2 3.98645E-2 3.98645E-2 3.98645E-2 3.98645E-2 3.98645E-2 3.98645E-2 3.98645E-2 1.65438E0 1.65438E0 1.65438E0 1.65438E0 3.98645E-2 3.98645E-2 1.65438E0 1.65438E0 3.98645E-2 3.98645E-2 3.98645E-2 3.98645E-2 3.98645E-2 3.98645E-2 3.98645E-2 1.65438E0 1.65438E0 3.98645E-2 3.98645E-2 1.65438E0 1.65438E0 1.65438E0 1.65438E0 1.65438E0 1.65438E0 1.65438E0 1.65438E0 1.65438E0 1.65438E0 1.65438E0 1.65438E0 1.65438E0 3.98645E-2 3.98645E-2 -9999 3.98645E-2 -9999 -9999
5.80028E0 6.31852E0 7.9131E0 1.24377E1 1.65438E0 1.65438E0 1.65438E0 3.98645E-2 3.98645E-2 3.98645E-2 3.98645E-2 3.98645E-2 3.98645E-2 3.98645E-2 1.65438E0 1.65438E0 3.98645E-2 1.65438E0 1.65438E0 3.98645E-2 3.98645E-2 3.98645E-2 3.98645E-2 3.98645E-2 3.98645E-2 3.98645E-2 3.98645E-2 3.98645E-2 3.98645E-2 3.98645E-2 1.65438E0 1.65438E0 1.65438E0 1.65438E0 3.98645E-2 3.98645E-2 1.65438E0 3.98645E-2 3.98645E-2 3.98645E-2 3.98645E-2 3.98645E-2 3.98645E-2 3.98645E-2 3.98645E-2 3.98645E-2 3.98645E-2 3.98645E-2 1.65438E0 1.65438E0 1.65438E0 1.65438E0 1.65438E0 1.65438E0 1.65438E0 1.65438E0 1.65438E0 1.65438E0 1.65438E0 1.65438E0 1.65438E0 1.65438E0 1.65438E0 3.98645E-2 3.98645E-2 3.98645E-2 -9999 -9999
6.51784E0 1.65438E0 1.65438E0 1.65438E0 1.65438E0 3.98645E-2 3.98645E-2 3.98645E-2 3.98645E-2 3.98645E-2 1.99322E-2 1.99322E-2 3.98645E-2 3.98645E-2 3.98645E-2 1.99322E-2 1.99322E-2 3.98645E-2 1.99322E-2 1.99322E-2 3.98645E-2 3.98645E-2 3.98645E-2 3.98645E-2 3.98645E-2 3.98645E-2 3.98645E-2 3.98645E-2 3.98645E-2 1.65438E0 1.65438E0 1.24377E1 1.65438E0 1.65438E0 1.65438E0 1.65438E0 1.65438E0 1.65438E0 3.98645E-2 3.98645E-2 3.98645E-2 3.98645E-2 1.65438E0 1.65438E0 3.98645E-2 3.98645E-2 1.65438E0 1.65438E0 1.65438E0 1.65438E0 1.65438E0 1.65438E0 1.65438E0 1.65438E0 1.65438E0 1.65438E0 1.65438E0 1.65438E0 1.65438E0 1.65438E0 1.65438E0 1.65438E0 1.65438E0 1.65438E0 3.98645E-2 3.98645E-2 3.98645E-2 -9999
1.65438E0 1.65438E0 1.65438E0 1.65438E0 1.65438E0 3.98645E-2 3.98645E-2 3.98645E-2 3.98645E-2 1.99322E-2 1.99322E-2 1.99322E-2 1.99322E-2 1.99322E-2 1.99322E-2 1.99322E-2 1.99322E-2 1.99322E-2 1.99322E-2 1.99322E-2 3.98645E-2 3.98645E-2 3.98645E-2 3.98645E-2 3.98645E-2 3.98645E-2 3.98645E-2 3.98645E-2 3.98645E-2 1.65438E0 1.65438E0 1.65438E0 1.65438E0 1.65438E0 1.24377E1 1.65438E0 1.65438E0 1.65438E0 1.65438E0 3.98645E-2 3.98645E-2 1.65438E0 1.65438E0 1.65438E0 1.65438E0 1.65438E0 1.65438E0 1.65438E0 1.65438E0 1.24377E1 1.65438E0 1.65438E0 1.65438E0 1.24377E1 1.65438E0 1.65438E0 1.65438E0 1.65438E0 1.65438E0 1.65438E0 1.65438E0 1.65438E0 1.65438E0 1.65438E0 3.98645E-2 3.98645E-2 3.98645E-2 -9999
1.65438E0 1.65438E0 1.65438E0 3.98645E-2 3.98645E-2 3.98645E-2 3.98645E-2 3.98645E-2 1.99322E-2 1.99322E-2 1.99322E-2 1.99322E-2 1.99322E-2 1.99322E-2 1.99322E-2 1.99322E-2 1.99322E-2 1.99322E-2 1.99322E-2 1.99322E-2 3.98645E-2 3.98645E-2 3.98645E-2 3.98645E-2 3.98645E-2 3.98645E-2 3.98645E-2 3.98645E-2 3.98645E-2 1.65438E0 1.65438E0 1.65438E0 1.65438E0 1.65438E0 1.65438E0 1.65438E0 1.24377E1 1.65438E0 3.98645E-2 3.98645E-2 1.65438E0 1.65438E0 1.65438E0 1.65438E0 1.65438E0 1.65438E0 1.65438E0 1.65438E0 1.65438E0 1.65438E0 1.24377E1 1.65438E0 1.24377E1 1.24377E1 1.24377E1 1.65438E0 1.65438E0 1.65438E0 1.65438E0 1.65438E0 1.65438E0 1.65438E0 1.65438E0 1.65438E0 3.98645E-2 3.98645E-2 3.98645E-2 -9999
1.65438E0 1.65438E0 1.65438E0 3.98645E-2 3.98645E-2 3.98645E-2 3.98645E-2 1.99322E-2 1.99322E-2 1.99322E-2 1.99322E-2 1.99322E-2 1.99322E-2 1.99322E-2 1.99322E-2 1.99322E-2 1.99322E-2 3.98645E-2 3.98645E-2 3.98645E-2 3.98645E-2 3.98645E-2 3.98645E-2 3.98645E-2 3.98645E-2 3.98645E-2 3.98645E-2 3.98645E-2 1.65438E0 1.65438E0 1.65438E0 1.65438E0 1.65438E0 1.65438E0 1.65438E0 1.65438E0 1.65438E0 1.65438E0 1.65438E0 1.65438E0 1.65438E0 1.65438E0 1.65438E0 1.65438E0 1.65438E0 1.65438E0 1.65438E0 1.65438E0 1.65438E0 1.65438E0 1.65438E0 1.65438E0 1.65438E0 1.65438E0 1.65438E0 1.65438E0 1.65438E0 1.65438E0 1.65438E0 1.65438E0 1.65438E0 1.65438E0 1.65438E0 1.65438E0 3.98645E-2 3.98645E-2 3.98645E-2 -9999
1.65438E0 1.65438E0 1.65438E0 3.98645E-2 3.98645E-2 3.98645E-2 3.98645E-2 3.98645E-2 1.99322E-2 1.99322E-2 1.99322E-2 1.99322E-2 1.99322E-2 1.99322E-2 1.99322E-2 3.98645E-2 1.24377E1 1.65438E0 1.65438E0 1.65438E0 3.98645E-2 3.98645E-2 3.98645E-2 3.98645E-2 3.98645E-2 3.98645E-2 1.65438E0 1.65438E0 1.65438E0 1.65438E0 1.65438E0 1.65438E0 1.65438E0 1.65438E0 1.65438E0 1.65438E0 1.65438E0 1.65438E0 1.65438E0 1.65438E0 1.65438E0 1.65438E0 1.65438E0 1.65438E0 1.65438E0 1.65438E0 1.65438E0 1.65438E0 1.65438E0 1.65438E0 1.65438E0 1.65438E0 1.65438E0 1.65438E0 1.65438E0 1.65438E0 1.65438E0 1.65438E0 1.65438E0 1.65438E0 1.65438E0 1.65438E0 1.65438E0 1.65438E0 3.98645E-2 3.98645E-2 3.98645E-2 -9999
1.65438E0 1.65438E0 1.65438E0 3.98645E-2 3.98645E-2 3.98645E-2 3.98645E-2 1.99322E-2 1.99322E-2 1.99322E-2 1.99322E-2 1.99322E-2 1.99322E-2 1.99322E-2 1.99322E-2 1.99322E-2 3.98645E-2 3.98645E-2 3.98645E-2 3.98645E-2 3.98645E-2 3.98645E-2 3.98645E-2 3.98645E-2 3.98645E-2 1.65438E0 1.65438E0 1.65438E0 1.65438E0 1.65438E0 1.65438E0 1.65438E0 1.65438E0 1.65438E0 1.65438E0 1.65438E0 1.65438E0 1.65438E0 1.65438E0 1.65438E0 1.65438E0 1.65438E0 1.65438E0 1.65438E0 1.65438E0 1.65438E0 1.65438E0 1.65438E0 1.65438E0 1.65438E0 1.65438E0 1.65438E0 1.65438E0 1.65438E0 1.65438E0 1.24377E1 1.65438E0 1.65438E0 1.65438E0 1.65438E0 1.65438E0 1.65438E0 1.65438E0 1.65438E0 3.98645E-2 3.98645E-2 3.98645E-2 -9999
1.65438E0 1.65438E0 1.65438E0 3.98645E-2 3.98645E-2 3.98645E-2 1.99322E-2 1.99322E-2 1.99322E-2 1.99322E-2 1.99322E-2 1.99322E-2 1.99322E-2 1.99322E-2 1.99322E-2 1.99322E-2 1.99322E-2 1.99322E-2 3.98645E-2 3.98645E-2 3.98645E-2 3.98645E-2 3.98645E-2 3.98645E-2 1.65438E0 1.65438E0 1.65438E0 1.65438E0 1.65438E0 1.65438E0 1.65438E0 1.65438E0 1.65438E0 1.65438E0 1.65438E0 1.65438E0 1.65438E0 1.65438E0 1.65438E0 1.65438E0 1.65438E0 1.65438E0 1.65438E0 1.65438E0 1.65438E0 1.65438E0 1.65438E0 1.65438E0 1.65438E0 1.65438E0 1.65438E0 1.65438E0 1.65438E0 1.65438E0 1.65438E0 1.65438E0 1.65438E0 1.65438E0 1.65438E0 1.65438E0 1.65438E0 1.65438E0 1.65438E0 3.98645E-2 3.98645E-2 3.98645E-2 3.98645E-2 3.98645E-2
1.65438E0 1.65438E0 3.98645E-2 3.98645E-2 3.98645E-2 3.98645E-2 1.99322E-2 1.99322E-2 1.99322E-2 1.99322E-2 1.99322E-2 1.99322E-2 1.99322E-2 1.99322E-2 1.99322E-2 1.99322E-2 1.99322E-2 1.99322E-2 1.99322E-2 3.98645E-2 3.98645E-2 3.98645E-2 3.98645E-2 3.98645E-2 1.65438E0 1.65438E0 1.65438E0 1.65438E0 1.65438E0 1.65438E0 1.65438E0 1.65438E0 1.65438E0 1.65438E0 1.65438E0 1.65438E0 1.65438E0 1.24377E1 1.65438E0 1.65438E0 1.65438E0 1.65438E0 1.65438E0 1.24377E1 1.65438E0 1.65438E0 1.65438E0 1.65438E0 1.65438E0 1.65438E0 1.65438E0 1.65438E0 1.65438E0 1.65438E0 1.65438E0 1.65438E0 1.65438E0 1.65438E0 1.65438E0 1.65438E0 1.65438E0 1.65438E0 1.65438E0 3.98645E-2 3.98645E-2 3.98645E-2 3.98645E-2 3.98645E-2
1.65438E0 3.98645E-2 3.98645E-2 3.98645E-2 3.98645E-2 3.98645E-2 3.98645E-2 1.99322E-2 1.99322E-2 1.99322E-2 1.99322E-2 1.99322E-2 1.99322E-2 1.99322E-2 1.99322E-2 1.99322E-2 1.99322E-2 1.99322E-2 3.98645E-2 3.98645E-2 3.98645E-2 3.98645E-2 3.98645E-2 3.98645E-2 3.98645E-2 1.65438E0 1.65438E0 1.65438E0 1.65438E0 1.65438E0 1.65438E0 1.65438E0 1.65438E0 1.65438E0 1.65438E0 1.65438E0 1.65438E0 1.24377E1 1.65438E0 1.65438E0 1.65438E0 1.65438E0 1.65438E0 1.24377E1 1.24377E1 1.24377E1 1.65438E0 1.65438E0 1.65438E0 1.65438E0 1.65438E0 1.65438E0 1.65438E0 1.65438E0 1.65438E0 1.65438E0 1.65438E0 1.65438E0 1.65438E0 1.65438E0 1.65438E0 1.65438E0 1.65438E0 3.98645E-2 3.98645E-2 3.98645E-2 3.98645E-2 3.98645E-2
