Leopardus pajeros/Leopardus_pajeros.asc
ncols         515
nrows         545
xllcorner     -119.0
yllcorner     -58.333333333333
cellsize      0.166666666667
NODATA_value  -9999
[rows 406 to 434 of 545, columns 330 to 395 of 515]
6.95405E-1 6.85665E-1 6.87243E-1 6.88934E-1 6.90093E-1 6.93266E-1 7.0248E-1 7.05849E-1 6.97115E-1 6.51194E-1 6.45723E-1 6.29079E-1 6.18424E-1 6.13706E-1 6.01005E-1 5.85154E-1 5.63451E-1 5.42437E-1 4.76778E-1 4.85831E-1 4.88113E-1 4.77186E-1 4.65984E-1 4.63512E-1 3.74058E-1 3.41822E-1 3.01855E-1 2.77093E-1 2.5998E-1 2.55484E-1 2.5172E-1 2.46644E-1 2.576E-1 2.6385E-1 2.74211E-1 2.75681E-1 2.70134E-1 2.62821E-1 2.66426E-1 2.73067E-1 2.76199E-1 -9999 -9999 -9999 -9999 -9999 -9999 -9999 -9999 -9999 -9999 -9999 -9999 -9999 -9999 -9999 -9999 -9999 -9999 -9999 -9999 -9999 -9999 -9999 -9999 -9999
6.77289E-1 6.80283E-1 6.86203E-1 6.96319E-1 7.05365E-1 7.15155E-1 7.19844E-1 7.28382E-1 7.25558E-1 6.65588E-1 6.54306E-1 6.40188E-1 6.28002E-1 6.18845E-1 6.06991E-1 5.92053E-1 5.67476E-1 5.31621E-1 4.47671E-1 4.65448E-1 4.69082E-1 4.70998E-1 4.71503E-1 4.60164E-1 4.46988E-1 3.49561E-1 3.21382E-1 3.02722E-1 2.83137E-1 2.73133E-1 2.63752E-1 2.69777E-1 2.79972E-1 3.29114E-1 3.44417E-1 3.50746E-1 3.56448E-1 2.94906E-1 2.89117E-1 2.98951E-1 2.9129E-1 2.55022E-1 -9999 -9999 -9999 -9999 -9999 -9999 -9999 -9999 -9999 -9999 -9999 -9999 -9999 -9999 -9999 -9999 -9999 -9999 -9999 -9999 -9999 -9999 -9999 -9999
6.70419E-1 6.77176E-1 6.99285E-1 7.10514E-1 7.252E-1 7.35439E-1 7.40178E-1 7.56252E-1 7.07451E-1 6.91267E-1 6.77055E-1 6.62681E-1 6.5159E-1 6.29539E-1 6.1772E-1 5.90239E-1 5.65305E-1 5.3286E-1 5.08305E-1 4.50067E-1 4.6055E-1 4.55557E-1 4.65367E-1 4.57751E-1 4.40693E-1 4.22358E-1 3.97239E-1 3.2184E-1 3.09053E-1 2.97259E-1 2.81025E-1 2.92838E-1 3.52268E-1 3.41973E-1 3.56992E-1 3.71543E-1 3.79446E-1 3.92693E-1 3.85927E-1 3.13742E-1 3.00347E-1 2.48937E-1 -9999 -9999 -9999 -9999 -9999 -9999 -9999 -9999 -9999 -9999 -9999 -9999 -9999 -9999 -9999 -9999 -9999 -9999 -9999 -9999 -9999 -9999 -9999 -9999
6.88767E-1 6.92407E-1 7.12614E-1 7.36311E-1 7.48417E-1 7.61863E-1 7.78926E-1 7.8792E-1 7.69711E-1 7.1494E-1 7.40908E-1 6.7143E-1 6.57941E-1 6.38605E-1 6.17306E-1 5.97944E-1 5.75818E-1 5.38065E-1 5.28796E-1 5.1737E-1 5.25278E-1 4.54288E-1 4.57758E-1 4.47091E-1 4.32443E-1 4.26196E-1 4.09641E-1 3.91368E-1 3.7703E-1 3.67558E-1 3.58883E-1 3.6363E-1 3.68237E-1 3.66625E-1 3.82175E-1 3.92995E-1 4.03397E-1 4.0435E-1 3.95776E-1 3.9348E-1 3.19599E-1 -9999 -9999 -9999 -9999 -9999 -9999 -9999 -9999 -9999 -9999 -9999 -9999 -9999 -9999 -9999 -9999 -9999 -9999 -9999 -9999 -9999 -9999 -9999 -9999 -9999
7.19601E-1 7.20701E-1 7.50514E-1 7.62212E-1 7.68806E-1 7.86692E-1 8.04028E-1 7.9469E-1 7.90744E-1 6.88327E-1 7.54901E-1 7.2398E-1 7.15487E-1 6.47411E-1 6.25299E-1 6.0421E-1 5.80136E-1 5.60283E-1 5.52561E-1 5.35707E-1 5.33602E-1 5.30113E-1 5.23191E-1 4.43527E-1 4.38717E-1 4.29006E-1 4.16167E-1 3.98837E-1 3.8501E-1 3.74178E-1 3.87791E-1 3.80063E-1 3.83287E-1 3.83317E-1 4.00409E-1 4.04308E-1 4.05186E-1 4.15559E-1 4.05508E-1 3.883E-1 -9999 -9999 -9999 -9999 -9999 -9999 -9999 -9999 -9999 -9999 -9999 -9999 -9999 -9999 -9999 -9999 -9999 -9999 -9999 -9999 -9999 -9999 -9999 -9999 -9999 -9999
7.42573E-1 7.54148E-1 7.74752E-1 7.77737E-1 7.88694E-1 7.99125E-1 7.9521E-1 7.95736E-1 7.9502E-1 7.46103E-1 7.56033E-1 7.34317E-1 7.20695E-1 6.90759E-1 6.75839E-1 6.53685E-1 5.89853E-1 5.81887E-1 5.69568E-1 5.47424E-1 5.38888E-1 5.24137E-1 5.18409E-1 5.00797E-1 4.36869E-1 4.25448E-1 4.07754E-1 4.00786E-1 3.86377E-1 3.8327E-1 3.8942E-1 3.90178E-1 3.98636E-1 3.92887E-1 4.10733E-1 4.11846E-1 4.17145E-1 4.26999E-1 4.12014E-1 4.0242E-1 4.11432E-1 -9999 -9999 -9999 -9999 -9999 -9999 -9999 -9999 -9999 -9999 -9999 -9999 -9999 -9999 -9999 -9999 -9999 -9999 -9999 -9999 -9999 -9999 -9999 -9999 -9999
7.65691E-1 7.76335E-1 8.15387E-1 7.92174E-1 7.97191E-1 7.86852E-1 7.84597E-1 7.83671E-1 7.90048E-1 7.76408E-1 7.46137E-1 7.27749E-1 6.96761E-1 6.93194E-1 6.71316E-1 6.62847E-1 6.40182E-1 6.31658E-1 6.19454E-1 5.49027E-1 5.30267E-1 5.13881E-1 5.07489E-1 5.06215E-1 4.87862E-1 4.74093E-1 4.77173E-1 4.64178E-1 4.05275E-1 4.0686E-1 3.93864E-1 3.98689E-1 4.02525E-1 4.11312E-1 4.28381E-1 4.22692E-1 4.86031E-1 5.00157E-1 4.75052E-1 4.08662E-1 3.96197E-1 3.07574E-1 2.19825E-1 1.47564E-1 -9999 -9999 -9999 -9999 -9999 -9999 -9999 -9999 -9999 -9999 -9999 -9999 -9999 -9999 -9999 -9999 -9999 -9999 -9999 -9999 -9999 -9999
8.08419E-1 8.14018E-1 8.14288E-1 8.12859E-1 8.1275E-1 8.13516E-1 7.89026E-1 7.75449E-1 7.7166E-1 7.5718E-1 7.34448E-1 7.13852E-1 7.00371E-1 6.95304E-1 6.84223E-1 6.56824E-1 6.45397E-1 6.27565E-1 6.07833E-1 5.91727E-1 5.20784E-1 5.14223E-1 5.05786E-1 5.03175E-1 4.91074E-1 4.84437E-1 4.77223E-1 4.78722E-1 4.73675E-1 4.60903E-1 4.52091E-1 4.51348E-1 4.68226E-1 4.81103E-1 4.84375E-1 4.9631E-1 4.9732E-1 5.0744E-1 5.00461E-1 4.15829E-1 4.01103E-1 3.70563E-1 2.49571E-1 2.07746E-1 -9999 -9999 -9999 -9999 -9999 -9999 -9999 -9999 -9999 -9999 -9999 -9999 -9999 -9999 -9999 -9999 -9999 -9999 -9999 -9999 -9999 -9999
8.26917E-1 8.32559E-1 8.29406E-1 8.20127E-1 8.21072E-1 8.07824E-1 8.05399E-1 8.12638E-1 7.94351E-1 7.83544E-1 7.72878E-1 7.15346E-1 6.92517E-1 6.80764E-1 6.86063E-1 6.67161E-1 6.55833E-1 6.27775E-1 5.86014E-1 5.77972E-1 5.68216E-1 5.55702E-1 5.43665E-1 4.87798E-1 4.79871E-1 4.74523E-1 4.79488E-1 4.72286E-1 4.68979E-1 4.60001E-1 4.55491E-1 4.60154E-1 4.77435E-1 4.77031E-1 4.82288E-1 4.935E-1 4.95466E-1 4.98611E-1 4.86006E-1 4.10966E-1 3.85938E-1 3.48827E-1 2.4041E-1 2.12497E-1 -9999 -9999 -9999 -9999 -9999 -9999 -9999 -9999 -9999 -9999 -9999 -9999 -9999 -9999 -9999 -9999 -9999 -9999 -9999 -9999 -9999 -9999
8.47452E-1 8.4576E-1 8.39017E-1 8.2909E-1 8.27597E-1 8.16485E-1 8.3034E-1 8.20107E-1 8.05143E-1 7.8747E-1 7.76601E-1 7.2791E-1 7.06799E-1 6.89323E-1 6.70871E-1 6.52848E-1 6.31423E-1 6.13897E-1 5.91881E-1 5.87283E-1 5.63191E-1 5.3936E-1 5.39171E-1 5.39643E-1 5.24874E-1 5.10514E-1 4.61078E-1 4.59685E-1 4.60425E-1 4.53958E-1 4.6E-1 4.63929E-1 4.89413E-1 4.8285E-1 4.89711E-1 4.95535E-1 4.90252E-1 5.00113E-1 4.87552E-1 4.0187E-1 3.89989E-1 3.40758E-1 2.50105E-1 2.15551E-1 -9999 -9999 -9999 -9999 -9999 -9999 -9999 -9999 -9999 -9999 -9999 -9999 -9999 -9999 -9999 -9999 -9999 -9999 -9999 -9999 -9999 -9999
8.74969E-1 8.63512E-1 8.53323E-1 8.46528E-1 8.36556E-1 8.25101E-1 8.26855E-1 8.17903E-1 8.06421E-1 7.75477E-1 7.57886E-1 7.28286E-1 7.11174E-1 6.88372E-1 6.76578E-1 6.49804E-1 6.37599E-1 6.14545E-1 6.08772E-1 5.93599E-1 5.80085E-1 5.5573E-1 5.30859E-1 5.34929E-1 5.35234E-1 5.27178E-1 5.28379E-1 4.98388E-1 4.48556E-1 4.42785E-1 4.66191E-1 4.77958E-1 4.83454E-1 4.89355E-1 4.92357E-1 5.13954E-1 5.10476E-1 5.08723E-1 4.83859E-1 4.18246E-1 3.77387E-1 3.37221E-1 2.47068E-1 2.28473E-1 -9999 -9999 -9999 -9999 -9999 -9999 -9999 -9999 -9999 -9999 -9999 -9999 -9999 -9999 -9999 -9999 -9999 -9999 -9999 -9999 -9999 -9999
8.14361E-1 8.49737E-1 8.59044E-1 8.58066E-1 8.4786E-1 8.40356E-1 8.53992E-1 8.34893E-1 8.1608E-1 8.03216E-1 7.77267E-1 7.49244E-1 7.27537E-1 7.15119E-1 7.03039E-1 6.51313E-1 6.48867E-1 6.26676E-1 6.12283E-1 5.91395E-1 5.82477E-1 5.67273E-1 5.50715E-1 5.5844E-1 5.51464E-1 5.38921E-1 5.37522E-1 5.28787E-1 4.93593E-1 4.51307E-1 4.51545E-1 4.61703E-1 4.80317E-1 4.87128E-1 4.9852E-1 5.09376E-1 5.11548E-1 5.031E-1 4.79834E-1 4.2146E-1 3.95999E-1 3.46891E-1 2.68353E-1 2.39108E-1 -9999 -9999 -9999 -9999 -9999 -9999 -9999 -9999 -9999 -9999 -9999 -9999 -9999 -9999 -9999 -9999 -9999 -9999 -9999 -9999 -9999 -9999
8.93937E-1 8.05164E-1 8.57114E-1 8.50939E-1 8.59207E-1 8.47018E-1 8.42597E-1 8.31406E-1 8.14024E-1 7.90533E-1 7.65785E-1 7.45823E-1 7.32737E-1 7.11335E-1 6.97926E-1 6.8507E-1 6.78056E-1 6.28145E-1 6.0749E-1 5.99322E-1 5.83527E-1 5.75841E-1 5.72641E-1 5.79068E-1 5.75919E-1 5.73141E-1 5.55383E-1 5.32068E-1 4.78461E-1 4.72043E-1 4.48162E-1 4.44601E-1 4.56269E-1 4.80179E-1 4.98473E-1 5.07033E-1 5.0842E-1 4.97427E-1 4.84245E-1 4.23657E-1 3.90187E-1 3.38445E-1 2.8352E-1 -9999 -9999 -9999 -9999 -9999 -9999 -9999 -9999 -9999 -9999 -9999 -9999 -9999 -9999 -9999 -9999 -9999 -9999 -9999 -9999 -9999 -9999 -9999
8.42139E-1 8.40363E-1 8.82983E-1 8.66511E-1 8.78045E-1 8.56562E-1 8.44974E-1 8.26441E-1 8.02407E-1 7.88632E-1 7.61262E-1 7.38936E-1 7.25278E-1 7.12398E-1 6.89476E-1 6.79907E-1 6.73573E-1 6.31154E-1 6.1639E-1 6.03905E-1 5.91212E-1 5.86868E-1 5.9956E-1 5.98487E-1 6.03749E-1 5.98416E-1 6.01197E-1 5.34183E-1 5.00867E-1 4.81183E-1 4.70902E-1 4.3541E-1 4.49788E-1 4.74066E-1 4.94273E-1 5.00724E-1 4.99955E-1 4.88899E-1 4.86382E-1 4.89706E-1 3.8967E-1 3.38387E-1 -9999 -9999 -9999 -9999 -9999 -9999 -9999 -9999 -9999 -9999 -9999 -9999 -9999 -9999 -9999 -9999 -9999 -9999 -9999 -9999 -9999 -9999 -9999 -9999
8.62665E-1 8.5416E-1 9.01945E-1 8.81038E-1 8.79479E-1 8.71609E-1 8.45212E-1 8.11053E-1 7.92129E-1 7.70626E-1 7.36838E-1 7.24685E-1 7.12124E-1 7.05438E-1 6.91222E-1 6.82063E-1 6.71435E-1 6.37437E-1 6.22013E-1 6.19795E-1 6.1543E-1 6.08404E-1 6.21079E-1 6.20391E-1 6.31213E-1 6.26583E-1 6.2279E-1 5.74306E-1 5.21776E-1 4.83776E-1 4.75072E-1 4.30806E-1 4.29971E-1 4.46173E-1 4.66267E-1 4.79476E-1 4.73624E-1 4.78659E-1 4.89192E-1 4.94144E-1 3.76906E-1 3.27738E-1 -9999 -9999 -9999 -9999 -9999 -9999 -9999 -9999 -9999 -9999 -9999 -9999 -9999 -9999 -9999 -9999 -9999 -9999 -9999 -9999 -9999 -9999 -9999 -9999
8.6674E-1 9.11711E-1 9.07441E-1 9.11539E-1 8.86076E-1 8.81535E-1 8.52332E-1 8.31673E-1 7.96067E-1 7.55E-1 6.80745E-1 6.76499E-1 7.03642E-1 7.02469E-1 6.95109E-1 6.75918E-1 6.71629E-1 6.32762E-1 6.34676E-1 6.3726E-1 6.30484E-1 6.17377E-1 6.21831E-1 6.2585E-1 6.37647E-1 6.29764E-1 6.14019E-1 5.75735E-1 5.37517E-1 4.99328E-1 4.71487E-1 4.11953E-1 4.01385E-1 4.15631E-1 4.11998E-1 4.20366E-1 4.46288E-1 4.56655E-1 4.92506E-1 4.98325E-1 -9999 -9999 -9999 -9999 -9999 -9999 -9999 -9999 -9999 -9999 -9999 -9999 -9999 -9999 -9999 -9999 -9999 -9999 -9999 -9999 -9999 -9999 -9999 -9999 -9999 -9999
8.72055E-1 8.55934E-1 9.06068E-1 9.13677E-1 8.96098E-1 8.85721E-1 8.56959E-1 8.38769E-1 8.04993E-1 7.66342E-1 7.16092E-1 6.25996E-1 6.50897E-1 6.54404E-1 6.72798E-1 6.84609E-1 6.80757E-1 6.54021E-1 6.49696E-1 6.41151E-1 6.54852E-1 6.44832E-1 6.36321E-1 6.30987E-1 6.29358E-1 6.21847E-1 6.08438E-1 5.85267E-1 4.91253E-1 4.65071E-1 4.24381E-1 3.98823E-1 3.74907E-1 3.80096E-1 3.84944E-1 3.68457E-1 3.7002E-1 4.27979E-1 4.91734E-1 -9999 -9999 -9999 -9999 -9999 -9999 -9999 -9999 -9999 -9999 -9999 -9999 -9999 -9999 -9999 -9999 -9999 -9999 -9999 -9999 -9999 -9999 -9999 -9999 -9999 -9999 -9999
8.94313E-1 8.77208E-1 9.12642E-1 9.18901E-1 9.05179E-1 8.98693E-1 8.76597E-1 8.47759E-1 8.29163E-1 7.82348E-1 7.20664E-1 6.60876E-1 6.47757E-1 6.61818E-1 6.49268E-1 6.7134E-1 6.94786E-1 6.79815E-1 6.88082E-1 6.86165E-1 6.66356E-1 6.61168E-1 6.49521E-1 6.34196E-1 6.25338E-1 6.05697E-1 5.37357E-1 5.20166E-1 4.88514E-1 4.41702E-1 4.15055E-1 3.99189E-1 3.79912E-1 3.85745E-1 3.81065E-1 3.81941E-1 3.90954E-1 4.16295E-1 4.64119E-1 -9999 -9999 -9999 -9999 -9999 -9999 -9999 -9999 -9999 -9999 -9999 -9999 -9999 -9999 -9999 -9999 -9999 -9999 -9999 -9999 -9999 -9999 -9999 -9999 -9999 -9999 -9999
9.43089E-1 9.45828E-1 9.69965E-1 9.41384E-1 9.19342E-1 9.06913E-1 8.94838E-1 8.7606E-1 8.41496E-1 8.12702E-1 7.69663E-1 7.23561E-1 6.76744E-1 7.28255E-1 6.8784E-1 6.77167E-1 7.00526E-1 6.95509E-1 7.0146E-1 6.94489E-1 6.7623E-1 6.70409E-1 6.66661E-1 6.61986E-1 6.45443E-1 5.67497E-1 5.42057E-1 4.9146E-1 4.56642E-1 4.31184E-1 4.12086E-1 3.63262E-1 3.64006E-1 3.74053E-1 3.77938E-1 4.51072E-1 4.51907E-1 4.73821E-1 4.73011E-1 -9999 -9999 -9999 -9999 -9999 -9999 -9999 -9999 -9999 -9999 -9999 -9999 -9999 -9999 -9999 -9999 -9999 -9999 -9999 -9999 -9999 -9999 -9999 -9999 -9999 -9999 -9999
9.69865E-1 9.58417E-1 9.77181E-1 9.76753E-1 9.68734E-1 9.29981E-1 9.25308E-1 9.00949E-1 8.69521E-1 8.40672E-1 8.07903E-1 7.79129E-1 7.41825E-1 7.42107E-1 7.49993E-1 7.34904E-1 6.95184E-1 7.05901E-1 7.13183E-1 7.04256E-1 6.91384E-1 6.89435E-1 6.34076E-1 6.32751E-1 6.2168E-1 6.02779E-1 5.81587E-1 5.2287E-1 4.76628E-1 4.0259E-1 4.08265E-1 4.10235E-1 4.07859E-1 4.13666E-1 4.18583E-1 4.19196E-1 4.22229E-1 -9999 -9999 -9999 -9999 -9999 -9999 -9999 -9999 -9999 -9999 -9999 -9999 -9999 -9999 -9999 -9999 -9999 -9999 -9999 -9999 -9999 -9999 -9999 -9999 -9999 -9999 -9999 -9999 -9999
9.74736E-1 9.70804E-1 9.73536E-1 9.86788E-1 9.82263E-1 9.81857E-1 9.63972E-1 9.22412E-1 8.99651E-1 8.78111E-1 8.49517E-1 8.00221E-1 7.88494E-1 7.89377E-1 7.53501E-1 7.47417E-1 7.454E-1 7.30862E-1 7.19597E-1 7.36477E-1 7.47176E-1 7.15374E-1 7.10406E-1 6.93683E-1 6.81875E-1 6.44235E-1 6.16828E-1 5.51256E-1 4.6093E-1 4.55301E-1 4.55037E-1 4.34897E-1 4.265E-1 4.25094E-1 -9999 -9999 -9999 -9999 -9999 -9999 -9999 -9999 -9999 -9999 -9999 -9999 -9999 -9999 -9999 -9999 -9999 -9999 -9999 -9999 -9999 -9999 -9999 -9999 -9999 -9999 -9999 -9999 -9999 -9999 -9999 -9999
9.63252E-1 9.87951E-1 9.86427E-1 9.85695E-1 9.83373E-1 9.80123E-1 9.86022E-1 9.71226E-1 9.65608E-1 9.64321E-1 9.3087E-1 8.87626E-1 8.50008E-1 8.39071E-1 8.30026E-1 8.12921E-1 7.99034E-1 7.87181E-1 7.47181E-1 7.66447E-1 7.58642E-1 7.57865E-1 7.38616E-1 7.1957E-1 7.07239E-1 6.72802E-1 6.29167E-1 5.13758E-1 4.80227E-1 4.56716E-1 -9999 -9999 -9999 -9999 -9999 -9999 -9999 -9999 -9999 -9999 -9999 -9999 -9999 -9999 -9999 -9999 -9999 -9999 -9999 -9999 -9999 -9999 -9999 -9999 -9999 -9999 -9999 -9999 -9999 -9999 -9999 -9999 -9999 -9999 -9999 -9999
9.39991E-1 9.78927E-1 9.89907E-1 9.889E-1 9.86877E-1 9.86497E-1 9.87086E-1 9.78996E-1 9.73868E-1 9.74487E-1 9.73426E-1 9.54283E-1 9.33719E-1 9.06538E-1 9.00288E-1 8.6229E-1 8.58801E-1 8.4212E-1 8.2807E-1 8.25385E-1 8.07326E-1 7.87812E-1 7.70751E-1 7.40051E-1 7.17513E-1 -9999 -9999 -9999 -9999 -9999 -9999 -9999 -9999 -9999 -9999 -9999 -9999 -9999 -9999 -9999 -9999 -9999 -9999 -9999 -9999 -9999 -9999 -9999 -9999 -9999 -9999 -9999 -9999 -9999 -9999 -9999 -9999 -9999 -9999 -9999 -9999 -9999 -9999 -9999 -9999 -9999
9.56741E-1 9.72635E-1 9.85148E-1 9.93455E-1 9.93781E-1 9.90487E-1 9.9213E-1 9.86985E-1 9.84231E-1 9.81373E-1 9.77403E-1 9.72078E-1 9.67761E-1 -9999 9.14433E-1 -9999 -9999 -9999 -9999 -9999 -9999 -9999 -9999 -9999 -9999 -9999 -9999 -9999 -9999 -9999 -9999 -9999 -9999 -9999 -9999 -9999 -9999 -9999 -9999 -9999 -9999 -9999 -9999 -9999 -9999 -9999 -9999 -9999 -9999 -9999 -9999 -9999 -9999 -9999 -9999 -9999 -9999 -9999 -9999 -9999 -9999 -9999 -9999 -9999 -9999 -9999
9.33183E-1 9.55622E-1 9.76534E-1 9.86943E-1 9.93472E-1 9.95738E-1 9.95081E-1 9.93213E-1 9.933E-1 9.86946E-1 9.85659E-1 9.79443E-1 9.73098E-1 -9999 -9999 -9999 -9999 -9999 -9999 -9999 -9999 -9999 -9999 -9999 -9999 -9999 -9999 -9999 -9999 -9999 -9999 -9999 -9999 -9999 -9999 -9999 -9999 -9999 -9999 -9999 -9999 -9999 -9999 -9999 -9999 -9999 -9999 -9999 -9999 -9999 -9999 -9999 -9999 -9999 -9999 -9999 -9999 -9999 -9999 -9999 -9999 -9999 -9999 -9999 -9999 -9999
9.13122E-1 9.38868E-1 9.51973E-1 9.78351E-1 9.86983E-1 9.93908E-1 9.95375E-1 9.95295E-1 9.94326E-1 9.9367E-1 9.8637E-1 9.79071E-1 -9999 -9999 -9999 -9999 -9999 -9999 -9999 -9999 -9999 -9999 -9999 -9999 -9999 -9999 -9999 -9999 -9999 -9999 -9999 -9999 -9999 -9999 -9999 -9999 -9999 -9999 -9999 -9999 -9999 -9999 -9999 -9999 -9999 -9999 -9999 -9999 -9999 -9999 -9999 -9999 -9999 -9999 -9999 -9999 -9999 -9999 -9999 -9999 -9999 -9999 -9999 -9999 -9999 -9999
8.98077E-1 9.13885E-1 9.50841E-1 9.6798E-1 9.8316E-1 9.91114E-1 9.95528E-1 9.95807E-1 9.94633E-1 9.94799E-1 9.91684E-1 9.89204E-1 -9999 -9999 -9999 -9999 -9999 -9999 -9999 -9999 -9999 -9999 -9999 -9999 -9999 -9999 -9999 -9999 -9999 -9999 -9999 -9999 -9999 -9999 -9999 -9999 -9999 -9999 -9999 -9999 -9999 -9999 -9999 -9999 -9999 -9999 -9999 -9999 -9999 -9999 -9999 -9999 -9999 -9999 -9999 -9999 -9999 -9999 -9999 -9999 -9999 -9999 -9999 -9999 -9999 -9999
8.95235E-1 9.32058E-1 9.57627E-1 9.66975E-1 9.77911E-1 9.89525E-1 9.94333E-1 9.96186E-1 9.96318E-1 9.95122E-1 9.93124E-1 9.90103E-1 -9999 -9999 -9999 -9999 -9999 -9999 -9999 -9999 -9999 -9999 -9999 -9999 -9999 -9999 -9999 -9999 -9999 -9999 -9999 -9999 -9999 -9999 -9999 -9999 -9999 -9999 -9999 -9999 -9999 -9999 -9999 -9999 -9999 -9999 -9999 -9999 -9999 -9999 -9999 -9999 -9999 -9999 -9999 -9999 -9999 -9999 -9999 -9999 -9999 -9999 -9999 -9999 -9999 -9999
9.08614E-1 9.31284E-1 9.50732E-1 9.63301E-1 9.78195E-1 9.87925E-1 9.9293E-1 9.95018E-1 9.95516E-1 9.95274E-1 9.9202E-1 9.92416E-1 -9999 -9999 -9999 -9999 -9999 -9999 -9999 -9999 -9999 -9999 -9999 -9999 -9999 -9999 -9999 -9999 -9999 -9999 -9999 -9999 -9999 -9999 -9999 -9999 -9999 -9999 -9999 -9999 -9999 -9999 -9999 -9999 -9999 -9999 -9999 -9999 -9999 -9999 -9999 -9999 -9999 -9999 -9999 -9999 -9999 -9999 -9999 -9999 -9999 -9999 -9999 -9999 -9999 -9999
