Leopardus pajeros/Leopardus_pajeros_projection 2041-2060_novel.asc
ncols         515
nrows         545
xllcorner     -119.0
yllcorner     -58.333333333333
cellsize      0.166666666667
NODATA_value  -9999
[rows 300 to 329 of 545, columns 340 to 407 of 515]
6.63743E0 6.63743E0 3.0895E0 3.0895E0 3.0895E0 3.0895E0 3.0895E0 3.0895E0 1.49492E0 1.49492E0 1.49492E0 1.49492E0 3.0895E0 3.0895E0 3.0895E0 3.0895E0 1.49492E0 1.49492E0 3.0895E0 1.49492E0 1.49492E0 1.49492E0 1.49492E0 1.49492E0 1.49492E0 1.49492E0 3.0895E0 3.0895E0 3.0895E0 3.0895E0 3.0895E0 3.0895E0 3.0895E0 3.0895E0 3.0895E0 3.0895E0 3.0895E0 1.49492E0 3.0895E0 3.0895E0 3.0895E0 3.0895E0 3.0895E0 3.0895E0 6.63743E0 6.63743E0 2.04704E1 2.04704E1 2.04704E1 2.04704E1 2.04704E1 3.34662E1 2.04704E1 4.11999E1 4.11999E1 4.11999E1 4.08013E1 3.71736E1 4.11999E1 4.11999E1 3.65158E1 3.9426E1 3.99641E1 3.82898E1 3.50409E1 3.51206E1 3.60175E1 3.83496E1
6.63743E0 6.63743E0 6.63743E0 3.0895E0 3.0895E0 3.0895E0 3.0895E0 3.0895E0 1.49492E0 1.49492E0 1.49492E0 1.49492E0 3.0895E0 1.49492E0 1.49492E0 3.0895E0 3.0895E0 3.0895E0 3.0895E0 3.0895E0 1.49492E0 1.49492E0 1.49492E0 1.49492E0 1.49492E0 3.0895E0 3.0895E0 3.0895E0 3.0895E0 3.0895E0 3.0895E0 3.0895E0 3.0895E0 1.49492E0 3.0895E0 3.0895E0 3.0895E0 3.0895E0 3.0895E0 3.0895E0 3.0895E0 3.0895E0 3.0895E0 3.0895E0 6.63743E0 6.63743E0 6.63743E0 6.63743E0 2.04704E1 6.63743E0 6.63743E0 2.04704E1 3.65358E1 3.93861E1 4.0303E1 4.02232E1 3.95455E1 4.11999E1 4.11999E1 4.11999E1 4.0303E1 3.91868E1 4.11999E1 4.13594E1 3.70939E1 3.80307E1 3.78513E1 3.98445E1
6.63743E0 6.63743E0 3.0895E0 3.0895E0 3.0895E0 3.0895E0 3.0895E0 3.0895E0 3.0895E0 3.0895E0 3.0895E0 3.0895E0 3.0895E0 3.0895E0 1.49492E0 1.49492E0 3.0895E0 6.63743E0 6.63743E0 6.63743E0 3.0895E0 1.49492E0 3.0895E0 1.49492E0 1.49492E0 3.0895E0 3.0895E0 3.0895E0 3.0895E0 3.0895E0 3.0895E0 3.0895E0 1.49492E0 1.49492E0 1.49492E0 1.49492E0 3.0895E0 3.0895E0 3.0895E0 3.0895E0 3.0895E0 3.0895E0 3.0895E0 3.0895E0 3.0895E0 6.63743E0 6.63743E0 6.63743E0 6.63743E0 6.63743E0 6.63743E0 6.63743E0 2.04704E1 4.11999E1 3.75324E1 3.90871E1 3.83695E1 4.11999E1 4.11999E1 4.11999E1 4.11999E1 3.70939E1 3.99043E1 4.11999E1 4.14391E1 4.16384E1 4.28144E1 4.14391E1
6.63743E0 6.63743E0 3.0895E0 3.0895E0 3.0895E0 3.0895E0 3.0895E0 3.0895E0 3.0895E0 3.0895E0 3.0895E0 3.0895E0 3.0895E0 3.0895E0 3.0895E0 1.49492E0 1.49492E0 3.0895E0 3.0895E0 3.0895E0 3.0895E0 3.0895E0 3.0895E0 3.0895E0 3.0895E0 3.0895E0 3.0895E0 3.0895E0 3.0895E0 3.0895E0 3.0895E0 3.0895E0 3.0895E0 3.0895E0 3.0895E0 3.0895E0 3.0895E0 3.0895E0 3.0895E0 3.0895E0 3.0895E0 3.0895E0 3.0895E0 3.0895E0 3.0895E0 6.63743E0 6.63743E0 6.63743E0 6.63743E0 6.63743E0 6.63743E0 6.63743E0 2.04704E1 2.04704E1 3.96253E1 3.63564E1 3.43233E1 4.05621E1 4.31134E1 4.11999E1 4.11999E1 4.19773E1 3.94658E1 4.4708E1 4.65816E1 4.70201E1 4.63225E1 4.3811E1
6.63743E0 6.63743E0 3.0895E0 3.0895E0 3.0895E0 3.0895E0 3.0895E0 3.0895E0 3.0895E0 3.0895E0 3.0895E0 3.0895E0 3.0895E0 3.0895E0 3.0895E0 3.0895E0 3.0895E0 1.49492E0 1.49492E0 1.49492E0 3.0895E0 6.63743E0 3.0895E0 3.0895E0 3.0895E0 3.0895E0 3.0895E0 6.63743E0 3.0895E0 3.0895E0 3.0895E0 3.0895E0 6.63743E0 6.63743E0 6.63743E0 6.63743E0 6.63743E0 6.63743E0 3.0895E0 3.0895E0 3.0895E0 3.0895E0 3.0895E0 3.0895E0 3.0895E0 6.63743E0 6.63743E0 6.63743E0 6.63743E0 6.63743E0 6.63743E0 2.04704E1 2.04704E1 4.11999E1 4.00438E1 3.58581E1 3.50209E1 3.38649E1 3.28483E1 3.11939E1 3.03369E1 4.11999E1 4.12796E1 4.59637E1 4.11999E1 4.11999E1 4.11999E1 4.11999E1
6.63743E0 6.63743E0 3.0895E0 3.0895E0 3.0895E0 3.0895E0 3.0895E0 3.0895E0 1.49492E0 3.0895E0 3.0895E0 3.0895E0 1.49492E0 3.0895E0 1.49492E0 1.49492E0 3.0895E0 3.0895E0 3.0895E0 1.49492E0 1.49492E0 3.0895E0 3.0895E0 3.0895E0 6.63743E0 6.63743E0 6.63743E0 3.0895E0 3.0895E0 3.0895E0 3.0895E0 3.0895E0 3.0895E0 3.0895E0 3.0895E0 3.0895E0 3.0895E0 3.0895E0 3.0895E0 3.0895E0 3.0895E0 3.0895E0 3.0895E0 3.0895E0 6.63743E0 6.63743E0 6.63743E0 6.63743E0 6.63743E0 6.63743E0 6.63743E0 6.63743E0 2.04704E1 4.07813E1 3.84692E1 3.76719E1 3.63165E1 3.83496E1 3.97249E1 3.20112E1 3.03369E1 2.78254E1 4.11999E1 2.55332E1 2.55332E1 2.38987E1 4.11999E1 4.11999E1
6.63743E0 6.63743E0 3.0895E0 3.0895E0 3.0895E0 3.0895E0 3.0895E0 3.0895E0 3.0895E0 3.0895E0 3.0895E0 3.0895E0 1.49492E0 1.49492E0 1.49492E0 1.49492E0 1.49492E0 1.49492E0 1.49492E0 1.49492E0 1.49492E0 1.49492E0 1.49492E0 1.49492E0 3.0895E0 3.0895E0 3.0895E0 3.0895E0 3.0895E0 3.0895E0 3.0895E0 3.0895E0 3.0895E0 3.0895E0 3.0895E0 3.0895E0 3.0895E0 3.0895E0 3.0895E0 3.0895E0 3.0895E0 3.0895E0 3.0895E0 3.0895E0 6.63743E0 6.63743E0 6.63743E0 6.63743E0 6.63743E0 6.63743E0 2.04704E1 2.04704E1 2.04704E1 4.11999E1 4.05222E1 3.89077E1 3.72135E1 3.57186E1 3.95455E1 3.26689E1 3.07554E1 2.89217E1 2.80446E1 2.78254E1 2.78254E1 2.75663E1 2.66693E1 2.73072E1
6.63743E0 3.0895E0 3.0895E0 3.0895E0 3.0895E0 3.0895E0 3.0895E0 3.0895E0 3.0895E0 3.0895E0 3.0895E0 3.0895E0 1.49492E0 1.49492E0 1.49492E0 1.49492E0 1.49492E0 1.49492E0 1.49492E0 1.49492E0 1.49492E0 1.49492E0 1.49492E0 1.49492E0 3.0895E0 3.0895E0 3.0895E0 3.0895E0 3.0895E0 3.0895E0 3.0895E0 3.0895E0 3.0895E0 3.0895E0 3.0895E0 3.0895E0 3.0895E0 3.0895E0 3.0895E0 3.0895E0 3.0895E0 3.0895E0 3.0895E0 3.0895E0 2.04704E1 6.63743E0 6.63743E0 6.63743E0 6.63743E0 6.63743E0 2.04704E1 2.04704E1 4.11999E1 4.11999E1 4.11999E1 4.05222E1 3.84692E1 3.69743E1 3.53797E1 3.43233E1 3.28483E1 3.03369E1 2.96193E1 3.09348E1 3.05162E1 3.03369E1 3.05162E1 3.11939E1
3.0895E0 3.0895E0 3.0895E0 3.0895E0 3.0895E0 3.0895E0 3.0895E0 3.0895E0 3.0895E0 3.0895E0 3.0895E0 3.0895E0 1.49492E0 1.49492E0 1.49492E0 1.49492E0 1.49492E0 1.49492E0 1.49492E0 1.49492E0 1.49492E0 1.49492E0 1.49492E0 1.49492E0 1.49492E0 3.0895E0 3.0895E0 3.0895E0 3.0895E0 3.0895E0 3.0895E0 3.0895E0 3.0895E0 3.0895E0 3.0895E0 3.0895E0 3.0895E0 3.0895E0 3.0895E0 3.0895E0 3.0895E0 3.0895E0 3.0895E0 6.63743E0 2.04704E1 2.04704E1 2.04704E1 6.63743E0 2.04704E1 2.04704E1 2.04704E1 2.04704E1 4.11999E1 4.11999E1 4.11999E1 4.11999E1 4.05222E1 3.89077E1 3.74925E1 3.63165E1 3.47419E1 3.34662E1 3.28483E1 3.28483E1 3.4124E1 3.38649E1 3.38649E1 3.53797E1
3.0895E0 3.0895E0 3.0895E0 3.0895E0 3.0895E0 3.0895E0 3.0895E0 3.0895E0 3.0895E0 3.0895E0 3.0895E0 1.49492E0 1.49492E0 1.49492E0 1.49492E0 1.49492E0 1.49492E0 1.49492E0 1.49492E0 1.49492E0 1.49492E0 1.49492E0 1.49492E0 1.49492E0 1.49492E0 3.0895E0 3.0895E0 3.0895E0 3.0895E0 6.63743E0 3.0895E0 3.0895E0 3.0895E0 3.0895E0 3.0895E0 3.0895E0 3.0895E0 3.0895E0 3.0895E0 3.0895E0 3.0895E0 3.0895E0 3.0895E0 6.63743E0 2.04704E1 2.04704E1 4.11999E1 2.04704E1 2.04704E1 2.04704E1 2.04704E1 4.11999E1 4.11999E1 4.11999E1 4.11999E1 4.11999E1 4.11999E1 4.05222E1 3.95854E1 3.90871E1 3.69743E1 3.60773E1 3.60773E1 3.6775E1 3.69743E1 3.74925E1 3.7951E1 3.90871E1
3.0895E0 3.0895E0 3.0895E0 3.0895E0 3.0895E0 3.0895E0 3.0895E0 3.0895E0 1.49492E0 1.49492E0 3.0895E0 1.49492E0 1.49492E0 1.49492E0 1.49492E0 1.49492E0 1.49492E0 1.49492E0 1.49492E0 1.49492E0 1.49492E0 1.49492E0 1.49492E0 1.49492E0 3.0895E0 3.0895E0 3.0895E0 3.0895E0 6.63743E0 3.0895E0 3.0895E0 3.0895E0 3.0895E0 3.0895E0 3.0895E0 3.0895E0 3.0895E0 3.0895E0 3.0895E0 3.0895E0 3.0895E0 6.63743E0 6.63743E0 2.04704E1 2.04704E1 4.11999E1 4.11999E1 4.11999E1 2.04704E1 2.04704E1 4.11999E1 4.11999E1 4.11999E1 4.11999E1 4.46283E1 4.11999E1 4.11999E1 4.11999E1 4.11999E1 4.11999E1 4.01435E1 3.86287E1 3.86287E1 3.89077E1 3.95854E1 4.01435E1 4.11999E1 4.11999E1
3.0895E0 3.0895E0 3.0895E0 3.0895E0 3.0895E0 3.0895E0 3.0895E0 3.0895E0 1.49492E0 1.49492E0 1.49492E0 1.49492E0 1.49492E0 1.49492E0 1.49492E0 1.49492E0 8.77018E-1 1.49492E0 1.49492E0 1.49492E0 1.49492E0 1.49492E0 1.49492E0 1.49492E0 3.0895E0 3.0895E0 3.0895E0 3.0895E0 3.0895E0 6.63743E0 3.0895E0 3.0895E0 3.0895E0 6.63743E0 3.0895E0 6.63743E0 6.63743E0 6.63743E0 6.63743E0 6.63743E0 6.63743E0 6.63743E0 6.63743E0 2.04704E1 6.63743E0 4.11999E1 4.11999E1 4.11999E1 2.04704E1 2.04704E1 4.11999E1 4.11999E1 4.11999E1 4.11999E1 4.11999E1 4.11999E1 4.11999E1 4.11999E1 4.11999E1 4.11999E1 4.11999E1 4.11999E1 4.19773E1 4.15786E1 4.27546E1 4.30935E1 4.11999E1 4.11999E1
3.0895E0 3.0895E0 3.0895E0 3.0895E0 3.0895E0 3.0895E0 3.0895E0 1.49492E0 1.49492E0 1.49492E0 1.49492E0 1.49492E0 1.49492E0 1.49492E0 1.49492E0 1.49492E0 8.77018E-1 8.77018E-1 1.49492E0 1.49492E0 1.49492E0 1.49492E0 1.49492E0 1.49492E0 1.49492E0 3.0895E0 3.0895E0 3.0895E0 3.0895E0 3.0895E0 3.0895E0 3.0895E0 6.63743E0 6.63743E0 6.63743E0 6.63743E0 6.63743E0 6.63743E0 6.63743E0 6.63743E0 6.63743E0 6.63743E0 2.04704E1 2.04704E1 2.04704E1 2.04704E1 4.11999E1 4.11999E1 4.11999E1 4.11999E1 4.11999E1 4.11999E1 4.11999E1 4.11999E1 4.11999E1 4.11999E1 4.11999E1 4.11999E1 4.11999E1 4.11999E1 4.11999E1 4.11999E1 4.41499E1 4.36117E1 1.24178E1 1.20989E1 1.20191E1 1.31752E1
3.0895E0 3.0895E0 3.0895E0 3.0895E0 3.0895E0 3.0895E0 3.0895E0 1.49492E0 1.49492E0 1.49492E0 1.49492E0 1.49492E0 1.49492E0 1.49492E0 1.49492E0 1.49492E0 1.49492E0 8.77018E-1 1.49492E0 1.49492E0 1.49492E0 1.49492E0 1.49492E0 1.49492E0 1.49492E0 3.0895E0 3.0895E0 3.0895E0 3.0895E0 3.0895E0 3.0895E0 6.63743E0 6.63743E0 6.63743E0 6.63743E0 6.63743E0 6.63743E0 6.63743E0 6.63743E0 6.63743E0 6.63743E0 6.63743E0 2.04704E1 2.04704E1 2.04704E1 2.04704E1 2.04704E1 4.11999E1 4.11999E1 4.11999E1 4.11999E1 4.11999E1 4.11999E1 4.11999E1 4.11999E1 4.11999E1 4.11999E1 4.11999E1 4.11999E1 4.11999E1 4.11999E1 4.11999E1 4.57644E1 1.42914E1 1.3813E1 1.35539E1 1.35938E1 1.63843E1
3.0895E0 3.0895E0 3.0895E0 3.0895E0 3.0895E0 3.0895E0 3.0895E0 1.49492E0 1.49492E0 1.49492E0 1.49492E0 1.49492E0 1.49492E0 1.49492E0 1.49492E0 1.49492E0 1.49492E0 1.49492E0 1.49492E0 1.49492E0 1.49492E0 1.49492E0 1.49492E0 3.0895E0 3.0895E0 3.0895E0 3.0895E0 3.0895E0 3.0895E0 3.0895E0 6.63743E0 6.63743E0 6.63743E0 6.63743E0 6.63743E0 6.63743E0 6.63743E0 6.63743E0 6.63743E0 6.63743E0 6.63743E0 2.04704E1 2.04704E1 2.04704E1 2.04704E1 2.04704E1 2.04704E1 4.11999E1 4.11999E1 4.11999E1 4.11999E1 4.11999E1 4.11999E1 4.11999E1 4.11999E1 4.11999E1 4.11999E1 4.11999E1 4.11999E1 2.06299E1 2.03907E1 1.90951E1 1.87164E1 1.77198E1 1.72613E1 1.75204E1 1.83576E1 2.15069E1
3.0895E0 3.0895E0 3.0895E0 3.0895E0 3.0895E0 3.0895E0 3.0895E0 1.49492E0 1.49492E0 1.49492E0 1.49492E0 1.49492E0 1.49492E0 1.49492E0 1.49492E0 1.49492E0 1.49492E0 1.49492E0 1.49492E0 1.49492E0 1.49492E0 1.49492E0 1.49492E0 3.0895E0 3.0895E0 3.0895E0 3.0895E0 3.0895E0 3.0895E0 3.0895E0 6.63743E0 2.04704E1 2.04704E1 6.63743E0 6.63743E0 6.63743E0 6.63743E0 6.63743E0 6.63743E0 2.04704E1 2.04704E1 2.04704E1 2.04704E1 2.04704E1 2.04704E1 2.04704E1 2.04704E1 4.11999E1 4.11999E1 4.11999E1 4.11999E1 4.11999E1 4.11999E1 4.11999E1 4.11999E1 2.48954E1 2.48954E1 2.42575E1 2.38987E1 2.30616E1 2.30616E1 2.28822E1 2.21248E1 2.13275E1 2.1168E1 2.18457E1 2.34004E1 2.68686E1
3.0895E0 1.49492E0 1.49492E0 1.49492E0 1.49492E0 1.49492E0 1.49492E0 1.49492E0 1.49492E0 1.49492E0 1.49492E0 3.0895E0 1.49492E0 1.49492E0 1.49492E0 1.49492E0 1.49492E0 1.49492E0 1.49492E0 1.49492E0 1.49492E0 1.49492E0 3.0895E0 3.0895E0 3.0895E0 3.0895E0 3.0895E0 3.0895E0 3.0895E0 3.0895E0 6.63743E0 6.63743E0 2.04704E1 2.04704E1 6.63743E0 6.63743E0 6.63743E0 6.63743E0 6.63743E0 2.04704E1 2.04704E1 2.04704E1 2.04704E1 2.04704E1 2.04704E1 2.04704E1 5.02093E1 4.97508E1 5.42755E1 4.11999E1 4.11999E1 4.11999E1 4.11999E1 2.55332E1 4.11999E1 2.7068E1 2.6191E1 2.61112E1 2.7068E1 2.68686E1 2.68686E1 2.64501E1 2.64501E1 2.56727E1 2.6191E1 2.73072E1 2.96193E1 2.26629E1
3.0895E0 1.49492E0 1.49492E0 1.49492E0 1.49492E0 1.49492E0 1.49492E0 1.49492E0 1.49492E0 1.49492E0 1.49492E0 1.49492E0 3.0895E0 1.49492E0 1.49492E0 1.49492E0 1.49492E0 1.49492E0 1.49492E0 1.49492E0 1.49492E0 3.0895E0 3.0895E0 3.0895E0 3.0895E0 3.0895E0 3.0895E0 3.0895E0 3.0895E0 6.63743E0 6.63743E0 6.63743E0 2.04704E1 6.63743E0 6.63743E0 6.63743E0 2.04704E1 2.04704E1 6.63743E0 2.04704E1 3.69743E1 2.04704E1 2.04704E1 2.04704E1 2.04704E1 4.11999E1 5.07674E1 3.11939E1 3.05162E1 3.03369E1 3.05162E1 3.01176E1 2.91609E1 2.89217E1 2.98983E1 3.01176E1 3.01176E1 3.03369E1 3.11939E1 3.09348E1 3.1473E1 3.1473E1 3.11939E1 3.20112E1 3.09348E1 3.36456E1 3.60773E1 3.7951E1
1.49492E0 1.49492E0 1.49492E0 1.49492E0 1.49492E0 1.49492E0 1.49492E0 1.49492E0 1.49492E0 1.49492E0 1.49492E0 1.49492E0 1.49492E0 1.49492E0 1.49492E0 1.49492E0 1.49492E0 1.49492E0 1.49492E0 3.0895E0 3.0895E0 3.0895E0 3.0895E0 3.0895E0 3.0895E0 3.0895E0 3.0895E0 3.0895E0 3.0895E0 6.63743E0 6.63743E0 6.63743E0 2.04704E1 2.04704E1 6.63743E0 6.63743E0 2.04704E1 2.04704E1 2.04704E1 2.04704E1 2.04704E1 2.04704E1 2.04704E1 2.04704E1 3.6775E1 3.60773E1 3.38649E1 3.24497E1 3.22503E1 3.1473E1 3.1473E1 3.26689E1 3.28483E1 3.26689E1 3.28483E1 3.28483E1 3.32071E1 3.57186E1 3.47419E1 3.58581E1 3.65358E1 3.60773E1 3.65358E1 3.6775E1 3.81902E1 3.84692E1 4.01435E1 2.82639E1
1.49492E0 1.49492E0 1.49492E0 1.49492E0 1.49492E0 1.49492E0 1.49492E0 1.49492E0 1.49492E0 1.49492E0 1.49492E0 1.49492E0 1.49492E0 1.49492E0 1.49492E0 1.49492E0 1.49492E0 1.49492E0 1.49492E0 1.49492E0 3.0895E0 3.0895E0 3.0895E0 3.0895E0 3.0895E0 3.0895E0 3.0895E0 3.0895E0 6.63743E0 6.63743E0 6.63743E0 6.63743E0 4.11999E1 4.11999E1 2.04704E1 2.04704E1 2.04704E1 2.04704E1 2.04704E1 2.04704E1 2.04704E1 2.04704E1 2.04704E1 2.04704E1 3.93662E1 3.72135E1 3.63165E1 3.43233E1 3.4124E1 3.36456E1 3.36456E1 3.53797E1 3.50209E1 3.57186E1 3.53797E1 3.65358E1 3.72135E1 3.81902E1 4.01435E1 4.09607E1 4.07813E1 4.09607E1 4.11999E1 4.07813E1 4.11999E1 4.11999E1 3.32071E1 3.38649E1
1.49492E0 1.49492E0 1.49492E0 1.49492E0 1.49492E0 1.49492E0 1.49492E0 1.49492E0 1.49492E0 1.49492E0 1.49492E0 1.49492E0 1.49492E0 1.49492E0 1.49492E0 1.49492E0 1.49492E0 1.49492E0 1.49492E0 1.49492E0 3.0895E0 3.0895E0 3.0895E0 3.0895E0 3.0895E0 3.0895E0 3.0895E0 3.0895E0 6.63743E0 6.63743E0 6.63743E0 6.63743E0 2.04704E1 4.99502E1 4.11999E1 2.04704E1 2.04704E1 2.04704E1 2.04704E1 2.04704E1 2.04704E1 4.07813E1 4.01435E1 4.03428E1 3.98047E1 3.81902E1 3.7951E1 3.72135E1 3.63165E1 3.63165E1 3.69743E1 3.76719E1 3.76719E1 3.86287E1 3.89077E1 3.90871E1 4.07813E1 4.11999E1 4.11999E1 4.11999E1 4.11999E1 3.95854E1 4.05222E1 4.11999E1 4.11999E1 3.76719E1 3.72135E1 3.86287E1
1.49492E0 1.49492E0 1.49492E0 1.49492E0 1.49492E0 1.49492E0 1.49492E0 1.49492E0 1.49492E0 1.49492E0 1.49492E0 1.49492E0 1.49492E0 1.49492E0 1.49492E0 1.49492E0 1.49492E0 1.49492E0 1.49492E0 1.49492E0 3.0895E0 3.0895E0 3.0895E0 3.0895E0 3.0895E0 3.0895E0 3.0895E0 3.0895E0 6.63743E0 6.63743E0 2.04704E1 6.63743E0 2.04704E1 5.09468E1 4.11999E1 2.04704E1 2.04704E1 2.04704E1 2.04704E1 2.04704E1 4.11999E1 4.11999E1 4.09607E1 4.03428E1 4.03428E1 4.03428E1 3.90871E1 3.81902E1 3.7951E1 3.84692E1 3.89077E1 4.03428E1 4.03428E1 4.09607E1 3.26689E1 4.11999E1 3.53797E1 3.6775E1 3.89077E1 4.03428E1 4.11999E1 4.11999E1 4.11999E1 4.11999E1 4.11999E1 4.11999E1 4.17979E1 4.05222E1
1.49492E0 1.49492E0 1.49492E0 1.49492E0 1.49492E0 1.49492E0 1.49492E0 1.49492E0 1.49492E0 1.49492E0 1.49492E0 1.49492E0 1.49492E0 1.49492E0 1.49492E0 1.49492E0 1.49492E0 1.49492E0 1.49492E0 1.49492E0 1.49492E0 3.0895E0 3.0895E0 3.0895E0 3.0895E0 3.0895E0 3.0895E0 3.0895E0 6.63743E0 6.63743E0 6.63743E0 6.63743E0 2.04704E1 4.11999E1 2.04704E1 2.04704E1 2.04704E1 2.04704E1 2.04704E1 2.04704E1 4.27546E1 4.19773E1 4.11999E1 4.11999E1 3.84692E1 3.6775E1 4.05222E1 3.98047E1 4.01435E1 4.01435E1 4.07813E1 4.09607E1 3.36456E1 4.27546E1 3.63165E1 3.72135E1 3.89077E1 4.03428E1 4.11999E1 4.11999E1 4.11999E1 4.11999E1 4.11999E1 4.11999E1 4.11999E1 4.11999E1 4.38908E1 4.05222E1
1.49492E0 1.49492E0 1.49492E0 1.49492E0 1.49492E0 1.49492E0 1.49492E0 1.49492E0 1.49492E0 1.49492E0 1.49492E0 1.49492E0 1.49492E0 1.49492E0 1.49492E0 1.49492E0 1.49492E0 1.49492E0 1.49492E0 1.49492E0 1.49492E0 3.0895E0 3.0895E0 3.0895E0 3.0895E0 3.0895E0 3.0895E0 6.63743E0 6.63743E0 6.63743E0 2.04704E1 2.04704E1 2.04704E1 4.11999E1 2.04704E1 2.04704E1 2.04704E1 2.04704E1 2.04704E1 4.11999E1 4.52063E1 4.47678E1 4.11999E1 4.11999E1 4.11999E1 4.11999E1 4.11999E1 4.19773E1 3.60773E1 3.57186E1 3.53797E1 3.60773E1 3.65358E1 3.76719E1 3.86287E1 4.05222E1 4.11999E1 4.30935E1 4.11999E1 4.11999E1 4.11999E1 4.11999E1 4.99502E1 4.11999E1 4.66016E1 4.50269E1 4.30935E1 4.05222E1
1.49492E0 1.49492E0 1.49492E0 1.49492E0 1.49492E0 1.49492E0 1.49492E0 1.49492E0 1.49492E0 1.49492E0 1.49492E0 1.49492E0 1.49492E0 1.49492E0 1.49492E0 1.49492E0 1.49492E0 1.49492E0 1.49492E0 1.49492E0 3.0895E0 3.0895E0 3.0895E0 3.0895E0 3.0895E0 3.0895E0 3.0895E0 3.0895E0 6.63743E0 6.63743E0 2.04704E1 2.04704E1 2.04704E1 4.11999E1 2.04704E1 2.04704E1 2.04704E1 2.04704E1 2.04704E1 4.11999E1 4.8515E1 4.78174E1 4.11999E1 4.11999E1 4.11999E1 4.11999E1 4.11999E1 4.11999E1 3.93662E1 3.76719E1 3.76719E1 3.84692E1 3.90871E1 4.03428E1 4.11999E1 4.11999E1 4.11999E1 4.61032E1 4.11999E1 4.11999E1 4.11999E1 5.14451E1 4.11999E1 4.11999E1 4.52063E1 4.38908E1 4.28543E1 4.09607E1
1.49492E0 1.49492E0 1.49492E0 1.49492E0 1.49492E0 1.49492E0 1.49492E0 1.49492E0 1.49492E0 1.49492E0 1.49492E0 1.49492E0 1.49492E0 1.49492E0 1.49492E0 1.49492E0 1.49492E0 1.49492E0 1.49492E0 1.49492E0 3.0895E0 3.0895E0 3.0895E0 3.0895E0 3.0895E0 3.0895E0 3.0895E0 3.0895E0 6.63743E0 6.63743E0 2.04704E1 6.63743E0 2.04704E1 2.04704E1 2.04704E1 2.04704E1 4.11999E1 2.04704E1 4.11999E1 5.05481E1 5.04285E1 5.07475E1 4.11999E1 4.11999E1 4.11999E1 4.11999E1 4.11999E1 4.11999E1 4.11999E1 4.05222E1 3.95854E1 3.90871E1 4.09607E1 4.24756E1 4.41499E1 4.55252E1 4.78174E1 4.94519E1 4.11999E1 4.11999E1 5.35978E1 4.11999E1 4.11999E1 4.11999E1 4.11999E1 4.52063E1 4.41499E1 4.24756E1
1.49492E0 1.49492E0 1.49492E0 1.49492E0 1.49492E0 8.77018E-1 1.49492E0 1.49492E0 1.49492E0 1.49492E0 1.49492E0 1.49492E0 1.49492E0 1.49492E0 1.49492E0 1.49492E0 1.49492E0 1.49492E0 1.49492E0 1.49492E0 1.49492E0 3.0895E0 3.0895E0 3.0895E0 3.0895E0 3.0895E0 3.0895E0 3.0895E0 6.63743E0 6.63743E0 6.63743E0 2.04704E1 2.04704E1 2.04704E1 2.04704E1 2.04704E1 2.04704E1 4.11999E1 5.14252E1 4.86346E1 5.04285E1 4.11999E1 4.11999E1 4.11999E1 4.11999E1 4.11999E1 4.11999E1 4.11999E1 4.11999E1 4.11999E1 4.11999E1 4.11999E1 4.11999E1 4.46283E1 4.61032E1 4.78174E1 5.01296E1 5.12458E1 5.33984E1 5.54116E1 5.60096E1 4.11999E1 4.11999E1 4.96113E1 4.99502E1 4.68607E1 4.47678E1 4.36117E1
1.49492E0 1.49492E0 1.49492E0 1.49492E0 8.77018E-1 8.77018E-1 1.49492E0 1.49492E0 1.49492E0 1.49492E0 1.49492E0 1.49492E0 1.49492E0 1.49492E0 1.49492E0 1.49492E0 1.49492E0 1.49492E0 1.49492E0 1.49492E0 1.49492E0 3.0895E0 3.0895E0 3.0895E0 3.0895E0 3.0895E0 3.0895E0 3.0895E0 6.63743E0 6.63743E0 6.63743E0 6.63743E0 2.04704E1 2.04704E1 2.04704E1 2.04704E1 2.04704E1 4.11999E1 5.05681E1 5.0289E1 4.94917E1 4.11999E1 4.11999E1 4.11999E1 4.11999E1 4.11999E1 4.11999E1 4.11999E1 4.11999E1 4.07813E1 4.01435E1 4.11999E1 4.11999E1 4.66016E1 4.91728E1 5.07475E1 5.38968E1 5.57903E1 4.11999E1 5.98366E1 4.11999E1 5.4694E1 4.11999E1 5.20829E1 5.07475E1 4.63026E1 4.30935E1 4.22563E1
1.49492E0 1.49492E0 1.49492E0 8.77018E-1 8.77018E-1 8.77018E-1 1.49492E0 1.49492E0 1.49492E0 1.49492E0 1.49492E0 1.49492E0 1.49492E0 1.49492E0 1.49492E0 1.49492E0 1.49492E0 1.49492E0 1.49492E0 1.49492E0 3.0895E0 3.0895E0 3.0895E0 3.0895E0 3.0895E0 3.0895E0 3.0895E0 3.0895E0 6.63743E0 6.63743E0 6.63743E0 6.63743E0 2.04704E1 2.04704E1 2.04704E1 2.04704E1 4.11999E1 4.11999E1 4.99701E1 4.99701E1 4.94917E1 4.11999E1 4.11999E1 4.11999E1 4.11999E1 4.11999E1 5.58302E1 4.11999E1 4.11999E1 4.12199E1 4.03428E1 4.27546E1 4.11999E1 4.96113E1 4.11999E1 4.11999E1 4.11999E1 6.0873E1 6.175E1 4.11999E1 5.94778E1 5.74248E1 5.54116E1 5.38968E1 5.05481E1 4.66016E1 4.27546E1 4.13594E1
1.49492E0 1.49492E0 1.49492E0 1.49492E0 8.77018E-1 8.77018E-1 1.49492E0 1.49492E0 1.49492E0 1.49492E0 1.49492E0 1.49492E0 1.49492E0 1.49492E0 1.49492E0 1.49492E0 1.49492E0 1.49492E0 1.49492E0 1.49492E0 3.0895E0 3.0895E0 3.0895E0 3.0895E0 3.0895E0 3.0895E0 3.0895E0 3.0895E0 6.63743E0 6.63743E0 6.63743E0 2.04704E1 2.04704E1 2.04704E1 2.04704E1 2.04704E1 4.11999E1 4.11999E1 4.99701E1 4.90931E1 4.94917E1 4.90732E1 4.89735E1 4.11999E1 4.11999E1 4.11999E1 4.11999E1 4.89336E1 4.50269E1 4.36117E1 4.30935E1 4.53658E1 4.11999E1 4.11999E1 4.11999E1 4.11999E1 5.91987E1 6.02751E1 6.175E1 6.31852E1 6.38429E1 4.11999E1 4.11999E1 5.4694E1 5.12458E1 4.72394E1 4.24756E1 3.84692E1
