Leopardus pajeros/Leopardus_pajeros.asc
ncols         515
nrows         545
xllcorner     -119.0
yllcorner     -58.333333333333
cellsize      0.166666666667
NODATA_value  -9999
[rows 290 to 318 of 545, columns 330 to 395 of 515]
1.08142E-4 1.56966E-4 9.17724E-5 1.24132E-4 1.64117E-4 4.50391E-4 6.43516E-4 6.87709E-4 1.50813E-3 1.63756E-3 1.69647E-3 1.77062E-3 8.93994E-4 1.62998E-3 1.62474E-3 1.70773E-3 8.00231E-4 8.09646E-4 7.86662E-4 7.62984E-4 4.86454E-4 4.58605E-4 4.36277E-4 4.07196E-4 3.77903E-4 3.67253E-4 3.33163E-4 1.6374E-3 1.49802E-3 6.61782E-4 7.07627E-4 3.38792E-4 3.63254E-4 3.93695E-4 8.82563E-4 9.09352E-4 1.01915E-3 3.39972E-3 3.45615E-3 3.86731E-3 5.57784E-3 2.98191E-3 2.98532E-3 3.51569E-3 3.25982E-3 3.46019E-3 1.72329E-3 1.84061E-3 1.82803E-3 2.08523E-3 4.62905E-3 6.59253E-3 1.7232E-2 1.29379E-2 8.7593E-3 1.46053E-2 1.31705E-2 1.27836E-2 1.27102E-2 2.0701E-2 1.91298E-2 2.72576E-2 2.90253E-2 1.87192E-2 1.93184E-2 1.9557E-2
8.21803E-5 1.27136E-4 1.87704E-4 2.5027E-4 3.42341E-4 5.16857E-4 5.66652E-4 1.26116E-3 1.3711E-3 1.52079E-3 1.5883E-3 1.6269E-3 1.79184E-3 1.96407E-3 2.03405E-3 1.6632E-3 1.69388E-3 1.72106E-3 1.68585E-3 7.30451E-4 4.72943E-4 4.4152E-4 3.92239E-4 3.55108E-4 3.42824E-4 3.26722E-4 8.58281E-4 1.56212E-3 7.97473E-4 3.11664E-4 3.25345E-4 3.43897E-4 3.53073E-4 3.95743E-4 4.0448E-4 9.83809E-4 1.0481E-3 3.43882E-3 3.22401E-3 6.71563E-3 3.51347E-3 3.16138E-3 3.2031E-3 3.25839E-3 3.41772E-3 1.70306E-3 1.75675E-3 2.09893E-3 2.1313E-3 2.08778E-3 4.21338E-3 4.41977E-3 1.11808E-2 1.26156E-2 7.27645E-3 8.53546E-3 1.46447E-2 1.38884E-2 1.48121E-2 1.37003E-2 2.12515E-2 1.84797E-2 1.89238E-2 1.95636E-2 1.92589E-2 2.02161E-2
6.56638E-5 1.01582E-4 1.96889E-4 2.88649E-4 3.7548E-4 4.77976E-4 1.18153E-3 1.25295E-3 2.62887E-3 1.50773E-3 1.46156E-3 1.50081E-3 1.70591E-3 1.85857E-3 1.96756E-3 1.59713E-3 1.66649E-3 1.70975E-3 1.6479E-3 1.53637E-3 4.44492E-4 3.89735E-4 3.52363E-4 3.06995E-4 2.93094E-4 2.78254E-4 2.61557E-4 2.63894E-4 2.86469E-4 2.15198E-4 2.21098E-4 2.35441E-4 2.4302E-4 2.71078E-4 3.95091E-4 9.54436E-4 1.03817E-3 1.61469E-3 2.91151E-3 3.14915E-3 3.67985E-3 1.5243E-3 1.59616E-3 3.22617E-3 1.61338E-3 1.69329E-3 2.07002E-3 2.09704E-3 2.13655E-3 2.03085E-3 4.10068E-3 1.22475E-2 1.13691E-2 1.2937E-2 7.23703E-3 6.82154E-3 1.52595E-2 1.32042E-2 1.29773E-2 1.42473E-2 1.33608E-2 1.97901E-2 1.9929E-2 2.80382E-2 1.78479E-2 1.81451E-2
5.20875E-5 8.34819E-5 1.34198E-4 2.64162E-4 3.60329E-4 4.47865E-4 5.56585E-4 1.33814E-3 1.43517E-3 1.53905E-3 1.57438E-3 2.97683E-3 1.55768E-3 1.79008E-3 1.9419E-3 1.6107E-3 1.59838E-3 1.61467E-3 1.50668E-3 1.36862E-3 1.24537E-3 4.95421E-4 3.05397E-4 2.77362E-4 2.59363E-4 2.48193E-4 2.49749E-4 2.58554E-4 2.77344E-4 8.67164E-5 9.12649E-5 9.83389E-5 1.08229E-4 1.21022E-4 4.0666E-4 4.52085E-4 1.0568E-3 1.56903E-3 2.81892E-3 1.64777E-3 1.78749E-3 1.88071E-3 1.57168E-3 1.64462E-3 1.67005E-3 2.00886E-3 2.07989E-3 2.08476E-3 2.06921E-3 4.18211E-3 4.09962E-3 3.89916E-3 6.86363E-3 7.85617E-3 7.36933E-3 6.89419E-3 7.01644E-3 6.94237E-3 1.27968E-2 1.48127E-2 1.37148E-2 2.07854E-2 2.06323E-2 1.94184E-2 2.74211E-2 1.58953E-2
4.80304E-5 8.17211E-5 1.29644E-4 1.98479E-4 2.79583E-4 3.68885E-4 1.16886E-3 1.3411E-3 1.48376E-3 1.50367E-3 1.5949E-3 1.54253E-3 1.6144E-3 1.83548E-3 1.85089E-3 1.87695E-3 1.48035E-3 1.44964E-3 1.30971E-3 1.12965E-3 1.04047E-3 4.35311E-4 2.71035E-4 2.34938E-4 2.18606E-4 2.17474E-4 1.51017E-4 6.91837E-5 7.3709E-5 8.03297E-5 8.94291E-5 9.59162E-5 1.09964E-4 1.25156E-4 4.36264E-4 3.09742E-4 4.8031E-4 1.05161E-3 1.54934E-3 1.78221E-3 1.25794E-3 1.28831E-3 1.90603E-3 1.94883E-3 2.0075E-3 1.67994E-3 2.06602E-3 2.00108E-3 1.99683E-3 2.80758E-3 2.75908E-3 3.95728E-3 3.5833E-3 3.78386E-3 7.27963E-3 7.76188E-3 6.62476E-3 6.8693E-3 1.16516E-2 1.29889E-2 1.31284E-2 2.06546E-2 1.82369E-2 1.92766E-2 1.70792E-2 1.52819E-2
4.69309E-5 8.36141E-5 1.31554E-4 4.26927E-4 6.01894E-4 8.27156E-4 1.03741E-3 1.41007E-3 1.54685E-3 7.41793E-4 1.57289E-3 1.70172E-3 1.77598E-3 1.77302E-3 1.79763E-3 1.86383E-3 1.46635E-3 1.34355E-3 1.19083E-3 1.06245E-3 9.3444E-4 2.46427E-4 2.14191E-4 1.89744E-4 1.70804E-4 1.72036E-4 1.76197E-4 8.69757E-5 6.79032E-5 7.66412E-5 8.67956E-5 9.75414E-5 1.13087E-4 1.24E-4 2.92675E-4 3.14306E-4 4.88086E-4 5.07831E-4 5.28546E-4 8.14311E-4 1.26422E-3 1.27113E-3 1.30981E-3 1.94111E-3 1.99137E-3 1.99453E-3 1.9971E-3 1.9748E-3 1.96886E-3 4.10465E-3 3.97389E-3 3.83154E-3 3.79548E-3 3.64696E-3 7.0485E-3 1.27525E-2 1.29714E-2 6.50931E-3 1.35032E-2 1.89691E-2 1.7317E-2 2.73338E-2 2.67885E-2 1.80954E-2 1.79764E-2 1.80861E-2
1.07347E-4 1.86879E-4 3.05802E-4 4.57788E-4 6.52254E-4 8.75176E-4 1.13354E-3 1.33476E-3 1.65665E-3 6.48315E-4 6.66013E-4 8.18575E-4 1.70613E-3 1.74576E-3 1.50105E-3 1.49991E-3 1.40956E-3 1.32423E-3 5.52214E-4 4.62902E-4 2.62576E-4 2.15326E-4 1.66897E-4 1.38288E-4 1.33384E-4 1.4065E-4 1.51753E-4 1.21496E-4 6.08065E-5 7.33526E-5 8.3563E-5 9.75763E-5 1.09246E-4 1.26532E-4 1.27816E-4 3.09513E-4 4.78578E-4 5.21599E-4 5.5255E-4 8.27211E-4 5.7685E-4 1.28555E-3 1.87357E-3 1.95309E-3 1.97808E-3 1.98646E-3 1.92861E-3 1.91888E-3 1.9553E-3 4.0337E-3 3.88234E-3 3.70215E-3 3.66969E-3 3.54333E-3 6.065E-3 1.22063E-2 1.2731E-2 1.38849E-2 1.28057E-2 1.67178E-2 1.63346E-2 2.66349E-2 2.47728E-2 1.60705E-2 1.68436E-2 1.10386E-2
1.0593E-4 1.71127E-4 2.77237E-4 4.72803E-4 6.87795E-4 9.18819E-4 1.24499E-3 1.49527E-3 1.55043E-3 1.49204E-3 6.98678E-4 7.02668E-4 7.37138E-4 6.9611E-4 7.05206E-4 1.47527E-3 6.75533E-4 6.11892E-4 5.24822E-4 3.09616E-4 2.42604E-4 1.90048E-4 1.35231E-4 1.00772E-4 9.29938E-5 1.07357E-4 1.13689E-4 1.07737E-4 5.74538E-5 7.08147E-5 8.34196E-5 9.63752E-5 1.12949E-4 1.85255E-4 1.31633E-4 3.17965E-4 3.36886E-4 5.34523E-4 5.68733E-4 8.53569E-4 5.8805E-4 5.93192E-4 1.90963E-3 1.93774E-3 1.91345E-3 1.92393E-3 1.94842E-3 1.89928E-3 1.92627E-3 3.95439E-3 3.84983E-3 3.71389E-3 2.43556E-3 3.52324E-3 6.16095E-3 1.16523E-2 1.10971E-2 1.1135E-2 1.77564E-2 1.7343E-2 1.73804E-2 1.60899E-2 1.46869E-2 2.2274E-2 1.37877E-2 9.7842E-3
1.005E-4 1.59224E-4 2.82776E-4 4.54456E-4 6.99466E-4 9.57492E-4 1.40068E-3 1.6679E-3 1.6745E-3 1.39695E-3 1.62792E-3 1.61303E-3 7.52652E-4 7.66087E-4 7.31278E-4 7.02459E-4 6.78903E-4 4.17728E-4 3.63784E-4 2.91657E-4 2.3003E-4 1.79282E-4 1.22896E-4 1.20959E-4 6.91347E-5 8.76985E-5 1.16658E-4 1.01845E-4 1.75226E-4 7.06235E-5 8.56347E-5 9.97845E-5 1.11744E-4 1.28624E-4 1.39503E-4 1.44849E-4 3.55786E-4 2.38449E-4 2.54849E-4 8.82317E-4 6.103E-4 6.17653E-4 5.9595E-4 1.94453E-3 1.90613E-3 1.9026E-3 1.86339E-3 1.81836E-3 1.84631E-3 3.79354E-3 3.69382E-3 3.72014E-3 3.56007E-3 3.47668E-3 7.01584E-3 1.10219E-2 1.06086E-2 1.02356E-2 1.81995E-2 1.71329E-2 1.7116E-2 1.48208E-2 1.48194E-2 1.41208E-2 1.45002E-2 1.39195E-2
1.38816E-4 2.00717E-4 3.12459E-4 4.56457E-4 5.75538E-4 8.30445E-4 1.35073E-3 1.72852E-3 1.7874E-3 1.51219E-3 1.78133E-3 1.73079E-3 1.71462E-3 7.90045E-4 5.13074E-4 5.18503E-4 4.6862E-4 4.26239E-4 3.60479E-4 3.05381E-4 2.31085E-4 1.85582E-4 1.27511E-4 9.20803E-5 7.10137E-5 1.19746E-4 1.15156E-4 1.5363E-4 1.79007E-4 1.04014E-4 1.24814E-4 1.00125E-4 1.15162E-4 1.31426E-4 1.41977E-4 2.33386E-4 2.52936E-4 2.5698E-4 3.80744E-4 9.05118E-4 6.27894E-4 8.90889E-4 8.90116E-4 1.90089E-3 1.90568E-3 1.24681E-3 1.22133E-3 1.22845E-3 1.20091E-3 2.5175E-3 3.63669E-3 3.50141E-3 3.37839E-3 3.31182E-3 6.66123E-3 1.03521E-2 1.01662E-2 9.27598E-3 1.66565E-2 1.53144E-2 1.47264E-2 1.40824E-2 1.55417E-2 1.53428E-2 1.3607E-2 1.36475E-2
5.04635E-4 3.04251E-4 4.11634E-4 4.94667E-4 6.24008E-4 8.4696E-4 1.28594E-3 1.71849E-3 1.5549E-3 1.61177E-3 1.69499E-3 1.69863E-3 8.70902E-4 8.42842E-4 5.74635E-4 7.68063E-4 5.09965E-4 4.5544E-4 3.9733E-4 3.41766E-4 2.80495E-4 2.12206E-4 1.5904E-4 1.282E-4 1.17919E-4 1.17624E-4 1.49553E-4 1.77768E-4 1.9491E-4 2.51613E-4 1.34111E-4 1.08888E-4 1.7442E-4 1.96893E-4 2.07414E-4 2.18152E-4 2.38965E-4 3.60202E-4 3.90926E-4 2.74399E-4 6.21692E-4 8.88927E-4 6.06943E-4 1.30585E-3 1.24782E-3 1.23612E-3 1.20067E-3 1.17848E-3 1.16645E-3 2.43738E-3 2.33886E-3 2.27256E-3 3.15006E-3 3.07477E-3 6.44688E-3 1.06573E-2 9.3696E-3 9.53463E-3 9.32449E-3 9.09478E-3 9.01805E-3 1.46979E-2 9.17092E-3 1.45027E-2 1.30775E-2 1.24218E-2
3.56891E-3 2.05672E-3 1.16428E-3 6.21577E-4 6.63443E-4 8.00884E-4 1.23632E-3 1.71319E-3 1.63147E-3 1.78513E-3 1.82217E-3 1.96848E-3 8.98314E-4 9.48432E-4 6.09084E-4 5.97598E-4 5.61241E-4 4.96818E-4 4.39542E-4 3.79889E-4 3.25777E-4 2.54352E-4 2.07687E-4 1.83256E-4 1.7605E-4 1.68615E-4 1.77337E-4 2.00384E-4 3.2015E-4 2.62998E-4 3.2301E-4 3.94014E-4 1.868E-4 2.06461E-4 2.21031E-4 5.26618E-4 5.61692E-4 2.54812E-4 3.88892E-4 2.83953E-4 6.46652E-4 9.26533E-4 6.05397E-4 1.24887E-3 1.19964E-3 1.20211E-3 1.17794E-3 1.15537E-3 1.1381E-3 2.31964E-3 2.25072E-3 2.15832E-3 2.12578E-3 3.02671E-3 5.34064E-3 1.019E-2 5.63376E-3 9.7226E-3 9.52799E-3 1.05587E-2 5.81776E-3 9.37594E-3 8.7842E-3 1.1898E-2 1.22212E-2 1.21787E-2
1.00411E-2 4.83115E-3 2.72781E-3 1.75039E-3 9.0061E-4 1.0695E-3 1.43221E-3 1.89483E-3 1.78437E-3 1.96237E-3 2.10375E-3 2.18342E-3 2.1838E-3 9.68647E-4 6.33782E-4 6.9165E-4 6.4023E-4 5.7069E-4 4.78083E-4 8.81731E-4 7.6184E-4 6.51701E-4 5.6265E-4 5.32615E-4 2.41341E-4 2.74526E-4 3.45443E-4 8.196E-4 8.42099E-4 8.63384E-4 4.14259E-4 4.00327E-4 4.27444E-4 4.98991E-4 5.39789E-4 5.5508E-4 5.59536E-4 6.19554E-4 7.71405E-4 4.25848E-4 9.36773E-4 6.15606E-4 5.97988E-4 5.61638E-4 1.18857E-3 1.17498E-3 1.15624E-3 1.11644E-3 1.09961E-3 2.2301E-3 2.23821E-3 2.10656E-3 1.98991E-3 2.83403E-3 2.66604E-3 5.79876E-3 5.06877E-3 4.8866E-3 5.5472E-3 5.79827E-3 5.9345E-3 5.72235E-3 9.24658E-3 1.30457E-2 1.10363E-2 1.1406E-2
1.34129E-2 7.40377E-3 5.88475E-3 2.25238E-3 1.27352E-3 1.43592E-3 1.4598E-3 1.79743E-3 2.05298E-3 2.26606E-3 2.40236E-3 2.4447E-3 2.41604E-3 1.64873E-3 7.29664E-4 7.66117E-4 7.13444E-4 6.47804E-4 5.70502E-4 1.02777E-3 8.50537E-4 7.35881E-4 8.9546E-4 6.03274E-4 6.50609E-4 3.62102E-4 3.83128E-4 3.55197E-4 3.55483E-4 4.89444E-4 5.0251E-4 4.23255E-4 4.57104E-4 5.07681E-4 4.99321E-4 5.74575E-4 8.17578E-4 8.2751E-4 3.90411E-4 4.16154E-4 2.85803E-4 6.30171E-4 6.00729E-4 5.65016E-4 1.19315E-3 1.14957E-3 1.12751E-3 1.09759E-3 1.05713E-3 2.15104E-3 2.08387E-3 1.99264E-3 2.74335E-3 1.79216E-3 2.55453E-3 5.3875E-3 4.57611E-3 5.7024E-3 5.61044E-3 5.97421E-3 5.8167E-3 5.4505E-3 5.44776E-3 9.69767E-3 1.15234E-2 1.81363E-2
9.1684E-3 6.04147E-3 6.18984E-3 2.67023E-3 3.26208E-3 1.59642E-3 1.92095E-3 2.21117E-3 2.417E-3 2.62371E-3 2.68206E-3 2.78055E-3 2.78512E-3 1.88264E-3 1.78005E-3 7.79281E-4 8.17706E-4 7.5537E-4 6.73995E-4 1.28848E-3 1.12166E-3 9.65833E-4 9.04467E-4 8.25219E-4 4.33922E-4 1.09354E-3 4.06718E-4 4.9838E-4 4.94356E-4 4.76555E-4 5.94706E-4 1.32856E-3 7.03372E-4 7.12963E-4 7.63988E-4 5.8304E-4 8.39009E-4 8.41293E-4 4.02285E-4 3.44116E-4 3.54324E-4 3.32545E-4 3.20747E-4 3.00976E-4 6.75945E-4 6.56518E-4 1.38209E-3 1.31898E-3 1.55236E-3 3.02242E-3 2.92597E-3 2.7806E-3 2.65514E-3 2.49305E-3 2.28246E-3 4.68676E-3 5.34023E-3 5.41943E-3 5.24041E-3 5.28678E-3 5.46697E-3 5.23097E-3 5.16372E-3 8.93471E-3 1.17806E-2 1.11481E-2
1.00772E-2 9.10438E-3 5.04528E-3 3.34487E-3 4.24571E-3 2.08868E-3 2.42057E-3 2.67333E-3 2.83658E-3 2.96357E-3 3.01505E-3 3.08555E-3 3.09355E-3 2.07701E-3 2.02307E-3 1.95699E-3 1.8582E-3 1.85256E-3 1.74801E-3 1.58447E-3 1.36008E-3 1.21345E-3 1.20961E-3 1.08211E-3 1.20815E-3 4.06158E-4 5.13145E-4 5.13777E-4 5.29872E-4 4.16628E-4 5.71287E-4 5.17505E-4 7.42923E-4 7.5502E-4 7.52179E-4 7.75542E-4 8.38671E-4 9.19013E-4 3.70497E-4 3.74471E-4 3.58577E-4 3.38587E-4 3.11707E-4 6.71867E-4 6.42668E-4 6.27817E-4 1.33153E-3 1.51864E-3 1.00912E-3 1.99259E-3 1.90961E-3 2.70226E-3 2.54272E-3 2.41083E-3 2.20866E-3 5.00197E-3 4.23304E-3 5.04212E-3 4.86995E-3 5.0907E-3 5.28153E-3 5.30316E-3 5.00078E-3 8.10494E-3 1.2661E-2 1.25319E-2
9.86923E-3 7.75497E-3 4.54868E-3 4.32305E-3 4.38068E-3 2.63506E-3 2.91946E-3 3.08006E-3 3.20684E-3 3.32438E-3 3.42069E-3 3.41988E-3 2.31782E-3 2.30239E-3 2.21335E-3 2.17967E-3 2.09484E-3 2.11487E-3 1.9974E-3 1.78489E-3 1.65948E-3 1.57081E-3 1.52166E-3 1.43759E-3 1.40047E-3 4.74853E-4 4.79109E-4 4.7197E-4 4.51282E-4 4.39706E-4 6.46501E-4 6.59024E-4 6.51528E-4 2.91889E-4 2.97837E-4 2.92403E-4 4.40548E-4 4.24968E-4 3.86248E-4 3.86367E-4 3.63296E-4 5.41572E-4 7.16602E-4 6.58296E-4 6.33888E-4 1.35294E-3 8.72981E-4 1.03407E-3 1.42301E-3 1.35009E-3 2.69168E-3 2.58574E-3 2.46265E-3 2.3403E-3 4.68175E-3 4.98988E-3 4.94107E-3 4.83338E-3 5.08559E-3 5.1516E-3 5.05358E-3 5.04871E-3 5.22103E-3 8.68395E-3 8.17877E-3 7.11599E-3
6.29107E-3 7.58888E-3 4.67359E-3 4.91547E-3 2.60704E-3 3.00236E-3 3.22614E-3 3.26137E-3 3.48465E-3 3.60866E-3 3.68462E-3 2.5613E-3 2.52679E-3 2.54586E-3 2.48836E-3 2.43659E-3 2.28887E-3 2.33588E-3 2.15509E-3 2.01528E-3 1.84299E-3 1.70849E-3 1.69118E-3 1.2301E-3 1.60292E-3 1.08984E-3 4.86892E-4 4.8928E-4 4.83231E-4 4.75277E-4 4.62007E-4 4.5657E-4 2.83863E-4 2.91579E-4 2.95343E-4 2.9648E-4 3.04362E-4 3.12845E-4 4.29502E-4 4.03422E-4 3.77473E-4 7.97675E-4 7.28594E-4 6.73007E-4 9.48172E-4 9.01275E-4 8.53183E-4 8.25361E-4 1.3819E-3 1.3211E-3 2.62931E-3 2.48468E-3 2.39659E-3 2.25109E-3 4.18404E-3 4.70332E-3 4.82423E-3 4.69779E-3 4.81784E-3 4.59623E-3 4.53139E-3 4.55595E-3 8.03522E-3 7.40975E-3 7.73079E-3 1.2537E-2
6.61013E-3 3.70079E-3 4.92597E-3 4.5386E-3 5.81793E-3 3.15971E-3 2.36168E-3 2.40584E-3 3.65187E-3 3.85398E-3 2.73414E-3 2.71304E-3 2.68528E-3 2.7106E-3 2.60105E-3 2.5261E-3 2.48039E-3 2.40222E-3 2.23634E-3 2.12184E-3 2.05379E-3 2.00791E-3 1.39172E-3 1.3598E-3 1.27946E-3 1.16372E-3 1.63154E-3 1.10992E-3 5.12788E-4 5.04713E-4 5.11779E-4 5.13474E-4 2.11324E-4 3.07034E-4 3.20914E-4 3.32797E-4 3.30998E-4 1.36967E-4 3.12405E-4 3.99631E-4 3.74736E-4 7.86887E-4 7.26965E-4 4.55736E-4 9.33186E-4 8.83552E-4 1.22721E-3 1.15666E-3 1.12681E-3 1.06453E-3 1.78118E-3 2.50819E-3 2.40454E-3 2.07992E-3 4.2027E-3 4.31722E-3 4.3763E-3 4.57662E-3 4.69134E-3 4.54071E-3 4.42953E-3 7.76483E-3 7.42717E-3 7.51542E-3 8.28175E-3 7.88331E-3
5.17986E-3 4.06689E-3 4.34361E-3 4.50318E-3 4.95234E-3 5.74342E-3 2.1537E-3 2.42039E-3 2.55646E-3 2.71984E-3 2.89504E-3 2.80674E-3 2.88863E-3 2.92251E-3 2.86863E-3 2.87112E-3 2.9125E-3 2.83417E-3 2.7802E-3 2.57997E-3 2.4523E-3 2.38769E-3 1.62563E-3 1.6086E-3 1.50132E-3 1.39336E-3 1.28793E-3 1.71624E-3 1.63337E-3 1.14186E-3 5.41885E-4 5.44685E-4 5.27065E-4 3.2653E-4 3.27142E-4 3.24246E-4 3.01548E-4 4.15169E-4 3.82681E-4 3.59332E-4 3.64646E-4 7.71667E-4 4.89611E-4 4.43972E-4 1.34047E-3 1.24165E-3 1.2021E-3 1.14806E-3 1.08657E-3 1.03964E-3 9.96678E-4 2.0631E-3 2.41594E-3 2.52853E-3 4.28087E-3 3.9701E-3 3.65309E-3 4.50205E-3 4.93456E-3 4.85879E-3 4.60936E-3 4.07619E-3 7.8937E-3 7.66002E-3 6.01151E-3 6.5426E-3
5.2346E-3 5.49927E-3 7.05549E-3 7.34482E-3 4.92268E-3 5.02323E-3 3.8382E-3 2.16542E-3 2.41256E-3 2.60086E-3 2.7835E-3 3.01608E-3 3.182E-3 3.26684E-3 3.30704E-3 3.20648E-3 3.27405E-3 3.22723E-3 2.18136E-3 2.06853E-3 2.79937E-3 1.88771E-3 1.86747E-3 1.81397E-3 1.7122E-3 1.58212E-3 1.49164E-3 1.37906E-3 1.27488E-3 1.67367E-3 1.21105E-3 5.68887E-4 5.56197E-4 7.93926E-4 3.30651E-4 3.30215E-4 2.79092E-4 2.98961E-4 8.40153E-4 3.56373E-4 3.52392E-4 7.28015E-4 4.67706E-4 9.6486E-4 1.30862E-3 1.2067E-3 1.17766E-3 1.1439E-3 1.08707E-3 1.02572E-3 1.00679E-3 9.95007E-4 1.99337E-3 2.43465E-3 2.35529E-3 6.40824E-3 6.08463E-3 3.91407E-3 3.79649E-3 2.01732E-3 4.11987E-3 6.04908E-3 3.47562E-3 6.31783E-3 5.9161E-3 6.14185E-3
8.38921E-3 5.78047E-3 6.79622E-3 1.06671E-2 7.05498E-3 4.25827E-3 4.86421E-3 3.98369E-3 2.22259E-3 2.37398E-3 2.64568E-3 2.94982E-3 3.14187E-3 3.39865E-3 3.59098E-3 3.58688E-3 3.55805E-3 3.52469E-3 2.37963E-3 2.35659E-3 2.27534E-3 2.11012E-3 2.01876E-3 1.968E-3 1.9137E-3 1.83963E-3 1.69716E-3 1.5713E-3 1.42667E-3 1.25715E-3 1.77475E-3 5.82286E-4 5.87652E-4 8.34846E-4 7.91652E-4 7.49E-4 6.35709E-4 6.32183E-4 5.49312E-4 7.36941E-4 7.51785E-4 7.03938E-4 6.71176E-4 6.20878E-4 1.28771E-3 1.22173E-3 1.16005E-3 1.11457E-3 1.10829E-3 1.03335E-3 1.00545E-3 9.54236E-4 2.16958E-3 2.04139E-3 2.17166E-3 3.8169E-3 6.2754E-3 3.6826E-3 1.95451E-3 1.97732E-3 3.27235E-3 6.04295E-3 3.51996E-3 3.45368E-3 6.56371E-3 6.81018E-3
6.98266E-3 1.04953E-2 1.17308E-2 9.83608E-3 1.07402E-2 6.97296E-3 4.35952E-3 3.57146E-3 4.17006E-3 4.67625E-3 5.14208E-3 5.81422E-3 6.34764E-3 6.79518E-3 7.37407E-3 7.84115E-3 8.14986E-3 2.66816E-3 2.66931E-3 2.58081E-3 2.48337E-3 2.41418E-3 2.18879E-3 2.11987E-3 2.11851E-3 1.96964E-3 1.87379E-3 1.19519E-3 1.55951E-3 1.35734E-3 1.87809E-3 1.33744E-3 6.12455E-4 8.60431E-4 7.87422E-4 7.14231E-4 6.23776E-4 5.8108E-4 5.54245E-4 7.49941E-4 4.86722E-4 6.79569E-4 1.36249E-3 6.0003E-4 1.25381E-3 1.16653E-3 1.15253E-3 1.13687E-3 1.08631E-3 1.04888E-3 9.97756E-4 9.67742E-4 1.87289E-3 1.92474E-3 1.92647E-3 1.76007E-3 3.68847E-3 2.73478E-3 3.22594E-3 3.43761E-3 3.14687E-3 3.15475E-3 3.53923E-3 3.77544E-3 3.79397E-3 3.92888E-3
1.23625E-2 9.01888E-3 9.06956E-3 1.63791E-2 9.11553E-3 5.99698E-3 5.25049E-3 3.26824E-3 3.92007E-3 4.33028E-3 4.9423E-3 5.61162E-3 6.03661E-3 6.60454E-3 7.00034E-3 7.79286E-3 8.22705E-3 5.76295E-3 5.90213E-3 5.89361E-3 2.69916E-3 2.56917E-3 2.41297E-3 2.28679E-3 2.21904E-3 2.14053E-3 1.97054E-3 1.88674E-3 1.7271E-3 1.56743E-3 1.45847E-3 1.39942E-3 1.41307E-3 6.06815E-4 7.78291E-4 6.81521E-4 5.7773E-4 5.18359E-4 5.13352E-4 4.8402E-4 1.0093E-3 1.38019E-3 1.32842E-3 1.24296E-3 1.1982E-3 1.14913E-3 1.11114E-3 1.08788E-3 1.05325E-3 1.04596E-3 2.06686E-3 2.18128E-3 1.93624E-3 1.91892E-3 1.88836E-3 1.83276E-3 1.90072E-3 3.14194E-3 2.80573E-3 3.08815E-3 3.19994E-3 3.31333E-3 3.64916E-3 3.81276E-3 4.00464E-3 4.13225E-3
1.4754E-2 1.34966E-2 9.24402E-3 9.81862E-3 1.03676E-2 1.18101E-2 7.60713E-3 6.26015E-3 7.12483E-3 4.18724E-3 4.74059E-3 5.37577E-3 5.9045E-3 6.39004E-3 6.8625E-3 7.47443E-3 7.95815E-3 5.95784E-3 6.10002E-3 6.12646E-3 5.94144E-3 2.6924E-3 2.55958E-3 2.44504E-3 2.30273E-3 2.14856E-3 2.03658E-3 1.91161E-3 1.8268E-3 1.73359E-3 1.62408E-3 1.52142E-3 1.46053E-3 1.97811E-3 8.02669E-4 6.60697E-4 5.05758E-4 4.74054E-4 4.78754E-4 1.02166E-3 1.35288E-3 1.19709E-3 1.14084E-3 1.19697E-3 1.1675E-3 1.03457E-3 2.07699E-3 2.02074E-3 2.02226E-3 1.92711E-3 2.45857E-3 2.06154E-3 2.08187E-3 1.87199E-3 1.91348E-3 1.89033E-3 1.88811E-3 1.56285E-3 2.87406E-3 3.13626E-3 3.46713E-3 3.21363E-3 3.57434E-3 3.89976E-3 4.24625E-3 4.40898E-3
1.56491E-2 1.57087E-2 1.74577E-2 1.15429E-2 1.08069E-2 1.18285E-2 5.26942E-3 6.15744E-3 6.96851E-3 7.96111E-3 9.27635E-3 5.23354E-3 5.90894E-3 6.54748E-3 7.09286E-3 7.47359E-3 8.13579E-3 5.88902E-3 6.0592E-3 6.14634E-3 6.03677E-3 5.84234E-3 5.50394E-3 2.55484E-3 2.42029E-3 2.29756E-3 2.11161E-3 1.98474E-3 1.9243E-3 1.82053E-3 1.70511E-3 1.61327E-3 1.48459E-3 2.03739E-3 1.89141E-3 7.02432E-4 5.26705E-4 1.06422E-3 1.05167E-3 9.84254E-4 1.22951E-3 2.65003E-3 2.35328E-3 1.1027E-3 2.26013E-3 2.10941E-3 1.96504E-3 1.91765E-3 1.85393E-3 2.22767E-3 2.01273E-3 1.91573E-3 2.00303E-3 1.89291E-3 1.9881E-3 9.12482E-4 1.77308E-3 1.47172E-3 2.99415E-3 3.16471E-3 3.35485E-3 3.38961E-3 3.59682E-3 3.96433E-3 4.37232E-3 4.49956E-3
1.55929E-2 1.55943E-2 1.29618E-2 1.77148E-2 1.68036E-2 1.13468E-2 1.41731E-2 6.07461E-3 7.04433E-3 7.99587E-3 9.00876E-3 1.00425E-2 1.13071E-2 1.27824E-2 6.97765E-3 7.5399E-3 5.41588E-3 5.72856E-3 6.02261E-3 6.04653E-3 6.05583E-3 5.45722E-3 5.33519E-3 5.4E-3 5.13852E-3 4.83488E-3 4.54777E-3 2.04544E-3 1.96988E-3 1.86735E-3 1.74742E-3 1.65353E-3 2.21738E-3 2.0889E-3 1.94103E-3 1.69651E-3 1.3161E-3 1.12049E-3 1.06477E-3 9.75888E-4 1.27869E-3 1.08751E-3 2.16973E-3 2.19432E-3 2.18935E-3 2.08054E-3 1.8609E-3 1.80934E-3 1.80227E-3 2.01014E-3 1.8265E-3 1.86522E-3 1.87798E-3 1.82674E-3 9.1097E-4 8.62366E-4 1.3938E-3 2.66815E-3 2.94318E-3 3.31728E-3 3.56363E-3 3.40966E-3 3.43192E-3 3.46091E-3 3.8315E-3 4.40192E-3
1.26257E-2 1.84102E-2 1.82781E-2 1.54153E-2 1.58332E-2 1.09227E-2 9.68849E-3 1.14685E-2 6.95278E-3 8.07103E-3 8.92901E-3 9.92247E-3 1.0968E-2 1.24277E-2 1.34035E-2 9.82358E-3 5.41232E-3 5.69228E-3 5.98482E-3 6.03542E-3 5.97253E-3 5.68884E-3 5.45877E-3 5.38801E-3 5.15397E-3 4.85067E-3 4.59716E-3 4.3811E-3 4.14279E-3 1.9161E-3 1.8343E-3 1.72579E-3 2.27776E-3 2.10697E-3 1.98776E-3 1.75928E-3 1.43261E-3 1.1989E-3 1.11174E-3 1.04226E-3 1.3139E-3 1.12663E-3 2.23961E-3 2.18122E-3 2.01418E-3 2.02186E-3 1.73046E-3 2.00179E-3 1.64429E-3 1.91035E-3 1.69888E-3 1.84463E-3 1.7933E-3 1.71125E-3 8.44586E-4 7.71871E-4 1.3143E-3 1.25216E-3 1.37312E-3 1.4533E-3 1.59607E-3 1.76871E-3 3.51465E-3 3.52438E-3 4.01129E-3 4.35861E-3
1.39401E-2 1.86129E-2 1.79369E-2 2.15249E-2 1.91884E-2 1.04873E-2 9.76443E-3 1.16234E-2 1.34787E-2 7.91312E-3 8.84777E-3 9.73454E-3 7.20257E-3 8.19812E-3 8.99016E-3 9.83265E-3 1.05329E-2 5.60236E-3 5.73934E-3 5.95796E-3 5.96507E-3 5.84409E-3 5.64592E-3 5.4585E-3 5.21561E-3 5.01338E-3 4.71847E-3 4.6039E-3 4.37076E-3 4.14984E-3 3.80191E-3 3.61416E-3 4.92435E-3 2.16245E-3 1.96383E-3 1.76324E-3 1.50166E-3 1.27547E-3 1.15866E-3 1.44828E-3 2.60671E-3 2.36722E-3 2.19556E-3 2.24662E-3 1.93505E-3 1.93919E-3 1.78388E-3 1.6336E-3 3.09275E-3 1.92157E-3 1.83879E-3 1.73977E-3 1.72939E-3 1.76004E-3 1.68725E-3 1.35081E-3 1.28911E-3 1.25932E-3 1.38078E-3 1.43482E-3 1.54698E-3 1.77114E-3 1.9024E-3 3.68861E-3 4.02361E-3 4.15007E-3
