Leopardus pajeros/Leopardus_pajeros.asc
ncols         515
nrows         545
xllcorner     -119.0
yllcorner     -58.333333333333
cellsize      0.166666666667
NODATA_value  -9999
[rows 203 to 231 of 545, columns 330 to 395 of 515]
9.12157E-9 1.25101E-8 1.57731E-8 1.85856E-8 2.09312E-8 2.08284E-8 2.14501E-8 1.9887E-8 1.8751E-8 2.0324E-8 2.62578E-8 1.40754E-8 1.67126E-8 1.20278E-8 9.68429E-9 7.84237E-9 7.94329E-9 7.51666E-9 7.79367E-9 9.13951E-9 1.03648E-8 1.05671E-8 1.15732E-8 1.3085E-8 1.45511E-8 1.84827E-8 2.06363E-8 2.53909E-8 3.52488E-8 5.30081E-8 6.94483E-8 6.77929E-8 7.73802E-8 7.87666E-8 2.58965E-7 9.34781E-8 9.39271E-8 9.13185E-8 7.3715E-8 6.17175E-8 5.68544E-8 5.64484E-8 6.99654E-8 7.75804E-8 7.55459E-8 7.23598E-8 6.49176E-8 6.96906E-8 8.78908E-8 1.05559E-7 1.21196E-7 3.61925E-7 3.506E-7 3.65967E-7 3.27575E-7 4.4439E-7 1.83613E-6 2.56833E-6 3.59491E-6 2.21551E-6 2.60912E-6 3.12387E-6 3.8771E-6 4.45787E-6 4.31349E-6 5.22889E-6
8.04261E-9 1.05134E-8 1.31105E-8 1.56876E-8 1.73278E-8 1.76453E-8 1.72987E-8 1.59673E-8 1.521E-8 1.61029E-8 2.26482E-8 1.086E-8 1.24216E-8 1.12213E-8 1.04632E-8 8.36276E-9 8.2006E-9 8.29418E-9 7.78125E-9 9.17544E-9 9.54751E-9 9.40237E-9 9.62822E-9 1.14578E-8 1.35847E-8 1.86629E-8 2.16302E-8 3.31402E-8 4.21598E-8 5.31863E-8 7.04464E-8 8.39006E-8 9.94705E-8 1.05869E-7 1.12754E-7 1.1941E-7 1.20685E-7 1.03293E-7 1.02497E-7 9.16235E-8 8.88273E-8 8.06238E-8 8.42778E-8 8.75521E-8 9.48242E-8 1.08084E-7 1.22798E-7 1.40263E-7 1.67964E-7 5.70684E-7 6.252E-7 7.2611E-7 2.58128E-7 2.2779E-7 2.0037E-7 8.92034E-7 1.29935E-6 2.02883E-6 2.55212E-6 3.03395E-6 3.50614E-6 4.37234E-6 1.66171E-6 6.3039E-6 4.78391E-6 5.85945E-6
6.73461E-9 8.81474E-9 1.08495E-8 1.25538E-8 1.37733E-8 1.42852E-8 1.44251E-8 1.27703E-8 1.11105E-8 3.91867E-9 5.86181E-9 8.21758E-9 9.46675E-9 9.5227E-9 9.33172E-9 8.24879E-9 8.75985E-9 1.02787E-8 1.10857E-8 1.21565E-8 1.15641E-8 1.08018E-8 8.48375E-9 8.2976E-9 1.20289E-8 1.76773E-8 2.72792E-8 3.26089E-8 3.89641E-8 1.54393E-7 2.01973E-7 9.05253E-8 1.299E-7 1.36579E-7 1.44982E-7 1.39049E-7 1.39551E-7 1.46419E-7 1.27479E-7 1.40469E-7 1.43048E-7 1.51726E-7 1.37135E-7 1.52147E-7 1.62583E-7 1.90794E-7 2.62081E-7 2.66418E-7 3.22595E-7 1.15233E-6 1.34791E-6 1.57316E-6 1.3711E-6 5.08931E-7 5.62904E-7 7.06659E-7 8.63506E-7 9.86825E-7 2.85728E-6 3.79896E-6 1.66563E-6 1.77601E-6 2.00798E-6 2.14526E-6 2.57549E-6 2.56355E-6
5.70601E-9 7.38276E-9 9.0084E-9 1.06084E-8 1.16399E-8 1.22113E-8 1.12398E-8 1.03983E-8 9.14297E-9 2.95416E-9 4.24084E-9 6.16511E-9 7.73571E-9 7.78899E-9 8.05103E-9 8.5847E-9 1.05944E-8 1.17756E-8 1.27223E-8 1.45068E-8 1.52652E-8 1.2371E-8 9.18104E-9 7.84611E-9 9.46388E-9 1.37701E-8 2.18569E-8 3.2986E-8 4.86416E-8 6.82906E-8 8.44087E-8 1.08327E-7 1.30484E-7 1.43503E-7 1.60397E-7 1.53217E-7 1.78284E-7 1.51374E-7 1.50988E-7 1.54107E-7 1.80543E-7 2.15545E-7 2.49458E-7 3E-7 3.35169E-7 4.03049E-7 3.40925E-7 5.23802E-7 6.12624E-7 7.28309E-7 9.11544E-7 8.91021E-7 2.44309E-6 8.28922E-7 9.74062E-7 1.28127E-6 1.53557E-6 1.5807E-6 1.33166E-6 1.38287E-6 2.00526E-6 2.15714E-6 2.48267E-6 2.71378E-6 2.61502E-6 2.4524E-6
5.00197E-9 6.4711E-9 8.48009E-9 1.01134E-8 1.11646E-8 1.14847E-8 1.12289E-8 1.04405E-8 9.62127E-9 3.48787E-9 4.5789E-9 6.05202E-9 7.11457E-9 7.41811E-9 7.57621E-9 9.02899E-9 1.62005E-8 1.84172E-8 1.88115E-8 1.98927E-8 1.8342E-8 1.47896E-8 1.29006E-8 1.12988E-8 1.29036E-8 1.67955E-8 2.63949E-8 5.10441E-8 7.97198E-8 8.8779E-8 1.08286E-7 1.31824E-7 1.4872E-7 1.73279E-7 1.85272E-7 1.97748E-7 1.84276E-7 1.89845E-7 2.04584E-7 2.09219E-7 2.20069E-7 2.4374E-7 2.92658E-7 4.32421E-7 4.87371E-7 3.99064E-7 6.99322E-7 8.46797E-7 9.30945E-7 9.90872E-7 1.09813E-6 1.09957E-6 1.03807E-6 1.20561E-6 1.33592E-6 1.46029E-6 1.41138E-6 1.48112E-6 1.67251E-6 1.71184E-6 1.83572E-6 2.07688E-6 2.32073E-6 2.41881E-6 2.23657E-6 5.92873E-6
4.84705E-9 6.68863E-9 8.55613E-9 1.00627E-8 1.16444E-8 1.26986E-8 1.24066E-8 1.16798E-8 4.02129E-9 4.42062E-9 5.03623E-9 6.29184E-9 7.24903E-9 8.5697E-9 9.96822E-9 1.24466E-8 2.05304E-8 2.99162E-8 2.96092E-8 3.32141E-8 2.88726E-8 2.66763E-8 2.32381E-8 1.96302E-8 2.18003E-8 2.72674E-8 3.44507E-8 5.73736E-8 9.38853E-8 1.14572E-7 1.36064E-7 1.32466E-7 1.62079E-7 1.8933E-7 2.16465E-7 2.45646E-7 2.46317E-7 2.1957E-7 2.15146E-7 2.29929E-7 2.13578E-7 2.1708E-7 3.18151E-7 4.73416E-7 1.86126E-7 2.08126E-7 7.19678E-7 8.34264E-7 9.52623E-7 1.15613E-6 1.2099E-6 1.15342E-6 1.32672E-6 1.19174E-6 1.21155E-6 1.17825E-6 1.17591E-6 1.285E-6 1.36683E-6 1.47331E-6 1.54379E-6 4.69166E-6 5.38785E-6 5.37061E-6 5.02892E-6 4.46289E-6
1.97107E-9 7.7878E-9 1.03173E-8 1.15779E-8 1.28271E-8 1.39763E-8 1.45728E-8 1.41882E-8 5.09919E-9 5.35478E-9 6.66395E-9 8.40344E-9 1.0025E-8 1.21556E-8 1.53754E-8 1.88091E-8 2.84689E-8 4.64279E-8 5.10411E-8 5.48788E-8 5.08958E-8 4.78981E-8 4.20649E-8 3.26898E-8 3.17569E-8 3.54751E-8 4.4394E-8 5.19575E-8 6.36353E-8 8.3562E-8 1.14181E-7 1.42928E-7 1.75767E-7 2.08289E-7 2.57267E-7 2.93014E-7 3.02154E-7 3.15444E-7 2.8951E-7 2.39312E-7 1.9124E-7 2.01136E-7 2.64111E-7 1.15278E-7 1.48241E-7 5.2761E-7 6.43228E-7 6.69919E-7 2.21167E-6 2.82525E-6 3.22002E-6 3.48232E-6 3.82224E-6 1.19873E-6 1.05596E-6 8.67632E-7 9.41877E-7 1.03545E-6 1.00433E-6 1.1058E-6 3.55564E-6 3.83282E-6 3.91001E-6 3.96283E-6 4.19279E-6 4.21007E-6
2.85686E-9 3.72462E-9 4.99245E-9 1.6174E-8 1.79088E-8 1.82212E-8 6.42405E-9 6.79538E-9 6.8578E-9 7.63688E-9 9.4853E-9 1.15131E-8 1.30728E-8 1.64255E-8 2.03523E-8 2.56849E-8 3.91995E-8 6.05267E-8 8.98302E-8 9.09801E-8 8.43929E-8 7.85039E-8 6.74221E-8 5.37649E-8 4.56208E-8 4.76557E-8 4.21702E-8 5.07989E-8 5.85959E-8 7.77809E-8 1.06666E-7 1.3874E-7 1.8252E-7 2.28652E-7 2.43618E-7 3.23185E-7 3.47644E-7 3.75252E-7 3.02425E-7 7.18273E-8 5.25346E-8 4.53661E-8 5.24222E-8 7.05316E-8 3.08758E-7 4.12033E-7 4.44128E-7 1.65218E-6 2.02367E-6 2.37417E-6 3.28866E-6 3.2358E-6 3.32998E-6 1.16576E-6 2.34684E-6 2.09992E-6 2.25295E-6 2.48629E-6 2.19414E-6 3.04076E-6 2.80857E-6 3.05412E-6 3.41696E-6 3.57192E-6 3.77276E-6 3.71152E-6
4.36579E-9 5.53215E-9 6.70459E-9 7.288E-9 8.0008E-9 8.07751E-9 8.31513E-9 8.9171E-9 9.2646E-9 9.91316E-9 1.1538E-8 1.44622E-8 1.61663E-8 1.97375E-8 2.68142E-8 3.58704E-8 5.22028E-8 6.82964E-8 9.82643E-8 4.23137E-8 1.2997E-7 1.14952E-7 9.82927E-8 8.91209E-8 6.75683E-8 5.63948E-8 4.49911E-8 4.21667E-8 6.83419E-8 9.76806E-8 1.28425E-7 1.71807E-7 1.93616E-7 2.42786E-7 2.51092E-7 3.03239E-7 3.40428E-7 3.12558E-7 2.66153E-7 5.95478E-8 1.19722E-7 8.02493E-8 3.4377E-8 1.59891E-7 2.4591E-7 3.29194E-7 4.31618E-7 1.52121E-6 2.06984E-6 2.69006E-6 2.67724E-6 2.22637E-6 2.85543E-6 1.07769E-6 5.85328E-6 2.20787E-6 2.26855E-6 2.41881E-6 2.88895E-6 2.59883E-6 3.14097E-6 8.82563E-6 9.27738E-6 3.46007E-6 3.53834E-6 3.67975E-6
7.00305E-9 8.673E-9 1.00044E-8 1.03536E-8 1.08152E-8 1.11499E-8 1.09197E-8 1.10792E-8 1.1869E-8 1.3447E-8 1.52263E-8 1.83797E-8 2.20636E-8 2.63303E-8 3.26527E-8 5.4113E-8 6.83908E-8 8.38603E-8 1.06454E-7 1.41018E-7 5.89499E-8 1.50874E-7 1.3878E-7 1.29777E-7 1.02763E-7 7.08293E-8 5.72091E-8 5.24609E-8 7.37959E-8 1.18701E-7 1.42577E-7 1.74151E-7 1.9059E-7 2.54936E-7 3.0905E-7 2.91973E-7 2.78036E-7 2.71033E-7 2.30001E-7 1.53832E-7 1.04874E-7 7.71999E-8 9.89928E-8 1.60255E-7 2.44037E-7 3.04609E-7 1.17478E-6 1.46529E-6 2.00406E-6 2.2863E-6 2.31565E-6 2.04223E-6 2.43965E-6 2.53282E-6 6.15699E-6 2.48684E-6 2.63384E-6 2.94351E-6 7.76953E-6 7.56806E-6 8.28515E-6 8.87102E-6 9.00202E-6 9.44486E-6 9.86469E-6 1.0666E-5
1.15775E-8 1.44207E-8 1.58083E-8 1.53922E-8 1.51287E-8 1.63664E-8 1.53328E-8 1.4662E-8 1.52969E-8 1.70282E-8 1.88399E-8 2.03207E-8 2.38695E-8 2.97793E-8 4.93951E-8 6.37135E-8 8.10168E-8 1.07116E-7 1.23065E-7 1.59919E-7 2.07301E-7 6.9295E-8 1.95483E-7 1.65027E-7 1.19219E-7 1.29553E-7 9.63622E-8 8.45559E-8 9.04756E-8 9.83362E-8 1.25724E-7 1.45112E-7 2.07831E-7 2.97696E-7 2.79461E-7 2.27505E-7 2.24224E-7 1.94848E-7 1.66594E-7 1.40988E-7 1.11639E-7 1.01288E-7 1.26867E-7 1.63142E-7 2.40307E-7 3.01629E-7 1.11944E-6 1.36969E-6 1.92019E-6 1.97903E-6 1.85391E-6 1.84114E-6 2.79292E-6 2.31555E-6 6.16845E-6 2.53103E-6 2.70805E-6 2.7266E-6 7.35711E-6 7.66923E-6 8.33456E-6 8.82426E-6 9.05281E-6 9.4385E-6 9.91831E-6 1.05444E-5
1.88635E-8 2.43011E-8 2.41388E-8 2.37551E-8 2.27788E-8 2.19641E-8 2.10107E-8 2.0001E-8 1.94577E-8 2.09411E-8 2.20839E-8 2.20659E-8 2.57121E-8 3.04691E-8 3.72019E-8 6.28892E-8 8.61441E-8 1.17718E-7 5.26765E-8 6.98242E-8 2.18035E-7 2.37652E-7 2.15136E-7 7.30075E-8 6.61964E-8 5.14074E-8 4.2497E-8 1.00056E-7 3.41879E-8 1.18299E-7 1.26466E-7 1.60573E-7 2.02922E-7 2.51947E-7 2.21154E-7 1.88398E-7 1.54513E-7 1.21614E-7 1.20774E-7 1.19572E-7 1.12263E-7 1.17212E-7 1.39836E-7 1.87477E-7 2.4717E-7 8.45929E-7 9.96405E-7 1.23171E-6 1.68329E-6 1.84488E-6 1.78919E-6 1.88373E-6 9.57231E-7 2.00055E-6 6.19123E-6 6.8505E-6 7.01963E-6 7.72935E-6 7.40023E-6 7.66292E-6 7.96341E-6 8.33515E-6 8.98828E-6 9.7929E-6 9.4317E-6 1.06944E-5
3.14056E-8 3.80831E-8 4.07965E-8 3.87308E-8 3.09949E-8 2.61699E-8 2.50248E-8 2.53074E-8 2.28473E-8 2.33337E-8 2.34778E-8 2.34539E-8 2.59933E-8 3.07158E-8 3.58275E-8 5.98191E-8 8.69709E-8 3.79298E-8 5.25172E-8 6.86495E-8 7.66703E-8 2.43724E-7 7.86886E-8 2.27602E-7 1.96439E-7 1.53063E-7 1.23897E-7 1.11949E-7 1.0327E-7 1.26795E-7 1.33815E-7 1.49504E-7 1.61475E-7 1.61539E-7 1.6314E-7 1.42829E-7 1.13159E-7 8.19763E-8 8.85402E-8 1.02584E-7 1.10829E-7 1.23878E-7 1.51404E-7 5.59599E-7 6.7308E-7 8.26098E-7 9.60323E-7 1.27352E-6 1.40996E-6 1.51144E-6 1.59731E-6 2.10251E-6 2.43118E-6 5.35505E-6 5.84799E-6 6.47431E-6 6.67014E-6 7.13844E-6 7.07476E-6 7.25357E-6 7.3073E-6 7.72532E-6 8.5825E-6 9.40722E-6 9.92056E-6 1.13498E-5
5.41905E-8 6.34655E-8 5.94306E-8 5.36131E-8 4.60868E-8 3.76763E-8 3.3984E-8 3.02926E-8 2.93562E-8 2.69224E-8 2.7079E-8 2.5641E-8 2.76577E-8 2.99036E-8 4.34817E-8 5.18088E-8 6.74503E-8 9.14659E-8 1.34877E-7 1.66811E-7 1.98108E-7 2.11211E-7 2.20997E-7 2.13792E-7 1.85848E-7 1.61527E-7 1.424E-7 1.34551E-7 1.11249E-7 1.05188E-7 1.21999E-7 1.20696E-7 1.24343E-7 1.18409E-7 1.16123E-7 1.06281E-7 8.81611E-8 8.53554E-8 8.65509E-8 9.53734E-8 3.17795E-7 3.54874E-7 4.17937E-7 5.02818E-7 5.82261E-7 6.91039E-7 8.2109E-7 1.10312E-6 1.22689E-6 1.29672E-6 1.42745E-6 1.98548E-6 1.847E-6 4.93402E-6 5.19347E-6 6.33556E-6 7.22165E-6 7.55784E-6 7.44057E-6 7.71952E-6 8.0734E-6 2.41768E-5 1.01564E-5 1.08155E-5 1.06299E-5 2.72339E-5
8.91275E-8 1.0195E-7 8.87593E-8 6.82995E-8 5.50009E-8 4.5196E-8 3.96937E-8 3.50792E-8 3.29741E-8 3.20166E-8 3.07232E-8 2.70976E-8 2.69065E-8 2.63478E-8 3.5907E-8 3.71316E-8 4.96531E-8 7.05712E-8 1.03937E-7 1.4466E-7 1.79073E-7 1.90285E-7 2.04129E-7 1.87107E-7 1.78016E-7 1.5997E-7 1.5662E-7 1.34658E-7 1.35999E-7 1.05894E-7 1.07557E-7 1.12906E-7 1.19577E-7 1.18371E-7 1.05117E-7 1.01413E-7 9.88052E-8 9.77398E-8 9.79178E-8 1.02311E-7 1.04507E-7 3.49583E-7 3.78406E-7 4.382E-7 4.88343E-7 6.19424E-7 7.2781E-7 9.87234E-7 1.07334E-6 1.14174E-6 1.35151E-6 1.82246E-6 1.53152E-6 4.44256E-6 5.49018E-6 6.8577E-6 8.27694E-6 9.17393E-6 9.21115E-6 2.47025E-5 2.60465E-5 1.13666E-5 1.24485E-5 1.18602E-5 3.31411E-5 3.32963E-5
1.10857E-7 1.3035E-7 1.04684E-7 8.22101E-8 6.24804E-8 4.99027E-8 4.52297E-8 4.07672E-8 3.85699E-8 3.54375E-8 3.30324E-8 3.21893E-8 2.96308E-8 2.8303E-8 3.18878E-8 2.94125E-8 4.04342E-8 6.19026E-8 9.06629E-8 1.27184E-7 1.50622E-7 1.74178E-7 1.78329E-7 1.78901E-7 1.69224E-7 1.59688E-7 1.42622E-7 1.3407E-7 1.43469E-7 1.07345E-7 1.14334E-7 1.12704E-7 1.21741E-7 1.14761E-7 1.08427E-7 1.11207E-7 1.25676E-7 1.18107E-7 1.21242E-7 3.34439E-7 3.04014E-7 3.16766E-7 3.41276E-7 3.79143E-7 4.60717E-7 6.54459E-7 6.68821E-7 9.24241E-7 3.09498E-6 1.2407E-6 1.49893E-6 1.6523E-6 1.71912E-6 4.52639E-6 5.47071E-6 8.44658E-6 1.07157E-5 1.02201E-5 1.03936E-5 2.762E-5 2.98279E-5 1.24767E-5 1.3595E-5 3.74268E-5 3.83546E-5 1.42105E-5
3.28891E-7 1.20719E-7 1.04341E-7 8.97405E-8 6.87908E-8 5.53969E-8 4.76855E-8 4.18004E-8 4.10791E-8 4.09437E-8 3.84662E-8 3.65814E-8 3.28277E-8 3.12051E-8 3.75445E-8 3.47883E-8 4.42965E-8 6.33185E-8 9.05694E-8 1.17195E-7 1.36608E-7 1.57053E-7 1.63417E-7 1.7152E-7 1.62255E-7 1.42234E-7 1.38653E-7 1.44647E-7 1.35245E-7 1.37949E-7 1.22308E-7 1.22224E-7 1.25262E-7 1.26412E-7 1.26863E-7 1.27367E-7 3.95933E-7 4.00883E-7 1.42698E-7 3.67438E-7 3.39319E-7 3.61347E-7 3.69915E-7 4.05535E-7 4.76238E-7 6.65918E-7 8.15387E-7 9.73711E-7 1.21444E-6 1.49643E-6 1.3424E-6 1.32447E-6 5.03314E-6 4.77096E-6 5.36758E-6 7.8322E-6 8.96467E-6 2.35915E-5 2.56898E-5 2.80377E-5 2.97303E-5 3.57025E-5 3.74228E-5 4.08102E-5 4.21111E-5 4.46514E-5
3.12852E-7 3.15622E-7 9.27207E-8 8.26417E-8 1.94537E-7 6.28964E-8 1.5177E-7 1.40794E-7 4.68542E-8 4.4251E-8 4.25384E-8 4.27737E-8 4.19526E-8 4.63364E-8 4.50383E-8 4.72321E-8 5.58777E-8 7.04203E-8 9.15866E-8 1.17673E-7 1.31049E-7 1.51803E-7 1.52724E-7 1.61163E-7 1.50017E-7 1.39725E-7 1.38884E-7 1.47853E-7 1.45602E-7 1.2316E-7 1.27804E-7 1.32541E-7 1.33325E-7 1.40859E-7 1.42774E-7 4.35766E-7 4.42343E-7 4.38888E-7 4.45469E-7 3.95336E-7 3.81247E-7 3.95462E-7 4.23466E-7 4.16544E-7 6.22192E-7 6.84274E-7 8.10211E-7 1.16234E-6 1.46144E-6 1.25302E-6 3.12236E-6 3.89929E-6 3.94301E-6 4.30358E-6 1.37574E-5 1.97764E-5 2.18954E-5 2.37941E-5 2.70523E-5 3.17441E-5 3.47287E-5 3.81363E-5 4.06791E-5 4.47044E-5 4.64493E-5 4.63547E-5
3.01705E-7 2.55194E-7 2.48157E-7 8.09621E-8 2.15777E-7 1.88877E-7 1.64997E-7 1.58929E-7 5.1676E-8 4.86471E-8 4.79683E-8 6.4907E-8 6.04485E-8 5.50832E-8 5.63604E-8 5.97887E-8 6.89856E-8 8.35706E-8 9.81957E-8 1.14418E-7 1.30298E-7 1.46478E-7 1.54769E-7 1.5733E-7 1.56263E-7 1.48226E-7 1.44586E-7 1.51533E-7 1.62066E-7 1.37896E-7 1.37459E-7 1.4719E-7 1.5E-7 4.69073E-7 4.98449E-7 4.90143E-7 4.32169E-7 4.87824E-7 4.65928E-7 4.32637E-7 4.23175E-7 4.54789E-7 4.50392E-7 4.68479E-7 5.28268E-7 6.66118E-7 8.95982E-7 1.007E-6 1.09703E-6 3.14659E-6 3.22563E-6 3.23553E-6 4.07897E-6 1.19094E-5 1.53071E-5 2.02174E-5 2.5956E-5 2.96843E-5 3.35518E-5 3.93421E-5 3.96635E-5 3.98113E-5 4.3535E-5 4.69126E-5 4.93273E-5 4.77147E-5
2.76684E-7 2.72377E-7 9.25524E-8 2.25867E-7 2.35431E-7 2.03833E-7 1.83665E-7 1.79162E-7 6.08052E-8 5.7445E-8 6.02318E-8 7.8304E-8 7.11458E-8 6.97145E-8 7.34345E-8 7.63411E-8 8.22965E-8 9.71493E-8 1.14606E-7 1.23997E-7 1.43122E-7 1.53721E-7 1.59725E-7 1.60136E-7 1.66202E-7 1.66038E-7 1.35086E-7 1.36268E-7 1.49977E-7 1.46382E-7 4.56952E-7 4.56117E-7 4.80027E-7 4.86935E-7 5.44378E-7 5.05466E-7 5.46371E-7 5.34493E-7 4.97485E-7 5.09966E-7 4.39102E-7 4.38425E-7 4.42501E-7 4.68913E-7 4.85187E-7 5.92577E-7 6.66359E-7 2.0298E-6 8.70972E-7 2.73176E-6 2.82915E-6 8.81864E-6 4.52407E-6 1.317E-5 1.80588E-5 2.39827E-5 3.06029E-5 3.34081E-5 3.66191E-5 4.05269E-5 4.19219E-5 4.42769E-5 4.71453E-5 4.80641E-5 4.88653E-5 4.88009E-5
2.8985E-7 3.11936E-7 2.78565E-7 2.56078E-7 2.23238E-7 2.09423E-7 2.08399E-7 2.12041E-7 7.40202E-8 7.19359E-8 7.08491E-8 9.21753E-8 8.91094E-8 8.86013E-8 9.37606E-8 9.52831E-8 9.98036E-8 1.1195E-7 1.01333E-7 1.07954E-7 1.2037E-7 1.31886E-7 1.3314E-7 1.37197E-7 1.41788E-7 1.40131E-7 1.3967E-7 1.46764E-7 1.5434E-7 4.74261E-7 4.90705E-7 4.79903E-7 4.62718E-7 5.45549E-7 6.34715E-7 6.33963E-7 6.66465E-7 6.19018E-7 5.78097E-7 5.05856E-7 5.8109E-7 5.47583E-7 4.72566E-7 5.36938E-7 5.92491E-7 7.11292E-7 6.56528E-7 2.4735E-6 2.44815E-6 2.83966E-6 7.6241E-6 1.02025E-5 1.32171E-5 6.61436E-6 2.27741E-5 2.83586E-5 3.06622E-5 3.39913E-5 3.91509E-5 4.07607E-5 4.2146E-5 4.63659E-5 4.64037E-5 4.70817E-5 4.42467E-5 1.20899E-4
4.22896E-7 3.37752E-7 3.1528E-7 3.1013E-7 2.74468E-7 2.78336E-7 9.43512E-8 9.50541E-8 9.44814E-8 9.64607E-8 1.14637E-7 1.1024E-7 1.11093E-7 1.10349E-7 8.76863E-8 9.10233E-8 9.88805E-8 1.04609E-7 1.10213E-7 1.20653E-7 1.31273E-7 1.34305E-7 1.47852E-7 1.47195E-7 1.48175E-7 1.46023E-7 1.53147E-7 1.60544E-7 1.68965E-7 4.94195E-7 5.0884E-7 5.03598E-7 5.7198E-7 7.13708E-7 7.38293E-7 7.64693E-7 7.43236E-7 6.84616E-7 6.69507E-7 5.77756E-7 1.86615E-6 2.10187E-6 6.03129E-7 5.53753E-7 6.29228E-7 7.80534E-7 2.19485E-6 2.53978E-6 2.9472E-6 3.16592E-6 3.66549E-6 4.53216E-6 1.53956E-5 2.08576E-5 2.72105E-5 3.30407E-5 3.55844E-5 3.63892E-5 4.12097E-5 4.38833E-5 4.55407E-5 4.76149E-5 4.9006E-5 4.7848E-5 4.75777E-5 4.89945E-5
4.40048E-7 5.71431E-7 4.69796E-7 3.58442E-7 3.63467E-7 3.95894E-7 3.67959E-7 3.59605E-7 4.92866E-7 1.63492E-7 4.65414E-7 1.54714E-7 1.15826E-7 1.09974E-7 1.05503E-7 1.01441E-7 1.0457E-7 1.16004E-7 1.227E-7 1.21485E-7 1.34418E-7 1.44495E-7 1.46313E-7 1.45936E-7 1.51516E-7 1.55502E-7 1.67296E-7 1.78592E-7 5.25856E-7 5.54771E-7 5.831E-7 6.40748E-7 7.52632E-7 8.24036E-7 7.76924E-7 8.53786E-7 8.42084E-7 7.86711E-7 8.01493E-7 7.51378E-7 2.1382E-6 2.32923E-6 7.59298E-7 7.32952E-7 2.30168E-6 8.84159E-7 2.7745E-6 3.03532E-6 3.48247E-6 4.05541E-6 4.69402E-6 5.71132E-6 1.85213E-5 2.20872E-5 2.91597E-5 3.53804E-5 3.92183E-5 4.08184E-5 4.17379E-5 4.41446E-5 4.71478E-5 4.81414E-5 4.97294E-5 5.00724E-5 4.80955E-5 4.83173E-5
4.92303E-7 5.49565E-7 5.66296E-7 5.82709E-7 5.24636E-7 5.96523E-7 5.15457E-7 6.32332E-7 6.33612E-7 6.15803E-7 5.17182E-7 4.84301E-7 1.55481E-7 1.47019E-7 1.35105E-7 1.30639E-7 1.31183E-7 1.32481E-7 1.29002E-7 1.41029E-7 1.5325E-7 1.54271E-7 1.63322E-7 1.70541E-7 1.79381E-7 6.0602E-7 6.59168E-7 6.72597E-7 6.73405E-7 7.43602E-7 7.25325E-7 8.66663E-7 8.78065E-7 8.7792E-7 8.91435E-7 9.56534E-7 9.58972E-7 9.43518E-7 9.70047E-7 9.08607E-7 3.01645E-6 9.35025E-7 8.96203E-7 2.56948E-6 2.74402E-6 2.97327E-6 3.00471E-6 3.38265E-6 3.18519E-6 3.39269E-6 1.30469E-5 1.69056E-5 2.11121E-5 2.47981E-5 3.04341E-5 3.60175E-5 4.15919E-5 4.33779E-5 4.29718E-5 4.73338E-5 4.86306E-5 4.95786E-5 4.78455E-5 4.84741E-5 1.22911E-4 1.23448E-4
8.08119E-7 7.01763E-7 6.03481E-7 7.81568E-7 7.07863E-7 7.37171E-7 7.10196E-7 7.14781E-7 7.43645E-7 7.02426E-7 6.72178E-7 6.7962E-7 6.31929E-7 5.78646E-7 1.73343E-7 1.63082E-7 1.58516E-7 1.53988E-7 1.56463E-7 1.74048E-7 1.69286E-7 1.83605E-7 1.92719E-7 6.44738E-7 7.03274E-7 7.89503E-7 8.30599E-7 8.54979E-7 8.55919E-7 8.56187E-7 9.38376E-7 1.08709E-6 1.00112E-6 9.9279E-7 1.09803E-6 1.14137E-6 1.13758E-6 3.06183E-6 3.06619E-6 3.11101E-6 3.27827E-6 1.19883E-6 1.07342E-6 3.0237E-6 3.17083E-6 3.59988E-6 3.88244E-6 4.00373E-6 3.72928E-6 3.17362E-6 1.40249E-5 1.68311E-5 2.23626E-5 2.73199E-5 3.16438E-5 3.60173E-5 4.17385E-5 3.73943E-5 4.65282E-5 4.69564E-5 4.9319E-5 4.92195E-5 4.73537E-5 1.18517E-4 1.22327E-4 1.1876E-4
6.60073E-7 7.13414E-7 7.54259E-7 8.20151E-7 8.6147E-7 8.45486E-7 8.41666E-7 9.44048E-7 9.77563E-7 9.34862E-7 9.50443E-7 9.37646E-7 8.96977E-7 7.61908E-7 2.18554E-7 1.9357E-7 1.92405E-7 1.91363E-7 1.98398E-7 2.07623E-7 2.23626E-7 2.39016E-7 7.50229E-7 8.12994E-7 9.0751E-7 9.25184E-7 1.04995E-6 1.0468E-6 1.08838E-6 1.04752E-6 1.1455E-6 1.20575E-6 1.13258E-6 1.15608E-6 3.38953E-6 3.76697E-6 1.36064E-6 3.61006E-6 3.66931E-6 3.95038E-6 1.37784E-6 1.40101E-6 3.78904E-6 3.9083E-6 3.80342E-6 3.71287E-6 4.34262E-6 4.16915E-6 4.0527E-6 4.31236E-6 1.43393E-5 2.30206E-5 2.56282E-5 3.49204E-5 3.99412E-5 4.62289E-5 4.35439E-5 4.56672E-5 4.69902E-5 5.3771E-5 4.62148E-5 4.84073E-5 1.01031E-4 1.23363E-4 1.20332E-4 1.22746E-4
1.04232E-6 1.15884E-6 1.13474E-6 1.21621E-6 1.31329E-6 1.2622E-6 1.28649E-6 1.15741E-6 1.24265E-6 1.28074E-6 1.32337E-6 1.33996E-6 1.26213E-6 9.95337E-7 2.67537E-7 2.34974E-7 2.07611E-7 2.05448E-7 2.23724E-7 7.5829E-7 8.5201E-7 8.94499E-7 9.70893E-7 1.05797E-6 1.12586E-6 1.19381E-6 1.34989E-6 1.34548E-6 1.37916E-6 1.32317E-6 1.33877E-6 1.41522E-6 1.44352E-6 4.11488E-6 4.01665E-6 4.37833E-6 4.51379E-6 4.56827E-6 1.71167E-6 1.75859E-6 4.6671E-6 4.94511E-6 4.80381E-6 4.9974E-6 5.19844E-6 4.86124E-6 5.18374E-6 5.00427E-6 6.70757E-6 7.61657E-6 2.18265E-5 2.47711E-5 2.88867E-5 3.15869E-5 3.5943E-5 4.10248E-5 4.48658E-5 4.80099E-5 4.95026E-5 4.78649E-5 4.52773E-5 1.37576E-4 1.14863E-4 9.78118E-5 9.5046E-5 9.33347E-5
1.42067E-6 1.42198E-6 1.40441E-6 1.48325E-6 1.58036E-6 1.57291E-6 1.63022E-6 1.41275E-6 1.53453E-6 1.63011E-6 1.72816E-6 1.78466E-6 1.71292E-6 1.46852E-6 3.55327E-7 2.74094E-7 2.48433E-7 7.27406E-7 7.97554E-7 8.83265E-7 1.01774E-6 1.12478E-6 1.27561E-6 1.4022E-6 1.36314E-6 1.4534E-6 1.61753E-6 1.6123E-6 1.6567E-6 1.7292E-6 4.73307E-6 4.8747E-6 4.96981E-6 4.96353E-6 4.73775E-6 5.21266E-6 5.23523E-6 5.62977E-6 1.96696E-6 5.68298E-6 5.85039E-6 6.15696E-6 6.06416E-6 5.89437E-6 6.1278E-6 6.34655E-6 8.06745E-6 8.16385E-6 9.15102E-6 9.78421E-6 2.57255E-5 2.77923E-5 3.20477E-5 3.54906E-5 4.01488E-5 4.25311E-5 4.50722E-5 4.70549E-5 5.1044E-5 4.92305E-5 4.87775E-5 1.10182E-4 1.35512E-4 9.41664E-5 8.62763E-5 9.05572E-5
4.83416E-6 4.91441E-6 5.35534E-6 2.00306E-6 5.41394E-6 5.77399E-6 2.07349E-6 1.75469E-6 1.87861E-6 1.9766E-6 2.09195E-6 2.30538E-6 2.52183E-6 1.87872E-6 1.21988E-6 9.16882E-7 8.64528E-7 8.57987E-7 9.42485E-7 1.04467E-6 1.20122E-6 1.37737E-6 1.65806E-6 1.76482E-6 1.70866E-6 1.79713E-6 1.9046E-6 2.11498E-6 5.68457E-6 2.18906E-6 5.71963E-6 6.19657E-6 6.29775E-6 5.90306E-6 6.00676E-6 6.22649E-6 6.19657E-6 6.83436E-6 6.73473E-6 7.03473E-6 6.84583E-6 6.70745E-6 7.16885E-6 7.3643E-6 9.54845E-6 1.02447E-5 9.2253E-6 2.43287E-5 2.81419E-5 2.79106E-5 2.78451E-5 3.14438E-5 3.41956E-5 3.87967E-5 4.19702E-5 4.43927E-5 4.64363E-5 4.71602E-5 4.86144E-5 5.00117E-5 4.99677E-5 1.21706E-4 1.13494E-4 1.11807E-4 1.10294E-4 9.09725E-5
