Leopardus geoffroyi/Leopardus_geoffroyi_projection 2041-2060.asc
ncols         515
nrows         545
xllcorner     -119.0
yllcorner     -58.333333333333
cellsize      0.166666666667
NODATA_value  -9999
[rows 406 to 434 of 545, columns 264 to 329 of 515]
-9999 -9999 -9999 -9999 -9999 -9999 -9999 -9999 -9999 -9999 -9999 -9999 -9999 -9999 -9999 -9999 5.33634E-2 5.66446E-2 5.42095E-2 4.1459E-2 3.03392E-2 2.33988E-2 2.59515E-2 3.98698E-2 6.12014E-2 8.37605E-2 8.08485E-2 6.9642E-2 6.29036E-2 6.35945E-2 6.2475E-2 5.18464E-2 3.81912E-2 5.10365E-2 4.23551E-2 5.11331E-2 7.52671E-2 8.92172E-2 1.28379E-1 2.33566E-1 2.62162E-1 1.4922E-1 1.25751E-1 1.22428E-1 1.46155E-1 1.25631E-1 9.43383E-2 7.85497E-2 6.26246E-2 5.9266E-2 6.29817E-2 7.05966E-2 6.65014E-2 6.53613E-2 6.26328E-2 9.6002E-2 1.3032E-1 1.72352E-1 1.75872E-1 1.79167E-1 1.80799E-1 1.80195E-1 1.72615E-1 1.71652E-1 1.66524E-1 1.68318E-1
-9999 -9999 -9999 -9999 -9999 -9999 -9999 -9999 -9999 -9999 -9999 -9999 -9999 -9999 -9999 4.78002E-2 5.16494E-2 5.44131E-2 5.0361E-2 3.63937E-2 2.86801E-2 2.62053E-2 2.93555E-2 5.12931E-2 6.67136E-2 8.92677E-2 7.72222E-2 6.74767E-2 6.72003E-2 6.07702E-2 6.55891E-2 5.01669E-2 4.38853E-2 4.8454E-2 4.89531E-2 7.5084E-2 8.51693E-2 8.67784E-2 1.14656E-1 2.44831E-1 2.79592E-1 1.7484E-1 1.20364E-1 1.12129E-1 1.09669E-1 1.01545E-1 8.72437E-2 7.17378E-2 6.37605E-2 5.55685E-2 5.97344E-2 6.52791E-2 6.63474E-2 6.61412E-2 8.12136E-2 9.86199E-2 1.59438E-1 1.69546E-1 1.73762E-1 1.72143E-1 1.76023E-1 1.72098E-1 1.68682E-1 1.69108E-1 1.67705E-1 1.73386E-1
-9999 -9999 -9999 -9999 -9999 -9999 -9999 -9999 -9999 -9999 -9999 -9999 -9999 -9999 -9999 4.78031E-2 5.3594E-2 5.83356E-2 5.504E-2 4.08671E-2 3.26489E-2 3.18041E-2 3.67618E-2 6.72513E-2 7.11969E-2 8.54172E-2 7.58979E-2 6.92036E-2 6.5829E-2 6.4463E-2 6.77797E-2 4.92317E-2 4.55391E-2 3.86968E-2 6.05761E-2 8.36688E-2 6.50004E-2 8.545E-2 1.17989E-1 1.57206E-1 2.43992E-1 2.22583E-1 1.14394E-1 9.34177E-2 8.88473E-2 9.421E-2 7.92735E-2 6.17795E-2 5.42065E-2 5.16222E-2 6.10446E-2 5.94475E-2 6.59504E-2 6.79584E-2 8.11706E-2 1.1781E-1 1.54528E-1 1.5706E-1 1.66349E-1 1.75329E-1 1.78821E-1 1.71041E-1 1.69405E-1 1.69801E-1 1.66593E-1 1.66904E-1
-9999 -9999 -9999 -9999 -9999 -9999 -9999 -9999 -9999 -9999 -9999 -9999 -9999 -9999 -9999 4.78376E-2 5.72767E-2 5.39358E-2 4.95896E-2 3.78946E-2 3.35673E-2 3.47451E-2 5.34108E-2 5.07104E-2 6.26357E-2 7.76404E-2 7.63599E-2 6.76984E-2 6.7046E-2 5.49209E-2 6.79663E-2 5.34657E-2 5.15166E-2 3.99021E-2 4.51232E-2 6.94885E-2 8.06053E-2 8.63707E-2 9.90537E-2 1.47817E-1 1.43946E-1 1.2891E-1 9.49776E-2 7.77859E-2 7.18818E-2 7.44677E-2 7.16335E-2 6.23326E-2 5.32787E-2 5.13726E-2 5.5318E-2 6.21869E-2 6.19712E-2 7.53771E-2 9.09642E-2 1.28031E-1 1.63461E-1 1.61142E-1 1.67992E-1 1.74632E-1 1.76112E-1 1.74584E-1 1.78864E-1 1.73461E-1 1.69719E-1 1.7519E-1
-9999 -9999 -9999 -9999 -9999 -9999 -9999 -9999 -9999 -9999 -9999 -9999 -9999 -9999 4.55332E-2 5.35271E-2 5.79632E-2 4.92818E-2 4.11355E-2 3.37789E-2 3.12175E-2 3.39124E-2 5.81534E-2 6.41393E-2 7.66401E-2 9.05762E-2 7.61922E-2 6.98368E-2 6.58758E-2 6.05188E-2 5.72429E-2 4.48433E-2 5.37037E-2 5.53501E-2 4.47821E-2 3.50219E-2 5.16464E-2 5.94209E-2 8.3797E-2 1.05863E-1 9.63626E-2 8.9713E-2 8.4445E-2 6.98368E-2 6.43504E-2 5.4893E-2 6.2687E-2 5.03719E-2 4.63625E-2 4.20212E-2 4.99948E-2 5.56824E-2 6.04055E-2 6.58493E-2 9.7394E-2 1.27812E-1 1.57903E-1 1.63849E-1 1.68629E-1 1.76544E-1 1.82038E-1 1.83077E-1 1.74757E-1 1.72322E-1 1.76271E-1 1.81165E-1
-9999 -9999 -9999 -9999 -9999 -9999 -9999 -9999 -9999 -9999 -9999 -9999 -9999 -9999 4.51131E-2 5.74574E-2 5.71016E-2 5.13076E-2 4.51515E-2 3.46948E-2 2.91398E-2 3.87645E-2 5.88761E-2 8.7378E-2 7.64328E-2 8.71621E-2 7.67414E-2 7.14267E-2 6.37091E-2 6.27832E-2 6.48322E-2 3.80688E-2 3.93499E-2 5.30294E-2 2.94608E-2 2.10393E-2 3.67475E-2 6.41088E-2 1.16421E-1 1.19733E-1 7.56171E-2 6.54251E-2 6.27811E-2 5.06939E-2 4.18817E-2 4.19961E-2 4.40771E-2 5.08744E-2 3.8715E-2 4.56267E-2 4.87005E-2 5.26722E-2 6.10887E-2 7.43432E-2 1.05814E-1 1.31063E-1 1.65006E-1 1.701E-1 1.76564E-1 1.72807E-1 1.75582E-1 1.83065E-1 1.76892E-1 1.76065E-1 1.79823E-1 1.87679E-1
-9999 -9999 -9999 -9999 -9999 -9999 -9999 -9999 -9999 -9999 -9999 -9999 -9999 4.09575E-2 4.57211E-2 5.70275E-2 5.94571E-2 5.18038E-2 4.27004E-2 3.54479E-2 3.31447E-2 4.66462E-2 6.8745E-2 8.72811E-2 6.9879E-2 8.7859E-2 7.70193E-2 7.25691E-2 6.46908E-2 6.54621E-2 4.92565E-2 2.47497E-2 2.178E-2 3.1614E-2 2.5299E-2 2.78466E-2 3.92387E-2 5.49587E-2 5.25093E-2 8.53527E-2 6.44874E-2 4.98277E-2 4.7016E-2 4.5622E-2 4.15199E-2 4.13071E-2 3.86488E-2 4.00399E-2 4.7646E-2 4.5099E-2 4.90308E-2 5.26965E-2 6.62546E-2 8.85955E-2 1.20304E-1 1.45554E-1 1.61059E-1 1.5419E-1 1.62858E-1 1.69812E-1 1.75911E-1 1.79125E-1 1.79324E-1 1.78808E-1 1.86349E-1 1.90431E-1
-9999 -9999 -9999 -9999 -9999 -9999 -9999 -9999 -9999 -9999 -9999 -9999 -9999 3.98331E-2 4.88783E-2 6.24338E-2 6.07064E-2 4.87451E-2 4.30113E-2 4.17627E-2 4.55873E-2 6.24458E-2 6.96585E-2 8.13593E-2 8.71481E-2 9.072E-2 7.97649E-2 7.00968E-2 5.32812E-2 6.85183E-2 6.1404E-2 4.43881E-2 2.83418E-2 4.25284E-2 4.95959E-2 6.52362E-2 6.82755E-2 4.90114E-2 4.78493E-2 5.01692E-2 4.61393E-2 4.76199E-2 4.4483E-2 4.74094E-2 4.72938E-2 4.17372E-2 4.40501E-2 4.53952E-2 4.88215E-2 4.86909E-2 4.65404E-2 5.79754E-2 6.26185E-2 8.61669E-2 1.32174E-1 1.54202E-1 1.59717E-1 1.51396E-1 1.60643E-1 1.71017E-1 1.76884E-1 1.87496E-1 1.94398E-1 1.92268E-1 1.93095E-1 1.90705E-1
-9999 -9999 -9999 -9999 -9999 -9999 -9999 -9999 -9999 -9999 -9999 -9999 3.1105E-2 4.05934E-2 4.88704E-2 6.28103E-2 6.11411E-2 5.28213E-2 4.83903E-2 4.99175E-2 5.92707E-2 6.5371E-2 7.02475E-2 7.29572E-2 9.20902E-2 8.86826E-2 8.27212E-2 6.91467E-2 6.60488E-2 4.90609E-2 4.92872E-2 2.92874E-2 3.43797E-2 3.9909E-2 4.53896E-2 3.69073E-2 3.37572E-2 3.12117E-2 3.91997E-2 4.6453E-2 4.3429E-2 4.6917E-2 4.99015E-2 5.36373E-2 5.76817E-2 4.80697E-2 4.52891E-2 6.03146E-2 5.76128E-2 4.79644E-2 5.29836E-2 6.56911E-2 7.95311E-2 9.12892E-2 1.18149E-1 1.3069E-1 1.56604E-1 1.58399E-1 1.63555E-1 1.79548E-1 1.81109E-1 1.8324E-1 1.90875E-1 1.91481E-1 1.95951E-1 1.95064E-1
-9999 -9999 -9999 -9999 -9999 -9999 -9999 -9999 -9999 -9999 -9999 -9999 3.99538E-2 4.79911E-2 5.7013E-2 7.01846E-2 7.04266E-2 6.60195E-2 5.46514E-2 6.22842E-2 7.10865E-2 7.73221E-2 6.61034E-2 8.61791E-2 9.43638E-2 6.57912E-2 8.03002E-2 7.19799E-2 6.79229E-2 4.43107E-2 2.07826E-2 1.83778E-2 2.89305E-2 3.34859E-2 4.05389E-2 2.95309E-2 2.83286E-2 2.53406E-2 2.87272E-2 3.24619E-2 3.73575E-2 4.54163E-2 4.94165E-2 6.03827E-2 6.05356E-2 5.00869E-2 4.60764E-2 6.15388E-2 8.24885E-2 5.60562E-2 5.98583E-2 7.13136E-2 7.16253E-2 7.9418E-2 9.99011E-2 1.32144E-1 1.66855E-1 1.64502E-1 1.6536E-1 1.67208E-1 1.76706E-1 1.85469E-1 1.87455E-1 1.91148E-1 1.84167E-1 1.86375E-1
-9999 -9999 -9999 -9999 -9999 -9999 -9999 -9999 -9999 -9999 -9999 3.83455E-2 4.37155E-2 5.22607E-2 6.64402E-2 7.73264E-2 7.73355E-2 6.9076E-2 5.68357E-2 7.00784E-2 7.87865E-2 8.89223E-2 8.54052E-2 9.29083E-2 7.86141E-2 6.4671E-2 8.03341E-2 6.68179E-2 7.15003E-2 5.81553E-2 2.45132E-2 2.19427E-2 2.77741E-2 2.5817E-2 3.86395E-2 3.01927E-2 3.42137E-2 2.74544E-2 3.16642E-2 3.98245E-2 3.99911E-2 4.89891E-2 5.35895E-2 6.91717E-2 6.77003E-2 5.68418E-2 5.28813E-2 5.80023E-2 1.0273E-1 6.36518E-2 6.04203E-2 6.61312E-2 7.36886E-2 7.52491E-2 9.34008E-2 1.21838E-1 1.67029E-1 1.72533E-1 1.74919E-1 1.75883E-1 1.8568E-1 1.84227E-1 1.89516E-1 1.84559E-1 1.86377E-1 1.94449E-1
-9999 -9999 -9999 -9999 -9999 -9999 -9999 -9999 -9999 -9999 -9999 4.13094E-2 4.53464E-2 5.6358E-2 7.15553E-2 7.59866E-2 7.7768E-2 7.08807E-2 6.55868E-2 8.45178E-2 8.91238E-2 8.67563E-2 8.83683E-2 9.34814E-2 9.80166E-2 6.31794E-2 7.82842E-2 4.31037E-2 4.92957E-2 6.6337E-2 3.26921E-2 1.47263E-2 1.43177E-2 1.69231E-2 3.19066E-2 5.61239E-2 8.61403E-2 7.65006E-2 5.79092E-2 5.57448E-2 5.29257E-2 6.00588E-2 7.8233E-2 8.22792E-2 7.40688E-2 7.14659E-2 6.83681E-2 7.2823E-2 7.653E-2 8.0817E-2 6.35528E-2 6.85594E-2 8.4037E-2 8.51348E-2 1.01352E-1 1.34226E-1 1.47514E-1 1.73227E-1 1.82936E-1 1.86509E-1 1.89333E-1 1.90633E-1 1.87243E-1 1.82587E-1 1.78856E-1 1.81217E-1
-9999 -9999 -9999 -9999 -9999 -9999 -9999 -9999 -9999 -9999 -9999 4.63205E-2 4.9373E-2 5.69207E-2 6.35738E-2 6.99601E-2 7.98146E-2 8.05781E-2 8.30697E-2 1.03374E-1 9.72204E-2 1.00329E-1 9.07817E-2 9.62393E-2 9.20062E-2 4.57559E-2 6.89565E-2 1.98919E-2 1.65138E-2 5.74496E-2 3.596E-2 1.31283E-2 1.00748E-2 2.3777E-2 3.90412E-2 3.95999E-2 6.17088E-2 8.63293E-2 7.68336E-2 7.12749E-2 7.46458E-2 8.43756E-2 9.70238E-2 1.12314E-1 1.27423E-1 1.06851E-1 8.94344E-2 8.38449E-2 8.19336E-2 9.55719E-2 7.58277E-2 8.91025E-2 8.78801E-2 9.34913E-2 1.39006E-1 1.64169E-1 1.77039E-1 1.83658E-1 1.88338E-1 1.84667E-1 1.95711E-1 1.95224E-1 1.92173E-1 1.92978E-1 1.95041E-1 1.905E-1
-9999 -9999 -9999 -9999 -9999 -9999 -9999 -9999 -9999 5.99305E-2 6.63447E-2 5.49476E-2 5.70641E-2 5.77654E-2 5.92993E-2 7.50801E-2 9.15233E-2 1.1984E-1 1.12461E-1 8.03267E-2 8.43639E-2 1.06486E-1 8.58884E-2 9.48428E-2 9.18132E-2 5.52614E-2 3.89905E-2 2.33845E-2 8.68691E-3 1.56902E-2 1.74744E-2 2.09673E-2 1.67151E-2 2.42845E-2 3.29024E-2 5.45E-2 8.19882E-2 1.06063E-1 1.11638E-1 1.13914E-1 9.96223E-2 1.11948E-1 1.22797E-1 1.3384E-1 1.74614E-1 1.34E-1 1.02359E-1 2.4422E-1 1.6097E-1 7.84705E-2 8.47533E-2 1.05328E-1 1.11846E-1 1.08648E-1 1.42743E-1 1.52552E-1 1.66324E-1 1.80406E-1 1.92229E-1 1.96879E-1 2.00184E-1 2.01531E-1 1.99612E-1 2.04851E-1 1.97767E-1 1.94018E-1
-9999 -9999 -9999 -9999 -9999 -9999 -9999 -9999 -9999 5.08744E-2 5.22276E-2 5.89969E-2 6.76606E-2 6.73548E-2 6.22105E-2 7.42867E-2 1.04023E-1 1.40558E-1 1.09601E-1 6.11689E-2 6.20433E-2 1.09941E-1 1.00773E-1 9.56312E-2 8.58105E-2 7.89785E-2 6.0654E-2 5.06883E-2 1.89924E-2 1.55681E-2 1.58107E-2 2.68653E-2 2.77065E-2 2.70894E-2 5.75461E-2 7.54218E-2 9.03471E-2 1.14069E-1 1.10757E-1 1.28606E-1 1.3679E-1 1.49472E-1 1.64044E-1 1.58043E-1 2.90004E-1 1.66849E-1 1.26216E-1 1.34215E-1 1.16383E-1 8.06489E-2 8.56553E-2 8.33173E-2 1.11533E-1 1.12749E-1 1.20131E-1 1.39912E-1 1.56848E-1 1.74016E-1 1.957E-1 1.9892E-1 2.05816E-1 2.04823E-1 2.04194E-1 1.979E-1 2.02756E-1 2.01055E-1
-9999 -9999 -9999 -9999 -9999 -9999 -9999 -9999 -9999 5.6645E-2 5.89989E-2 6.39022E-2 7.61844E-2 7.93805E-2 7.54362E-2 9.08113E-2 1.18458E-1 9.74906E-2 6.72815E-2 4.33376E-2 4.24085E-2 4.96477E-2 9.91816E-2 1.05756E-1 1.00443E-1 8.76138E-2 5.32487E-2 5.20722E-2 1.88253E-2 1.17368E-2 1.98836E-2 3.00119E-2 4.39199E-2 4.64005E-2 7.87389E-2 1.21491E-1 1.17488E-1 1.62483E-1 1.73649E-1 1.52658E-1 1.48359E-1 1.44758E-1 1.68777E-1 2.04384E-1 1.85458E-1 1.44419E-1 1.33208E-1 1.06357E-1 9.67943E-2 9.14819E-2 9.85357E-2 9.16546E-2 1.0002E-1 1.55433E-1 1.36128E-1 1.46839E-1 1.63742E-1 1.86446E-1 1.95551E-1 2.04149E-1 2.12824E-1 2.11036E-1 2.0418E-1 2.00771E-1 1.98691E-1 1.97782E-1
-9999 -9999 -9999 -9999 -9999 -9999 -9999 -9999 -9999 6.06585E-2 7.1691E-2 1.02583E-1 1.21581E-1 1.22165E-1 1.21003E-1 1.27162E-1 8.57676E-2 5.81806E-2 3.13295E-2 2.1474E-2 2.27777E-2 7.61622E-2 1.1469E-1 1.28332E-1 1.02827E-1 8.28729E-2 3.87423E-2 4.8922E-2 2.6947E-2 2.23101E-2 1.77661E-2 3.63309E-2 6.0618E-2 8.35331E-2 9.88839E-2 1.32661E-1 1.7658E-1 1.98139E-1 2.26892E-1 2.01172E-1 1.67872E-1 1.78314E-1 1.8714E-1 2.10616E-1 1.95059E-1 1.85074E-1 1.57062E-1 1.22436E-1 1.17146E-1 1.00511E-1 9.33342E-2 9.37643E-2 9.93077E-2 1.19958E-1 1.91276E-1 1.82963E-1 1.95597E-1 1.95032E-1 1.92709E-1 2.08586E-1 2.15486E-1 2.14653E-1 2.13748E-1 2.08683E-1 2.04006E-1 1.93263E-1
-9999 -9999 -9999 -9999 -9999 -9999 -9999 -9999 -9999 -9999 9.00393E-2 1.22402E-1 1.64645E-1 1.6542E-1 1.51432E-1 8.69895E-2 6.06065E-2 3.87868E-2 1.58511E-2 1.26765E-2 2.57921E-2 2.0164E-2 6.33217E-2 1.45964E-1 1.19409E-1 9.99492E-2 4.47867E-2 4.32403E-2 2.66078E-2 1.67381E-2 2.1755E-2 4.29035E-2 7.06382E-2 9.77377E-2 1.1767E-1 1.11766E-1 9.40955E-2 2.06911E-1 2.48385E-1 2.35816E-1 2.05457E-1 2.05155E-1 1.89647E-1 2.19696E-1 1.99802E-1 1.81282E-1 2.27173E-1 1.79965E-1 1.31682E-1 1.20524E-1 1.01017E-1 1.12628E-1 1.1784E-1 1.36381E-1 1.9143E-1 1.92703E-1 1.9043E-1 1.79965E-1 1.8046E-1 2.03845E-1 2.15943E-1 2.17925E-1 2.17711E-1 2.09334E-1 2.00631E-1 1.96017E-1
-9999 -9999 -9999 -9999 -9999 -9999 -9999 -9999 -9999 -9999 1.21081E-1 1.34145E-1 1.70993E-1 1.86889E-1 1.3678E-1 8.69661E-2 7.54413E-2 3.73614E-2 1.42442E-2 2.27836E-2 2.68438E-2 3.64625E-2 5.38412E-2 1.62175E-1 1.40792E-1 1.05012E-1 4.97458E-2 4.64377E-2 3.08059E-2 2.33016E-2 2.60745E-2 4.74942E-2 8.3339E-2 1.12738E-1 1.39518E-1 1.38245E-1 1.87866E-1 2.26176E-1 2.35824E-1 2.33697E-1 2.36155E-1 2.29195E-1 2.41524E-1 2.2537E-1 2.64303E-1 2.4021E-1 2.44773E-1 2.01308E-1 1.51016E-1 1.29419E-1 1.34093E-1 1.36755E-1 1.48562E-1 2.32438E-1 1.66591E-1 1.48716E-1 1.66567E-1 1.92722E-1 2.08224E-1 2.14915E-1 2.23032E-1 2.27304E-1 2.2723E-1 2.15455E-1 2.17928E-1 2.18402E-1
-9999 -9999 -9999 -9999 -9999 -9999 -9999 -9999 -9999 6.95236E-2 9.30018E-2 1.49112E-1 1.99565E-1 2.29754E-1 1.67445E-1 1.21606E-1 1.04811E-1 6.18919E-2 2.51583E-2 1.5265E-2 3.51938E-2 4.55385E-2 3.55739E-2 1.54973E-1 1.52214E-1 1.02546E-1 2.96668E-2 2.69682E-2 2.83013E-2 2.63174E-2 2.7754E-2 4.81507E-2 8.37326E-2 1.18253E-1 1.34575E-1 1.72872E-1 2.26241E-1 2.59116E-1 2.52204E-1 2.51482E-1 2.68758E-1 2.74254E-1 2.6116E-1 2.3603E-1 2.04753E-1 1.51326E-1 1.23323E-1 1.43836E-1 1.65671E-1 1.93224E-1 1.76392E-1 1.37227E-1 1.39685E-1 1.44719E-1 1.88589E-1 1.79134E-1 1.85197E-1 2.20589E-1 2.24597E-1 2.37038E-1 2.39371E-1 2.43554E-1 2.35388E-1 2.34941E-1 2.37409E-1 2.34527E-1
-9999 -9999 -9999 -9999 -9999 -9999 -9999 -9999 -9999 6.63262E-2 1.06905E-1 1.44378E-1 2.95296E-1 3.15753E-1 1.26731E-1 1.12235E-1 7.30959E-2 4.29131E-2 1.86267E-2 1.84708E-2 3.72148E-2 5.16367E-2 8.68649E-2 1.59719E-1 1.60688E-1 1.0885E-1 4.37283E-2 2.26417E-2 2.77488E-2 3.07771E-2 3.44396E-2 4.5297E-2 7.48632E-2 1.12868E-1 1.48673E-1 1.94644E-1 2.55328E-1 3.20489E-1 3.42974E-1 3.31204E-1 3.45274E-1 3.29077E-1 3.10523E-1 2.31313E-1 1.83525E-1 1.48181E-1 1.18977E-1 1.16122E-1 1.29791E-1 1.77082E-1 2.2458E-1 1.8134E-1 1.6218E-1 1.52226E-1 1.95028E-1 2.15445E-1 2.38121E-1 2.36649E-1 2.56128E-1 2.55003E-1 2.43424E-1 2.5383E-1 2.51041E-1 2.45649E-1 2.55224E-1 2.58981E-1
-9999 -9999 -9999 -9999 -9999 -9999 -9999 -9999 -9999 -9999 2.24178E-1 3.60163E-1 3.40933E-1 2.61075E-1 1.50259E-1 6.45172E-2 3.63118E-2 2.50347E-2 1.97445E-2 3.61154E-2 4.0905E-2 9.62367E-2 1.25979E-1 1.6201E-1 1.49456E-1 1.27907E-1 7.57105E-2 3.87403E-2 3.22256E-2 2.92032E-2 3.65062E-2 5.30083E-2 7.05413E-2 1.06289E-1 1.33842E-1 1.76466E-1 2.1716E-1 2.29439E-1 2.74635E-1 3.38343E-1 3.16025E-1 3.48341E-1 3.79012E-1 2.26808E-1 1.62865E-1 1.30232E-1 1.06054E-1 1.05818E-1 1.13497E-1 1.49864E-1 2.15928E-1 2.53829E-1 2.61665E-1 2.82856E-1 2.76172E-1 2.80262E-1 2.86859E-1 2.82295E-1 2.79972E-1 2.73364E-1 2.6807E-1 2.65596E-1 2.58762E-1 2.53841E-1 2.65799E-1 2.71487E-1
-9999 -9999 -9999 -9999 -9999 -9999 -9999 -9999 -9999 -9999 1.21062E-1 1.42437E-1 1.66811E-1 1.42026E-1 8.4059E-2 2.84903E-2 1.75734E-2 1.64422E-2 2.01108E-2 2.9058E-2 4.98822E-2 1.25292E-1 2.16849E-1 1.8326E-1 1.31998E-1 1.12428E-1 8.48409E-2 4.49287E-2 3.65188E-2 3.41497E-2 4.3184E-2 5.06067E-2 7.18729E-2 9.67448E-2 1.09373E-1 1.66086E-1 2.06147E-1 2.21323E-1 2.5526E-1 3.63719E-1 3.03E-1 3.11189E-1 3.72576E-1 2.13453E-1 1.42436E-1 1.12832E-1 8.08453E-2 9.01176E-2 1.35741E-1 2.00284E-1 2.2705E-1 2.86041E-1 3.13028E-1 3.01854E-1 3.02381E-1 3.06405E-1 3.02767E-1 3.07079E-1 3.14501E-1 2.99436E-1 2.91346E-1 2.83148E-1 2.88368E-1 2.80237E-1 2.82733E-1 2.91819E-1
-9999 -9999 -9999 -9999 -9999 -9999 -9999 -9999 -9999 -9999 -9999 6.121E-2 5.40614E-2 4.98447E-2 3.1987E-2 1.32344E-2 8.92288E-3 1.01798E-2 1.73582E-2 2.97805E-2 8.41628E-2 1.71155E-1 2.35981E-1 1.74532E-1 9.91586E-2 1.14224E-1 8.83872E-2 4.82944E-2 4.0626E-2 3.77298E-2 3.81085E-2 5.52015E-2 6.76725E-2 9.61961E-2 1.12209E-1 1.50868E-1 1.67715E-1 1.90022E-1 2.48788E-1 3.17431E-1 3.30558E-1 3.30562E-1 2.89519E-1 2.07633E-1 1.37114E-1 1.13435E-1 8.91211E-2 8.94006E-2 1.64368E-1 2.78153E-1 3.03835E-1 3.16472E-1 3.29008E-1 3.20613E-1 2.93315E-1 2.76091E-1 2.61309E-1 2.65291E-1 2.75633E-1 2.9229E-1 3.11659E-1 3.0679E-1 3.00967E-1 3.00752E-1 3.02888E-1 3.0929E-1
-9999 -9999 -9999 -9999 -9999 -9999 -9999 -9999 -9999 -9999 -9999 2.14217E-2 1.87642E-2 1.89989E-2 1.45036E-2 9.2497E-3 7.47874E-3 8.43893E-3 1.51637E-2 2.81466E-2 8.07577E-2 1.87881E-1 2.4487E-1 1.91434E-1 9.06496E-2 1.03904E-1 6.6042E-2 4.90305E-2 4.12217E-2 3.7298E-2 3.93929E-2 5.01071E-2 6.36753E-2 8.36634E-2 1.12934E-1 1.49123E-1 1.76433E-1 1.85277E-1 2.13439E-1 2.42911E-1 2.47703E-1 2.5428E-1 2.3722E-1 2.08479E-1 1.57786E-1 1.25726E-1 1.03164E-1 1.11173E-1 1.91349E-1 2.77623E-1 2.97227E-1 3.14488E-1 3.07252E-1 3.01756E-1 2.84125E-1 2.57943E-1 2.21713E-1 2.20451E-1 2.34785E-1 2.43022E-1 2.65073E-1 2.86525E-1 2.89298E-1 3.11615E-1 3.26135E-1 3.20981E-1
-9999 -9999 -9999 -9999 -9999 -9999 -9999 -9999 -9999 -9999 -9999 1.16086E-2 1.42386E-2 1.30869E-2 1.02413E-2 8.53648E-3 7.43134E-3 1.03136E-2 2.27525E-2 3.62291E-2 6.51443E-2 2.12752E-1 2.91343E-1 1.76578E-1 1.10813E-1 8.47101E-2 6.16598E-2 4.95423E-2 4.38671E-2 3.85813E-2 3.58946E-2 3.97029E-2 5.13206E-2 6.75996E-2 8.04387E-2 1.1314E-1 1.73681E-1 1.66548E-1 1.87937E-1 1.97213E-1 2.10205E-1 2.20401E-1 2.21825E-1 2.09071E-1 1.70934E-1 1.39905E-1 1.29541E-1 1.33911E-1 1.88578E-1 2.58305E-1 2.88514E-1 2.9036E-1 2.74798E-1 2.6862E-1 2.58068E-1 2.46492E-1 2.38115E-1 2.18011E-1 2.26717E-1 2.24098E-1 2.38566E-1 2.48801E-1 2.54273E-1 2.7721E-1 2.98319E-1 3.24331E-1
-9999 -9999 -9999 -9999 -9999 -9999 -9999 -9999 -9999 -9999 -9999 1.54739E-2 1.46961E-2 9.67759E-3 8.52046E-3 8.43478E-3 8.21751E-3 1.17409E-2 2.14123E-2 5.57869E-2 1.1683E-1 2.5853E-1 3.34194E-1 1.93187E-1 1.31381E-1 8.52316E-2 6.48872E-2 5.27594E-2 4.54556E-2 4.33973E-2 4.00285E-2 3.96665E-2 4.34847E-2 5.18637E-2 8.28532E-2 1.08698E-1 1.07495E-1 1.15885E-1 1.71608E-1 1.8213E-1 1.93416E-1 2.05489E-1 2.06156E-1 2.03229E-1 1.76054E-1 1.481E-1 1.42408E-1 1.56392E-1 1.9354E-1 2.29218E-1 2.55171E-1 2.61309E-1 2.51376E-1 2.46156E-1 2.3935E-1 2.17002E-1 2.11062E-1 2.13592E-1 2.14872E-1 2.17641E-1 2.22951E-1 2.39794E-1 2.3937E-1 2.4625E-1 2.64536E-1 2.84375E-1
-9999 -9999 -9999 -9999 -9999 -9999 -9999 -9999 -9999 -9999 5.70396E-3 1.06377E-2 1.3996E-2 1.10132E-2 8.52393E-3 9.10753E-3 1.1004E-2 1.49921E-2 2.12401E-2 4.51729E-2 1.13703E-1 2.52504E-1 3.93154E-1 2.34186E-1 1.57474E-1 9.60806E-2 7.52786E-2 5.93338E-2 5.17777E-2 4.87582E-2 4.28257E-2 3.9004E-2 4.31504E-2 5.2838E-2 7.45932E-2 9.05508E-2 1.05587E-1 1.15935E-1 1.57083E-1 1.66578E-1 1.74346E-1 1.86717E-1 1.94571E-1 1.91067E-1 1.7704E-1 1.54017E-1 1.56786E-1 1.64285E-1 1.90676E-1 2.11723E-1 2.35033E-1 2.42914E-1 2.43919E-1 2.52406E-1 2.44641E-1 2.34494E-1 2.23743E-1 2.0989E-1 2.10671E-1 2.19414E-1 2.14444E-1 2.08383E-1 2.15557E-1 2.19001E-1 2.407E-1 2.63448E-1
-9999 -9999 -9999 -9999 -9999 -9999 -9999 -9999 -9999 2.40339E-3 4.85278E-3 7.23822E-3 9.12763E-3 1.31906E-2 1.04971E-2 9.42971E-3 1.12232E-2 1.33782E-2 2.2445E-2 5.11849E-2 1.46579E-1 2.6334E-1 4.26771E-1 3.08343E-1 1.96673E-1 1.19688E-1 7.72854E-2 6.74769E-2 5.92237E-2 5.34784E-2 4.87153E-2 4.75277E-2 4.89213E-2 6.41138E-2 8.30849E-2 9.9591E-2 1.09246E-1 1.24498E-1 1.44576E-1 1.55099E-1 1.61586E-1 1.78911E-1 1.76276E-1 1.83499E-1 1.70817E-1 1.633E-1 1.68463E-1 1.76945E-1 1.96277E-1 2.03857E-1 2.2679E-1 2.32917E-1 2.32945E-1 2.32964E-1 2.27968E-1 2.21057E-1 2.1616E-1 2.18897E-1 2.26709E-1 2.10747E-1 2.13125E-1 2.06687E-1 1.99348E-1 2.00334E-1 2.16488E-1 2.51665E-1
