Leopardus geoffroyi/Leopardus_geoffroyi_projection 2041-2060_novel.asc
ncols         515
nrows         545
xllcorner     -119.0
yllcorner     -58.333333333333
cellsize      0.166666666667
NODATA_value  -9999
[rows 0 to 29 of 545, columns 68 to 135 of 515]
1.56464E-1 -1.25E0 1.56464E-1 -6.25002E-1 1.56464E-1 -6.25002E-1 1.40818E0 -3.12495E-1 -2.1875E0 1.56464E-1 1.56464E-1 6.06298E-1 6.06298E-1 1.40818E0 1.40818E0 2.22961E0 3.83337E0 2.22961E0 1.40818E0 1.40818E0 1.56464E-1 -3.12495E-1 -9.37498E-1 1.56464E-1 1.56464E-1 1.56464E-1 6.06298E-1 6.06298E-1 6.06298E-1 6.06298E-1 1.40818E0 6.06298E-1 6.06298E-1 6.06298E-1 6.06298E-1 6.06298E-1 6.06298E-1 6.06298E-1 1.40818E0 6.06298E-1 6.06298E-1 1.40818E0 2.22961E0 2.22961E0 3.03149E0 1.46685E0 1.46685E0 1.46685E0 1.46685E0 3.03149E0 1.46685E0 1.46685E0 1.46685E0 1.46685E0 1.46685E0 1.46685E0 1.46685E0 1.46685E0 8.60552E-1 8.60552E-1 1.46685E0 1.46685E0 1.46685E0 1.46685E0 1.46685E0 1.46685E0 1.46685E0 1.46685E0
-3.12495E-1 -1.875E0 -2.1875E0 -1.875E0 -1.5625E0 1.56464E-1 1.40818E0 1.56464E-1 -1.25E0 1.56464E-1 6.06298E-1 6.06298E-1 1.56464E-1 1.56464E-1 6.06298E-1 1.56464E-1 3.83337E0 5.8674E0 3.83337E0 2.22961E0 1.56464E-1 1.56464E-1 1.56464E-1 1.56464E-1 1.56464E-1 1.56464E-1 1.56464E-1 1.56464E-1 6.06298E-1 6.06298E-1 1.40818E0 6.06298E-1 6.06298E-1 6.06298E-1 6.06298E-1 6.06298E-1 6.06298E-1 1.40818E0 1.40818E0 1.40818E0 6.06298E-1 1.40818E0 2.22961E0 2.22961E0 2.22961E0 3.03149E0 3.03149E0 3.03149E0 3.03149E0 2.22961E0 3.03149E0 3.03149E0 2.22961E0 1.46685E0 1.46685E0 3.03149E0 1.46685E0 1.46685E0 1.46685E0 8.60552E-1 8.60552E-1 8.60552E-1 1.46685E0 1.46685E0 1.46685E0 1.46685E0 1.46685E0 1.46685E0
6.06298E-1 -1.5625E0 -6.25002E-1 1.56464E-1 -1.5625E0 -3.12495E-1 1.56464E-1 -9.37498E-1 -1.5625E0 1.56464E-1 1.40818E0 6.06298E-1 1.40818E0 6.06298E-1 1.56464E-1 1.56464E-1 3.83337E0 1.12458E1 3.83337E0 6.06298E-1 1.56464E-1 -1.875E0 -1.25E0 -6.25002E-1 1.56464E-1 1.56464E-1 1.56464E-1 1.56464E-1 6.06298E-1 6.06298E-1 6.06298E-1 6.06298E-1 6.06298E-1 6.06298E-1 6.06298E-1 6.06298E-1 6.06298E-1 1.40818E0 1.40818E0 1.40818E0 1.40818E0 1.40818E0 2.22961E0 2.22961E0 2.22961E0 1.46685E0 1.46685E0 2.22961E0 2.22961E0 1.46685E0 1.46685E0 2.22961E0 3.03149E0 1.46685E0 1.46685E0 1.46685E0 1.46685E0 1.46685E0 1.46685E0 1.46685E0 8.60552E-1 1.46685E0 1.46685E0 1.46685E0 1.46685E0 1.46685E0 1.46685E0 1.46685E0
1.56464E-1 -6.25002E-1 1.56464E-1 1.56464E-1 -6.25002E-1 -1.5625E0 6.06298E-1 6.06298E-1 -6.25002E-1 6.06298E-1 1.40818E0 6.06298E-1 6.06298E-1 6.06298E-1 1.56464E-1 1.56464E-1 3.83337E0 5.8674E0 1.40818E0 6.06298E-1 6.06298E-1 1.56464E-1 -2.1875E0 -1.875E0 -6.25002E-1 1.56464E-1 1.56464E-1 1.56464E-1 1.56464E-1 6.06298E-1 6.06298E-1 1.40818E0 1.40818E0 1.40818E0 6.06298E-1 1.40818E0 1.40818E0 1.40818E0 1.40818E0 1.40818E0 1.40818E0 2.22961E0 1.40818E0 1.40818E0 1.40818E0 1.40818E0 1.40818E0 1.46685E0 3.03149E0 1.46685E0 1.46685E0 1.46685E0 3.03149E0 3.03149E0 1.46685E0 1.46685E0 1.46685E0 1.46685E0 1.46685E0 1.46685E0 1.46685E0 1.46685E0 1.46685E0 1.46685E0 1.46685E0 1.46685E0 1.46685E0 1.46685E0
1.56464E-1 1.56464E-1 1.56464E-1 1.56464E-1 -9.37498E-1 -9.37498E-1 1.56464E-1 3.52044E-1 -6.25002E-1 -3.12495E-1 6.06298E-1 6.06298E-1 1.56464E-1 1.56464E-1 1.56464E-1 1.56464E-1 6.06298E-1 3.83337E0 2.22961E0 1.40818E0 6.06298E-1 1.56464E-1 -9.37498E-1 -2.5E0 -1.5625E0 -3.12495E-1 1.56464E-1 1.56464E-1 1.56464E-1 1.56464E-1 6.06298E-1 1.40818E0 1.40818E0 1.40818E0 1.40818E0 1.40818E0 1.40818E0 1.40818E0 1.40818E0 1.40818E0 1.40818E0 1.40818E0 2.22961E0 1.46685E0 1.40818E0 1.40818E0 1.40818E0 1.46685E0 1.46685E0 1.46685E0 1.46685E0 1.46685E0 1.46685E0 3.03149E0 3.03149E0 3.03149E0 1.46685E0 1.46685E0 1.46685E0 1.46685E0 1.46685E0 1.46685E0 8.60552E-1 1.46685E0 1.46685E0 1.46685E0 1.46685E0 1.46685E0
1.56464E-1 1.56464E-1 1.56464E-1 1.56464E-1 1.56464E-1 1.56464E-1 1.56464E-1 1.56464E-1 -3.12495E-1 -2.8125E0 -1.25E0 6.06298E-1 6.06298E-1 1.56464E-1 1.56464E-1 6.06298E-1 1.56464E-1 2.22961E0 3.83337E0 1.40818E0 1.40818E0 6.06298E-1 1.56464E-1 1.56464E-1 -9.37498E-1 -3.12495E-1 1.56464E-1 -6.25002E-1 -6.25002E-1 1.56464E-1 1.56464E-1 6.06298E-1 1.40818E0 1.40818E0 1.40818E0 1.40818E0 1.40818E0 1.40818E0 1.40818E0 1.40818E0 1.40818E0 1.40818E0 1.40818E0 1.46685E0 1.40818E0 1.40818E0 1.40818E0 1.46685E0 1.46685E0 1.46685E0 1.46685E0 1.46685E0 1.46685E0 3.03149E0 3.03149E0 3.03149E0 3.03149E0 1.46685E0 1.46685E0 1.46685E0 1.46685E0 1.46685E0 1.46685E0 1.46685E0 1.46685E0 1.46685E0 1.46685E0 1.46685E0
6.06298E-1 1.56464E-1 1.56464E-1 1.56464E-1 1.56464E-1 1.56464E-1 1.56464E-1 1.56464E-1 1.56464E-1 -1.25E0 -2.8125E0 -3.12495E-1 6.06298E-1 6.06298E-1 6.06298E-1 1.40818E0 3.83337E0 6.06298E-1 2.22961E0 2.22961E0 1.40818E0 6.06298E-1 1.56464E-1 1.56464E-1 1.56464E-1 -9.37498E-1 -3.12495E-1 -1.25E0 -1.875E0 -9.37498E-1 1.56464E-1 6.06298E-1 1.40818E0 1.40818E0 1.40818E0 1.40818E0 1.40818E0 1.40818E0 1.40818E0 1.40818E0 1.40818E0 1.40818E0 1.40818E0 1.40818E0 1.40818E0 1.46685E0 1.46685E0 1.46685E0 1.46685E0 1.46685E0 1.46685E0 1.46685E0 1.46685E0 1.46685E0 3.03149E0 3.03149E0 3.03149E0 3.03149E0 1.46685E0 1.46685E0 1.46685E0 1.46685E0 1.46685E0 1.46685E0 1.46685E0 1.46685E0 1.46685E0 1.46685E0
8.60552E-1 6.06298E-1 1.40818E0 6.06298E-1 1.56464E-1 1.56464E-1 1.56464E-1 1.56464E-1 6.06298E-1 1.56464E-1 1.56464E-1 -2.8125E0 1.56464E-1 1.40818E0 6.06298E-1 1.40818E0 3.83337E0 1.40818E0 1.40818E0 2.22961E0 1.40818E0 6.06298E-1 6.06298E-1 1.56464E-1 1.56464E-1 -3.12495E-1 1.56464E-1 -3.12495E-1 -9.37498E-1 -3.12495E-1 1.56464E-1 6.06298E-1 1.46685E0 1.46685E0 1.46685E0 1.46685E0 1.40818E0 2.22961E0 2.22961E0 2.22961E0 2.22961E0 2.22961E0 1.46685E0 1.46685E0 1.46685E0 1.46685E0 1.46685E0 1.46685E0 1.46685E0 1.46685E0 1.46685E0 1.46685E0 1.46685E0 1.46685E0 3.03149E0 3.03149E0 3.03149E0 1.46685E0 1.46685E0 1.46685E0 3.03149E0 1.46685E0 1.46685E0 1.46685E0 1.46685E0 1.46685E0 1.46685E0 1.46685E0
1.40818E0 6.06298E-1 6.06298E-1 6.06298E-1 6.06298E-1 1.56464E-1 6.06298E-1 6.06298E-1 1.40818E0 1.56464E-1 1.40818E0 1.56464E-1 1.56464E-1 1.40818E0 6.06298E-1 6.06298E-1 2.22961E0 6.06298E-1 6.06298E-1 2.22961E0 2.22961E0 2.22961E0 1.40818E0 6.06298E-1 1.56464E-1 1.56464E-1 1.56464E-1 1.56464E-1 1.56464E-1 6.06298E-1 6.06298E-1 8.60552E-1 8.60552E-1 1.46685E0 2.22961E0 1.46685E0 2.22961E0 2.22961E0 2.22961E0 2.22961E0 2.22961E0 3.03149E0 3.03149E0 2.22961E0 3.03149E0 3.03149E0 3.03149E0 3.03149E0 1.46685E0 1.46685E0 1.46685E0 1.46685E0 3.03149E0 3.03149E0 3.03149E0 3.03149E0 3.03149E0 1.46685E0 3.03149E0 1.46685E0 1.46685E0 1.46685E0 1.46685E0 1.46685E0 1.46685E0 1.46685E0 1.46685E0 1.46685E0
1.40818E0 6.06298E-1 6.06298E-1 6.06298E-1 6.06298E-1 6.06298E-1 1.40818E0 6.06298E-1 6.06298E-1 1.40818E0 6.06298E-1 1.40818E0 6.06298E-1 1.40818E0 6.06298E-1 2.22961E0 6.06298E-1 6.06298E-1 6.06298E-1 2.22961E0 5.8674E0 8.42949E0 2.22961E0 1.40818E0 6.06298E-1 6.06298E-1 6.06298E-1 6.06298E-1 8.60552E-1 8.60552E-1 1.46685E0 1.46685E0 1.46685E0 1.46685E0 1.46685E0 2.22961E0 2.22961E0 2.22961E0 2.22961E0 2.22961E0 2.22961E0 2.22961E0 3.03149E0 3.03149E0 3.03149E0 3.03149E0 2.22961E0 2.22961E0 2.22961E0 3.03149E0 3.03149E0 3.03149E0 3.03149E0 3.03149E0 3.03149E0 3.03149E0 3.03149E0 3.03149E0 1.46685E0 1.46685E0 1.46685E0 1.46685E0 1.46685E0 1.46685E0 1.46685E0 1.46685E0 1.46685E0 1.46685E0
1.40818E0 6.06298E-1 6.06298E-1 6.06298E-1 1.56464E-1 1.40818E0 6.06298E-1 1.56464E-1 6.06298E-1 6.06298E-1 6.06298E-1 1.40818E0 2.22961E0 2.22961E0 6.06298E-1 1.56464E-1 6.06298E-1 6.06298E-1 6.06298E-1 2.22961E0 8.42949E0 1.12458E1 1.12458E1 5.8674E0 3.83337E0 1.40818E0 1.40818E0 1.46685E0 2.22961E0 1.46685E0 2.22961E0 3.03149E0 3.03149E0 3.03149E0 1.46685E0 1.46685E0 2.22961E0 2.22961E0 2.22961E0 2.22961E0 3.03149E0 3.03149E0 3.03149E0 3.03149E0 3.03149E0 3.03149E0 3.03149E0 3.03149E0 3.03149E0 3.03149E0 3.03149E0 1.46685E0 1.46685E0 1.46685E0 1.46685E0 3.03149E0 3.03149E0 3.03149E0 3.03149E0 3.03149E0 1.46685E0 1.46685E0 1.46685E0 1.46685E0 1.46685E0 3.03149E0 1.46685E0 1.46685E0
2.22961E0 6.06298E-1 6.06298E-1 6.06298E-1 6.06298E-1 6.06298E-1 6.06298E-1 6.06298E-1 1.40818E0 1.40818E0 1.40818E0 1.40818E0 1.40818E0 1.40818E0 6.06298E-1 1.56464E-1 1.56464E-1 6.06298E-1 1.56464E-1 6.06298E-1 5.8674E0 1.12458E1 5.8674E0 5.8674E0 3.83337E0 2.22961E0 2.22961E0 3.83337E0 3.83337E0 3.03149E0 3.03149E0 3.03149E0 3.03149E0 2.22961E0 1.46685E0 1.46685E0 2.22961E0 2.22961E0 2.22961E0 3.03149E0 3.03149E0 3.03149E0 3.03149E0 3.03149E0 5.8674E0 3.03149E0 3.03149E0 3.03149E0 3.03149E0 3.03149E0 3.03149E0 3.03149E0 1.46685E0 1.46685E0 3.03149E0 1.46685E0 1.46685E0 3.03149E0 3.03149E0 3.03149E0 1.46685E0 1.46685E0 1.46685E0 1.46685E0 3.03149E0 3.03149E0 1.46685E0 1.46685E0
1.40818E0 6.06298E-1 6.06298E-1 6.06298E-1 6.06298E-1 6.06298E-1 6.06298E-1 6.06298E-1 1.40818E0 6.06298E-1 2.22961E0 6.06298E-1 6.06298E-1 6.06298E-1 1.56464E-1 1.56464E-1 6.06298E-1 6.06298E-1 1.40818E0 4.49834E-1 1.40818E0 2.22961E0 3.83337E0 5.8674E0 3.83337E0 5.8674E0 8.42949E0 8.42949E0 5.8674E0 5.8674E0 5.8674E0 3.83337E0 3.03149E0 2.22961E0 1.46685E0 1.46685E0 2.22961E0 2.22961E0 2.22961E0 3.03149E0 3.03149E0 3.03149E0 3.03149E0 3.03149E0 3.03149E0 3.03149E0 3.03149E0 3.03149E0 3.03149E0 3.03149E0 3.03149E0 3.03149E0 6.59104E0 3.03149E0 3.03149E0 3.03149E0 1.46685E0 1.46685E0 3.03149E0 3.03149E0 1.46685E0 1.46685E0 1.46685E0 1.46685E0 1.46685E0 1.46685E0 1.46685E0 1.46685E0
6.06298E-1 6.06298E-1 6.06298E-1 1.40818E0 6.06298E-1 6.06298E-1 6.06298E-1 6.06298E-1 6.06298E-1 6.06298E-1 6.06298E-1 6.06298E-1 1.56464E-1 1.40818E0 6.06298E-1 -9.37498E-1 1.40818E0 3.52044E-1 6.06298E-1 1.40818E0 1.11481E0 6.25856E-1 2.22961E0 5.8674E0 8.42949E0 8.42949E0 5.8674E0 5.8674E0 8.42949E0 5.8674E0 5.8674E0 5.8674E0 3.03149E0 1.46685E0 1.46685E0 1.46685E0 1.46685E0 1.46685E0 1.46685E0 3.03149E0 3.03149E0 3.03149E0 3.03149E0 3.03149E0 3.03149E0 3.03149E0 3.03149E0 3.03149E0 3.03149E0 3.03149E0 5.8674E0 6.59104E0 3.03149E0 3.03149E0 3.03149E0 3.03149E0 3.03149E0 3.03149E0 3.03149E0 1.46685E0 1.46685E0 1.46685E0 1.46685E0 1.46685E0 1.46685E0 1.46685E0 1.46685E0 1.46685E0
6.25856E-1 1.11481E0 9.97457E-1 6.06298E-1 1.40818E0 2.22961E0 2.22961E0 6.06298E-1 1.56464E-1 6.06298E-1 1.56464E-1 1.56464E-1 1.56464E-1 6.06298E-1 1.40818E0 1.36906E-1 1.40818E0 3.52044E-1 8.60552E-1 3.83337E0 2.22961E0 1.40818E0 2.22961E0 5.8674E0 5.8674E0 5.8674E0 3.83337E0 5.8674E0 8.42949E0 5.8674E0 5.8674E0 3.03149E0 3.03149E0 1.46685E0 1.46685E0 1.46685E0 1.46685E0 1.46685E0 1.46685E0 3.03149E0 3.03149E0 3.03149E0 3.03149E0 5.8674E0 6.59104E0 6.59104E0 5.8674E0 5.8674E0 5.8674E0 5.8674E0 6.59104E0 6.59104E0 6.59104E0 6.59104E0 6.59104E0 3.03149E0 3.03149E0 3.03149E0 1.46685E0 1.46685E0 1.46685E0 1.46685E0 1.46685E0 1.46685E0 1.46685E0 1.46685E0 1.46685E0 1.46685E0
1.40818E0 2.22961E0 1.38862E0 1.40818E0 1.40818E0 1.11481E0 1.40818E0 2.54254E-1 6.06298E-1 6.06298E-1 6.06298E-1 1.56464E-1 5.28066E-1 1.40818E0 2.22961E0 6.06298E-1 1.40818E0 8.60552E-1 3.52044E-1 3.03149E0 2.22961E0 1.40818E0 2.22961E0 2.22961E0 2.22961E0 3.83337E0 3.03149E0 5.8674E0 3.03149E0 3.03149E0 1.46685E0 1.46685E0 8.60552E-1 8.60552E-1 8.60552E-1 8.60552E-1 8.60552E-1 8.60552E-1 8.60552E-1 1.46685E0 1.46685E0 3.03149E0 6.59104E0 6.59104E0 6.59104E0 6.59104E0 6.59104E0 6.59104E0 6.59104E0 6.59104E0 6.59104E0 6.59104E0 6.59104E0 3.03149E0 3.03149E0 3.03149E0 3.03149E0 3.03149E0 1.46685E0 1.46685E0 1.46685E0 1.46685E0 1.46685E0 1.46685E0 1.46685E0 1.46685E0 1.46685E0 1.46685E0
3.83337E0 2.22961E0 2.22961E0 2.22961E0 2.22961E0 9.97457E-1 1.38862E0 6.06298E-1 6.06298E-1 1.56464E-1 6.06298E-1 1.56464E-1 4.49834E-1 1.40818E0 6.06298E-1 1.40818E0 8.60552E-1 8.60552E-1 1.9558E-2 9.779E-2 8.60552E-1 8.60552E-1 1.40818E0 6.06298E-1 1.46685E0 3.03149E0 3.03149E0 8.60552E-1 1.46685E0 1.46685E0 1.46685E0 1.46685E0 1.46685E0 8.60552E-1 8.60552E-1 8.60552E-1 8.60552E-1 8.60552E-1 8.60552E-1 1.46685E0 1.46685E0 3.03149E0 3.03149E0 6.59104E0 6.59104E0 6.59104E0 6.59104E0 6.59104E0 6.59104E0 6.59104E0 3.03149E0 3.03149E0 6.59104E0 6.59104E0 3.03149E0 3.03149E0 3.03149E0 3.03149E0 1.46685E0 1.46685E0 1.46685E0 1.46685E0 1.46685E0 1.46685E0 1.46685E0 1.46685E0 1.46685E0 1.46685E0
3.83337E0 2.22961E0 3.83337E0 2.22961E0 3.83337E0 3.83337E0 1.40818E0 8.99668E-1 9.97457E-1 1.56464E-1 1.56464E-1 6.06298E-1 4.49834E-1 1.40818E0 1.40818E0 8.60552E-1 9.779E-2 3.52044E-1 1.9558E-2 1.9558E-2 1.9558E-2 3.52044E-1 1.46685E0 1.46685E0 1.46685E0 1.46685E0 1.46685E0 1.46685E0 1.46685E0 1.46685E0 3.03149E0 3.03149E0 1.46685E0 8.60552E-1 8.60552E-1 8.60552E-1 8.60552E-1 8.60552E-1 8.60552E-1 8.60552E-1 1.46685E0 1.46685E0 1.46685E0 3.03149E0 3.03149E0 3.03149E0 3.03149E0 3.03149E0 3.03149E0 3.03149E0 3.03149E0 3.03149E0 6.59104E0 6.59104E0 3.03149E0 3.03149E0 3.03149E0 1.46685E0 1.46685E0 1.46685E0 1.46685E0 1.46685E0 1.46685E0 1.46685E0 1.46685E0 3.03149E0 1.46685E0 1.46685E0
2.01447E0 9.97457E-1 2.22961E0 1.7211E0 9.97457E-1 3.83337E0 5.8674E0 2.22961E0 9.97457E-1 2.54254E-1 3.9116E-2 1.56464E-1 6.06298E-1 1.40818E0 1.40818E0 6.06298E-1 9.779E-2 8.60552E-1 9.779E-2 1.9558E-2 1.9558E-2 3.52044E-1 1.46685E0 3.03149E0 8.60552E-1 1.46685E0 1.46685E0 1.46685E0 3.03149E0 8.60552E-1 1.46685E0 1.46685E0 6.59104E0 1.46685E0 8.60552E-1 8.60552E-1 8.60552E-1 8.60552E-1 8.60552E-1 8.60552E-1 8.60552E-1 1.46685E0 1.46685E0 1.46685E0 3.03149E0 1.46685E0 3.03149E0 1.46685E0 1.46685E0 1.46685E0 1.46685E0 1.46685E0 3.03149E0 3.03149E0 3.03149E0 3.03149E0 3.03149E0 1.46685E0 3.03149E0 1.46685E0 1.46685E0 1.46685E0 1.46685E0 3.03149E0 3.03149E0 3.03149E0 3.03149E0 3.03149E0
2.73812E0 5.28066E-1 1.11481E0 6.25856E-1 2.54254E-1 8.99668E-1 5.8674E0 3.83337E0 6.25856E-1 2.22961E0 7.8232E-2 1.36906E-1 1.56464E-1 6.06298E-1 6.06298E-1 3.52044E-1 3.52044E-1 8.60552E-1 1.46685E0 9.779E-2 3.52044E-1 1.46685E0 8.60552E-1 3.52044E-1 3.52044E-1 1.46685E0 1.12458E1 3.52044E-1 8.60552E-1 6.59104E0 3.03149E0 1.46685E0 3.03149E0 3.03149E0 1.46685E0 1.46685E0 8.60552E-1 8.60552E-1 8.60552E-1 8.60552E-1 8.60552E-1 8.60552E-1 1.46685E0 1.46685E0 1.46685E0 1.46685E0 1.46685E0 1.46685E0 1.46685E0 1.46685E0 1.46685E0 1.46685E0 1.46685E0 1.46685E0 3.03149E0 3.03149E0 3.03149E0 1.46685E0 1.46685E0 1.46685E0 1.46685E0 1.46685E0 1.46685E0 3.03149E0 3.03149E0 3.03149E0 3.03149E0 3.03149E0
1.11481E0 3.32486E-1 3.71602E0 1.11481E0 6.25856E-1 6.25856E-1 5.8674E0 3.83337E0 6.25856E-1 2.22961E0 9.779E-2 6.06298E-1 6.06298E-1 1.40818E0 8.60552E-1 9.779E-2 6.06298E-1 3.52044E-1 8.60552E-1 8.60552E-1 3.03149E0 5.8674E0 1.46685E0 3.52044E-1 8.60552E-1 3.52044E-1 3.52044E-1 3.52044E-1 3.52044E-1 6.59104E0 1.74653E1 3.03149E0 1.44729E1 1.75044E1 6.59104E0 3.03149E0 3.03149E0 1.46685E0 8.60552E-1 8.60552E-1 8.60552E-1 8.60552E-1 8.60552E-1 1.46685E0 1.46685E0 1.46685E0 8.60552E-1 8.60552E-1 1.46685E0 1.46685E0 1.46685E0 1.46685E0 1.46685E0 1.46685E0 1.46685E0 1.46685E0 1.46685E0 1.46685E0 1.46685E0 1.46685E0 1.46685E0 1.46685E0 1.46685E0 3.03149E0 3.03149E0 3.03149E0 3.03149E0 3.03149E0
4.49834E-1 2.54254E-1 2.73812E0 2.73812E0 2.01447E0 6.25856E-1 5.8674E0 5.8674E0 9.97457E-1 2.22961E0 4.49834E-1 3.32486E-1 8.60552E-1 8.60552E-1 8.60552E-1 3.52044E-1 3.52044E-1 3.32486E-1 8.60552E-1 1.46685E0 5.8674E0 3.83337E0 3.03149E0 1.46685E0 3.52044E-1 9.779E-2 9.779E-2 8.60552E-1 8.60552E-1 8.60552E-1 1.66438E1 1.44729E1 1.44729E1 1.91864E1 1.73479E1 6.59104E0 3.03149E0 3.03149E0 8.60552E-1 8.60552E-1 8.60552E-1 8.60552E-1 8.60552E-1 8.60552E-1 8.60552E-1 8.60552E-1 8.60552E-1 1.46685E0 8.60552E-1 1.46685E0 1.46685E0 1.46685E0 1.46685E0 1.46685E0 1.46685E0 1.46685E0 1.46685E0 1.46685E0 1.46685E0 1.46685E0 1.46685E0 1.46685E0 3.03149E0 3.03149E0 3.03149E0 3.03149E0 6.59104E0 6.59104E0
1.9558E-1 2.34696E0 2.01447E0 6.25856E-1 6.25856E-1 4.26364E0 7.66673E0 7.9601E0 3.14884E0 1.46685E0 1.38862E0 3.32486E-1 3.52044E-1 8.60552E-1 1.40818E0 1.46685E0 8.60552E-1 8.60552E-1 8.60552E-1 1.46685E0 5.8674E0 3.83337E0 3.03149E0 6.59104E0 3.03149E0 3.52044E-1 3.52044E-1 3.52044E-1 8.60552E-1 8.60552E-1 3.03149E0 6.59104E0 3.03149E0 1.96558E1 3.03149E0 6.59104E0 6.59104E0 3.03149E0 1.46685E0 8.60552E-1 8.60552E-1 8.60552E-1 8.60552E-1 8.60552E-1 8.60552E-1 8.60552E-1 8.60552E-1 8.60552E-1 8.60552E-1 8.60552E-1 8.60552E-1 8.60552E-1 8.60552E-1 8.60552E-1 8.60552E-1 1.46685E0 1.46685E0 1.46685E0 1.46685E0 1.46685E0 1.46685E0 3.03149E0 3.03149E0 3.03149E0 3.03149E0 6.59104E0 -9999 7.45159E0
1.56464E-1 2.54254E-1 8.99668E-1 3.14884E0 4.49834E-1 3.71602E0 1.38862E0 4.71348E0 3.71602E0 3.03149E0 2.22961E0 8.60552E-1 3.32486E-1 3.52044E-1 1.46685E0 1.46685E0 1.40818E0 1.46685E0 2.22961E0 1.46685E0 3.03149E0 3.03149E0 3.03149E0 5.8674E0 1.44729E1 3.03149E0 8.60552E-1 3.52044E-1 3.52044E-1 8.60552E-1 1.44729E1 6.59104E0 1.44729E1 1.46685E0 1.46685E0 3.03149E0 3.03149E0 3.03149E0 1.46685E0 8.60552E-1 8.60552E-1 8.60552E-1 8.60552E-1 8.60552E-1 8.60552E-1 8.60552E-1 8.60552E-1 8.60552E-1 8.60552E-1 8.60552E-1 8.60552E-1 8.60552E-1 8.60552E-1 8.60552E-1 8.60552E-1 8.60552E-1 1.46685E0 1.46685E0 1.46685E0 3.03149E0 3.03149E0 3.03149E0 3.03149E0 6.59104E0 6.59104E0 6.59104E0 -9999 -9999
5.28066E-1 9.779E-2 1.9558E-1 6.25856E-1 1.9558E-1 5.28066E-1 8.99668E-1 6.25856E-1 8.99668E-1 5.39801E0 3.03149E0 1.46685E0 8.60552E-1 8.60552E-1 8.60552E-1 1.46685E0 3.03149E0 2.22961E0 3.03149E0 3.03149E0 3.03149E0 3.03149E0 3.03149E0 5.8674E0 3.03149E0 1.46685E0 8.60552E-1 3.03149E0 8.60552E-1 8.60552E-1 1.55877E1 6.59104E0 1.15001E1 2.08684E1 6.59104E0 3.03149E0 1.46685E0 3.03149E0 1.46685E0 8.60552E-1 8.60552E-1 8.60552E-1 8.60552E-1 8.60552E-1 8.60552E-1 8.60552E-1 8.60552E-1 8.60552E-1 8.60552E-1 8.60552E-1 8.60552E-1 3.52044E-1 3.52044E-1 8.60552E-1 8.60552E-1 8.60552E-1 1.46685E0 1.46685E0 1.46685E0 3.03149E0 3.03149E0 3.03149E0 3.03149E0 6.59104E0 6.59104E0 -9999 -9999 -9999
1.7211E0 1.56464E-1 8.99668E-1 7.8232E-2 1.36906E-1 9.97457E-1 1.9558E-1 2.54254E-1 5.28066E-1 3.14884E0 1.46685E0 1.46685E0 1.46685E0 1.46685E0 1.46685E0 1.46685E0 1.46685E0 5.8674E0 5.8674E0 3.03149E0 6.59104E0 6.59104E0 3.03149E0 3.03149E0 3.03149E0 3.03149E0 6.25856E-1 1.55877E1 1.46685E0 3.03149E0 6.59104E0 1.0131E1 6.59104E0 2.08293E1 2.04772E1 6.59104E0 1.46685E0 1.46685E0 1.46685E0 1.46685E0 1.46685E0 1.46685E0 1.46685E0 1.46685E0 8.60552E-1 8.60552E-1 8.60552E-1 8.60552E-1 8.60552E-1 8.60552E-1 8.60552E-1 8.60552E-1 8.60552E-1 8.60552E-1 8.60552E-1 8.60552E-1 8.60552E-1 1.46685E0 1.46685E0 1.46685E0 3.03149E0 3.03149E0 6.59104E0 8.29259E0 5.39801E0 -9999 -9999 -9999
8.99668E-1 9.97457E-1 5.28066E-1 1.9558E-1 1.9558E-1 5.28066E-1 6.25856E-1 2.54254E-1 8.99668E-1 2.34696E0 3.03149E0 1.46685E0 1.46685E0 1.46685E0 1.46685E0 8.60552E-1 3.03149E0 3.03149E0 3.03149E0 3.03149E0 3.03149E0 3.03149E0 1.46685E0 3.03149E0 3.03149E0 3.03149E0 9.97457E-1 6.59104E0 6.59104E0 6.59104E0 6.59104E0 6.59104E0 6.59104E0 6.59104E0 6.59104E0 1.46685E0 1.46685E0 1.46685E0 1.46685E0 1.46685E0 3.03149E0 3.03149E0 1.46685E0 1.46685E0 8.60552E-1 8.60552E-1 8.60552E-1 8.60552E-1 8.60552E-1 8.60552E-1 3.52044E-1 3.52044E-1 8.60552E-1 8.60552E-1 8.60552E-1 8.60552E-1 1.46685E0 1.46685E0 1.46685E0 1.46685E0 3.03149E0 6.59104E0 6.59104E0 -9999 -9999 -9999 -9999 -9999
4.49834E-1 8.99668E-1 1.11481E0 1.56464E-1 1.11481E0 7.8232E-2 9.779E-2 4.49834E-1 1.11481E0 2.34696E0 3.03149E0 1.46685E0 1.46685E0 8.60552E-1 8.60552E-1 1.46685E0 1.46685E0 3.03149E0 3.03149E0 3.03149E0 5.8674E0 3.03149E0 1.46685E0 6.59104E0 3.03149E0 9.97457E-1 6.25856E-1 1.46685E0 3.03149E0 6.41502E0 3.03149E0 6.59104E0 1.32016E1 6.59104E0 2.11422E1 6.59104E0 3.03149E0 1.46685E0 8.60552E-1 1.46685E0 1.46685E0 3.03149E0 3.03149E0 1.46685E0 1.46685E0 8.60552E-1 8.60552E-1 8.60552E-1 8.60552E-1 8.60552E-1 8.60552E-1 3.52044E-1 3.52044E-1 8.60552E-1 8.60552E-1 1.46685E0 1.46685E0 1.46685E0 1.46685E0 1.46685E0 3.03149E0 6.59104E0 6.59104E0 -9999 -9999 -9999 -9999 -9999
5.28066E-1 6.25856E-1 9.97457E-1 2.54254E-1 1.7211E0 6.25856E-1 1.56464E-1 1.38862E0 1.11481E0 2.01447E0 3.03149E0 3.03149E0 1.46685E0 1.46685E0 1.46685E0 1.46685E0 1.46685E0 1.46685E0 3.03149E0 3.03149E0 3.03149E0 3.03149E0 3.03149E0 3.03149E0 6.59104E0 1.46685E0 6.25856E-1 8.60552E-1 1.46685E0 1.0131E1 6.59104E0 3.03149E0 1.21455E1 1.55877E1 6.59104E0 3.03149E0 6.59104E0 3.03149E0 1.46685E0 8.60552E-1 8.60552E-1 1.46685E0 1.46685E0 1.46685E0 8.60552E-1 8.60552E-1 8.60552E-1 3.52044E-1 8.60552E-1 8.60552E-1 3.52044E-1 3.52044E-1 8.60552E-1 8.60552E-1 8.60552E-1 8.60552E-1 1.46685E0 1.46685E0 1.46685E0 1.46685E0 3.03149E0 -9999 -9999 -9999 -9999 -9999 -9999 -9999
1.38862E0 1.11481E0 6.25856E-1 4.49834E-1 2.54254E-1 3.32486E-1 5.28066E-1 9.97457E-1 2.01447E0 2.34696E0 3.03149E0 1.46685E0 3.03149E0 1.46685E0 8.60552E-1 8.60552E-1 8.60552E-1 1.46685E0 3.03149E0 3.03149E0 3.03149E0 1.46685E0 1.44729E1 1.46685E0 3.03149E0 3.03149E0 1.46685E0 1.46685E0 1.46685E0 1.48836E1 1.55877E1 6.59104E0 1.32016E1 1.55877E1 6.59104E0 1.46685E0 3.03149E0 1.46685E0 8.60552E-1 8.60552E-1 8.60552E-1 8.60552E-1 8.60552E-1 8.60552E-1 8.60552E-1 8.60552E-1 8.60552E-1 3.52044E-1 3.52044E-1 3.52044E-1 8.60552E-1 8.60552E-1 8.60552E-1 8.60552E-1 1.46685E0 8.60552E-1 1.46685E0 1.46685E0 3.03149E0 3.03149E0 3.03149E0 6.59104E0 -9999 -9999 -9999 -9999 -9999 -9999
