Leopardus geoffroyi/Leopardus_geoffroyi.asc
ncols         515
nrows         545
xllcorner     -119.0
yllcorner     -58.333333333333
cellsize      0.166666666667
NODATA_value  -9999
[rows 203 to 231 of 545, columns 396 to 461 of 515]
3.55875E-5 3.33745E-5 2.5351E-5 1.98478E-5 1.05449E-5 1.14653E-5 1.1088E-5 1.20205E-5 1.29652E-5 1.24301E-5 1.22432E-5 1.11261E-5 1.06865E-5 1.82975E-5 1.68222E-5 1.56052E-5 8.42596E-6 9.13295E-6 1.01233E-5 6.50702E-6 5.5325E-6 5.08127E-6 5.01337E-6 3.45746E-6 2.33658E-6 8.15402E-7 3.32889E-7 2.33913E-7 3.65822E-7 6.37811E-7 1.8706E-6 2.8789E-6 6.03558E-6 1.66488E-5 2.28073E-5 3.16621E-5 3.97799E-5 4.9395E-5 5.41715E-5 6.19881E-5 7.01128E-5 3.94812E-5 4.30377E-5 2.82416E-5 1.65286E-5 1.70881E-5 8.63124E-6 4.17557E-6 2.71876E-6 1.99673E-6 -9999 -9999 -9999 -9999 -9999 -9999 -9999 -9999 -9999 -9999 -9999 -9999 -9999 -9999 -9999 -9999
2.69034E-5 2.34556E-5 1.90864E-5 1.3793E-5 1.34661E-5 1.16804E-5 1.13195E-5 1.12272E-5 1.1817E-5 1.18936E-5 1.11039E-5 1.75558E-5 1.54547E-5 1.90817E-5 1.79796E-5 1.6818E-5 6.78268E-6 7.25655E-6 7.92916E-6 9.11806E-6 4.05206E-6 4.4512E-6 4.52699E-6 1.91783E-6 1.10692E-6 4.97878E-7 2.64192E-7 2.09885E-7 2.92213E-7 4.82853E-7 7.9964E-7 2.09653E-6 4.67596E-6 1.2015E-5 1.83292E-5 2.31379E-5 2.73352E-5 3.49062E-5 3.97768E-5 4.27874E-5 4.42576E-5 4.47941E-5 2.67969E-5 1.9754E-5 2.35203E-5 1.59583E-5 9.85028E-6 8.00184E-6 2.60215E-6 2.39679E-6 1.98819E-6 -9999 -9999 -9999 -9999 -9999 -9999 -9999 -9999 -9999 -9999 -9999 -9999 -9999 -9999 -9999
2.67781E-5 2.17759E-5 1.72964E-5 1.17319E-5 1.14299E-5 1.01336E-5 1.06307E-5 1.11371E-5 1.17344E-5 1.35274E-5 1.05423E-5 7.85533E-6 1.18615E-5 1.38422E-5 1.38492E-5 1.26839E-5 4.7358E-6 5.59144E-6 6.01628E-6 3.84331E-6 3.24521E-6 3.57141E-6 3.19387E-6 1.25337E-6 1.23216E-6 6.73075E-7 2.66202E-7 2.23773E-7 2.6498E-7 3.66022E-7 1.10879E-6 1.65801E-6 3.26295E-6 8.96944E-6 1.17203E-5 1.54725E-5 2.07559E-5 2.59999E-5 3.13908E-5 3.26414E-5 3.20972E-5 3.04072E-5 1.98747E-5 2.38751E-5 2.89904E-5 2.40414E-5 1.05174E-5 5.87173E-6 3.52828E-6 2.23473E-6 2.28831E-6 -9999 -9999 -9999 -9999 -9999 -9999 -9999 -9999 -9999 -9999 -9999 -9999 -9999 -9999 -9999
2.78028E-5 2.20051E-5 2.27922E-5 1.736E-5 9.55578E-6 1.08759E-5 1.13522E-5 1.13795E-5 1.14457E-5 1.17874E-5 8.15217E-6 5.83545E-6 4.90053E-6 7.79919E-6 6.62066E-6 3.95913E-6 4.64453E-6 4.87635E-6 5.66393E-6 2.47731E-6 2.27419E-6 2.19671E-6 1.9736E-6 1.35115E-6 8.49088E-7 5.83914E-7 4.48363E-7 3.86726E-7 2.42131E-7 5.6758E-7 8.09874E-7 1.58076E-6 3.81083E-6 6.0678E-6 8.46653E-6 1.18982E-5 1.64213E-5 2.00826E-5 2.44169E-5 2.69832E-5 2.67587E-5 2.52238E-5 3.09551E-5 1.95935E-5 2.41301E-5 2.0452E-5 1.79755E-5 6.56328E-6 3.97584E-6 4.88659E-6 6.03212E-6 5.4227E-6 -9999 -9999 -9999 -9999 -9999 -9999 -9999 -9999 -9999 -9999 -9999 -9999 -9999 -9999
3.45328E-5 2.77505E-5 2.24792E-5 1.79921E-5 1.48161E-5 1.24715E-5 1.1393E-5 1.0811E-5 1.04648E-5 8.85368E-6 6.40602E-6 4.44418E-6 5.96878E-6 4.83698E-6 4.27733E-6 2.7533E-6 2.9753E-6 3.14849E-6 3.35786E-6 3.04592E-6 3.08897E-6 1.44051E-6 1.07328E-6 8.88106E-7 6.25861E-7 4.83053E-7 4.03253E-7 3.86465E-7 3.99212E-7 4.35029E-7 7.77978E-7 1.15888E-6 2.6569E-6 3.98733E-6 6.12873E-6 8.83653E-6 1.2286E-5 1.61606E-5 2.02511E-5 2.44986E-5 2.28081E-5 2.14152E-5 2.41747E-5 3.03673E-5 1.98817E-5 1.83013E-5 2.37125E-5 1.13544E-5 7.32576E-6 7.11816E-6 7.80832E-6 8.66215E-6 -9999 -9999 -9999 -9999 -9999 -9999 -9999 -9999 -9999 -9999 -9999 -9999 -9999 -9999
2.95426E-5 2.52958E-5 2.12065E-5 1.74472E-5 1.41906E-5 1.25496E-5 1.06961E-5 1.00588E-5 8.64569E-6 6.85686E-6 4.99737E-6 2.88666E-6 2.40591E-6 2.08795E-6 1.77001E-6 1.6822E-6 1.86087E-6 2.24541E-6 2.45553E-6 2.46934E-6 2.44434E-6 9.16266E-7 7.03012E-7 6.3817E-7 5.35026E-7 4.78688E-7 4.96855E-7 4.61183E-7 4.6552E-7 5.1436E-7 7.94111E-7 8.07267E-7 2.01487E-6 3.10452E-6 4.86059E-6 6.6173E-6 9.18647E-6 1.36878E-5 1.72817E-5 2.00138E-5 1.95103E-5 1.89748E-5 2.27854E-5 2.84048E-5 3.58438E-5 1.9367E-5 2.68749E-5 2.78375E-5 1.28814E-5 1.19622E-5 1.51089E-5 1.48026E-5 -9999 -9999 -9999 9.54539E-6 8.38133E-6 -9999 -9999 -9999 -9999 -9999 -9999 -9999 -9999 -9999
2.62941E-5 2.26823E-5 1.95298E-5 1.64464E-5 1.37245E-5 1.48793E-5 2.19047E-5 1.98724E-5 9.0606E-6 6.88603E-6 4.87466E-6 3.12502E-6 2.30001E-6 1.95453E-6 1.72307E-6 1.63081E-6 1.77496E-6 2.0216E-6 2.25007E-6 2.22795E-6 2.39953E-6 8.19032E-7 1.68497E-6 9.44263E-7 5.89407E-7 5.40922E-7 5.42461E-7 7.88196E-7 8.75078E-7 9.94248E-7 1.21275E-6 1.10921E-6 1.69996E-6 2.43618E-6 3.58886E-6 4.77212E-6 6.74573E-6 1.02772E-5 1.38483E-5 1.50973E-5 1.68502E-5 1.75111E-5 2.0585E-5 2.5467E-5 3.27443E-5 3.33745E-5 6.42695E-5 5.89205E-5 4.44915E-5 4.05732E-5 2.18441E-5 2.30814E-5 4.50914E-5 3.91088E-5 1.57346E-5 1.26768E-5 1.13774E-5 1.97326E-5 1.49173E-5 9.37693E-6 7.68285E-6 -9999 -9999 -9999 -9999 -9999
2.10726E-5 1.85668E-5 1.66796E-5 1.557E-5 1.45814E-5 1.40753E-5 2.34772E-5 2.1438E-5 1.01222E-5 8.67158E-6 6.568E-6 4.39356E-6 3.07198E-6 2.40324E-6 1.92897E-6 1.71768E-6 1.83545E-6 2.02607E-6 2.22179E-6 2.09736E-6 1.71327E-6 1.97972E-6 1.06851E-6 9.88327E-7 8.8929E-7 9.07954E-7 9.22475E-7 1.03305E-6 1.26661E-6 1.38779E-6 1.47531E-6 1.43798E-6 2.12198E-6 2.2619E-6 2.84328E-6 5.60782E-6 5.65717E-6 8.09335E-6 9.99238E-6 1.25184E-5 1.53045E-5 1.64607E-5 1.80987E-5 2.1115E-5 2.65642E-5 3.69784E-5 5.67553E-5 6.5681E-5 1.14124E-4 8.01756E-5 6.45848E-5 2.45467E-5 3.29152E-5 4.43511E-5 4.64151E-5 4.27353E-5 3.66323E-5 2.74416E-5 2.07019E-5 1.36238E-5 9.10924E-6 1.00009E-5 1.00386E-5 -9999 -9999 -9999
1.77277E-5 1.67961E-5 1.53041E-5 2.63366E-5 2.6282E-5 2.60853E-5 2.63327E-5 2.43214E-5 2.18987E-5 2.03916E-5 1.67169E-5 6.82685E-6 4.67043E-6 3.28549E-6 2.31035E-6 1.84195E-6 2.03656E-6 2.16842E-6 2.3999E-6 1.88299E-6 2.25228E-6 2.14269E-6 1.99616E-6 1.88425E-6 1.81463E-6 1.18824E-6 1.28648E-6 1.30453E-6 1.58004E-6 2.975E-6 1.72696E-6 3.02154E-6 2.65838E-6 2.60657E-6 3.77063E-6 4.53701E-6 6.20873E-6 5.52442E-6 7.68313E-6 9.5235E-6 1.12978E-5 1.4057E-5 1.45864E-5 1.88422E-5 2.23376E-5 3.03763E-5 4.5428E-5 5.92295E-5 7.04033E-5 4.21713E-5 4.26664E-5 3.41472E-5 3.19996E-5 3.09839E-5 7.94876E-5 1.03791E-5 8.85777E-6 7.82617E-6 7.07382E-6 4.3534E-6 3.96877E-6 1.8733E-6 1.09557E-5 1.06364E-5 7.8406E-6 1.33646E-6
1.65784E-5 1.45355E-5 3.61403E-5 3.3718E-5 2.23375E-5 2.1475E-5 2.59179E-5 2.57744E-5 3.416E-5 3.36101E-5 3.10533E-5 9.98871E-6 7.02586E-6 4.81043E-6 3.25343E-6 2.6779E-6 2.49011E-6 2.62393E-6 2.71228E-6 1.95966E-6 2.52182E-6 2.44068E-6 2.375E-6 2.32565E-6 2.20891E-6 2.72307E-6 1.63553E-6 1.70052E-6 3.28805E-6 3.58126E-6 3.53685E-6 3.71563E-6 3.34448E-6 7.33838E-6 4.58456E-6 4.91414E-6 5.10125E-6 5.60104E-6 6.07171E-6 7.08699E-6 1.1929E-5 1.03495E-5 1.13334E-5 2.4592E-5 2.91726E-5 2.04767E-5 2.81377E-5 3.18629E-5 3.79031E-5 4.54562E-5 2.56389E-5 2.16638E-5 5.36906E-5 5.1913E-5 1.39671E-5 1.12039E-5 1.66384E-5 1.41877E-5 6.57205E-6 6.21408E-6 5.61965E-6 5.42858E-6 5.75802E-6 2.95182E-5 1.97042E-5 7.23279E-6
3.73166E-5 3.32834E-5 3.0811E-5 2.89132E-5 4.82355E-5 5.02815E-5 2.22723E-5 2.46589E-5 3.68882E-5 3.89264E-5 3.74671E-5 3.23136E-5 9.58464E-6 6.57088E-6 4.76791E-6 4.01336E-6 3.64418E-6 3.50466E-6 3.2876E-6 2.46026E-6 3.42115E-6 3.12397E-6 3.14597E-6 3.09161E-6 3.10689E-6 3.46606E-6 3.50034E-6 3.64293E-6 3.94396E-6 4.23545E-6 4.58342E-6 4.45896E-6 5.97929E-6 9.23401E-6 8.90472E-6 5.60255E-6 6.31031E-6 6.74153E-6 7.397E-6 8.72066E-6 9.42957E-6 8.40703E-6 8.64117E-6 1.90705E-5 2.29589E-5 2.15869E-5 2.52069E-5 2.99136E-5 2.37243E-5 3.51286E-5 2.55068E-5 2.86835E-5 2.17914E-5 1.93386E-5 2.87508E-5 2.31634E-5 1.7785E-5 1.49503E-5 1.3223E-5 1.29534E-5 1.31541E-5 1.35171E-5 1.31682E-5 7.14924E-5 5.09768E-5 2.16082E-5
3.27835E-5 2.86027E-5 2.61036E-5 4.23559E-5 2.66534E-5 3.03664E-5 2.84669E-5 2.97064E-5 3.20254E-5 3.45082E-5 3.9025E-5 3.48064E-5 2.70279E-5 1.12896E-5 6.67297E-6 5.66011E-6 5.22566E-6 4.4736E-6 4.11991E-6 2.9789E-6 3.14641E-6 4.06877E-6 3.82447E-6 4.01669E-6 3.82882E-6 4.34042E-6 4.39594E-6 4.40424E-6 4.73935E-6 4.88293E-6 5.30121E-6 5.46923E-6 7.69417E-6 1.2703E-5 1.22256E-5 1.19869E-5 1.21452E-5 1.38001E-5 1.55907E-5 1.68132E-5 1.74505E-5 2.01794E-5 2.25582E-5 2.47446E-5 1.7897E-5 1.85308E-5 1.93511E-5 1.97176E-5 1.84996E-5 1.48145E-5 1.91057E-5 4.18545E-5 2.32062E-5 2.01323E-5 3.20615E-5 2.54748E-5 1.96774E-5 1.79773E-5 1.56769E-5 1.56177E-5 1.8649E-5 1.98615E-5 1.81064E-5 8.94803E-6 7.3838E-5 5.19671E-5
2.86499E-5 2.39401E-5 5.5076E-5 2.41585E-5 2.9264E-5 2.82048E-5 2.89777E-5 2.68827E-5 2.15425E-5 2.28453E-5 3.0022E-5 3.39965E-5 2.96332E-5 2.66569E-5 1.60424E-5 7.46313E-6 6.95229E-6 6.06452E-6 5.22852E-6 4.71835E-6 3.77275E-6 5.14919E-6 5.2615E-6 4.72455E-6 5.0385E-6 5.48432E-6 5.36653E-6 5.24583E-6 5.68939E-6 5.8837E-6 6.28461E-6 9.79027E-6 9.09264E-6 1.63495E-5 1.54046E-5 1.55173E-5 1.6181E-5 1.60967E-5 1.84135E-5 1.91076E-5 2.07527E-5 2.17172E-5 2.35044E-5 2.37718E-5 3.90016E-5 1.34233E-5 1.51889E-5 1.633E-5 1.68475E-5 3.20922E-5 3.7843E-5 4.85758E-5 4.09362E-5 3.61476E-5 3.615E-5 3.23498E-5 2.76406E-5 2.47456E-5 2.42411E-5 4.35763E-5 2.3695E-5 2.48639E-5 2.80636E-5 3.0374E-5 1.09633E-4 5.61835E-5
3.47699E-5 3.18901E-5 5.17907E-5 2.80689E-5 2.77182E-5 3.86718E-5 2.66248E-5 2.18058E-5 1.82208E-5 2.32166E-5 2.33755E-5 2.88433E-5 3.017E-5 3.0121E-5 2.87758E-5 1.80521E-5 8.76477E-6 7.38615E-6 6.59826E-6 6.34184E-6 4.14544E-6 1.0611E-5 5.88348E-6 1.03969E-5 1.06385E-5 6.65307E-6 6.60516E-6 6.74242E-6 6.89867E-6 1.00877E-5 1.10763E-5 1.1773E-5 2.09701E-5 2.02674E-5 2.15421E-5 2.27825E-5 2.2503E-5 2.1161E-5 2.04657E-5 2.29733E-5 2.61098E-5 2.62165E-5 4.76499E-5 4.66239E-5 4.09218E-5 2.34186E-5 1.3254E-5 2.80402E-5 3.07791E-5 3.15305E-5 3.41896E-5 3.86419E-5 3.41705E-5 3.22841E-5 2.97383E-5 4.21062E-5 3.59175E-5 3.20431E-5 5.43745E-5 8.12646E-5 8.87844E-5 1.02754E-4 4.68196E-5 4.62706E-5 3.20864E-5 1.78116E-5
4.2797E-5 3.52167E-5 2.45163E-5 3.7331E-5 3.7572E-5 3.69821E-5 3.29499E-5 2.61142E-5 1.62665E-5 2.07657E-5 2.94502E-5 2.54709E-5 2.95246E-5 3.03474E-5 3.1602E-5 2.93602E-5 1.94266E-5 9.55956E-6 8.43342E-6 7.89476E-6 4.92042E-6 1.34698E-5 1.36122E-5 1.24526E-5 1.37003E-5 8.08001E-6 8.30286E-6 8.37783E-6 8.5179E-6 2.25763E-5 2.36707E-5 2.50303E-5 2.62276E-5 2.55059E-5 2.75544E-5 3.00695E-5 3.14601E-5 4.17025E-5 2.61625E-5 2.77792E-5 3.32474E-5 5.80127E-5 5.82815E-5 5.69074E-5 5.47294E-5 4.72928E-5 3.19003E-5 3.09633E-5 3.48042E-5 3.79488E-5 3.90222E-5 4.23311E-5 3.57418E-5 6.29306E-5 7.14951E-5 8.88562E-5 7.70098E-5 9.66185E-5 1.00498E-4 9.92297E-5 1.15089E-4 1.17622E-4 1.22316E-4 1.375E-4 1.20777E-4 1.04975E-4
5.58641E-5 4.46587E-5 3.8792E-5 3.80259E-5 3.68012E-5 3.41415E-5 2.93913E-5 2.63442E-5 1.9963E-5 2.15572E-5 3.12101E-5 4.01125E-5 3.00095E-5 3.22306E-5 3.30316E-5 3.32801E-5 3.09282E-5 2.09437E-5 1.11765E-5 1.07116E-5 7.38054E-6 1.61535E-5 1.56196E-5 1.60637E-5 1.74451E-5 9.62667E-6 9.84847E-6 1.77841E-5 2.7516E-5 2.77954E-5 2.87909E-5 3.07313E-5 5.95265E-5 3.49973E-5 3.49361E-5 3.73606E-5 5.62954E-5 5.6212E-5 9.06786E-5 9.41893E-5 6.83814E-5 6.68739E-5 7.1976E-5 7.26275E-5 7.32069E-5 7.17899E-5 4.10339E-5 3.69455E-5 3.80827E-5 4.51394E-5 7.56108E-5 8.60956E-5 7.89888E-5 6.72229E-5 8.18532E-5 1.30912E-4 1.0464E-4 8.77613E-5 8.80489E-5 1.78053E-4 2.12912E-4 1.81384E-4 1.8497E-4 9.41812E-5 1.81661E-4 1.71191E-4
6.201E-5 5.24424E-5 4.31024E-5 3.70288E-5 3.63129E-5 3.27788E-5 2.9645E-5 2.65889E-5 2.29903E-5 2.51381E-5 3.6625E-5 4.17548E-5 4.21425E-5 3.32511E-5 3.43085E-5 3.46989E-5 3.06589E-5 2.28032E-5 2.21274E-5 1.2505E-5 1.38652E-5 1.93579E-5 2.01217E-5 3.56422E-5 2.03385E-5 1.95753E-5 3.15413E-5 2.97515E-5 3.31829E-5 3.50056E-5 6.64467E-5 6.759E-5 9.68348E-5 1.01056E-4 1.17976E-4 1.29297E-4 1.24563E-4 1.26942E-4 1.24209E-4 1.24827E-4 1.36651E-4 1.37625E-4 9.51372E-5 1.81613E-4 1.98138E-4 1.6941E-4 1.28318E-4 7.51767E-5 8.39759E-5 9.03523E-5 9.21286E-5 9.49553E-5 1.69541E-4 9.08808E-5 1.23958E-4 1.2028E-4 9.41072E-5 1.26851E-4 1.27108E-4 1.82651E-4 2.59795E-4 2.00194E-4 1.42629E-4 1.17984E-4 1.00188E-4 8.82773E-5
1.35069E-4 1.25674E-4 1.06083E-4 8.72336E-5 6.50106E-5 5.73314E-5 7.09595E-5 3.50381E-5 2.65322E-5 3.20004E-5 4.08428E-5 4.74401E-5 4.78716E-5 3.70379E-5 3.66934E-5 3.6302E-5 3.30171E-5 5.60056E-5 2.14502E-5 1.51496E-5 1.22724E-5 2.44028E-5 4.03185E-5 3.95379E-5 5.44101E-5 3.54668E-5 3.70486E-5 3.79055E-5 7.30463E-5 7.38667E-5 7.32946E-5 1.12561E-4 1.18132E-4 1.24586E-4 1.44649E-4 1.51895E-4 1.44824E-4 1.60896E-4 1.62792E-4 3.04816E-4 3.2387E-4 3.20716E-4 3.50257E-4 3.91652E-4 2.62404E-4 2.10024E-4 1.56103E-4 1.30825E-4 9.50342E-5 1.02249E-4 1.06156E-4 1.10677E-4 1.54231E-4 1.30217E-4 2.13362E-4 1.96495E-4 1.7547E-4 1.39262E-4 1.44383E-4 1.9672E-4 2.07263E-4 2.09866E-4 1.2487E-4 7.99397E-5 1.25153E-4 7.93899E-5
1.58969E-4 1.60209E-4 1.42413E-4 1.13275E-4 1.24852E-4 1.05575E-4 9.45347E-5 9.62295E-5 7.29446E-5 7.89509E-5 8.66728E-5 9.65889E-5 9.35305E-5 9.81786E-5 7.03926E-5 6.45251E-5 6.5012E-5 3.4951E-5 2.69927E-5 2.92863E-5 1.7204E-5 3.24526E-5 4.72208E-5 6.2067E-5 6.26292E-5 7.36612E-5 4.43163E-5 8.90368E-5 8.68531E-5 1.24302E-4 1.32332E-4 1.32804E-4 2.60761E-4 2.60988E-4 3.13334E-4 3.07444E-4 2.97227E-4 3.28456E-4 3.70969E-4 3.78678E-4 5.5003E-4 5.62142E-4 4.05638E-4 4.56608E-4 4.51769E-4 2.39857E-4 1.69171E-4 1.39521E-4 9.81893E-5 1.96305E-4 1.09603E-4 1.56607E-4 2.75976E-4 2.53619E-4 2.0992E-4 2.04584E-4 1.93433E-4 1.67745E-4 1.70106E-4 1.84085E-4 3.16668E-4 3.2284E-4 2.13222E-4 1.45293E-4 1.6207E-4 6.85998E-5
1.87776E-4 2.08783E-4 1.73999E-4 1.92134E-4 1.48958E-4 1.35084E-4 1.26455E-4 1.24475E-4 9.3381E-5 1.00326E-4 1.10232E-4 1.0774E-4 1.02441E-4 1.03338E-4 1.04738E-4 6.95934E-5 7.35299E-5 4.17972E-5 4.13692E-5 2.76473E-5 3.34279E-5 3.44655E-5 5.23398E-5 6.88202E-5 7.83162E-5 8.40739E-5 9.26351E-5 9.54112E-5 1.89717E-4 2.65715E-4 2.41885E-4 2.64565E-4 2.71527E-4 5.17594E-4 8.44562E-4 4.77773E-4 8.99632E-4 5.41478E-4 6.14665E-4 6.32245E-4 5.97175E-4 6.20955E-4 4.51809E-4 4.56776E-4 4.26807E-4 3.54193E-4 1.73028E-4 2.5084E-4 2.52856E-4 2.72103E-4 2.98557E-4 2.98566E-4 2.96618E-4 3.01594E-4 2.74197E-4 2.48651E-4 4.62157E-4 3.82576E-4 2.57689E-4 2.3725E-4 2.84267E-4 2.57646E-4 3.03844E-4 2.01285E-4 1.63107E-4 1.48344E-4
1.87305E-4 2.09616E-4 2.33055E-4 2.02707E-4 1.71686E-4 1.64001E-4 1.55068E-4 1.60964E-4 1.20977E-4 1.21156E-4 1.27878E-4 1.2791E-4 1.17915E-4 1.14605E-4 1.08645E-4 1.01558E-4 8.30455E-5 4.41585E-5 4.2958E-5 7.73936E-5 7.95045E-5 3.62509E-5 5.78742E-5 8.42647E-5 9.60088E-5 1.02198E-4 1.4474E-4 2.66356E-4 2.93909E-4 2.93411E-4 5.41548E-4 4.9155E-4 8.24944E-4 8.98044E-4 9.93152E-4 1.00971E-3 1.06823E-3 1.12541E-3 6.54705E-4 7.06009E-4 9.56267E-4 6.99556E-4 6.76255E-4 6.68188E-4 5.67261E-4 6.16042E-4 4.85457E-4 3.94832E-4 2.10976E-4 2.31125E-4 2.66078E-4 2.91105E-4 3.08241E-4 3.27144E-4 3.44692E-4 2.67812E-4 4.33462E-4 4.55263E-4 6.02426E-4 3.77416E-4 3.55399E-4 3.2228E-4 2.78559E-4 2.67174E-4 2.20209E-4 2.31347E-4
1.62708E-4 1.6518E-4 2.13387E-4 3.64587E-4 3.48111E-4 3.05607E-4 3.0917E-4 3.21754E-4 1.81943E-4 1.415E-4 1.35934E-4 1.32055E-4 1.23603E-4 1.13695E-4 1.9311E-4 1.19766E-4 1.19632E-4 8.40416E-5 8.06675E-5 7.83467E-5 8.32284E-5 6.80382E-5 8.75735E-5 1.68624E-4 1.88052E-4 1.89812E-4 2.95439E-4 3.10562E-4 3.393E-4 3.47571E-4 9.01216E-4 9.31276E-4 9.6744E-4 9.67201E-4 1.13028E-3 1.09113E-3 1.19946E-3 1.50026E-3 8.10809E-4 1.28444E-3 1.1891E-3 5.40429E-4 9.65833E-4 9.30951E-4 5.82601E-4 9.67607E-4 7.21753E-4 3.99994E-4 3.15213E-4 2.16464E-4 2.70216E-4 4.5594E-4 4.88922E-4 5.57319E-4 4.47741E-4 4.49733E-4 8.58951E-4 8.04208E-4 6.96236E-4 4.2572E-4 5.24938E-4 2.69168E-4 2.00176E-4 4.13539E-4 3.38438E-4 4.34036E-4
1.4983E-4 3.73121E-4 3.5413E-4 3.36772E-4 3.35292E-4 3.17289E-4 3.3501E-4 3.49138E-4 3.7684E-4 4.25102E-4 4.31207E-4 2.80443E-4 3.75955E-4 2.44962E-4 2.31407E-4 2.27425E-4 1.22138E-4 8.32532E-5 8.21884E-5 8.68522E-5 8.94297E-5 1.65047E-4 1.71058E-4 1.71137E-4 1.24948E-4 1.80599E-4 4.93574E-4 5.44319E-4 3.44694E-4 6.47426E-4 7.6944E-4 1.18293E-3 1.27471E-3 2.21699E-3 3.4187E-3 3.38937E-3 2.65674E-3 2.39251E-3 2.61884E-3 1.73139E-3 1.80114E-3 1.76813E-3 1.1646E-3 1.08259E-3 9.10633E-4 7.07404E-4 5.82604E-4 3.30098E-4 2.94616E-4 4.24525E-4 2.95572E-4 4.77562E-4 4.14484E-4 8.81136E-4 4.83679E-4 1.01539E-3 1.11624E-3 1.11163E-3 8.9979E-4 4.56225E-4 6.22226E-4 5.80591E-4 2.27729E-4 5.95146E-4 5.18628E-4 6.52967E-4
2.65189E-4 3.65159E-4 3.67513E-4 3.68799E-4 3.45218E-4 3.52752E-4 3.68697E-4 3.99207E-4 4.39301E-4 4.60916E-4 4.73249E-4 4.74089E-4 4.30688E-4 2.83094E-4 2.6047E-4 2.56415E-4 2.56456E-4 2.37777E-4 1.69155E-4 1.61627E-4 1.70038E-4 1.6895E-4 1.92554E-4 1.86556E-4 1.2967E-4 2.14954E-4 4.47301E-4 6.50283E-4 7.18105E-4 7.88545E-4 8.72511E-4 8.85306E-4 1.38956E-3 2.59127E-3 3.68696E-3 3.84592E-3 3.89825E-3 4.85105E-3 1.83363E-3 2.03585E-3 2.16938E-3 2.02543E-3 1.37323E-3 1.21019E-3 1.04448E-3 8.78577E-4 1.36021E-3 8.36781E-4 4.26509E-4 7.09966E-4 6.38423E-4 7.1447E-4 8.6711E-4 9.84897E-4 9.8419E-4 1.25701E-3 1.4795E-3 1.39598E-3 1.1164E-3 7.88754E-4 5.48731E-4 5.16678E-4 4.63101E-4 3.99503E-4 6.36656E-4 5.07066E-4
3.7107E-4 3.83108E-4 3.82885E-4 3.89821E-4 3.88244E-4 3.95506E-4 4.14035E-4 4.34039E-4 4.7166E-4 4.89606E-4 4.94568E-4 5.02337E-4 4.55887E-4 4.42644E-4 3.01772E-4 2.96366E-4 2.70691E-4 2.67463E-4 2.59086E-4 2.50241E-4 1.87316E-4 1.83169E-4 2.00513E-4 2.03446E-4 2.16178E-4 2.4056E-4 4.56358E-4 7.2323E-4 7.17581E-4 1.41769E-3 1.63003E-3 1.88783E-3 2.70609E-3 2.7834E-3 4.18846E-3 4.24261E-3 5.72865E-3 3.26263E-3 3.43269E-3 3.86054E-3 4.27069E-3 4.554E-3 4.52842E-3 2.18599E-3 2.42438E-3 2.19006E-3 1.92273E-3 1.8228E-3 1.64302E-3 9.98414E-4 9.22604E-4 1.01104E-3 1.20559E-3 1.3417E-3 1.44614E-3 1.4803E-3 1.8085E-3 1.6705E-3 1.2997E-3 1.1181E-3 6.9286E-4 5.75407E-4 4.96853E-4 4.41421E-4 6.90314E-4 5.17144E-4
4.07436E-4 4.23396E-4 4.07632E-4 7.57891E-4 7.74856E-4 1.06755E-3 8.24984E-4 8.53644E-4 8.54026E-4 8.7927E-4 8.4245E-4 8.32489E-4 4.88659E-4 5.12156E-4 3.65645E-4 3.45634E-4 3.22954E-4 5.58468E-4 3.1597E-4 2.42474E-4 2.28492E-4 2.25304E-4 4.04253E-4 3.93406E-4 4.25774E-4 5.7596E-4 6.098E-4 6.73125E-4 7.62098E-4 1.40396E-3 2.22805E-3 2.4643E-3 2.66048E-3 4.7791E-3 4.13795E-3 4.29238E-3 5.76405E-3 8.57551E-3 6.53877E-3 7.06109E-3 7.25889E-3 4.30383E-3 5.20372E-3 4.77077E-3 4.07761E-3 2.83997E-3 2.75018E-3 2.55723E-3 2.51382E-3 2.43656E-3 2.16554E-3 2.4244E-3 2.46065E-3 1.88232E-3 1.97519E-3 1.93695E-3 1.89866E-3 1.71E-3 1.45463E-3 1.02372E-3 1.15134E-3 8.22085E-4 7.09551E-4 5.07944E-4 8.16164E-4 9.19347E-4
7.94523E-4 7.89837E-4 7.91635E-4 1.08096E-3 1.09322E-3 1.08975E-3 1.15536E-3 1.13468E-3 1.15622E-3 8.93142E-4 8.94086E-4 9.97157E-4 5.42688E-4 5.72229E-4 5.66298E-4 4.13929E-4 4.00481E-4 6.55453E-4 6.7948E-4 6.54202E-4 6.40835E-4 6.30304E-4 4.60203E-4 6.18394E-4 6.119E-4 6.09785E-4 1.1687E-3 1.69604E-3 1.37581E-3 1.95183E-3 2.21302E-3 3.38165E-3 6.77917E-3 6.71052E-3 4.77359E-3 7.36883E-3 8.13461E-3 8.23963E-3 8.77115E-3 9.53199E-3 6.7083E-3 6.8973E-3 8.78949E-3 5.02338E-3 4.55149E-3 3.44023E-3 3.35127E-3 3.19347E-3 3.20482E-3 3.33204E-3 3.04197E-3 2.98106E-3 3.07967E-3 3.16731E-3 2.2346E-3 2.11946E-3 2.08592E-3 1.91095E-3 1.65717E-3 1.77983E-3 6.91066E-4 1.01224E-3 9.13278E-4 8.997E-4 1.0325E-3 1.1073E-3
8.62677E-4 8.57185E-4 8.61889E-4 1.0994E-3 1.0536E-3 1.11691E-3 1.20618E-3 2.08122E-3 2.10807E-3 1.23071E-3 1.32061E-3 1.47375E-3 1.53043E-3 6.27988E-4 6.02834E-4 5.866E-4 1.02917E-3 7.13763E-4 6.79471E-4 6.95756E-4 6.32486E-4 6.95789E-4 6.58552E-4 6.80039E-4 1.1631E-3 6.62583E-4 9.18954E-4 1.82132E-3 1.98568E-3 1.97585E-3 5.62367E-3 6.01839E-3 4.3102E-3 4.66205E-3 6.26236E-3 1.26067E-2 7.75796E-3 7.68916E-3 8.27176E-3 8.68853E-3 9.29068E-3 1.011E-2 4.56833E-3 5.11438E-3 4.93373E-3 5.10702E-3 4.46596E-3 5.74337E-3 3.39248E-3 3.53841E-3 3.24168E-3 2.96665E-3 2.94119E-3 2.93196E-3 2.99728E-3 2.08617E-3 2.05927E-3 2.07781E-3 2.1304E-3 2.24494E-3 1.5291E-3 1.66072E-3 1.58801E-3 1.08052E-3 6.92542E-4 1.39962E-3
8.96995E-4 1.2401E-3 9.08601E-4 1.99518E-3 1.91177E-3 2.00374E-3 2.12798E-3 2.08297E-3 2.06526E-3 2.26793E-3 2.51654E-3 1.62216E-3 1.23557E-3 1.24681E-3 8.26228E-4 8.09029E-4 7.98059E-4 6.22354E-4 8.03334E-4 9.48136E-4 1.24743E-3 1.29247E-3 1.25758E-3 1.29924E-3 1.22078E-3 1.65924E-3 1.61406E-3 1.78547E-3 1.91099E-3 2.0442E-3 5.47239E-3 5.04925E-3 5.3698E-3 5.40382E-3 9.72589E-3 1.2387E-2 1.33305E-2 7.79776E-3 1.55705E-2 9.21725E-3 1.00941E-2 1.06781E-2 1.15845E-2 9.1173E-3 9.37517E-3 8.79688E-3 8.30081E-3 8.23733E-3 8.48605E-3 3.19042E-3 2.73254E-3 2.68098E-3 2.64137E-3 2.56973E-3 3.03619E-3 3.06237E-3 3.07512E-3 3.16722E-3 2.42514E-3 2.3552E-3 1.66296E-3 1.72581E-3 1.13114E-3 1.22095E-3 1.42331E-3 1.55431E-3
