Leopardus geoffroyi/Leopardus_geoffroyi_projection 2041-2060.asc
ncols         515
nrows         545
xllcorner     -119.0
yllcorner     -58.333333333333
cellsize      0.166666666667
NODATA_value  -9999
[rows 319 to 347 of 545, columns 330 to 395 of 515]
2.2436E-1 2.68461E-1 3.25489E-1 3.66574E-1 3.97035E-1 3.61777E-1 3.46926E-1 3.45638E-1 3.50082E-1 4.27408E-1 2.7633E-1 2.61972E-1 2.70464E-1 2.77518E-1 2.67691E-1 2.52582E-1 2.41842E-1 2.31795E-1 2.24837E-1 2.17392E-1 2.14341E-1 2.13198E-1 2.10021E-1 2.06633E-1 2.10195E-1 1.99673E-1 1.91815E-1 1.87093E-1 1.88424E-1 1.84212E-1 1.79122E-1 1.73692E-1 1.63169E-1 1.61359E-1 1.38775E-1 1.31442E-1 1.0836E-1 9.66685E-2 8.6311E-2 8.24111E-2 8.36146E-2 7.24807E-2 5.45205E-2 5.27251E-2 6.14164E-2 5.23965E-2 5.17831E-2 4.83596E-2 4.31262E-2 3.90365E-2 3.20376E-2 2.65464E-2 2.25749E-2 1.44772E-2 1.00198E-2 9.52341E-3 7.50748E-3 7.2192E-3 7.64386E-3 7.58724E-3 1.02563E-2 1.16604E-2 1.44966E-2 1.57498E-2 1.56824E-2 1.86066E-2
2.46436E-1 2.8351E-1 3.49841E-1 3.88357E-1 3.88054E-1 3.60043E-1 3.84079E-1 3.83574E-1 3.79013E-1 4.15219E-1 2.99209E-1 2.8277E-1 2.76539E-1 2.9124E-1 2.8249E-1 2.70486E-1 2.56625E-1 2.49245E-1 2.4479E-1 2.46102E-1 2.4414E-1 2.48991E-1 2.33178E-1 2.33634E-1 2.31335E-1 2.31178E-1 2.16869E-1 2.06168E-1 2.02914E-1 2.07435E-1 1.96818E-1 1.8144E-1 1.72239E-1 1.64499E-1 1.52378E-1 1.4385E-1 1.19437E-1 1.14536E-1 1.03982E-1 9.31519E-2 9.2914E-2 8.49976E-2 6.78358E-2 6.49058E-2 6.34089E-2 6.63546E-2 6.45498E-2 6.31729E-2 5.24989E-2 4.5285E-2 3.73347E-2 2.87954E-2 2.33403E-2 1.74389E-2 1.14916E-2 1.46282E-2 1.39079E-2 9.60438E-3 1.18526E-2 1.19718E-2 1.3997E-2 1.22477E-2 1.64746E-2 1.96609E-2 2.03045E-2 1.97732E-2
2.45076E-1 2.79428E-1 3.30974E-1 4.18043E-1 4.23513E-1 3.78378E-1 3.90633E-1 4.21336E-1 4.25162E-1 4.43433E-1 3.02859E-1 4.47743E-1 2.81195E-1 2.81287E-1 2.87395E-1 2.83406E-1 3.06338E-1 2.88049E-1 2.96488E-1 2.66116E-1 2.70712E-1 2.79525E-1 2.66899E-1 2.71039E-1 2.59307E-1 2.57158E-1 2.44921E-1 2.40509E-1 2.32995E-1 2.26657E-1 2.06462E-1 1.97622E-1 1.8913E-1 1.80829E-1 1.6444E-1 1.49529E-1 1.33636E-1 1.2768E-1 1.13374E-1 9.76508E-2 9.35895E-2 9.41969E-2 8.34921E-2 7.56715E-2 7.37547E-2 7.88678E-2 7.86226E-2 6.99453E-2 6.51356E-2 5.43851E-2 4.24738E-2 3.92251E-2 3.07002E-2 2.67493E-2 2.37152E-2 1.71316E-2 1.43145E-2 1.41994E-2 1.27501E-2 1.40012E-2 1.37439E-2 1.52588E-2 1.56373E-2 1.98976E-2 2.24661E-2 2.68185E-2
2.59227E-1 2.82652E-1 3.2511E-1 3.84433E-1 4.27673E-1 4.29976E-1 4.10022E-1 4.57935E-1 4.67713E-1 4.65677E-1 4.90385E-1 4.61988E-1 3.85594E-1 3.60255E-1 3.04878E-1 3.37226E-1 3.22157E-1 3.08837E-1 3.15376E-1 3.1736E-1 3.14336E-1 3.21201E-1 3.05559E-1 2.97653E-1 3.02966E-1 2.92132E-1 2.74395E-1 2.67519E-1 2.54162E-1 2.48663E-1 2.24026E-1 2.23097E-1 2.08008E-1 2.02639E-1 1.74187E-1 1.62328E-1 1.43174E-1 1.34856E-1 1.2169E-1 1.08322E-1 1.04758E-1 1.00447E-1 8.88985E-2 8.02326E-2 8.70182E-2 8.7075E-2 8.70124E-2 7.92454E-2 7.49869E-2 6.68917E-2 5.44287E-2 5.15138E-2 4.41961E-2 3.79821E-2 3.56859E-2 2.84353E-2 1.80266E-2 1.9111E-2 1.69701E-2 1.63649E-2 1.81636E-2 1.858E-2 1.87465E-2 2.52273E-2 2.60465E-2 3.06698E-2
2.94818E-1 3.28683E-1 3.70284E-1 3.87147E-1 4.4732E-1 4.70321E-1 4.58124E-1 4.73263E-1 4.87904E-1 5.00887E-1 4.7658E-1 4.60164E-1 4.19092E-1 3.80821E-1 3.57002E-1 3.4457E-1 3.44652E-1 3.32634E-1 3.37161E-1 3.35439E-1 3.36512E-1 3.32155E-1 3.35504E-1 3.35568E-1 3.30551E-1 3.29138E-1 3.06926E-1 3.00845E-1 2.86136E-1 2.69451E-1 2.61385E-1 2.48242E-1 2.37648E-1 2.17473E-1 2.01845E-1 1.77052E-1 1.54061E-1 1.43872E-1 1.2689E-1 1.14018E-1 1.02728E-1 1.03021E-1 9.67857E-2 9.2049E-2 9.70962E-2 9.51893E-2 9.7278E-2 8.85856E-2 8.18344E-2 7.01522E-2 6.39614E-2 6.33946E-2 6.12674E-2 5.22591E-2 4.56279E-2 4.07646E-2 3.03959E-2 2.30397E-2 2.26193E-2 2.22045E-2 2.22154E-2 2.35291E-2 2.37874E-2 2.79579E-2 3.05054E-2 3.78735E-2
2.90503E-1 3.63264E-1 3.90191E-1 3.86407E-1 4.37957E-1 4.87272E-1 4.93728E-1 5.12444E-1 5.13276E-1 5.08898E-1 4.76524E-1 4.67655E-1 4.26586E-1 3.88392E-1 3.79306E-1 3.62993E-1 3.46059E-1 3.49006E-1 3.41006E-1 3.41137E-1 3.47464E-1 3.68088E-1 3.69438E-1 3.68005E-1 3.62295E-1 3.68405E-1 3.49409E-1 3.31811E-1 3.18299E-1 3.03712E-1 2.91058E-1 2.79518E-1 2.6028E-1 2.42252E-1 2.14645E-1 1.85585E-1 1.60932E-1 1.4357E-1 1.22392E-1 1.14271E-1 1.05314E-1 1.05946E-1 9.90339E-2 9.58939E-2 9.99137E-2 9.99531E-2 1.01338E-1 9.60856E-2 9.35875E-2 7.99823E-2 7.53584E-2 7.78118E-2 7.42427E-2 7.26613E-2 6.17932E-2 5.50641E-2 4.49864E-2 3.41139E-2 2.56263E-2 2.69818E-2 2.85813E-2 2.66948E-2 2.91642E-2 3.58176E-2 3.75654E-2 4.30179E-2
2.92148E-1 3.51347E-1 3.76537E-1 3.73316E-1 4.30681E-1 5.02511E-1 5.26893E-1 5.07828E-1 5.25227E-1 5.22902E-1 4.9572E-1 4.75983E-1 4.21295E-1 4.07756E-1 3.77225E-1 3.65984E-1 3.49607E-1 3.48976E-1 3.49701E-1 3.54576E-1 3.74121E-1 3.9469E-1 4.00052E-1 3.98752E-1 4.04566E-1 3.95699E-1 3.90935E-1 3.664E-1 3.47658E-1 3.26991E-1 3.13072E-1 3.03125E-1 2.85778E-1 2.65681E-1 2.36981E-1 2.08353E-1 1.72777E-1 1.42033E-1 1.22938E-1 1.11857E-1 1.10669E-1 1.09805E-1 9.87154E-2 9.95118E-2 1.05755E-1 1.04686E-1 9.71564E-2 9.84807E-2 9.50813E-2 8.66003E-2 8.61315E-2 8.70217E-2 8.9757E-2 8.54422E-2 8.09546E-2 6.49991E-2 5.14956E-2 3.84788E-2 3.02115E-2 2.71452E-2 2.76922E-2 2.93905E-2 3.13788E-2 3.6782E-2 3.90792E-2 4.86859E-2
2.71587E-1 3.06637E-1 3.0388E-1 3.42409E-1 4.3403E-1 4.88479E-1 5.43821E-1 5.18493E-1 5.53832E-1 5.60579E-1 5.1587E-1 4.86712E-1 4.33853E-1 4.17368E-1 3.83222E-1 3.70312E-1 3.53722E-1 3.64952E-1 3.67301E-1 3.76671E-1 3.77741E-1 4.08E-1 4.31939E-1 4.32328E-1 4.27094E-1 4.23571E-1 4.23038E-1 4.06015E-1 3.85026E-1 3.69241E-1 3.39885E-1 3.23947E-1 3.0911E-1 2.96315E-1 2.54905E-1 2.10858E-1 1.79353E-1 1.50126E-1 1.25802E-1 1.17138E-1 1.16185E-1 1.04689E-1 9.99912E-2 1.0533E-1 1.0884E-1 1.06918E-1 1.05919E-1 9.57568E-2 8.52484E-2 8.29032E-2 8.92017E-2 9.61195E-2 1.02515E-1 1.02796E-1 9.09899E-2 7.42238E-2 5.81838E-2 4.32375E-2 3.03913E-2 2.98237E-2 2.77082E-2 2.95576E-2 3.5216E-2 4.05175E-2 4.85889E-2 5.39476E-2
2.27023E-1 2.41603E-1 2.52835E-1 3.16727E-1 3.88953E-1 4.57653E-1 5.26554E-1 5.46377E-1 5.29564E-1 5.47277E-1 5.32575E-1 4.99636E-1 4.38705E-1 4.28187E-1 4.01666E-1 3.86222E-1 3.70711E-1 3.70052E-1 3.8418E-1 3.89669E-1 3.9317E-1 4.27287E-1 4.53009E-1 4.61456E-1 4.56423E-1 4.45937E-1 4.46655E-1 4.35534E-1 4.22029E-1 3.93884E-1 3.86904E-1 3.54133E-1 3.37732E-1 3.22628E-1 2.77246E-1 2.2716E-1 1.78431E-1 1.4641E-1 1.25208E-1 1.22136E-1 1.13604E-1 1.02544E-1 9.95818E-2 1.02974E-1 1.07742E-1 1.07996E-1 9.88805E-2 9.01948E-2 7.89348E-2 7.94242E-2 8.79358E-2 9.17816E-2 1.05232E-1 1.05945E-1 1.01386E-1 7.98166E-2 5.73694E-2 4.298E-2 3.00714E-2 2.39756E-2 2.33134E-2 2.81849E-2 3.27622E-2 3.91972E-2 5.2582E-2 6.13384E-2
1.98881E-1 2.00933E-1 2.22224E-1 2.7001E-1 3.47121E-1 4.3399E-1 5.0675E-1 5.4279E-1 5.62613E-1 5.65025E-1 5.71222E-1 5.31355E-1 4.54877E-1 4.31972E-1 4.06909E-1 3.81353E-1 3.86819E-1 3.90836E-1 4.06953E-1 4.24535E-1 4.3206E-1 4.57958E-1 4.72626E-1 4.71674E-1 4.79446E-1 4.73706E-1 4.75537E-1 4.63791E-1 4.42626E-1 4.21529E-1 3.87545E-1 3.78509E-1 3.64076E-1 3.46728E-1 3.03173E-1 2.31766E-1 1.8795E-1 1.54632E-1 1.29847E-1 1.22936E-1 1.10344E-1 1.04632E-1 9.99134E-2 9.97832E-2 9.94579E-2 9.87386E-2 9.46632E-2 8.86682E-2 7.64005E-2 7.71103E-2 8.12961E-2 9.52956E-2 1.06019E-1 1.15341E-1 1.04573E-1 7.92123E-2 5.36383E-2 3.94253E-2 2.66533E-2 2.13589E-2 2.07843E-2 2.42954E-2 3.41143E-2 4.09756E-2 6.05596E-2 7.99878E-2
1.86728E-1 1.80118E-1 2.00781E-1 2.39358E-1 2.93941E-1 3.92197E-1 4.65112E-1 5.30747E-1 5.54632E-1 6.01053E-1 5.9541E-1 5.58551E-1 4.72272E-1 4.3574E-1 3.98838E-1 3.90386E-1 4.00845E-1 4.16897E-1 4.36764E-1 4.53031E-1 4.63918E-1 4.90235E-1 4.90758E-1 4.84854E-1 4.9495E-1 4.86669E-1 4.88428E-1 4.65512E-1 4.67237E-1 4.42175E-1 4.19015E-1 4.05851E-1 3.91161E-1 3.74848E-1 3.13368E-1 2.60273E-1 2.07303E-1 1.7064E-1 1.3669E-1 1.23255E-1 1.107E-1 1.01591E-1 9.50717E-2 9.29376E-2 8.99629E-2 9.12321E-2 8.56895E-2 8.05764E-2 7.19774E-2 6.85467E-2 7.01857E-2 7.9339E-2 9.1048E-2 1.02517E-1 9.55088E-2 7.69555E-2 5.65436E-2 3.60985E-2 2.8725E-2 2.30967E-2 1.99242E-2 2.6935E-2 3.7563E-2 5.64527E-2 7.73856E-2 1.01553E-1
1.69217E-1 1.64047E-1 1.70122E-1 2.00438E-1 2.76947E-1 3.68605E-1 4.44455E-1 5.2498E-1 5.70976E-1 5.89232E-1 6.3845E-1 5.56117E-1 5.15393E-1 4.70068E-1 4.2095E-1 4.36123E-1 4.4794E-1 4.55087E-1 4.64759E-1 4.8606E-1 4.99709E-1 5.14388E-1 5.13032E-1 5.10012E-1 4.99212E-1 4.99514E-1 4.86424E-1 4.68392E-1 4.60852E-1 4.51126E-1 4.31833E-1 4.21285E-1 4.00764E-1 3.92916E-1 3.4587E-1 2.85268E-1 2.3054E-1 1.8136E-1 1.44656E-1 1.24017E-1 1.03929E-1 9.4285E-2 9.13075E-2 8.70237E-2 8.60463E-2 8.08822E-2 8.41078E-2 8.27517E-2 7.40998E-2 6.47284E-2 6.52903E-2 6.84968E-2 7.73441E-2 7.94783E-2 7.92109E-2 6.73331E-2 5.33815E-2 4.45865E-2 3.68098E-2 2.97544E-2 2.79895E-2 3.46215E-2 5.46001E-2 7.50307E-2 1.00423E-1 1.08566E-1
1.74467E-1 1.57267E-1 1.67479E-1 2.11184E-1 2.57835E-1 3.44614E-1 4.22761E-1 4.93106E-1 5.53323E-1 5.45984E-1 5.73944E-1 5.4715E-1 5.14625E-1 4.87762E-1 4.73769E-1 4.82673E-1 4.88379E-1 4.98155E-1 5.12337E-1 5.14217E-1 5.34119E-1 5.40453E-1 5.41063E-1 5.34924E-1 5.24583E-1 5.04903E-1 4.96874E-1 4.96701E-1 4.74728E-1 4.52362E-1 4.39068E-1 4.36317E-1 4.25799E-1 4.09984E-1 3.83737E-1 3.15332E-1 2.61352E-1 2.02923E-1 1.5625E-1 1.25192E-1 1.02554E-1 9.23473E-2 8.60688E-2 8.36677E-2 8.36125E-2 8.29097E-2 7.52768E-2 7.68143E-2 7.46784E-2 7.27609E-2 6.36095E-2 6.4635E-2 6.96375E-2 7.50613E-2 7.21254E-2 6.2634E-2 5.76862E-2 5.01244E-2 4.29381E-2 3.94992E-2 3.85855E-2 5.10739E-2 7.21866E-2 9.65972E-2 1.2054E-1 1.32661E-1
1.83792E-1 1.57867E-1 1.92103E-1 2.36631E-1 2.87502E-1 3.58257E-1 4.25753E-1 4.93315E-1 5.48671E-1 5.44115E-1 5.37791E-1 5.46923E-1 4.98383E-1 4.81273E-1 4.91671E-1 5.0027E-1 5.11371E-1 5.20438E-1 5.31944E-1 5.47573E-1 5.52694E-1 5.64854E-1 5.57766E-1 5.50565E-1 5.32469E-1 5.08594E-1 4.92232E-1 4.87325E-1 4.72335E-1 4.55509E-1 4.32215E-1 4.35622E-1 4.4302E-1 4.4076E-1 4.04659E-1 3.42757E-1 2.9E-1 2.29126E-1 1.71804E-1 1.42268E-1 1.07476E-1 9.21072E-2 8.36235E-2 8.53191E-2 8.35481E-2 7.62932E-2 7.27166E-2 8.22716E-2 7.77777E-2 7.57346E-2 6.16919E-2 6.55301E-2 7.02465E-2 7.22528E-2 7.01676E-2 7.03415E-2 6.35457E-2 5.19162E-2 4.78767E-2 4.63187E-2 5.22397E-2 7.30041E-2 8.98047E-2 1.08281E-1 1.53176E-1 1.74826E-1
2.04449E-1 2.22712E-1 2.4838E-1 2.83735E-1 3.17313E-1 3.60749E-1 4.26294E-1 4.88082E-1 5.30168E-1 5.45373E-1 5.06492E-1 5.21119E-1 5.06827E-1 4.90005E-1 4.87397E-1 4.95083E-1 5.13221E-1 5.26697E-1 5.51798E-1 5.70428E-1 5.85481E-1 5.77474E-1 5.67913E-1 5.55992E-1 5.34136E-1 5.19755E-1 5.11674E-1 4.9658E-1 4.80617E-1 4.64783E-1 4.34583E-1 4.43552E-1 4.54502E-1 4.64445E-1 4.2568E-1 3.72167E-1 3.22257E-1 2.48577E-1 1.98049E-1 1.61254E-1 1.27571E-1 1.02153E-1 8.72067E-2 8.6999E-2 8.41876E-2 8.23912E-2 8.11827E-2 7.72683E-2 7.55454E-2 7.31027E-2 6.11681E-2 6.4955E-2 6.3089E-2 6.373E-2 6.43261E-2 6.78885E-2 6.68876E-2 6.18549E-2 5.8746E-2 5.93574E-2 7.00844E-2 1.03023E-1 1.1543E-1 1.34004E-1 1.91427E-1 2.12338E-1
2.56343E-1 2.93234E-1 2.91107E-1 3.15149E-1 3.56389E-1 4.00086E-1 4.3162E-1 4.75549E-1 5.24271E-1 5.33329E-1 4.91122E-1 4.75701E-1 4.84822E-1 4.79264E-1 4.79805E-1 4.94811E-1 5.13197E-1 5.31239E-1 5.54254E-1 5.77106E-1 5.90346E-1 5.9953E-1 5.84373E-1 5.68683E-1 5.39313E-1 5.29167E-1 5.1264E-1 4.89313E-1 4.83395E-1 4.59405E-1 4.21818E-1 4.44382E-1 4.74015E-1 4.72872E-1 4.362E-1 3.89617E-1 3.45404E-1 2.83966E-1 2.23375E-1 1.75372E-1 1.49227E-1 1.41354E-1 1.14542E-1 9.68612E-2 9.64127E-2 8.84809E-2 8.96273E-2 7.74899E-2 7.72108E-2 7.06033E-2 5.98474E-2 6.10406E-2 6.27506E-2 6.51279E-2 6.24278E-2 6.43077E-2 6.65835E-2 6.72567E-2 6.70303E-2 7.42775E-2 9.70769E-2 1.2466E-1 1.47805E-1 1.78134E-1 2.08309E-1 2.21407E-1
2.49596E-1 3.34971E-1 3.68078E-1 3.78067E-1 4.19985E-1 4.47717E-1 4.55261E-1 5.0667E-1 5.20477E-1 5.14123E-1 4.89195E-1 4.71922E-1 4.47305E-1 4.52806E-1 4.80013E-1 4.89429E-1 5.18002E-1 5.39019E-1 5.81218E-1 6.13694E-1 6.21665E-1 6.24737E-1 6.11027E-1 5.80487E-1 5.50228E-1 5.48391E-1 5.16365E-1 4.9742E-1 4.91169E-1 4.65469E-1 4.13928E-1 4.52159E-1 4.81624E-1 4.70263E-1 4.53676E-1 4.27415E-1 3.79058E-1 3.08444E-1 2.55625E-1 2.00299E-1 1.76883E-1 1.76813E-1 1.4314E-1 1.23297E-1 1.06376E-1 9.41686E-2 8.28309E-2 7.80888E-2 7.4861E-2 6.41637E-2 6.16549E-2 6.59306E-2 6.38931E-2 6.7693E-2 7.00881E-2 6.77627E-2 7.42802E-2 7.79073E-2 7.87943E-2 8.94607E-2 1.17054E-1 1.37826E-1 1.67246E-1 2.00576E-1 2.17976E-1 2.23471E-1
3.43967E-1 4.08683E-1 4.28883E-1 4.6606E-1 4.79908E-1 4.72387E-1 5.14158E-1 5.44959E-1 5.36968E-1 5.20014E-1 4.71094E-1 4.4368E-1 4.25059E-1 4.30837E-1 4.56866E-1 5.05959E-1 5.21598E-1 5.50356E-1 5.88531E-1 6.1E-1 6.35935E-1 6.40981E-1 6.18175E-1 5.86157E-1 5.70008E-1 5.62327E-1 5.21512E-1 4.99786E-1 4.98764E-1 4.9491E-1 4.80273E-1 4.90225E-1 5.00068E-1 4.77968E-1 4.53634E-1 4.38879E-1 4.03973E-1 3.46896E-1 2.81463E-1 2.38868E-1 2.06636E-1 1.78589E-1 1.42659E-1 1.19756E-1 1.10676E-1 9.06895E-2 8.06497E-2 7.937E-2 8.00852E-2 6.66454E-2 6.25816E-2 6.55318E-2 6.32478E-2 6.89222E-2 7.30397E-2 7.50961E-2 7.87393E-2 8.16484E-2 8.5122E-2 1.00629E-1 1.25283E-1 1.36761E-1 1.96733E-1 2.19284E-1 2.34078E-1 2.2462E-1
4.1194E-1 4.64024E-1 4.84469E-1 5.25376E-1 5.63117E-1 6.10494E-1 5.97736E-1 5.50713E-1 5.54471E-1 5.2168E-1 4.75432E-1 4.43324E-1 4.09832E-1 4.25593E-1 4.61241E-1 4.99193E-1 5.34738E-1 5.55057E-1 5.80726E-1 6.09474E-1 6.27439E-1 6.475E-1 6.22409E-1 5.8988E-1 5.75313E-1 5.61908E-1 5.33849E-1 5.30658E-1 5.32507E-1 5.40638E-1 5.3434E-1 5.44065E-1 5.22455E-1 5.01683E-1 4.66119E-1 4.48034E-1 4.36463E-1 3.75461E-1 3.13443E-1 2.58069E-1 2.21771E-1 1.82565E-1 1.48593E-1 1.30488E-1 1.13754E-1 9.83167E-2 8.9026E-2 8.32852E-2 8.0804E-2 7.45668E-2 6.86327E-2 6.53219E-2 6.80791E-2 7.45898E-2 7.7817E-2 8.41205E-2 8.75136E-2 9.0014E-2 9.51572E-2 1.09777E-1 1.0842E-1 1.34226E-1 1.95071E-1 2.43373E-1 2.02374E-1 2.14302E-1
4.95079E-1 5.26758E-1 5.86001E-1 5.99005E-1 6.0659E-1 6.10721E-1 6.92565E-1 6.35023E-1 5.70645E-1 5.33217E-1 4.83276E-1 4.46896E-1 4.15278E-1 4.3207E-1 4.72821E-1 5.00802E-1 5.35158E-1 5.65699E-1 5.88014E-1 6.11941E-1 6.39369E-1 6.31431E-1 6.10834E-1 5.85103E-1 5.71014E-1 5.56342E-1 5.39369E-1 5.4391E-1 5.62748E-1 5.63752E-1 5.70533E-1 5.69716E-1 5.42403E-1 5.11799E-1 4.92797E-1 4.73509E-1 4.502E-1 3.8952E-1 3.13235E-1 2.53828E-1 2.07117E-1 1.69542E-1 1.39743E-1 1.24145E-1 1.09638E-1 1.01613E-1 9.81863E-2 9.08724E-2 8.72484E-2 8.19177E-2 7.16042E-2 6.60992E-2 7.59006E-2 8.11856E-2 8.61822E-2 8.7401E-2 9.26343E-2 9.28597E-2 1.12625E-1 1.38385E-1 1.18115E-1 1.49062E-1 1.84864E-1 2.0024E-1 1.98442E-1 2.03549E-1
5.88827E-1 6.13224E-1 6.37908E-1 6.53134E-1 6.67676E-1 6.71424E-1 6.75487E-1 6.65447E-1 6.20351E-1 5.59966E-1 5.06466E-1 4.7853E-1 4.65288E-1 4.72079E-1 4.91008E-1 5.14449E-1 5.3311E-1 5.65806E-1 5.8517E-1 5.87911E-1 5.95953E-1 6.00873E-1 5.91495E-1 5.8267E-1 5.83368E-1 5.8785E-1 5.82257E-1 5.72921E-1 5.76703E-1 5.75756E-1 5.83242E-1 5.96671E-1 5.75328E-1 5.45923E-1 5.24462E-1 4.92552E-1 4.6342E-1 3.90077E-1 3.04719E-1 2.22827E-1 1.70938E-1 1.38131E-1 1.1978E-1 1.08742E-1 1.04451E-1 9.78666E-2 9.35906E-2 9.29144E-2 9.66493E-2 9.62542E-2 8.03909E-2 7.69937E-2 8.41614E-2 8.8992E-2 9.04472E-2 9.3018E-2 9.72845E-2 1.02769E-1 1.19669E-1 1.45297E-1 1.64587E-1 1.69469E-1 1.77735E-1 1.57304E-1 1.43563E-1 1.19391E-1
6.22534E-1 6.54652E-1 6.64723E-1 6.68324E-1 6.84571E-1 7.27004E-1 6.82804E-1 6.60842E-1 6.30812E-1 5.8351E-1 5.42232E-1 5.19741E-1 5.17522E-1 5.13355E-1 5.17539E-1 5.2976E-1 5.48047E-1 5.50403E-1 5.7194E-1 5.75564E-1 5.76335E-1 5.65282E-1 5.69394E-1 5.74859E-1 5.81047E-1 5.80992E-1 5.77947E-1 5.92543E-1 6.03883E-1 5.97636E-1 5.90299E-1 5.87245E-1 5.84462E-1 5.79208E-1 5.48416E-1 5.09465E-1 4.79914E-1 3.98499E-1 2.7989E-1 1.81089E-1 1.22866E-1 9.9632E-2 8.93461E-2 8.57488E-2 8.85458E-2 9.46418E-2 9.20507E-2 9.97526E-2 1.02205E-1 1.17248E-1 1.10603E-1 1.07701E-1 1.1211E-1 1.11987E-1 1.06208E-1 1.13629E-1 1.09171E-1 1.16381E-1 1.30472E-1 1.33879E-1 1.61064E-1 1.67036E-1 1.58595E-1 1.24178E-1 8.66922E-2 6.73954E-2
6.89494E-1 7.2115E-1 7.34472E-1 7.18945E-1 7.36622E-1 7.36029E-1 6.97155E-1 6.58897E-1 6.3991E-1 6.16074E-1 5.77297E-1 5.52231E-1 5.44047E-1 5.48444E-1 5.42429E-1 5.47767E-1 5.58479E-1 5.34633E-1 5.51549E-1 5.49564E-1 5.37434E-1 5.29869E-1 5.33303E-1 5.57991E-1 5.69644E-1 5.78177E-1 5.81608E-1 5.93535E-1 5.94943E-1 5.99659E-1 5.87674E-1 5.90607E-1 5.8897E-1 5.86662E-1 5.6532E-1 5.49863E-1 4.91945E-1 4.04995E-1 2.72204E-1 1.48287E-1 9.26759E-2 7.26594E-2 7.03899E-2 7.80871E-2 8.21466E-2 8.88319E-2 9.58742E-2 1.11155E-1 1.18457E-1 1.28127E-1 1.34299E-1 1.39051E-1 1.3755E-1 1.23039E-1 1.19763E-1 1.19577E-1 1.37836E-1 1.44619E-1 1.32074E-1 1.12407E-1 1.26023E-1 1.41146E-1 1.32845E-1 8.32855E-2 5.73579E-2 4.99403E-2
6.74053E-1 7.08993E-1 7.54986E-1 8.03903E-1 7.73841E-1 7.42144E-1 6.99742E-1 6.66694E-1 6.55265E-1 6.30847E-1 6.1756E-1 5.79434E-1 5.78073E-1 5.70965E-1 5.63436E-1 5.69919E-1 5.6326E-1 5.45066E-1 5.31329E-1 5.14077E-1 4.87476E-1 5.10547E-1 5.27778E-1 5.36324E-1 5.45654E-1 5.629E-1 5.7305E-1 5.83723E-1 6.02976E-1 6.11578E-1 6.13049E-1 5.84529E-1 5.96976E-1 6.12999E-1 6.09144E-1 5.8147E-1 5.0807E-1 4.31504E-1 2.82429E-1 1.49935E-1 9.27428E-2 7.71551E-2 7.85019E-2 8.46063E-2 8.80821E-2 8.8934E-2 9.96854E-2 1.14673E-1 1.27666E-1 1.38462E-1 1.35995E-1 1.38501E-1 1.37673E-1 1.30882E-1 1.36975E-1 1.56063E-1 1.83175E-1 1.71283E-1 1.2633E-1 8.68604E-2 1.01441E-1 1.36161E-1 1.13443E-1 5.951E-2 3.53818E-2 3.37954E-2
6.54559E-1 7.06447E-1 8.14729E-1 7.91844E-1 7.45011E-1 6.5255E-1 6.54883E-1 6.36644E-1 6.43047E-1 6.27186E-1 6.23672E-1 6.02926E-1 5.98555E-1 5.93343E-1 5.85434E-1 5.80455E-1 5.66683E-1 5.49475E-1 5.18909E-1 5.08315E-1 4.73027E-1 4.9492E-1 5.18962E-1 5.22643E-1 5.28821E-1 5.48388E-1 5.72746E-1 5.79148E-1 5.92901E-1 6.01934E-1 6.2481E-1 6.03549E-1 5.97391E-1 6.06453E-1 6.24094E-1 5.93071E-1 5.00249E-1 4.27062E-1 3.12983E-1 1.91099E-1 1.25526E-1 1.08362E-1 9.7053E-2 1.02807E-1 1.05284E-1 1.01431E-1 1.04344E-1 1.1416E-1 1.27046E-1 1.28627E-1 1.33439E-1 1.3665E-1 1.36744E-1 1.24253E-1 1.35303E-1 1.74148E-1 1.94371E-1 1.59121E-1 1.10647E-1 9.45078E-2 1.01618E-1 1.35436E-1 8.21381E-2 3.91081E-2 2.05597E-2 2.44962E-2
6.78985E-1 7.19815E-1 7.62802E-1 7.49087E-1 7.05156E-1 6.64739E-1 6.59112E-1 6.46018E-1 6.25324E-1 6.25139E-1 6.25659E-1 5.85641E-1 5.79384E-1 5.82887E-1 5.91093E-1 5.87501E-1 5.78262E-1 5.48614E-1 5.26683E-1 5.18972E-1 5.033E-1 4.98497E-1 5.1168E-1 5.24906E-1 5.35555E-1 5.48532E-1 5.55981E-1 5.64985E-1 5.72696E-1 5.79699E-1 5.74026E-1 5.84795E-1 5.83593E-1 6.06806E-1 6.00413E-1 5.51641E-1 4.67016E-1 4.0257E-1 3.27744E-1 2.27909E-1 1.72414E-1 1.41049E-1 1.27461E-1 1.24517E-1 1.20273E-1 1.17714E-1 1.10736E-1 1.13588E-1 1.19769E-1 1.24971E-1 1.25228E-1 1.28748E-1 1.32651E-1 1.33027E-1 1.3925E-1 1.65114E-1 1.62811E-1 1.27107E-1 9.24513E-2 7.74324E-2 7.10362E-2 7.20619E-2 5.84834E-2 3.55357E-2 2.18782E-2 2.09059E-2
7.33703E-1 7.37155E-1 7.49248E-1 7.34513E-1 6.86913E-1 6.75964E-1 6.44515E-1 6.21367E-1 6.10746E-1 5.90695E-1 5.93534E-1 5.66603E-1 5.61422E-1 5.69372E-1 5.7844E-1 5.80943E-1 5.69956E-1 5.5459E-1 5.37734E-1 5.31693E-1 5.15523E-1 5.15892E-1 5.25166E-1 5.22073E-1 5.28785E-1 5.39801E-1 5.48204E-1 5.64982E-1 5.6982E-1 5.68098E-1 5.53457E-1 5.56166E-1 5.8423E-1 5.68659E-1 5.28657E-1 4.99685E-1 4.33144E-1 3.65365E-1 3.02215E-1 2.36426E-1 1.94372E-1 1.67777E-1 1.55362E-1 1.50918E-1 1.47912E-1 1.3544E-1 1.24049E-1 1.19305E-1 1.18527E-1 1.18665E-1 1.21279E-1 1.21801E-1 1.25904E-1 1.32439E-1 1.31746E-1 1.45452E-1 1.41885E-1 1.08036E-1 7.15808E-2 5.25694E-2 3.70241E-2 4.01215E-2 5.04826E-2 5.87432E-2 2.98111E-2 2.13788E-2
7.16707E-1 7.55996E-1 7.32304E-1 7.08629E-1 6.87536E-1 6.64573E-1 6.2828E-1 5.96882E-1 5.8302E-1 5.74677E-1 5.84549E-1 5.58151E-1 5.44599E-1 5.63197E-1 5.814E-1 5.8261E-1 5.67375E-1 5.60603E-1 5.48366E-1 5.41659E-1 5.24568E-1 5.24841E-1 5.2819E-1 5.41492E-1 5.16946E-1 5.20589E-1 5.48544E-1 5.58294E-1 5.56456E-1 5.51265E-1 5.42636E-1 5.45527E-1 5.52495E-1 5.34717E-1 5.05516E-1 4.78299E-1 4.15188E-1 3.35633E-1 2.46092E-1 2.18876E-1 1.82556E-1 1.79185E-1 1.74422E-1 1.83755E-1 1.66748E-1 1.51242E-1 1.36478E-1 1.19971E-1 1.14638E-1 1.13162E-1 1.07823E-1 1.05094E-1 1.07104E-1 1.11064E-1 1.18419E-1 1.30827E-1 1.28604E-1 9.18582E-2 5.64335E-2 4.25088E-2 4.76171E-2 7.88716E-2 1.03779E-1 1.02559E-1 5.33285E-2 3.7277E-2
7.32458E-1 7.03381E-1 7.04003E-1 6.99819E-1 6.81722E-1 6.53557E-1 6.17163E-1 5.92171E-1 5.61104E-1 5.64543E-1 5.61663E-1 5.44282E-1 5.42286E-1 5.52033E-1 5.74259E-1 5.82344E-1 5.58337E-1 5.61697E-1 5.54905E-1 5.50283E-1 5.36645E-1 5.35318E-1 5.25385E-1 5.33101E-1 5.16537E-1 5.20477E-1 5.26219E-1 5.29914E-1 5.46694E-1 5.35479E-1 5.30725E-1 5.13562E-1 5.00966E-1 4.75447E-1 4.63822E-1 4.36904E-1 3.78258E-1 3.07425E-1 2.38473E-1 2.06975E-1 1.84685E-1 1.72398E-1 1.87107E-1 1.99945E-1 1.84786E-1 1.61734E-1 1.35063E-1 1.14794E-1 1.08456E-1 1.05691E-1 9.54672E-2 9.51249E-2 1.03761E-1 1.07436E-1 1.15271E-1 1.40675E-1 1.3352E-1 9.62304E-2 6.20814E-2 6.54999E-2 7.9927E-2 9.93469E-2 1.00591E-1 8.93694E-2 5.30361E-2 3.4097E-2
