Leopardus geoffroyi/Leopardus_geoffroyi_projection 2041-2060_novel.asc
ncols         515
nrows         545
xllcorner     -119.0
yllcorner     -58.333333333333
cellsize      0.166666666667
NODATA_value  -9999
[rows 270 to 299 of 545, columns 408 to 475 of 515]
1.46685E0 1.46685E0 3.03149E0 3.03149E0 3.03149E0 3.03149E0 3.03149E0 3.03149E0 3.03149E0 3.03149E0 3.03149E0 3.03149E0 3.03149E0 3.03149E0 6.59104E0 6.59104E0 6.59104E0 6.59104E0 6.59104E0 6.59104E0 6.59104E0 3.03149E0 3.03149E0 3.03149E0 6.59104E0 3.03149E0 3.03149E0 3.03149E0 1.991E1 1.991E1 1.83258E1 1.83258E1 1.70546E1 1.58811E1 1.32799E1 6.59104E0 1.21651E1 1.21651E1 6.66927E0 6.66927E0 6.66927E0 6.59104E0 3.03149E0 1.46685E0 1.46685E0 1.46685E0 1.46685E0 3.03149E0 6.59104E0 3.03149E0 3.03149E0 3.03149E0 5.10464E0 8.58596E0 1.74066E1 2.50538E1 3.02758E1 3.95071E1 4.10718E1 5.04401E1 4.02895E1 3.73753E1 3.78838E1 3.90182E1 4.06024E1 3.39136E1 2.14747E1 1.46685E1
1.46685E0 3.03149E0 3.03149E0 3.03149E0 3.03149E0 3.03149E0 3.03149E0 3.03149E0 3.03149E0 3.03149E0 3.03149E0 3.03149E0 3.03149E0 6.59104E0 6.59104E0 9.72032E0 6.59104E0 6.59104E0 6.59104E0 6.59104E0 6.59104E0 6.59104E0 6.59104E0 6.59104E0 1.83258E1 6.59104E0 3.03149E0 6.59104E0 2.04772E1 2.04772E1 1.991E1 1.83258E1 1.70546E1 1.4512E1 1.32799E1 1.08938E1 1.08938E1 1.08938E1 1.08938E1 9.25093E0 5.84784E0 6.59104E0 3.03149E0 1.46685E0 1.46685E0 1.46685E0 1.46685E0 3.03149E0 6.59104E0 6.59104E0 3.03149E0 3.03149E0 5.84784E0 7.97966E0 1.57051E1 2.21592E1 2.78701E1 3.07843E1 4.10718E1 4.10718E1 4.40446E1 4.115E1 4.36534E1 4.26755E1 3.63974E1 3.17817E1 2.14747E1 1.19108E1
1.46685E0 3.03149E0 3.03149E0 3.03149E0 3.03149E0 3.03149E0 3.03149E0 3.03149E0 3.03149E0 3.03149E0 3.03149E0 3.03149E0 6.59104E0 6.59104E0 1.83258E1 9.72032E0 6.59104E0 8.58596E0 8.58596E0 6.59104E0 6.59104E0 6.59104E0 6.59104E0 1.70546E1 1.991E1 1.991E1 6.59104E0 6.59104E0 2.04772E1 2.04772E1 1.991E1 1.70546E1 1.58811E1 1.32799E1 1.08938E1 1.08938E1 8.11657E0 6.6106E0 6.6106E0 5.10464E0 5.84784E0 6.59104E0 3.03149E0 1.46685E0 1.46685E0 1.46685E0 1.46685E0 3.03149E0 1.08156E1 1.16174E1 3.03149E0 3.03149E0 5.84784E0 7.33425E0 2.21592E1 2.6462E1 2.65402E1 2.79679E1 5.03227E1 4.10718E1 4.602E1 4.59222E1 4.9912E1 4.49638E1 3.29552E1 2.40759E1 1.46685E1 9.58342E0
3.03149E0 3.03149E0 3.03149E0 3.03149E0 3.03149E0 3.03149E0 3.03149E0 3.03149E0 3.03149E0 3.03149E0 3.03149E0 6.59104E0 6.59104E0 6.59104E0 1.02288E1 9.72032E0 6.59104E0 6.59104E0 1.02288E1 6.59104E0 6.59104E0 6.59104E0 1.70546E1 6.59104E0 1.83258E1 2.04772E1 2.04772E1 2.04772E1 2.33718E1 2.04772E1 1.991E1 1.70546E1 1.4512E1 1.21651E1 1.08938E1 9.25093E0 8.11657E0 5.57403E0 5.57403E0 4.16585E0 6.66927E0 3.03149E0 3.03149E0 3.03149E0 3.03149E0 1.46685E0 3.03149E0 3.03149E0 1.08156E1 6.66927E0 6.59104E0 3.03149E0 6.59104E0 9.09447E0 2.32544E1 2.5973E1 2.68531E1 2.7479E1 3.01193E1 4.93057E1 4.5355E1 4.66262E1 4.89341E1 4.23235E1 2.93565E1 2.40759E1 1.35732E1 8.89888E0
3.03149E0 3.03149E0 3.03149E0 3.03149E0 3.03149E0 3.03149E0 3.03149E0 3.03149E0 3.03149E0 6.59104E0 6.59104E0 6.59104E0 6.59104E0 6.59104E0 1.02288E1 9.72032E0 6.59104E0 9.09447E0 1.991E1 1.02288E1 6.59104E0 6.59104E0 1.991E1 1.83258E1 6.59104E0 6.59104E0 6.59104E0 2.04772E1 2.33718E1 2.15529E1 1.83258E1 1.58811E1 1.32799E1 1.21651E1 1.08938E1 8.11657E0 8.11657E0 8.11657E0 6.59104E0 8.11657E0 6.59104E0 6.59104E0 3.03149E0 3.03149E0 3.03149E0 3.03149E0 3.03149E0 3.03149E0 9.25093E0 5.84784E0 7.33425E0 6.59104E0 7.33425E0 1.16174E1 2.36065E1 2.93565E1 3.21338E1 2.77137E1 2.95521E1 4.89341E1 4.33014E1 3.37766E1 3.73166E1 3.6769E1 2.40759E1 1.9382E1 1.25758E1 8.27303E0
3.03149E0 3.03149E0 3.03149E0 3.03149E0 3.03149E0 3.03149E0 3.03149E0 3.03149E0 3.03149E0 6.59104E0 6.59104E0 6.59104E0 6.59104E0 6.59104E0 1.991E1 1.02288E1 9.72032E0 9.72032E0 2.15529E1 2.53667E1 2.53667E1 2.15529E1 1.991E1 6.59104E0 2.04772E1 6.59104E0 6.59104E0 2.04772E1 2.33718E1 1.991E1 1.70546E1 1.58811E1 1.32799E1 1.21651E1 9.25093E0 9.25093E0 8.11657E0 4.16585E0 6.59104E0 6.59104E0 3.03149E0 6.59104E0 3.01193E0 3.03149E0 1.46685E0 3.03149E0 3.03149E0 5.10464E0 5.10464E0 5.84784E0 6.66927E0 6.66927E0 6.66927E0 1.32016E1 2.30784E1 2.92979E1 3.47937E1 2.62077E1 3.06865E1 4.68805E1 3.61432E1 2.30002E1 3.91551E1 1.9382E1 1.9382E1 1.72697E1 1.35732E1 8.27303E0
3.03149E0 3.03149E0 3.03149E0 3.03149E0 3.03149E0 3.03149E0 3.03149E0 3.03149E0 6.59104E0 6.59104E0 6.59104E0 6.59104E0 6.59104E0 6.59104E0 1.991E1 1.02288E1 1.02288E1 1.02288E1 1.991E1 1.32016E1 2.7831E1 2.74594E1 2.04772E1 2.04772E1 2.04772E1 6.59104E0 6.59104E0 2.04772E1 2.15529E1 1.991E1 1.83258E1 1.58811E1 1.32016E1 1.16174E1 1.02288E1 9.25093E0 5.10464E0 4.16585E0 4.16585E0 6.59104E0 6.59104E0 5.10464E0 5.10464E0 5.10464E0 3.01193E0 3.01193E0 3.03149E0 4.16585E0 5.10464E0 6.66927E0 6.66927E0 7.33425E0 7.33425E0 1.16174E1 2.72443E1 2.21592E1 2.10835E1 2.64228E1 3.36397E1 4.27733E1 2.50538E1 2.01252E1 3.27987E1 2.14747E1 1.58029E1 1.19108E1 1.11285E1 6.45414E0
3.03149E0 3.03149E0 3.03149E0 3.03149E0 3.03149E0 3.03149E0 3.03149E0 3.03149E0 6.59104E0 6.59104E0 6.59104E0 6.59104E0 6.59104E0 2.15529E1 1.16174E1 1.08156E1 1.08156E1 1.02288E1 1.991E1 2.15529E1 1.24389E1 2.84373E1 2.74594E1 2.50538E1 2.04772E1 6.59104E0 6.59104E0 2.04772E1 2.33718E1 1.991E1 1.83258E1 1.57051E1 1.32016E1 7.33425E0 6.66927E0 5.84784E0 5.10464E0 5.10464E0 4.16585E0 5.10464E0 5.10464E0 5.10464E0 5.10464E0 3.03149E0 3.03149E0 3.03149E0 6.59104E0 6.59104E0 5.84784E0 5.84784E0 7.33425E0 8.58596E0 1.02288E1 9.72032E0 9.09447E0 1.24389E1 1.57051E1 3.25054E1 3.67299E1 2.38216E1 1.82672E1 1.36124E1 2.50538E1 1.9382E1 1.25758E1 8.89888E0 7.76452E0 5.14375E0
3.03149E0 3.03149E0 3.03149E0 3.03149E0 3.03149E0 3.03149E0 3.03149E0 6.59104E0 6.59104E0 6.59104E0 6.59104E0 6.59104E0 2.15529E1 1.16174E1 1.16174E1 1.08156E1 1.08156E1 1.08156E1 1.08156E1 1.08156E1 2.72443E1 2.43693E1 3.00802E1 2.82222E1 2.04772E1 6.59104E0 6.59104E0 2.04772E1 2.50538E1 2.10835E1 1.08156E1 9.72032E0 1.32016E1 7.97966E0 7.33425E0 6.66927E0 5.84784E0 5.10464E0 5.10464E0 5.84784E0 5.10464E0 5.10464E0 4.16585E0 3.03149E0 5.10464E0 5.84784E0 6.59104E0 6.59104E0 6.59104E0 7.33425E0 1.08156E1 1.08156E1 1.02288E1 7.97966E0 8.58596E0 9.09447E0 1.32016E1 2.50538E1 3.37766E1 2.38216E1 1.41991E1 1.32016E1 1.64092E1 1.9382E1 1.11285E1 8.27303E0 6.10209E0 4.85038E0
3.03149E0 3.03149E0 3.03149E0 3.03149E0 3.03149E0 3.03149E0 6.59104E0 6.59104E0 6.59104E0 6.59104E0 6.59104E0 1.24389E1 1.16174E1 1.16174E1 1.16174E1 1.16174E1 1.08156E1 2.04772E1 2.04772E1 2.74594E1 2.38607E1 2.75768E1 2.58948E1 2.04772E1 6.59104E0 6.59104E0 2.01252E1 2.30002E1 2.38216E1 1.32016E1 1.16174E1 9.72032E0 9.09447E0 7.97966E0 7.33425E0 7.33425E0 6.66927E0 6.59104E0 6.66927E0 6.66927E0 5.84784E0 5.84784E0 5.10464E0 4.16585E0 4.16585E0 5.84784E0 6.59104E0 6.59104E0 5.10464E0 5.84784E0 1.36124E1 1.49814E1 9.09447E0 7.97966E0 9.09447E0 9.72032E0 1.24389E1 1.41991E1 1.91668E1 1.82672E1 1.49814E1 1.36124E1 2.01252E1 2.40759E1 1.35732E1 9.58342E0 6.45414E0 5.6327E0
3.03149E0 3.03149E0 3.03149E0 3.03149E0 3.03149E0 6.59104E0 6.59104E0 6.59104E0 6.59104E0 6.59104E0 6.59104E0 1.24389E1 1.16174E1 1.16174E1 1.16174E1 1.24389E1 1.16174E1 1.24389E1 1.32016E1 3.01193E1 2.74594E1 1.74066E1 2.50538E1 1.32016E1 6.59104E0 6.59104E0 1.74066E1 2.01252E1 1.36124E1 1.24389E1 1.16174E1 1.08156E1 1.02288E1 9.09447E0 8.58596E0 7.97966E0 7.97966E0 6.59104E0 6.59104E0 6.59104E0 6.59104E0 6.59104E0 5.84784E0 5.10464E0 4.16585E0 5.10464E0 5.84784E0 5.10464E0 4.16585E0 4.16585E0 9.09447E0 1.16174E1 7.97966E0 7.97966E0 9.72032E0 1.08156E1 1.32016E1 1.41991E1 1.74066E1 1.41991E1 1.32016E1 1.49814E1 2.82222E1 3.6769E1 2.14747E1 1.11285E1 7.76452E0 7.00176E0
3.03149E0 3.03149E0 3.03149E0 3.03149E0 6.59104E0 6.59104E0 6.59104E0 6.59104E0 6.59104E0 2.04772E1 2.04772E1 1.32016E1 1.32016E1 1.32016E1 2.53667E1 2.53667E1 1.16174E1 1.24389E1 1.36124E1 1.49814E1 1.64092E1 2.95521E1 1.36124E1 1.32016E1 6.59104E0 6.59104E0 1.57051E1 1.32016E1 1.24389E1 1.24389E1 1.16174E1 1.08156E1 1.02288E1 1.02288E1 9.72032E0 9.09447E0 8.58596E0 6.59104E0 6.59104E0 6.59104E0 6.59104E0 6.59104E0 6.59104E0 5.84784E0 5.10464E0 4.16585E0 4.16585E0 5.10464E0 6.66927E0 5.10464E0 8.58596E0 9.72032E0 7.97966E0 7.33425E0 7.97966E0 8.58596E0 9.72032E0 1.16174E1 1.41991E1 1.36124E1 1.49814E1 1.82672E1 3.47937E1 3.77469E1 2.62859E1 1.19108E1 8.89888E0 8.27303E0
3.03149E0 3.03149E0 3.03149E0 3.03149E0 6.59104E0 6.59104E0 6.59104E0 6.59104E0 6.59104E0 2.94934E1 2.94934E1 1.32016E1 1.32016E1 2.04772E1 2.53667E1 1.36124E1 2.74594E1 1.36124E1 1.57051E1 1.57051E1 1.57051E1 1.64092E1 1.32016E1 1.32016E1 1.24389E1 1.24389E1 1.57051E1 1.82672E1 1.24389E1 1.16174E1 1.16174E1 1.16174E1 1.08156E1 1.08156E1 1.08156E1 1.02288E1 9.72032E0 9.09447E0 8.58596E0 8.58596E0 7.97966E0 6.59104E0 6.59104E0 5.84784E0 5.84784E0 5.10464E0 5.10464E0 4.16585E0 5.10464E0 5.10464E0 8.58596E0 9.72032E0 7.97966E0 6.66927E0 5.10464E0 5.84784E0 7.33425E0 9.72032E0 1.08156E1 1.49814E1 2.30002E1 3.27987E1 3.71406E1 3.53413E1 2.62859E1 1.35732E1 1.19108E1 1.04244E1
3.03149E0 3.03149E0 3.03149E0 6.59104E0 6.59104E0 6.59104E0 6.59104E0 2.04772E1 3.1371E1 2.94934E1 1.41991E1 2.04772E1 2.04772E1 2.74594E1 2.74594E1 2.74594E1 3.1371E1 3.21142E1 1.74066E1 1.82672E1 1.74066E1 1.49814E1 1.36124E1 1.32016E1 1.32016E1 1.82672E1 1.32016E1 1.32016E1 1.24389E1 1.16174E1 1.16174E1 1.16174E1 1.16174E1 1.16174E1 1.16174E1 1.08156E1 9.72032E0 9.72032E0 8.58596E0 8.58596E0 6.59104E0 6.59104E0 6.59104E0 6.59104E0 5.84784E0 6.59104E0 5.84784E0 5.84784E0 5.10464E0 4.16585E0 7.33425E0 7.97966E0 7.33425E0 7.33425E0 6.66927E0 5.84784E0 6.66927E0 8.58596E0 1.02288E1 2.01252E1 3.47937E1 3.30921E1 3.2701E1 3.45394E1 2.93565E1 1.9382E1 1.35732E1 1.04244E1
3.03149E0 3.03149E0 6.59104E0 6.59104E0 6.59104E0 2.04772E1 2.04772E1 3.28965E1 3.1371E1 2.04772E1 2.04772E1 2.04772E1 2.94934E1 1.41991E1 2.94934E1 3.1371E1 3.28965E1 3.04518E1 1.74066E1 1.64092E1 1.82672E1 1.49814E1 1.36124E1 1.32016E1 1.32016E1 1.32016E1 1.36124E1 1.32016E1 1.16174E1 1.16174E1 1.16174E1 1.16174E1 1.16174E1 1.16174E1 1.24389E1 1.16174E1 1.02288E1 9.09447E0 8.58596E0 7.97966E0 7.33425E0 6.59104E0 6.59104E0 6.59104E0 6.59104E0 6.66927E0 6.66927E0 5.84784E0 5.84784E0 4.16585E0 5.84784E0 7.97966E0 7.97966E0 7.97966E0 7.33425E0 7.97966E0 7.97966E0 9.72032E0 1.32016E1 2.50538E1 3.53413E1 3.55173E1 3.47154E1 3.99179E1 3.29552E1 2.14747E1 1.58029E1 1.25758E1
3.03149E0 3.03149E0 6.59104E0 6.59104E0 6.59104E0 2.04772E1 3.59476E1 3.43438E1 2.04772E1 2.04772E1 3.28965E1 3.1371E1 3.1371E1 3.1371E1 3.1371E1 3.27987E1 1.57051E1 1.64092E1 1.64092E1 1.64092E1 1.82672E1 1.49814E1 1.41991E1 1.41991E1 1.41991E1 1.41991E1 1.36124E1 1.32016E1 1.32016E1 1.16174E1 1.16174E1 1.16174E1 1.16174E1 1.24389E1 1.16174E1 1.08156E1 9.72032E0 9.09447E0 8.58596E0 7.33425E0 6.66927E0 6.59104E0 6.59104E0 6.59104E0 6.59104E0 6.66927E0 6.66927E0 5.84784E0 5.84784E0 6.66927E0 8.58596E0 9.72032E0 1.08156E1 1.02288E1 1.02288E1 1.32016E1 1.36124E1 1.36124E1 2.21592E1 3.75709E1 3.86857E1 4.51985E1 4.602E1 4.54919E1 3.6769E1 2.14747E1 1.9382E1 1.58029E1
6.59104E0 6.59104E0 6.59104E0 6.59104E0 2.04772E1 3.71015E1 3.761E1 3.71015E1 2.04772E1 3.59476E1 3.43438E1 3.28965E1 3.28965E1 3.43438E1 3.43438E1 3.55955E1 1.74066E1 1.74066E1 1.82672E1 1.82672E1 1.91668E1 1.49814E1 1.49814E1 1.49814E1 1.49814E1 1.49814E1 1.41991E1 1.36124E1 1.32016E1 1.24389E1 1.0972E1 1.16174E1 1.32016E1 1.24389E1 1.16174E1 6.59104E0 6.59104E0 8.58596E0 7.97966E0 5.84784E0 5.84784E0 5.84784E0 6.59104E0 6.59104E0 6.59104E0 7.33425E0 5.84784E0 5.10464E0 5.10464E0 1.16174E1 1.02288E1 1.02288E1 1.32016E1 1.24389E1 1.24389E1 1.49814E1 1.74066E1 2.10835E1 2.58948E1 3.71797E1 4.32036E1 5.14962E1 4.79171E1 4.81322E1 4.89536E1 3.6769E1 2.93565E1 2.14747E1
6.59104E0 6.59104E0 6.59104E0 6.59104E0 2.04772E1 3.81968E1 3.77469E1 3.69255E1 2.04772E1 3.66908E1 3.60063E1 3.60063E1 3.60063E1 3.71015E1 3.56933E1 3.60063E1 3.66126E1 3.47937E1 1.91668E1 1.91668E1 1.91668E1 1.74066E1 1.49814E1 1.57051E1 1.57051E1 1.57051E1 1.49814E1 1.49814E1 1.49814E1 1.36124E1 1.32016E1 1.32016E1 1.24389E1 1.16174E1 6.59104E0 6.59104E0 6.59104E0 6.59104E0 6.59104E0 5.84784E0 5.84784E0 6.59104E0 6.66927E0 6.59104E0 6.59104E0 7.33425E0 6.66927E0 5.84784E0 6.66927E0 9.72032E0 1.16174E1 1.16174E1 1.32016E1 1.16174E1 1.24389E1 1.49814E1 2.10835E1 2.72443E1 2.94739E1 3.8451E1 4.52572E1 4.12282E1 5.08312E1 5.16722E1 5.04401E1 4.54919E1 2.93565E1 1.9382E1
3.03149E0 6.59104E0 6.59104E0 2.04772E1 2.04772E1 3.94093E1 3.89791E1 3.81968E1 3.77469E1 3.73166E1 3.73166E1 3.66908E1 3.61432E1 3.53022E1 3.64561E1 3.72971E1 2.96108E1 2.70096E1 3.00215E1 2.10835E1 2.01252E1 1.82672E1 1.64092E1 1.57051E1 1.57051E1 1.57051E1 1.57051E1 1.64092E1 1.57051E1 1.49814E1 1.36124E1 1.32016E1 1.16174E1 1.16174E1 6.59104E0 6.59104E0 6.59104E0 6.59104E0 6.59104E0 6.59104E0 6.59104E0 7.97966E0 7.33425E0 6.66927E0 6.66927E0 7.33425E0 7.33425E0 6.66927E0 5.84784E0 1.36124E1 1.24389E1 1.16174E1 1.16174E1 1.32016E1 1.32016E1 1.49814E1 2.01252E1 2.50538E1 2.82222E1 3.61432E1 3.87053E1 3.67886E1 4.79562E1 5.4958E1 5.19656E1 4.91101E1 3.6769E1 2.40759E1
6.59104E0 6.59104E0 6.59104E0 6.59104E0 2.04772E1 3.96049E1 3.98396E1 3.96049E1 3.92138E1 3.77469E1 3.71015E1 3.761E1 2.92392E1 2.84569E1 3.17426E1 3.06669E1 2.83591E1 2.61881E1 2.82417E1 2.21592E1 2.01252E1 1.82672E1 1.64092E1 1.64092E1 1.57051E1 1.64092E1 1.74066E1 1.74066E1 1.74066E1 1.49814E1 1.36124E1 1.36124E1 1.32016E1 6.59104E0 6.59104E0 6.59104E0 6.59104E0 6.59104E0 6.59104E0 6.59104E0 9.72032E0 9.72032E0 7.97966E0 6.66927E0 5.84784E0 6.66927E0 7.33425E0 7.33425E0 7.33425E0 1.49814E1 1.41991E1 1.32016E1 1.24389E1 1.32016E1 1.32016E1 1.57051E1 1.91668E1 2.30002E1 3.27987E1 3.58889E1 4.04068E1 4.7213E1 5.77939E1 5.531E1 5.19656E1 4.89536E1 4.54919E1 2.93565E1
6.59104E0 6.59104E0 6.59104E0 2.04772E1 2.04772E1 4.03677E1 4.09935E1 4.06219E1 3.98396E1 3.92138E1 3.77469E1 3.77469E1 3.17231E1 2.87698E1 2.85351E1 3.06669E1 3.06278E1 2.699E1 2.77919E1 2.10835E1 2.01252E1 1.82672E1 1.74066E1 1.74066E1 1.74066E1 1.82672E1 1.82672E1 1.91668E1 1.82672E1 1.57051E1 6.59104E0 6.59104E0 1.32016E1 6.59104E0 6.59104E0 6.59104E0 6.59104E0 6.59104E0 1.24389E1 1.16174E1 1.24389E1 1.08156E1 8.58596E0 6.66927E0 6.59104E0 7.33425E0 7.97966E0 9.09447E0 9.72032E0 1.57051E1 1.74066E1 1.49814E1 1.24389E1 1.24389E1 1.41991E1 1.64092E1 1.91668E1 2.38216E1 2.82222E1 4.39468E1 4.75846E1 5.18287E1 5.85957E1 5.4958E1 4.10718E1 4.10718E1 4.25582E1 2.62859E1
2.04772E1 6.59104E0 2.04772E1 2.04772E1 4.06219E1 4.10718E1 3.97418E1 4.10522E1 3.63974E1 4.00743E1 3.82945E1 3.78056E1 3.02953E1 3.09212E1 3.09212E1 3.14688E1 3.11363E1 3.07843E1 3.00802E1 1.91668E1 1.91668E1 2.01252E1 1.82672E1 1.82672E1 1.82672E1 1.91668E1 1.91668E1 1.91668E1 1.74066E1 1.49814E1 6.59104E0 6.59104E0 6.59104E0 6.59104E0 6.59104E0 6.59104E0 6.59104E0 6.59104E0 1.41991E1 1.36124E1 1.32016E1 1.02288E1 7.33425E0 6.66927E0 7.97966E0 8.58596E0 1.02288E1 1.08156E1 1.36124E1 1.91668E1 2.10835E1 1.82672E1 1.08156E1 1.24389E1 1.41991E1 1.57051E1 1.91668E1 2.38216E1 3.17426E1 4.17563E1 4.51985E1 6.14903E1 5.92411E1 4.10718E1 4.10718E1 4.10718E1 4.64307E1 3.6769E1
6.59104E0 2.04772E1 4.10718E1 2.04772E1 4.10718E1 4.00743E1 3.72384E1 3.90182E1 3.53022E1 3.54586E1 3.27205E1 3.0706E1 2.93565E1 3.06669E1 3.22316E1 3.44612E1 3.38549E1 2.99237E1 1.82672E1 1.91668E1 1.82672E1 1.91668E1 1.91668E1 1.91668E1 2.01252E1 2.01252E1 1.82672E1 1.91668E1 1.82672E1 1.64092E1 1.49814E1 6.59104E0 6.59104E0 6.59104E0 6.59104E0 6.59104E0 6.59104E0 1.49814E1 1.64092E1 1.57051E1 1.32016E1 1.02288E1 7.33425E0 6.66927E0 7.97966E0 9.09447E0 1.36124E1 1.24389E1 1.36124E1 2.21592E1 2.38216E1 1.74066E1 1.16174E1 1.36124E1 1.36124E1 1.41991E1 1.82672E1 2.30002E1 3.17426E1 4.00743E1 4.95991E1 6.32505E1 5.72071E1 5.28457E1 4.77019E1 4.64307E1 4.66262E1 3.99179E1
2.04772E1 2.04772E1 2.04772E1 2.04772E1 4.10718E1 4.10718E1 4.10718E1 4.10718E1 4.05046E1 3.98005E1 3.66517E1 3.45394E1 2.93957E1 3.03344E1 3.17426E1 3.21338E1 3.16448E1 2.9161E1 2.01252E1 1.91668E1 1.91668E1 2.01252E1 2.01252E1 2.21592E1 2.21592E1 2.01252E1 1.91668E1 1.91668E1 1.82672E1 1.64092E1 1.57051E1 1.41991E1 6.59104E0 6.59104E0 6.59104E0 6.59104E0 6.59104E0 1.49814E1 1.49814E1 1.57051E1 1.24389E1 1.08156E1 9.72032E0 8.58596E0 7.97966E0 8.58596E0 1.24389E1 1.32016E1 1.49814E1 1.91668E1 2.30002E1 1.82672E1 1.32016E1 1.49814E1 1.36124E1 1.36124E1 1.74066E1 2.10835E1 2.58948E1 3.8451E1 5.50362E1 6.03168E1 5.64639E1 5.0753E1 4.55701E1 4.31645E1 4.59222E1 4.05828E1
2.04772E1 4.10718E1 2.04772E1 2.04772E1 4.10718E1 4.10718E1 4.10718E1 4.08371E1 4.01526E1 4.03677E1 3.96049E1 3.55173E1 3.19578E1 3.08429E1 3.44612E1 3.47741E1 3.17426E1 2.94934E1 2.10835E1 2.01252E1 2.01252E1 2.10835E1 2.10835E1 2.21592E1 2.34891E1 2.21592E1 1.91668E1 1.74066E1 1.74066E1 1.64092E1 1.57051E1 1.41991E1 1.41991E1 1.36124E1 6.59104E0 6.59104E0 6.59104E0 1.36124E1 1.32016E1 1.36124E1 1.24389E1 1.16174E1 1.08156E1 9.09447E0 7.97966E0 9.09447E0 1.24389E1 1.24389E1 1.49814E1 1.49814E1 1.74066E1 1.36124E1 1.36124E1 1.49814E1 1.36124E1 1.24389E1 1.49814E1 2.10835E1 3.61432E1 4.39468E1 5.07139E1 4.64502E1 5.64639E1 4.97751E1 4.62351E1 4.26755E1 4.33992E1 3.9957E1
2.04772E1 4.10718E1 4.10718E1 2.04772E1 2.04772E1 4.10718E1 4.10718E1 4.01526E1 3.99961E1 3.78056E1 3.96049E1 3.80403E1 3.6593E1 3.08429E1 3.16839E1 3.27596E1 3.12928E1 2.38216E1 2.21592E1 2.21592E1 2.38216E1 2.30002E1 2.21592E1 2.21592E1 2.3098E1 2.10835E1 1.91668E1 1.64092E1 1.57051E1 1.57051E1 1.57051E1 1.49814E1 1.41991E1 1.41991E1 6.59104E0 6.59104E0 6.59104E0 1.57051E1 1.49814E1 1.36124E1 1.41991E1 1.41991E1 1.32016E1 1.02288E1 8.58596E0 1.02288E1 1.32016E1 1.36124E1 1.64092E1 1.41991E1 1.49814E1 1.49814E1 1.49814E1 1.24389E1 1.32016E1 1.82672E1 2.38216E1 3.17426E1 4.08175E1 4.98924E1 5.91434E1 4.4514E1 4.4514E1 4.95599E1 4.84451E1 4.44358E1 4.08371E1 3.73753E1
4.06219E1 4.10718E1 4.10718E1 4.10718E1 2.04772E1 4.10718E1 4.10522E1 3.98396E1 3.99961E1 3.89204E1 3.82945E1 3.66908E1 3.69255E1 3.18013E1 3.33464E1 3.28183E1 3.08038E1 2.85938E1 2.65597E1 2.38216E1 2.38216E1 2.30002E1 2.21592E1 2.27068E1 2.22766E1 2.10835E1 1.91668E1 1.64092E1 1.49814E1 1.49814E1 1.49814E1 1.49814E1 1.57051E1 1.49814E1 1.41991E1 1.41991E1 6.59104E0 1.64092E1 1.64092E1 1.57051E1 1.57051E1 1.64092E1 1.49814E1 1.24389E1 9.72032E0 1.02288E1 1.36124E1 1.41991E1 1.64092E1 1.49814E1 1.41991E1 1.32016E1 1.32016E1 1.36124E1 1.64092E1 2.21592E1 3.17426E1 3.8451E1 3.95463E1 5.0753E1 5.93976E1 6.24878E1 6.27029E1 5.58772E1 4.81713E1 4.13847E1 4.32818E1 3.69059E1
4.10718E1 4.10718E1 4.10718E1 4.10718E1 4.10718E1 2.04772E1 2.04772E1 3.96049E1 3.92138E1 3.86466E1 3.77469E1 3.64561E1 3.60063E1 3.56933E1 3.36006E1 3.29357E1 3.00802E1 2.58948E1 2.58948E1 2.38216E1 2.38216E1 2.3274E1 2.20027E1 2.17289E1 2.14747E1 2.10835E1 2.04772E1 1.74066E1 1.41991E1 1.36124E1 1.36124E1 1.41991E1 1.49814E1 1.57051E1 1.49814E1 1.41991E1 1.36124E1 1.32016E1 1.36124E1 1.49814E1 1.49814E1 1.41991E1 1.32016E1 1.08156E1 1.02288E1 1.02288E1 1.49814E1 1.64092E1 1.64092E1 1.57051E1 1.57051E1 1.57051E1 1.64092E1 1.82672E1 2.01252E1 2.58948E1 3.82945E1 4.1639E1 4.54528E1 5.66008E1 4.10718E1 4.10718E1 4.10718E1 6.37786E1 4.87972E1 4.60004E1 4.44358E1 3.51457E1
4.10718E1 4.10718E1 2.04772E1 2.04772E1 2.04772E1 2.04772E1 4.06219E1 3.98396E1 3.80403E1 3.80403E1 3.62214E1 3.56933E1 3.52631E1 3.47741E1 3.19382E1 3.10972E1 2.88871E1 2.69705E1 2.69705E1 2.55819E1 2.38216E1 2.26286E1 2.20027E1 2.07315E1 2.06337E1 2.10835E1 2.04772E1 1.82672E1 1.36124E1 1.36124E1 1.32016E1 1.41991E1 1.49814E1 1.49814E1 1.49814E1 1.41991E1 1.32016E1 1.16174E1 1.16174E1 1.32016E1 1.32016E1 1.32016E1 1.16174E1 1.24389E1 1.24389E1 1.24389E1 1.36124E1 1.57051E1 1.64092E1 1.64092E1 1.74066E1 1.82672E1 1.91668E1 2.10835E1 2.58948E1 3.61432E1 4.05046E1 4.7878E1 5.72462E1 4.10718E1 4.10718E1 4.10718E1 4.10718E1 4.10718E1 4.10718E1 4.10718E1 4.10718E1 3.58107E1
4.04264E1 4.10718E1 2.04772E1 2.04772E1 2.04772E1 2.04772E1 2.04772E1 3.92138E1 3.77469E1 3.81968E1 3.58694E1 3.60063E1 3.45199E1 3.38744E1 3.14492E1 3.00802E1 2.81635E1 2.79679E1 2.81244E1 2.60121E1 2.39977E1 2.26286E1 2.30198E1 2.14747E1 2.04381E1 2.07315E1 2.01252E1 1.82672E1 1.41991E1 1.36124E1 1.36124E1 1.49814E1 1.49814E1 1.49814E1 1.49814E1 1.36124E1 1.24389E1 1.16174E1 1.24389E1 1.36124E1 1.41991E1 1.41991E1 1.24389E1 1.36124E1 1.74066E1 1.64092E1 1.57051E1 1.64092E1 1.64092E1 1.64092E1 1.74066E1 1.91668E1 2.21592E1 2.58948E1 3.27987E1 3.46176E1 4.31254E1 5.40583E1 4.10718E1 4.10718E1 4.10718E1 4.10718E1 4.10718E1 4.10718E1 4.10718E1 4.10718E1 4.10718E1 3.70428E1
