Leopardus geoffroyi/Leopardus_geoffroyi.asc
ncols         515
nrows         545
xllcorner     -119.0
yllcorner     -58.333333333333
cellsize      0.166666666667
NODATA_value  -9999
[rows 348 to 376 of 545, columns 330 to 395 of 515]
8.00416E-1 7.55112E-1 7.33784E-1 7.14815E-1 6.89913E-1 6.72752E-1 6.63237E-1 6.29816E-1 6.32334E-1 5.62028E-1 5.63521E-1 5.67039E-1 5.78157E-1 5.9392E-1 6.42827E-1 6.45752E-1 6.51476E-1 6.47952E-1 6.59831E-1 6.74742E-1 6.70981E-1 6.74538E-1 6.79171E-1 6.93107E-1 6.98476E-1 7.10092E-1 7.14592E-1 6.8727E-1 6.9613E-1 6.41967E-1 6.63009E-1 6.80296E-1 6.44595E-1 6.51816E-1 6.3092E-1 6.07808E-1 4.8655E-1 4.36995E-1 4.09941E-1 3.56044E-1 3.12635E-1 2.95339E-1 3.09113E-1 3.96307E-1 4.0496E-1 3.62136E-1 3.34266E-1 3.38677E-1 2.90201E-1 2.86537E-1 2.64441E-1 2.5978E-1 2.87964E-1 3.19465E-1 3.59349E-1 4.04135E-1 3.95761E-1 3.25876E-1 2.55505E-1 1.76229E-1 1.37544E-1 1.04021E-1 5.47755E-2 3.61104E-2 2.81444E-2 3.01425E-2
7.75376E-1 7.51549E-1 7.56521E-1 7.37614E-1 6.87201E-1 7.05393E-1 6.51861E-1 6.10528E-1 6.1398E-1 5.55681E-1 5.55869E-1 5.66121E-1 5.6088E-1 5.71599E-1 5.85961E-1 6.39075E-1 6.46557E-1 6.48547E-1 6.56947E-1 6.64057E-1 6.58424E-1 6.75862E-1 6.83311E-1 6.89509E-1 6.67831E-1 7.08031E-1 6.81401E-1 6.87322E-1 7.01081E-1 6.42278E-1 6.6641E-1 6.6816E-1 6.58232E-1 6.0317E-1 6.01017E-1 5.87214E-1 4.7459E-1 4.45687E-1 4.16412E-1 3.44336E-1 3.31431E-1 4.04747E-1 4.27669E-1 4.65004E-1 4.37065E-1 3.35887E-1 3.46153E-1 3.48083E-1 3.08956E-1 3.09697E-1 2.8081E-1 2.80855E-1 3.05156E-1 3.42165E-1 3.69837E-1 4.35937E-1 4.36805E-1 4.03272E-1 2.74878E-1 1.90213E-1 1.22355E-1 5.04066E-2 2.75194E-2 1.57234E-2 1.881E-2 2.42949E-2
7.76825E-1 7.52294E-1 7.64843E-1 7.07148E-1 6.56871E-1 6.43494E-1 6.53359E-1 6.14884E-1 6.1817E-1 5.42913E-1 5.37597E-1 5.63164E-1 5.61271E-1 5.77573E-1 6.3902E-1 6.39399E-1 6.50318E-1 6.60033E-1 6.64627E-1 6.51796E-1 6.57745E-1 6.75485E-1 6.94386E-1 6.869E-1 6.79922E-1 6.59151E-1 6.65713E-1 6.81403E-1 6.79308E-1 6.98108E-1 6.52115E-1 6.61044E-1 6.46451E-1 5.94555E-1 5.74477E-1 5.48886E-1 4.42443E-1 4.37826E-1 4.45527E-1 4.20898E-1 4.05307E-1 4.84748E-1 4.83898E-1 5.23774E-1 4.62404E-1 3.96446E-1 3.60287E-1 3.19849E-1 3.03191E-1 3.05284E-1 2.8574E-1 3.03947E-1 3.42598E-1 3.92462E-1 4.17268E-1 4.85841E-1 5.10777E-1 4.94789E-1 3.51532E-1 2.05096E-1 8.99179E-2 4.38726E-2 2.70094E-2 1.79174E-2 1.81872E-2 2.56043E-2
7.84995E-1 7.52818E-1 7.32942E-1 7.15521E-1 6.87079E-1 6.15515E-1 6.37135E-1 5.37443E-1 5.95994E-1 4.57286E-1 5.39932E-1 5.51758E-1 5.57026E-1 5.55063E-1 5.81138E-1 6.4544E-1 6.57245E-1 6.61906E-1 6.77421E-1 6.71956E-1 6.64699E-1 6.70145E-1 6.8496E-1 6.6245E-1 6.63907E-1 6.64677E-1 6.42717E-1 6.5388E-1 6.66763E-1 6.75725E-1 6.6472E-1 6.23805E-1 6.00923E-1 5.7329E-1 5.31992E-1 5.43826E-1 4.35129E-1 4.41588E-1 4.77107E-1 5.30821E-1 6.47547E-1 7.19139E-1 5.7196E-1 5.10698E-1 4.90618E-1 4.95902E-1 3.90318E-1 3.72655E-1 3.73212E-1 3.36794E-1 3.32015E-1 3.78764E-1 3.93399E-1 4.66104E-1 4.82486E-1 5.26215E-1 5.38067E-1 4.48979E-1 3.73075E-1 2.00054E-1 1.04481E-1 4.11781E-2 3.36332E-2 2.94125E-2 2.69532E-2 3.26769E-2
7.59135E-1 6.96153E-1 7.01227E-1 6.41609E-1 5.67889E-1 5.5401E-1 5.58864E-1 5.27784E-1 5.12303E-1 4.69388E-1 4.7113E-1 4.56836E-1 5.29935E-1 5.55738E-1 5.84836E-1 6.56956E-1 6.67915E-1 6.74237E-1 6.83309E-1 6.79374E-1 6.62561E-1 6.54641E-1 6.55474E-1 6.42186E-1 6.34073E-1 6.50696E-1 6.52065E-1 6.26682E-1 6.15094E-1 6.23109E-1 6.37694E-1 6.52714E-1 6.00185E-1 5.39729E-1 4.98748E-1 5.20784E-1 5.38264E-1 5.38952E-1 5.14343E-1 6.0669E-1 7.02504E-1 7.43989E-1 7.29533E-1 6.01375E-1 6.12589E-1 5.17583E-1 4.21466E-1 4.08818E-1 3.98868E-1 4.24748E-1 4.66871E-1 4.38926E-1 4.11339E-1 4.37579E-1 4.99478E-1 5.21498E-1 4.76099E-1 4.53267E-1 4.03999E-1 2.34645E-1 1.15059E-1 5.48539E-2 4.37592E-2 4.64172E-2 3.67129E-2 4.41075E-2
7.64522E-1 6.92988E-1 6.27441E-1 5.74808E-1 5.58437E-1 5.56199E-1 5.50067E-1 5.47424E-1 5.27228E-1 5.03326E-1 4.83678E-1 4.67875E-1 4.69177E-1 4.64516E-1 5.80634E-1 6.01785E-1 6.66997E-1 6.8129E-1 6.93067E-1 6.71511E-1 6.58478E-1 6.53625E-1 6.37297E-1 6.30354E-1 6.46132E-1 6.09109E-1 6.02542E-1 6.167E-1 6.10584E-1 5.92634E-1 6.03398E-1 6.12572E-1 6.09181E-1 5.26602E-1 5.03102E-1 5.01139E-1 5.32998E-1 5.34609E-1 5.11662E-1 5.591E-1 6.59538E-1 6.74175E-1 6.90654E-1 6.84146E-1 6.32711E-1 5.78718E-1 5.20015E-1 4.6846E-1 4.8588E-1 4.7455E-1 4.31293E-1 4.18217E-1 4.74741E-1 5.43906E-1 5.43019E-1 5.43581E-1 4.59977E-1 4.52617E-1 4.14528E-1 2.73784E-1 1.49372E-1 1.01508E-1 7.68049E-2 7.3454E-2 5.15967E-2 4.92774E-2
7.21254E-1 6.62398E-1 6.36618E-1 5.80139E-1 5.92068E-1 5.60526E-1 5.70068E-1 5.45848E-1 5.23843E-1 5.00126E-1 4.77533E-1 4.79874E-1 4.75083E-1 4.71752E-1 5.65524E-1 6.08207E-1 6.78734E-1 6.88309E-1 6.77516E-1 6.44163E-1 6.3399E-1 6.21562E-1 6.10526E-1 5.95306E-1 6.08289E-1 6.00132E-1 5.70105E-1 5.66516E-1 5.59892E-1 5.52088E-1 5.55072E-1 5.62763E-1 5.52444E-1 5.09184E-1 4.96236E-1 4.99207E-1 5.30773E-1 5.717E-1 5.79437E-1 6.04866E-1 5.7491E-1 5.45612E-1 6.00257E-1 6.50086E-1 6.39647E-1 6.21991E-1 5.84992E-1 5.74595E-1 5.80189E-1 5.3631E-1 5.17716E-1 5.25695E-1 5.57949E-1 6.10576E-1 6.2172E-1 6.28772E-1 5.09269E-1 4.91825E-1 4.02265E-1 2.90697E-1 2.01855E-1 1.93771E-1 1.22934E-1 1.34498E-1 1.16697E-1 1.00911E-1
6.51653E-1 6.62413E-1 6.04749E-1 5.87216E-1 6.08324E-1 5.72113E-1 5.48556E-1 5.33354E-1 5.2116E-1 5.00807E-1 5.11204E-1 4.95685E-1 4.8622E-1 5.62501E-1 5.77219E-1 5.90972E-1 6.03689E-1 6.85366E-1 6.58966E-1 6.33843E-1 5.97931E-1 5.72892E-1 5.806E-1 5.68231E-1 5.77023E-1 5.46332E-1 5.37555E-1 5.33773E-1 5.25974E-1 5.03724E-1 4.98746E-1 5.05042E-1 5.11391E-1 4.85765E-1 4.5423E-1 4.93888E-1 5.48215E-1 5.94173E-1 6.17456E-1 5.99334E-1 5.57212E-1 5.00151E-1 5.54397E-1 6.25566E-1 6.45574E-1 6.45905E-1 6.26621E-1 6.35084E-1 5.87301E-1 5.93884E-1 5.96376E-1 5.91901E-1 6.65587E-1 6.72259E-1 7.26381E-1 6.98258E-1 5.75493E-1 4.64755E-1 3.96228E-1 3.81354E-1 3.21142E-1 2.63383E-1 1.9757E-1 2.00941E-1 1.83803E-1 1.56669E-1
6.56318E-1 6.29834E-1 6.13464E-1 5.8995E-1 5.58952E-1 5.6086E-1 5.52511E-1 5.51029E-1 5.12692E-1 5.27098E-1 5.10045E-1 5.98516E-1 5.83844E-1 5.77433E-1 5.99034E-1 6.09686E-1 6.83409E-1 6.54438E-1 6.49331E-1 6.08819E-1 5.77823E-1 5.57669E-1 5.5173E-1 5.49372E-1 5.45746E-1 5.43085E-1 5.24986E-1 4.94276E-1 4.88699E-1 4.69848E-1 4.54969E-1 4.51435E-1 4.74176E-1 4.64518E-1 4.73071E-1 4.98281E-1 5.72589E-1 6.23992E-1 6.47278E-1 6.122E-1 6.00513E-1 6.00334E-1 5.67239E-1 5.99429E-1 6.48146E-1 6.40601E-1 6.47682E-1 6.30705E-1 6.21832E-1 6.15999E-1 6.53605E-1 7.12858E-1 7.12133E-1 7.29075E-1 7.10417E-1 6.79935E-1 5.69146E-1 5.06013E-1 4.90084E-1 5.06545E-1 4.56194E-1 3.71605E-1 2.54514E-1 2.63249E-1 2.17467E-1 2.10755E-1
5.92512E-1 6.09968E-1 5.85454E-1 5.53512E-1 5.73744E-1 5.92762E-1 5.41593E-1 5.42665E-1 5.23493E-1 5.34099E-1 5.35442E-1 5.31567E-1 5.35936E-1 5.25471E-1 6.02457E-1 6.15504E-1 6.28525E-1 5.91465E-1 6.31509E-1 6.33527E-1 5.93428E-1 5.95681E-1 5.63516E-1 5.49216E-1 5.45792E-1 5.37357E-1 5.09675E-1 4.93814E-1 4.49866E-1 4.4681E-1 4.32308E-1 4.30404E-1 4.45952E-1 4.86365E-1 4.99475E-1 5.16698E-1 5.92195E-1 6.42934E-1 6.76202E-1 6.95636E-1 6.78697E-1 6.93582E-1 6.6708E-1 6.48806E-1 6.55456E-1 6.34355E-1 6.18987E-1 5.77233E-1 5.8073E-1 6.39157E-1 7.30991E-1 7.81673E-1 7.67165E-1 7.61694E-1 6.87E-1 5.36072E-1 5.18466E-1 5.52154E-1 5.92634E-1 5.10693E-1 5.25415E-1 4.75275E-1 3.26171E-1 3.22757E-1 2.80366E-1 3.33954E-1
5.27328E-1 6.48976E-1 6.29278E-1 5.92831E-1 5.75493E-1 5.86524E-1 5.68756E-1 5.71218E-1 5.4599E-1 5.47167E-1 5.2982E-1 5.26074E-1 5.1345E-1 5.18154E-1 6.12872E-1 6.14312E-1 6.20881E-1 5.98457E-1 6.35254E-1 6.04695E-1 5.67546E-1 6.0161E-1 5.84526E-1 5.70225E-1 5.52898E-1 5.40778E-1 5.23051E-1 4.88578E-1 4.44278E-1 4.249E-1 3.9347E-1 4.14164E-1 4.42924E-1 4.69611E-1 5.27454E-1 5.48664E-1 6.1012E-1 6.63824E-1 6.98388E-1 7.06199E-1 7.16875E-1 7.13238E-1 7.18943E-1 7.15962E-1 6.80351E-1 6.22843E-1 5.96987E-1 5.6081E-1 5.25807E-1 5.60853E-1 7.20458E-1 7.5718E-1 7.3931E-1 6.6916E-1 6.82871E-1 7.10769E-1 7.06221E-1 6.07448E-1 6.36771E-1 5.92487E-1 5.3158E-1 4.53826E-1 4.41038E-1 3.02837E-1 3.17135E-1 3.16485E-1
5.72936E-1 6.63839E-1 6.46494E-1 5.28113E-1 5.33882E-1 5.12576E-1 5.84193E-1 5.58529E-1 5.54623E-1 5.39553E-1 5.37085E-1 5.2942E-1 5.2391E-1 5.27492E-1 6.30168E-1 6.20909E-1 6.20038E-1 6.08386E-1 6.51317E-1 6.25612E-1 6.05448E-1 6.19233E-1 6.1011E-1 5.98524E-1 5.7788E-1 5.46965E-1 5.3024E-1 4.97793E-1 4.41203E-1 4.03043E-1 3.90191E-1 3.97981E-1 4.37169E-1 5.00886E-1 5.63693E-1 5.96021E-1 6.57145E-1 7.03078E-1 7.17906E-1 7.30435E-1 7.19989E-1 7.38283E-1 7.49283E-1 7.23016E-1 6.9945E-1 5.77913E-1 6.54114E-1 5.68261E-1 5.16135E-1 6.12607E-1 6.9722E-1 7.78475E-1 7.75628E-1 6.76943E-1 7.25121E-1 7.47244E-1 7.52239E-1 7.64896E-1 7.34427E-1 6.08295E-1 5.22511E-1 4.35117E-1 4.35775E-1 2.84525E-1 4.08496E-1 3.52689E-1
6.14571E-1 5.87818E-1 5.33059E-1 5.29668E-1 5.16454E-1 5.25521E-1 5.78427E-1 5.75638E-1 5.3692E-1 5.42515E-1 5.37454E-1 5.29955E-1 5.31961E-1 5.36584E-1 6.31915E-1 6.21703E-1 6.13345E-1 6.0935E-1 5.89606E-1 6.16887E-1 6.32812E-1 5.98071E-1 6.21205E-1 5.97207E-1 5.92372E-1 5.80994E-1 5.56364E-1 5.27891E-1 4.76743E-1 4.56332E-1 4.4989E-1 4.35973E-1 4.86199E-1 5.3886E-1 5.87557E-1 6.38542E-1 6.80056E-1 7.10625E-1 7.19031E-1 7.68534E-1 7.76839E-1 7.83977E-1 7.57989E-1 7.48551E-1 7.22489E-1 6.90669E-1 7.10349E-1 6.59981E-1 6.27219E-1 6.76699E-1 6.85495E-1 7.04217E-1 7.04563E-1 6.92555E-1 7.7654E-1 7.40921E-1 7.41248E-1 7.42625E-1 7.37442E-1 6.19019E-1 4.73341E-1 4.08518E-1 3.21167E-1 2.79602E-1 3.7645E-1 4.16759E-1
5.56353E-1 5.68402E-1 5.4522E-1 5.11434E-1 5.26802E-1 5.91157E-1 5.8157E-1 5.72256E-1 5.51571E-1 5.40252E-1 5.37127E-1 5.36313E-1 5.32262E-1 5.43092E-1 6.13001E-1 6.00407E-1 5.94599E-1 6.1147E-1 5.96538E-1 6.28488E-1 6.11374E-1 6.10897E-1 6.08352E-1 6.26794E-1 6.16171E-1 5.99156E-1 5.94016E-1 5.70453E-1 5.47206E-1 5.40775E-1 5.46667E-1 5.39875E-1 5.70452E-1 6.22372E-1 6.40252E-1 6.58273E-1 6.50773E-1 6.4325E-1 6.77921E-1 7.50423E-1 7.81065E-1 8.0011E-1 8.13103E-1 7.87516E-1 7.77845E-1 7.52795E-1 7.42558E-1 7.22838E-1 6.91015E-1 6.79775E-1 6.61728E-1 6.65577E-1 7.1518E-1 8.01243E-1 8.25618E-1 7.55092E-1 7.57206E-1 7.31784E-1 6.7099E-1 6.66898E-1 4.43505E-1 3.77054E-1 3.03652E-1 2.93541E-1 3.75663E-1 4.60206E-1
4.955E-1 5.45022E-1 4.90088E-1 5.12122E-1 5.03912E-1 5.83737E-1 5.5408E-1 5.5917E-1 5.44123E-1 5.51881E-1 5.4326E-1 5.31671E-1 5.41957E-1 5.28391E-1 6.14285E-1 6.03552E-1 6.07702E-1 5.83774E-1 5.8605E-1 6.34809E-1 6.27043E-1 6.21682E-1 6.09821E-1 6.61045E-1 6.35109E-1 6.44721E-1 6.31206E-1 6.2264E-1 6.11339E-1 6.47223E-1 6.72996E-1 6.6175E-1 6.78195E-1 6.80047E-1 7.10578E-1 6.95326E-1 6.70711E-1 6.48136E-1 6.5971E-1 7.34722E-1 7.8637E-1 8.14839E-1 8.38958E-1 8.4628E-1 8.40992E-1 8.11706E-1 7.9301E-1 7.65712E-1 6.9883E-1 6.92469E-1 6.17149E-1 6.60437E-1 7.43164E-1 7.81077E-1 8.0085E-1 7.41279E-1 6.97426E-1 6.60533E-1 5.66602E-1 5.00979E-1 4.21815E-1 3.70215E-1 3.21127E-1 3.0757E-1 3.77656E-1 4.76985E-1
5.06385E-1 5.09337E-1 4.93421E-1 5.03164E-1 4.88657E-1 4.81064E-1 5.56221E-1 5.38865E-1 5.54739E-1 5.2328E-1 5.35878E-1 5.06848E-1 5.15663E-1 5.2559E-1 6.10581E-1 6.1421E-1 5.9633E-1 5.86897E-1 6.55458E-1 6.46742E-1 6.42691E-1 6.38441E-1 6.27162E-1 6.29841E-1 6.43969E-1 6.7917E-1 6.84141E-1 6.84199E-1 6.86679E-1 7.35709E-1 7.64283E-1 7.6651E-1 8.03302E-1 7.66232E-1 7.40009E-1 7.40603E-1 7.08314E-1 6.86525E-1 6.84371E-1 7.49775E-1 8.12203E-1 8.29381E-1 8.52855E-1 8.60279E-1 8.48138E-1 8.32705E-1 8.02538E-1 7.45146E-1 7.2698E-1 6.69142E-1 6.50335E-1 6.90928E-1 7.47039E-1 7.7759E-1 7.67938E-1 7.67721E-1 6.8623E-1 6.10785E-1 5.041E-1 4.7489E-1 4.40231E-1 4.21029E-1 3.94084E-1 3.89936E-1 4.02872E-1 4.53271E-1
5.11131E-1 4.74682E-1 4.90373E-1 4.93171E-1 4.83227E-1 5.4525E-1 5.42314E-1 5.43044E-1 5.25539E-1 5.0847E-1 5.35254E-1 5.2393E-1 5.18861E-1 5.16734E-1 5.22613E-1 6.04247E-1 6.01288E-1 5.88889E-1 6.57077E-1 6.41998E-1 6.51045E-1 6.532E-1 6.56894E-1 6.59345E-1 6.78608E-1 7.06169E-1 7.46815E-1 7.43268E-1 7.64188E-1 8.15469E-1 8.12257E-1 8.1801E-1 8.20822E-1 8.07289E-1 7.82825E-1 7.53363E-1 7.47347E-1 7.21836E-1 7.37147E-1 7.75433E-1 7.93894E-1 8.19513E-1 8.41231E-1 8.57485E-1 8.32127E-1 8.33916E-1 7.61988E-1 7.16866E-1 6.79704E-1 7.19471E-1 7.05538E-1 7.16995E-1 7.65193E-1 7.55837E-1 7.51888E-1 7.2294E-1 7.38074E-1 6.99272E-1 6.39591E-1 6.09905E-1 5.72498E-1 4.80387E-1 4.51735E-1 4.25489E-1 4.47158E-1 4.8643E-1
4.94029E-1 4.95414E-1 4.78191E-1 4.66425E-1 4.78058E-1 4.86258E-1 5.37189E-1 5.11864E-1 5.1974E-1 5.231E-1 5.17702E-1 5.0623E-1 5.33952E-1 5.17929E-1 5.14103E-1 5.96939E-1 6.01954E-1 5.86541E-1 6.24853E-1 6.66107E-1 6.54106E-1 6.68153E-1 6.7352E-1 7.04895E-1 7.11355E-1 7.33002E-1 7.39926E-1 7.76731E-1 8.04955E-1 8.4048E-1 8.29981E-1 8.29646E-1 8.45186E-1 8.31406E-1 8.156E-1 7.89487E-1 7.65846E-1 7.43577E-1 7.92131E-1 7.98735E-1 7.88915E-1 8.12123E-1 8.34889E-1 8.29686E-1 7.88215E-1 7.74397E-1 7.55643E-1 7.17751E-1 7.00714E-1 7.29589E-1 7.55627E-1 7.52813E-1 7.59242E-1 7.67979E-1 6.87831E-1 6.93369E-1 7.11444E-1 7.11882E-1 6.9352E-1 6.56493E-1 5.86952E-1 4.40653E-1 4.09004E-1 4.33366E-1 5.08633E-1 5.88123E-1
4.75174E-1 4.76887E-1 4.79362E-1 4.80526E-1 4.62193E-1 4.676E-1 4.65037E-1 5.31705E-1 5.27427E-1 5.15326E-1 5.12607E-1 5.11077E-1 5.03224E-1 5.3539E-1 5.06186E-1 5.95265E-1 5.90689E-1 5.80061E-1 5.70076E-1 6.68886E-1 6.75582E-1 6.82895E-1 7.11985E-1 7.29207E-1 7.36734E-1 7.52744E-1 7.49177E-1 7.60463E-1 8.17407E-1 8.38813E-1 8.31814E-1 8.40381E-1 8.41522E-1 8.34505E-1 8.22831E-1 8.029E-1 8.04331E-1 8.13973E-1 8.00345E-1 7.5925E-1 7.54477E-1 7.64941E-1 7.72935E-1 7.8982E-1 7.83025E-1 7.64771E-1 7.4145E-1 7.19744E-1 6.97578E-1 7.11655E-1 7.1973E-1 7.79393E-1 7.84622E-1 7.39348E-1 7.36978E-1 7.39599E-1 7.3807E-1 7.05507E-1 6.68726E-1 6.45575E-1 5.66612E-1 4.33883E-1 4.04506E-1 4.74255E-1 6.35528E-1 6.91887E-1
4.80721E-1 4.72774E-1 4.50843E-1 4.451E-1 4.58684E-1 5.40013E-1 5.39074E-1 5.22776E-1 5.23582E-1 4.49198E-1 5.1102E-1 5.11918E-1 4.97529E-1 4.97527E-1 5.07992E-1 5.98114E-1 5.82744E-1 5.76975E-1 5.7267E-1 6.34402E-1 6.79891E-1 6.92782E-1 7.42687E-1 7.49792E-1 7.47161E-1 7.46443E-1 7.45926E-1 8.13545E-1 8.2506E-1 8.3229E-1 8.32958E-1 8.4017E-1 8.55699E-1 8.5965E-1 8.34113E-1 8.02369E-1 7.82437E-1 7.66864E-1 7.27292E-1 7.23988E-1 7.32659E-1 7.38145E-1 7.51284E-1 7.57425E-1 7.57677E-1 7.44823E-1 7.40232E-1 7.20529E-1 7.02913E-1 7.11952E-1 7.3833E-1 7.54402E-1 7.72845E-1 7.71133E-1 7.43753E-1 7.3692E-1 7.48921E-1 7.26052E-1 6.807E-1 5.59225E-1 5.48391E-1 4.98251E-1 5.07718E-1 6.17278E-1 7.26254E-1 8.31627E-1
4.64542E-1 4.67236E-1 4.53761E-1 4.49673E-1 5.23038E-1 5.30018E-1 5.23971E-1 5.27904E-1 5.16634E-1 4.34355E-1 5.0643E-1 5.02871E-1 4.88772E-1 4.78198E-1 5.55624E-1 5.73193E-1 5.75367E-1 5.68678E-1 5.68811E-1 6.35207E-1 6.41746E-1 6.90715E-1 7.28194E-1 7.48134E-1 7.49879E-1 7.44909E-1 7.52197E-1 8.2901E-1 8.21846E-1 8.36006E-1 8.39579E-1 8.43981E-1 8.423E-1 8.50257E-1 8.2957E-1 7.9048E-1 7.69234E-1 7.62379E-1 7.25536E-1 7.31337E-1 7.15103E-1 7.14489E-1 7.25627E-1 7.24671E-1 7.39319E-1 7.36218E-1 7.37572E-1 7.33415E-1 7.28699E-1 7.32761E-1 7.26622E-1 7.57165E-1 7.56241E-1 7.55791E-1 7.50674E-1 7.41706E-1 7.2704E-1 7.00231E-1 6.65581E-1 5.60237E-1 6.03385E-1 5.96622E-1 6.80548E-1 7.35845E-1 8.66015E-1 8.26526E-1
4.30351E-1 4.09259E-1 4.10337E-1 4.4239E-1 4.49395E-1 5.11645E-1 5.19129E-1 4.4942E-1 5.02926E-1 5.05557E-1 5.01408E-1 4.89717E-1 4.80868E-1 4.67864E-1 5.47661E-1 5.36485E-1 5.60614E-1 5.60534E-1 5.65538E-1 5.84256E-1 6.46714E-1 6.98579E-1 7.19914E-1 7.40692E-1 7.35125E-1 7.58729E-1 7.73231E-1 8.26081E-1 8.20201E-1 8.23258E-1 8.32766E-1 8.37132E-1 8.43561E-1 8.30979E-1 7.68321E-1 7.49054E-1 7.14626E-1 7.46342E-1 7.39427E-1 7.2322E-1 7.0814E-1 6.96126E-1 6.95835E-1 7.07364E-1 7.26334E-1 7.36781E-1 7.22741E-1 7.35759E-1 7.30849E-1 7.31308E-1 7.28979E-1 7.5328E-1 7.57066E-1 7.46673E-1 6.48122E-1 7.19307E-1 6.94905E-1 7.04482E-1 7.02013E-1 5.96499E-1 5.98372E-1 6.50107E-1 7.28882E-1 8.63143E-1 8.99653E-1 8.09768E-1
4.10896E-1 4.63622E-1 4.53371E-1 4.74008E-1 4.25492E-1 4.9874E-1 4.34835E-1 4.41181E-1 5.03337E-1 5.04107E-1 4.90486E-1 4.87184E-1 4.70139E-1 4.66971E-1 5.39054E-1 5.2497E-1 5.53713E-1 5.57037E-1 5.67622E-1 5.82373E-1 6.6649E-1 6.63086E-1 7.0724E-1 7.20024E-1 7.17752E-1 7.55268E-1 8.09298E-1 8.23667E-1 7.73521E-1 7.78646E-1 7.94389E-1 8.38619E-1 8.3647E-1 7.70123E-1 7.57403E-1 7.26688E-1 7.00609E-1 7.27271E-1 7.04282E-1 6.73244E-1 6.6454E-1 6.59719E-1 6.78941E-1 6.90223E-1 7.10027E-1 7.06875E-1 7.27971E-1 7.29861E-1 7.47308E-1 7.57292E-1 7.62296E-1 7.87331E-1 8.01247E-1 8.03545E-1 6.80408E-1 8.00151E-1 7.59318E-1 7.94876E-1 6.56948E-1 6.62341E-1 6.66376E-1 6.74851E-1 7.41242E-1 8.0603E-1 9.08369E-1 7.95277E-1
4.29345E-1 4.11411E-1 3.97319E-1 4.75216E-1 4.12485E-1 4.87174E-1 4.8737E-1 4.97668E-1 4.1245E-1 5.0298E-1 4.86907E-1 4.79046E-1 4.65154E-1 4.48066E-1 5.28738E-1 5.2882E-1 5.55642E-1 5.56108E-1 5.61902E-1 5.69333E-1 6.62107E-1 6.56628E-1 6.56891E-1 6.58963E-1 7.15491E-1 7.45E-1 8.10474E-1 7.76644E-1 7.677E-1 7.79296E-1 7.90821E-1 7.91502E-1 7.70082E-1 7.41186E-1 7.17948E-1 7.08155E-1 6.79192E-1 6.39585E-1 6.63647E-1 6.36065E-1 6.16594E-1 6.07351E-1 6.37275E-1 6.75786E-1 7.10403E-1 7.26893E-1 7.46071E-1 7.42213E-1 7.62682E-1 7.7461E-1 7.82966E-1 7.83176E-1 8.38324E-1 8.2963E-1 7.93667E-1 8.56131E-1 8.68837E-1 8.1869E-1 8.45898E-1 8.36245E-1 7.17061E-1 6.93081E-1 8.60224E-1 8.79573E-1 9.11005E-1 7.42557E-1
4.11306E-1 3.36876E-1 4.03728E-1 4.62805E-1 4.06133E-1 4.00981E-1 4.77205E-1 4.84321E-1 4.85204E-1 4.88893E-1 4.67693E-1 4.63365E-1 4.48126E-1 4.40039E-1 4.5757E-1 5.26475E-1 5.1615E-1 5.49756E-1 5.53718E-1 6.50405E-1 6.38254E-1 6.36057E-1 6.51667E-1 6.34952E-1 6.52207E-1 7.32523E-1 7.91183E-1 7.78495E-1 7.65365E-1 7.64748E-1 7.81033E-1 7.78779E-1 7.37849E-1 7.15426E-1 6.8589E-1 6.83868E-1 7.13142E-1 6.62907E-1 6.35874E-1 6.04335E-1 5.07355E-1 5.07263E-1 6.09806E-1 6.62232E-1 6.55002E-1 7.41608E-1 6.98386E-1 6.91407E-1 7.65714E-1 7.74343E-1 7.86871E-1 8.54833E-1 9.00419E-1 9.12586E-1 9.1815E-1 9.38767E-1 9.31194E-1 9.27042E-1 9.1824E-1 9.01059E-1 8.83388E-1 8.43497E-1 8.8115E-1 9.72908E-1 9.66025E-1 7.34427E-1
3.82521E-1 3.84246E-1 3.99349E-1 4.03776E-1 4.0538E-1 4.60555E-1 4.58197E-1 4.61931E-1 4.69463E-1 4.64441E-1 4.43637E-1 4.1975E-1 4.29133E-1 4.23466E-1 4.37809E-1 5.14072E-1 5.16969E-1 5.18194E-1 5.54637E-1 5.63581E-1 6.35202E-1 6.24444E-1 5.68498E-1 5.63846E-1 6.47818E-1 7.44294E-1 7.83674E-1 7.42581E-1 7.31949E-1 7.45427E-1 7.79216E-1 7.62423E-1 7.17472E-1 6.99054E-1 6.60501E-1 6.32002E-1 6.65295E-1 6.35368E-1 6.06666E-1 5.76374E-1 5.50782E-1 4.9332E-1 5.16011E-1 5.70464E-1 6.3435E-1 6.95834E-1 7.17675E-1 7.23204E-1 7.19778E-1 7.39953E-1 7.89571E-1 8.91826E-1 9.23652E-1 9.46226E-1 9.54087E-1 9.52537E-1 9.59364E-1 9.5714E-1 9.47782E-1 9.4473E-1 9.6879E-1 9.71217E-1 9.79036E-1 9.89537E-1 9.9021E-1 9.63653E-1
3.87466E-1 3.99004E-1 3.46408E-1 3.91104E-1 4.6114E-1 4.63039E-1 4.69129E-1 5.59884E-1 4.65512E-1 4.56481E-1 4.49733E-1 4.19144E-1 4.06731E-1 4.29809E-1 4.39793E-1 5.09673E-1 5.10739E-1 5.24152E-1 5.60339E-1 5.61294E-1 5.56032E-1 5.47691E-1 5.46573E-1 5.56569E-1 5.74531E-1 7.17281E-1 7.61193E-1 7.14279E-1 7.20668E-1 7.34273E-1 7.42695E-1 7.20362E-1 7.03235E-1 6.68692E-1 6.4877E-1 6.08026E-1 5.64315E-1 5.99718E-1 5.65777E-1 4.93161E-1 5.01351E-1 5.0877E-1 5.34093E-1 5.86722E-1 6.57219E-1 7.1029E-1 7.60394E-1 7.84098E-1 7.69864E-1 8.08095E-1 8.42428E-1 8.78812E-1 9.38273E-1 9.56438E-1 9.67038E-1 9.65326E-1 9.60273E-1 9.55598E-1 9.5913E-1 9.76036E-1 9.76673E-1 9.83931E-1 9.90171E-1 9.92816E-1 9.9312E-1 9.92224E-1
4.08316E-1 4.28605E-1 3.80848E-1 4.13693E-1 4.87565E-1 4.66563E-1 4.60231E-1 4.83379E-1 4.75122E-1 4.06575E-1 3.82507E-1 4.22491E-1 4.1226E-1 4.27256E-1 4.34869E-1 5.11495E-1 5.19905E-1 5.26831E-1 5.3237E-1 5.5849E-1 5.4156E-1 5.3964E-1 5.42529E-1 5.64021E-1 6.26554E-1 6.55178E-1 7.18526E-1 6.59198E-1 6.75963E-1 7.41643E-1 7.12431E-1 6.99547E-1 6.82943E-1 6.60508E-1 6.09729E-1 5.95017E-1 5.39372E-1 4.95963E-1 5.04932E-1 5.25233E-1 5.14309E-1 5.62497E-1 5.8058E-1 6.04595E-1 6.72587E-1 7.27241E-1 7.62785E-1 7.99097E-1 8.47631E-1 8.69551E-1 8.95352E-1 9.2199E-1 9.25053E-1 9.63908E-1 9.73274E-1 9.69334E-1 9.727E-1 9.6675E-1 9.69884E-1 9.80873E-1 9.85468E-1 9.87351E-1 9.91719E-1 9.94475E-1 9.9455E-1 9.9587E-1
4.48821E-1 4.6328E-1 4.51784E-1 4.97746E-1 4.85919E-1 4.68023E-1 4.21665E-1 5.01982E-1 6.30943E-1 5.96071E-1 5.38405E-1 4.21044E-1 4.17713E-1 4.12874E-1 5.07593E-1 5.07921E-1 5.05942E-1 5.12225E-1 5.17717E-1 5.22887E-1 5.3451E-1 5.32924E-1 5.36146E-1 5.51208E-1 6.40781E-1 6.48885E-1 6.97888E-1 6.41387E-1 6.5628E-1 6.61812E-1 6.54665E-1 6.94273E-1 6.78412E-1 6.48848E-1 6.02904E-1 5.71369E-1 5.37091E-1 5.16542E-1 5.17571E-1 5.21091E-1 5.48307E-1 5.60203E-1 5.48886E-1 5.94334E-1 6.91167E-1 7.39986E-1 7.92608E-1 7.83341E-1 8.80167E-1 9.09084E-1 9.27018E-1 9.31538E-1 9.20258E-1 9.68111E-1 9.78887E-1 9.75129E-1 9.76242E-1 9.76317E-1 9.81836E-1 9.84758E-1 9.69355E-1 9.67379E-1 9.73664E-1 9.92841E-1 9.96104E-1 9.96448E-1
