Leopardus geoffroyi/Leopardus_geoffroyi.asc
ncols         515
nrows         545
xllcorner     -119.0
yllcorner     -58.333333333333
cellsize      0.166666666667
NODATA_value  -9999
[rows 261 to 289 of 545, columns 264 to 329 of 515]
2.86625E-4 2.42879E-4 1.80034E-4 2.43885E-4 2.36878E-4 1.69467E-4 1.38455E-4 1.76427E-4 2.29663E-4 2.09997E-4 1.49965E-4 1.43475E-4 1.59507E-4 1.46676E-4 1.34395E-4 1.24674E-4 2.00671E-4 2.19181E-4 2.08709E-4 2.18752E-4 2.20347E-4 2.2098E-4 2.22425E-4 2.35553E-4 4.64207E-4 6.99945E-4 8.03957E-4 9.77927E-4 1.18982E-3 2.62593E-3 3.31417E-3 4.53528E-3 5.53482E-3 5.89174E-3 3.13589E-3 2.19841E-3 1.92944E-3 1.72014E-3 1.55334E-3 1.60169E-3 8.73641E-4 8.23884E-4 5.81052E-4 6.09996E-4 6.41216E-4 6.3413E-4 6.22727E-4 4.6839E-4 4.84297E-4 5.27917E-4 5.6209E-4 5.94115E-4 4.54165E-4 4.68671E-4 6.54893E-4 6.63338E-4 6.98996E-4 1.35332E-3 8.56928E-4 1.83293E-3 2.14637E-3 2.10994E-3 2.4408E-3 2.01358E-3 1.66675E-3 1.35473E-3
3.26323E-4 1.59872E-4 2.90221E-4 2.90574E-4 2.31024E-4 1.98367E-4 3.11551E-4 2.2062E-4 2.42976E-4 1.71132E-4 1.7028E-4 1.64913E-4 1.15494E-4 1.30481E-4 1.11897E-4 9.83342E-5 1.87458E-4 1.66403E-4 1.69208E-4 1.67041E-4 1.67604E-4 1.66912E-4 1.79868E-4 1.92844E-4 2.02506E-4 3.98871E-4 6.26751E-4 7.59281E-4 9.19182E-4 1.95664E-3 2.32299E-3 3.04668E-3 5.16902E-3 4.35475E-3 4.49611E-3 2.40117E-3 1.72027E-3 1.66953E-3 1.59512E-3 1.53149E-3 1.53973E-3 1.09503E-3 5.75435E-4 1.03652E-3 5.92273E-4 5.79335E-4 5.71545E-4 5.65823E-4 4.24188E-4 4.25493E-4 4.37561E-4 4.58486E-4 5.23036E-4 5.57219E-4 5.96348E-4 1.18692E-3 7.13095E-4 1.50894E-3 9.07061E-4 2.01843E-3 2.36555E-3 2.23705E-3 2.70623E-3 2.21748E-3 1.82374E-3 1.58453E-3
3.74787E-4 5.37783E-4 2.35477E-4 2.09233E-4 2.28272E-4 3.32017E-4 2.69862E-4 3.2212E-4 1.21707E-4 1.41231E-4 1.37994E-4 1.46372E-4 1.37227E-4 1.16177E-4 9.97069E-5 8.58154E-5 6.9589E-5 1.12727E-4 1.48054E-4 1.41455E-4 1.27809E-4 1.23252E-4 1.21505E-4 1.30117E-4 1.41833E-4 1.59723E-4 3.15525E-4 4.6091E-4 5.89578E-4 1.35422E-3 1.75219E-3 2.15784E-3 3.58268E-3 3.01421E-3 3.45314E-3 2.00269E-3 1.51881E-3 1.47197E-3 1.43723E-3 1.38298E-3 1.38993E-3 1.01432E-3 9.91595E-4 9.92697E-4 5.54966E-4 5.23146E-4 5.2336E-4 5.12202E-4 3.54466E-4 3.31091E-4 3.13883E-4 3.34818E-4 4.03071E-4 4.78068E-4 5.55803E-4 6.24372E-4 6.95873E-4 1.48365E-3 9.53352E-4 1.98043E-3 2.1056E-3 2.15083E-3 2.70802E-3 2.3683E-3 2.05591E-3 1.75011E-3
9.08425E-4 4.37342E-4 4.52845E-4 2.3022E-4 1.94066E-4 3.40407E-4 1.60126E-4 5.94108E-4 2.73802E-4 8.26312E-5 1.45946E-4 1.41924E-4 1.11382E-4 9.81767E-5 8.38898E-5 6.96184E-5 6.25021E-5 5.84783E-5 5.50839E-5 9.03458E-5 8.14125E-5 9.03841E-5 7.94412E-5 8.17011E-5 8.6826E-5 9.64422E-5 2.14831E-4 3.2988E-4 3.63853E-4 4.58795E-4 1.12976E-3 1.45866E-3 1.76667E-3 2.165E-3 2.5507E-3 1.54148E-3 1.2049E-3 1.27255E-3 1.29941E-3 1.28239E-3 1.27783E-3 9.30851E-4 9.19301E-4 9.52581E-4 9.08941E-4 8.95169E-4 4.6924E-4 8.5896E-4 7.79862E-4 2.90406E-4 4.82245E-4 4.95557E-4 5.9674E-4 4.3264E-4 5.1808E-4 1.08492E-3 1.27477E-3 1.44687E-3 1.73747E-3 1.90764E-3 1.91152E-3 1.93762E-3 2.56104E-3 2.29805E-3 2.07645E-3 1.8038E-3
1.14037E-3 2.44796E-3 3.60529E-4 6.47813E-4 1.97675E-4 3.1565E-4 2.20184E-4 3.76564E-4 3.22403E-4 8.56972E-5 1.21596E-4 1.17846E-4 1.07599E-4 8.50092E-5 6.81789E-5 5.65668E-5 5.20573E-5 4.68184E-5 4.19301E-5 3.71011E-5 3.55901E-5 5.30325E-5 5.75851E-5 5.3644E-5 5.24666E-5 5.96652E-5 6.92294E-5 1.54079E-4 1.8471E-4 2.97191E-4 3.95777E-4 9.60794E-4 1.28635E-3 1.57164E-3 1.03603E-3 1.21643E-3 1.0058E-3 1.06043E-3 1.1141E-3 1.16602E-3 1.16282E-3 8.49102E-4 8.95776E-4 8.65429E-4 8.3318E-4 7.90707E-4 7.78369E-4 7.79257E-4 7.50439E-4 2.93687E-4 5.08774E-4 5.62845E-4 5.90202E-4 4.22927E-4 4.97694E-4 1.02303E-3 1.1854E-3 1.32028E-3 1.57686E-3 1.82875E-3 1.79738E-3 1.82835E-3 2.4081E-3 2.24497E-3 1.98454E-3 1.89936E-3
1.22431E-3 9.8154E-4 1.78661E-3 7.19143E-4 2.46872E-4 2.4626E-4 3.73839E-4 1.29988E-4 3.45653E-4 2.11113E-4 1.25343E-4 8.51631E-5 1.02637E-4 6.89218E-5 6.92956E-5 6.33866E-5 3.64842E-5 3.15411E-5 2.94903E-5 2.69879E-5 2.43564E-5 2.10393E-5 3.03777E-5 3.32418E-5 3.08885E-5 3.13164E-5 3.4253E-5 4.20566E-5 1.00733E-4 1.46341E-4 2.50666E-4 3.47248E-4 4.72081E-4 6.32393E-4 6.02328E-4 7.16139E-4 8.30907E-4 8.90509E-4 9.6946E-4 1.00687E-3 1.00993E-3 7.88206E-4 7.87202E-4 7.38915E-4 7.08921E-4 7.46071E-4 7.07562E-4 7.01362E-4 7.3619E-4 7.11741E-4 7.04116E-4 5.84393E-4 6.06586E-4 7.292E-4 8.78316E-4 9.97315E-4 1.09255E-3 1.27471E-3 1.40112E-3 1.71519E-3 1.77629E-3 2.42607E-3 2.33077E-3 2.25121E-3 2.15916E-3 1.95013E-3
1.72736E-3 8.47826E-3 3.9729E-3 2.19496E-3 5.52567E-4 1.74591E-4 1.16002E-4 9.08722E-5 5.14019E-4 3.73071E-4 1.05566E-4 9.14865E-5 8.56872E-5 6.42223E-5 7.55938E-5 1.18342E-4 7.11889E-5 1.13625E-4 3.74801E-5 1.64804E-5 1.42121E-5 1.18246E-5 9.75067E-6 8.00952E-6 1.40008E-5 1.42034E-5 1.69643E-5 2.01863E-5 2.49603E-5 3.90141E-5 1.07924E-4 1.59445E-4 2.5292E-4 3.64741E-4 4.67087E-4 5.80493E-4 7.02129E-4 7.65518E-4 8.36248E-4 8.97121E-4 9.20044E-4 7.36777E-4 6.88567E-4 6.89079E-4 7.06565E-4 6.98338E-4 6.66846E-4 6.80282E-4 6.92112E-4 6.69444E-4 7.45189E-4 8.08833E-4 9.17416E-4 1.01435E-3 8.70138E-4 9.33112E-4 1.04951E-3 1.16185E-3 1.31913E-3 1.51497E-3 1.51828E-3 1.73549E-3 2.3046E-3 2.29622E-3 2.11624E-3 3.60004E-3
3.61698E-3 1.18377E-2 7.78454E-4 1.07129E-3 5.42363E-4 3.32645E-4 1.40528E-4 4.76303E-4 8.02097E-4 3.52793E-4 1.53029E-4 9.22393E-5 7.94134E-5 5.63609E-5 7.44823E-5 1.49941E-4 4.95041E-4 5.44955E-4 8.00852E-5 2.54309E-5 1.05483E-5 6.73772E-6 5.08751E-6 4.04744E-6 3.35717E-6 2.68357E-6 6.13528E-6 7.78907E-6 1.06593E-5 1.71409E-5 2.95022E-5 9.5196E-5 1.55258E-4 2.57248E-4 3.79784E-4 4.65933E-4 5.66481E-4 6.28831E-4 6.94214E-4 7.86093E-4 8.57828E-4 8.29984E-4 8.37573E-4 6.55573E-4 5.86922E-4 6.45102E-4 6.64561E-4 6.58277E-4 6.8156E-4 1.20339E-3 7.17676E-4 8.2649E-4 9.28747E-4 1.02856E-3 1.20592E-3 1.24809E-3 2.52995E-3 2.70597E-3 1.29902E-3 1.41394E-3 1.92657E-3 2.18587E-3 2.2382E-3 2.23766E-3 2.07501E-3 2.10697E-3
4.13623E-3 6.21154E-3 6.04765E-3 1.88641E-3 1.90904E-3 3.86322E-4 2.49743E-4 7.27095E-4 4.58676E-4 3.25753E-4 1.14492E-4 8.39782E-5 1.08544E-4 1.07395E-4 1.87585E-4 2.75193E-4 1.147E-3 3.32056E-3 9.04635E-4 9.39887E-5 2.23915E-5 4.44883E-6 2.78867E-6 1.7841E-6 1.19794E-6 1.09771E-6 1.06257E-6 2.0397E-6 4.00806E-6 6.55467E-6 1.25605E-5 2.68829E-5 5.36131E-5 9.70333E-5 2.82891E-4 3.80048E-4 4.48087E-4 5.57412E-4 6.17937E-4 6.57906E-4 6.98639E-4 7.07109E-4 7.02559E-4 7.41425E-4 5.33314E-4 5.7789E-4 6.11722E-4 6.25944E-4 6.73049E-4 1.23786E-3 1.30259E-3 1.55883E-3 9.7061E-4 1.01883E-3 1.16242E-3 2.32867E-3 1.37278E-3 2.66616E-3 3.12868E-3 1.42682E-3 1.98035E-3 2.12521E-3 2.20017E-3 2.24553E-3 2.15445E-3 2.21033E-3
8.99219E-3 6.05688E-3 4.21579E-3 5.95012E-3 1.25781E-3 7.90962E-4 3.45113E-4 2.08922E-4 1.08254E-3 4.21242E-4 1.37166E-4 2.01174E-4 1.46693E-4 1.37319E-4 2.11618E-4 7.70041E-4 2.10795E-3 3.39558E-3 1.28234E-3 9.95979E-5 1.43355E-5 2.51822E-6 1.14708E-6 6.91832E-7 3.90969E-7 2.73458E-7 2.84731E-7 4.04729E-7 6.25365E-7 2.12567E-6 4.43243E-6 1.36536E-5 3.00349E-5 4.9065E-5 2.11659E-4 3.20047E-4 2.09761E-4 4.28183E-4 4.7756E-4 5.16962E-4 5.75543E-4 6.08788E-4 6.10446E-4 6.20828E-4 1.18298E-3 1.25455E-3 5.68375E-4 6.24161E-4 6.60391E-4 1.17162E-3 1.35184E-3 1.50478E-3 1.66834E-3 1.81579E-3 2.07686E-3 1.28001E-3 2.41466E-3 2.63637E-3 3.02282E-3 1.39084E-3 1.51749E-3 1.95022E-3 1.94747E-3 2.1805E-3 2.24805E-3 2.39855E-3
6.70355E-3 4.27215E-3 1.0193E-2 1.68211E-2 7.02892E-3 2.61049E-3 1.03813E-3 5.24536E-4 4.33623E-4 1.58757E-4 1.40032E-4 2.21517E-4 2.06841E-4 3.66204E-4 6.24565E-4 7.8979E-4 1.13026E-3 3.6261E-3 9.81358E-3 1.53665E-4 1.16753E-5 1.81327E-6 7.06739E-7 2.26012E-7 1.04828E-7 6.83567E-8 6.23806E-8 7.37311E-8 1.40133E-7 3.80189E-7 1.94434E-6 5.0527E-6 1.16791E-5 3.49921E-5 5.39289E-5 1.10996E-4 2.59445E-4 3.12649E-4 3.56997E-4 4.19579E-4 7.41014E-4 4.47984E-4 9.32285E-4 9.82039E-4 9.58223E-4 6.06211E-4 1.1509E-3 9.88341E-4 1.13625E-3 1.53153E-3 1.32338E-3 1.54485E-3 1.6118E-3 1.83689E-3 1.20374E-3 1.38773E-3 1.44795E-3 1.48846E-3 3.00312E-3 1.30953E-3 1.79247E-3 1.82728E-3 3.31483E-3 2.02257E-3 2.20418E-3 4.2067E-3
2.09952E-3 1.00307E-2 8.29038E-3 2.90071E-2 2.33718E-2 2.35362E-3 2.46067E-3 7.26837E-4 3.69386E-4 4.68488E-4 2.96422E-4 4.50364E-4 4.94682E-4 5.36133E-4 6.58851E-4 1.42112E-3 4.2206E-3 8.36336E-3 2.30119E-2 8.41028E-3 1.47017E-5 1.37642E-6 5.59327E-7 1.57472E-7 2.66533E-8 1.62706E-8 1.6713E-8 1.54306E-8 2.84349E-8 1.08674E-7 6.21262E-7 2.09951E-6 5.5745E-6 1.39245E-5 3.86977E-5 6.65865E-5 1.71626E-4 2.14364E-4 2.75438E-4 3.07589E-4 6.05145E-4 6.8017E-4 7.39014E-4 8.12551E-4 9.00208E-4 1.0201E-3 1.05277E-3 1.20902E-3 1.40735E-3 1.55399E-3 1.75657E-3 2.02267E-3 1.57135E-3 1.85562E-3 1.2546E-3 2.49145E-3 1.60102E-3 1.64829E-3 3.05279E-3 1.7348E-3 1.83648E-3 3.0786E-3 3.31131E-3 3.57566E-3 2.19326E-3 2.32507E-3
2.38757E-3 5.75814E-3 6.16787E-3 1.51628E-2 5.46139E-2 7.58298E-3 1.3643E-2 2.73577E-3 6.79021E-4 5.42136E-4 5.78807E-4 5.85962E-4 1.53468E-3 6.36608E-4 1.30806E-3 3.04689E-3 7.99789E-3 2.47002E-2 2.63781E-2 3.39428E-2 4.3941E-3 3.13864E-5 4.81143E-6 3.60235E-7 2.29148E-8 4.04294E-9 4.85523E-9 9.72485E-9 1.28148E-8 3.04014E-8 1.43463E-7 7.46284E-7 3.02272E-6 7.89322E-6 2.25119E-5 4.09576E-5 1.20622E-4 1.64216E-4 1.98969E-4 2.45296E-4 3.04519E-4 5.90483E-4 6.80234E-4 7.39329E-4 7.7895E-4 8.88123E-4 9.91867E-4 6.57768E-4 1.33007E-3 1.51804E-3 1.56868E-3 1.81637E-3 2.36636E-3 1.89888E-3 1.39754E-3 1.39342E-3 2.6372E-3 2.7126E-3 2.83275E-3 1.79609E-3 3.16626E-3 2.99672E-3 3.0687E-3 3.59584E-3 4.31538E-3 4.29147E-3
6.35999E-3 3.07473E-3 2.64231E-3 1.14768E-2 1.55204E-2 1.26447E-2 4.4533E-3 5.58389E-3 1.13815E-3 1.53234E-3 1.14853E-3 2.42944E-3 2.06709E-3 2.85342E-3 1.55017E-3 8.9505E-3 3.09105E-2 2.55415E-2 2.44668E-2 5.8106E-2 5.25613E-2 2.51748E-2 2.73787E-3 4.09639E-4 6.39071E-7 4.53139E-9 3.2702E-9 3.6454E-9 6.30822E-9 1.67489E-8 7.14099E-8 3.98716E-7 1.4219E-6 5.40768E-6 1.36315E-5 2.62573E-5 4.52415E-5 1.22055E-4 1.53337E-4 1.94507E-4 2.44799E-4 2.85468E-4 5.66316E-4 6.57888E-4 7.26284E-4 7.76522E-4 5.23004E-4 1.08178E-3 1.22135E-3 1.38112E-3 1.51211E-3 1.77653E-3 2.19931E-3 2.53693E-3 3.17653E-3 3.51872E-3 3.40967E-3 3.59599E-3 3.14486E-3 3.08527E-3 3.11485E-3 3.09229E-3 3.18113E-3 2.09246E-3 2.36665E-3 4.39992E-3
1.10841E-2 4.60238E-3 3.23171E-3 1.0612E-2 1.10601E-2 6.95133E-3 6.2225E-3 2.28805E-3 2.77721E-3 3.68326E-3 2.5027E-3 1.84235E-3 1.73239E-3 1.43144E-3 4.64784E-3 1.04113E-2 3.64898E-2 7.97964E-2 5.78429E-2 6.98585E-2 1.38325E-1 5.2647E-2 2.69157E-2 1.46798E-2 2.41033E-4 3.52254E-5 1.56558E-7 4.62476E-9 6.34294E-9 1.04822E-8 4.48155E-8 1.68688E-7 7.71608E-7 2.46128E-6 7.34269E-6 1.78218E-5 3.30116E-5 8.84823E-5 1.24205E-4 1.63778E-4 2.0562E-4 2.39029E-4 2.74672E-4 3.13481E-4 6.50591E-4 7.36073E-4 8.58293E-4 9.61958E-4 1.10806E-3 1.28506E-3 1.52285E-3 1.74245E-3 2.26342E-3 2.52822E-3 2.97828E-3 3.30249E-3 6.25652E-3 6.66681E-3 4.28033E-3 3.96444E-3 4.05936E-3 4.14954E-3 4.29383E-3 3.71162E-3 2.28273E-3 4.44827E-3
3.55987E-2 2.80197E-2 1.54662E-2 1.23523E-2 1.64145E-2 1.54204E-2 8.67511E-3 8.66676E-3 3.81522E-3 5.53766E-3 4.37982E-3 2.59411E-3 3.00044E-3 6.21006E-3 7.87325E-3 9.30171E-3 2.84614E-2 2.92542E-2 6.41913E-2 1.073E-1 1.06803E-1 1.54258E-1 2.39201E-2 1.37792E-2 3.01974E-2 1.06296E-2 9.65134E-3 3.00817E-5 3.7797E-6 1.18667E-6 1.49736E-7 2.05428E-7 6.06315E-7 3.06615E-6 4.77041E-6 1.38495E-5 2.41267E-5 7.23495E-5 1.07268E-4 1.3529E-4 1.69978E-4 3.5118E-4 4.11666E-4 4.68557E-4 5.1505E-4 3.68558E-4 7.36955E-4 8.34333E-4 9.90904E-4 1.13747E-3 1.50381E-3 1.72944E-3 2.0162E-3 2.38907E-3 2.73052E-3 5.9971E-3 6.65276E-3 3.80821E-3 4.20674E-3 4.21116E-3 4.19188E-3 4.00512E-3 4.44641E-3 4.75503E-3 5.33261E-3 5.47321E-3
5.24616E-2 2.43796E-2 1.49499E-2 1.86544E-2 1.04063E-2 1.72218E-2 9.8642E-3 8.98434E-3 6.70263E-3 1.29738E-2 6.6665E-3 6.73169E-3 6.59334E-3 6.65005E-3 1.24475E-2 1.34032E-2 1.95863E-2 3.22919E-2 6.50367E-2 5.67144E-2 9.7589E-2 5.44803E-2 1.22343E-2 5.07392E-3 6.77305E-3 1.10884E-2 1.55021E-2 1.43298E-2 5.9517E-3 1.15432E-3 1.53356E-5 2.03065E-6 3.89107E-6 8.61167E-6 1.77747E-5 2.35964E-5 4.52929E-5 5.89549E-5 9.76686E-5 1.21953E-4 1.74787E-4 4.13251E-4 4.77584E-4 4.26192E-4 4.93247E-4 5.78774E-4 6.36321E-4 7.45381E-4 9.01928E-4 1.13092E-3 1.28767E-3 1.51544E-3 3.47611E-3 2.18092E-3 4.54997E-3 5.53189E-3 6.4175E-3 3.75433E-3 4.05452E-3 3.9189E-3 3.9814E-3 3.87103E-3 4.20641E-3 4.50771E-3 4.88754E-3 5.17318E-3
3.98101E-2 3.30556E-2 1.99052E-2 2.60618E-2 1.67142E-2 8.36764E-3 5.21178E-3 4.7391E-3 1.12919E-2 4.36397E-3 7.44299E-3 5.69622E-3 8.60269E-3 9.87207E-3 1.29422E-2 1.85922E-2 1.87341E-2 3.73644E-2 5.80448E-2 7.95215E-2 7.86726E-2 2.53646E-2 1.34486E-2 9.56348E-3 8.68877E-3 1.19633E-2 4.07367E-2 1.60567E-2 2.48704E-2 2.38133E-2 6.34657E-3 1.94238E-4 4.32421E-5 5.93161E-5 1.04571E-4 5.01413E-5 6.87281E-5 9.22754E-5 1.42026E-4 1.49755E-4 1.77354E-4 3.00542E-4 4.53554E-4 5.61762E-4 4.73373E-4 5.4106E-4 5.85815E-4 6.54014E-4 8.46952E-4 1.05025E-3 1.24965E-3 1.44438E-3 3.19721E-3 3.71099E-3 4.31389E-3 4.97323E-3 7.44111E-3 6.04683E-3 3.58133E-3 3.6128E-3 3.76446E-3 3.741E-3 3.83597E-3 4.26287E-3 4.64716E-3 4.79667E-3
1.68029E-2 4.25331E-2 3.89318E-2 2.21637E-2 9.22468E-3 8.83886E-3 9.92145E-3 5.9627E-3 1.12632E-2 4.70874E-3 6.84959E-3 8.11198E-3 5.69632E-3 1.51589E-2 2.14309E-2 1.17989E-2 2.078E-2 3.38941E-2 3.80702E-2 5.80864E-2 6.5369E-2 6.1942E-2 1.522E-2 1.18043E-2 1.00902E-2 1.05134E-2 1.2367E-2 3.96812E-2 1.89145E-2 2.21375E-2 1.85293E-2 4.46982E-3 3.11291E-3 3.03248E-4 1.69221E-4 2.1664E-4 2.1403E-4 4.05144E-4 5.05516E-4 2.32915E-4 1.91534E-4 4.12019E-4 3.71233E-4 5.03329E-4 6.18328E-4 5.19196E-4 5.52616E-4 5.71969E-4 7.53292E-4 9.17292E-4 1.12688E-3 2.37013E-3 1.52788E-3 1.77187E-3 3.96723E-3 6.13852E-3 6.68361E-3 7.27411E-3 5.9759E-3 3.47781E-3 6.11338E-3 6.04791E-3 3.61864E-3 3.86051E-3 4.07253E-3 2.3324E-3
1.24766E-2 3.3441E-2 3.68476E-2 4.09019E-2 1.76876E-2 1.25942E-2 1.00988E-2 3.06095E-3 8.68958E-3 7.43608E-3 1.09771E-2 1.27266E-2 8.08643E-3 1.01806E-2 3.02809E-2 1.02105E-2 1.81556E-2 3.90542E-2 1.7427E-2 1.42426E-2 2.13652E-2 3.26872E-2 6.6176E-2 2.02957E-2 9.38348E-3 1.2022E-2 1.29683E-2 2.02411E-2 3.45499E-2 2.66839E-2 2.47748E-2 1.00649E-2 9.91577E-3 1.83978E-3 6.11772E-4 3.38314E-4 4.56383E-4 6.0897E-4 5.27313E-4 7.31536E-4 6.34326E-4 4.74945E-4 4.82841E-4 4.07438E-4 5.69118E-4 6.1813E-4 4.6906E-4 5.24332E-4 6.37968E-4 7.64274E-4 9.69428E-4 1.18146E-3 1.35051E-3 1.5829E-3 4.39023E-3 5.07129E-3 5.98741E-3 6.47558E-3 6.92559E-3 2.86197E-3 3.12354E-3 5.59513E-3 3.22E-3 3.55754E-3 3.68494E-3 3.93411E-3
9.70636E-4 2.10274E-2 4.00917E-2 2.93012E-2 2.48713E-2 1.20518E-2 6.33679E-3 5.11094E-3 3.02877E-3 5.36112E-3 6.81036E-3 7.64606E-3 1.19188E-2 8.53769E-3 7.55695E-3 7.10556E-3 1.45116E-2 3.20796E-2 1.5118E-2 7.43278E-3 1.21054E-2 1.54598E-2 2.43099E-2 1.99301E-2 1.18263E-2 2.23589E-2 5.30733E-2 3.2847E-2 4.37373E-2 4.28165E-2 5.46582E-2 4.41733E-2 2.35834E-2 1.12966E-2 2.24571E-3 9.90446E-4 7.32491E-4 1.01475E-3 7.25296E-4 1.37305E-3 1.43535E-3 7.79703E-4 4.25707E-4 4.18135E-4 4.85782E-4 5.47622E-4 4.85597E-4 5.41161E-4 6.19494E-4 7.32765E-4 8.84153E-4 1.08664E-3 1.2073E-3 1.31336E-3 2.00626E-3 4.12103E-3 4.44308E-3 4.96934E-3 5.46546E-3 2.39129E-3 2.62424E-3 5.21361E-3 5.26144E-3 3.0435E-3 3.20142E-3 3.26505E-3
2.48091E-4 3.80305E-3 3.97238E-2 4.02369E-2 1.82342E-2 1.83731E-2 9.35201E-3 7.2704E-3 6.02955E-3 5.14022E-3 6.4332E-3 5.82406E-3 6.27937E-3 7.63019E-3 6.94322E-3 7.10143E-3 1.85389E-2 2.06934E-2 1.15371E-2 1.01768E-2 9.56801E-3 1.23634E-2 1.70278E-2 1.39734E-2 2.11913E-2 3.16136E-2 6.26272E-2 1.13718E-1 5.84616E-2 2.81299E-2 2.79087E-2 3.71696E-2 3.9672E-2 7.06718E-3 4.67445E-3 2.67975E-3 1.46584E-3 1.81897E-3 1.88614E-3 2.19197E-3 1.68658E-3 1.04591E-3 2.87255E-4 5.22998E-4 5.44535E-4 4.81926E-4 4.33737E-4 4.90518E-4 5.89201E-4 6.82129E-4 7.86609E-4 8.9649E-4 1.00108E-3 1.06211E-3 2.94164E-3 3.22448E-3 3.45813E-3 4.04769E-3 4.62993E-3 5.01918E-3 2.27641E-3 4.55065E-3 4.60231E-3 2.5386E-3 2.69816E-3 2.70069E-3
3.14063E-4 6.6366E-4 2.91758E-2 4.24573E-2 2.92758E-2 2.747E-2 1.38561E-2 9.89247E-3 9.26482E-3 1.09708E-2 1.11593E-2 1.15515E-2 9.05052E-3 1.16631E-2 9.12972E-3 1.0415E-2 1.04633E-2 1.3429E-2 8.55592E-3 1.2308E-2 7.61078E-3 9.19335E-3 8.01818E-3 1.05968E-2 2.16622E-2 3.9858E-2 4.8585E-2 9.2876E-2 1.53451E-1 2.05865E-1 1.52191E-1 3.78578E-2 2.61048E-2 2.1457E-2 5.67472E-3 6.19828E-3 1.13761E-3 1.51374E-3 1.54853E-3 3.56917E-3 2.27269E-3 7.3645E-4 4.92125E-4 2.54999E-4 5.29866E-4 5.12291E-4 4.59581E-4 4.77206E-4 6.00295E-4 6.69981E-4 7.29589E-4 7.82783E-4 8.18265E-4 8.60593E-4 1.26559E-3 2.47058E-3 2.67114E-3 3.06362E-3 3.61822E-3 1.65814E-3 1.86016E-3 3.49157E-3 2.0989E-3 2.02101E-3 2.1422E-3 2.30926E-3
1.26928E-3 2.98387E-4 1.15578E-3 3.77303E-2 3.35639E-2 3.56826E-2 2.49182E-2 2.44385E-2 1.56031E-2 3.11706E-2 1.96441E-2 1.48845E-2 1.70145E-2 2.09401E-2 1.562E-2 1.56991E-2 1.5745E-2 1.48296E-2 1.03449E-2 9.67079E-3 1.35487E-2 1.25271E-2 1.27149E-2 1.12093E-2 1.89092E-2 2.64602E-2 5.33892E-2 8.46477E-2 1.78004E-1 2.3258E-1 1.30468E-1 1.3721E-1 3.68718E-2 2.88736E-2 1.95855E-2 4.02364E-3 5.75165E-3 1.35581E-3 1.63964E-3 3.46902E-3 2.93224E-3 8.81405E-4 3.959E-4 3.65185E-4 2.81234E-4 2.08159E-4 2.86292E-4 2.81523E-4 4.42593E-4 6.51074E-4 6.5068E-4 6.27773E-4 6.28206E-4 6.54413E-4 9.23615E-4 1.79342E-3 1.88399E-3 2.31138E-3 2.61599E-3 3.03698E-3 1.48644E-3 2.64129E-3 1.6011E-3 1.62098E-3 1.68623E-3 1.88107E-3
2.46385E-3 7.89988E-4 8.17418E-4 5.70375E-4 3.88676E-3 4.59066E-2 2.95884E-2 7.70591E-2 5.89658E-2 4.47654E-2 5.73421E-2 2.78969E-2 3.2483E-2 4.37206E-2 3.29602E-2 2.72666E-2 2.12492E-2 2.16148E-2 1.57955E-2 1.49355E-2 1.72366E-2 9.70494E-3 9.90947E-3 1.06134E-2 1.09167E-2 1.02307E-2 2.16928E-2 6.35411E-2 1.92783E-1 1.96532E-1 1.1745E-1 1.02246E-1 4.71342E-2 3.40586E-2 2.85146E-2 1.13872E-2 7.32922E-3 6.91022E-4 1.32714E-3 1.48453E-3 1.06236E-3 1.07432E-3 6.01631E-4 3.45614E-4 3.60251E-4 2.88596E-4 3.19533E-4 2.37865E-4 3.11356E-4 3.15825E-4 5.58069E-4 5.47913E-4 5.10449E-4 4.90144E-4 1.23425E-3 1.23868E-3 1.35259E-3 1.50937E-3 1.76095E-3 2.09951E-3 1.30874E-3 2.44616E-3 2.83438E-3 2.17343E-3 1.27903E-3 1.44376E-3
2.25995E-2 6.33683E-4 2.72576E-4 9.64646E-4 6.963E-4 5.92688E-4 2.37064E-2 5.91305E-2 9.50269E-2 8.6165E-2 6.37741E-2 1.31194E-1 1.29786E-1 6.23574E-2 5.88694E-2 6.66748E-2 3.87236E-2 2.22684E-2 2.02287E-2 1.45934E-2 1.54078E-2 1.46625E-2 1.05127E-2 1.4564E-2 9.50236E-3 9.6137E-3 1.2089E-2 7.73417E-2 1.62083E-1 2.42509E-1 1.25901E-1 4.42407E-2 3.57448E-2 2.48523E-2 1.73389E-2 1.56486E-2 9.05692E-3 1.57621E-3 9.67725E-4 1.34102E-3 1.17333E-3 8.14383E-4 6.04353E-4 4.27633E-4 3.7499E-4 3.80271E-4 3.6984E-4 2.61894E-4 2.88671E-4 2.65125E-4 4.30796E-4 4.21297E-4 3.74142E-4 3.59167E-4 8.67523E-4 8.6292E-4 8.86873E-4 9.82755E-4 1.0929E-3 1.21786E-3 6.06133E-4 1.54504E-3 1.88685E-3 2.05577E-3 1.64037E-3 1.09165E-3
8.59953E-3 3.40631E-2 2.26187E-3 2.9247E-4 4.96357E-4 1.19573E-3 3.45659E-2 3.25007E-2 7.05369E-2 1.11785E-1 8.43709E-3 5.10045E-2 1.21401E-1 6.31681E-2 7.18149E-2 7.98235E-2 8.68692E-2 5.0029E-2 3.64674E-2 2.23287E-2 2.71967E-2 2.86662E-2 1.49253E-2 1.44178E-2 1.30347E-2 1.15179E-2 7.75325E-3 7.98058E-2 1.47608E-1 1.59162E-1 5.93104E-2 3.1632E-3 1.03326E-3 8.71962E-3 1.56271E-2 1.44915E-2 1.03864E-2 6.2625E-3 2.78433E-3 1.41674E-3 9.94013E-4 8.85412E-4 6.66229E-4 5.32492E-4 4.26481E-4 3.13023E-4 6.0424E-4 5.86417E-4 2.55962E-4 2.35059E-4 3.21541E-4 3.07123E-4 2.72808E-4 2.45538E-4 3.15624E-4 5.43556E-4 5.66554E-4 5.80349E-4 5.99116E-4 7.31876E-4 4.73054E-4 3.95921E-4 8.14849E-4 1.40056E-3 1.63109E-3 8.34918E-4
6.46843E-3 1.40784E-2 1.53212E-2 8.45875E-4 6.59598E-4 3.45564E-4 1.042E-3 1.04485E-3 9.64025E-3 1.56931E-2 1.64549E-2 1.41358E-3 1.65859E-2 1.26116E-1 9.31778E-2 1.08368E-1 1.42742E-1 1.44109E-1 1.28616E-1 8.66379E-2 6.12942E-2 3.51803E-2 3.23395E-2 1.7818E-2 1.87031E-2 1.55834E-2 8.17341E-3 4.2199E-2 1.96273E-1 1.83717E-1 9.06482E-2 1.9375E-3 2.8274E-4 4.5979E-4 6.32942E-3 1.04932E-2 1.10576E-2 7.57712E-3 4.41313E-3 9.95031E-4 1.06316E-3 1.03908E-3 8.18965E-4 6.42304E-4 4.07163E-4 4.27241E-4 5.46216E-4 4.911E-4 3.53043E-4 3.50605E-4 2.74394E-4 2.72956E-4 1.84214E-4 1.69512E-4 2.03312E-4 3.1979E-4 3.311E-4 3.11835E-4 3.39185E-4 3.8748E-4 4.73456E-4 3.15829E-4 6.8328E-4 4.58091E-4 1.13717E-3 1.14479E-3
-9999 -9999 5.04142E-3 7.37029E-3 3.36965E-3 2.94615E-4 1.82014E-4 7.86866E-4 8.34433E-4 8.38469E-4 9.19227E-4 1.42319E-4 7.9743E-3 3.74774E-2 3.93508E-2 3.20419E-2 4.72678E-2 9.56301E-2 9.17454E-2 7.78548E-2 6.72639E-2 5.54086E-2 5.47574E-2 4.85028E-2 2.70719E-2 3.82205E-2 2.3313E-2 7.53839E-2 2.84486E-1 2.21977E-1 2.66946E-2 2.62294E-3 1.21493E-4 1.21408E-4 1.9956E-4 2.02149E-3 1.11406E-2 9.50419E-3 6.58016E-3 3.30767E-3 6.41055E-4 1.05694E-3 8.59412E-4 8.08229E-4 1.03446E-3 8.03557E-4 6.52091E-4 4.89942E-4 3.6942E-4 2.83225E-4 2.3634E-4 2.10536E-4 1.66408E-4 1.57384E-4 1.27828E-4 1.95197E-4 1.79609E-4 1.68023E-4 1.84715E-4 1.97087E-4 2.4536E-4 1.76346E-4 2.24647E-4 2.85772E-4 4.2629E-4 4.72257E-4
