Leopardus geoffroyi/Leopardus_geoffroyi.asc
ncols         515
nrows         545
xllcorner     -119.0
yllcorner     -58.333333333333
cellsize      0.166666666667
NODATA_value  -9999
[rows 290 to 318 of 545, columns 396 to 461 of 515]
1.84585E-1 1.11657E-1 1.01678E-1 6.82656E-2 5.0805E-2 3.8545E-2 3.87333E-2 3.81394E-2 4.16022E-2 4.22214E-2 2.68245E-2 2.01017E-2 1.16233E-2 2.0568E-2 1.22635E-2 1.18831E-2 1.18721E-2 5.24319E-3 7.00181E-3 6.96668E-3 7.21924E-3 7.40619E-3 7.61805E-3 3.6927E-3 3.56079E-3 4.50266E-3 8.6768E-3 9.88249E-3 1.39553E-2 1.10227E-2 2.94845E-2 3.39759E-2 3.2658E-2 6.43138E-2 6.19061E-2 5.64953E-2 5.56866E-2 6.19392E-2 5.39181E-2 5.84722E-2 7.70956E-2 6.99205E-2 1.2447E-1 1.27244E-1 1.23216E-1 1.70494E-1 2.13839E-1 2.6443E-1 1.79854E-1 1.02952E-1 1.08916E-1 8.6883E-2 1.05914E-1 1.18533E-1 1.18296E-1 7.30087E-2 7.31226E-2 8.44083E-2 7.55571E-2 1.62875E-1 1.37419E-1 8.39696E-2 8.46483E-2 1.12705E-1 1.45093E-1 7.7739E-2
1.19353E-1 9.80249E-2 9.16629E-2 6.72688E-2 4.93645E-2 4.63911E-2 3.59949E-2 3.88325E-2 3.66012E-2 2.36909E-2 2.66452E-2 1.96659E-2 1.02334E-2 1.04393E-2 1.08275E-2 1.10169E-2 5.41901E-3 6.6431E-3 6.3565E-3 6.34381E-3 3.33486E-3 6.62243E-3 3.51331E-3 3.54197E-3 3.43446E-3 3.41454E-3 9.62255E-3 9.56027E-3 1.39296E-2 2.44123E-2 3.03038E-2 3.46872E-2 5.32675E-2 5.3053E-2 6.15528E-2 5.72822E-2 3.84354E-2 3.79905E-2 5.08311E-2 6.07045E-2 7.88651E-2 1.13089E-1 1.59757E-1 1.69912E-1 1.12498E-1 1.7722E-1 2.42023E-1 3.07362E-1 1.5605E-1 1.17292E-1 1.26146E-1 1.38688E-1 1.32089E-1 1.93557E-1 8.60232E-2 8.73389E-2 1.05398E-1 1.24625E-1 1.46028E-1 1.45034E-1 1.10725E-1 7.49198E-2 7.1107E-2 6.44192E-2 1.26034E-1 1.3737E-1
7.47242E-2 8.12757E-2 8.48981E-2 4.18616E-2 4.26019E-2 4.55348E-2 3.51695E-2 3.59636E-2 2.35261E-2 2.35564E-2 2.15542E-2 1.2172E-2 1.8639E-2 9.856E-3 6.68607E-3 1.31842E-2 1.16934E-2 5.81585E-3 5.5354E-3 5.84057E-3 5.56263E-3 3.16414E-3 3.10152E-3 3.05044E-3 3.03755E-3 3.34137E-3 9.38506E-3 1.07045E-2 1.04912E-2 2.50708E-2 3.12584E-2 3.12905E-2 5.14061E-2 4.93653E-2 5.89274E-2 4.54471E-2 3.93476E-2 4.19117E-2 5.47927E-2 8.67195E-2 1.05234E-1 7.37573E-2 8.46351E-2 1.70948E-1 2.07948E-1 2.39901E-1 2.85291E-1 2.9882E-1 2.25045E-1 1.76939E-1 1.76102E-1 1.31485E-1 1.46832E-1 1.02895E-1 9.29506E-2 8.57141E-2 1.06163E-1 1.07865E-1 8.10953E-2 1.04362E-1 9.12246E-2 5.5496E-2 4.25341E-2 7.01151E-2 1.1342E-1 1.06604E-1
8.97301E-2 7.30841E-2 5.44655E-2 4.58024E-2 5.61527E-2 3.14086E-2 2.70252E-2 2.04998E-2 1.92247E-2 2.06982E-2 1.92526E-2 1.9855E-2 1.1899E-2 9.60816E-3 1.22829E-2 9.2233E-3 1.08143E-2 5.72881E-3 5.89714E-3 5.82646E-3 5.96484E-3 5.81053E-3 5.82199E-3 3.20199E-3 2.83588E-3 8.15273E-3 8.68334E-3 9.14827E-3 2.2497E-2 2.33754E-2 2.9891E-2 2.99655E-2 4.71581E-2 4.54909E-2 5.28511E-2 4.2161E-2 3.58859E-2 4.01894E-2 7.2874E-2 7.64299E-2 9.30429E-2 1.13916E-1 1.33028E-1 1.60448E-1 1.89749E-1 2.19996E-1 3.47852E-1 3.80257E-1 2.16473E-1 2.41724E-1 1.88783E-1 1.16214E-1 1.661E-1 1.5681E-1 1.20052E-1 9.75367E-2 9.16234E-2 1.17206E-1 9.10196E-2 9.85478E-2 8.41139E-2 4.80998E-2 5.73524E-2 6.79746E-2 1.35447E-1 9.83603E-2
6.23597E-2 7.33197E-2 7.2053E-2 5.10199E-2 4.69789E-2 2.76813E-2 2.09137E-2 2.49946E-2 2.25713E-2 1.21966E-2 1.92557E-2 9.94918E-3 1.11428E-2 1.04086E-2 1.1575E-2 1.13014E-2 1.04828E-2 1.0733E-2 5.56958E-3 5.95337E-3 5.97178E-3 5.73888E-3 6.02429E-3 3.13217E-3 3.10366E-3 7.61145E-3 8.2984E-3 2.27564E-2 1.99954E-2 2.06366E-2 2.81779E-2 5.21691E-2 4.34624E-2 4.17331E-2 4.19348E-2 3.63485E-2 3.07671E-2 6.25521E-2 8.21851E-2 8.00941E-2 9.39083E-2 1.2538E-1 1.54959E-1 1.95219E-1 2.27846E-1 2.4725E-1 3.09211E-1 2.88774E-1 2.15203E-1 2.32742E-1 2.46453E-1 1.93427E-1 1.72456E-1 1.1021E-1 9.68025E-2 8.91547E-2 8.19726E-2 8.43551E-2 1.02016E-1 1.00415E-1 5.79163E-2 7.41357E-2 8.21196E-2 1.15476E-1 1.36936E-1 1.06663E-1
6.61749E-2 4.95648E-2 4.81192E-2 4.92074E-2 4.64772E-2 4.39701E-2 2.67002E-2 2.66323E-2 1.91165E-2 2.04125E-2 1.7843E-2 1.15059E-2 9.3677E-3 9.52312E-3 8.94898E-3 1.06986E-2 1.01849E-2 1.03566E-2 1.03243E-2 6.15256E-3 5.85468E-3 5.17552E-3 5.50898E-3 6.02396E-3 5.96175E-3 6.90669E-3 9.77545E-3 1.83783E-2 1.89266E-2 1.88705E-2 2.01139E-2 2.40864E-2 2.27028E-2 4.57409E-2 3.95032E-2 7.05265E-2 2.99114E-2 6.49881E-2 7.65655E-2 9.7758E-2 9.61634E-2 7.66564E-2 1.01114E-1 1.69297E-1 2.07504E-1 1.60532E-1 2.07005E-1 2.39974E-1 2.38725E-1 1.7603E-1 1.63364E-1 1.23568E-1 1.09097E-1 6.67753E-2 7.16751E-2 7.31976E-2 1.21667E-1 6.24429E-2 5.72408E-2 9.2861E-2 5.37887E-2 8.13298E-2 7.62847E-2 1.3817E-1 1.57214E-1 1.98176E-1
4.96094E-2 4.69469E-2 4.16823E-2 4.61959E-2 4.14748E-2 2.7368E-2 2.4537E-2 2.59334E-2 1.87166E-2 1.16876E-2 1.23687E-2 1.0688E-2 1.02698E-2 8.98001E-3 8.52084E-3 9.2667E-3 1.02581E-2 1.04041E-2 1.08269E-2 6.16167E-3 5.74926E-3 5.04128E-3 5.11343E-3 5.81163E-3 7.79436E-3 6.83947E-3 1.75035E-2 1.56033E-2 1.64169E-2 1.74047E-2 2.55069E-2 2.0692E-2 4.20028E-2 4.44729E-2 3.55387E-2 3.42581E-2 3.05633E-2 5.90617E-2 7.84233E-2 9.10047E-2 1.02932E-1 8.67004E-2 9.06555E-2 1.13344E-1 1.2795E-1 1.41281E-1 1.56606E-1 1.77482E-1 2.13782E-1 1.31377E-1 1.45408E-1 1.12155E-1 1.01734E-1 6.62003E-2 4.13457E-2 7.37353E-2 5.29013E-2 8.39788E-2 4.82242E-2 3.88782E-2 5.31275E-2 6.91872E-2 1.29409E-1 1.46592E-1 1.59426E-1 1.7684E-1
4.43439E-2 4.45028E-2 4.12079E-2 3.95741E-2 2.676E-2 2.41296E-2 2.22737E-2 2.54299E-2 1.04003E-2 1.18448E-2 1.15766E-2 9.50979E-3 9.45109E-3 1.07408E-2 1.20713E-2 8.49197E-3 5.26752E-3 1.02489E-2 1.02863E-2 5.92888E-3 5.70685E-3 6.80218E-3 7.19052E-3 1.44751E-2 1.25766E-2 1.73278E-2 1.74119E-2 1.50517E-2 2.28048E-2 1.66851E-2 2.2964E-2 3.75723E-2 3.39067E-2 3.34122E-2 3.68581E-2 3.7841E-2 2.94281E-2 5.70443E-2 5.85354E-2 7.89843E-2 1.37017E-1 9.29166E-2 1.32016E-1 1.37352E-1 1.34993E-1 1.05097E-1 1.74035E-1 1.65492E-1 2.04221E-1 1.80258E-1 2.49026E-1 1.37848E-1 1.30942E-1 9.12361E-2 8.42386E-2 9.0676E-2 7.73265E-2 7.65256E-2 3.90588E-2 4.33808E-2 6.89477E-2 6.85688E-2 1.322E-1 8.26599E-2 1.12723E-1 9.26569E-2
4.05856E-2 3.72972E-2 2.26528E-2 2.99622E-2 2.42388E-2 2.21142E-2 2.14433E-2 1.05681E-2 2.50068E-2 2.01453E-2 1.08358E-2 1.19018E-2 9.47664E-3 1.1184E-2 8.26546E-3 8.60116E-3 9.71603E-3 1.01825E-2 5.21446E-3 1.00032E-2 1.08274E-2 5.18593E-3 1.48659E-2 1.37947E-2 1.26203E-2 1.60874E-2 1.69288E-2 1.4886E-2 4.01442E-2 4.19547E-2 3.47446E-2 3.29034E-2 3.42431E-2 3.48319E-2 3.26839E-2 3.5269E-2 2.98564E-2 3.35208E-2 5.52038E-2 3.8815E-2 5.76454E-2 4.6914E-2 1.56287E-1 1.193E-1 9.5496E-2 9.8671E-2 1.70927E-1 1.63615E-1 1.57354E-1 2.3933E-1 2.21575E-1 1.49407E-1 1.28538E-1 9.10061E-2 1.14286E-1 8.63836E-2 6.77653E-2 6.80557E-2 5.23137E-2 5.78704E-2 8.70011E-2 6.45369E-2 6.94458E-2 8.33758E-2 7.84669E-2 9.38791E-2
3.43152E-2 3.88509E-2 3.23866E-2 3.6326E-2 2.46724E-2 1.86841E-2 2.58657E-2 2.46297E-2 2.30519E-2 2.45557E-2 1.08334E-2 1.14705E-2 8.63383E-3 1.06721E-2 8.58518E-3 8.93037E-3 9.72311E-3 1.0263E-2 1.01945E-2 9.91629E-3 1.02973E-2 1.30123E-2 1.43727E-2 1.18584E-2 3.16391E-2 2.74562E-2 1.57881E-2 2.44499E-2 3.27768E-2 2.73E-2 3.72405E-2 3.65576E-2 2.68077E-2 3.35469E-2 2.79579E-2 3.60183E-2 2.75155E-2 3.11556E-2 2.39406E-2 3.39547E-2 5.56883E-2 5.92863E-2 1.38699E-1 1.10048E-1 9.38322E-2 9.00776E-2 1.26323E-1 1.48591E-1 1.88541E-1 2.07005E-1 1.67488E-1 1.07401E-1 8.95217E-2 7.73516E-2 1.48429E-1 5.41648E-2 4.54158E-2 4.42335E-2 6.44514E-2 7.3787E-2 8.89931E-2 8.03551E-2 8.22499E-2 7.25493E-2 7.40686E-2 7.00205E-2
3.57699E-2 3.17635E-2 2.28076E-2 1.73601E-2 2.03746E-2 2.75633E-2 2.0461E-2 1.05567E-2 2.44072E-2 2.53382E-2 1.00694E-2 1.11046E-2 8.67132E-3 9.78002E-3 8.4147E-3 8.79736E-3 9.34047E-3 1.03047E-2 1.0192E-2 1.04553E-2 1.00309E-2 1.38989E-2 1.36336E-2 1.19143E-2 3.19062E-2 2.86772E-2 2.32432E-2 2.44521E-2 2.72229E-2 2.57151E-2 2.46519E-2 2.44033E-2 2.79173E-2 2.99743E-2 2.75524E-2 2.56823E-2 2.82202E-2 2.36117E-2 3.07287E-2 3.55283E-2 4.71679E-2 3.31201E-2 3.46314E-2 5.68224E-2 5.47454E-2 6.66953E-2 1.25255E-1 1.96355E-1 1.62736E-1 2.14853E-1 1.92673E-1 1.02638E-1 3.94933E-2 1.08795E-1 7.63399E-2 1.47856E-2 6.4632E-2 7.12914E-2 6.95771E-2 7.31555E-2 6.99371E-2 7.22283E-2 6.6073E-2 7.97273E-2 6.23101E-2 5.47297E-2
3.28312E-2 3.46741E-2 2.83626E-2 1.97157E-2 2.37712E-2 2.21256E-2 1.87604E-2 1.00305E-2 1.038E-2 1.05497E-2 1.07949E-2 1.13442E-2 8.57651E-3 9.84331E-3 1.12319E-2 8.95392E-3 9.46334E-3 9.71822E-3 9.31413E-3 1.16917E-2 1.23621E-2 1.35175E-2 1.1275E-2 1.53882E-2 2.91938E-2 1.58886E-2 2.51587E-2 2.16435E-2 4.25108E-2 2.8918E-2 2.99397E-2 1.5161E-2 1.6406E-2 1.84786E-2 1.49851E-2 1.40968E-2 1.68177E-2 1.17747E-2 1.41207E-2 2.63973E-2 1.6477E-2 2.13152E-2 4.38713E-2 4.67201E-2 4.7246E-2 6.12316E-2 1.3357E-1 1.42381E-1 1.67309E-1 1.41021E-1 1.50137E-1 5.00534E-2 3.87033E-2 1.15422E-1 8.81838E-2 1.30989E-2 2.88352E-2 2.60048E-2 5.8444E-2 6.3187E-2 7.19415E-2 6.00593E-2 6.93139E-2 6.36287E-2 6.0998E-2 4.26416E-2
3.28123E-2 3.51554E-2 1.70504E-2 1.90059E-2 1.9133E-2 2.07407E-2 2.31789E-2 1.96301E-2 1.01537E-2 1.00584E-2 1.023E-2 9.96943E-3 9.42389E-3 9.92799E-3 1.127E-2 9.13109E-3 9.63601E-3 1.75394E-2 2.26592E-2 2.0515E-2 2.10503E-2 1.35123E-2 1.37684E-2 2.76531E-2 2.70353E-2 2.5298E-2 2.53008E-2 2.26413E-2 3.179E-2 2.44841E-2 1.30844E-2 1.35686E-2 1.28622E-2 3.30064E-2 1.59793E-2 1.45427E-2 1.66316E-2 1.1981E-2 1.35232E-2 1.2884E-2 1.40195E-2 1.86264E-2 2.14284E-2 4.36119E-2 5.78794E-2 6.14796E-2 1.49814E-1 1.36522E-1 8.17994E-2 9.64272E-2 1.34294E-1 4.33899E-2 4.82077E-2 1.2973E-1 2.08067E-2 9.70192E-3 2.65028E-2 2.68755E-2 5.39211E-2 6.37527E-2 5.47001E-2 5.0968E-2 5.24419E-2 5.75728E-2 5.79006E-2 5.01018E-2
3.13893E-2 2.16014E-2 2.24556E-2 1.92495E-2 2.09425E-2 1.74422E-2 2.35073E-2 2.01098E-2 1.11913E-2 1.09486E-2 1.09624E-2 7.90171E-3 1.10156E-2 8.31572E-3 1.11484E-2 1.24573E-2 1.79871E-2 1.79968E-2 2.33945E-2 2.20475E-2 2.29122E-2 2.21683E-2 3.08411E-2 2.66916E-2 2.77575E-2 2.68602E-2 2.89771E-2 2.44549E-2 2.7688E-2 1.40799E-2 1.4205E-2 1.59196E-2 1.63832E-2 1.518E-2 1.50723E-2 7.0897E-3 5.6679E-3 5.45092E-3 5.86644E-3 7.27204E-3 1.31832E-2 1.53005E-2 1.9165E-2 3.60698E-2 4.26037E-2 4.66057E-2 1.07621E-1 7.43662E-2 6.50212E-2 7.47635E-2 1.36049E-1 7.71904E-2 1.11391E-1 1.03959E-1 1.51837E-2 9.76594E-3 2.54312E-2 3.05163E-2 5.47141E-2 2.16111E-2 4.06841E-2 4.28697E-2 8.21655E-2 7.8102E-2 4.02695E-2 4.20807E-2
3.097E-2 2.05183E-2 2.28358E-2 1.85675E-2 2.0618E-2 2.17767E-2 1.78856E-2 1.98001E-2 1.2055E-2 1.19985E-2 8.83527E-3 8.66609E-3 9.0514E-3 8.45889E-3 9.19737E-3 1.02027E-2 2.14661E-2 1.86288E-2 2.29545E-2 2.27666E-2 2.5436E-2 2.24913E-2 3.32524E-2 2.78966E-2 1.27093E-2 1.27164E-2 2.14319E-2 2.91299E-2 1.73376E-2 1.74348E-2 1.83314E-2 1.08715E-2 1.22884E-2 1.86564E-2 1.57419E-2 7.48327E-3 6.63254E-3 6.05964E-3 5.77602E-3 7.29297E-3 1.69866E-2 1.50546E-2 1.74142E-2 3.32147E-2 3.78802E-2 4.40503E-2 5.75967E-2 5.53686E-2 6.91562E-2 9.01721E-2 1.27372E-1 1.42106E-1 1.73556E-1 9.87808E-2 3.46129E-2 9.59451E-3 9.48972E-3 2.57886E-2 1.50229E-2 5.02074E-2 7.9129E-2 7.94237E-2 7.71029E-2 6.96414E-2 3.63332E-2 3.83824E-2
2.06234E-2 3.10441E-2 2.20631E-2 1.76819E-2 1.9545E-2 1.94532E-2 2.18073E-2 2.15538E-2 9.49374E-3 9.25046E-3 9.84361E-3 9.17595E-3 9.44602E-3 1.00715E-2 1.09775E-2 1.09189E-2 2.10596E-2 1.70327E-2 2.46449E-2 2.27842E-2 2.37553E-2 2.39458E-2 3.58053E-2 2.509E-2 2.1012E-2 1.98394E-2 1.24267E-2 1.17203E-2 1.24111E-2 1.45383E-2 1.03309E-2 1.1948E-2 1.35778E-2 1.09423E-2 8.74721E-3 8.06596E-3 7.46964E-3 7.21475E-3 7.77514E-3 6.92432E-3 1.50367E-2 1.28201E-2 1.9204E-2 3.3778E-2 4.8526E-2 5.07717E-2 5.14085E-2 4.51534E-2 5.54819E-2 8.61887E-2 1.02307E-1 1.01374E-1 1.34955E-1 8.05602E-2 2.44499E-2 2.00022E-2 2.06897E-2 1.79794E-2 3.74259E-2 7.4109E-2 7.4163E-2 7.26291E-2 8.88026E-2 6.78774E-2 3.28119E-2 2.61016E-2
2.14373E-2 3.28877E-2 2.1871E-2 2.28931E-2 2.33678E-2 1.79237E-2 2.02285E-2 2.26343E-2 2.50562E-2 9.66247E-3 9.32394E-3 1.03725E-2 9.93164E-3 1.02188E-2 1.09983E-2 2.152E-2 2.43674E-2 9.8292E-3 2.47409E-2 2.37914E-2 2.41114E-2 2.45226E-2 4.92409E-2 4.12788E-2 4.43551E-2 2.51538E-2 2.60747E-2 1.29597E-2 1.35162E-2 8.74998E-3 8.16485E-3 1.42372E-2 2.60354E-2 1.22036E-2 1.0404E-2 7.932E-3 4.30617E-3 3.25103E-3 8.95857E-3 6.27122E-3 1.58702E-2 1.68482E-2 1.80778E-2 3.94982E-2 4.46246E-2 4.43466E-2 4.45833E-2 8.50682E-2 7.16125E-2 6.95583E-2 7.95959E-2 7.94987E-2 1.1894E-1 1.24454E-1 2.32442E-2 3.32333E-2 1.26809E-2 3.20616E-2 6.88355E-2 5.62947E-2 5.31511E-2 5.14233E-2 5.39479E-2 3.54616E-2 3.97712E-2 2.24702E-2
2.29269E-2 2.16541E-2 2.17783E-2 2.42859E-2 1.72328E-2 1.71263E-2 1.8678E-2 2.15272E-2 2.33141E-2 9.4112E-3 9.98562E-3 1.01225E-2 9.38708E-3 1.23974E-2 1.94169E-2 1.32191E-2 1.34183E-2 1.37878E-2 2.33039E-2 2.23872E-2 2.00627E-2 2.74347E-2 4.05155E-2 4.7509E-2 4.32155E-2 4.16466E-2 2.61065E-2 2.2543E-2 9.83845E-3 1.36822E-2 6.97224E-3 1.46476E-2 1.47057E-2 1.48259E-2 1.01416E-2 7.88404E-3 4.01197E-3 9.31899E-3 8.08897E-3 1.93275E-2 1.39414E-2 2.93976E-2 3.20911E-2 3.10275E-2 3.92533E-2 8.04682E-2 4.13994E-2 8.52806E-2 8.01026E-2 6.36307E-2 7.93795E-2 9.71154E-2 1.12434E-1 9.97893E-2 5.44521E-2 2.15846E-2 1.81085E-2 5.41914E-2 6.87484E-2 6.40883E-2 5.32911E-2 5.42781E-2 5.1442E-2 3.22316E-2 3.22045E-2 2.05792E-2
1.87748E-2 2.49433E-2 1.63543E-2 1.71819E-2 1.87606E-2 1.93084E-2 2.12136E-2 1.1283E-2 1.34741E-2 1.75003E-2 9.65765E-3 1.83591E-2 1.9035E-2 1.90574E-2 1.98539E-2 1.34046E-2 2.10481E-2 2.02823E-2 2.06006E-2 2.07339E-2 2.79631E-2 4.19574E-2 3.92826E-2 4.89405E-2 4.49421E-2 4.1571E-2 2.46242E-2 1.89384E-2 1.00394E-2 1.35076E-2 7.76889E-3 1.01474E-2 1.10732E-2 1.02503E-2 1.05332E-2 1.02541E-2 7.92125E-3 8.00421E-3 1.91326E-2 1.69656E-2 1.51638E-2 1.46819E-2 3.10869E-2 2.99747E-2 5.93297E-2 7.14154E-2 8.0501E-2 7.41344E-2 6.41243E-2 6.71424E-2 7.02386E-2 7.06456E-2 8.0414E-2 9.33356E-2 1.15E-1 2.05985E-2 3.60176E-2 6.44771E-2 7.46238E-2 6.76791E-2 5.56465E-2 6.18699E-2 3.69321E-2 3.16597E-2 2.3991E-2 2.56276E-2
1.99183E-2 1.85703E-2 1.94759E-2 2.15799E-2 2.06238E-2 2.05662E-2 2.13462E-2 2.23097E-2 2.38993E-2 2.41505E-2 2.41931E-2 1.80012E-2 1.91478E-2 2.0106E-2 2.06114E-2 1.93911E-2 1.91356E-2 1.90956E-2 2.67098E-2 2.66543E-2 4.19667E-2 2.43003E-2 3.50737E-2 4.80486E-2 4.50505E-2 4.44848E-2 1.7729E-2 1.66276E-2 9.25882E-3 9.8586E-3 1.32046E-2 7.03458E-3 7.50703E-3 9.16086E-3 8.31882E-3 9.89916E-3 7.2314E-3 7.17748E-3 8.17252E-3 1.55017E-2 1.41531E-2 2.87902E-2 2.43154E-2 3.46009E-2 5.60832E-2 6.34967E-2 6.38585E-2 5.68013E-2 5.7413E-2 7.48894E-2 7.3465E-2 5.67178E-2 7.8406E-2 9.20349E-2 9.99125E-2 4.37057E-2 1.19277E-2 5.7376E-2 6.84671E-2 6.62781E-2 7.82191E-2 8.57677E-2 4.28977E-2 3.88479E-2 2.84395E-2 2.53114E-2
2.25825E-2 2.32507E-2 2.22724E-2 2.55703E-2 2.4302E-2 2.21384E-2 1.10448E-2 2.06989E-2 2.27204E-2 2.33417E-2 2.5071E-2 2.56302E-2 1.95113E-2 1.9978E-2 2.65265E-2 2.71889E-2 2.71657E-2 2.47858E-2 2.44793E-2 2.45291E-2 3.75783E-2 3.80111E-2 3.60354E-2 4.60435E-2 3.85405E-2 3.78818E-2 1.65056E-2 1.57126E-2 8.41238E-3 1.07422E-2 1.17404E-2 6.83302E-3 8.20542E-3 8.52478E-3 9.20789E-3 9.24267E-3 7.75285E-3 1.58432E-2 1.48463E-2 2.87101E-2 2.39664E-2 1.78054E-2 2.24339E-2 5.21778E-2 8.60756E-2 7.31327E-2 8.57533E-2 7.38076E-2 5.83009E-2 5.98569E-2 7.18528E-2 6.66165E-2 6.06423E-2 5.57354E-2 8.03837E-2 9.13561E-2 1.69872E-2 4.08378E-2 7.44752E-2 8.59463E-2 8.04022E-2 4.24186E-2 3.77765E-2 3.28292E-2 2.90047E-2 3.01893E-2
2.26615E-2 2.48472E-2 2.11583E-2 2.06797E-2 2.60144E-2 2.39614E-2 2.45967E-2 2.03756E-2 2.39013E-2 2.22812E-2 2.43609E-2 2.49413E-2 2.35454E-2 2.07375E-2 2.57603E-2 2.8159E-2 2.62647E-2 2.49465E-2 2.47751E-2 2.33503E-2 2.10021E-2 3.15699E-2 3.3832E-2 3.14259E-2 2.59447E-2 2.54962E-2 1.55783E-2 1.54217E-2 8.53351E-3 7.81939E-3 9.10778E-3 9.92032E-3 6.30754E-3 6.75472E-3 6.03021E-3 1.27557E-2 1.57023E-2 1.49586E-2 2.50685E-2 2.27939E-2 1.64848E-2 1.76139E-2 4.48159E-2 7.82509E-2 8.04071E-2 9.29277E-2 9.94596E-2 1.01125E-1 8.48671E-2 5.89311E-2 5.92652E-2 5.51166E-2 4.83619E-2 5.53128E-2 5.6368E-2 8.26918E-2 2.34437E-2 1.81405E-2 6.55882E-2 6.62211E-2 3.01136E-2 2.83055E-2 2.93785E-2 3.46212E-2 3.85961E-2 4.04819E-2
2.0074E-2 2.37374E-2 2.36895E-2 2.28941E-2 2.15182E-2 2.83458E-2 2.67779E-2 2.28329E-2 2.38058E-2 2.3528E-2 2.33945E-2 2.40898E-2 2.1989E-2 2.65563E-2 2.59907E-2 2.6461E-2 2.44776E-2 3.66113E-2 3.64527E-2 3.51281E-2 3.45837E-2 3.09081E-2 2.89108E-2 2.73433E-2 2.35008E-2 2.20931E-2 1.45717E-2 7.71186E-3 7.96228E-3 7.12849E-3 4.75708E-3 4.75814E-3 4.82622E-3 5.33749E-3 6.83327E-3 1.30589E-2 1.24045E-2 1.18464E-2 2.36579E-2 2.1412E-2 1.84567E-2 2.52781E-2 4.36255E-2 8.1904E-2 8.50622E-2 7.79816E-2 7.67224E-2 7.63722E-2 7.22496E-2 5.40727E-2 5.20596E-2 4.37899E-2 2.30554E-2 2.5845E-2 2.85473E-2 3.50024E-2 2.19084E-2 5.7285E-2 3.24265E-2 3.43827E-2 3.90977E-2 5.55697E-2 4.4945E-2 4.3244E-2 4.44283E-2 7.25666E-2
2.26255E-2 2.3856E-2 2.41558E-2 2.47836E-2 2.56351E-2 3.07447E-2 2.80594E-2 2.61168E-2 2.57301E-2 3.83566E-2 3.73855E-2 2.6129E-2 2.58983E-2 4.15718E-2 2.70841E-2 2.76381E-2 4.02191E-2 2.61377E-2 3.81963E-2 3.54963E-2 3.5111E-2 3.12477E-2 2.69451E-2 2.58382E-2 2.29829E-2 2.4732E-2 1.51932E-2 1.50286E-2 1.49062E-2 7.22982E-3 6.30346E-3 4.06082E-3 5.74596E-3 5.3442E-3 6.11125E-3 5.47439E-3 4.5588E-3 8.89032E-3 2.03241E-2 1.48432E-2 2.62699E-2 3.48218E-2 5.69014E-2 8.69205E-2 8.9863E-2 6.85003E-2 5.69167E-2 6.41833E-2 7.4665E-2 4.39445E-2 3.93256E-2 4.10027E-2 2.03792E-2 1.74944E-2 2.33353E-2 2.60689E-2 1.98445E-2 5.17241E-2 5.09351E-2 6.85791E-2 6.15625E-2 6.39056E-2 4.98884E-2 5.47445E-2 7.64587E-2 5.23767E-2
2.65805E-2 2.60907E-2 2.5677E-2 2.66478E-2 2.85398E-2 3.5116E-2 3.37102E-2 3.18996E-2 4.79398E-2 4.44019E-2 4.21517E-2 4.3856E-2 3.34042E-2 3.38381E-2 4.80879E-2 2.77467E-2 2.92298E-2 2.28053E-2 1.98663E-2 1.81318E-2 1.72587E-2 2.58494E-2 3.18182E-2 2.55987E-2 2.23444E-2 2.83216E-2 2.89104E-2 1.78067E-2 1.69853E-2 9.03445E-3 9.91858E-3 1.2029E-2 1.2521E-2 5.92881E-3 6.12394E-3 5.8493E-3 4.31639E-3 6.67109E-3 1.32128E-2 1.61403E-2 2.36201E-2 5.52283E-2 7.18761E-2 7.29209E-2 6.93866E-2 5.51543E-2 4.06248E-2 5.20463E-2 6.24747E-2 4.39269E-2 2.73929E-2 1.75165E-2 1.55637E-2 1.43026E-2 1.55712E-2 1.1849E-2 6.90596E-3 2.59296E-2 4.82666E-2 5.50703E-2 5.07785E-2 9.02941E-2 9.77338E-2 8.64386E-2 7.526E-2 3.58965E-2
3.02327E-2 3.01023E-2 2.92591E-2 2.92215E-2 3.07157E-2 3.10509E-2 3.87771E-2 5.97826E-2 5.817E-2 5.31314E-2 5.23782E-2 5.44721E-2 5.67241E-2 6.84451E-2 4.7734E-2 4.39233E-2 3.99933E-2 4.15715E-2 4.05175E-2 3.85819E-2 3.37562E-2 3.47391E-2 3.9444E-2 3.17094E-2 2.90977E-2 3.05368E-2 1.50389E-2 1.61044E-2 9.00318E-3 9.15793E-3 1.01252E-2 1.3625E-2 8.32763E-3 8.46134E-3 7.76953E-3 5.04987E-3 4.61113E-3 6.85288E-3 1.36665E-2 2.98782E-2 4.54521E-2 5.90697E-2 6.16756E-2 6.57946E-2 6.52999E-2 4.45799E-2 3.48839E-2 4.23425E-2 5.31723E-2 3.66644E-2 1.63792E-2 1.41685E-2 1.79471E-2 1.69267E-2 6.74594E-3 9.71102E-3 4.96595E-3 1.93214E-2 4.91309E-2 5.35644E-2 5.71873E-2 9.90232E-2 7.37072E-2 8.43653E-2 7.94443E-2 2.74063E-2
3.07174E-2 3.05033E-2 3.23206E-2 3.4677E-2 3.60549E-2 3.80175E-2 4.99607E-2 6.99773E-2 7.30705E-2 7.05604E-2 4.37669E-2 4.87662E-2 5.79105E-2 7.76491E-2 7.5362E-2 6.22596E-2 4.20911E-2 4.11918E-2 3.76015E-2 3.64343E-2 3.47057E-2 3.51835E-2 3.07203E-2 1.82188E-2 1.65738E-2 2.12274E-2 1.54103E-2 1.53081E-2 2.20915E-2 2.31462E-2 1.25066E-2 1.36438E-2 9.01607E-3 4.39692E-3 1.13481E-2 8.66369E-3 1.5016E-2 1.01384E-2 5.51104E-3 1.38158E-2 4.58102E-2 5.37816E-2 6.02302E-2 6.01354E-2 6.0507E-2 3.7808E-2 2.99006E-2 4.26461E-2 4.97446E-2 3.69034E-2 1.62099E-2 1.34767E-2 1.73599E-2 2.15814E-2 1.07602E-2 2.46214E-2 1.2302E-2 2.98796E-2 6.18456E-2 7.17874E-2 7.17895E-2 8.75088E-2 1.08769E-1 7.38216E-2 6.11551E-2 4.4998E-2
3.66782E-2 3.60544E-2 3.86369E-2 3.86022E-2 4.21203E-2 4.55145E-2 4.60289E-2 6.17856E-2 8.59203E-2 4.42391E-2 5.56395E-2 7.09884E-2 8.10861E-2 8.05679E-2 8.01087E-2 5.12118E-2 4.72933E-2 4.01646E-2 3.64922E-2 3.24703E-2 3.05577E-2 2.91765E-2 3.47113E-2 2.23045E-2 1.8233E-2 2.18101E-2 2.37353E-2 2.37669E-2 2.16797E-2 2.27589E-2 1.39129E-2 1.39328E-2 9.02463E-3 7.74296E-3 8.10538E-3 7.09161E-3 1.93357E-2 1.85301E-2 8.3674E-3 1.50031E-2 3.94127E-2 4.24462E-2 3.81934E-2 4.30494E-2 4.0561E-2 3.1093E-2 2.14493E-2 3.0517E-2 3.82857E-2 3.33353E-2 3.20464E-2 1.61818E-2 1.7584E-2 2.33064E-2 1.69789E-2 1.76216E-2 1.09533E-2 2.03649E-2 6.29621E-2 6.38662E-2 7.84765E-2 8.9016E-2 7.06939E-2 3.98569E-2 3.85441E-2 2.66701E-2
3.81225E-2 4.54724E-2 4.45164E-2 4.67387E-2 4.96717E-2 6.85731E-2 5.51149E-2 5.58207E-2 5.69143E-2 9.87276E-2 5.6274E-2 4.9103E-2 6.56663E-2 8.08216E-2 5.4977E-2 5.30592E-2 5.07422E-2 4.41192E-2 3.90484E-2 2.09673E-2 1.7119E-2 1.67422E-2 1.80898E-2 2.19748E-2 2.17228E-2 2.08973E-2 2.0701E-2 2.28115E-2 2.09228E-2 1.13578E-2 1.09337E-2 1.31144E-2 8.97016E-3 7.16672E-3 7.18739E-3 7.33207E-3 3.44581E-2 3.33539E-2 5.15723E-2 3.10283E-2 2.3079E-2 3.63678E-2 2.16858E-2 3.73933E-2 3.84314E-2 3.52518E-2 2.14627E-2 2.22523E-2 2.72982E-2 1.53816E-2 3.07664E-2 1.72496E-2 1.33254E-2 1.68435E-2 2.46439E-2 2.29899E-2 1.50176E-2 2.58043E-2 4.88946E-2 5.4802E-2 6.4104E-2 6.39655E-2 5.21876E-2 1.96599E-2 4.71947E-2 4.14883E-2
