Leopardus geoffroyi/Leopardus_geoffroyi_projection 2041-2060.asc
ncols         515
nrows         545
xllcorner     -119.0
yllcorner     -58.333333333333
cellsize      0.166666666667
NODATA_value  -9999
[rows 232 to 260 of 545, columns 396 to 461 of 515]
7.31477E-4 7.8069E-4 8.36246E-4 9.10135E-4 1.03056E-3 1.42766E-3 1.50831E-3 1.43334E-3 1.41783E-3 1.44535E-3 1.45035E-3 1.0716E-3 8.07562E-4 7.36181E-4 5.88824E-4 6.42154E-4 5.22758E-4 4.13411E-4 5.58246E-4 5.32677E-4 5.73622E-4 4.80084E-4 4.72783E-4 5.08081E-4 5.11091E-4 5.7951E-4 5.13771E-4 5.3666E-4 8.88322E-4 1.08367E-3 1.52199E-3 2.0221E-3 2.97493E-3 3.33946E-3 4.1514E-3 4.33514E-3 4.66825E-3 4.66372E-3 5.16093E-3 5.00178E-3 4.86901E-3 4.19708E-3 5.53503E-3 5.43217E-3 5.17207E-3 5.3843E-3 4.3875E-3 3.83935E-3 2.81307E-3 1.68945E-3 1.43873E-3 1.06659E-3 1.20214E-3 1.42949E-3 1.3226E-3 1.30375E-3 1.32327E-3 1.22715E-3 1.31484E-3 1.30376E-3 1.04718E-3 8.33609E-4 8.71269E-4 1.00433E-3 1.03274E-3 1.15305E-3
8.37434E-4 8.293E-4 9.57346E-4 1.04381E-3 1.29865E-3 1.65183E-3 1.71434E-3 1.57524E-3 1.64401E-3 1.75336E-3 1.89803E-3 1.68872E-3 9.45648E-4 8.72968E-4 7.95776E-4 6.86648E-4 7.79946E-4 7.13472E-4 8.84031E-4 6.63476E-4 6.47003E-4 5.74679E-4 5.84157E-4 6.8161E-4 6.66822E-4 6.78973E-4 5.06057E-4 5.61379E-4 8.55183E-4 1.12347E-3 1.70823E-3 2.21352E-3 3.15322E-3 3.55195E-3 4.03231E-3 3.67282E-3 4.3267E-3 3.667E-3 4.71842E-3 4.88342E-3 4.9374E-3 4.89992E-3 5.21712E-3 6.34162E-3 7.25044E-3 6.34589E-3 5.64649E-3 4.8182E-3 2.89441E-3 2.18955E-3 1.45988E-3 1.20867E-3 1.57916E-3 1.60908E-3 1.71823E-3 1.55108E-3 1.46325E-3 1.28727E-3 1.5819E-3 1.48631E-3 1.07281E-3 8.60991E-4 8.92312E-4 1.14011E-3 7.31001E-4 9.8157E-4
8.98251E-4 9.92912E-4 1.11991E-3 1.29437E-3 1.43177E-3 1.74828E-3 2.18975E-3 2.01503E-3 1.94593E-3 2.19361E-3 2.18581E-3 1.95097E-3 1.1718E-3 9.64186E-4 1.05195E-3 1.20744E-3 1.58345E-3 1.45818E-3 1.2551E-3 1.10565E-3 8.95381E-4 8.28123E-4 6.95102E-4 7.4135E-4 7.27864E-4 6.25758E-4 6.78843E-4 8.49321E-4 1.15175E-3 1.14148E-3 1.67194E-3 2.29307E-3 2.74707E-3 2.99557E-3 3.30021E-3 3.62446E-3 3.70346E-3 4.0631E-3 5.20542E-3 5.281E-3 5.38645E-3 5.1392E-3 5.6364E-3 7.28447E-3 7.47109E-3 9.34103E-3 8.48006E-3 6.12034E-3 4.17499E-3 2.32196E-3 2.02403E-3 1.88829E-3 2.44318E-3 2.38202E-3 2.19171E-3 1.44013E-3 1.61285E-3 1.57856E-3 1.68697E-3 1.88758E-3 1.33564E-3 1.24252E-3 7.36233E-4 6.92317E-4 7.89386E-4 8.6021E-4
9.98579E-4 1.15343E-3 1.4057E-3 1.40394E-3 1.59102E-3 1.70888E-3 2.52461E-3 2.63834E-3 2.72106E-3 2.75151E-3 2.61248E-3 2.34321E-3 1.85864E-3 1.57847E-3 1.78735E-3 1.78468E-3 1.83564E-3 1.66417E-3 1.58695E-3 1.36828E-3 1.28757E-3 9.22948E-4 7.55895E-4 7.48204E-4 7.16109E-4 6.74794E-4 8.57959E-4 1.16613E-3 1.28379E-3 1.25099E-3 1.93909E-3 2.38455E-3 2.34656E-3 2.36256E-3 2.67934E-3 2.91226E-3 3.8683E-3 4.66192E-3 5.14067E-3 5.85398E-3 5.48878E-3 5.53342E-3 6.27256E-3 8.91898E-3 7.68192E-3 7.65998E-3 6.54456E-3 5.59465E-3 4.30146E-3 3.30552E-3 4.07778E-3 3.99443E-3 3.50675E-3 2.34824E-3 1.76108E-3 1.78025E-3 1.43667E-3 1.748E-3 1.87774E-3 2.39882E-3 1.97178E-3 1.01445E-3 9.92505E-4 9.72077E-4 9.10175E-4 9.69487E-4
1.10552E-3 1.50396E-3 1.57048E-3 1.56504E-3 1.66593E-3 1.99051E-3 2.27688E-3 2.11567E-3 2.90497E-3 3.16809E-3 2.59611E-3 1.63813E-3 1.54055E-3 1.99318E-3 1.91897E-3 2.12427E-3 2.23732E-3 1.71172E-3 1.67065E-3 1.62978E-3 1.46822E-3 9.38474E-4 8.45272E-4 7.62882E-4 8.44725E-4 1.01466E-3 1.11705E-3 1.36435E-3 1.31068E-3 1.53478E-3 1.58159E-3 2.00011E-3 2.0693E-3 2.25346E-3 2.41849E-3 2.95277E-3 3.61652E-3 4.23798E-3 4.88501E-3 5.70965E-3 5.61164E-3 5.57945E-3 5.52333E-3 5.89575E-3 4.86368E-3 6.32292E-3 7.86151E-3 5.90466E-3 4.50398E-3 4.85804E-3 5.55875E-3 4.73078E-3 3.7253E-3 3.26502E-3 3.90208E-3 2.96621E-3 2.20424E-3 1.77568E-3 2.13897E-3 2.94323E-3 2.15035E-3 1.49414E-3 1.15742E-3 1.00952E-3 1.15922E-3 1.25304E-3
1.37736E-3 1.35787E-3 1.56861E-3 1.52837E-3 1.89652E-3 2.18128E-3 2.3333E-3 2.15743E-3 2.27261E-3 2.09215E-3 1.81278E-3 1.55982E-3 1.49379E-3 2.16239E-3 1.83818E-3 2.29079E-3 2.41996E-3 2.41962E-3 1.83407E-3 1.75799E-3 1.60658E-3 1.2778E-3 8.49811E-4 9.85029E-4 1.22185E-3 1.24343E-3 1.22169E-3 1.49645E-3 1.38919E-3 1.48694E-3 1.52572E-3 1.3981E-3 1.26235E-3 1.86914E-3 2.08792E-3 2.74357E-3 3.55666E-3 4.66724E-3 5.17294E-3 5.40309E-3 5.99153E-3 5.61841E-3 7.05319E-3 5.99195E-3 5.47132E-3 5.45037E-3 5.48017E-3 6.31019E-3 6.21833E-3 5.59847E-3 6.10703E-3 4.74488E-3 4.32388E-3 4.9092E-3 4.16427E-3 3.16669E-3 2.60368E-3 2.33672E-3 2.53138E-3 2.26111E-3 2.72935E-3 2.06701E-3 1.541E-3 1.47784E-3 1.62752E-3 1.81176E-3
1.438E-3 1.42661E-3 1.55204E-3 1.76989E-3 1.82603E-3 1.92767E-3 2.07073E-3 2.18961E-3 2.16857E-3 2.11779E-3 1.7734E-3 1.79962E-3 2.2278E-3 2.89083E-3 2.86037E-3 2.471E-3 2.74889E-3 2.64435E-3 1.63148E-3 1.58946E-3 1.6666E-3 1.44758E-3 1.11783E-3 1.2325E-3 1.17177E-3 1.60762E-3 1.32257E-3 1.80136E-3 1.60243E-3 1.72608E-3 1.73579E-3 1.29176E-3 1.0115E-3 1.5227E-3 2.10331E-3 2.83113E-3 3.09788E-3 4.46216E-3 6.23868E-3 6.63183E-3 6.20629E-3 6.52266E-3 7.33864E-3 6.38379E-3 6.72673E-3 7.20203E-3 9.21079E-3 9.89416E-3 8.10187E-3 7.00874E-3 5.45898E-3 5.83471E-3 6.12965E-3 5.56354E-3 3.89349E-3 3.15043E-3 2.70995E-3 2.02044E-3 1.78435E-3 2.15071E-3 2.55692E-3 2.41893E-3 1.87483E-3 2.17447E-3 2.36736E-3 2.42966E-3
1.57152E-3 1.65107E-3 1.59941E-3 1.86575E-3 2.33544E-3 2.09213E-3 2.12173E-3 2.18182E-3 1.96894E-3 2.01076E-3 2.04033E-3 1.83584E-3 2.26222E-3 2.92746E-3 2.91848E-3 2.73864E-3 2.45489E-3 2.4515E-3 1.51344E-3 1.57594E-3 1.8351E-3 1.5124E-3 1.24615E-3 1.54843E-3 1.63192E-3 1.63893E-3 1.77496E-3 1.88678E-3 2.05051E-3 1.97983E-3 1.7818E-3 1.44141E-3 1.06519E-3 1.73301E-3 2.28281E-3 2.88608E-3 3.92381E-3 5.93359E-3 7.20221E-3 8.18726E-3 7.65599E-3 7.37059E-3 6.56747E-3 7.57201E-3 8.32707E-3 1.15725E-2 1.19687E-2 9.94773E-3 8.29053E-3 6.71867E-3 7.20864E-3 8.46095E-3 9.07909E-3 6.51057E-3 4.31197E-3 3.38E-3 2.68461E-3 2.12167E-3 1.83133E-3 2.31581E-3 2.80958E-3 3.21504E-3 2.28552E-3 2.85724E-3 3.14585E-3 2.57573E-3
1.76574E-3 1.69148E-3 1.72678E-3 1.87291E-3 2.22673E-3 2.43824E-3 2.19279E-3 2.32909E-3 2.29975E-3 2.10226E-3 2.18768E-3 2.07637E-3 2.54431E-3 3.49343E-3 4.00273E-3 2.85177E-3 2.41308E-3 2.09533E-3 1.91313E-3 1.92166E-3 1.86224E-3 1.57499E-3 1.60767E-3 1.85472E-3 1.80412E-3 1.92423E-3 1.79946E-3 2.17867E-3 2.07448E-3 2.0187E-3 1.88331E-3 1.9278E-3 1.3708E-3 1.76114E-3 2.32542E-3 3.1046E-3 4.41661E-3 7.33467E-3 8.3858E-3 8.94521E-3 7.19995E-3 8.25565E-3 7.86809E-3 9.51776E-3 1.16683E-2 9.66018E-3 1.09857E-2 1.02074E-2 1.07658E-2 7.57786E-3 8.81718E-3 8.13587E-3 1.16465E-2 8.28264E-3 4.50798E-3 3.49054E-3 2.86158E-3 2.27245E-3 2.14269E-3 2.07315E-3 3.06603E-3 3.82588E-3 3.04367E-3 3.09871E-3 3.16194E-3 2.90814E-3
1.83149E-3 1.61926E-3 1.97595E-3 2.11863E-3 2.20899E-3 2.13409E-3 2.32823E-3 2.84015E-3 3.09379E-3 2.71745E-3 2.41055E-3 2.44204E-3 2.42766E-3 3.95247E-3 4.49788E-3 3.24122E-3 2.14059E-3 2.39429E-3 2.01387E-3 1.94766E-3 2.01067E-3 1.92098E-3 1.76269E-3 2.00408E-3 2.26309E-3 2.20778E-3 2.32022E-3 2.31468E-3 2.32654E-3 2.1911E-3 1.87067E-3 1.82259E-3 1.77918E-3 1.93633E-3 2.05997E-3 3.56623E-3 5.82556E-3 7.73868E-3 8.36924E-3 9.19836E-3 7.37655E-3 9.13822E-3 9.74542E-3 1.14224E-2 1.13133E-2 9.16786E-3 1.61704E-2 1.56919E-2 1.12489E-2 7.18854E-3 8.58357E-3 1.08913E-2 1.09989E-2 7.9112E-3 4.54297E-3 3.68091E-3 2.41726E-3 2.1789E-3 1.78238E-3 2.16324E-3 3.76566E-3 4.35642E-3 3.64536E-3 3.45803E-3 2.57268E-3 5.99247E-3
1.76073E-3 1.72625E-3 2.02385E-3 2.10192E-3 2.01318E-3 2.50341E-3 2.85231E-3 2.88887E-3 3.08586E-3 2.47106E-3 2.66045E-3 2.14453E-3 3.45744E-3 4.83149E-3 4.34806E-3 3.3754E-3 2.12057E-3 2.77639E-3 2.29141E-3 2.17645E-3 2.15304E-3 2.23387E-3 2.10311E-3 2.22775E-3 2.65797E-3 2.36747E-3 2.31496E-3 2.70013E-3 2.51212E-3 2.24823E-3 1.949E-3 2.10475E-3 2.22728E-3 2.15276E-3 2.52092E-3 3.98645E-3 6.07658E-3 7.8795E-3 9.57294E-3 9.21742E-3 9.18374E-3 1.10303E-2 1.20116E-2 1.17262E-2 8.52888E-3 1.3166E-2 1.69485E-2 1.94994E-2 1.24799E-2 9.45932E-3 9.40733E-3 9.82555E-3 8.1433E-3 6.20129E-3 4.49171E-3 4.46928E-3 3.79606E-3 3.32181E-3 2.32086E-3 2.50911E-3 4.38544E-3 7.03992E-3 4.92203E-3 8.51695E-3 5.65328E-3 4.03446E-3
1.87308E-3 1.74978E-3 1.95344E-3 2.15251E-3 2.26791E-3 3.10321E-3 3.76856E-3 2.82266E-3 2.35472E-3 2.36872E-3 2.4049E-3 2.61557E-3 4.34922E-3 4.50535E-3 3.58305E-3 3.26157E-3 3.21027E-3 2.43548E-3 2.69633E-3 2.56658E-3 2.46185E-3 2.05481E-3 2.05025E-3 2.6514E-3 3.12899E-3 2.70306E-3 2.98626E-3 2.67855E-3 2.92084E-3 2.3825E-3 2.31432E-3 2.75484E-3 2.80221E-3 3.26963E-3 3.47245E-3 3.93749E-3 5.86985E-3 8.94677E-3 1.46911E-2 1.06731E-2 1.1185E-2 1.26889E-2 1.34275E-2 1.31848E-2 9.45387E-3 1.25218E-2 2.12525E-2 1.99674E-2 1.60683E-2 1.04699E-2 9.51541E-3 6.26335E-3 8.98623E-3 5.42374E-3 5.51035E-3 4.16793E-3 3.84133E-3 5.33092E-3 4.17776E-3 5.58074E-3 8.24196E-3 7.62652E-3 1.2044E-2 1.28905E-2 8.59656E-3 8.31017E-3
1.98588E-3 1.97634E-3 1.79224E-3 2.25476E-3 2.32409E-3 5.04686E-3 4.61097E-3 2.7915E-3 2.67291E-3 2.75029E-3 3.61276E-3 2.99129E-3 2.5665E-3 3.30761E-3 3.67462E-3 4.06239E-3 3.63656E-3 3.40123E-3 3.16504E-3 2.93795E-3 2.96488E-3 2.56528E-3 2.26743E-3 2.69423E-3 3.3667E-3 3.4291E-3 3.34847E-3 3.25749E-3 3.25062E-3 2.88666E-3 2.89765E-3 3.28378E-3 3.19765E-3 4.05746E-3 3.74432E-3 4.75512E-3 6.31685E-3 1.28438E-2 1.79404E-2 1.46753E-2 1.17284E-2 1.30911E-2 1.22603E-2 9.6679E-3 9.53621E-3 1.44467E-2 2.62999E-2 2.19407E-2 1.16652E-2 9.43465E-3 2.0786E-2 7.10016E-3 8.20057E-3 6.22585E-3 6.33564E-3 5.21354E-3 4.11469E-3 5.68796E-3 7.47007E-3 7.28295E-3 9.22139E-3 2.13928E-2 2.31797E-2 1.70735E-2 1.37509E-2 1.2784E-2
1.93242E-3 2.19971E-3 1.76419E-3 2.23064E-3 2.34134E-3 4.13816E-3 4.24349E-3 2.78824E-3 2.7728E-3 3.57235E-3 3.35758E-3 4.06731E-3 4.05998E-3 3.19448E-3 4.5079E-3 4.21002E-3 4.01431E-3 3.883E-3 3.49893E-3 2.96174E-3 2.98081E-3 2.69949E-3 2.27824E-3 2.85181E-3 3.19646E-3 3.53424E-3 4.1E-3 4.31638E-3 4.05049E-3 3.22147E-3 3.82837E-3 4.47077E-3 4.70876E-3 4.53421E-3 4.75102E-3 5.85826E-3 7.27813E-3 1.92674E-2 1.85088E-2 1.7787E-2 1.55961E-2 2.28021E-2 1.60317E-2 8.89943E-3 1.33698E-2 2.01389E-2 2.78691E-2 1.63768E-2 1.32151E-2 8.73779E-3 1.02162E-2 1.37505E-2 6.92674E-3 5.48059E-3 5.7317E-3 5.11411E-3 5.22716E-3 6.90273E-3 7.42467E-3 8.65832E-3 1.59241E-2 2.03453E-2 2.55764E-2 2.3304E-2 1.55685E-2 1.25905E-2
2.03057E-3 2.20928E-3 2.00527E-3 1.91698E-3 1.98194E-3 2.55888E-3 2.44545E-3 2.67774E-3 3.07458E-3 3.56109E-3 2.93864E-3 2.90373E-3 3.97009E-3 3.99271E-3 4.45155E-3 4.15618E-3 3.96641E-3 3.42101E-3 3.72201E-3 3.13009E-3 2.65232E-3 2.36756E-3 2.84976E-3 3.21162E-3 3.78912E-3 3.90844E-3 4.25197E-3 3.68101E-3 4.35643E-3 4.43287E-3 4.35626E-3 4.66063E-3 5.21446E-3 5.23529E-3 6.08222E-3 6.36894E-3 1.17782E-2 2.32149E-2 1.79495E-2 1.49009E-2 2.01229E-2 2.99881E-2 1.33979E-2 8.43093E-3 1.40683E-2 1.49088E-2 2.12767E-2 1.66543E-2 1.28122E-2 1.34738E-2 1.58031E-2 1.43936E-2 7.81234E-3 5.95206E-3 4.72777E-3 5.58557E-3 5.73069E-3 7.91913E-3 8.97214E-3 1.67896E-2 1.84172E-2 2.11986E-2 2.76875E-2 2.32253E-2 1.99776E-2 1.60884E-2
2.30507E-3 2.35348E-3 2.31107E-3 2.48962E-3 1.87775E-3 2.69706E-3 3.15468E-3 3.10384E-3 2.58456E-3 3.70863E-3 3.93931E-3 3.35219E-3 3.51707E-3 3.85349E-3 4.73803E-3 4.09807E-3 2.85324E-3 2.38731E-3 2.94937E-3 3.21774E-3 2.47855E-3 3.03587E-3 3.88538E-3 3.8284E-3 4.25224E-3 4.41212E-3 5.52696E-3 4.5892E-3 5.52334E-3 5.63809E-3 5.64422E-3 6.53984E-3 6.80692E-3 6.12972E-3 6.77755E-3 8.0425E-3 1.05919E-2 1.34462E-2 1.58547E-2 1.98172E-2 2.65293E-2 1.91389E-2 1.03132E-2 1.15573E-2 2.38714E-2 1.86823E-2 2.34014E-2 2.89839E-2 1.50468E-2 1.56555E-2 2.26642E-2 1.02851E-2 6.39201E-3 4.70535E-3 3.5295E-3 4.82425E-3 6.00779E-3 8.71344E-3 2.51611E-2 2.20815E-2 2.95068E-2 2.50354E-2 2.66775E-2 2.59672E-2 2.18024E-2 1.86405E-2
2.32228E-3 2.38888E-3 2.19637E-3 2.37397E-3 2.21214E-3 2.09962E-3 2.98702E-3 3.34975E-3 3.52827E-3 3.64209E-3 3.9433E-3 3.26302E-3 3.47078E-3 3.60502E-3 3.95885E-3 3.74414E-3 3.72536E-3 3.05949E-3 3.46022E-3 2.37259E-3 3.23569E-3 4.13613E-3 4.06242E-3 4.24215E-3 5.39857E-3 5.16477E-3 6.55579E-3 6.82978E-3 6.01683E-3 6.4568E-3 6.48866E-3 6.83545E-3 7.38494E-3 7.20006E-3 9.49551E-3 9.04833E-3 1.41591E-2 1.68874E-2 2.21025E-2 3.41691E-2 2.88872E-2 1.55245E-2 1.15553E-2 1.63368E-2 2.32755E-2 2.36723E-2 2.876E-2 2.13653E-2 1.6735E-2 2.68294E-2 1.54494E-2 9.34643E-3 6.53828E-3 5.11369E-3 4.44383E-3 3.34612E-3 7.01682E-3 9.14821E-3 2.52682E-2 3.50416E-2 3.6496E-2 3.94774E-2 4.06469E-2 2.81283E-2 1.52598E-2 1.55629E-2
2.48187E-3 2.54603E-3 2.48817E-3 2.48933E-3 2.30926E-3 2.20351E-3 3.58818E-3 3.78842E-3 3.15951E-3 3.85633E-3 5.08787E-3 4.28602E-3 3.46349E-3 3.96165E-3 4.04784E-3 3.21114E-3 3.86788E-3 3.75824E-3 2.53401E-3 3.15273E-3 4.49606E-3 4.50027E-3 4.54461E-3 4.63335E-3 5.63688E-3 6.22372E-3 8.25008E-3 7.82185E-3 6.85375E-3 8.03018E-3 7.07841E-3 7.94824E-3 8.59901E-3 9.34077E-3 1.00881E-2 1.09077E-2 1.40582E-2 1.91178E-2 2.17403E-2 2.13408E-2 2.69321E-2 2.02504E-2 1.52209E-2 1.89917E-2 2.4107E-2 3.43485E-2 3.01877E-2 2.44012E-2 2.42168E-2 2.61572E-2 1.48054E-2 9.25966E-3 6.4902E-3 6.25519E-3 4.65786E-3 3.64292E-3 5.38015E-3 1.15429E-2 2.19998E-2 3.36494E-2 5.38702E-2 4.90274E-2 3.6889E-2 2.15902E-2 1.98694E-2 1.42001E-2
2.81516E-3 2.67718E-3 2.36629E-3 2.54843E-3 2.40328E-3 2.22597E-3 3.44206E-3 4.42774E-3 3.1197E-3 4.99909E-3 4.60761E-3 3.85201E-3 3.71951E-3 3.45473E-3 4.17725E-3 5.25041E-3 4.48317E-3 3.65985E-3 3.02207E-3 4.07235E-3 4.71258E-3 5.03702E-3 5.10152E-3 5.44701E-3 6.31501E-3 7.33739E-3 8.07007E-3 7.60839E-3 7.88828E-3 9.5687E-3 8.49937E-3 8.58445E-3 1.08017E-2 1.11461E-2 1.17529E-2 1.41153E-2 1.45049E-2 2.3645E-2 2.13878E-2 2.10228E-2 2.0177E-2 2.64589E-2 9.93049E-3 1.44271E-2 2.09391E-2 2.25458E-2 1.64846E-2 3.69123E-2 5.07516E-2 3.1144E-2 1.42423E-2 9.78187E-3 8.20579E-3 5.70973E-3 4.9174E-3 4.30963E-3 5.03137E-3 8.99527E-3 1.71688E-2 2.90478E-2 3.1189E-2 2.69359E-2 2.13115E-2 2.84237E-2 1.82398E-2 1.25109E-2
3.16567E-3 2.92356E-3 2.78708E-3 2.69111E-3 2.4739E-3 2.66178E-3 3.24729E-3 4.46037E-3 3.42155E-3 4.39645E-3 4.81808E-3 4.18274E-3 4.79426E-3 3.50298E-3 3.40381E-3 4.03152E-3 4.19869E-3 2.86632E-3 3.70728E-3 4.30103E-3 4.83798E-3 5.3476E-3 5.24779E-3 5.74988E-3 7.41009E-3 1.06566E-2 1.05782E-2 9.9311E-3 1.08657E-2 1.22696E-2 1.04826E-2 1.02054E-2 1.24079E-2 1.22292E-2 1.41483E-2 1.69988E-2 1.66434E-2 2.07869E-2 3.08037E-2 1.78513E-2 1.49865E-2 1.11623E-2 1.0899E-2 1.01868E-2 1.1503E-2 1.57105E-2 3.07056E-2 2.71402E-2 2.05883E-2 1.77886E-2 1.03993E-2 9.62123E-3 6.50769E-3 5.33294E-3 5.73693E-3 5.84585E-3 5.05591E-3 4.51983E-3 9.68201E-3 1.30077E-2 1.39016E-2 1.45994E-2 2.50836E-2 2.03835E-2 1.3894E-2 6.43088E-3
3.25071E-3 3.35637E-3 2.77418E-3 2.45412E-3 2.55501E-3 2.89349E-3 4.08961E-3 3.45574E-3 3.40507E-3 3.22677E-3 3.16825E-3 4.03764E-3 4.17357E-3 3.58504E-3 3.19617E-3 3.20168E-3 2.45159E-3 2.32286E-3 3.9409E-3 4.63413E-3 5.28677E-3 6.42007E-3 6.71568E-3 8.91272E-3 8.55113E-3 1.24215E-2 1.29596E-2 1.08923E-2 1.23949E-2 1.37054E-2 1.2187E-2 1.17752E-2 1.33317E-2 1.5103E-2 1.89567E-2 1.94157E-2 1.75255E-2 2.11777E-2 1.75681E-2 1.85926E-2 1.73137E-2 1.41666E-2 1.26506E-2 8.98419E-3 8.08693E-3 1.11034E-2 1.54186E-2 1.65585E-2 1.79435E-2 1.71012E-2 1.35652E-2 1.15708E-2 1.16892E-2 9.83481E-3 9.82815E-3 1.16563E-2 4.83797E-3 7.94074E-3 1.15146E-2 1.18892E-2 1.25355E-2 1.50913E-2 3.06214E-2 2.27363E-2 8.57517E-3 2.08447E-3
3.53129E-3 3.5159E-3 3.42421E-3 3.40275E-3 3.80308E-3 3.93728E-3 4.39021E-3 3.21036E-3 3.67981E-3 3.89701E-3 2.82994E-3 3.71782E-3 3.35889E-3 3.28902E-3 1.81786E-3 2.14317E-3 1.75327E-3 1.51813E-3 4.51704E-3 3.14927E-3 4.0674E-3 4.01105E-3 4.70169E-3 5.97727E-3 5.76523E-3 7.46801E-3 9.2829E-3 5.9942E-3 1.1785E-2 9.06317E-3 8.9222E-3 1.35855E-2 1.03186E-2 1.0407E-2 1.33718E-2 1.41204E-2 1.43025E-2 1.59294E-2 1.75478E-2 1.55652E-2 1.58508E-2 1.50784E-2 1.49706E-2 1.30547E-2 1.21755E-2 1.48877E-2 1.85112E-2 2.32074E-2 2.13694E-2 1.86047E-2 1.7618E-2 1.66933E-2 1.87852E-2 1.92663E-2 1.86656E-2 2.9923E-2 1.75871E-2 1.19434E-2 1.18217E-2 1.04904E-2 1.17397E-2 2.01285E-2 2.88144E-2 1.8915E-2 5.15487E-3 2.63864E-3
3.97179E-3 3.90872E-3 4.18043E-3 4.62595E-3 3.70405E-3 3.59118E-3 3.81943E-3 3.71788E-3 3.23701E-3 4.00874E-3 3.61907E-3 3.81814E-3 1.92122E-3 1.81034E-3 1.56424E-3 2.32596E-3 2.04297E-3 2.08472E-3 2.81298E-3 3.48294E-3 4.37242E-3 5.0053E-3 4.96864E-3 6.58089E-3 7.5217E-3 8.00386E-3 1.06122E-2 6.88859E-3 6.48003E-3 9.35285E-3 1.11464E-2 9.74672E-3 1.12799E-2 1.14475E-2 1.31919E-2 1.36687E-2 1.49448E-2 1.67788E-2 1.73386E-2 1.91486E-2 1.80068E-2 1.72954E-2 1.75944E-2 1.83865E-2 1.99665E-2 1.88838E-2 1.91942E-2 2.28394E-2 2.59468E-2 2.5744E-2 2.22755E-2 2.1957E-2 2.59067E-2 5.74106E-2 6.24917E-2 4.37935E-2 3.56165E-2 1.75549E-2 1.54319E-2 1.40551E-2 1.1012E-2 1.43177E-2 2.33819E-2 1.76124E-2 1.97919E-3 6.17884E-3
3.99569E-3 5.17647E-3 5.1367E-3 6.06895E-3 5.9003E-3 2.29105E-3 2.41844E-3 2.17873E-3 2.37972E-3 2.38134E-3 2.33986E-3 2.44758E-3 2.02094E-3 1.74218E-3 2.15321E-3 2.07882E-3 3.25467E-3 2.92732E-3 2.74314E-3 3.18256E-3 4.38798E-3 5.06642E-3 5.85993E-3 6.70818E-3 7.14458E-3 9.56629E-3 1.2471E-2 6.38039E-3 8.24089E-3 9.87216E-3 1.23052E-2 1.17153E-2 1.18218E-2 1.19874E-2 1.24769E-2 1.38336E-2 1.53617E-2 1.82047E-2 2.09534E-2 2.03133E-2 1.67351E-2 1.946E-2 1.98242E-2 2.08281E-2 2.56993E-2 2.51628E-2 2.68528E-2 2.67789E-2 2.92097E-2 3.58574E-2 3.00453E-2 2.77747E-2 6.5259E-2 5.89964E-2 5.43883E-2 5.30979E-2 4.71284E-2 3.29135E-2 2.9776E-2 1.81897E-2 1.67564E-2 1.24096E-2 1.95739E-2 1.36456E-2 4.86891E-3 9.11239E-3
5.1442E-3 7.6339E-3 9.3066E-3 9.1162E-3 3.47342E-3 2.73072E-3 2.52318E-3 2.17766E-3 2.46123E-3 2.16395E-3 2.17917E-3 2.28003E-3 1.91265E-3 1.5077E-3 1.70506E-3 2.31588E-3 3.40578E-3 3.16148E-3 2.6679E-3 4.10386E-3 4.67401E-3 5.52071E-3 5.91531E-3 7.59298E-3 9.01052E-3 1.02237E-2 1.26648E-2 5.83541E-3 8.87963E-3 9.74892E-3 1.35705E-2 1.25546E-2 1.354E-2 1.3811E-2 1.32132E-2 1.47694E-2 1.64662E-2 1.7574E-2 2.02327E-2 2.39668E-2 2.66083E-2 3.17776E-2 3.39892E-2 9.597E-2 1.11981E-1 6.74472E-2 4.42557E-2 6.29554E-2 8.18163E-2 9.12858E-2 8.58718E-2 7.94012E-2 7.36283E-2 6.39309E-2 5.87924E-2 5.31856E-2 4.86578E-2 4.52876E-2 5.11974E-2 4.08702E-2 3.05168E-2 1.46133E-2 1.63038E-2 8.24284E-3 1.0016E-2 1.25483E-2
3.43733E-3 5.19365E-3 5.67658E-3 6.0259E-3 3.73118E-3 3.05355E-3 3.54967E-3 3.1092E-3 2.50762E-3 2.28242E-3 1.75624E-3 1.86275E-3 1.78441E-3 1.27419E-3 1.65066E-3 1.87385E-3 2.6352E-3 3.73656E-3 2.90506E-3 4.11661E-3 4.8811E-3 5.44734E-3 6.40707E-3 8.03703E-3 1.04026E-2 1.27664E-2 1.16365E-2 6.66508E-3 1.22561E-2 9.5137E-3 1.12584E-2 1.19398E-2 1.48563E-2 1.30436E-2 1.4086E-2 1.48394E-2 1.78294E-2 1.78748E-2 1.96054E-2 2.4307E-2 2.66679E-2 3.34964E-2 4.13126E-2 1.14989E-1 1.34068E-1 1.21235E-1 5.58429E-2 9.27938E-2 9.9969E-2 8.36454E-2 8.69568E-2 8.49892E-2 9.05916E-2 6.87275E-2 6.61326E-2 6.0302E-2 5.13845E-2 4.31499E-2 4.90858E-2 4.03052E-2 3.73259E-2 2.29979E-2 1.69756E-2 1.53795E-2 1.99534E-2 2.13209E-2
4.55561E-3 6.69517E-3 7.1755E-3 7.55977E-3 5.96508E-3 3.98449E-3 3.8071E-3 3.42509E-3 2.15102E-3 1.52769E-3 1.13359E-3 1.32084E-3 1.9828E-3 1.50437E-3 1.32569E-3 2.21404E-3 2.5651E-3 4.09464E-3 3.16861E-3 4.1491E-3 4.88808E-3 5.20828E-3 6.41319E-3 8.77604E-3 1.21502E-2 1.21125E-2 1.18448E-2 8.28231E-3 1.3536E-2 9.4954E-3 9.02863E-3 1.17655E-2 1.43351E-2 1.32406E-2 1.50492E-2 1.49958E-2 1.68163E-2 2.02217E-2 1.96051E-2 2.40486E-2 2.85273E-2 3.34776E-2 4.07946E-2 1.2886E-1 1.38981E-1 1.25754E-1 6.92665E-2 1.05521E-1 7.31561E-2 4.2319E-2 5.82647E-2 1.0764E-1 1.09661E-1 6.44736E-2 5.57939E-2 6.08534E-2 4.62447E-2 3.42938E-2 4.49973E-2 3.42907E-2 3.22265E-2 3.2739E-2 3.29756E-2 2.79807E-2 2.32056E-2 2.63173E-2
5.83593E-3 6.94812E-3 6.63319E-3 7.89292E-3 6.43896E-3 5.92857E-3 4.76745E-3 3.68736E-3 2.70063E-3 1.76465E-3 1.51491E-3 2.42774E-3 2.51718E-3 2.72321E-3 2.06614E-3 2.86702E-3 3.26299E-3 2.69772E-3 2.85981E-3 4.52818E-3 4.17205E-3 5.66721E-3 6.46802E-3 7.33093E-3 1.03733E-2 9.18259E-3 1.11991E-2 9.41071E-3 1.07162E-2 8.22897E-3 7.41416E-3 9.90387E-3 1.39596E-2 1.42054E-2 1.38151E-2 1.50838E-2 1.51546E-2 1.95432E-2 1.94428E-2 2.08381E-2 2.88629E-2 8.39677E-2 9.59948E-2 1.49697E-1 1.19856E-1 9.98592E-2 6.77044E-2 5.39224E-2 6.74683E-2 5.58744E-2 8.5262E-2 9.68335E-2 9.59858E-2 6.51598E-2 5.54266E-2 5.4841E-2 3.87514E-2 2.54149E-2 2.65739E-2 1.84353E-2 2.21507E-2 2.63933E-2 3.2251E-2 3.8556E-2 3.75745E-2 3.53009E-2
7.23547E-3 9.05161E-3 8.55542E-3 7.04129E-3 5.72116E-3 6.42372E-3 5.07483E-3 3.75162E-3 3.1185E-3 2.56811E-3 2.75298E-3 2.50477E-3 2.52098E-3 1.8554E-3 2.06896E-3 2.35627E-3 2.02033E-3 2.55368E-3 4.38225E-3 5.71768E-3 4.23308E-3 5.43627E-3 6.32645E-3 7.96191E-3 1.00705E-2 9.34986E-3 1.01529E-2 9.42901E-3 1.30562E-2 1.02304E-2 7.74819E-3 9.58889E-3 1.1634E-2 1.33638E-2 1.39681E-2 1.48772E-2 1.4025E-2 1.81578E-2 2.05769E-2 1.93996E-2 3.79689E-2 3.65441E-2 9.96792E-2 1.0661E-1 1.07224E-1 5.88947E-2 3.85648E-2 2.99827E-2 3.53959E-2 6.20061E-2 1.10109E-1 1.56269E-1 1.07012E-1 7.07525E-2 4.99134E-2 4.52938E-2 3.06027E-2 1.79577E-2 1.61484E-2 8.49781E-3 1.3368E-2 2.79505E-2 2.02777E-2 3.85437E-2 4.61142E-2 4.5319E-2
