Leopardus geoffroyi/Leopardus_geoffroyi_projection 2041-2060_novel.asc
ncols         515
nrows         545
xllcorner     -119.0
yllcorner     -58.333333333333
cellsize      0.166666666667
NODATA_value  -9999
[rows 180 to 209 of 545, columns 204 to 271 of 515]
-9999 -9999 -9999 -9999 -9999 -9999 -9999 -9999 -9999 -9999 -9999 -9999 -9999 -9999 -9999 -9999 -9999 -9999 -9999 -9999 -9999 -9999 -9999 -9999 -9999 -9999 -9999 -9999 -9999 -9999 -9999 -9999 -9999 -9999 -9999 -9999 -9999 -9999 -9999 1.9558E-2 1.9558E-2 1.9558E-2 3.9116E-2 3.9116E-2 4.8895E-1 2.75768E0 7.64717E0 7.23646E0 9.50518E0 1.46098E1 1.38275E1 7.76452E0 6.76706E0 9.95502E0 1.96949E1 2.61686E1 3.49306E1 1.22433E1 2.75768E0 1.22433E1 2.49169E1 2.82417E1 1.22042E1 1.22042E1 1.22042E1 1.22042E1 1.22042E1 1.22042E1
-9999 -9999 -9999 -9999 -9999 -9999 -9999 -9999 -9999 -9999 -9999 -9999 -9999 -9999 -9999 -9999 -9999 -9999 -9999 -9999 -9999 -9999 -9999 -9999 -9999 -9999 -9999 -9999 -9999 -9999 -9999 -9999 -9999 -9999 -9999 -9999 -9999 -9999 1.9558E-2 3.9116E-2 1.9558E-2 3.9116E-2 3.9116E-2 2.73812E-1 1.29083E0 2.75768E0 9.56386E0 1.29669E1 3.17426E1 1.86779E1 8.46861E0 6.41502E0 8.1948E0 1.33385E1 1.22433E1 3.06278E1 2.7166E1 2.75768E0 1.22433E1 1.22433E1 2.4604E1 1.22042E1 1.22042E1 1.22042E1 1.22042E1 1.22042E1 1.62331E0 1.62331E0
-9999 -9999 -9999 -9999 -9999 -9999 -9999 -9999 -9999 -9999 -9999 -9999 -9999 -9999 -9999 -9999 -9999 -9999 -9999 -9999 -9999 -9999 -9999 -9999 -9999 -9999 -9999 -9999 -9999 -9999 -9999 -9999 -9999 -9999 -9999 -9999 -9999 -9999 1.9558E-2 1.9558E-2 3.9116E-2 3.9116E-2 3.9116E-2 3.71602E-1 7.54938E0 1.22433E1 1.22433E1 2.04772E1 2.33131E1 1.08156E1 6.72795E0 7.90143E0 1.08938E1 1.3495E1 2.05946E1 2.92979E1 1.22433E1 2.75768E0 1.22433E1 1.22433E1 2.01643E1 1.22042E1 1.22042E1 1.22042E1 1.22042E1 1.22042E1 1.62331E0 1.62331E0
-9999 -9999 -9999 -9999 -9999 -9999 -9999 -9999 -9999 -9999 -9999 -9999 -9999 -9999 -9999 -9999 -9999 -9999 -9999 -9999 -9999 -9999 -9999 -9999 -9999 -9999 -9999 -9999 -9999 -9999 -9999 -9999 -9999 -9999 -9999 -9999 -9999 -9999 -9999 3.9116E-2 3.9116E-2 3.9116E-2 2.73812E-1 1.15392E0 1.12458E1 1.22433E1 3.14101E1 2.04772E1 1.76804E1 8.25347E0 6.9822E0 1.12458E1 1.45316E1 1.97927E1 1.22433E1 1.22433E1 1.22433E1 1.22433E1 1.22433E1 1.22042E1 1.22042E1 1.22042E1 1.22042E1 1.22042E1 1.22042E1 1.22042E1 1.22042E1 1.62331E0
-9999 -9999 -9999 -9999 -9999 -9999 -9999 -9999 -9999 -9999 -9999 -9999 -9999 -9999 -9999 -9999 -9999 -9999 -9999 -9999 -9999 -9999 -9999 -9999 -9999 -9999 -9999 -9999 -9999 -9999 -9999 -9999 -9999 -9999 -9999 -9999 -9999 -9999 -9999 3.9116E-2 3.9116E-2 2.15138E-1 4.8895E-1 1.36906E0 1.22433E1 1.22433E1 3.12928E1 2.18463E1 1.04244E1 8.01878E0 9.21181E0 8.97712E0 1.22433E1 1.22433E1 1.22433E1 1.22433E1 1.22433E1 1.22433E1 1.22042E1 1.62331E0 1.22042E1 1.22042E1 1.22042E1 1.22042E1 1.22042E1 1.22042E1 1.22042E1 1.62331E0
-9999 -9999 -9999 -9999 -9999 -9999 -9999 -9999 -9999 -9999 -9999 -9999 -9999 -9999 -9999 -9999 -9999 -9999 -9999 -9999 -9999 -9999 -9999 -9999 -9999 -9999 -9999 -9999 -9999 -9999 -9999 -9999 -9999 -9999 -9999 -9999 -9999 3.9116E-2 3.9116E-2 3.32486E-1 3.9116E-1 2.54254E-1 6.25856E-1 2.75768E0 2.75768E0 3.0178E1 2.0399E1 1.22433E1 7.74496E0 8.31215E0 1.06591E1 1.22433E1 1.13827E1 1.22433E1 1.22433E1 1.14414E1 1.62331E0 1.00137E1 1.62331E0 1.62331E0 1.62331E0 1.62331E0 1.22042E1 1.22042E1 1.22042E1 1.22042E1 1.22042E1 1.62331E0
-9999 -9999 -9999 -9999 -9999 -9999 -9999 -9999 -9999 -9999 -9999 -9999 -9999 -9999 -9999 -9999 -9999 -9999 -9999 -9999 -9999 -9999 -9999 -9999 -9999 -9999 -9999 -9999 -9999 -9999 -9999 -9999 -9999 -9999 -9999 -9999 -9999 3.9116E-2 7.43204E-1 5.28066E-1 4.49834E-1 6.8453E-1 1.64287E0 2.75768E0 1.22433E1 1.22433E1 1.65265E1 1.3319E1 7.60806E0 9.23137E0 6.33679E0 5.78917E0 1.07569E1 7.37336E0 4.00939E0 1.62331E0 1.62331E0 1.62331E0 1.62331E0 1.62331E0 1.62331E0 1.62331E0 1.22042E1 1.62331E0 1.62331E0 1.62331E0 1.62331E0 1.62331E0
-9999 -9999 -9999 -9999 -9999 -9999 -9999 -9999 -9999 -9999 -9999 -9999 -9999 -9999 -9999 -9999 -9999 -9999 -9999 -9999 -9999 -9999 -9999 -9999 -9999 -9999 -9999 -9999 -9999 -9999 -9999 -9999 -9999 -9999 -9999 -9999 3.9116E-2 1.3495E0 1.15392E0 8.8011E-1 7.23646E-1 2.48386E0 2.75768E0 2.75768E0 1.14023E1 9.77899E0 8.42949E0 7.70585E0 8.40993E0 8.64463E0 4.69392E-1 2.699E0 3.52044E-1 3.71602E-1 1.2126E0 1.62331E0 1.62331E0 1.62331E0 1.62331E0 1.62331E0 1.62331E0 1.62331E0 1.22042E1 1.62331E0 1.62331E0 1.62331E0 1.62331E0 1.62331E0
-9999 -9999 -9999 -9999 -9999 -9999 -9999 -9999 -9999 -9999 -9999 -9999 -9999 -9999 -9999 -9999 -9999 -9999 -9999 -9999 -9999 -9999 -9999 -9999 -9999 -9999 -9999 -9999 -9999 -9999 -9999 -9999 -9999 -9999 -9999 -9999 3.9116E-2 1.62331E0 1.7211E0 1.31039E0 1.52552E0 2.75768E0 2.75768E0 7.09955E0 7.92099E0 9.52474E0 7.25601E0 7.97966E0 1.06004E1 1.83845E0 2.34696E-1 2.9337E-1 3.9116E-1 1.27127E0 1.23215E0 1.52552E0 1.62331E0 1.62331E0 1.62331E0 1.62331E0 1.62331E0 1.62331E0 1.62331E0 1.62331E0 1.62331E0 1.62331E0 1.62331E0 1.62331E0
-9999 -9999 -9999 -9999 -9999 -9999 -9999 -9999 -9999 -9999 -9999 -9999 -9999 -9999 -9999 -9999 -9999 -9999 -9999 -9999 -9999 -9999 -9999 -9999 -9999 -9999 -9999 -9999 -9999 -9999 -9999 -9999 8.40994E-1 8.40994E-1 8.40994E-1 3.9116E-2 8.40994E-1 1.62331E0 2.26873E0 2.75768E0 2.75768E0 2.75768E0 2.75768E0 7.13867E0 7.80364E0 2.75768E0 2.75768E0 2.75768E0 5.75005E0 3.52044E-1 2.9337E-1 3.52044E-1 3.9116E-1 4.10718E-1 4.49834E-1 1.62331E0 1.62331E0 1.62331E0 1.62331E0 1.62331E0 1.62331E0 1.62331E0 1.62331E0 1.62331E0 1.62331E0 1.62331E0 1.62331E0 1.62331E0
-9999 -9999 -9999 -9999 -9999 -9999 -9999 -9999 -9999 -9999 -9999 -9999 -9999 -9999 -9999 -9999 -9999 -9999 -9999 -9999 -9999 -9999 -9999 -9999 -9999 -9999 -9999 -9999 -9999 -9999 1.62331E0 2.75768E0 8.40994E-1 8.40994E-1 8.40994E-1 1.62331E0 1.62331E0 2.75768E0 2.75768E0 2.75768E0 1.22433E1 8.44905E0 5.57403E0 7.11911E0 7.60806E0 2.75768E0 1.19499E1 5.28066E0 1.29083E0 1.36906E0 8.60552E-1 4.49834E-1 4.10718E-1 4.30276E-1 6.64972E-1 1.62331E0 1.62331E0 1.62331E0 1.62331E0 1.62331E0 1.62331E0 1.62331E0 1.62331E0 1.62331E0 1.62331E0 1.62331E0 1.62331E0 1.62331E0
-9999 -9999 -9999 -9999 -9999 -9999 -9999 -9999 -9999 -9999 -9999 -9999 -9999 -9999 -9999 -9999 -9999 -9999 -9999 -9999 -9999 -9999 -9999 -9999 -9999 -9999 -9999 -9999 -9999 -9999 1.62331E0 2.75768E0 2.75768E0 1.62331E0 1.62331E0 1.99491E0 2.50342E0 2.75768E0 2.75768E0 8.40993E0 8.938E0 1.09525E1 7.62762E0 7.51027E0 7.39292E0 2.75768E0 7.64717E0 2.87502E0 1.99491E0 2.0927E0 2.07315E0 1.32994E0 6.64972E-1 7.62762E-1 1.36906E0 1.62331E0 1.62331E0 1.62331E0 1.62331E0 1.62331E0 1.62331E0 1.62331E0 1.62331E0 1.62331E0 1.62331E0 1.62331E0 1.62331E0 1.62331E0
-9999 -9999 -9999 -9999 -9999 -9999 -9999 -9999 -9999 -9999 -9999 -9999 -9999 -9999 -9999 -9999 -9999 -9999 -9999 -9999 -9999 -9999 -9999 -9999 -9999 -9999 -9999 -9999 -9999 -9999 2.17094E0 2.48386E0 1.5842E0 1.15392E0 1.05613E0 1.5842E0 8.40994E-1 2.75768E0 1.05026E1 7.60806E0 8.37082E0 1.26736E1 9.66165E0 7.60806E0 1.11676E1 1.22433E1 4.8895E0 3.65734E0 3.03149E0 2.73812E0 2.38607E0 1.62331E0 1.44729E0 1.44729E0 1.5842E0 1.62331E0 1.62331E0 1.62331E0 1.62331E0 1.62331E0 1.62331E0 1.62331E0 1.62331E0 1.62331E0 1.62331E0 1.62331E0 1.62331E0 1.62331E0
-9999 -9999 -9999 -9999 -9999 -9999 -9999 -9999 -9999 -9999 -9999 -9999 -9999 -9999 -9999 -9999 -9999 -9999 -9999 -9999 -9999 -9999 -9999 -9999 -9999 -9999 -9999 -9999 -9999 -9999 8.25347E0 2.05359E0 1.17348E0 7.04088E-1 7.04088E-1 1.2126E0 2.36652E0 2.75768E0 1.22433E1 8.01878E0 8.1948E0 7.09955E0 6.92353E0 9.93546E0 1.22433E1 5.96519E0 4.75259E0 3.42265E0 3.05105E0 2.73812E0 1.62331E0 1.62331E0 1.62331E0 1.62331E0 1.62331E0 1.62331E0 1.62331E0 1.62331E0 1.62331E0 1.62331E0 1.62331E0 1.62331E0 1.62331E0 1.62331E0 1.62331E0 1.62331E0 1.62331E0 1.62331E0
-9999 -9999 -9999 -9999 -9999 -9999 -9999 -9999 -9999 -9999 -9999 -9999 -9999 -9999 -9999 -9999 -9999 -9999 -9999 -9999 -9999 -9999 -9999 -9999 -9999 -9999 -9999 -9999 -9999 -9999 6.39546E0 1.93624E0 8.8011E-1 3.52044E-1 3.52044E-1 8.01878E-1 7.8232E-1 1.56464E0 1.38275E1 1.04049E1 7.23646E0 6.41502E0 6.06298E0 9.77899E0 1.01702E1 5.31977E0 3.79425E0 2.60121E0 2.05359E0 2.05359E0 2.17094E0 1.62331E0 1.62331E0 1.62331E0 1.62331E0 1.62331E0 1.62331E0 1.62331E0 1.62331E0 1.62331E0 1.62331E0 1.62331E0 1.62331E0 1.62331E0 1.62331E0 1.62331E0 1.62331E0 1.62331E0
-9999 -9999 -9999 -9999 -9999 -9999 -9999 -9999 -9999 -9999 -9999 -9999 -9999 -9999 -9999 -9999 -9999 -9999 -9999 -9999 -9999 -9999 -9999 -9999 -9999 -9999 -9999 -9999 -9999 1.22042E1 5.43712E0 1.7211E0 5.67182E-1 2.73812E-1 2.54254E-1 4.8895E-1 5.67182E-1 1.20477E1 7.56894E0 9.56386E0 7.62762E0 5.73049E0 5.96519E0 1.15783E1 1.17348E1 5.18287E0 2.87502E0 1.85801E0 1.36906E0 1.60376E0 1.62331E0 1.62331E0 1.62331E0 1.62331E0 1.62331E0 1.62331E0 1.62331E0 1.62331E0 1.62331E0 1.62331E0 1.62331E0 1.62331E0 1.62331E0 1.62331E0 1.62331E0 1.62331E0 1.62331E0 1.62331E0
-9999 -9999 -9999 -9999 -9999 -9999 -9999 -9999 -9999 -9999 -9999 -9999 -9999 -9999 -9999 -9999 -9999 -9999 -9999 -9999 -9999 -9999 -9999 -9999 -9999 -9999 -9999 -9999 8.938E0 1.12263E1 4.71348E0 1.50597E0 4.8895E-1 2.54254E-1 2.54254E-1 4.10718E-1 8.01878E-1 9.70076E0 6.94309E0 9.07491E0 5.73049E0 4.77215E0 7.62762E0 1.24389E1 9.83767E0 5.0264E0 2.0927E0 1.60376E0 1.42773E0 1.66243E0 1.62331E0 1.62331E0 1.62331E0 1.62331E0 1.62331E0 1.62331E0 1.62331E0 1.62331E0 1.62331E0 1.62331E0 1.62331E0 1.62331E0 1.62331E0 1.62331E0 1.62331E0 1.62331E0 1.62331E0 1.62331E0
-9999 -9999 -9999 -9999 -9999 -9999 -9999 -9999 -9999 -9999 -9999 -9999 -9999 -9999 -9999 -9999 -9999 -9999 -9999 -9999 -9999 -9999 -9999 -9999 -9999 -9999 -9999 -9999 7.49071E0 8.42949E0 3.97027E0 1.36906E0 6.06298E-1 3.32486E-1 2.54254E-1 8.8011E-1 1.25171E0 1.06591E1 7.2169E0 7.37336E0 3.54E0 6.12165E0 8.78154E0 1.08351E1 8.58596E0 3.03149E0 1.66243E0 1.50597E0 1.54508E0 1.62331E0 1.62331E0 1.62331E0 1.62331E0 1.62331E0 1.62331E0 1.62331E0 1.62331E0 1.62331E0 1.62331E0 1.62331E0 1.62331E0 1.62331E0 1.62331E0 1.62331E0 1.62331E0 1.62331E0 1.62331E0 1.62331E0
-9999 -9999 -9999 -9999 -9999 -9999 -9999 -9999 -9999 -9999 -9999 -9999 -9999 -9999 -9999 -9999 -9999 -9999 -9999 -9999 -9999 -9999 -9999 -9999 -9999 -9999 -9999 -9999 5.31977E0 7.2169E0 3.18795E0 1.40818E0 7.04088E-1 4.10718E-1 3.32486E-1 1.42773E0 9.60297E0 6.90397E0 6.21944E0 3.69646E0 3.20751E0 4.38099E0 8.87933E0 1.0972E1 4.96773E0 2.3274E0 1.44729E0 1.44729E0 1.62331E0 1.62331E0 1.62331E0 1.62331E0 1.62331E0 1.62331E0 1.62331E0 1.62331E0 1.62331E0 1.62331E0 1.62331E0 1.62331E0 1.62331E0 1.62331E0 1.62331E0 1.62331E0 1.62331E0 1.62331E0 1.62331E0 1.62331E0
-9999 -9999 -9999 -9999 -9999 -9999 -9999 -9999 -9999 -9999 -9999 -9999 -9999 -9999 -9999 -9999 -9999 -9999 -9999 -9999 -9999 -9999 -9999 -9999 -9999 -9999 -9999 4.02895E0 4.57657E0 2.22961E0 2.71856E0 1.42773E0 8.01878E-1 4.10718E-1 3.12928E-1 1.13436E0 7.64717E0 6.14121E0 7.06043E0 3.24663E0 4.69392E0 7.92099E0 1.22433E1 3.18795E0 2.0927E0 1.27127E0 1.29083E0 1.38862E0 1.60376E0 2.05359E0 1.62331E0 1.62331E0 1.62331E0 1.62331E0 1.62331E0 1.62331E0 1.62331E0 1.62331E0 1.62331E0 1.03853E1 1.62331E0 1.62331E0 1.62331E0 1.62331E0 1.62331E0 1.62331E0 1.62331E0 1.62331E0
-9999 -9999 -9999 -9999 -9999 -9999 -9999 -9999 -9999 -9999 -9999 -9999 -9999 -9999 -9999 -9999 -9999 -9999 -9999 -9999 -9999 -9999 -9999 -9999 -9999 -9999 -9999 8.01878E0 5.76961E0 5.59359E0 2.48386E0 1.38862E0 8.21436E-1 5.28066E-1 3.32486E-1 1.62331E0 6.0043E0 6.06298E0 7.54938E0 3.93116E0 6.33679E0 1.12458E1 5.55447E0 1.27127E0 1.38862E0 1.09525E0 1.19304E0 1.29083E0 1.44729E0 1.99491E0 2.62077E0 3.36397E0 1.62331E0 1.62331E0 1.62331E0 1.62331E0 1.62331E0 1.62331E0 1.62331E0 9.09447E0 9.44651E0 9.64209E0 9.89634E0 9.95502E0 1.62331E0 1.62331E0 1.62331E0 1.62331E0
-9999 -9999 -9999 -9999 -9999 -9999 -9999 -9999 -9999 -9999 -9999 -9999 -9999 -9999 -9999 -9999 -9999 -9999 -9999 -9999 -9999 -9999 -9999 -9999 -9999 6.9822E0 7.86231E0 1.13436E1 3.28574E0 1.19304E0 7.8232E-1 4.30276E-1 9.77899E-1 7.23646E-1 6.64972E-1 2.48386E0 5.71093E0 4.69392E0 7.92099E0 5.55447E0 6.76706E0 1.22433E1 1.09525E0 9.77899E-1 9.77899E-1 1.03657E0 1.15392E0 1.27127E0 1.42773E0 1.85801E0 1.62331E0 3.18795E0 4.45922E0 1.62331E0 1.62331E0 1.62331E0 1.62331E0 7.5885E0 7.86231E0 1.62331E0 8.27303E0 8.39038E0 8.44905E0 8.58596E0 8.64463E0 1.62331E0 1.62331E0 1.62331E0
-9999 -9999 -9999 -9999 -9999 -9999 -9999 -9999 -9999 -9999 -9999 -9999 -9999 -9999 -9999 -9999 -9999 -9999 -9999 -9999 -9999 -9999 -9999 -9999 -9999 -9999 1.19108E1 1.00137E1 2.03403E0 1.25171E0 8.8011E-1 5.47624E-1 9.77899E-1 2.54254E-1 8.21436E-1 8.3317E0 5.71093E0 5.98474E0 8.54684E0 6.41502E0 7.54938E0 1.45707E1 7.23646E-1 8.99668E-1 9.38783E-1 9.97457E-1 1.05613E0 1.19304E0 1.38862E0 1.79934E0 1.62331E0 1.62331E0 1.62331E0 1.62331E0 1.62331E0 1.62331E0 6.39546E0 6.78662E0 7.06043E0 7.2169E0 1.62331E0 7.41248E0 7.62762E0 7.62762E0 7.64717E0 1.62331E0 1.62331E0 1.62331E0
-9999 -9999 -9999 -9999 -9999 -9999 -9999 -9999 -9999 -9999 -9999 -9999 -9999 -9999 -9999 -9999 -9999 -9999 -9999 -9999 -9999 -9999 -9999 -9999 -9999 -9999 1.49227E1 3.50088E0 1.87757E0 1.54508E0 1.25171E0 6.64972E-1 2.54254E-1 6.25856E-1 1.3495E0 8.95756E0 2.89458E0 2.91414E0 7.15822E0 8.31215E0 1.3671E1 2.91414E0 6.25856E-1 7.23646E-1 7.8232E-1 9.77899E-1 1.03657E0 1.15392E0 1.3495E0 1.66243E0 1.62331E0 1.62331E0 1.62331E0 1.62331E0 1.62331E0 1.62331E0 1.62331E0 6.16077E0 6.33679E0 6.45414E0 6.53237E0 1.62331E0 6.64972E0 6.74751E0 6.78662E0 6.74751E0 1.62331E0 1.62331E0
-9999 -9999 -9999 -9999 -9999 -9999 -9999 -9999 -9999 -9999 -9999 -9999 -9999 -9999 -9999 -9999 -9999 -9999 -9999 -9999 -9999 -9999 -9999 -9999 -9999 7.3538E0 8.54684E0 4.42011E0 2.60121E0 2.48386E0 1.79934E0 8.01878E-1 3.12928E-1 1.56464E-1 1.52552E0 1.00919E1 6.06298E0 6.41502E0 7.60806E0 6.10209E0 1.07178E1 7.8232E-1 5.08508E-1 6.25856E-1 7.23646E-1 9.19226E-1 1.03657E0 1.19304E0 1.36906E0 1.66243E0 2.17094E0 1.62331E0 1.62331E0 1.62331E0 1.62331E0 1.62331E0 1.62331E0 1.62331E0 1.62331E0 5.96519E0 5.96519E0 5.96519E0 5.96519E0 5.96519E0 1.62331E0 1.62331E0 1.62331E0 1.62331E0
-9999 -9999 -9999 -9999 -9999 -9999 -9999 -9999 -9999 -9999 -9999 -9999 -9999 -9999 -9999 -9999 -9999 -9999 -9999 -9999 -9999 -9999 -9999 -9999 -9999 -9999 4.02895E0 3.10972E0 2.89458E0 2.73812E0 2.36652E0 9.77899E-1 3.71602E-1 1.9558E-1 1.42773E0 1.03657E1 5.98474E0 6.31723E0 6.96264E0 5.04596E0 1.05613E1 1.19304E0 6.45414E-1 6.25856E-1 7.43204E-1 9.77899E-1 1.05613E0 1.2126E0 1.38862E0 1.68199E0 1.62331E0 1.62331E0 1.62331E0 1.62331E0 1.62331E0 1.62331E0 5.16331E0 5.43712E0 5.53491E0 1.62331E0 5.57403E0 1.62331E0 1.62331E0 5.39801E0 5.28066E0 1.62331E0 1.62331E0 1.62331E0
-9999 -9999 -9999 -9999 -9999 -9999 -9999 -9999 -9999 -9999 -9999 -9999 -9999 -9999 -9999 -9999 -9999 -9999 -9999 -9999 -9999 -9999 -9999 -9999 -9999 -9999 2.36652E0 2.42519E0 2.26873E0 2.48386E0 2.28828E0 1.23215E0 6.64972E-1 3.52044E-1 4.8895E-1 1.36906E1 7.62762E0 6.08253E0 6.16077E0 5.65226E0 1.07178E1 4.02895E0 8.8011E-1 7.8232E-1 9.19226E-1 1.03657E0 1.15392E0 1.29083E0 1.44729E0 1.85801E0 1.62331E0 1.62331E0 1.62331E0 1.62331E0 1.62331E0 1.62331E0 4.85038E0 5.00685E0 5.08508E0 5.10464E0 5.06552E0 5.00685E0 4.86994E0 4.69392E0 4.43966E0 1.62331E0 1.62331E0 1.62331E0
-9999 -9999 -9999 -9999 -9999 -9999 -9999 -9999 -9999 -9999 -9999 -9999 -9999 -9999 -9999 -9999 -9999 -9999 -9999 -9999 -9999 -9999 -9999 -9999 -9999 -9999 1.50597E0 2.17094E0 2.81635E0 2.81635E0 2.03403E0 1.48641E0 8.8011E-1 5.28066E-1 3.52044E-1 1.22433E1 8.99668E0 6.25856E0 4.69392E0 6.18032E0 1.20673E1 6.49325E0 2.73812E0 1.38862E0 1.15392E0 1.27127E0 1.36906E0 1.44729E0 1.83845E0 2.07315E0 1.62331E0 1.62331E0 1.62331E0 1.62331E0 1.62331E0 1.62331E0 1.62331E0 4.75259E0 4.85038E0 4.85038E0 1.62331E0 1.62331E0 4.02895E0 1.62331E0 1.62331E0 1.62331E0 1.62331E0 1.62331E0
-9999 -9999 -9999 -9999 -9999 -9999 -9999 -9999 -9999 -9999 -9999 -9999 -9999 -9999 -9999 -9999 -9999 -9999 -9999 -9999 -9999 -9999 -9999 -9999 -9999 7.04088E-1 7.8232E-1 3.16839E0 5.41756E0 3.18795E0 2.81635E0 1.70155E0 8.8011E-1 6.25856E-1 3.52044E-1 5.12419E0 9.19226E0 5.98474E0 3.9116E0 7.54938E0 1.48054E1 7.41248E0 8.42949E0 4.63524E0 1.87757E0 1.5842E0 1.66243E0 1.87757E0 2.0927E0 2.38607E0 2.5621E0 1.62331E0 1.62331E0 1.62331E0 1.62331E0 1.62331E0 1.62331E0 1.62331E0 4.42011E0 4.32232E0 4.02895E0 3.6769E0 1.62331E0 1.62331E0 1.62331E0 1.62331E0 1.62331E0 1.62331E0
-9999 -9999 -9999 -9999 -9999 -9999 -9999 -9999 -9999 -9999 -9999 -9999 -9999 -9999 -9999 -9999 -9999 -9999 -9999 -9999 -9999 -9999 -9999 -9999 -9999 -9999 -9999 1.19108E1 8.29259E0 2.46431E0 2.26873E0 2.48386E0 1.17348E0 6.06298E-1 8.8011E-1 1.30256E1 6.31723E0 4.08762E0 6.16077E0 7.17778E0 1.83845E1 1.17348E1 1.00528E1 5.00685E0 2.48386E0 2.17094E0 2.19049E0 2.38607E0 2.48386E0 2.62077E0 2.87502E0 1.62331E0 1.62331E0 1.62331E0 1.62331E0 1.62331E0 1.62331E0 1.62331E0 3.97027E0 3.79425E0 3.48132E0 3.73558E0 3.79425E0 3.18795E0 1.62331E0 1.62331E0 1.62331E0 1.62331E0
