Leopardus geoffroyi/Leopardus_geoffroyi_projection 2041-2060.asc
ncols         515
nrows         545
xllcorner     -119.0
yllcorner     -58.333333333333
cellsize      0.166666666667
NODATA_value  -9999
[rows 290 to 318 of 545, columns 330 to 395 of 515]
7.12918E-4 1.12138E-3 1.84996E-3 2.81714E-3 4.40845E-3 6.48831E-3 7.33392E-3 8.60287E-3 8.74798E-3 9.6998E-3 1.03763E-2 1.20402E-2 1.36738E-2 1.49991E-2 1.71057E-2 1.71287E-2 1.60003E-2 1.35005E-2 1.49583E-2 1.34739E-2 1.22116E-2 1.06728E-2 9.68238E-3 8.15524E-3 6.65E-3 6.23883E-3 5.71631E-3 5.58241E-3 5.44648E-3 5.01428E-3 5.16704E-3 5.02026E-3 5.57213E-3 6.28528E-3 7.61759E-3 9.15543E-3 1.20058E-2 1.62043E-2 1.71442E-2 1.89949E-2 1.95497E-2 2.32016E-2 2.38514E-2 2.43645E-2 2.59561E-2 2.47933E-2 2.34997E-2 2.42387E-2 2.4886E-2 2.37163E-2 2.22091E-2 2.43256E-2 3.23324E-2 3.5331E-2 3.75607E-2 3.77375E-2 3.88707E-2 4.36133E-2 4.71939E-2 5.41751E-2 6.07787E-2 7.56744E-2 8.1307E-2 7.68555E-2 8.41269E-2 7.7261E-2
8.28398E-4 1.11517E-3 1.63428E-3 2.69364E-3 4.14053E-3 6.10244E-3 7.99079E-3 8.57462E-3 1.10289E-2 1.32952E-2 1.15813E-2 1.63435E-2 1.4861E-2 1.58336E-2 1.76759E-2 1.96888E-2 1.78602E-2 1.79314E-2 1.56652E-2 1.34104E-2 1.18009E-2 1.03038E-2 8.51586E-3 7.38022E-3 6.57303E-3 5.52338E-3 4.47433E-3 4.44053E-3 4.19942E-3 4.19072E-3 4.56437E-3 4.72381E-3 5.08285E-3 5.8604E-3 7.0358E-3 9.45569E-3 1.18295E-2 1.50504E-2 1.7365E-2 1.78566E-2 2.16571E-2 2.27429E-2 2.31808E-2 2.34387E-2 2.33241E-2 2.45434E-2 2.45556E-2 2.51891E-2 2.53131E-2 2.32247E-2 2.43483E-2 2.51935E-2 3.26811E-2 3.5349E-2 3.59885E-2 3.84332E-2 4.1067E-2 4.21103E-2 4.63379E-2 5.23794E-2 5.12774E-2 6.73586E-2 6.49312E-2 6.27116E-2 6.30604E-2 6.13866E-2
7.6354E-4 1.30981E-3 1.80085E-3 3.01167E-3 5.30563E-3 6.23973E-3 8.35974E-3 1.00086E-2 1.31211E-2 1.58405E-2 1.34706E-2 1.64621E-2 1.62057E-2 1.6453E-2 1.77028E-2 2.10116E-2 1.88854E-2 1.95792E-2 1.6626E-2 1.33101E-2 1.18463E-2 9.27608E-3 7.88493E-3 6.06846E-3 5.36437E-3 4.56635E-3 4.11938E-3 3.73633E-3 3.83401E-3 4.12888E-3 4.20548E-3 4.24471E-3 4.65078E-3 5.61328E-3 6.54881E-3 8.6657E-3 1.09912E-2 1.33127E-2 1.58465E-2 1.76888E-2 1.99246E-2 2.24881E-2 2.37601E-2 2.16914E-2 2.25666E-2 2.34855E-2 2.4115E-2 2.42855E-2 1.9151E-2 2.18581E-2 2.32677E-2 2.54605E-2 3.10147E-2 3.26247E-2 3.37577E-2 3.57221E-2 3.97949E-2 4.1955E-2 4.48289E-2 4.52867E-2 4.68652E-2 5.33725E-2 5.32308E-2 5.9491E-2 5.39274E-2 4.52958E-2
6.99768E-4 1.32009E-3 2.18249E-3 3.77356E-3 5.50916E-3 9.16703E-3 1.07592E-2 1.22224E-2 1.48955E-2 1.66061E-2 1.43324E-2 1.6495E-2 1.75665E-2 1.61823E-2 1.9982E-2 2.19058E-2 2.19541E-2 2.00955E-2 1.77453E-2 1.29585E-2 1.0047E-2 7.34774E-3 5.4861E-3 4.54735E-3 4.54654E-3 3.98469E-3 3.94773E-3 3.80965E-3 3.79472E-3 3.65023E-3 3.65288E-3 4.02296E-3 4.48108E-3 4.95862E-3 5.96057E-3 8.55053E-3 1.0174E-2 1.21327E-2 1.38798E-2 1.69057E-2 1.87574E-2 2.19386E-2 2.16078E-2 2.26396E-2 2.25318E-2 2.41368E-2 2.45824E-2 2.38247E-2 2.22946E-2 2.3928E-2 2.3238E-2 2.29876E-2 2.55891E-2 2.76684E-2 2.99731E-2 3.31009E-2 3.59712E-2 4.0006E-2 4.2312E-2 4.04563E-2 4.26171E-2 4.61613E-2 4.51547E-2 5.04007E-2 4.6973E-2 4.01182E-2
7.45593E-4 1.35815E-3 2.3793E-3 4.13516E-3 6.08081E-3 8.68641E-3 1.32768E-2 1.9926E-2 2.099E-2 1.83693E-2 2.07296E-2 1.85753E-2 1.95429E-2 1.84975E-2 2.14356E-2 2.18297E-2 2.04757E-2 1.91795E-2 1.71556E-2 1.24515E-2 9.21172E-3 6.22044E-3 5.39231E-3 4.78448E-3 3.88919E-3 3.89484E-3 3.74916E-3 3.4867E-3 3.7786E-3 3.59641E-3 3.74555E-3 4.12968E-3 4.49422E-3 4.8856E-3 6.21861E-3 7.98499E-3 9.97511E-3 1.11287E-2 1.30129E-2 1.42261E-2 1.7693E-2 1.91196E-2 2.10038E-2 2.17593E-2 2.28084E-2 2.32527E-2 2.25835E-2 2.28786E-2 2.32864E-2 2.41064E-2 2.33498E-2 2.34572E-2 2.33905E-2 2.47064E-2 2.79631E-2 3.17684E-2 3.45568E-2 3.73535E-2 3.53582E-2 3.38551E-2 3.62673E-2 4.0124E-2 3.91804E-2 4.32516E-2 3.93796E-2 3.38782E-2
8.13104E-4 1.45239E-3 2.5925E-3 5.34032E-3 8.78249E-3 1.14148E-2 1.5592E-2 2.58633E-2 2.95517E-2 2.37352E-2 2.20494E-2 2.38385E-2 2.61111E-2 2.41491E-2 2.16365E-2 2.00211E-2 2.01518E-2 1.80005E-2 1.41425E-2 1.15695E-2 8.85342E-3 6.40627E-3 4.902E-3 3.75971E-3 3.27393E-3 3.43393E-3 3.3089E-3 3.6321E-3 3.75632E-3 3.74448E-3 4.07569E-3 4.15216E-3 4.84558E-3 5.28412E-3 6.50515E-3 7.86092E-3 1.02409E-2 1.1645E-2 1.26828E-2 1.20446E-2 1.52536E-2 1.7693E-2 1.93061E-2 2.20208E-2 2.35973E-2 2.13222E-2 2.2319E-2 2.2112E-2 2.31788E-2 2.35216E-2 2.35782E-2 2.26486E-2 2.35142E-2 2.45575E-2 2.649E-2 3.2556E-2 3.06292E-2 3.52166E-2 3.16158E-2 3.22226E-2 3.72662E-2 4.48459E-2 4.30299E-2 3.59245E-2 3.27465E-2 3.00128E-2
1.03455E-3 1.97529E-3 3.09868E-3 5.83395E-3 1.08296E-2 1.54029E-2 2.09808E-2 2.97487E-2 3.81316E-2 3.6897E-2 3.78424E-2 2.88478E-2 2.95246E-2 2.93282E-2 2.49928E-2 2.36639E-2 1.9883E-2 1.65575E-2 1.50069E-2 1.15924E-2 8.79149E-3 6.88409E-3 4.37811E-3 3.65683E-3 3.19282E-3 3.21847E-3 3.29457E-3 3.75508E-3 4.05193E-3 4.03907E-3 4.51898E-3 5.14939E-3 5.21251E-3 4.73959E-3 6.68254E-3 7.9616E-3 9.90416E-3 1.03171E-2 1.06696E-2 1.16703E-2 1.43034E-2 1.63943E-2 1.82522E-2 2.07439E-2 2.1808E-2 2.16427E-2 2.12285E-2 2.18512E-2 2.20251E-2 2.22504E-2 2.30514E-2 2.2196E-2 2.2933E-2 2.35197E-2 2.39251E-2 3.04082E-2 2.91931E-2 3.06211E-2 2.83072E-2 3.46313E-2 3.48585E-2 3.91245E-2 3.58321E-2 3.17299E-2 2.95949E-2 2.60947E-2
1.28563E-3 2.13421E-3 3.68413E-3 7.26046E-3 1.39854E-2 1.79045E-2 2.90259E-2 4.01196E-2 4.56142E-2 5.27745E-2 5.37813E-2 4.46304E-2 3.55512E-2 3.00486E-2 2.9983E-2 2.63914E-2 2.31106E-2 1.95201E-2 1.58192E-2 1.3517E-2 9.48117E-3 6.87184E-3 4.65185E-3 3.34449E-3 2.97572E-3 3.20303E-3 3.1554E-3 3.92893E-3 4.24316E-3 4.97481E-3 5.27544E-3 5.56424E-3 5.55445E-3 4.00654E-3 5.86309E-3 8.34313E-3 9.40893E-3 1.01255E-2 1.02521E-2 1.14652E-2 1.30957E-2 1.51873E-2 1.72635E-2 1.87043E-2 2.01198E-2 2.14925E-2 2.18536E-2 2.07837E-2 2.17162E-2 2.29013E-2 2.27512E-2 2.20119E-2 2.06721E-2 2.19752E-2 2.20785E-2 2.76297E-2 2.79277E-2 2.71109E-2 2.67365E-2 2.87359E-2 2.99818E-2 2.91953E-2 3.09545E-2 3.07395E-2 2.68086E-2 2.26096E-2
1.52364E-3 2.14264E-3 4.28656E-3 9.58154E-3 1.63556E-2 2.43671E-2 4.19169E-2 5.08829E-2 5.64834E-2 6.06148E-2 6.18043E-2 6.0222E-2 5.42205E-2 4.04243E-2 3.70148E-2 3.28685E-2 2.8205E-2 2.42347E-2 1.9025E-2 1.37847E-2 1.09748E-2 7.69036E-3 4.91802E-3 3.32009E-3 2.56911E-3 2.93826E-3 3.74903E-3 4.42886E-3 4.40757E-3 5.84418E-3 5.77469E-3 6.4989E-3 6.62896E-3 6.8024E-3 6.24337E-3 8.11066E-3 9.43899E-3 9.49177E-3 8.18131E-3 9.27341E-3 1.22071E-2 1.43879E-2 1.55367E-2 1.70665E-2 1.99908E-2 2.03362E-2 2.14489E-2 2.00211E-2 2.00155E-2 2.04639E-2 2.13368E-2 2.07796E-2 2.07808E-2 2.04424E-2 2.11946E-2 2.43514E-2 2.59948E-2 2.51256E-2 2.47809E-2 2.52348E-2 2.5136E-2 2.36114E-2 2.58843E-2 2.51731E-2 2.27482E-2 2.02863E-2
2.08421E-3 2.96863E-3 5.54517E-3 1.00594E-2 1.69522E-2 2.52389E-2 4.23571E-2 5.59508E-2 6.2281E-2 6.89017E-2 7.11958E-2 7.10263E-2 6.32498E-2 5.33453E-2 4.48093E-2 3.87536E-2 3.42082E-2 2.88414E-2 2.13866E-2 1.72299E-2 1.25301E-2 9.27977E-3 6.82933E-3 4.17749E-3 3.03889E-3 3.20888E-3 4.35262E-3 5.55427E-3 5.51377E-3 7.50973E-3 8.00489E-3 8.51152E-3 7.96227E-3 9.20202E-3 9.11985E-3 7.1767E-3 6.20359E-3 5.91237E-3 6.49657E-3 8.14637E-3 1.24245E-2 1.3556E-2 1.493E-2 1.68399E-2 1.88088E-2 1.99859E-2 1.97306E-2 1.9743E-2 1.99728E-2 1.9426E-2 1.92853E-2 1.96931E-2 1.90472E-2 1.9771E-2 2.11137E-2 2.23637E-2 2.35095E-2 2.298E-2 2.21098E-2 2.20826E-2 2.19369E-2 2.01587E-2 1.97786E-2 2.12333E-2 2.03706E-2 2.01918E-2
3.85298E-3 4.33027E-3 6.41736E-3 9.51593E-3 1.30168E-2 1.78201E-2 3.56808E-2 4.86333E-2 6.77624E-2 7.45286E-2 7.61109E-2 7.33539E-2 6.60072E-2 6.24296E-2 5.22096E-2 4.50684E-2 4.1189E-2 3.41719E-2 2.99316E-2 2.31178E-2 1.88078E-2 1.32764E-2 9.03187E-3 7.16966E-3 5.95508E-3 5.33343E-3 6.61966E-3 7.25254E-3 7.42872E-3 8.90066E-3 9.62009E-3 1.04314E-2 1.00868E-2 9.45628E-3 9.87455E-3 9.83041E-3 7.71456E-3 6.17426E-3 6.15293E-3 8.64859E-3 1.25995E-2 1.41788E-2 1.63378E-2 1.87447E-2 1.90861E-2 1.91921E-2 1.92746E-2 1.8624E-2 1.95407E-2 1.95344E-2 1.91142E-2 1.82232E-2 1.81629E-2 1.78407E-2 1.8288E-2 1.99333E-2 2.04455E-2 2.14135E-2 1.96391E-2 1.89218E-2 1.7478E-2 1.72996E-2 2.08552E-2 1.84938E-2 1.87453E-2 1.84579E-2
1.74059E-2 1.2534E-2 9.28933E-3 1.02978E-2 1.30865E-2 1.89746E-2 3.57651E-2 5.53119E-2 7.69828E-2 7.77786E-2 8.48066E-2 7.47372E-2 7.02466E-2 7.15983E-2 6.9653E-2 5.78357E-2 5.28547E-2 4.37019E-2 3.89828E-2 3.14378E-2 2.57397E-2 1.97189E-2 1.50575E-2 1.21415E-2 1.09711E-2 8.80875E-3 9.41234E-3 1.02012E-2 1.01615E-2 1.10554E-2 1.23057E-2 1.23491E-2 1.19716E-2 1.09878E-2 1.1441E-2 1.19248E-2 1.16711E-2 6.76802E-3 6.15108E-3 7.10273E-3 1.15367E-2 1.42307E-2 1.73247E-2 1.88468E-2 1.8419E-2 1.85959E-2 1.95298E-2 1.89905E-2 1.88884E-2 1.89475E-2 1.89232E-2 1.7603E-2 1.76483E-2 1.80586E-2 1.59168E-2 1.74337E-2 1.74627E-2 1.63912E-2 1.66371E-2 1.73211E-2 1.67066E-2 1.53418E-2 1.64267E-2 2.12172E-2 2.05616E-2 1.70485E-2
3.95279E-2 2.93319E-2 2.10343E-2 1.45749E-2 1.94601E-2 2.93548E-2 4.62954E-2 6.17305E-2 8.25361E-2 8.21876E-2 8.08637E-2 8.19414E-2 7.70234E-2 7.79205E-2 7.47013E-2 6.86286E-2 6.42629E-2 5.62245E-2 5.04198E-2 4.17933E-2 3.45694E-2 2.86265E-2 2.37695E-2 2.13794E-2 1.9499E-2 1.77042E-2 1.4729E-2 1.32652E-2 1.32446E-2 1.35182E-2 1.44948E-2 1.57625E-2 1.35319E-2 1.36449E-2 1.38894E-2 1.38819E-2 1.41524E-2 1.2588E-2 1.00432E-2 8.09601E-3 1.11102E-2 1.61268E-2 1.82955E-2 1.81453E-2 1.80373E-2 1.82697E-2 1.93823E-2 1.91321E-2 1.83139E-2 1.85453E-2 1.8858E-2 1.82225E-2 1.70659E-2 1.65966E-2 1.53371E-2 1.56633E-2 1.69302E-2 1.66365E-2 1.57337E-2 1.72999E-2 1.59107E-2 1.51585E-2 1.39858E-2 1.76094E-2 1.92778E-2 1.78354E-2
5.20547E-2 3.33271E-2 2.98618E-2 2.57434E-2 2.98192E-2 5.08203E-2 6.67706E-2 7.28476E-2 8.412E-2 9.00128E-2 8.32568E-2 8.82087E-2 9.05687E-2 8.32735E-2 7.96956E-2 7.73855E-2 7.93346E-2 7.47929E-2 6.56514E-2 5.53091E-2 4.9039E-2 4.16737E-2 3.51211E-2 3.28362E-2 3.07319E-2 3.0416E-2 2.69782E-2 2.25554E-2 2.09189E-2 1.90815E-2 1.84963E-2 1.94128E-2 1.79674E-2 1.7339E-2 1.66074E-2 1.57907E-2 1.42576E-2 1.28543E-2 8.41219E-3 7.34074E-3 9.93946E-3 1.45466E-2 1.61912E-2 1.6875E-2 1.74275E-2 1.726E-2 1.82819E-2 1.88488E-2 1.93915E-2 1.83642E-2 1.81279E-2 1.71335E-2 1.61629E-2 1.56556E-2 1.46737E-2 1.41119E-2 1.56346E-2 1.50122E-2 1.55716E-2 1.57092E-2 1.55514E-2 1.5255E-2 1.46743E-2 1.40278E-2 1.76598E-2 1.78443E-2
5.32209E-2 3.74624E-2 3.20778E-2 4.05094E-2 5.32332E-2 7.43031E-2 6.77556E-2 7.71845E-2 8.45188E-2 8.7031E-2 9.62855E-2 9.16661E-2 9.09259E-2 9.39889E-2 8.68556E-2 8.75013E-2 8.34774E-2 8.42876E-2 8.10597E-2 7.37572E-2 6.65355E-2 6.15125E-2 5.0983E-2 4.6466E-2 4.72711E-2 3.8228E-2 3.85573E-2 3.58925E-2 3.14364E-2 2.67966E-2 2.19096E-2 2.25816E-2 2.08958E-2 1.79218E-2 1.82427E-2 1.82231E-2 1.56325E-2 1.29243E-2 1.00188E-2 8.10668E-3 7.01127E-3 6.98142E-3 6.64977E-3 6.83468E-3 7.52085E-3 9.96482E-3 1.44903E-2 1.71988E-2 1.8023E-2 1.80947E-2 1.77834E-2 1.6343E-2 1.59541E-2 1.47474E-2 1.39413E-2 1.35694E-2 1.44996E-2 1.39041E-2 1.41394E-2 1.35176E-2 1.41764E-2 1.33497E-2 1.372E-2 1.29549E-2 1.57971E-2 1.52482E-2
4.8487E-2 3.45764E-2 3.25985E-2 4.77945E-2 6.7487E-2 7.77646E-2 7.39509E-2 7.85447E-2 8.61423E-2 8.81127E-2 9.5768E-2 9.45332E-2 9.33826E-2 9.63774E-2 9.34582E-2 9.47365E-2 8.99626E-2 9.32748E-2 8.83272E-2 8.75929E-2 8.31523E-2 7.85962E-2 7.59588E-2 6.921E-2 6.823E-2 6.42739E-2 4.92417E-2 4.46199E-2 3.81335E-2 3.75852E-2 3.24295E-2 2.67069E-2 2.48498E-2 1.87037E-2 1.7512E-2 1.5812E-2 1.60447E-2 1.36015E-2 8.98701E-3 7.82578E-3 6.29735E-3 7.82809E-3 9.14425E-3 1.2455E-2 1.523E-2 1.43154E-2 1.52157E-2 1.80757E-2 1.7534E-2 1.70353E-2 1.67809E-2 1.65463E-2 1.56418E-2 1.47735E-2 1.31742E-2 1.31389E-2 1.36387E-2 1.27207E-2 1.21532E-2 1.30322E-2 1.36856E-2 1.29356E-2 1.35175E-2 1.18235E-2 1.42016E-2 1.40205E-2
5.82343E-2 3.87148E-2 3.94443E-2 7.30326E-2 8.4976E-2 8.24256E-2 7.92665E-2 7.80754E-2 8.38443E-2 8.80259E-2 9.14313E-2 9.74705E-2 1.02726E-1 1.00806E-1 9.62945E-2 1.00101E-1 1.04748E-1 1.03799E-1 1.02525E-1 1.01422E-1 9.86904E-2 8.88888E-2 9.17308E-2 8.80763E-2 8.90428E-2 8.41465E-2 6.9742E-2 5.96765E-2 5.37872E-2 4.82396E-2 3.9576E-2 3.6283E-2 3.36802E-2 2.80893E-2 2.24752E-2 1.65642E-2 1.61198E-2 1.23368E-2 1.05329E-2 7.87311E-3 1.05178E-2 1.76327E-2 1.58777E-2 1.54605E-2 1.58008E-2 1.74504E-2 1.82588E-2 1.89052E-2 1.76453E-2 1.70704E-2 1.59111E-2 1.58374E-2 1.49101E-2 1.416E-2 1.23513E-2 1.31933E-2 1.28854E-2 1.21664E-2 1.25686E-2 1.22782E-2 1.20664E-2 1.20302E-2 1.24717E-2 1.24065E-2 1.30261E-2 1.21375E-2
4.31166E-2 4.18692E-2 7.61288E-2 8.01473E-2 9.69355E-2 8.87351E-2 8.38345E-2 8.72458E-2 9.16949E-2 9.55124E-2 9.74582E-2 1.02788E-1 1.05707E-1 1.08901E-1 1.03052E-1 1.08182E-1 1.15561E-1 1.11337E-1 1.14179E-1 1.1216E-1 1.06739E-1 1.02357E-1 9.88289E-2 9.97391E-2 9.60824E-2 9.86321E-2 8.91805E-2 7.39717E-2 6.81417E-2 5.98725E-2 5.21011E-2 4.50173E-2 3.93774E-2 3.44709E-2 2.44745E-2 2.21687E-2 1.54367E-2 1.26537E-2 9.04363E-3 7.92828E-3 1.03169E-2 1.56649E-2 1.23859E-2 1.70831E-2 1.84262E-2 2.02725E-2 1.86024E-2 1.86658E-2 1.81013E-2 1.67376E-2 1.59128E-2 1.49827E-2 1.46522E-2 1.33519E-2 1.20607E-2 1.28501E-2 1.18673E-2 1.16867E-2 1.15036E-2 1.12625E-2 1.10226E-2 1.2043E-2 1.16336E-2 1.21237E-2 1.19409E-2 1.23733E-2
4.16654E-2 6.35081E-2 7.8724E-2 8.50966E-2 1.00236E-1 9.65614E-2 8.84874E-2 8.92587E-2 9.23005E-2 1.02413E-1 1.06065E-1 1.04194E-1 1.11909E-1 1.12501E-1 1.12379E-1 1.19156E-1 1.19895E-1 1.18102E-1 1.19314E-1 1.16265E-1 1.21153E-1 1.10578E-1 1.0941E-1 1.10975E-1 1.04501E-1 9.87654E-2 9.56688E-2 9.19868E-2 8.37744E-2 7.40029E-2 6.22805E-2 5.30169E-2 4.26679E-2 3.89194E-2 2.84477E-2 2.48568E-2 1.67439E-2 9.79429E-3 9.69367E-3 9.05803E-3 1.29731E-2 1.71848E-2 1.62752E-2 1.83263E-2 1.94755E-2 1.97892E-2 1.87589E-2 1.92452E-2 1.84463E-2 1.64499E-2 1.58365E-2 1.50625E-2 1.4485E-2 1.28546E-2 1.15787E-2 1.11853E-2 1.07508E-2 1.17089E-2 1.11433E-2 1.09719E-2 1.15953E-2 1.18625E-2 1.14496E-2 1.16562E-2 1.17064E-2 1.12515E-2
4.86951E-2 7.29992E-2 7.32386E-2 8.43593E-2 9.73445E-2 9.63354E-2 9.284E-2 9.3796E-2 9.64894E-2 1.00257E-1 1.07987E-1 1.08772E-1 1.13773E-1 1.16387E-1 1.21768E-1 1.17872E-1 1.21985E-1 1.19851E-1 1.16817E-1 1.19536E-1 1.25837E-1 1.20955E-1 1.16272E-1 1.11724E-1 1.08788E-1 1.05517E-1 9.98832E-2 9.95898E-2 9.47076E-2 8.52829E-2 7.53071E-2 6.41636E-2 5.27278E-2 4.41551E-2 3.32739E-2 2.51E-2 1.8054E-2 1.74247E-2 1.43531E-2 1.02561E-2 1.19127E-2 1.43543E-2 1.81121E-2 2.022E-2 1.96371E-2 1.90031E-2 1.86757E-2 1.96424E-2 1.84757E-2 1.74007E-2 1.63548E-2 1.53831E-2 1.44662E-2 1.1834E-2 1.18655E-2 1.09642E-2 1.04968E-2 1.07612E-2 1.16077E-2 1.07944E-2 9.66827E-3 1.1296E-2 1.17812E-2 1.12915E-2 1.15522E-2 1.11351E-2
5.37218E-2 7.23774E-2 7.48902E-2 8.91609E-2 9.10613E-2 9.43992E-2 1.00839E-1 9.55706E-2 9.67406E-2 1.01294E-1 1.0652E-1 1.10383E-1 1.16111E-1 1.20163E-1 1.22974E-1 1.22084E-1 1.22221E-1 1.28888E-1 1.2526E-1 1.20472E-1 1.19701E-1 1.26798E-1 1.24245E-1 1.1799E-1 1.12628E-1 1.12138E-1 1.06595E-1 1.04537E-1 9.87129E-2 9.68885E-2 9.04851E-2 7.60504E-2 6.33302E-2 5.2192E-2 4.09079E-2 3.12901E-2 2.24253E-2 2.01602E-2 1.45527E-2 1.28655E-2 1.23285E-2 1.61042E-2 2.11139E-2 2.14496E-2 1.99835E-2 1.90982E-2 1.90298E-2 1.89652E-2 1.91635E-2 1.76949E-2 1.71026E-2 1.53297E-2 1.36298E-2 1.1141E-2 1.13201E-2 1.1429E-2 1.40905E-2 9.65294E-3 1.06219E-2 9.55526E-3 9.35852E-3 1.15976E-2 1.20849E-2 1.07737E-2 1.04636E-2 1.22601E-2
7.45821E-2 8.48434E-2 9.91037E-2 1.02309E-1 9.942E-2 1.08434E-1 1.13134E-1 1.09353E-1 1.12723E-1 1.14728E-1 1.17844E-1 1.17108E-1 1.23794E-1 1.288E-1 1.26305E-1 1.2275E-1 1.27194E-1 1.32935E-1 1.31601E-1 1.25443E-1 1.23601E-1 1.24792E-1 1.29221E-1 1.28644E-1 1.22146E-1 1.15605E-1 1.13621E-1 1.08284E-1 1.01737E-1 9.96135E-2 1.02235E-1 8.7701E-2 7.53046E-2 6.1507E-2 5.15406E-2 4.08857E-2 2.97453E-2 2.72425E-2 2.3417E-2 1.71698E-2 1.71645E-2 1.85361E-2 1.89475E-2 1.79141E-2 2.01058E-2 1.90465E-2 1.85689E-2 1.91253E-2 1.91072E-2 1.71621E-2 1.59946E-2 1.47576E-2 1.22265E-2 1.19962E-2 1.05501E-2 9.49934E-3 1.27436E-2 9.2952E-3 9.77569E-3 1.02338E-2 8.49576E-3 1.07982E-2 1.14883E-2 1.07655E-2 1.14203E-2 1.19196E-2
8.67088E-2 1.03581E-1 1.16001E-1 1.30061E-1 1.40328E-1 1.36015E-1 1.36457E-1 1.29956E-1 1.29804E-1 1.27114E-1 1.32655E-1 1.34754E-1 1.38946E-1 1.37367E-1 1.3977E-1 1.27514E-1 1.28726E-1 1.27841E-1 1.30579E-1 1.27548E-1 1.31716E-1 1.3166E-1 1.34541E-1 1.35595E-1 1.26247E-1 1.20621E-1 1.17109E-1 1.13886E-1 1.05391E-1 1.02405E-1 1.04598E-1 9.5131E-2 8.28837E-2 7.47049E-2 6.62481E-2 4.91828E-2 3.16879E-2 2.603E-2 2.26921E-2 2.08903E-2 2.67532E-2 2.63781E-2 2.38588E-2 1.7482E-2 1.77134E-2 2.17132E-2 2.08758E-2 1.9514E-2 1.91352E-2 1.73445E-2 1.66603E-2 1.49365E-2 1.05575E-2 1.1763E-2 9.59382E-3 9.35593E-3 8.3631E-3 8.94047E-3 9.34065E-3 8.58981E-3 8.4949E-3 1.0317E-2 1.07474E-2 1.04446E-2 1.1705E-2 1.20622E-2
1.11937E-1 1.20482E-1 1.35112E-1 1.65948E-1 1.72838E-1 1.85836E-1 1.75317E-1 1.57855E-1 1.48957E-1 1.45426E-1 1.48541E-1 1.56676E-1 1.64507E-1 1.56403E-1 1.57595E-1 1.38061E-1 1.34923E-1 1.30925E-1 1.33468E-1 1.34243E-1 1.34108E-1 1.38363E-1 1.43409E-1 1.403E-1 1.29138E-1 1.27917E-1 1.22408E-1 1.18418E-1 1.08729E-1 1.10439E-1 1.07015E-1 1.02048E-1 9.61312E-2 8.89184E-2 7.34788E-2 4.98597E-2 3.7746E-2 3.19125E-2 2.6033E-2 3.00958E-2 3.08529E-2 2.80111E-2 2.82575E-2 2.46737E-2 2.00774E-2 2.46275E-2 2.34654E-2 2.27215E-2 2.01284E-2 1.96375E-2 1.84649E-2 1.36642E-2 1.06902E-2 1.08257E-2 9.33342E-3 1.10437E-2 8.49337E-3 7.16205E-3 8.516E-3 8.17084E-3 9.19386E-3 1.09538E-2 1.19022E-2 1.05813E-2 1.16404E-2 1.32002E-2
1.30513E-1 1.3715E-1 1.57321E-1 1.91264E-1 2.06264E-1 2.2888E-1 2.20821E-1 2.09803E-1 2.03225E-1 1.79166E-1 1.78146E-1 1.7791E-1 1.82574E-1 1.85438E-1 1.55463E-1 1.51641E-1 1.43713E-1 1.3999E-1 1.33075E-1 1.38129E-1 1.40251E-1 1.40728E-1 1.40656E-1 1.43362E-1 1.41243E-1 1.35501E-1 1.35638E-1 1.24063E-1 1.23651E-1 1.1851E-1 1.16277E-1 1.06822E-1 1.02727E-1 9.43085E-2 7.68548E-2 5.20452E-2 3.83919E-2 3.42783E-2 3.43508E-2 3.5764E-2 3.03669E-2 2.99468E-2 3.04471E-2 3.06743E-2 3.03965E-2 2.56224E-2 2.50556E-2 2.38289E-2 2.05678E-2 2.00693E-2 1.75888E-2 1.15716E-2 1.12493E-2 8.3453E-3 1.03911E-2 8.44927E-3 6.67817E-3 6.63218E-3 7.32685E-3 7.29562E-3 8.19327E-3 8.33391E-3 9.90133E-3 1.16338E-2 1.23522E-2 1.17299E-2
1.43848E-1 1.64364E-1 1.95355E-1 2.3569E-1 2.32615E-1 2.66515E-1 2.65063E-1 2.63733E-1 2.67772E-1 2.38297E-1 2.27094E-1 2.21361E-1 1.71319E-1 1.73459E-1 1.71625E-1 1.69063E-1 1.61837E-1 1.50355E-1 1.50084E-1 1.41827E-1 1.46388E-1 1.47739E-1 1.48096E-1 1.45874E-1 1.52721E-1 1.48491E-1 1.45282E-1 1.3622E-1 1.35284E-1 1.30842E-1 1.24774E-1 1.18345E-1 1.16768E-1 1.06559E-1 9.24758E-2 6.28438E-2 4.63121E-2 4.52522E-2 4.38676E-2 4.31936E-2 3.51097E-2 3.01696E-2 2.66169E-2 3.38175E-2 3.39342E-2 2.94181E-2 2.77113E-2 2.57088E-2 2.38193E-2 1.96074E-2 1.48789E-2 1.58564E-2 9.32778E-3 8.61568E-3 8.98598E-3 7.0543E-3 5.61845E-3 5.30895E-3 7.10726E-3 6.93542E-3 7.82429E-3 8.30835E-3 9.31518E-3 1.09662E-2 1.28216E-2 1.24962E-2
1.7659E-1 1.94601E-1 2.15927E-1 2.71606E-1 2.89146E-1 2.92501E-1 2.89628E-1 2.95101E-1 3.01292E-1 2.95538E-1 2.93285E-1 2.77867E-1 1.92431E-1 1.96432E-1 1.98003E-1 1.92728E-1 1.83154E-1 1.65667E-1 1.63341E-1 1.58518E-1 1.54851E-1 1.54417E-1 1.63431E-1 1.58464E-1 1.55506E-1 1.51654E-1 1.52327E-1 1.48976E-1 1.48117E-1 1.43461E-1 1.3576E-1 1.35045E-1 1.26494E-1 1.26064E-1 1.0603E-1 8.10384E-2 6.54999E-2 6.03888E-2 5.41673E-2 5.31837E-2 4.77682E-2 4.2266E-2 3.31412E-2 3.92461E-2 4.02353E-2 3.57214E-2 3.18553E-2 2.93467E-2 2.65615E-2 2.02637E-2 1.7952E-2 1.65337E-2 1.16292E-2 1.13174E-2 8.90199E-3 5.33282E-3 4.24285E-3 5.21818E-3 5.59368E-3 6.45676E-3 7.19639E-3 8.49356E-3 8.42862E-3 9.78785E-3 1.18748E-2 1.34344E-2
1.90548E-1 2.09304E-1 2.44612E-1 3.05967E-1 3.41788E-1 3.32921E-1 3.38422E-1 3.50408E-1 3.47823E-1 3.42436E-1 3.44871E-1 2.22426E-1 2.21595E-1 2.22398E-1 2.1242E-1 2.05937E-1 1.9758E-1 1.88422E-1 1.86215E-1 1.7726E-1 1.66164E-1 1.60002E-1 1.67746E-1 1.69288E-1 1.67364E-1 1.61376E-1 1.62181E-1 1.56083E-1 1.53668E-1 1.52636E-1 1.4697E-1 1.43455E-1 1.39443E-1 1.37907E-1 1.17698E-1 9.89428E-2 8.26355E-2 7.29778E-2 7.10269E-2 6.58664E-2 5.84949E-2 4.95817E-2 3.8157E-2 4.81156E-2 4.6978E-2 4.26045E-2 3.54857E-2 3.19502E-2 3.26804E-2 2.56228E-2 1.48912E-2 1.71249E-2 1.38268E-2 1.05469E-2 8.22899E-3 5.10255E-3 3.61283E-3 4.67893E-3 5.9146E-3 6.75263E-3 7.32185E-3 8.84519E-3 9.28661E-3 1.06407E-2 1.26799E-2 1.50102E-2
2.16894E-1 2.45152E-1 2.8029E-1 3.22729E-1 3.60164E-1 3.68953E-1 3.45285E-1 3.62991E-1 3.71172E-1 3.93486E-1 2.54742E-1 2.39632E-1 2.49767E-1 2.5035E-1 2.42669E-1 2.27013E-1 2.21408E-1 2.14682E-1 2.03387E-1 2.0679E-1 1.90242E-1 1.88118E-1 1.80712E-1 1.83904E-1 1.81824E-1 1.84477E-1 1.77404E-1 1.73811E-1 1.67414E-1 1.64558E-1 1.60392E-1 1.61098E-1 1.54903E-1 1.43058E-1 1.295E-1 1.13379E-1 9.79416E-2 8.75627E-2 8.10166E-2 8.01143E-2 6.53015E-2 6.09769E-2 4.5983E-2 5.18266E-2 5.64851E-2 5.20635E-2 4.36253E-2 4.01948E-2 3.76353E-2 3.07601E-2 2.65594E-2 2.23022E-2 1.59007E-2 1.13657E-2 8.19712E-3 6.62941E-3 4.24831E-3 5.32879E-3 6.38976E-3 6.61258E-3 8.71787E-3 9.5432E-3 1.06743E-2 1.17765E-2 1.24873E-2 1.72796E-2
