Leopardus geoffroyi/Leopardus_geoffroyi_projection 2041-2060_novel.asc
ncols         515
nrows         545
xllcorner     -119.0
yllcorner     -58.333333333333
cellsize      0.166666666667
NODATA_value  -9999
[rows 390 to 419 of 545, columns 340 to 407 of 515]
2.57579E1 2.57579E1 2.57579E1 2.57579E1 3.15666E1 3.15666E1 2.92001E1 2.12009E1 1.8717E1 1.11089E1 6.8453E0 4.55701E0 1.06004E1 2.72247E1 3.15666E1 2.15333E1 3.15666E1 2.63446E1 2.44866E1 1.70937E1 2.63446E1 2.30784E1 1.68785E1 1.8717E1 1.01506E1 1.53335E1 2.08488E1 2.6814E1 2.97673E1 2.75768E1 2.44279E1 2.21788E1 2.07706E1 1.94015E1 1.79934E1 1.65265E1 1.56659E1 1.56659E1 1.2654E1 9.79855E0 7.9601E0 6.47369E0 5.37845E0 5.14375E0 4.86994E0 5.14375E0 4.98729E0 5.37845E0 5.6327E0 6.47369E0 6.47369E0 5.92607E0 6.19988E0 6.47369E0 6.74751E0 2.99237E0 8.8011E-1 8.8011E-1 2.17094E0 -9999 -9999 -9999 -9999 -9999 -9999 -9999 -9999 -9999
2.11813E1 2.57579E1 2.57579E1 2.57579E1 3.15666E1 3.15666E1 3.15666E1 2.47995E1 1.94798E1 1.45707E1 6.8453E0 6.21944E0 5.39801E0 6.21944E0 1.99883E1 1.96753E1 2.92001E1 2.44866E1 2.19636E1 1.57637E1 2.5621E1 2.19636E1 1.61745E1 1.68785E1 1.22237E1 1.06004E1 2.61295E1 2.75572E1 2.8007E1 2.60121E1 2.36456E1 2.17289E1 2.02034E1 1.94015E1 1.89908E1 1.6194E1 1.47467E1 1.52357E1 1.20086E1 9.50518E0 7.86231E0 6.63016E0 5.6327E0 5.14375E0 4.98729E0 4.86994E0 5.28066E0 5.76961E0 6.63016E0 6.90397E0 7.45159E0 7.02132E0 7.02132E0 7.51027E0 3.85292E0 8.8011E-1 8.8011E-1 1.54508E0 3.85292E0 -9999 -9999 -9999 -9999 -9999 -9999 -9999 -9999 -9999
2.11813E1 2.57579E1 2.57579E1 2.57579E1 2.57579E1 2.57579E1 3.11559E1 3.11559E1 2.19636E1 1.61745E1 8.95756E0 6.21944E0 5.39801E0 4.55701E0 5.39801E0 1.01506E1 1.61745E1 1.84041E1 1.70937E1 1.70937E1 2.51125E1 1.94798E1 1.34168E1 1.45707E1 1.30647E1 7.45159E0 2.12009E1 2.15333E1 2.38999E1 2.15333E1 2.33131E1 2.13378E1 2.00665E1 1.88148E1 1.75044E1 1.5353E1 1.2654E1 1.13241E1 9.79855E0 8.74242E0 7.51027E0 6.29767E0 5.6327E0 5.14375E0 5.14375E0 5.14375E0 5.76961E0 6.74751E0 7.17778E0 7.45159E0 7.86231E0 7.72541E0 7.66673E0 3.85292E0 8.8011E-1 3.85292E0 2.17094E0 4.55701E0 -9999 -9999 -9999 -9999 -9999 -9999 -9999 -9999 -9999 -9999
2.11813E1 2.57579E1 2.57579E1 2.57579E1 2.57579E1 2.57579E1 2.57579E1 2.57579E1 2.57579E1 2.08488E1 1.45707E1 6.8453E0 5.39801E0 4.55701E0 3.85292E0 3.85292E0 6.21944E0 1.22237E1 1.1637E1 1.68785E1 2.12009E1 1.79542E1 1.30647E1 -9999 1.27127E1 1.38079E1 1.53335E1 1.94798E1 1.99883E1 2.345E1 2.10444E1 2.02034E1 1.94015E1 1.85801E1 1.69959E1 1.41795E1 1.1461E1 9.66165E0 8.46861E0 7.66673E0 6.74751E0 5.92607E0 5.37845E0 4.73303E0 4.86994E0 6.0043E0 6.63016E0 7.72541E0 7.72541E0 7.9601E0 7.9601E0 8.11657E0 2.17094E0 8.8011E-1 2.99237E0 4.55701E0 6.8453E0 2.99237E0 -9999 -9999 -9999 -9999 -9999 -9999 -9999 -9999 -9999 -9999
2.11813E1 2.11813E1 2.57579E1 2.57579E1 2.57579E1 2.57579E1 2.57579E1 2.57579E1 2.57579E1 2.57579E1 2.15333E1 1.61745E1 8.95756E0 4.55701E0 2.99237E0 2.99237E0 3.85292E0 5.39801E0 6.21944E0 6.8453E0 8.95756E0 1.61745E1 1.61745E1 -9999 1.48445E1 1.30647E1 1.96753E1 2.84178E1 2.64815E1 2.33131E1 2.13378E1 1.97927E1 1.8365E1 1.76217E1 1.69959E1 1.47467E1 1.12263E1 9.21181E0 7.92099E0 7.02132E0 6.47369E0 5.76961E0 5.14375E0 4.38099E0 4.86994E0 6.0043E0 6.90397E0 8.46861E0 8.74242E0 8.74242E0 8.74242E0 6.21944E0 1.54508E0 3.85292E0 8.29259E0 8.60552E0 3.85292E0 -9999 -9999 -9999 -9999 -9999 -9999 -9999 -9999 -9999 -9999 -9999
2.11813E1 2.11813E1 2.11813E1 2.57579E1 2.57579E1 2.57579E1 2.57579E1 2.57579E1 2.57579E1 2.57579E1 2.5621E1 2.19636E1 1.79542E1 1.11089E1 2.99237E0 2.99237E0 2.99237E0 2.99237E0 3.85292E0 4.55701E0 4.55701E0 5.39801E0 6.8453E0 -9999 1.11089E1 2.345E1 2.96695E1 2.8672E1 2.56014E1 2.25504E1 2.04577E1 1.8365E1 1.74066E1 1.6683E1 1.6194E1 1.40622E1 1.09525E1 9.21181E0 7.86231E0 7.02132E0 6.29767E0 5.6327E0 4.98729E0 4.73303E0 4.86994E0 5.47624E0 6.53237E0 7.86231E0 8.31215E0 8.60552E0 8.89888E0 8.29259E0 2.17094E0 3.85292E0 1.00137E1 6.8453E0 -9999 -9999 -9999 -9999 -9999 -9999 -9999 -9999 -9999 -9999 -9999 -9999
2.11813E1 2.11813E1 2.11813E1 2.57579E1 2.57579E1 2.57579E1 2.57579E1 2.57579E1 2.57579E1 2.57579E1 2.57579E1 2.57579E1 2.345E1 1.99883E1 1.45707E1 4.55701E0 2.99237E0 2.17094E0 2.17094E0 2.17094E0 2.17094E0 2.17094E0 -9999 -9999 1.45707E1 1.99883E1 2.91414E1 2.75768E1 2.46822E1 2.15138E1 1.92059E1 1.74066E1 1.6194E1 1.49814E1 1.39448E1 1.23215E1 1.06004E1 9.09447E0 7.9601E0 7.17778E0 6.47369E0 5.92607E0 5.37845E0 4.98729E0 5.14375E0 5.28066E0 6.53237E0 7.51027E0 7.86231E0 8.46861E0 8.938E0 7.45159E0 4.55701E0 9.58342E0 -9999 -9999 -9999 -9999 -9999 -9999 -9999 -9999 -9999 -9999 -9999 -9999 -9999 -9999
2.11813E1 2.11813E1 2.11813E1 2.11813E1 2.11813E1 2.57579E1 2.57579E1 2.57579E1 2.57579E1 2.57579E1 2.57579E1 2.57579E1 2.57579E1 2.57579E1 2.03403E1 1.68785E1 8.29259E0 3.85292E0 2.99237E0 2.99237E0 2.17094E0 2.17094E0 -9999 -9999 2.19636E1 2.75572E1 2.8496E1 2.60121E1 2.25504E1 2.04577E1 1.79934E1 1.6683E1 1.5353E1 1.33777E1 1.23215E1 1.12263E1 9.79855E0 8.89888E0 7.92099E0 7.17778E0 6.53237E0 6.0043E0 5.92607E0 5.92607E0 5.76961E0 6.19988E0 6.47369E0 7.29513E0 7.66673E0 7.9601E0 8.89888E0 7.45159E0 8.95756E0 -9999 -9999 -9999 -9999 -9999 -9999 -9999 -9999 -9999 -9999 -9999 -9999 -9999 -9999 -9999
2.11813E1 2.11813E1 2.11813E1 2.11813E1 2.11813E1 2.57579E1 2.57579E1 2.57579E1 2.57579E1 2.11813E1 2.11813E1 2.57579E1 2.57579E1 2.57579E1 2.25504E1 1.61745E1 1.48445E1 1.30647E1 6.8453E0 2.99237E0 3.85292E0 2.99237E0 3.85292E0 9.58342E0 1.53335E1 2.51125E1 2.7166E1 2.42323E1 2.18463E1 1.95971E1 1.72306E1 1.56659E1 1.41795E1 1.32799E1 1.20086E1 1.06004E1 9.66165E0 8.938E0 7.9601E0 7.45159E0 7.17778E0 6.90397E0 6.63016E0 6.53237E0 5.76961E0 5.6327E0 6.19988E0 7.17778E0 7.45159E0 7.72541E0 8.46861E0 9.44651E0 9.66165E0 -9999 -9999 -9999 -9999 -9999 -9999 -9999 -9999 -9999 -9999 -9999 -9999 -9999 -9999 -9999
2.11813E1 2.11813E1 2.11813E1 2.11813E1 2.11813E1 2.11813E1 2.11813E1 2.11813E1 2.57579E1 2.57579E1 2.11813E1 2.57579E1 2.5621E1 2.15333E1 1.89908E1 1.8717E1 2.03403E1 1.66047E1 1.38079E1 1.22237E1 4.55701E0 3.85292E0 4.55701E0 4.55701E0 -9999 2.345E1 2.73616E1 2.38803E1 2.13378E1 1.88148E1 1.72893E1 1.55095E1 1.44925E1 1.39448E1 1.22433E1 1.08156E1 9.79855E0 8.938E0 8.11657E0 7.86231E0 7.86231E0 7.92099E0 7.72541E0 7.29513E0 6.63016E0 6.53237E0 6.63016E0 6.63016E0 7.29513E0 7.45159E0 7.9601E0 9.34872E0 -9999 -9999 -9999 -9999 -9999 -9999 -9999 -9999 -9999 -9999 -9999 -9999 -9999 -9999 -9999 -9999
2.11813E1 2.11813E1 2.11813E1 2.11813E1 2.11813E1 2.11813E1 2.11813E1 2.11813E1 2.11813E1 2.57579E1 2.57579E1 2.57579E1 2.57579E1 2.57579E1 2.5621E1 2.38999E1 2.12009E1 1.7524E1 1.79542E1 1.38079E1 8.95756E0 5.39801E0 4.55701E0 -9999 -9999 -9999 1.7524E1 2.38803E1 2.11813E1 1.88148E1 1.72306E1 1.60376E1 1.49814E1 1.49814E1 1.32799E1 1.09525E1 1.00137E1 9.21181E0 8.74242E0 8.11657E0 8.46861E0 8.938E0 9.21181E0 7.9601E0 6.74751E0 6.63016E0 6.0043E0 6.47369E0 6.74751E0 7.29513E0 8.46861E0 -9999 -9999 -9999 -9999 -9999 -9999 -9999 -9999 -9999 -9999 -9999 -9999 -9999 -9999 -9999 -9999 -9999
2.11813E1 2.11813E1 2.11813E1 2.11813E1 2.11813E1 2.11813E1 2.57579E1 2.57579E1 2.11813E1 2.11813E1 2.57579E1 2.57579E1 2.57579E1 2.57579E1 2.51125E1 2.57579E1 2.57579E1 2.25504E1 1.79542E1 1.70937E1 1.27127E1 1.1637E1 6.21944E0 -9999 -9999 -9999 -9999 -9999 -9999 -9999 -9999 -9999 1.41795E1 1.44925E1 1.283E1 1.08156E1 9.66165E0 8.89888E0 7.92099E0 7.72541E0 7.9601E0 8.938E0 9.21181E0 7.66673E0 6.19988E0 6.29767E0 5.92607E0 6.19988E0 6.63016E0 7.66673E0 -9999 -9999 -9999 -9999 -9999 -9999 -9999 -9999 -9999 -9999 -9999 -9999 -9999 -9999 -9999 -9999 -9999 -9999
1.79542E1 2.11813E1 2.11813E1 2.11813E1 2.11813E1 2.11813E1 2.11813E1 2.57579E1 2.11813E1 2.57579E1 2.57579E1 2.57579E1 2.57579E1 2.57579E1 2.57579E1 2.5621E1 2.04772E1 2.08488E1 1.8717E1 1.61745E1 1.70937E1 1.53335E1 1.45707E1 -9999 -9999 -9999 -9999 -9999 -9999 -9999 -9999 -9999 -9999 1.2654E1 1.12263E1 9.50518E0 8.938E0 7.9601E0 7.66673E0 7.51027E0 7.29513E0 7.86231E0 7.66673E0 7.02132E0 6.0043E0 5.6327E0 5.47624E0 5.6327E0 6.63016E0 -9999 -9999 -9999 -9999 -9999 -9999 -9999 -9999 -9999 -9999 -9999 -9999 -9999 -9999 -9999 -9999 -9999 -9999 -9999
2.11813E1 2.11813E1 2.11813E1 2.11813E1 2.11813E1 2.11813E1 2.11813E1 2.11813E1 2.57579E1 2.57579E1 2.57579E1 2.57579E1 2.57579E1 2.57579E1 2.57579E1 2.44866E1 2.04772E1 2.04772E1 2.08488E1 1.8717E1 1.66047E1 1.48445E1 1.30647E1 1.06004E1 -9999 -9999 -9999 -9999 -9999 -9999 -9999 -9999 -9999 -9999 -9999 -9999 7.9601E0 7.86231E0 -9999 -9999 -9999 -9999 5.92607E0 5.37845E0 4.86994E0 4.98729E0 -9999 -9999 -9999 -9999 -9999 -9999 -9999 -9999 -9999 -9999 -9999 -9999 -9999 -9999 -9999 -9999 -9999 -9999 -9999 -9999 -9999 -9999
1.79542E1 1.79542E1 2.11813E1 2.11813E1 2.11813E1 2.11813E1 2.11813E1 2.57579E1 2.57579E1 2.57579E1 2.57579E1 2.57579E1 2.57579E1 2.57579E1 2.57579E1 2.38999E1 2.25504E1 2.12009E1 1.99883E1 1.96753E1 1.84041E1 1.48445E1 1.38079E1 1.57637E1 1.57637E1 1.38079E1 8.95756E0 -9999 -9999 -9999 -9999 -9999 -9999 -9999 -9999 -9999 -9999 -9999 -9999 -9999 -9999 -9999 -9999 -9999 -9999 -9999 -9999 -9999 -9999 -9999 -9999 -9999 -9999 -9999 -9999 -9999 -9999 -9999 -9999 -9999 -9999 -9999 -9999 -9999 -9999 -9999 -9999 -9999
1.79542E1 1.79542E1 2.11813E1 2.11813E1 2.11813E1 2.11813E1 2.57579E1 2.57579E1 2.57579E1 2.57579E1 2.57579E1 2.57579E1 2.57579E1 2.38999E1 2.30784E1 2.19636E1 1.99883E1 2.03403E1 1.84041E1 1.8717E1 1.84041E1 1.7524E1 1.57637E1 1.38079E1 1.34168E1 1.38079E1 1.27127E1 1.1637E1 8.29259E0 -9999 -9999 -9999 -9999 -9999 -9999 -9999 -9999 -9999 -9999 -9999 -9999 -9999 -9999 -9999 -9999 -9999 -9999 -9999 -9999 -9999 -9999 -9999 -9999 -9999 -9999 -9999 -9999 -9999 -9999 -9999 -9999 -9999 -9999 -9999 -9999 -9999 -9999 -9999
1.79542E1 1.79542E1 2.11813E1 2.11813E1 2.11813E1 2.11813E1 2.57579E1 2.57579E1 2.57579E1 2.57579E1 2.57579E1 2.57579E1 2.57579E1 2.5621E1 2.345E1 2.08488E1 1.96753E1 1.84041E1 1.7524E1 1.66047E1 1.68785E1 1.70937E1 1.66047E1 1.45707E1 1.27127E1 1.06004E1 1.11089E1 1.11089E1 1.22237E1 9.58342E0 -9999 -9999 -9999 -9999 -9999 -9999 -9999 -9999 -9999 -9999 -9999 -9999 -9999 -9999 -9999 -9999 -9999 -9999 -9999 -9999 -9999 -9999 -9999 -9999 -9999 -9999 -9999 -9999 -9999 -9999 -9999 -9999 -9999 -9999 -9999 -9999 -9999 -9999
1.79542E1 1.79542E1 2.11813E1 2.11813E1 2.11813E1 2.11813E1 2.57579E1 2.57579E1 2.57579E1 2.57579E1 2.57579E1 2.57579E1 2.5621E1 2.47995E1 2.25504E1 1.99883E1 1.94798E1 1.84041E1 1.68785E1 1.53335E1 1.53335E1 1.53335E1 1.48445E1 1.45707E1 1.34168E1 1.1637E1 8.95756E0 7.45159E0 6.8453E0 8.95756E0 8.95756E0 -9999 -9999 -9999 -9999 -9999 -9999 -9999 -9999 -9999 -9999 -9999 -9999 -9999 -9999 -9999 -9999 -9999 -9999 -9999 -9999 -9999 -9999 -9999 -9999 -9999 -9999 -9999 -9999 -9999 -9999 -9999 -9999 -9999 -9999 -9999 -9999 -9999
1.79542E1 2.11813E1 2.11813E1 2.11813E1 2.11813E1 2.57579E1 2.57579E1 2.57579E1 2.57579E1 2.57579E1 2.57579E1 2.57579E1 2.57579E1 2.38999E1 2.30784E1 2.19636E1 1.94798E1 1.68785E1 1.57637E1 1.45707E1 1.42382E1 1.38079E1 1.34168E1 1.34168E1 1.27127E1 1.01506E1 8.95756E0 8.29259E0 7.45159E0 5.39801E0 -9999 -9999 -9999 -9999 -9999 -9999 -9999 -9999 -9999 -9999 -9999 -9999 -9999 -9999 -9999 -9999 -9999 -9999 -9999 -9999 -9999 -9999 -9999 -9999 -9999 -9999 -9999 -9999 -9999 -9999 -9999 -9999 -9999 -9999 -9999 -9999 -9999 -9999
1.79542E1 2.11813E1 2.11813E1 2.11813E1 2.11813E1 2.11813E1 2.57579E1 2.57579E1 2.57579E1 2.57579E1 2.57579E1 2.57579E1 2.57579E1 2.47995E1 2.30784E1 2.08488E1 1.89908E1 1.7524E1 1.61745E1 1.53335E1 1.45707E1 1.45707E1 1.38079E1 1.27127E1 1.06004E1 9.58342E0 7.45159E0 8.29259E0 6.8453E0 -9999 -9999 -9999 -9999 -9999 -9999 -9999 -9999 -9999 -9999 -9999 -9999 -9999 -9999 -9999 -9999 -9999 -9999 -9999 -9999 -9999 -9999 -9999 -9999 -9999 -9999 -9999 -9999 -9999 -9999 -9999 -9999 -9999 -9999 -9999 -9999 -9999 -9999 -9999
1.79542E1 1.79542E1 2.11813E1 2.11813E1 2.11813E1 2.11813E1 2.11813E1 2.11813E1 2.57579E1 2.11813E1 2.11813E1 2.11813E1 2.57579E1 2.11813E1 2.11813E1 2.11813E1 2.03403E1 1.89908E1 1.79542E1 1.70937E1 1.61745E1 1.48445E1 1.34168E1 1.1637E1 1.11089E1 8.95756E0 8.95756E0 7.45159E0 5.39801E0 -9999 -9999 -9999 -9999 -9999 -9999 -9999 -9999 -9999 -9999 -9999 -9999 -9999 -9999 -9999 -9999 -9999 -9999 -9999 -9999 -9999 -9999 -9999 -9999 -9999 -9999 -9999 -9999 -9999 -9999 -9999 -9999 -9999 -9999 -9999 -9999 -9999 -9999 -9999
1.79542E1 1.79542E1 1.79542E1 2.11813E1 2.11813E1 2.11813E1 2.11813E1 2.11813E1 2.11813E1 2.11813E1 2.11813E1 2.11813E1 2.11813E1 2.11813E1 2.11813E1 2.11813E1 2.11813E1 2.38999E1 2.15333E1 1.99883E1 1.84041E1 1.61745E1 1.38079E1 1.1637E1 8.95756E0 8.29259E0 8.29259E0 7.45159E0 5.39801E0 3.85292E0 -9999 -9999 -9999 -9999 -9999 -9999 -9999 -9999 -9999 -9999 -9999 -9999 -9999 -9999 -9999 -9999 -9999 -9999 -9999 -9999 -9999 -9999 -9999 -9999 -9999 -9999 -9999 -9999 -9999 -9999 -9999 -9999 -9999 -9999 -9999 -9999 -9999 -9999
1.79542E1 1.79542E1 1.79542E1 1.79542E1 2.11813E1 2.11813E1 2.11813E1 2.11813E1 2.11813E1 2.11813E1 2.11813E1 2.11813E1 2.11813E1 2.11813E1 2.11813E1 2.11813E1 2.11813E1 2.11813E1 2.11813E1 2.25504E1 1.99883E1 1.84041E1 1.57637E1 1.30647E1 1.06004E1 8.29259E0 7.45159E0 7.45159E0 5.39801E0 3.85292E0 1.54508E0 -9999 -9999 -9999 -9999 -9999 -9999 -9999 -9999 -9999 -9999 -9999 -9999 -9999 -9999 -9999 -9999 -9999 -9999 -9999 -9999 -9999 -9999 -9999 -9999 -9999 -9999 -9999 -9999 -9999 -9999 -9999 -9999 -9999 -9999 -9999 -9999 -9999
1.44729E1 1.79542E1 1.79542E1 1.79542E1 1.79542E1 1.79542E1 2.11813E1 2.11813E1 2.11813E1 2.11813E1 2.11813E1 2.11813E1 2.11813E1 2.11813E1 2.11813E1 2.11813E1 2.11813E1 2.11813E1 2.11813E1 2.57579E1 2.47995E1 2.19636E1 1.8717E1 1.57637E1 1.30647E1 1.01506E1 8.95756E0 7.45159E0 4.55701E0 2.99237E0 1.54508E0 1.54508E0 1.54508E0 -9999 -9999 -9999 -9999 -9999 -9999 -9999 -9999 -9999 -9999 -9999 -9999 -9999 -9999 -9999 -9999 -9999 -9999 -9999 -9999 -9999 -9999 -9999 -9999 -9999 -9999 -9999 -9999 -9999 -9999 -9999 -9999 -9999 -9999 -9999
1.44729E1 1.44729E1 1.79542E1 1.79542E1 1.79542E1 1.79542E1 1.79542E1 1.79542E1 1.79542E1 1.79542E1 1.79542E1 2.11813E1 2.11813E1 2.11813E1 2.11813E1 2.11813E1 2.11813E1 2.11813E1 2.11813E1 2.57579E1 2.57579E1 2.57579E1 2.19636E1 1.79542E1 1.48445E1 1.30647E1 1.01506E1 6.8453E0 4.55701E0 2.99237E0 2.17094E0 1.54508E0 1.54508E0 2.99237E0 -9999 -9999 -9999 -9999 -9999 -9999 -9999 -9999 -9999 -9999 -9999 -9999 -9999 -9999 -9999 -9999 -9999 -9999 -9999 -9999 -9999 -9999 -9999 -9999 -9999 -9999 -9999 -9999 -9999 -9999 -9999 -9999 -9999 -9999
1.44729E1 1.44729E1 1.44729E1 1.44729E1 1.79542E1 1.79542E1 1.79542E1 1.79542E1 1.79542E1 1.79542E1 2.11813E1 2.11813E1 2.11813E1 2.11813E1 2.11813E1 2.11813E1 2.11813E1 2.11813E1 2.11813E1 2.11813E1 2.57579E1 2.57579E1 2.51125E1 2.08488E1 1.7524E1 1.42382E1 1.01506E1 6.8453E0 5.39801E0 4.55701E0 2.99237E0 2.17094E0 1.54508E0 2.99237E0 -9999 -9999 -9999 -9999 -9999 -9999 -9999 -9999 -9999 -9999 -9999 -9999 -9999 -9999 -9999 -9999 -9999 -9999 -9999 -9999 -9999 -9999 -9999 -9999 -9999 -9999 -9999 -9999 -9999 -9999 -9999 -9999 -9999 -9999
1.44729E1 1.44729E1 1.44729E1 1.44729E1 1.44729E1 1.79542E1 1.79542E1 1.79542E1 1.79542E1 1.79542E1 1.79542E1 2.11813E1 2.11813E1 2.11813E1 2.11813E1 2.11813E1 2.11813E1 2.11813E1 2.11813E1 2.57579E1 2.57579E1 2.57579E1 2.57579E1 2.63446E1 2.03403E1 1.57637E1 1.11089E1 7.45159E0 5.39801E0 5.39801E0 4.55701E0 2.17094E0 8.8011E-1 -9999 -9999 -9999 -9999 -9999 -9999 -9999 -9999 -9999 -9999 -9999 -9999 -9999 -9999 -9999 -9999 -9999 -9999 -9999 -9999 -9999 -9999 -9999 -9999 -9999 -9999 -9999 -9999 -9999 -9999 -9999 -9999 -9999 -9999 -9999
1.44729E1 1.44729E1 1.44729E1 1.44729E1 1.44729E1 1.44729E1 1.79542E1 1.79542E1 1.79542E1 1.79542E1 1.79542E1 1.79542E1 2.11813E1 2.11813E1 2.11813E1 2.11813E1 2.11813E1 2.11813E1 2.57579E1 2.57579E1 2.57579E1 2.57579E1 3.15666E1 3.15666E1 2.47995E1 1.89908E1 1.48445E1 1.11089E1 7.45159E0 5.39801E0 5.39801E0 3.85292E0 3.85292E0 -9999 -9999 -9999 -9999 -9999 -9999 -9999 -9999 -9999 -9999 -9999 -9999 -9999 -9999 -9999 -9999 -9999 -9999 -9999 -9999 -9999 -9999 -9999 -9999 -9999 -9999 -9999 -9999 -9999 -9999 -9999 -9999 -9999 -9999 -9999
1.44729E1 1.44729E1 1.44729E1 1.44729E1 1.44729E1 1.79542E1 1.79542E1 1.79542E1 1.79542E1 1.79542E1 1.79542E1 2.11813E1 2.11813E1 2.11813E1 2.11813E1 2.11813E1 2.11813E1 2.11813E1 2.57579E1 2.57579E1 2.57579E1 2.57579E1 3.15666E1 3.15666E1 2.75572E1 2.15333E1 1.70937E1 1.38079E1 1.01506E1 5.39801E0 3.85292E0 4.55701E0 -9999 -9999 -9999 -9999 -9999 -9999 -9999 -9999 -9999 -9999 -9999 -9999 -9999 -9999 -9999 -9999 -9999 -9999 -9999 -9999 -9999 -9999 -9999 -9999 -9999 -9999 -9999 -9999 -9999 -9999 -9999 -9999 -9999 -9999 -9999 -9999
1.44729E1 1.44729E1 1.44729E1 1.44729E1 1.79542E1 1.79542E1 1.79542E1 1.79542E1 1.79542E1 1.79542E1 1.79542E1 2.11813E1 2.11813E1 2.11813E1 2.11813E1 2.11813E1 2.11813E1 2.57579E1 2.57579E1 2.57579E1 3.15666E1 3.15666E1 3.15666E1 3.15666E1 3.02367E1 2.47995E1 1.94798E1 1.53335E1 1.11089E1 5.39801E0 2.17094E0 -9999 -9999 -9999 -9999 -9999 -9999 -9999 -9999 -9999 -9999 -9999 -9999 -9999 -9999 -9999 -9999 -9999 -9999 -9999 -9999 -9999 -9999 -9999 -9999 -9999 -9999 -9999 -9999 -9999 -9999 -9999 -9999 -9999 -9999 -9999 -9999 -9999
