Leopardus guttulus/Leopardus_guttulus_projection 2041-2060.asc
ncols         515
nrows         545
xllcorner     -119.0
yllcorner     -58.333333333333
cellsize      0.166666666667
NODATA_value  -9999
[rows 29 to 57 of 545, columns 66 to 131 of 515]
1.04834E-6 1.00655E-6 3.64186E-6 1.54981E-6 3.09259E-7 1.15797E-7 4.71664E-8 2.0172E-8 1.36588E-8 1.43413E-8 9.2734E-9 5.46348E-9 5.98797E-9 1.68404E-9 2.08969E-9 4.64634E-10 1.17327E-10 1.25841E-10 1.81627E-10 3.32699E-10 1.71773E-9 9.57833E-10 1.25336E-9 1.20106E-9 3.37551E-8 3.38508E-9 1.10484E-8 4.53128E-9 1.90658E-9 1.80569E-9 1.16935E-9 1.06355E-7 1.35615E-7 8.27478E-9 3.4865E-8 5.54629E-8 6.6981E-8 2.80385E-8 1.03089E-7 5.07028E-8 3.06126E-8 2.88376E-8 3.50846E-8 7.14631E-8 1.06451E-7 1.30995E-7 1.84792E-7 2.57197E-7 2.31862E-7 2.01761E-7 2.03106E-7 3.96148E-7 6.10327E-7 8.68936E-7 1.63025E-6 2.0576E-6 2.81298E-6 3.24295E-6 7.7207E-6 2.86677E-5 7.0748E-5 9.00847E-5 3.09379E-4 9.65453E-4 -9999 -9999
1.31695E-6 4.03497E-7 7.61268E-7 7.00735E-7 8.58864E-7 6.94546E-7 1.65722E-7 1.30752E-8 1.08579E-7 1.07095E-8 7.45458E-9 1.15103E-8 1.08745E-8 6.48369E-9 1.71594E-9 3.01292E-10 5.44578E-11 8.28173E-11 1.13991E-10 1.40038E-9 6.25101E-10 3.075E-9 2.83718E-9 1.50372E-8 4.68507E-9 1.39253E-8 1.92101E-8 3.52587E-9 1.11434E-9 7.40839E-10 1.02914E-9 2.60707E-8 3.14528E-7 1.01137E-8 6.84927E-9 1.44299E-8 2.75752E-7 6.29016E-8 3.72205E-8 5.38891E-8 2.75853E-8 2.27505E-8 2.27587E-8 4.86552E-8 1.47172E-7 9.55214E-8 1.13625E-7 1.51475E-7 2.05346E-7 1.86609E-7 1.99337E-7 2.99457E-7 4.34233E-7 1.06669E-6 1.36911E-6 1.94846E-6 2.67377E-6 4.46107E-6 9.46758E-6 2.42258E-5 7.82926E-5 1.13093E-4 3.67655E-4 1.48974E-3 -9999 -9999
2.4444E-7 3.54794E-7 2.31576E-6 1.90531E-6 2.29534E-7 2.51526E-7 3.48123E-7 1.20387E-7 1.18944E-6 1.28323E-8 7.70077E-9 2.17556E-8 5.30871E-9 4.74909E-9 1.68891E-9 3.1591E-10 1.65816E-10 7.71135E-11 7.762E-11 6.67226E-10 9.82818E-10 8.38267E-10 8.39437E-9 1.63767E-7 1.08495E-8 1.86838E-7 8.63658E-8 4.59134E-9 7.02675E-10 7.70814E-10 1.24973E-9 8.39146E-9 5.26099E-8 9.72268E-9 2.18658E-9 7.05643E-8 2.57192E-7 6.43306E-8 1.14045E-8 1.69725E-8 2.5971E-8 3.22424E-8 2.43753E-8 2.51162E-8 3.70359E-8 3.75981E-8 8.51963E-8 1.59298E-7 1.41901E-7 1.8491E-7 1.90572E-7 3.14439E-7 4.70112E-7 1.07818E-6 1.46891E-6 1.39799E-6 2.05001E-6 3.36568E-6 7.64761E-6 2.48469E-5 6.11714E-5 1.43255E-4 6.83386E-4 2.5624E-3 -9999 -9999
2.45409E-7 1.15795E-7 5.61799E-7 6.56538E-7 9.78339E-7 5.23324E-7 4.53251E-7 2.23032E-7 1.08162E-6 1.54352E-8 8.19856E-9 7.88743E-8 2.56119E-8 1.75411E-8 2.52974E-9 8.08381E-10 8.24513E-10 2.11684E-10 1.21184E-10 1.79019E-10 2.46239E-9 8.25035E-10 2.31512E-8 1.97314E-8 2.27357E-9 2.88683E-9 1.50095E-9 3.5811E-10 1.90317E-9 3.06223E-10 8.9357E-10 5.24067E-9 2.79054E-7 6.30909E-7 1.60951E-8 2.48362E-8 8.66697E-8 5.40965E-8 1.17826E-8 9.93606E-9 1.02614E-8 5.27299E-8 1.22734E-7 4.39316E-8 2.96401E-8 4.93861E-8 6.36872E-8 9.7402E-8 1.18105E-7 1.20608E-7 1.82124E-7 2.90742E-7 4.07959E-7 6.77463E-7 1.55316E-6 1.64971E-6 2.0462E-6 4.2474E-6 1.27805E-5 2.46902E-5 6.02969E-5 1.57531E-4 4.78013E-4 -9999 -9999 -9999
3.43228E-8 3.95416E-8 7.12568E-7 2.56331E-6 1.48073E-6 1.00104E-6 1.12149E-6 5.8653E-7 5.36581E-7 3.28292E-8 4.51548E-8 3.56109E-7 2.08298E-7 2.84873E-8 9.7089E-9 3.31747E-9 1.27592E-9 6.82918E-10 5.6651E-10 2.83412E-10 7.62066E-10 6.73998E-10 7.50184E-10 6.95762E-10 3.57596E-10 3.67526E-10 2.70387E-10 1.85689E-10 6.18848E-9 1.30563E-10 5.34081E-10 6.59634E-10 1.76029E-9 8.70781E-9 4.43512E-9 4.97579E-9 5.64955E-9 4.18914E-8 1.83467E-8 3.16148E-8 3.81061E-8 2.00056E-8 4.9789E-8 9.03879E-8 3.4001E-8 7.64113E-7 2.4587E-7 1.22014E-7 9.01564E-8 1.30808E-7 1.71462E-7 3.1098E-7 4.55303E-7 6.77399E-7 1.43653E-6 1.67117E-6 2.22633E-6 3.47833E-6 1.28292E-5 2.31285E-5 4.75373E-5 1.24027E-4 5.04335E-4 -9999 -9999 -9999
4.04811E-7 1.67518E-7 1.34658E-7 6.57521E-7 2.48715E-6 8.38761E-7 1.66333E-6 1.33678E-6 1.08516E-6 4.01004E-7 1.75746E-7 5.59679E-7 2.28013E-6 2.08264E-7 1.32175E-8 8.73798E-9 6.63373E-9 5.56045E-9 2.3355E-9 1.03961E-9 1.70388E-9 6.45366E-10 1.96274E-10 4.49199E-10 2.31149E-10 2.78325E-10 2.86571E-10 3.63271E-10 4.58126E-10 4.08365E-9 2.80361E-9 6.89413E-9 4.61834E-9 1.66485E-8 1.10538E-8 1.30735E-8 5.60845E-9 2.58156E-7 5.21195E-8 3.91487E-8 7.44139E-7 1.40216E-7 3.04885E-8 4.82245E-8 1.24149E-7 3.75362E-7 6.22708E-7 3.8067E-7 1.70195E-7 1.42399E-7 2.26843E-7 2.78169E-7 9.52791E-7 8.32646E-7 1.24786E-6 2.56013E-6 3.06798E-6 4.07315E-6 7.90454E-6 2.10445E-5 4.10488E-5 1.5789E-4 1.12651E-3 -9999 -9999 -9999
8.2534E-7 4.01471E-6 6.85851E-7 2.01891E-6 1.34802E-6 1.74689E-6 1.19914E-6 4.75127E-6 1.53171E-5 1.64272E-5 2.0423E-6 1.22739E-5 1.6774E-6 3.65443E-7 9.05583E-8 4.14514E-8 3.1372E-8 1.08107E-8 3.64365E-9 2.15357E-9 1.66682E-9 4.67406E-10 1.57123E-10 2.24482E-10 2.01416E-10 2.49637E-10 6.76597E-10 4.70412E-10 8.29214E-10 8.39001E-10 2.43743E-8 9.66078E-10 3.63403E-10 2.78742E-10 2.16575E-9 8.78134E-9 2.59961E-8 1.07335E-7 1.85368E-7 1.06392E-7 5.77806E-8 5.67769E-8 2.76659E-8 2.79569E-8 2.25139E-7 6.67791E-7 1.86747E-6 4.03169E-7 3.47778E-7 2.86438E-7 3.327E-7 3.42154E-7 8.3019E-7 8.56269E-7 1.15232E-6 2.73228E-6 3.42325E-6 4.65074E-6 8.42896E-6 1.95047E-5 5.15193E-5 1.33995E-4 8.05389E-4 -9999 -9999 -9999
1.38103E-6 1.35473E-6 4.0024E-6 3.7666E-6 9.72697E-6 3.50169E-6 9.63372E-6 5.24931E-6 1.88833E-5 2.82626E-5 7.07505E-6 4.40459E-5 2.51781E-5 1.20028E-6 1.57408E-7 6.99789E-8 4.38464E-8 1.82282E-8 9.55086E-9 1.79736E-9 2.46105E-9 7.29993E-10 2.38768E-10 2.0789E-10 1.67962E-10 1.79464E-10 6.93258E-10 2.59762E-10 3.96915E-9 9.2431E-11 3.24465E-9 1.26305E-10 4.32074E-10 3.6462E-9 1.60869E-8 7.79046E-9 3.72846E-9 3.16381E-7 2.23876E-6 1.82814E-7 9.76252E-8 2.15557E-8 1.49308E-8 3.83015E-8 3.129E-7 1.58014E-6 3.90924E-6 1.21366E-6 7.06834E-7 8.40458E-7 6.87245E-7 4.33234E-7 4.07609E-7 4.53129E-7 1.07497E-6 2.45875E-6 3.02273E-6 4.29637E-6 8.6474E-6 2.083E-5 4.63814E-5 9.27092E-5 4.40749E-4 -9999 -9999 -9999
1.77611E-6 5.53881E-7 4.68774E-6 3.66811E-6 1.09098E-5 1.30936E-5 1.29039E-5 2.67897E-5 6.66031E-5 5.2474E-5 2.67534E-5 2.76462E-5 1.31069E-5 5.4271E-7 2.2844E-7 1.56386E-7 2.31366E-7 5.49798E-8 1.91206E-8 4.51651E-9 2.57775E-9 7.53322E-10 4.88115E-10 2.95611E-10 1.89483E-10 1.8231E-10 4.73065E-10 1.8102E-10 2.79323E-9 1.76046E-10 3.04971E-8 8.50915E-11 6.35065E-10 9.83635E-9 3.46865E-8 5.84242E-8 1.51756E-8 8.60561E-9 5.69275E-8 1.21583E-7 4.63938E-7 7.62899E-8 6.04025E-8 1.13783E-7 5.53344E-7 5.37549E-6 6.80309E-6 7.56577E-6 1.43886E-5 3.29765E-6 1.26114E-6 5.87344E-7 4.3756E-7 4.78753E-7 1.8724E-6 1.85321E-6 3.29529E-6 6.85062E-6 1.2758E-5 2.88103E-5 7.17388E-5 1.25597E-4 4.13897E-4 1.73757E-3 -9999 -9999
1.75744E-6 2.3008E-6 1.09262E-6 4.41332E-6 2.2639E-6 7.94518E-5 1.23285E-4 9.39898E-5 8.43208E-5 1.5101E-4 1.61225E-4 8.09485E-5 8.06383E-6 1.39836E-6 1.75864E-7 2.93814E-7 1.64132E-7 2.14068E-7 3.73328E-8 1.66817E-8 6.33449E-9 3.62425E-9 2.34755E-9 1.19676E-9 3.54421E-10 1.91671E-10 7.29113E-11 5.46502E-11 8.47895E-11 6.70758E-11 2.83866E-10 1.60984E-9 1.08225E-9 3.03305E-9 3.78688E-9 3.34843E-8 9.59817E-8 2.45739E-8 2.54423E-6 3.69913E-7 3.73946E-8 1.02492E-7 1.19716E-7 2.01699E-7 9.03891E-7 2.09556E-6 1.76187E-6 5.17717E-6 1.08155E-4 1.86027E-5 1.68866E-6 7.14853E-7 3.29302E-7 3.47052E-7 7.25434E-7 1.94701E-6 3.16815E-6 7.13269E-6 2.02753E-5 4.26202E-5 9.73819E-5 2.45239E-4 5.33203E-4 1.29509E-3 -9999 -9999
1.84108E-6 2.00421E-6 1.83775E-5 8.42694E-7 2.73092E-6 8.22143E-5 2.3165E-4 2.27747E-4 1.468E-4 3.99738E-4 2.81111E-4 1.93153E-4 1.19405E-5 3.58205E-6 6.27558E-7 5.63734E-8 1.57174E-7 1.51992E-7 1.13468E-7 1.20737E-8 1.26174E-8 1.06981E-8 1.26332E-8 6.53922E-9 9.41119E-10 5.00515E-10 1.12261E-10 7.88843E-11 1.38955E-10 6.85184E-11 6.68336E-11 2.37065E-10 9.46723E-10 1.09812E-9 1.22375E-9 5.83885E-9 8.55681E-9 9.92428E-8 6.20713E-6 7.20003E-7 7.26181E-8 5.61522E-8 7.29564E-8 2.02977E-7 9.9114E-7 7.69254E-6 2.94948E-6 4.2401E-6 1.58971E-5 8.4722E-6 1.43604E-6 6.67007E-7 3.52126E-7 3.55786E-7 7.20656E-7 2.44099E-6 4.01148E-6 6.79363E-6 1.39504E-5 3.67289E-5 1.14379E-4 2.23275E-4 5.71048E-4 1.37444E-3 2.99251E-3 -9999
1.58766E-6 1.55997E-6 3.60228E-5 1.12974E-5 1.14816E-6 1.15437E-4 2.92012E-4 2.9776E-4 2.85084E-4 3.6667E-4 2.36082E-4 1.49147E-4 2.62211E-5 2.4355E-6 1.84746E-5 2.75953E-7 5.55923E-8 1.71977E-8 7.86206E-8 1.8266E-8 2.26417E-8 1.16949E-8 1.11021E-8 1.60625E-8 4.22269E-9 7.32243E-9 3.16113E-10 2.24208E-10 5.13923E-10 2.88706E-10 1.27868E-10 8.24465E-11 2.71239E-10 7.63014E-10 1.40613E-9 2.12951E-9 3.92817E-9 1.26789E-8 2.24592E-7 2.6407E-7 2.07468E-7 1.2191E-7 2.885E-7 5.72718E-7 1.05209E-6 4.47383E-6 1.16677E-5 8.31405E-6 4.05504E-6 7.37927E-6 1.86307E-6 8.81931E-7 7.47363E-7 5.64509E-7 7.29199E-7 2.28359E-6 3.48611E-6 6.11171E-6 1.24359E-5 5.3421E-5 1.22245E-4 2.92792E-4 6.18127E-4 1.35391E-3 2.94368E-3 -9999
3.86236E-6 1.81431E-6 1.37258E-6 1.78665E-5 1.04876E-5 2.24847E-4 1.52166E-3 3.73019E-4 2.01956E-4 1.22631E-3 7.16251E-4 1.62695E-4 2.27743E-4 3.84549E-5 6.17528E-5 1.25296E-7 1.45602E-8 1.68096E-8 4.7534E-9 5.08249E-8 1.25589E-8 1.37725E-8 7.00366E-9 6.21403E-8 1.71497E-7 1.57701E-9 1.3872E-9 5.1706E-10 4.93309E-10 2.30992E-10 1.64604E-10 1.1519E-9 9.02589E-10 2.97707E-9 6.90421E-9 9.80295E-9 1.60462E-8 2.58215E-8 7.31267E-8 8.19029E-8 9.5536E-7 1.49392E-6 5.38199E-7 4.33447E-5 8.8692E-4 7.28575E-5 2.58796E-4 7.68955E-5 7.93535E-6 4.29088E-6 3.24296E-6 1.79039E-6 1.40043E-6 6.21492E-7 5.66446E-7 1.10084E-6 2.31926E-6 6.19094E-6 1.46178E-5 5.52784E-5 1.58327E-4 3.22026E-4 9.88573E-4 2.40067E-3 -9999 -9999
4.37508E-6 2.95447E-6 1.03653E-6 2.62757E-6 6.24398E-6 9.5108E-5 1.7357E-3 2.62799E-4 7.18178E-5 1.33735E-3 1.96678E-3 5.25374E-4 1.15742E-4 8.64552E-6 1.86332E-4 5.84071E-7 1.10491E-8 1.13125E-8 4.94228E-9 4.85085E-9 6.26026E-9 4.24681E-9 5.67409E-10 2.42657E-9 2.09274E-8 7.11389E-9 2.27316E-9 8.60045E-10 2.5205E-10 1.56808E-10 1.3531E-10 3.97728E-10 3.81008E-9 1.74775E-7 4.02754E-7 1.70032E-7 1.20671E-7 1.22577E-7 1.21556E-7 2.30681E-7 1.37943E-6 6.67305E-6 1.54872E-5 3.05571E-4 2.3828E-3 3.82723E-3 4.68849E-3 6.05687E-4 2.77849E-5 1.01753E-5 7.29091E-6 3.77841E-6 1.47383E-6 7.18246E-7 4.75037E-7 7.15859E-7 1.94488E-6 8.62665E-6 1.7093E-5 4.76923E-5 1.93093E-4 4.82696E-4 1.75015E-3 4.66555E-3 -9999 -9999
9.64391E-6 3.49011E-6 1.79236E-6 1.31932E-6 4.46502E-6 2.07695E-5 4.30424E-5 1.85678E-4 5.46253E-3 3.07902E-3 2.3139E-3 9.50135E-4 2.32055E-4 1.80277E-5 1.47315E-6 2.37842E-7 1.76991E-7 7.48163E-7 1.45584E-7 1.96903E-8 6.62785E-10 4.9079E-9 1.25473E-9 8.19961E-10 1.47133E-9 3.45626E-9 1.02323E-9 4.38686E-9 1.14809E-8 3.32511E-9 4.4249E-9 4.77907E-9 3.95916E-9 4.72579E-9 1.03808E-8 1.93244E-7 8.14029E-7 2.47993E-6 1.61017E-5 3.11379E-5 6.19397E-6 8.64E-6 3.37398E-4 3.35672E-5 2.59709E-4 4.8622E-3 4.08402E-3 3.7105E-3 1.16786E-4 3.38076E-5 1.57627E-5 7.59009E-6 2.65127E-6 1.09079E-6 7.06365E-7 8.5156E-7 2.52697E-6 9.94427E-6 1.81617E-5 5.42892E-5 1.38391E-4 4.45099E-4 -9999 -9999 -9999 -9999
3.8751E-5 7.34842E-6 3.97965E-6 3.71878E-6 5.24762E-6 2.29961E-5 1.38225E-5 3.92424E-5 5.69469E-4 1.05777E-2 5.34993E-3 2.62023E-3 5.24837E-4 1.83453E-4 4.74618E-5 6.46467E-8 1.30965E-7 7.05135E-7 1.44634E-6 7.13698E-8 1.55651E-9 1.99512E-9 3.1971E-9 1.67061E-8 2.93688E-9 1.92555E-9 3.99139E-9 2.9706E-9 4.82964E-8 8.13951E-9 4.48356E-9 3.06354E-8 9.06326E-9 4.52324E-8 1.99628E-8 6.0888E-8 9.60154E-8 4.29011E-7 8.12567E-6 1.90151E-5 1.50836E-5 8.01014E-6 1.37391E-5 4.48128E-6 1.42213E-5 1.12432E-3 2.3352E-3 1.10424E-3 5.06892E-4 7.09803E-5 2.99066E-5 1.00685E-5 3.74861E-6 1.75967E-6 1.45121E-6 2.06745E-6 4.32762E-6 1.12919E-5 3.20205E-5 5.53138E-5 1.15289E-4 -9999 -9999 -9999 -9999 -9999
4.28324E-5 2.15867E-5 1.05985E-5 4.35503E-6 3.46726E-6 3.65755E-6 1.15806E-5 1.50722E-4 1.36659E-2 4.40045E-4 7.42223E-4 2.58094E-3 1.2634E-3 1.76015E-4 1.08043E-4 2.75279E-6 1.02074E-5 7.1035E-8 1.65945E-7 8.95858E-8 5.55728E-9 3.84258E-9 7.51334E-9 7.31819E-9 1.39751E-8 4.03832E-9 3.5587E-9 2.61506E-9 2.89397E-9 3.75377E-8 6.25868E-9 3.03489E-8 4.77356E-8 4.95292E-8 9.17165E-8 7.89336E-8 1.24745E-7 4.4729E-7 5.87308E-7 1.35726E-6 1.71867E-6 9.89583E-7 5.91157E-6 1.00193E-6 1.40691E-6 1.19608E-5 1.80053E-3 3.98164E-4 2.16845E-3 1.06868E-4 2.20627E-5 9.20367E-6 3.45088E-6 5.09777E-6 4.03502E-6 4.62332E-6 8.71258E-6 1.61309E-5 3.75074E-5 6.68326E-5 1.2423E-4 5.93936E-4 -9999 -9999 -9999 -9999
2.80687E-5 1.82566E-5 1.77694E-5 1.41149E-5 5.10511E-6 6.44075E-6 2.85491E-5 2.81888E-5 1.29549E-4 2.14785E-5 1.36825E-3 4.80552E-4 1.08223E-3 2.13433E-4 7.51983E-5 1.44911E-5 6.35263E-6 1.50785E-5 1.24213E-7 1.39013E-7 2.25012E-8 2.43895E-8 5.43308E-7 5.90656E-8 5.80969E-8 5.4145E-8 9.98303E-8 4.56968E-8 5.12622E-9 1.01441E-8 1.59575E-8 3.31482E-8 2.75519E-8 2.73157E-8 1.28401E-7 1.40171E-7 5.3991E-8 3.95916E-7 2.84225E-6 5.05635E-7 8.06439E-7 5.37923E-7 2.63256E-7 3.80892E-6 1.44643E-6 4.05315E-6 1.04027E-5 3.12829E-5 6.58888E-4 7.73608E-4 4.57341E-5 8.03475E-6 3.16026E-6 4.42115E-5 5.13743E-5 5.19919E-5 3.61507E-5 4.44214E-5 4.93196E-5 1.09444E-4 1.25918E-4 -9999 -9999 -9999 -9999 -9999
-9999 2.71538E-5 1.74393E-5 2.61897E-5 6.71241E-6 9.82553E-6 3.932E-5 4.47265E-5 8.92314E-5 3.87577E-5 1.51422E-4 6.04341E-4 6.52071E-4 2.54532E-4 6.11897E-5 3.06139E-5 3.87175E-6 6.82203E-5 7.78719E-6 2.40799E-7 4.28546E-7 2.24183E-7 1.77355E-5 4.76492E-7 1.05193E-7 3.84623E-7 1.69726E-7 2.59381E-8 5.46042E-8 4.11912E-8 9.17378E-8 5.42693E-8 3.74024E-8 2.12634E-8 9.22898E-8 1.31083E-7 6.40375E-8 1.49668E-7 3.1281E-6 6.79857E-6 2.24517E-7 1.07368E-5 4.33301E-7 2.92945E-7 9.68875E-7 3.58295E-7 1.11932E-6 1.82337E-5 1.77772E-4 9.4235E-4 1.80768E-4 2.4255E-5 5.33667E-6 1.37382E-4 8.68444E-5 1.43818E-4 1.03368E-4 2.90936E-5 6.73966E-5 1.36412E-4 1.38968E-4 -9999 -9999 -9999 -9999 -9999
-9999 -9999 -9999 4.09189E-5 5.08255E-5 1.29814E-5 6.15459E-5 7.48816E-5 8.99595E-5 1.0603E-3 9.94497E-3 4.57519E-3 1.18094E-3 2.3168E-4 1.05132E-4 4.53888E-5 2.10745E-5 3.12589E-5 4.2773E-5 5.24723E-7 1.06062E-7 1.42637E-7 5.09073E-7 1.93916E-7 7.00826E-7 5.47851E-7 2.49458E-7 5.55433E-8 1.00713E-7 1.91241E-7 5.1078E-8 5.36168E-8 6.06956E-8 4.57534E-8 2.23543E-8 6.25293E-8 8.93364E-8 1.20918E-7 1.70268E-7 2.6012E-7 1.44118E-7 4.26532E-7 2.01111E-7 2.88405E-8 7.25124E-8 1.65274E-7 4.15693E-7 5.41503E-6 6.6583E-5 2.11048E-4 7.2066E-4 4.74528E-5 9.98047E-6 1.02403E-5 1.6847E-5 3.6391E-5 3.24999E-5 2.06533E-5 7.64736E-5 1.47471E-4 2.47797E-4 -9999 -9999 -9999 -9999 -9999
-9999 -9999 -9999 -9999 5.98514E-5 4.6885E-5 3.43789E-4 1.41078E-4 1.33009E-4 1.01802E-3 4.77348E-4 5.67902E-3 1.94986E-3 4.52429E-4 1.01705E-4 6.58831E-5 3.95262E-5 1.02185E-5 1.86057E-5 1.51962E-6 1.44731E-7 1.28539E-7 3.14583E-7 6.91754E-7 3.25258E-6 1.08767E-6 4.46557E-7 3.2236E-7 4.52887E-7 1.80793E-7 4.91575E-8 5.01904E-8 2.01005E-8 1.74401E-8 1.82379E-8 1.51093E-8 2.01185E-8 2.05213E-8 1.21833E-7 3.53536E-8 1.08635E-7 4.40351E-7 6.01923E-8 3.88394E-8 1.28524E-7 1.05803E-7 1.60018E-7 3.67977E-7 8.7882E-6 4.66164E-5 7.25051E-4 4.78056E-5 1.07071E-5 5.2823E-6 6.45756E-6 1.30125E-5 1.97568E-5 2.65466E-5 7.9431E-5 1.69141E-4 2.42865E-4 -9999 -9999 -9999 -9999 -9999
-9999 -9999 -9999 -9999 -9999 -9999 5.35046E-5 1.20618E-4 2.64075E-4 2.00632E-4 3.03853E-4 1.87207E-4 1.28353E-4 7.73485E-4 1.23083E-4 4.20991E-5 4.36724E-5 3.10451E-5 1.02354E-5 2.31117E-6 4.49182E-7 1.79825E-7 2.11892E-7 7.18283E-7 6.70634E-6 2.32347E-5 7.59837E-7 3.11277E-7 2.65756E-7 2.35594E-7 5.13439E-8 6.36048E-7 9.00611E-8 1.46838E-8 1.29631E-8 1.40611E-8 1.6904E-8 2.33E-8 3.79492E-8 2.94235E-8 3.28777E-8 4.15083E-8 2.09341E-8 1.20327E-7 1.22839E-7 1.20953E-7 1.74361E-7 1.80719E-7 3.19193E-6 5.02314E-5 6.74021E-4 3.92644E-4 1.30468E-5 5.5236E-6 5.17487E-6 2.05633E-5 5.03556E-5 4.9534E-5 1.49618E-4 4.75404E-4 6.21969E-4 -9999 -9999 -9999 -9999 -9999
-9999 -9999 -9999 -9999 -9999 -9999 -9999 5.58608E-5 6.84844E-5 1.03987E-4 3.34413E-4 1.26119E-3 5.99334E-4 2.11693E-4 1.97935E-4 3.27821E-5 2.11572E-5 5.83199E-5 1.50008E-5 6.01536E-6 1.2296E-6 1.1023E-6 1.63288E-7 1.52286E-7 2.13229E-6 1.28843E-6 5.95558E-7 3.8453E-7 8.36416E-8 7.63704E-8 3.26335E-8 1.07076E-7 1.87963E-7 1.44229E-8 8.89491E-9 1.8517E-8 3.41795E-8 4.59351E-8 9.19738E-8 7.12448E-8 1.47702E-8 1.58112E-8 8.19564E-9 6.04436E-8 9.3852E-8 1.55291E-7 3.92872E-7 2.5585E-7 1.6031E-5 1.25446E-4 1.35077E-4 4.32957E-4 4.8259E-5 8.53331E-6 9.48746E-6 1.36299E-4 5.65007E-4 2.62556E-4 3.56907E-4 1.70936E-3 2.6187E-3 -9999 -9999 -9999 -9999 -9999
-9999 -9999 -9999 -9999 -9999 -9999 -9999 2.9103E-4 2.21832E-4 4.16295E-4 6.50272E-4 5.5633E-4 2.52101E-4 1.45146E-3 5.274E-4 2.14984E-4 9.01921E-5 1.62852E-4 1.86587E-4 3.52708E-5 1.23772E-4 1.76764E-6 3.96188E-7 4.59181E-7 4.5007E-7 4.98694E-6 8.87609E-7 6.38487E-7 8.10444E-8 5.30097E-8 4.00912E-8 1.87455E-8 1.06491E-8 6.36371E-9 1.58638E-8 2.237E-8 5.60084E-8 1.06964E-7 1.29633E-7 7.0492E-8 2.05479E-8 1.53846E-8 1.89863E-7 3.52906E-7 2.20085E-7 2.2861E-7 5.74078E-7 4.43759E-7 5.80419E-6 8.40096E-5 3.81652E-5 6.49222E-5 2.71455E-4 4.16258E-5 4.32967E-5 1.29664E-4 1.58726E-3 2.03579E-3 9.08801E-4 2.41062E-3 1.22248E-2 -9999 -9999 -9999 -9999 -9999
-9999 -9999 -9999 -9999 -9999 -9999 -9999 -9999 1.00645E-3 5.03172E-4 4.74547E-4 5.21093E-4 8.76351E-4 6.16481E-4 1.73028E-4 6.8888E-4 1.26897E-4 5.31883E-4 2.04297E-3 1.09943E-3 7.03738E-4 4.44124E-7 9.1739E-6 1.02735E-5 9.93388E-7 4.98155E-6 1.22392E-6 9.83391E-7 1.18412E-7 5.85723E-8 3.57993E-8 1.89204E-8 1.38551E-8 1.28053E-8 2.21126E-8 2.4292E-8 4.92254E-8 9.06442E-8 7.41121E-8 8.30282E-8 1.05295E-7 3.6588E-8 1.55783E-6 3.65897E-6 4.82725E-7 4.66364E-7 6.93782E-7 1.97199E-6 1.13323E-6 2.18439E-5 2.56772E-5 1.60203E-5 1.61192E-4 3.27562E-4 1.5347E-4 1.79513E-4 4.0373E-3 1.12021E-2 6.38866E-3 7.69492E-3 2.65969E-2 -9999 -9999 -9999 -9999 -9999
-9999 -9999 -9999 -9999 -9999 -9999 -9999 -9999 -9999 7.96481E-4 5.17383E-4 6.14074E-4 8.80953E-4 2.41791E-4 1.91689E-4 4.29975E-4 1.22523E-4 1.0526E-4 1.8861E-3 1.22316E-3 2.30814E-4 4.06752E-6 1.62542E-4 1.1499E-4 1.36729E-5 1.7E-5 9.85155E-6 8.53241E-6 1.13234E-6 3.12773E-7 2.36976E-8 3.81095E-8 3.23113E-8 1.98736E-8 2.01506E-8 2.14826E-8 5.50838E-8 1.26296E-7 6.66415E-8 1.25976E-7 2.98345E-7 2.2928E-7 1.72638E-6 1.32894E-6 7.88536E-7 1.35229E-6 1.4708E-6 2.59457E-6 1.93046E-6 6.89352E-6 1.9207E-5 1.24745E-5 4.68413E-4 1.70966E-3 1.13403E-3 1.12596E-3 1.41471E-2 2.95686E-2 3.38819E-2 2.69288E-2 5.23549E-2 -9999 -9999 -9999 -9999 -9999
-9999 -9999 -9999 -9999 -9999 -9999 -9999 -9999 -9999 -9999 7.07678E-4 5.17215E-4 4.50081E-4 5.71062E-4 1.60754E-4 3.00572E-4 7.1289E-5 2.32987E-4 1.51101E-3 5.02455E-4 1.64716E-5 1.17473E-5 8.08584E-5 2.9443E-5 1.04806E-4 1.40622E-6 5.64118E-6 2.13982E-6 1.33789E-7 5.7771E-8 1.02382E-7 5.09149E-8 5.63414E-8 3.61392E-8 2.77042E-8 2.93658E-8 5.29019E-8 1.00623E-7 1.01572E-7 1.18502E-7 2.43901E-7 1.09213E-6 9.22784E-7 1.72591E-6 3.96496E-7 1.7099E-6 1.00365E-6 1.07801E-6 3.14492E-6 3.82379E-6 4.06922E-5 4.00108E-4 6.09119E-3 6.51356E-3 2.76872E-3 1.93916E-3 1.27852E-2 4.64112E-2 7.38566E-2 6.07587E-2 6.61454E-2 -9999 -9999 -9999 -9999 -9999
-9999 -9999 -9999 -9999 -9999 -9999 -9999 -9999 -9999 -9999 -9999 6.02994E-4 3.93388E-4 1.88651E-4 2.23296E-4 4.15059E-4 7.36903E-5 4.21442E-5 1.3296E-5 2.15578E-5 1.845E-5 4.22602E-5 5.52384E-4 1.12454E-6 1.01749E-5 8.83917E-6 3.03277E-5 3.00466E-6 1.85522E-7 9.80931E-7 2.50759E-6 1.49384E-7 1.73727E-7 6.15386E-8 7.32704E-8 8.90916E-8 1.40294E-7 1.22766E-7 8.14566E-8 1.70047E-7 1.59626E-6 5.14994E-6 3.82613E-6 2.96364E-6 6.5876E-7 4.49594E-7 1.41949E-6 5.17646E-7 4.29825E-6 6.73439E-7 1.82255E-4 4.46286E-3 2.53693E-2 7.7314E-3 4.33262E-3 2.19449E-3 1.35406E-2 3.93096E-2 7.51187E-2 6.1763E-2 7.68418E-2 -9999 -9999 -9999 -9999 -9999
-9999 -9999 -9999 -9999 -9999 -9999 -9999 -9999 -9999 -9999 -9999 -9999 4.62019E-4 3.10852E-4 1.14821E-4 1.44297E-4 3.89904E-5 3.29987E-5 1.03694E-5 1.69454E-4 1.23404E-4 6.75592E-5 1.53079E-4 1.15706E-7 2.65345E-6 7.58735E-5 4.73653E-5 3.44625E-7 1.00656E-6 1.31632E-6 1.3571E-6 3.49478E-7 9.74622E-7 2.79965E-7 1.42262E-7 1.42025E-7 1.88052E-7 7.05021E-8 1.25612E-7 3.47356E-7 1.3388E-6 2.64476E-6 1.29203E-6 5.05978E-6 6.93644E-7 1.00726E-6 1.13434E-6 1.13318E-7 7.10258E-7 7.71211E-7 3.11612E-3 6.67381E-3 2.11653E-2 2.65168E-3 2.21712E-3 2.99587E-3 4.17726E-3 1.36663E-2 2.37748E-2 4.23214E-2 6.38467E-2 -9999 -9999 -9999 -9999 -9999
