Leopardus guttulus/Leopardus_guttulus.asc
ncols         515
nrows         545
xllcorner     -119.0
yllcorner     -58.333333333333
cellsize      0.166666666667
NODATA_value  -9999
[rows 145 to 173 of 545, columns 264 to 329 of 515]
1.34685E-6 1.45019E-7 2.48203E-7 4.03812E-6 1.3052E-3 3.2918E-4 1.12001E-6 8.36918E-7 2.71086E-5 4.01346E-2 1.05392E-1 9.06494E-2 5.38956E-2 5.54696E-3 8.82441E-4 3.10901E-4 1.11735E-3 9.43728E-3 3.55754E-3 4.38049E-3 3.66441E-3 3.81772E-3 4.31641E-3 1.21582E-2 7.87707E-3 8.28404E-4 2.62656E-4 1.62229E-4 1.48528E-4 3.1375E-7 1.20981E-6 3.50851E-7 2.77987E-7 2.28473E-7 2.12558E-7 1.84938E-7 1.48223E-7 2.29272E-7 9.23146E-8 1.08574E-7 8.68792E-8 5.79099E-8 4.98985E-8 6.33442E-8 6.66134E-8 5.31386E-8 7.79612E-8 1.23931E-7 1.3292E-7 1.00063E-7 1.89204E-7 2.32693E-7 1.78188E-7 1.91404E-7 2.55713E-7 6.01473E-7 3.33846E-7 4.84712E-7 3.27243E-7 5.10481E-7 3.49521E-5 4.36558E-5 4.77089E-5 3.57231E-5 4.99739E-5 5.33182E-5
2.59596E-6 1.34025E-7 5.6038E-7 1.48449E-5 2.36509E-2 2.7373E-4 1.6914E-6 6.68359E-7 7.04348E-6 5.49618E-3 1.14336E-1 7.99621E-2 5.42347E-2 1.93343E-2 1.42232E-3 2.22701E-3 2.71266E-2 1.08733E-2 1.44354E-3 1.36528E-2 9.88248E-3 1.94823E-2 2.56814E-2 8.72418E-3 7.94236E-4 1.1828E-4 1.29603E-4 1.70201E-4 3.0106E-5 3.1163E-7 2.52303E-7 6.20314E-7 8.7443E-7 4.55516E-7 2.67438E-7 2.85528E-7 2.033E-7 6.68315E-8 7.82862E-8 7.94014E-8 6.94084E-8 5.41032E-8 4.54909E-8 4.28468E-8 4.88316E-8 3.59752E-8 3.65918E-8 1.08238E-7 1.49017E-7 1.46299E-7 1.23927E-7 1.11596E-7 2.00615E-7 4.59118E-7 6.68212E-7 5.36146E-7 5.59089E-7 6.38061E-7 4.04568E-7 5.32638E-7 8.32217E-7 5.66153E-7 3.57387E-5 4.14263E-5 5.76144E-5 5.50713E-5
3.31133E-6 8.84297E-7 2.31669E-5 7.86022E-5 2.05294E-3 7.49595E-5 4.20409E-7 1.7599E-6 7.30602E-6 1.40817E-4 5.50605E-2 2.59671E-2 2.60476E-2 3.9211E-2 2.33565E-3 1.09704E-2 3.77149E-2 8.42574E-3 3.22032E-3 3.95139E-2 4.31935E-2 1.67454E-2 2.68002E-3 3.51804E-4 1.0759E-4 1.17815E-4 5.68262E-5 1.28789E-6 9.05171E-7 2.07454E-7 2.21402E-7 2.8446E-7 4.18971E-7 1.37545E-7 1.53675E-7 1.4336E-7 1.25892E-7 5.2682E-8 5.3802E-8 1.26891E-7 1.11253E-7 3.66702E-8 2.97537E-8 2.52983E-8 3.00938E-8 3.00727E-8 6.48796E-8 6.28545E-8 9.46183E-8 1.5667E-7 4.2238E-8 1.29027E-7 1.38139E-7 3.53233E-7 2.81842E-7 2.60756E-7 2.46451E-7 3.80439E-7 4.62504E-7 2.32827E-7 4.88712E-7 4.03634E-7 4.78901E-7 5.047E-5 5.97428E-5 7.88081E-5
1.71916E-6 8.08769E-7 1.43976E-5 4.57707E-4 3.10774E-4 1.40165E-5 9.35729E-7 4.49503E-6 6.83453E-6 3.06881E-5 3.45903E-2 1.23745E-2 3.97375E-3 3.8559E-2 2.3571E-2 5.88799E-2 5.29855E-2 4.44236E-2 3.11618E-2 1.33748E-2 8.3532E-3 3.3156E-3 3.14204E-4 3.77834E-4 1.98839E-6 1.85668E-6 9.8831E-7 8.79402E-7 5.97835E-7 4.57904E-7 3.89814E-7 1.87093E-7 9.41311E-8 8.50985E-8 1.67625E-7 1.44121E-7 1.07395E-7 3.81424E-8 4.44454E-8 7.08947E-8 3.1027E-8 1.3239E-8 6.88545E-9 8.39649E-9 2.24678E-8 2.4413E-8 1.44252E-8 3.00088E-8 2.74889E-8 4.04808E-8 4.89359E-8 1.23523E-7 1.55336E-7 1.44669E-7 1.36245E-7 1.06312E-7 3.22234E-7 3.43943E-7 6.00859E-7 4.67179E-7 7.09536E-7 6.22877E-7 5.54586E-7 5.58555E-7 6.97635E-7 7.88746E-5
1.28422E-6 7.75366E-7 5.54454E-5 4.5358E-4 3.83275E-4 9.03761E-6 7.9357E-7 5.89216E-6 8.32444E-6 3.37828E-5 3.56982E-3 2.61928E-2 3.11027E-3 1.95449E-2 2.44152E-2 1.53896E-2 5.4745E-2 1.59221E-2 7.03251E-3 2.83026E-3 2.81808E-3 8.68066E-4 3.54217E-4 4.00262E-6 1.58943E-6 1.53008E-6 6.79732E-7 4.39576E-7 9.14578E-7 2.93335E-7 1.37059E-7 8.52376E-8 7.94671E-8 1.66397E-7 1.35269E-7 1.59198E-7 5.04379E-8 4.58952E-8 1.30725E-7 1.2743E-7 3.95228E-8 2.46825E-8 2.91102E-8 2.09164E-8 7.64294E-9 8.21962E-9 1.47736E-8 1.52559E-8 1.62973E-8 4.50466E-8 6.2009E-8 1.08414E-7 1.08011E-7 9.2264E-8 1.23644E-7 1.9211E-7 4.03767E-7 7.22501E-7 4.51066E-7 4.97947E-7 3.08284E-7 3.51148E-7 3.41055E-7 1.31951E-6 7.57601E-5 1.54951E-4
3.19782E-6 4.07007E-6 2.99594E-5 1.32007E-4 6.15279E-4 2.24409E-5 9.86754E-7 1.75293E-6 3.22983E-5 2.79662E-5 2.18087E-3 1.60541E-2 6.93553E-4 2.1126E-3 5.91462E-3 6.40203E-3 1.0185E-2 2.61248E-2 6.50039E-3 2.33543E-3 2.94542E-3 3.01644E-4 5.6431E-6 2.84424E-6 1.16123E-6 7.65442E-7 1.00483E-6 3.50251E-7 3.30448E-7 2.2354E-7 1.19277E-7 1.53391E-7 1.68154E-7 1.84722E-7 3.52203E-7 1.5123E-7 1.16875E-7 1.53137E-7 1.696E-7 5.97452E-8 5.27027E-8 2.59819E-8 5.94074E-9 5.7046E-9 1.23682E-8 1.47062E-8 1.31383E-8 2.17747E-8 1.8941E-8 1.85366E-8 8.66665E-8 3.7138E-8 2.97652E-8 4.68539E-8 7.08114E-8 1.89362E-7 8.31597E-7 6.01389E-7 4.55353E-7 4.95324E-7 4.86136E-7 4.31682E-7 4.6481E-7 4.09196E-7 5.1963E-4 4.23167E-4
2.1681E-5 1.01972E-5 2.4856E-5 5.76469E-5 7.65865E-5 2.58639E-6 1.14663E-6 2.38546E-6 1.47848E-5 4.32277E-5 5.45743E-4 2.30957E-2 4.68846E-4 1.13873E-3 5.26712E-3 2.04491E-2 1.39038E-2 2.52753E-2 8.49878E-5 2.17288E-3 2.7648E-3 5.00122E-6 6.03968E-6 2.97144E-6 1.89358E-6 1.24978E-6 6.43044E-7 3.48129E-7 2.0677E-7 2.06083E-7 3.79199E-7 2.28268E-7 1.46002E-7 2.20703E-7 3.23852E-7 1.67047E-7 1.44919E-7 2.85355E-8 1.97384E-8 1.29116E-8 7.8625E-9 5.29969E-9 4.412E-9 5.10674E-9 8.44375E-9 6.41249E-9 1.20047E-8 1.91163E-8 4.4005E-8 4.01844E-8 3.12115E-8 1.73683E-8 2.23278E-8 1.0073E-7 8.85989E-8 7.39496E-8 2.71755E-7 1.33797E-5 1.77505E-6 3.97143E-7 3.72331E-7 3.91557E-4 2.5879E-4 5.90304E-4 8.4166E-4 5.32598E-4
2.76838E-4 8.59553E-5 4.41822E-5 2.63737E-5 1.93002E-6 1.41691E-6 1.62914E-6 5.40154E-6 4.16926E-6 5.02179E-5 9.4906E-4 4.38573E-3 4.79251E-4 5.42782E-5 2.95691E-3 9.71837E-3 6.38366E-2 3.93792E-4 1.20819E-4 2.25113E-5 2.31036E-5 6.52365E-6 4.8383E-6 2.96142E-6 4.37535E-6 7.04447E-7 3.08505E-7 5.2119E-7 4.73802E-7 9.8923E-7 7.68939E-7 6.6727E-7 3.52127E-7 2.94593E-7 5.40668E-7 8.66218E-8 3.82441E-8 2.04416E-8 9.35704E-9 8.64631E-9 5.88414E-9 5.73201E-9 5.20403E-9 4.96834E-9 5.881E-9 7.64565E-9 5.67207E-9 5.35724E-8 2.67835E-8 2.79919E-8 2.18061E-8 8.85058E-8 2.53326E-7 2.81064E-7 4.93526E-7 2.75211E-7 7.35564E-7 1.64198E-6 1.35595E-6 5.78177E-7 9.48269E-7 5.32757E-4 7.5712E-4 5.7925E-4 1.87366E-3 1.6729E-3
6.35138E-4 2.43457E-4 5.33426E-5 1.75239E-5 2.51207E-6 3.29681E-6 2.58582E-6 3.99586E-6 5.39088E-6 4.28528E-4 4.53779E-3 6.67786E-3 6.35372E-3 7.31452E-5 3.43108E-5 1.08887E-2 5.56973E-2 3.75408E-4 9.23309E-5 1.23822E-5 6.29281E-6 1.88517E-6 4.18759E-6 4.72596E-6 4.37169E-6 8.46453E-7 5.40765E-7 4.22631E-7 5.09595E-7 4.34094E-7 3.59916E-7 2.14363E-7 1.86716E-7 9.01878E-8 6.75161E-8 3.43149E-8 3.73336E-8 1.3202E-8 9.83856E-9 8.40204E-9 8.51273E-9 7.77307E-9 6.84875E-9 6.26698E-9 5.6607E-9 6.11025E-9 1.29115E-8 3.42702E-8 3.59687E-8 4.97801E-8 2.65086E-8 1.20847E-6 1.87053E-6 1.56328E-7 1.79754E-7 2.46591E-7 6.21491E-7 1.40116E-6 1.16363E-6 9.12062E-7 1.4673E-6 7.26149E-4 6.68229E-4 1.76846E-3 1.75401E-3 1.59932E-3
1.10467E-3 2.78492E-4 3.52498E-5 5.24655E-6 3.63306E-6 2.7268E-6 5.68851E-6 3.59995E-6 2.10784E-5 4.60598E-3 2.05672E-3 4.95717E-3 8.86758E-3 5.50311E-3 5.01649E-5 1.2662E-5 1.01527E-4 3.74557E-4 2.25382E-4 1.05229E-5 5.93947E-6 8.25351E-7 1.30336E-6 1.57218E-6 1.80264E-6 3.97916E-7 7.70576E-7 1.94867E-7 2.2854E-7 1.99688E-7 1.40772E-7 1.20092E-7 9.19684E-8 4.24916E-8 3.68814E-8 3.17069E-8 3.76423E-8 1.78882E-8 2.04338E-8 1.26182E-8 3.34965E-8 1.07475E-8 8.05074E-9 6.82619E-9 7.47837E-9 6.75644E-9 8.32801E-9 3.80669E-8 6.26787E-8 3.04104E-8 9.92805E-8 1.69813E-6 2.94399E-5 5.46668E-7 5.16024E-7 7.22471E-7 1.11659E-6 2.40031E-5 3.25482E-6 8.9346E-7 4.80388E-4 6.05663E-4 5.52307E-4 1.5164E-3 1.72355E-3 1.7175E-3
6.27701E-4 3.19023E-4 5.08193E-5 7.05954E-6 4.36616E-6 4.46812E-6 1.17577E-5 8.83983E-6 3.76991E-4 2.00185E-3 2.49309E-3 9.41753E-3 9.38147E-3 4.55669E-3 1.75978E-3 1.00756E-5 8.56767E-6 2.67549E-5 4.04658E-4 1.82229E-5 3.77115E-6 1.10366E-6 1.20498E-6 1.55341E-6 1.02641E-6 5.16655E-7 2.41427E-7 3.18426E-7 1.65362E-7 1.3976E-7 1.50559E-7 1.23586E-7 1.12719E-7 5.57298E-8 6.34293E-8 3.4595E-8 3.18753E-8 1.459E-8 1.2563E-8 1.33556E-8 1.38995E-8 1.61338E-8 1.52545E-8 1.16988E-8 1.03831E-8 1.04047E-8 1.59923E-8 3.98261E-8 4.60161E-8 9.44838E-8 1.80854E-7 1.34489E-6 7.29451E-6 1.17252E-6 3.15125E-7 7.49047E-7 6.40107E-6 1.54962E-2 3.26712E-3 3.27529E-4 4.28745E-4 5.043E-4 3.58802E-4 1.2134E-3 1.47452E-3 1.56403E-3
9.52606E-4 3.1349E-4 4.3662E-5 8.84637E-6 4.57389E-6 9.45209E-6 1.24877E-5 1.82477E-4 9.8017E-4 4.40973E-3 4.16687E-3 5.87251E-3 3.61874E-3 8.36646E-3 8.77963E-3 8.77999E-5 8.87104E-7 6.07339E-5 7.85207E-5 4.60936E-6 2.76787E-6 3.55763E-6 3.73211E-6 1.82474E-6 5.47008E-7 2.40519E-7 1.94284E-7 1.78791E-7 2.15526E-7 2.0227E-7 1.51943E-7 1.6184E-7 1.079E-7 9.29146E-8 6.02833E-8 5.36944E-8 1.85653E-8 1.67573E-8 1.46042E-8 1.9892E-8 1.98545E-8 2.33029E-8 1.72486E-8 1.59688E-8 1.73695E-8 1.83629E-8 2.98749E-8 2.22317E-8 3.32559E-7 7.8608E-7 2.27757E-7 7.20987E-7 7.76577E-7 4.42456E-7 3.73826E-7 3.04371E-7 1.63314E-6 1.00712E-5 1.34172E-2 7.8864E-4 3.96059E-4 4.1957E-4 1.18195E-3 1.11153E-3 1.32913E-3 1.37251E-3
1.13554E-3 1.63162E-4 2.88707E-5 6.25559E-6 8.8208E-6 9.8715E-6 8.01338E-5 4.14077E-4 6.01761E-3 9.15427E-3 4.31857E-3 9.02276E-3 6.30822E-4 1.21814E-3 4.38491E-3 8.65312E-6 1.07956E-5 5.31904E-4 3.05077E-5 4.33818E-6 2.34428E-6 2.64889E-6 2.6918E-6 1.21797E-6 4.22469E-7 2.22419E-7 1.80719E-7 1.54309E-7 2.35526E-7 2.92999E-7 2.03247E-7 1.48111E-7 1.18497E-7 1.40589E-7 1.17794E-7 1.15488E-7 3.16843E-8 2.58576E-8 2.49402E-8 2.66816E-8 3.18708E-8 2.96487E-8 3.13181E-8 2.46443E-8 3.44587E-8 3.23734E-8 2.42119E-8 6.26622E-8 5.35783E-7 9.4191E-7 8.3722E-7 7.4621E-7 1.11008E-6 1.07014E-6 8.25213E-7 9.96927E-7 9.56178E-7 2.10115E-6 3.69048E-2 1.38601E-2 4.61781E-4 3.95066E-4 1.16756E-3 9.97183E-4 1.18195E-3 1.20887E-3
9.51865E-4 6.76914E-5 2.25757E-5 2.26597E-5 2.67283E-5 1.18478E-4 1.68823E-3 2.37968E-3 3.93849E-3 4.82031E-3 2.9406E-3 5.88811E-3 8.53832E-5 8.44523E-4 3.61124E-4 7.97421E-6 2.98632E-4 1.3164E-4 2.22145E-5 1.21907E-6 6.01811E-7 3.01815E-6 2.01453E-6 8.96203E-7 3.14722E-7 2.34346E-7 1.89856E-7 2.07512E-7 1.39541E-7 1.09513E-7 2.02756E-7 3.18243E-7 3.09009E-7 4.12615E-7 1.38917E-7 7.30985E-8 6.71291E-8 5.54821E-8 5.61525E-8 2.40899E-8 2.24526E-8 1.96119E-8 2.31657E-8 2.09609E-8 2.91707E-8 2.8998E-8 8.22762E-8 1.84859E-7 4.718E-7 5.74687E-7 4.53237E-6 1.71252E-6 9.84286E-7 8.52586E-7 9.99067E-7 3.79999E-6 3.75993E-6 2.39737E-2 4.17456E-2 5.34948E-3 8.82042E-4 1.22755E-3 8.79702E-4 1.05796E-3 1.06842E-3 1.12901E-3
6.04892E-4 2.00583E-5 2.31632E-5 1.95939E-5 1.14729E-4 5.58201E-4 2.58624E-3 2.1607E-3 2.61738E-3 7.85716E-3 5.65697E-3 1.3126E-4 1.46716E-3 1.06077E-4 1.3788E-6 1.172E-4 1.10934E-4 3.76689E-5 2.59958E-6 6.74822E-7 4.21188E-7 1.35984E-6 1.85067E-6 7.00818E-7 2.42832E-7 4.63957E-7 2.98349E-7 1.75901E-7 6.29093E-8 9.66984E-8 2.13252E-7 2.29047E-7 1.71871E-7 1.46338E-7 4.03992E-8 6.36216E-8 6.4269E-8 3.3625E-8 2.56981E-8 2.38961E-8 2.04368E-8 2.09127E-8 2.26706E-8 3.11316E-8 5.05038E-8 4.73061E-8 1.09681E-7 2.79424E-7 5.44373E-7 1.23706E-6 4.05929E-6 7.48908E-6 1.75117E-6 2.92139E-5 3.71866E-5 2.71943E-6 2.37231E-6 3.56363E-2 3.54181E-2 1.43289E-2 1.83641E-3 9.27705E-4 7.80972E-4 9.16664E-4 1.06229E-3 1.01798E-3
4.28931E-4 3.30046E-5 2.29268E-5 5.39497E-5 6.28808E-4 5.35356E-4 6.89815E-3 3.16737E-3 7.11382E-3 6.89246E-4 9.36514E-4 2.96398E-3 2.71642E-3 5.13118E-6 9.87382E-5 9.57199E-5 4.63833E-5 5.31108E-6 1.45363E-6 6.22067E-7 3.32897E-7 3.07379E-7 4.82953E-7 3.70463E-7 3.25359E-7 4.83466E-7 3.51585E-7 7.23889E-8 5.51679E-8 1.58408E-7 1.07022E-7 9.6732E-8 7.22362E-8 7.33788E-8 6.04198E-8 6.45554E-8 3.0934E-8 1.69821E-8 1.79727E-8 1.62025E-8 1.1818E-8 1.56882E-8 1.86188E-8 2.3869E-8 4.3482E-8 1.90277E-7 4.33474E-7 9.23918E-7 1.58086E-6 3.29993E-6 6.13835E-6 2.56761E-6 4.62389E-6 4.11479E-5 1.24292E-5 1.42024E-7 1.86404E-6 4.03863E-2 3.85913E-2 2.09114E-2 1.58527E-3 9.321E-4 1.00346E-3 8.21567E-4 9.52563E-4 1.02191E-3
7.43903E-4 2.66324E-5 3.04406E-5 5.5698E-4 3.03158E-3 1.26134E-3 7.68731E-3 9.68089E-3 1.04466E-2 2.30442E-4 3.20326E-4 1.20949E-4 4.36623E-5 1.51695E-6 2.68544E-4 1.45332E-4 4.66757E-6 2.41815E-6 1.04488E-6 7.32411E-7 6.94663E-7 3.10293E-7 1.43874E-7 1.81458E-7 4.34532E-7 1.24376E-7 1.01914E-7 1.50038E-7 1.7383E-7 1.53341E-7 6.65458E-8 3.95626E-8 4.28858E-8 3.953E-8 2.81131E-8 2.53185E-8 2.71323E-8 2.59006E-8 1.47679E-8 1.52612E-8 1.21047E-8 1.41945E-8 2.38468E-8 2.79313E-8 1.00867E-7 4.20715E-7 2.13582E-7 7.54077E-7 2.57689E-6 6.01297E-7 1.07618E-6 2.48691E-6 4.4309E-7 2.13681E-7 1.1549E-7 1.22395E-6 7.07414E-6 1.25004E-2 4.38693E-2 8.56387E-3 1.9872E-3 9.72345E-4 1.00037E-3 1.11067E-3 9.7604E-4 2.31323E-3
7.35309E-4 2.52815E-5 1.99841E-4 7.22317E-3 7.69938E-3 8.20987E-3 2.72068E-3 3.90981E-3 2.59225E-4 4.08974E-4 8.54607E-5 2.32517E-5 4.81258E-6 1.21178E-5 5.45716E-5 3.36395E-6 7.79076E-7 1.13795E-6 5.57072E-7 9.84288E-7 1.08766E-6 2.6694E-7 1.47175E-7 1.8898E-7 7.57752E-8 6.78158E-8 2.48951E-7 4.27345E-8 4.54374E-8 3.45667E-8 3.90256E-8 2.85024E-8 3.02104E-8 2.61834E-8 2.42664E-8 2.55601E-8 3.02263E-8 3.66086E-8 3.07622E-8 2.14863E-8 2.03251E-8 1.76614E-8 2.34489E-8 3.86019E-8 1.06317E-7 1.98969E-7 6.18427E-7 4.89582E-7 9.4943E-7 1.90234E-6 1.70547E-6 1.12965E-6 2.04533E-7 1.5606E-7 1.39765E-7 4.93918E-7 3.53305E-7 5.57387E-2 4.22999E-2 2.18038E-2 1.87337E-3 2.15557E-3 1.01075E-3 1.1263E-3 9.36176E-4 1.67105E-3
6.17155E-4 3.38684E-5 3.93695E-4 3.00214E-3 8.98228E-3 2.51478E-3 3.21772E-4 1.09999E-3 2.18993E-4 3.2388E-4 4.77927E-5 1.80121E-4 9.01778E-5 2.90781E-5 1.44499E-6 3.5464E-7 7.12788E-7 6.38109E-7 4.00218E-7 2.27479E-7 2.76219E-7 3.72327E-7 3.7087E-7 2.72047E-7 1.32045E-7 1.9263E-7 5.31347E-8 3.40957E-8 2.60494E-8 1.25894E-8 1.74728E-8 1.96919E-8 2.11413E-8 3.36824E-8 3.4699E-8 4.58619E-8 3.32611E-8 2.28432E-8 2.61271E-8 1.70416E-8 1.87174E-8 2.47355E-8 2.78344E-8 4.8772E-8 9.95962E-8 2.79482E-7 2.37364E-7 4.22582E-7 5.87671E-6 2.69311E-6 3.1783E-7 2.65793E-7 2.28748E-7 1.46069E-7 1.13349E-7 1.51684E-7 2.65938E-7 6.78418E-7 4.46778E-2 3.14147E-2 1.84693E-3 2.12617E-3 5.87853E-4 1.04545E-3 1.35355E-3 1.04636E-3
1.95133E-4 7.82515E-5 1.412E-3 2.38966E-3 9.24869E-3 8.01901E-4 1.86365E-3 6.47531E-4 3.94844E-4 3.571E-4 1.50859E-4 7.18268E-5 9.11165E-5 1.05013E-6 3.41683E-7 3.54003E-7 8.72351E-7 7.70537E-7 2.39512E-7 1.69646E-7 2.23473E-7 2.32464E-7 3.76485E-7 3.626E-7 2.80325E-7 5.08537E-8 6.22322E-8 4.55022E-8 2.78434E-8 1.59557E-8 2.55724E-8 2.90378E-8 3.26497E-8 4.42626E-8 3.94256E-8 3.4061E-8 2.94741E-8 2.77442E-8 3.49877E-8 4.3163E-8 4.12986E-8 2.73685E-8 2.93167E-8 6.33853E-8 4.14926E-8 2.62116E-6 2.20301E-6 4.50836E-6 2.43318E-6 3.53627E-6 4.0724E-7 3.78395E-7 1.75578E-7 1.39241E-7 2.28657E-7 2.44006E-7 1.62115E-7 2.69171E-7 1.35331E-2 1.05174E-2 1.88849E-3 2.09871E-3 2.08352E-3 2.07142E-3 1.37023E-3 1.21706E-3
1.28083E-4 6.46639E-5 2.72757E-3 1.21069E-2 3.12912E-3 1.08292E-3 1.16682E-3 1.7245E-4 1.31284E-4 1.85878E-4 1.00664E-4 5.04474E-6 2.21059E-6 7.26988E-7 5.05476E-7 2.56768E-7 6.9588E-7 3.65738E-7 2.835E-7 4.0474E-7 3.63838E-7 2.92897E-7 3.61648E-7 5.11251E-7 1.19237E-7 7.70228E-8 5.56991E-8 3.87712E-8 1.94554E-8 3.26936E-8 3.85104E-8 5.30206E-8 3.31054E-8 2.69321E-8 2.3539E-8 2.75507E-8 3.52992E-8 4.76192E-8 4.29516E-8 6.59039E-8 6.06518E-8 5.80739E-8 6.67457E-8 7.23362E-8 5.21816E-8 7.5562E-7 7.46604E-7 1.63928E-5 1.7406E-5 2.69466E-5 8.52931E-7 3.86231E-7 2.7413E-7 1.96428E-7 2.32039E-7 2.79214E-7 3.0733E-7 6.73501E-7 1.78861E-6 4.82526E-3 5.09189E-3 1.94854E-3 1.15452E-2 2.3492E-2 1.37083E-3 2.38561E-3
7.75884E-5 2.55404E-4 2.77681E-3 4.16855E-3 4.91389E-3 2.58864E-3 3.89247E-4 4.26921E-5 4.47964E-4 3.79571E-4 3.50716E-6 9.05613E-7 7.80337E-7 4.86446E-7 2.43804E-7 2.44589E-7 3.29478E-7 3.08775E-7 2.42566E-7 3.4715E-7 5.24508E-7 5.90138E-7 6.88976E-7 1.3622E-7 4.15737E-8 1.8157E-8 5.1683E-8 2.93495E-8 1.45959E-8 3.66118E-8 3.86756E-8 3.36815E-8 3.0689E-8 3.12279E-8 4.21594E-8 2.51505E-8 4.42993E-8 4.32277E-8 7.02775E-8 9.56967E-8 9.12903E-8 9.4361E-8 1.08023E-7 1.19046E-7 9.12654E-8 7.3043E-8 1.08144E-7 4.5746E-6 2.52619E-5 2.88456E-5 8.87766E-7 4.35798E-7 1.46269E-7 1.56711E-7 1.20956E-7 2.48697E-7 4.15866E-7 7.07098E-7 1.61944E-6 2.11508E-3 3.44691E-3 2.207E-3 4.14358E-2 4.10932E-2 6.11556E-3 1.44221E-3
3.42901E-5 1.04186E-4 3.27901E-4 1.13175E-2 2.81045E-3 1.01548E-3 6.03504E-4 2.82879E-5 4.9311E-5 2.86839E-4 2.08565E-6 9.47532E-7 5.47501E-7 1.02336E-6 4.02321E-7 4.61879E-7 2.47025E-7 3.82666E-7 6.65137E-7 5.91291E-7 4.49761E-7 2.2848E-7 2.44312E-7 9.35276E-8 1.45814E-7 3.67084E-8 7.29319E-8 3.98502E-8 2.30247E-8 5.99146E-8 2.9405E-8 1.17305E-7 6.5154E-8 6.82993E-8 1.09978E-7 1.3539E-7 5.46965E-8 7.58401E-8 1.46544E-7 1.95458E-7 1.9242E-7 1.08646E-7 1.34326E-7 1.45717E-7 1.63289E-7 9.76868E-8 1.62772E-7 1.48268E-6 2.70846E-5 4.3107E-6 1.77442E-7 1.89376E-7 1.89326E-7 1.16494E-7 1.32301E-7 1.74191E-6 3.89655E-6 7.8932E-6 2.98469E-3 1.60417E-3 1.80772E-3 6.01936E-3 1.08557E-2 2.85951E-2 3.29794E-2 4.00968E-3
7.39831E-5 5.12519E-5 2.82227E-4 7.87762E-3 6.54596E-4 3.1772E-4 3.96554E-3 2.12922E-4 1.38808E-4 3.06958E-5 1.70657E-6 6.319E-7 1.03726E-6 1.24611E-6 4.75527E-7 5.44521E-7 3.93791E-7 6.34115E-7 4.69613E-7 1.3435E-7 8.1635E-8 1.50029E-7 1.89239E-7 1.212E-7 1.25196E-7 9.57078E-8 1.34113E-7 1.08656E-7 5.48055E-8 2.08662E-8 1.40077E-7 1.45991E-7 2.08481E-7 2.09624E-7 1.76156E-7 1.73352E-7 1.90803E-7 2.09097E-7 2.30739E-7 2.27272E-7 2.06066E-7 2.05576E-7 1.46667E-7 1.53908E-7 2.00738E-7 5.59862E-7 8.92125E-7 1.35918E-6 5.95308E-7 1.6631E-7 2.3219E-7 2.50271E-7 1.78617E-7 1.53697E-7 1.67649E-7 7.41714E-6 8.0171E-5 7.95088E-5 3.26542E-2 1.58041E-2 4.50406E-3 5.93789E-3 1.4619E-2 1.18864E-2 1.42647E-2 1.57473E-5
1.3543E-5 7.34286E-5 3.39001E-4 6.03979E-3 2.91288E-4 8.5251E-5 1.6052E-3 6.09083E-4 7.57146E-5 3.60244E-6 2.20289E-6 1.16759E-6 1.08821E-6 9.1416E-7 4.4429E-7 2.4489E-7 2.4452E-7 2.6158E-7 1.93966E-7 1.81943E-7 1.9511E-7 2.81131E-7 1.74453E-7 2.05335E-7 2.45511E-7 1.17233E-7 2.91039E-7 1.13769E-7 1.50133E-7 2.37571E-7 9.19174E-7 5.0519E-7 4.87067E-7 4.56293E-7 4.2029E-7 3.82351E-7 4.05088E-7 1.99472E-7 2.35738E-7 2.43822E-7 2.39394E-7 2.45323E-7 2.8717E-7 3.04317E-7 1.55834E-7 1.79244E-7 6.29775E-7 4.15101E-7 3.19946E-7 3.20159E-7 1.37758E-7 3.58041E-7 2.35904E-7 2.47735E-7 8.34332E-7 3.0128E-6 1.54885E-5 4.06688E-5 3.52582E-2 3.01972E-2 4.40543E-2 5.12161E-2 1.7715E-2 5.9296E-3 6.12025E-3 2.69115E-5
1.36619E-5 3.21702E-5 6.01335E-3 1.49621E-3 3.95688E-5 7.40225E-6 1.03885E-4 9.17494E-5 2.2528E-5 9.24752E-6 3.16904E-6 1.53786E-6 1.07317E-6 3.74706E-7 2.78299E-7 2.21927E-7 2.99043E-7 3.39742E-7 1.75152E-7 2.78674E-7 4.09854E-7 3.94527E-7 2.83169E-7 2.38833E-7 2.07262E-7 3.99345E-7 3.36692E-7 3.65085E-7 3.73734E-7 9.71718E-7 1.07961E-6 1.1943E-6 5.3688E-7 5.18278E-7 5.25931E-7 5.04173E-7 3.33208E-7 3.11598E-7 2.955E-7 3.30982E-7 3.2163E-7 3.29822E-7 3.68125E-7 3.99498E-7 2.48988E-7 2.40788E-7 4.68429E-7 3.37871E-7 2.49918E-7 3.11146E-7 2.43309E-7 2.12982E-7 2.86022E-7 1.00158E-6 2.07924E-6 3.09186E-6 7.43066E-6 3.13674E-5 1.30527E-4 5.49516E-2 5.59461E-2 4.61205E-2 1.54155E-2 2.512E-5 2.47263E-5 5.62525E-5
1.68693E-5 1.48658E-4 5.00479E-3 3.65787E-4 2.68816E-5 2.76731E-5 2.25375E-3 2.98925E-5 1.34108E-5 9.21595E-6 4.22979E-6 2.72697E-6 6.90605E-7 6.16153E-7 3.24832E-7 2.69872E-7 2.99168E-7 3.07405E-7 2.572E-7 3.22457E-7 3.43247E-7 3.55471E-7 3.92635E-7 7.24969E-7 7.02524E-7 7.17013E-7 4.46212E-7 1.18553E-6 1.3297E-6 1.21884E-6 1.27905E-6 1.17931E-6 5.99991E-7 5.82173E-7 6.46518E-7 6.65853E-7 7.82982E-7 4.394E-7 4.92074E-7 5.33616E-7 4.5512E-7 5.40183E-7 5.29572E-7 5.3901E-7 3.3646E-7 3.81994E-7 6.67198E-7 2.94941E-7 6.74664E-7 3.41362E-7 4.22091E-7 3.99107E-7 1.06742E-6 1.75546E-6 1.8617E-6 1.03517E-5 8.59678E-6 5.76525E-5 1.3258E-4 7.79395E-5 2.0585E-4 3.39073E-2 3.75462E-2 5.53319E-5 5.429E-5 6.37937E-5
8.4348E-6 2.01909E-3 9.77613E-4 2.9076E-5 4.14884E-5 2.10744E-4 8.09121E-4 6.23815E-5 1.62497E-5 4.4983E-6 4.10244E-6 2.61313E-6 7.88669E-7 9.38656E-7 1.13631E-6 5.88117E-7 6.60785E-7 3.24854E-7 4.48908E-7 3.21264E-7 2.82594E-7 3.26594E-7 4.26106E-7 8.19897E-7 2.24723E-6 1.6819E-6 1.45595E-6 1.42505E-6 1.43847E-6 1.42595E-6 1.41237E-6 1.42313E-6 7.28324E-7 8.07518E-7 8.92141E-7 8.25854E-7 9.06582E-7 1.04637E-6 6.21489E-7 4.91842E-7 4.80384E-7 6.29675E-7 6.36729E-7 5.68306E-7 4.36663E-7 4.1104E-7 9.30452E-7 8.18535E-7 8.03174E-7 9.59908E-7 9.84787E-7 9.72317E-7 1.68314E-6 6.041E-6 3.72549E-6 1.26383E-5 6.90656E-5 4.96583E-4 3.36247E-5 4.61833E-5 1.56502E-4 1.35314E-4 2.28991E-4 2.12743E-4 5.44519E-5 3.23803E-5
3.45737E-4 1.35665E-2 1.54203E-4 3.80371E-4 1.00159E-4 2.35032E-3 2.13909E-4 2.78632E-5 1.07249E-5 4.48729E-6 3.7315E-6 2.37033E-6 1.28962E-6 1.06556E-6 9.09948E-7 3.36343E-7 2.93702E-7 7.11751E-7 6.01401E-7 4.69131E-7 5.4756E-7 6.61108E-7 8.24715E-7 2.48112E-6 2.35143E-6 1.94945E-6 1.9197E-6 1.83932E-6 1.63359E-6 1.42241E-6 1.0022E-6 9.62376E-7 9.10265E-7 1.78545E-6 1.85885E-6 1.89704E-6 1.6783E-6 1.69815E-6 1.91514E-6 1.09474E-6 1.15232E-6 1.69334E-6 7.21196E-7 7.96595E-7 2.03083E-6 2.22881E-6 1.12051E-6 1.1667E-6 2.31871E-6 3.14007E-6 2.51023E-6 2.47132E-6 4.50405E-6 2.65652E-6 3.01185E-6 8.99009E-5 3.45809E-4 3.91319E-4 1.8611E-5 1.86383E-5 1.37206E-4 1.76269E-4 1.5333E-4 1.55132E-4 4.29609E-5 6.6407E-5
