Leopardus guttulus/Leopardus_guttulus_projection 2041-2060.asc
ncols         515
nrows         545
xllcorner     -119.0
yllcorner     -58.333333333333
cellsize      0.166666666667
NODATA_value  -9999
[rows 406 to 434 of 545, columns 264 to 329 of 515]
-9999 -9999 -9999 -9999 -9999 -9999 -9999 -9999 -9999 -9999 -9999 -9999 -9999 -9999 -9999 -9999 1.28854E-3 7.87835E-4 2.71917E-4 6.95955E-5 2.24867E-5 8.91499E-6 7.77025E-6 1.93684E-5 1.96152E-5 6.4178E-6 1.59145E-6 1.07827E-6 8.63874E-7 8.56815E-7 7.99344E-7 7.42533E-7 2.16215E-7 3.61574E-7 2.02499E-7 1.30704E-7 1.62796E-7 1.73646E-7 2.07209E-7 1.47109E-7 2.47276E-8 5.62046E-9 4.0314E-9 4.17791E-9 3.89002E-9 3.31926E-9 2.12483E-9 1.88259E-9 1.85413E-9 2.77581E-9 4.13518E-9 6.17663E-9 8.96036E-9 1.30171E-8 1.93869E-8 4.67913E-8 8.53202E-8 1.85849E-7 3.4339E-7 9.13507E-7 2.45894E-6 6.55077E-6 1.19031E-5 2.89506E-5 7.33519E-5 1.43423E-4
-9999 -9999 -9999 -9999 -9999 -9999 -9999 -9999 -9999 -9999 -9999 -9999 -9999 -9999 -9999 2.11918E-3 1.084E-3 6.36046E-4 1.41693E-4 3.41428E-5 2.03797E-5 1.27951E-5 1.34711E-5 3.09744E-5 1.30708E-5 4.15291E-6 1.58913E-6 8.93868E-7 1.17053E-6 6.17052E-7 8.45738E-7 6.26412E-7 2.50367E-7 4.13707E-7 1.63588E-7 2.22089E-7 2.32726E-7 3.22843E-7 5.93678E-7 5.40043E-7 6.50393E-8 1.16234E-8 4.65059E-9 3.19718E-9 3.11144E-9 2.67116E-9 2.16032E-9 1.8186E-9 2.05728E-9 2.30513E-9 3.79103E-9 6.36135E-9 8.68386E-9 1.3136E-8 2.98485E-8 5.43262E-8 1.34843E-7 2.69536E-7 5.07546E-7 1.11179E-6 2.66691E-6 6.08513E-6 1.37495E-5 3.37394E-5 7.58312E-5 1.57894E-4
-9999 -9999 -9999 -9999 -9999 -9999 -9999 -9999 -9999 -9999 -9999 -9999 -9999 -9999 -9999 1.93707E-3 9.79662E-4 3.41868E-4 1.39211E-4 4.2281E-5 3.86614E-5 2.47193E-5 2.98388E-5 3.10982E-5 7.13163E-6 1.89893E-6 1.39525E-6 9.70704E-7 1.12557E-6 7.62776E-7 9.7013E-7 4.5092E-7 2.76939E-7 1.65557E-7 2.99735E-7 9.4612E-7 1.98251E-7 4.97616E-7 1.83172E-6 3.94379E-6 4.64152E-7 3.01079E-8 5.71438E-9 2.88706E-9 2.66762E-9 3.12965E-9 2.26661E-9 1.96801E-9 2.03681E-9 2.5079E-9 4.66084E-9 7.00201E-9 1.16985E-8 1.85095E-8 3.48194E-8 6.79271E-8 1.34978E-7 2.40577E-7 5.55725E-7 1.23585E-6 3.34145E-6 7.09555E-6 1.67139E-5 3.82829E-5 7.36998E-5 1.36176E-4
-9999 -9999 -9999 -9999 -9999 -9999 -9999 -9999 -9999 -9999 -9999 -9999 -9999 -9999 -9999 1.74441E-3 1.09383E-3 1.54798E-4 8.90809E-5 5.28829E-5 5.42632E-5 3.58285E-5 6.4182E-5 1.91433E-5 8.765E-6 4.29573E-6 1.51628E-6 9.31536E-7 9.19207E-7 6.8638E-7 8.9526E-7 7.11415E-7 5.25166E-7 2.1198E-7 1.85578E-7 5.40982E-7 3.33601E-7 5.6588E-7 9.5819E-7 1.14515E-6 1.40224E-7 2.32792E-8 7.27019E-9 3.84881E-9 2.58557E-9 2.36335E-9 2.76812E-9 2.64636E-9 2.22394E-9 2.85188E-9 5.42402E-9 8.48484E-9 1.2643E-8 2.40153E-8 4.84611E-8 9.77797E-8 1.86084E-7 2.95038E-7 7.53381E-7 1.62834E-6 3.29433E-6 7.89187E-6 2.43528E-5 4.0283E-5 6.51789E-5 1.20584E-4
-9999 -9999 -9999 -9999 -9999 -9999 -9999 -9999 -9999 -9999 -9999 -9999 -9999 -9999 2.61355E-3 1.59037E-3 3.91626E-4 8.55929E-5 4.84005E-5 5.44235E-5 4.02884E-5 4.70036E-5 5.75517E-5 1.56085E-5 9.74825E-6 3.77939E-6 2.22739E-6 1.0686E-6 1.01588E-6 8.00041E-7 8.64654E-7 4.01726E-7 6.65702E-7 5.1067E-7 1.8715E-7 9.69766E-8 1.8645E-7 3.65267E-7 5.88777E-7 5.54947E-7 7.1153E-8 2.01812E-8 7.55239E-9 4.43424E-9 2.84207E-9 2.17319E-9 2.85575E-9 2.95703E-9 2.43605E-9 3.13704E-9 5.28328E-9 8.13577E-9 1.16182E-8 2.2422E-8 5.86432E-8 1.19064E-7 2.37265E-7 4.48794E-7 8.86319E-7 1.79995E-6 3.76298E-6 1.1038E-5 1.76816E-5 2.60224E-5 5.50719E-5 9.27257E-5
-9999 -9999 -9999 -9999 -9999 -9999 -9999 -9999 -9999 -9999 -9999 -9999 -9999 -9999 2.14039E-3 1.03134E-3 2.34581E-4 1.13475E-4 9.83649E-5 5.13976E-5 3.22222E-5 5.84799E-5 4.31782E-5 1.01274E-5 6.70226E-6 2.67501E-6 1.52567E-6 1.313E-6 8.02275E-7 8.58276E-7 8.87533E-7 2.20015E-7 2.32E-7 5.48994E-7 1.25625E-7 5.74136E-8 1.26439E-7 3.49641E-7 6.35277E-7 2.7667E-7 4.25988E-8 1.56708E-8 6.97695E-9 3.77287E-9 2.51757E-9 2.05E-9 2.36426E-9 3.58767E-9 2.59854E-9 4.91194E-9 6.018E-9 9.06645E-9 1.54808E-8 2.95474E-8 7.08096E-8 1.32185E-7 2.925E-7 6.83214E-7 1.35263E-6 2.24029E-6 4.08329E-6 1.10454E-5 1.80402E-5 2.58701E-5 3.72479E-5 6.39007E-5
-9999 -9999 -9999 -9999 -9999 -9999 -9999 -9999 -9999 -9999 -9999 -9999 -9999 4.89846E-3 2.56786E-3 1.447E-3 3.57468E-4 1.20359E-4 7.42772E-5 3.87754E-5 2.67446E-5 6.17525E-5 4.58404E-5 8.74928E-6 4.4398E-6 2.75741E-6 1.57498E-6 1.17726E-6 1.02401E-6 6.54538E-7 4.0382E-7 1.33632E-7 6.36854E-8 1.61004E-7 1.14634E-7 1.25841E-7 1.41481E-7 1.88264E-7 1.39419E-7 9.29876E-8 2.68034E-8 1.17293E-8 7.18144E-9 4.00229E-9 3.25265E-9 2.46284E-9 2.49674E-9 3.73297E-9 5.67043E-9 5.62699E-9 8.10069E-9 1.24315E-8 2.25384E-8 4.30945E-8 1.03644E-7 1.96033E-7 3.17002E-7 5.87437E-7 1.08536E-6 1.83002E-6 4.18554E-6 9.37378E-6 1.56085E-5 2.19003E-5 3.691E-5 4.55766E-5
-9999 -9999 -9999 -9999 -9999 -9999 -9999 -9999 -9999 -9999 -9999 -9999 -9999 4.71789E-3 2.93794E-3 1.58883E-3 4.94554E-4 1.32258E-4 8.06694E-5 5.48631E-5 5.09112E-5 8.89713E-5 3.04198E-5 1.07789E-5 6.92856E-6 3.42113E-6 2.03788E-6 1.00107E-6 4.7657E-7 6.99408E-7 5.54819E-7 3.28508E-7 1.12653E-7 2.84898E-7 3.91063E-7 8.7637E-7 2.88014E-7 1.04445E-7 7.34027E-8 3.09219E-8 1.32936E-8 8.32551E-9 5.07938E-9 4.18497E-9 3.93365E-9 2.98171E-9 3.39286E-9 3.79205E-9 6.30322E-9 9.87476E-9 1.23595E-8 2.0484E-8 2.80856E-8 4.8499E-8 1.1875E-7 1.8721E-7 3.26697E-7 4.24431E-7 8.0558E-7 1.51497E-6 3.67905E-6 7.89458E-6 1.66715E-5 2.43612E-5 2.83604E-5 3.06186E-5
-9999 -9999 -9999 -9999 -9999 -9999 -9999 -9999 -9999 -9999 -9999 -9999 8.58733E-3 3.94316E-3 2.83044E-3 2.0428E-3 5.02672E-4 1.49093E-4 9.15755E-5 7.55851E-5 1.05808E-4 7.69242E-5 2.73171E-5 8.56171E-6 7.04826E-6 4.06498E-6 1.98443E-6 9.84528E-7 8.52013E-7 6.22144E-7 5.79063E-7 1.07827E-7 1.39068E-7 2.22649E-7 2.24498E-7 1.04067E-7 4.22939E-8 3.16927E-8 3.17465E-8 1.86451E-8 1.06806E-8 7.39257E-9 5.22508E-9 4.02642E-9 4.48609E-9 3.6616E-9 3.60088E-9 6.60931E-9 8.36628E-9 9.39599E-9 1.728E-8 2.26319E-8 4.21246E-8 6.00376E-8 9.69924E-8 1.52409E-7 2.38699E-7 4.40766E-7 6.79117E-7 1.42042E-6 2.47383E-6 4.11411E-6 9.19063E-6 1.48517E-5 2.38329E-5 1.78336E-5
-9999 -9999 -9999 -9999 -9999 -9999 -9999 -9999 -9999 -9999 -9999 -9999 9.49229E-3 5.28727E-3 4.13282E-3 2.16727E-3 7.97236E-4 3.88191E-4 1.30345E-4 1.38531E-4 1.78507E-4 3.58653E-5 2.92743E-5 1.13438E-5 7.74408E-6 1.92844E-6 2.6802E-6 1.06816E-6 6.98821E-7 3.56905E-7 8.27405E-8 4.32271E-8 1.25231E-7 1.71444E-7 1.54278E-7 5.15355E-8 2.1442E-8 1.66743E-8 1.25603E-8 9.3586E-9 7.38831E-9 6.73296E-9 4.80091E-9 4.11372E-9 4.53062E-9 4.19732E-9 3.04957E-9 6.57302E-9 1.32901E-8 1.04793E-8 1.46722E-8 2.35138E-8 2.87888E-8 4.13708E-8 6.4108E-8 1.01409E-7 2.54535E-7 3.98129E-7 5.39877E-7 7.1639E-7 1.30747E-6 2.83294E-6 4.52609E-6 7.67136E-6 7.02122E-6 7.47882E-6
-9999 -9999 -9999 -9999 -9999 -9999 -9999 -9999 -9999 -9999 -9999 1.8123E-2 9.14137E-3 6.07876E-3 5.03707E-3 2.72024E-3 1.41351E-3 5.38461E-4 1.5656E-4 1.78199E-4 1.77222E-4 2.76247E-5 1.4201E-5 1.60354E-5 7.18273E-6 1.89532E-6 3.4233E-6 1.82705E-6 8.26361E-7 6.14937E-7 1.3315E-7 6.76508E-8 1.05535E-7 4.35604E-8 7.21949E-8 3.78412E-8 3.15532E-8 2.07844E-8 1.33292E-8 1.00586E-8 6.95812E-9 5.88081E-9 4.60245E-9 4.5844E-9 4.79343E-9 4.26362E-9 3.73166E-9 5.96135E-9 1.62185E-8 1.05287E-8 1.0747E-8 1.57761E-8 2.12098E-8 3.03382E-8 4.608E-8 7.33464E-8 1.5441E-7 2.77781E-7 4.33006E-7 5.25233E-7 9.92061E-7 1.14845E-6 1.84392E-6 2.47095E-6 3.56309E-6 4.99645E-6
-9999 -9999 -9999 -9999 -9999 -9999 -9999 -9999 -9999 -9999 -9999 1.17221E-2 8.5516E-3 7.18821E-3 4.92498E-3 2.72115E-3 1.65869E-3 6.15212E-4 2.28837E-4 2.43169E-4 1.26734E-4 6.36451E-5 1.85523E-5 9.68487E-6 9.14556E-6 2.34952E-6 3.39683E-6 6.25782E-7 4.72829E-7 4.82446E-7 2.26526E-7 2.81661E-8 1.39979E-8 1.06693E-8 1.40877E-8 3.24347E-8 1.15761E-7 4.0658E-8 1.47313E-8 1.07235E-8 7.23067E-9 6.6265E-9 5.82867E-9 5.98857E-9 6.04317E-9 5.26346E-9 5.44752E-9 7.40629E-9 8.81363E-9 1.08175E-8 1.00691E-8 1.27591E-8 2.06316E-8 2.97411E-8 4.08359E-8 6.22736E-8 1.0787E-7 2.14807E-7 3.58035E-7 3.7249E-7 5.00455E-7 6.14756E-7 7.66927E-7 8.86436E-7 1.06444E-6 1.54043E-6
-9999 -9999 -9999 -9999 -9999 -9999 -9999 -9999 -9999 -9999 -9999 7.46813E-3 9.68228E-3 8.07665E-3 6.84991E-3 5.08005E-3 2.64689E-3 5.48144E-4 2.94205E-4 2.37258E-4 1.31759E-4 1.03102E-4 3.69261E-5 1.44424E-5 1.12274E-5 1.68989E-6 2.32202E-6 2.34331E-7 1.4382E-7 7.24226E-7 2.59842E-7 2.90945E-8 7.66728E-9 1.93483E-8 2.55651E-8 1.26271E-8 1.2049E-8 1.55787E-8 1.38447E-8 1.1632E-8 1.03517E-8 8.68917E-9 7.0186E-9 7.37123E-9 1.00122E-8 9.0426E-9 7.73104E-9 7.38543E-9 1.0983E-8 1.32311E-8 1.28202E-8 1.84982E-8 1.9798E-8 2.59933E-8 5.30129E-8 7.90809E-8 1.14536E-7 1.98894E-7 2.53827E-7 2.23855E-7 3.32556E-7 3.23894E-7 3.6265E-7 4.67585E-7 7.91842E-7 9.06857E-7
-9999 -9999 -9999 -9999 -9999 -9999 -9999 -9999 -9999 2.1817E-2 1.26039E-2 6.51057E-3 1.031E-2 8.30782E-3 6.0545E-3 4.32872E-3 3.18219E-3 1.37511E-3 4.69002E-4 1.61514E-4 9.14682E-5 5.05465E-5 2.28565E-5 2.34016E-5 1.14675E-5 2.8764E-6 8.67768E-7 2.57133E-7 3.97797E-8 7.98587E-8 6.71966E-8 6.73011E-8 2.38528E-8 2.11843E-8 1.87659E-8 1.75912E-8 1.93971E-8 1.12369E-8 1.00316E-8 1.17546E-8 1.04329E-8 8.90022E-9 8.59012E-9 8.46397E-9 1.82618E-8 1.30754E-8 9.3852E-9 5.15449E-8 3.96717E-8 8.3926E-9 1.09674E-8 2.29366E-8 2.89125E-8 2.99314E-8 4.66957E-8 5.10171E-8 5.80864E-8 9.40367E-8 1.6679E-7 1.81177E-7 2.24435E-7 2.3081E-7 2.78971E-7 4.37651E-7 4.89767E-7 5.48502E-7
-9999 -9999 -9999 -9999 -9999 -9999 -9999 -9999 -9999 1.68336E-2 4.73835E-3 2.30418E-3 8.60962E-3 8.97518E-3 3.86904E-3 3.3E-3 3.60835E-3 1.70282E-3 5.53302E-4 1.2106E-4 6.81312E-5 5.32897E-5 2.73629E-5 2.22967E-5 9.79592E-6 4.05993E-6 1.55974E-6 8.39424E-7 1.45265E-7 5.17609E-8 3.3392E-8 7.62302E-8 2.5275E-8 1.37001E-8 2.49688E-8 2.24423E-8 2.73045E-8 1.88348E-8 1.05254E-8 8.91905E-9 1.00572E-8 1.19282E-8 1.02717E-8 8.74253E-9 2.21892E-8 1.33072E-8 1.02471E-8 1.35555E-8 1.54857E-8 1.01427E-8 1.1086E-8 1.33577E-8 2.05314E-8 2.2836E-8 2.57469E-8 3.67458E-8 5.25171E-8 6.71011E-8 1.52997E-7 1.90331E-7 2.07324E-7 1.96012E-7 2.05204E-7 2.57175E-7 4.06997E-7 5.6099E-7
-9999 -9999 -9999 -9999 -9999 -9999 -9999 -9999 -9999 2.71856E-2 7.33723E-3 1.26315E-3 2.2626E-3 9.56154E-3 3.82918E-3 4.2153E-3 3.22691E-3 1.27186E-3 3.60854E-4 7.53698E-5 4.31746E-5 3.2247E-5 3.96644E-5 3.62549E-5 1.85405E-5 6.52168E-6 1.66212E-6 9.53617E-7 1.62392E-7 3.73096E-8 3.88317E-8 6.62499E-8 3.79705E-8 1.53326E-8 2.38907E-8 4.74287E-8 2.39596E-7 6.40276E-8 1.8936E-8 1.01411E-8 9.64216E-9 8.92755E-9 1.01409E-8 1.42457E-8 9.68293E-9 8.90344E-9 9.26772E-9 9.56396E-9 1.02677E-8 1.11007E-8 1.30762E-8 1.14983E-8 1.47355E-8 2.99884E-8 2.9962E-8 3.27441E-8 3.98945E-8 6.38118E-8 1.11897E-7 1.52751E-7 1.71784E-7 1.60199E-7 1.65059E-7 2.15925E-7 2.73357E-7 4.48721E-7
-9999 -9999 -9999 -9999 -9999 -9999 -9999 -9999 -9999 3.79955E-2 1.88025E-2 7.26799E-3 1.66725E-2 2.17886E-2 8.34789E-3 4.78127E-3 2.74736E-3 9.35066E-4 8.52553E-5 2.92033E-5 2.51417E-5 4.69823E-5 5.18126E-5 4.64456E-5 2.20341E-5 7.6112E-6 1.52353E-6 8.95057E-7 2.71188E-7 1.17068E-7 3.17105E-8 4.46965E-8 9.00396E-8 2.95821E-8 1.59969E-8 2.03686E-8 2.50764E-8 3.03088E-8 1.92726E-8 1.40441E-8 9.76041E-9 9.01687E-9 1.12486E-8 1.60808E-8 1.12567E-8 1.04291E-8 1.01611E-8 1.04618E-8 1.15767E-8 1.22563E-8 1.20776E-8 1.02893E-8 1.13792E-8 1.57111E-8 4.36961E-8 4.02745E-8 5.46682E-8 5.57587E-8 6.18882E-8 9.81044E-8 1.42837E-7 1.34265E-7 1.70032E-7 2.15973E-7 2.76483E-7 3.24063E-7
-9999 -9999 -9999 -9999 -9999 -9999 -9999 -9999 -9999 -9999 2.64193E-2 2.71887E-2 4.21733E-2 2.31839E-2 1.52328E-2 5.85094E-3 2.696E-3 6.47906E-4 7.97367E-5 2.76135E-5 3.07395E-5 2.09947E-5 5.43374E-5 6.65364E-5 3.04821E-5 1.00137E-5 1.64331E-6 7.24873E-7 2.2601E-7 5.94885E-8 4.19369E-8 3.53131E-8 9.68826E-8 5.95929E-8 2.18478E-8 1.2626E-8 1.43464E-8 1.55436E-8 1.66831E-8 1.75622E-8 1.28695E-8 1.15742E-8 1.01982E-8 1.46113E-8 1.14275E-8 1.15414E-8 1.86416E-8 1.62614E-8 1.58609E-8 1.35338E-8 1.35228E-8 1.42649E-8 1.62888E-8 2.10097E-8 6.07253E-8 5.89568E-8 4.55373E-8 3.64494E-8 3.92541E-8 6.58738E-8 8.12048E-8 1.02697E-7 1.33087E-7 1.45552E-7 1.72919E-7 2.7839E-7
-9999 -9999 -9999 -9999 -9999 -9999 -9999 -9999 -9999 -9999 3.29419E-2 2.01959E-2 4.27709E-2 3.4734E-2 1.90053E-2 7.01695E-3 4.18844E-3 1.14913E-3 1.07048E-4 4.17144E-5 2.8498E-5 5.38472E-5 6.61029E-5 9.13506E-5 4.07863E-5 1.15214E-5 1.54443E-6 8.5752E-7 2.4297E-7 7.53668E-8 4.03759E-8 4.18335E-8 9.62861E-8 8.97464E-8 4.31439E-8 1.27374E-8 1.59193E-8 1.75238E-8 1.86466E-8 2.76105E-8 2.21774E-8 1.98175E-8 1.88335E-8 1.61067E-8 8.1499E-8 4.26522E-8 6.15786E-8 1.92843E-8 1.46E-8 1.58779E-8 1.9975E-8 1.99006E-8 2.3521E-8 1.63694E-7 3.15673E-8 2.83051E-8 3.15209E-8 3.83744E-8 4.93384E-8 6.21043E-8 8.31668E-8 9.03736E-8 1.09348E-7 1.21572E-7 1.85082E-7 3.12439E-7
-9999 -9999 -9999 -9999 -9999 -9999 -9999 -9999 -9999 2.84373E-2 1.72605E-2 2.55278E-2 5.40381E-2 4.86567E-2 3.37456E-2 1.17874E-2 9.64897E-3 3.3769E-3 4.22516E-4 9.58845E-5 4.7853E-5 6.87707E-5 2.92365E-5 7.16855E-5 4.71428E-5 1.09611E-5 5.57541E-7 2.64467E-7 1.80081E-7 8.30735E-8 4.09389E-8 5.01555E-8 7.30179E-8 1.01055E-7 4.09969E-8 2.75724E-8 7.19686E-8 1.38558E-7 3.87939E-8 2.57055E-8 2.99107E-8 2.66372E-8 2.55814E-8 2.32677E-8 2.40602E-8 1.81017E-8 1.49333E-8 1.64101E-8 2.06347E-8 2.59696E-8 2.58031E-8 2.20386E-8 2.21183E-8 2.79888E-8 4.32374E-8 3.14895E-8 3.98226E-8 4.97105E-8 4.77581E-8 6.21213E-8 8.35119E-8 1.16863E-7 9.9283E-8 1.37164E-7 1.95643E-7 2.63144E-7
-9999 -9999 -9999 -9999 -9999 -9999 -9999 -9999 -9999 4.20423E-2 2.87872E-2 3.11111E-2 6.90736E-2 6.52307E-2 4.17395E-2 2.32028E-2 8.96368E-3 3.83505E-3 5.32052E-4 1.4663E-4 9.22185E-5 1.01151E-4 9.08701E-5 6.5146E-5 4.74939E-5 1.55088E-5 9.82114E-7 1.66676E-7 1.79794E-7 1.62435E-7 8.13577E-8 4.841E-8 5.36359E-8 6.62185E-8 8.81903E-8 8.61961E-8 4.46341E-7 1.12138E-6 7.93236E-7 1.41047E-7 4.88604E-8 4.1131E-8 3.65838E-8 2.27975E-8 2.06587E-8 1.96034E-8 1.75622E-8 1.7345E-8 2.03935E-8 3.11428E-8 4.70366E-8 3.11961E-8 3.23257E-8 2.90136E-8 4.01856E-8 4.50481E-8 4.68495E-8 4.16584E-8 5.15776E-8 5.75107E-8 5.92536E-8 9.5464E-8 8.96739E-8 9.76093E-8 1.52311E-7 3.01297E-7
-9999 -9999 -9999 -9999 -9999 -9999 -9999 -9999 -9999 -9999 1.24889E-1 9.55653E-2 8.6833E-2 8.78045E-2 6.64601E-2 2.53403E-2 7.00243E-3 3.06192E-3 7.31782E-4 1.15485E-4 1.7726E-4 1.39773E-4 1.36048E-4 6.87121E-5 4.81619E-5 1.14249E-5 3.98454E-6 6.80609E-7 3.13875E-7 1.39014E-7 1.05891E-7 6.98557E-8 7.71759E-8 8.7557E-8 1.18641E-7 1.04322E-7 1.28245E-7 8.4469E-8 5.56413E-8 4.12106E-8 6.75065E-8 1.96221E-7 1.07288E-7 2.57701E-8 2.25177E-8 2.01585E-8 2.19301E-8 2.5495E-8 2.56213E-8 3.54331E-8 5.40458E-8 7.01907E-8 7.65909E-8 7.67821E-8 6.43674E-8 6.30586E-8 6.24415E-8 5.19481E-8 4.82834E-8 5.8554E-8 6.80363E-8 7.93914E-8 6.83996E-8 6.68558E-8 1.17938E-7 2.04101E-7
-9999 -9999 -9999 -9999 -9999 -9999 -9999 -9999 -9999 -9999 1.28983E-1 9.31618E-2 8.34984E-2 7.52772E-2 5.17136E-2 1.64198E-2 5.45489E-3 2.12564E-3 1.33783E-3 6.75767E-4 3.85295E-4 2.8223E-4 3.25448E-4 1.45292E-4 2.68343E-5 1.21574E-5 6.13916E-6 1.25195E-6 4.60483E-7 2.33066E-7 1.63688E-7 1.08439E-7 1.58649E-7 2.07043E-7 1.902E-7 1.24298E-7 8.90005E-8 6.17047E-8 6.56265E-8 7.64647E-8 1.14407E-7 2.21313E-7 1.01425E-7 4.55405E-8 2.72538E-8 2.23109E-8 2.00546E-8 2.75084E-8 4.00137E-8 6.38417E-8 7.76184E-8 9.85088E-8 1.12622E-7 9.25947E-8 7.49405E-8 8.03387E-8 8.67152E-8 8.04083E-8 7.9666E-8 6.83969E-8 7.91859E-8 7.90122E-8 8.94467E-8 8.6517E-8 1.18859E-7 2.03032E-7
-9999 -9999 -9999 -9999 -9999 -9999 -9999 -9999 -9999 -9999 -9999 6.31959E-2 4.52991E-2 3.97746E-2 2.23439E-2 6.91345E-3 2.99514E-3 2.22463E-3 1.70629E-3 1.26607E-3 5.04093E-4 4.44143E-4 3.3575E-4 1.1995E-4 1.76482E-5 1.22619E-5 4.62551E-6 1.64893E-6 7.35119E-7 3.53813E-7 1.90233E-7 2.6746E-7 2.21999E-7 2.5203E-7 1.9739E-7 1.28852E-7 7.93564E-8 6.06366E-8 1.10147E-7 9.0937E-8 8.29516E-8 6.77507E-8 4.81445E-8 7.01936E-8 9.13746E-8 6.28184E-8 7.98054E-8 9.27388E-8 1.11594E-7 1.76171E-7 1.7662E-7 1.67257E-7 1.81986E-7 1.6851E-7 1.13075E-7 1.02839E-7 8.63479E-8 7.08149E-8 7.52282E-8 7.16266E-8 8.25263E-8 9.12225E-8 9.71984E-8 9.84744E-8 1.22284E-7 1.84542E-7
-9999 -9999 -9999 -9999 -9999 -9999 -9999 -9999 -9999 -9999 -9999 2.0794E-2 1.16044E-2 1.20622E-2 8.60835E-3 3.65605E-3 2.52857E-3 2.79966E-3 2.34141E-3 1.66526E-3 1.38766E-3 1.00034E-3 2.77567E-4 7.96495E-5 1.56691E-5 1.20812E-5 5.63219E-6 1.81149E-6 1.08882E-6 5.80283E-7 3.75185E-7 2.22246E-7 1.53385E-7 1.62074E-7 2.07218E-7 2.08729E-7 1.48921E-7 2.05125E-7 1.467E-7 1.20134E-7 1.02657E-7 6.72336E-8 5.65335E-8 4.14993E-8 3.71653E-8 3.90743E-8 3.62648E-8 5.90738E-8 1.23097E-7 1.80757E-7 1.7852E-7 1.47065E-7 1.79348E-7 2.62054E-7 2.33488E-7 3.09147E-7 1.16392E-7 7.37245E-8 7.82178E-8 8.52827E-8 9.90122E-8 1.0226E-7 8.59998E-8 9.67597E-8 1.36261E-7 1.81713E-7
-9999 -9999 -9999 -9999 -9999 -9999 -9999 -9999 -9999 -9999 -9999 8.23469E-3 8.16405E-3 7.04397E-3 4.19105E-3 3.0199E-3 2.13256E-3 1.84732E-3 3.55712E-4 1.05013E-3 2.29226E-3 1.43555E-3 8.29816E-4 1.75277E-4 3.10544E-5 1.42462E-5 4.59658E-6 2.04883E-6 1.28437E-6 6.09235E-7 2.57504E-7 1.74497E-7 1.13604E-7 1.4502E-7 1.85076E-7 6.359E-7 2.15532E-6 8.83999E-7 1.88364E-7 2.14493E-7 1.42312E-7 1.0594E-7 6.23223E-8 5.96678E-8 4.43822E-8 4.36579E-8 5.31686E-8 6.65415E-8 1.07126E-7 1.7187E-7 1.68065E-7 1.60532E-7 1.58022E-7 1.93502E-7 1.74485E-7 3.79717E-7 4.5548E-7 1.3892E-7 1.39348E-7 1.3416E-7 1.17775E-7 1.31617E-7 1.33393E-7 1.44112E-7 1.63936E-7 2.08946E-7
-9999 -9999 -9999 -9999 -9999 -9999 -9999 -9999 -9999 -9999 -9999 1.14961E-2 8.45262E-3 3.62065E-3 2.53922E-3 3.08002E-3 3.39586E-3 2.77405E-3 2.93088E-3 8.38353E-4 5.00484E-4 8.54732E-4 6.09067E-4 1.4724E-4 4.40969E-5 1.38503E-5 4.56669E-6 2.35009E-6 1.22133E-6 8.18665E-7 5.07845E-7 3.0193E-7 1.95344E-7 1.34751E-7 9.51987E-7 1.14377E-6 1.4198E-7 9.75713E-8 2.58101E-7 2.14548E-7 1.51309E-7 1.10646E-7 8.22947E-8 8.58762E-8 6.16313E-8 5.80289E-8 5.43461E-8 9.48687E-8 1.3551E-7 1.98446E-7 1.95898E-7 2.05557E-7 1.73862E-7 1.86408E-7 2.07828E-7 1.8287E-7 2.01459E-7 2.40999E-7 1.73415E-7 1.90789E-7 1.83568E-7 1.8216E-7 1.85261E-7 1.94544E-7 2.15163E-7 2.28776E-7
-9999 -9999 -9999 -9999 -9999 -9999 -9999 -9999 -9999 -9999 7.66572E-3 6.82378E-3 5.01539E-3 3.57009E-3 2.90355E-3 3.03729E-3 2.68568E-3 2.73026E-3 4.44831E-3 1.98206E-3 1.89585E-3 1.08774E-3 1.53193E-3 2.18914E-4 6.5928E-5 1.82755E-5 6.70861E-6 3.08214E-6 1.89021E-6 1.4419E-6 6.79824E-7 3.86411E-7 3.3319E-7 2.25801E-7 1.87707E-7 1.52859E-7 1.04838E-7 1.20777E-7 2.38634E-7 2.13698E-7 1.38367E-7 1.05695E-7 8.84259E-8 9.28668E-8 7.78243E-8 6.85887E-8 8.41955E-8 9.53025E-8 1.61155E-7 2.13721E-7 2.57876E-7 2.54242E-7 2.37374E-7 2.91172E-7 3.08932E-7 2.88685E-7 2.54818E-7 3.34328E-7 2.73745E-7 2.27678E-7 2.38767E-7 2.32502E-7 2.34318E-7 1.74547E-7 2.16724E-7 2.82976E-7
-9999 -9999 -9999 -9999 -9999 -9999 -9999 -9999 -9999 7.87112E-3 8.19244E-3 4.39205E-3 2.75833E-3 3.24408E-3 4.17721E-3 2.16384E-3 2.15882E-3 1.45126E-3 2.94175E-3 2.35124E-3 1.01674E-3 7.52583E-4 1.40787E-3 3.1358E-4 1.04017E-4 2.49665E-5 8.26515E-6 4.43167E-6 2.9164E-6 2.20292E-6 1.31736E-6 8.13974E-7 5.44413E-7 4.22246E-7 3.26214E-7 3.18863E-7 2.36111E-7 2.0383E-7 2.77313E-7 2.54018E-7 1.61947E-7 1.35163E-7 1.15624E-7 1.33994E-7 1.13358E-7 1.14188E-7 1.25268E-7 1.33056E-7 1.59095E-7 1.98484E-7 2.67515E-7 2.84049E-7 3.06498E-7 3.00736E-7 3.43743E-7 3.81363E-7 3.73055E-7 4.61684E-7 5.75926E-7 4.37538E-7 3.82293E-7 2.1946E-7 2.14301E-7 2.40813E-7 3.01667E-7 4.03245E-7
