Leopardus guttulus/Leopardus_guttulus.asc
ncols         515
nrows         545
xllcorner     -119.0
yllcorner     -58.333333333333
cellsize      0.166666666667
NODATA_value  -9999
[rows 29 to 57 of 545, columns 66 to 131 of 515]
2.77507E-5 2.31755E-5 4.5865E-5 3.36202E-5 4.80371E-6 4.40403E-6 1.11276E-6 4.87779E-7 3.7465E-7 3.18482E-7 2.50416E-7 1.06962E-7 1.24806E-7 1.9803E-8 4.55238E-8 9.31781E-9 1.48211E-9 1.78506E-9 2.66957E-9 4.67645E-9 1.76988E-8 1.66387E-8 1.68467E-8 9.16725E-9 2.52205E-7 3.79647E-8 1.19486E-7 4.61274E-8 2.30436E-8 1.93678E-8 1.01252E-8 1.65927E-6 1.01676E-6 9.67723E-8 2.90033E-7 7.70188E-7 4.18286E-7 1.30427E-7 9.77993E-7 2.39631E-7 8.68728E-8 1.04956E-7 7.70454E-8 3.00016E-7 4.01471E-7 5.51878E-7 4.37441E-7 5.82628E-7 7.57683E-7 4.42831E-7 5.65284E-7 1.19338E-6 1.3386E-6 1.53786E-6 5.67218E-6 6.5486E-6 4.0847E-6 9.71824E-6 1.334E-5 6.25348E-5 1.536E-4 1.43475E-4 4.87614E-4 1.96489E-3 1.2158E-2 -9999
2.03707E-5 6.0783E-6 9.66043E-6 1.50968E-5 1.1653E-5 1.07018E-5 5.47265E-6 6.01909E-7 2.62181E-6 1.76435E-7 1.2422E-7 3.84711E-7 2.72706E-7 9.10264E-8 2.90497E-8 2.62312E-9 6.78532E-10 1.25265E-9 1.13053E-9 1.93768E-8 4.64213E-9 6.63842E-8 3.69138E-8 1.48005E-7 7.96762E-8 1.77643E-7 1.44236E-7 4.7726E-8 1.00777E-8 5.11458E-9 8.91068E-9 4.23025E-7 3.10465E-6 8.2935E-8 5.61718E-8 1.95159E-7 2.67664E-6 3.10563E-7 2.58345E-7 2.91945E-7 9.41692E-8 6.61402E-8 8.02915E-8 1.01236E-7 4.02858E-7 1.77131E-7 2.5005E-7 6.54128E-7 6.97552E-7 8.57527E-7 5.62584E-7 1.1664E-6 1.32322E-6 2.90208E-6 5.07171E-6 6.11042E-6 7.95255E-6 1.01453E-5 2.52831E-5 3.21335E-5 1.32558E-4 1.62106E-4 5.89184E-4 2.25242E-3 1.54031E-2 -9999
4.04689E-6 5.60174E-6 3.26171E-5 2.69466E-5 7.58656E-6 6.8906E-6 7.24008E-6 3.44272E-6 2.47332E-5 1.88094E-7 1.48117E-7 4.44906E-7 1.7375E-7 9.26856E-8 3.14981E-8 5.99207E-9 1.85293E-9 1.54699E-9 1.39837E-9 1.0699E-8 1.79914E-8 1.85971E-8 1.4109E-7 1.21643E-6 8.0178E-8 2.49329E-6 1.01869E-6 3.5632E-8 4.97726E-9 8.7627E-9 1.65256E-8 1.06952E-7 7.53721E-7 1.38991E-7 1.54982E-8 5.2207E-7 2.03617E-6 2.92709E-7 7.96857E-8 8.99216E-8 1.34853E-7 1.70389E-7 7.4594E-8 1.00082E-7 1.22834E-7 9.32903E-8 2.86139E-7 2.25701E-7 4.4312E-7 5.03177E-7 5.69848E-7 6.72011E-7 1.37472E-6 2.90825E-6 5.1549E-6 3.50563E-6 7.85584E-6 9.88357E-6 2.50144E-5 6.22603E-5 1.12082E-4 4.71174E-4 1.4377E-3 3.13985E-3 -9999 -9999
2.88708E-6 1.47247E-6 1.10463E-5 9.20514E-6 3.15075E-5 8.37971E-6 8.81623E-6 5.21853E-6 3.22944E-5 2.59959E-7 1.59164E-7 1.42624E-6 8.9292E-7 4.9592E-7 4.70948E-8 8.94333E-9 9.61567E-9 1.89156E-9 1.74302E-9 1.44182E-9 1.95817E-8 1.00022E-8 2.52694E-7 2.45249E-7 1.51188E-8 2.58865E-8 1.9801E-8 4.32116E-9 1.37242E-8 3.71746E-9 1.16517E-8 4.44226E-8 2.32681E-6 5.15591E-6 1.46351E-7 2.6368E-7 5.91964E-7 2.80686E-7 7.52977E-8 5.14004E-8 7.08088E-8 1.63142E-7 4.77795E-7 1.49935E-7 8.81541E-8 1.8103E-7 1.44136E-7 2.00042E-7 3.88711E-7 4.37088E-7 5.35297E-7 6.5932E-7 7.96408E-7 3.24342E-6 3.33677E-6 3.6324E-6 4.58836E-6 9.91136E-6 2.57574E-5 6.309E-5 1.91355E-4 5.30948E-4 8.57091E-4 5.352E-3 -9999 -9999
3.26245E-7 6.57267E-7 1.00951E-5 3.80237E-5 2.87285E-5 1.53181E-5 3.2472E-5 1.039E-5 1.02548E-5 6.67778E-7 9.43637E-7 7.6512E-6 4.95404E-6 4.99985E-7 1.25426E-7 9.40842E-8 2.82253E-8 9.36506E-9 7.18281E-9 2.88841E-9 1.03877E-8 8.86579E-9 7.58477E-9 6.96273E-9 2.84617E-9 3.81126E-9 3.47171E-9 3.42278E-9 4.0219E-8 8.03849E-10 5.17108E-9 5.68331E-9 1.97422E-8 7.64934E-8 5.571E-8 4.78368E-8 2.89588E-8 2.78459E-7 8.89024E-8 2.93574E-7 2.72986E-7 6.58478E-8 2.23157E-7 3.60161E-7 1.05396E-7 2.78678E-6 5.01221E-7 3.5972E-7 3.46456E-7 3.81452E-7 5.45863E-7 7.29534E-7 9.80572E-7 3.61307E-6 3.7477E-6 3.76626E-6 4.62308E-6 1.12306E-5 2.47553E-5 5.97494E-5 1.44929E-4 4.45221E-4 8.11412E-4 4.51836E-3 -9999 -9999
5.29066E-6 2.57398E-6 2.13691E-6 7.45489E-6 6.58459E-5 1.81029E-5 3.06942E-5 3.39513E-5 3.16341E-5 1.47953E-5 2.52028E-6 1.49116E-5 3.91618E-5 7.1745E-6 4.46712E-7 1.88883E-7 1.39029E-7 9.94306E-8 1.81879E-8 1.3394E-8 1.92302E-8 8.06989E-9 1.59595E-9 4.22008E-9 2.27285E-9 1.74012E-9 3.24016E-9 2.65083E-9 4.29473E-9 3.1751E-8 3.16488E-8 5.16657E-8 3.02333E-8 1.04478E-7 1.23986E-7 9.13011E-8 4.345E-8 3.19902E-6 4.73124E-7 2.01552E-7 5.86009E-6 1.16802E-6 1.18456E-7 1.64732E-7 3.89819E-7 1.08572E-6 1.88354E-6 1.26473E-6 5.79136E-7 4.36409E-7 5.83015E-7 7.73405E-7 3.48334E-6 4.06658E-6 4.18271E-6 8.71698E-6 9.30931E-6 1.10099E-5 2.17358E-5 5.28415E-5 1.50428E-4 4.99401E-4 3.78737E-3 4.72646E-3 1.32495E-2 -9999
8.52409E-6 5.15819E-5 1.26915E-5 2.24741E-5 2.63651E-5 2.21727E-5 2.2052E-5 9.83037E-5 1.38652E-4 1.24076E-4 5.40951E-5 7.70627E-5 1.72483E-5 6.44644E-6 1.48306E-6 1.53493E-6 6.97928E-7 2.69128E-7 3.80007E-8 5.40064E-8 1.67684E-8 6.60562E-9 2.17116E-9 3.19339E-9 1.55184E-9 1.347E-9 4.97065E-9 4.53391E-9 8.38456E-9 4.16587E-9 2.19861E-7 7.02873E-9 2.1897E-9 2.0939E-9 1.53415E-8 7.16948E-8 1.57331E-7 6.57725E-7 9.18673E-7 5.10635E-7 6.43158E-7 4.03245E-7 1.29804E-7 6.46788E-8 1.05458E-6 4.29682E-6 8.20177E-6 1.06562E-6 1.9397E-6 6.30955E-7 7.1668E-7 1.7554E-6 3.5847E-6 4.13867E-6 4.34411E-6 9.18089E-6 9.33818E-6 1.74811E-5 4.0958E-5 5.1373E-5 1.70114E-4 3.17684E-4 1.79501E-3 5.15531E-3 1.31064E-2 -9999
9.50798E-6 2.40262E-5 5.35579E-5 5.14482E-5 1.5107E-4 9.27054E-5 1.83632E-4 6.09958E-5 2.23012E-4 1.37085E-4 7.007E-5 2.85295E-4 1.75638E-4 2.12038E-5 3.10063E-6 1.87997E-6 1.83256E-6 3.26942E-7 1.7857E-7 2.46343E-8 1.46281E-8 8.08084E-9 3.10177E-9 2.63126E-9 1.34259E-9 1.2756E-9 4.39449E-9 1.22121E-9 2.88958E-8 9.3756E-10 2.25038E-8 9.74453E-10 3.42812E-9 2.11534E-8 7.51907E-8 5.28455E-8 3.56313E-8 2.07215E-6 1.23507E-5 1.19072E-6 5.49453E-7 1.46567E-7 6.21402E-8 1.22688E-7 2.01506E-6 6.79446E-6 1.52679E-5 3.72714E-6 1.9758E-6 3.99805E-6 3.598E-6 9.70349E-7 1.91752E-6 2.08702E-6 4.22738E-6 8.96265E-6 8.58397E-6 8.93661E-6 3.74623E-5 8.61924E-5 8.97936E-5 3.46328E-4 1.00095E-3 5.12845E-3 1.29457E-2 -9999
1.26063E-5 7.36645E-6 4.03934E-5 6.67903E-5 2.43613E-4 1.62455E-4 1.13467E-4 2.23501E-4 5.96601E-4 3.21106E-4 2.52701E-4 2.06241E-4 1.18704E-4 1.35499E-5 6.6186E-6 6.56088E-6 5.61995E-6 7.4439E-7 4.51761E-7 1.02492E-7 2.44503E-8 6.68282E-9 2.78266E-9 2.26663E-9 1.24134E-9 1.27539E-9 4.44583E-9 1.16049E-9 2.63518E-8 1.51414E-9 3.16071E-7 4.35884E-10 5.35775E-9 7.59073E-8 2.9704E-7 3.41378E-7 1.18698E-7 3.60953E-8 3.49647E-7 1.05902E-6 4.35032E-6 3.01071E-7 3.78043E-7 6.42109E-7 2.71172E-6 2.64852E-5 3.0171E-5 2.54908E-5 3.73032E-5 1.80423E-5 4.14843E-6 3.58395E-6 1.60199E-6 1.46693E-6 7.52206E-6 8.63046E-6 8.56562E-6 2.96235E-5 5.83792E-5 7.27549E-5 3.17282E-4 3.7322E-4 1.21709E-3 6.35547E-3 1.3896E-2 -9999
1.15128E-5 1.96433E-5 2.17532E-5 4.40082E-5 2.63047E-5 1.01693E-3 9.8904E-4 7.41582E-4 6.61224E-4 6.99848E-4 6.47981E-4 5.45019E-4 8.16017E-5 4.73023E-5 4.58438E-6 7.71119E-6 3.21492E-6 2.62692E-6 6.49465E-7 1.9198E-7 8.07728E-8 5.4883E-8 1.87016E-8 8.7434E-9 2.59826E-9 1.1469E-9 6.64434E-10 5.68964E-10 8.72257E-10 7.00073E-10 2.29605E-9 1.80811E-8 9.27706E-9 1.65169E-8 3.63286E-8 3.2572E-7 4.17239E-7 1.18974E-7 2.46532E-5 1.98909E-6 2.16661E-7 6.84217E-7 7.72634E-7 1.25339E-6 8.20521E-6 1.10335E-5 1.13147E-5 2.64699E-5 5.1469E-4 5.06489E-5 4.48462E-6 3.89693E-6 1.238E-6 1.16184E-6 6.14239E-6 8.67131E-6 8.75837E-6 3.01629E-5 6.29724E-5 1.30103E-4 3.33853E-4 8.5753E-4 1.47933E-3 3.77397E-3 8.3132E-3 1.50537E-2
2.71224E-5 3.43048E-5 1.48406E-4 5.37782E-6 5.90944E-5 1.34431E-3 1.17273E-3 1.13385E-3 9.71714E-4 1.42729E-3 6.43904E-4 7.61945E-4 8.15055E-5 5.8528E-5 2.62872E-5 1.22718E-6 3.16408E-6 2.30001E-6 2.23215E-6 2.25614E-7 2.09599E-7 1.95767E-7 1.21449E-7 9.24858E-8 5.07705E-9 4.34673E-9 5.21993E-10 4.83038E-10 8.25963E-10 6.70949E-10 3.21533E-10 1.26645E-9 8.7654E-9 1.01545E-8 1.06922E-8 4.13251E-8 4.65644E-8 8.39489E-7 2.96959E-5 7.65869E-6 7.38923E-7 2.20728E-7 6.15201E-7 9.36446E-7 8.83284E-6 4.15683E-5 2.05796E-5 1.73148E-5 4.83462E-5 6.1216E-5 5.52244E-6 4.56865E-6 1.57422E-6 1.4822E-6 3.37856E-6 8.87037E-6 1.62786E-5 3.31747E-5 3.98675E-5 1.66601E-4 4.40742E-4 9.05976E-4 2.99086E-3 2.81597E-3 1.04225E-2 1.02139E-2
1.0607E-5 9.5508E-6 2.8118E-4 9.69257E-5 1.56696E-5 8.88997E-4 1.17212E-3 1.85418E-3 1.67255E-3 1.68916E-3 9.65813E-4 8.15869E-4 1.84602E-4 3.93112E-5 1.32838E-4 8.72113E-6 1.12552E-6 2.21481E-7 1.6156E-6 2.28048E-7 2.74816E-7 1.22457E-7 7.05062E-8 1.36777E-7 3.73785E-8 7.21843E-8 3.54015E-9 1.49551E-9 3.18219E-9 1.3669E-9 1.18728E-9 6.47097E-10 2.60254E-9 2.88533E-9 1.34838E-8 1.22764E-8 2.52316E-8 7.58968E-8 1.47643E-6 2.02949E-6 2.29888E-6 6.37779E-7 2.17664E-6 3.69823E-6 7.8405E-6 1.72076E-5 9.4377E-5 4.42542E-5 1.63468E-5 2.9736E-5 8.99427E-6 6.04335E-6 3.66799E-6 2.0783E-6 7.39873E-6 6.97172E-6 1.47392E-5 3.29968E-5 4.19566E-5 1.95727E-4 4.49878E-4 5.43731E-4 1.64617E-3 3.06092E-3 8.82846E-3 1.11769E-2
2.7384E-5 2.03603E-5 1.57095E-5 1.84227E-4 1.97902E-4 2.93017E-3 4.91666E-3 3.636E-3 1.50434E-3 4.10399E-3 2.4406E-3 6.36021E-4 1.37422E-3 3.31994E-4 4.54798E-4 3.14384E-6 2.00351E-7 2.97484E-7 5.32948E-8 1.20322E-6 2.05917E-7 2.46872E-7 7.65058E-8 3.34054E-7 1.34788E-6 1.09625E-8 9.13078E-9 4.2171E-9 6.8276E-9 1.46702E-9 1.35378E-9 9.58198E-9 9.53557E-9 2.14245E-8 5.51014E-8 6.00134E-8 1.46537E-7 1.93091E-7 4.47186E-7 5.8131E-7 7.63124E-6 1.14694E-5 5.73161E-6 1.77413E-4 2.06794E-3 7.63987E-4 1.33249E-3 3.22641E-4 4.09786E-5 1.66524E-5 1.79323E-5 9.95217E-6 9.93048E-6 4.09535E-6 2.20675E-6 6.38591E-6 7.2821E-6 3.28354E-5 4.52562E-5 2.38051E-4 6.84148E-4 8.41633E-4 2.55162E-3 8.72513E-3 6.10945E-3 -9999
2.84608E-5 1.91965E-5 8.03618E-6 2.15695E-5 5.09162E-5 9.18124E-4 1.00615E-2 2.37636E-3 1.45798E-3 1.04548E-2 4.83798E-3 2.2955E-3 8.0774E-4 7.98773E-5 9.35891E-4 9.30889E-6 1.70472E-7 1.31862E-7 4.94318E-8 4.21066E-8 6.25977E-8 5.75303E-8 4.48697E-9 2.1921E-8 1.73482E-7 1.08117E-7 1.64622E-8 4.77113E-9 2.63198E-9 1.1213E-9 8.9548E-10 3.4729E-9 2.18359E-8 1.41852E-6 3.50636E-6 1.08749E-6 6.93948E-7 1.47237E-6 1.12803E-6 2.56313E-6 1.26547E-5 5.12929E-5 7.44129E-5 8.1302E-4 2.67271E-3 6.13559E-3 1.77977E-2 2.67561E-3 1.16621E-4 6.19652E-5 2.95664E-5 1.54433E-5 7.71467E-6 2.68513E-6 2.15551E-6 2.06929E-6 7.80857E-6 3.48328E-5 5.54005E-5 1.63289E-4 8.80271E-4 9.55332E-4 6.5612E-3 1.10973E-2 9.89761E-3 -9999
5.3103E-5 2.25653E-5 1.74384E-5 1.23686E-5 5.67331E-5 1.8008E-4 5.04755E-4 3.41967E-3 2.37156E-2 1.2216E-2 1.07455E-2 3.05136E-3 1.18007E-3 1.51232E-4 1.74933E-5 3.66448E-6 3.86361E-6 1.73506E-5 4.27888E-6 4.23705E-7 7.92644E-9 3.67152E-8 1.56887E-8 4.62118E-9 7.91865E-9 2.37806E-8 1.10529E-8 7.77675E-8 8.08921E-8 1.80726E-8 5.40976E-8 2.7564E-8 2.74744E-8 3.17788E-8 1.28367E-7 1.35837E-6 9.65169E-6 1.07927E-5 6.73227E-5 8.38671E-5 3.61366E-5 3.34249E-5 1.18204E-3 1.84468E-4 8.16681E-4 5.45587E-3 1.00504E-2 2.62163E-2 8.92333E-4 1.61428E-4 1.06381E-4 6.03264E-5 9.52709E-6 6.4676E-6 2.88784E-6 4.99285E-6 1.0507E-5 4.32526E-5 7.04764E-5 2.11785E-4 8.34084E-4 1.63063E-3 1.3447E-2 1.93778E-2 -9999 -9999
1.42599E-4 2.84384E-5 2.23616E-5 4.21664E-5 6.93472E-5 1.69487E-4 1.76875E-4 5.62833E-4 7.31567E-3 2.09174E-2 1.22421E-2 5.32221E-3 1.71564E-3 1.03782E-3 3.52892E-4 1.2566E-6 2.33744E-6 1.1108E-5 1.1259E-5 1.30078E-6 1.23833E-8 2.14419E-8 2.04432E-8 2.74904E-7 3.06274E-8 2.86138E-8 4.08465E-8 2.4038E-8 6.40563E-7 6.42098E-8 5.55835E-8 2.32054E-7 9.79493E-8 4.24672E-7 1.41285E-7 6.66091E-7 8.16914E-7 3.06086E-6 4.61237E-5 1.03664E-4 6.55184E-5 6.56658E-5 5.6705E-5 2.16199E-5 7.28722E-5 2.3404E-3 6.2307E-3 4.72206E-3 2.36434E-3 4.17471E-4 8.91216E-5 5.79567E-5 2.07404E-5 8.12335E-6 5.08097E-6 9.66423E-6 1.67476E-5 6.86093E-5 1.8168E-4 2.07785E-4 3.2617E-4 1.34126E-3 1.06986E-2 1.26097E-2 -9999 -9999
9.36877E-5 6.95062E-5 5.61763E-5 2.96355E-5 2.39957E-5 3.95153E-5 1.15461E-4 2.10323E-3 3.28237E-2 5.03472E-3 1.12481E-2 8.00311E-3 2.93915E-3 1.38157E-3 9.5898E-4 3.737E-5 6.48915E-5 2.14195E-6 1.63316E-6 3.03988E-6 7.50615E-8 3.74371E-8 5.72763E-8 8.18025E-8 1.271E-7 3.08679E-8 2.75342E-8 2.19275E-8 2.43581E-8 2.87822E-7 6.99072E-8 4.28712E-7 4.62322E-7 8.27145E-7 6.87177E-7 8.82379E-7 1.02316E-6 2.92427E-6 4.88135E-6 1.06706E-5 1.21605E-5 5.36419E-6 5.07345E-5 9.36504E-6 1.7812E-5 6.09758E-5 3.477E-3 2.47364E-3 1.13632E-2 1.03443E-3 8.24653E-5 5.03025E-5 1.83918E-5 2.87223E-5 1.84812E-5 1.9387E-5 4.46066E-5 5.31131E-5 1.82999E-4 2.26843E-4 4.76823E-4 1.12659E-3 8.73648E-3 -9999 -9999 -9999
2.98591E-5 6.00097E-5 4.76064E-5 9.73647E-5 2.67087E-5 4.2154E-5 3.86066E-4 3.92664E-4 1.6647E-3 2.61506E-4 9.82338E-3 3.79428E-3 3.45496E-3 1.32882E-3 5.55274E-4 1.34079E-4 8.58167E-5 1.15027E-4 1.95701E-6 3.05123E-6 1.81399E-7 3.321E-7 4.39341E-6 4.31982E-7 6.94495E-7 1.16158E-6 9.08589E-7 7.75498E-7 8.62612E-8 1.57523E-7 1.39645E-7 4.06491E-7 2.01759E-7 2.97851E-7 1.07171E-6 1.22132E-6 4.68323E-7 2.23695E-6 1.7347E-5 6.28903E-6 1.1273E-5 5.83412E-6 1.6803E-6 1.56889E-5 1.36837E-5 2.31505E-5 8.34442E-5 1.65057E-4 3.26014E-3 7.53488E-3 3.36638E-4 7.5667E-5 1.6483E-5 1.81254E-4 1.57077E-4 1.68061E-4 1.34757E-4 1.69364E-4 1.85579E-4 2.33832E-4 3.20832E-4 8.4446E-4 9.45805E-3 -9999 -9999 -9999
4.67284E-5 3.55357E-5 3.61338E-5 7.19948E-5 2.90875E-5 4.05067E-5 2.11824E-4 2.55842E-4 1.00883E-3 4.68083E-4 1.34722E-3 8.46843E-3 3.53751E-3 1.73021E-3 2.30234E-4 2.33571E-4 3.69076E-5 4.68322E-4 5.94541E-5 2.04054E-6 6.57403E-6 3.08011E-6 1.02907E-4 9.29335E-6 1.08002E-6 3.06056E-6 2.3656E-6 2.17463E-7 6.18188E-7 5.22949E-7 1.38922E-6 3.85701E-7 6.18308E-7 3.16662E-7 7.96807E-7 1.55504E-6 5.89434E-7 1.82579E-6 1.81951E-5 2.71072E-5 2.63857E-6 6.06128E-5 3.72515E-6 3.74648E-6 7.47152E-6 4.59648E-6 1.52643E-5 8.04869E-5 1.44709E-3 4.16841E-3 1.95078E-3 1.0422E-4 3.31992E-5 6.40883E-4 3.48433E-4 5.64088E-4 3.97821E-4 1.38762E-4 1.6246E-4 6.51296E-4 3.26795E-4 8.14298E-4 7.61463E-3 -9999 -9999 -9999
-9999 1.2628E-4 8.7898E-5 8.05446E-5 2.17384E-4 5.29775E-5 4.3595E-4 6.21154E-4 6.1257E-4 7.54508E-3 3.11002E-2 1.29251E-2 3.38033E-3 7.55668E-4 7.53949E-4 2.21545E-4 1.00775E-4 2.01536E-4 2.86128E-4 7.65234E-6 1.88378E-6 2.95388E-6 1.00771E-5 3.05585E-6 6.83882E-6 5.60675E-6 2.25146E-6 4.77638E-7 1.33871E-6 1.84617E-6 7.23159E-7 5.60896E-7 8.44298E-7 7.38714E-7 2.44977E-7 4.18352E-7 9.19355E-7 1.10733E-6 1.31936E-6 1.96632E-6 2.2643E-6 5.44024E-6 2.14232E-6 3.78337E-7 8.81923E-7 2.92029E-6 3.52505E-6 3.56828E-5 4.45768E-4 1.31252E-3 4.69691E-3 3.24285E-4 7.06516E-5 5.08031E-5 6.83313E-5 2.06007E-4 1.05712E-4 9.01127E-5 2.54739E-4 5.46027E-4 6.54444E-4 1.3775E-3 -9999 -9999 -9999 -9999
-9999 -9999 3.08104E-4 1.03721E-4 2.95381E-4 1.91528E-4 2.24255E-3 9.42478E-4 7.65098E-4 6.96231E-3 4.08751E-3 1.63587E-2 8.16302E-3 3.06012E-3 4.37625E-4 4.82772E-4 2.4814E-4 7.44177E-5 2.31739E-4 7.88838E-6 1.42658E-6 2.8973E-6 5.28403E-6 9.63639E-6 1.97369E-5 1.4109E-5 7.00527E-6 6.20349E-6 4.57975E-6 2.11299E-6 7.55522E-7 4.9045E-7 4.66079E-7 2.20151E-7 2.33558E-7 1.27625E-7 2.73434E-7 2.72218E-7 1.10701E-6 6.20687E-7 1.15279E-6 3.37667E-6 1.59523E-6 5.81588E-7 1.75231E-6 1.91744E-6 3.33693E-6 4.13942E-6 8.74943E-5 3.71087E-4 4.62361E-3 2.87157E-4 9.40408E-5 2.75474E-5 2.15714E-5 8.59271E-5 8.6599E-5 8.05696E-5 2.12491E-4 4.5831E-4 1.25146E-3 7.55433E-4 -9999 -9999 -9999 -9999
-9999 -9999 -9999 -9999 4.14747E-4 4.44704E-4 1.93647E-4 5.1612E-4 9.76866E-4 2.09528E-3 2.46094E-3 1.63294E-3 1.29383E-3 2.33353E-3 5.2583E-4 3.33123E-4 3.2476E-4 2.18378E-4 9.55891E-5 2.35249E-5 2.90358E-6 2.78496E-6 2.1843E-6 8.84859E-6 4.69259E-5 8.88078E-5 1.11072E-5 3.01772E-6 4.36479E-6 3.49794E-6 7.32471E-7 6.52438E-6 8.45223E-7 2.22685E-7 2.35045E-7 2.71801E-7 2.96589E-7 2.5828E-7 6.27005E-7 6.14122E-7 6.88312E-7 8.70749E-7 4.61463E-7 2.30981E-6 2.29761E-6 1.26502E-6 2.48348E-6 4.30517E-6 5.16531E-5 3.43771E-4 8.14439E-3 1.88359E-3 1.00491E-4 2.76538E-5 1.89891E-5 8.72409E-5 2.6328E-4 2.28095E-4 5.21715E-4 1.18593E-3 1.72873E-3 2.19356E-3 -9999 -9999 -9999 -9999
-9999 -9999 -9999 -9999 -9999 8.84221E-4 1.08249E-3 1.91205E-4 3.20311E-4 1.10993E-3 2.38778E-3 1.11776E-2 6.16771E-3 2.51681E-3 8.96647E-4 1.40214E-4 1.16988E-4 2.98537E-4 1.28466E-4 3.32259E-5 1.05596E-5 9.12426E-6 3.66194E-6 1.90498E-6 1.65236E-5 1.01558E-5 8.78308E-6 5.89466E-6 1.39443E-6 9.59818E-7 4.05507E-7 1.09735E-6 1.57998E-6 2.24274E-7 1.34269E-7 2.6237E-7 4.29375E-7 7.71011E-7 8.97048E-7 8.30014E-7 1.90696E-7 2.34002E-7 1.99339E-7 9.81736E-7 1.26697E-6 3.70892E-6 5.38461E-6 3.72009E-6 1.34215E-4 4.90558E-4 6.57729E-4 3.12775E-3 3.05514E-4 4.68102E-5 7.71394E-5 9.08451E-4 1.44296E-3 8.16065E-4 1.00154E-3 7.37258E-3 6.36047E-3 3.75139E-3 -9999 -9999 -9999 -9999
-9999 -9999 -9999 -9999 -9999 -9999 3.39504E-3 7.85213E-4 1.08485E-3 2.29506E-3 3.77993E-3 2.86609E-3 2.28401E-3 4.05749E-3 1.92477E-3 1.13897E-3 4.85864E-4 6.88075E-4 1.30658E-3 2.43838E-4 5.35445E-4 1.58252E-5 7.06126E-6 6.27618E-6 5.53045E-6 4.36766E-5 1.15656E-5 8.80889E-6 5.98169E-7 5.95613E-7 4.77305E-7 1.9559E-7 1.73124E-7 1.47961E-7 2.94888E-7 4.58535E-7 8.54483E-7 1.21655E-6 1.06305E-6 9.8217E-7 3.39351E-7 2.90917E-7 3.05348E-6 3.81949E-6 4.59656E-6 4.92417E-6 9.23933E-6 5.64858E-6 4.7312E-5 4.24912E-4 5.32868E-4 4.93927E-4 1.85684E-3 2.40681E-4 2.38257E-4 4.10427E-4 7.93374E-3 4.18895E-3 2.95587E-3 7.09056E-3 4.13032E-2 3.0227E-2 -9999 -9999 -9999 -9999
-9999 -9999 -9999 -9999 -9999 -9999 -9999 4.88538E-3 3.17369E-3 2.71168E-3 2.27769E-3 2.1851E-3 8.96617E-3 5.15878E-3 2.59789E-3 3.45972E-3 1.61757E-3 2.68118E-3 6.76169E-3 6.07005E-3 3.73904E-3 3.01479E-6 8.86279E-5 8.75364E-5 1.06689E-5 2.99752E-5 1.24978E-5 7.93352E-6 1.05171E-6 1.10481E-6 9.02764E-7 2.3162E-7 1.86112E-7 1.55634E-7 5.11658E-7 5.77517E-7 5.96257E-7 1.7027E-6 1.51303E-6 1.1897E-6 1.28546E-6 6.34661E-7 1.54886E-5 3.34056E-5 8.57461E-6 9.07192E-6 1.4575E-5 1.77631E-5 1.45171E-5 1.93104E-4 2.05255E-4 2.10417E-4 1.53769E-3 3.40377E-3 8.2713E-4 1.15116E-3 1.36716E-2 4.2028E-2 1.67951E-2 2.2489E-2 6.20967E-2 6.05924E-2 -9999 -9999 -9999 -9999
-9999 -9999 -9999 -9999 -9999 -9999 -9999 -9999 2.73765E-3 3.23523E-3 2.48161E-3 2.44544E-3 4.9461E-3 2.05634E-3 1.65032E-3 2.96933E-3 2.46866E-3 1.27456E-3 5.58511E-3 5.88447E-3 1.11476E-3 5.15194E-5 7.17849E-4 5.65169E-4 6.10582E-5 8.63518E-5 4.82187E-5 3.54554E-5 1.03424E-5 3.10428E-6 2.52527E-7 7.29451E-7 6.53488E-7 3.32865E-7 2.70719E-7 2.55602E-7 1.26608E-6 2.40961E-6 8.87016E-7 1.33486E-6 2.28872E-6 3.43739E-6 1.95734E-5 1.66367E-5 7.66827E-6 2.06558E-5 1.93191E-5 4.28048E-5 2.54472E-5 7.7644E-5 2.66185E-4 1.73908E-4 2.43697E-3 8.40291E-3 8.24568E-3 4.27458E-3 6.06655E-2 1.16816E-1 8.86776E-2 6.07027E-2 1.92752E-1 2.29052E-1 -9999 -9999 -9999 -9999
-9999 -9999 -9999 -9999 -9999 -9999 -9999 -9999 -9999 5.69852E-3 2.76431E-3 2.51576E-3 2.32839E-3 2.70559E-3 1.68447E-3 4.16131E-3 5.01798E-4 2.67759E-3 9.5138E-3 2.57055E-3 1.9689E-4 1.58337E-4 3.30561E-4 1.50361E-4 4.04012E-4 8.58526E-6 2.80102E-5 1.68409E-5 1.21547E-6 1.0902E-6 1.71435E-6 7.93851E-7 6.32778E-7 1.07836E-6 5.50725E-7 4.11454E-7 5.97061E-7 1.44695E-6 1.95839E-6 1.40083E-6 2.80615E-6 9.36638E-6 1.37675E-5 2.01103E-5 3.91263E-6 3.30255E-5 1.03553E-5 9.73281E-6 6.43653E-5 5.57794E-5 3.96707E-4 3.43835E-3 3.09319E-2 3.7541E-2 1.59095E-2 1.54242E-2 6.49586E-2 2.01479E-1 2.88925E-1 1.65487E-1 2.18107E-1 2.30171E-1 -9999 -9999 -9999 -9999
-9999 -9999 -9999 -9999 -9999 -9999 -9999 -9999 -9999 4.72842E-3 1.5642E-3 1.75017E-3 1.54491E-3 8.33657E-4 1.24996E-3 8.71363E-3 8.57863E-4 5.82984E-4 1.72544E-4 1.76754E-4 2.60307E-4 2.50108E-4 2.24619E-3 1.2733E-5 8.08917E-5 4.64735E-5 1.05854E-4 1.84635E-5 1.96445E-6 9.10517E-6 1.8279E-5 1.72454E-6 3.14669E-6 1.10111E-6 2.07584E-6 1.77987E-6 1.3567E-6 1.66744E-6 1.05763E-6 3.58007E-6 1.67841E-5 5.95788E-5 3.51439E-5 3.22756E-5 9.22165E-6 7.46863E-6 1.75613E-5 7.75582E-6 4.98341E-5 1.10128E-5 2.3759E-3 3.35562E-2 1.06443E-1 5.11981E-2 3.07111E-2 1.12667E-2 7.11162E-2 1.80253E-1 2.03091E-1 2.77046E-1 2.16395E-1 1.67099E-1 -9999 -9999 -9999 -9999
-9999 -9999 -9999 -9999 -9999 -9999 -9999 -9999 -9999 -9999 2.11304E-3 1.78714E-3 1.63866E-3 1.33209E-3 7.12179E-4 1.10159E-3 2.43236E-4 4.52889E-4 1.26709E-4 8.41044E-4 7.97738E-4 2.85714E-4 7.27885E-4 1.12018E-6 2.767E-5 3.93074E-4 2.46826E-4 3.05121E-6 1.27962E-5 1.16217E-5 1.66947E-5 5.26172E-6 8.19427E-6 2.68177E-6 2.12312E-6 1.97021E-6 4.59577E-6 9.84584E-7 2.61191E-6 7.79711E-6 1.24238E-5 3.49348E-5 1.82619E-5 3.77824E-5 6.48206E-6 1.56772E-5 1.58111E-5 2.39707E-6 9.32926E-6 8.01613E-6 3.09969E-2 6.43765E-2 1.16404E-1 4.1757E-2 2.57707E-2 1.60592E-2 2.19975E-2 4.9344E-2 1.02231E-1 1.36877E-1 1.66736E-1 7.10335E-2 -9999 -9999 -9999 -9999
