Leopardus guttulus/Leopardus_guttulus_projection 2041-2060_novel.asc
ncols         515
nrows         545
xllcorner     -119.0
yllcorner     -58.333333333333
cellsize      0.166666666667
NODATA_value  -9999
[rows 0 to 29 of 545, columns 0 to 66 of 515]
-9999 -9999 -9999 -9999 -9999 -9999 -9999 -9999 -9999 -9999 -9999 -9999 2.18865E0 2.51792E0 3.40887E0 6.44974E0 1.24153E1 1.09432E1 1.09432E1 1.93686E-2 1.93686E-2 9.68429E-2 -7.89472E-1 -5.26318E-1 -2.63158E0 -6.31579E0 -6.8421E0 -5.52631E0 -2.36843E0 -1.84211E0 -1.84211E0 -3.68421E0 -4.21052E0 -3.94737E0 -3.68421E0 -2.89473E0 -1.05264E0 -1.05264E0 1.93686E-2 9.68429E-2 1.93686E-2 -7.89472E-1 -1.57894E0 -2.36843E0 1.93686E-2 1.93686E-2 1.93686E-2 9.68429E-2 1.45264E0 1.41003E1 1.45264E0 3.48635E-1 2.20802E0 2.20802E0 1.54949E-1 6.00426E-1 -1.5625E0 -5.625E0 -4.6875E0 1.54949E-1 -6.875E0 -6.875E0 -6.25002E-1 6.00426E-1 1.54949E-1 -1.5625E0 -2.5E0
-9999 -9999 -9999 -9999 -9999 -9999 -9999 -9999 -9999 -9999 -9999 -9999 -9999 3.09897E0 3.40887E0 6.1011E0 1.43909E1 1.41003E1 1.61534E1 1.45264E0 3.48635E-1 8.52218E-1 9.68429E-2 1.93686E-2 -1.57894E0 -5.52631E0 -5.78948E0 -4.73684E0 -2.36843E0 -5.26318E-1 1.93686E-2 -7.89472E-1 -2.36843E0 -3.1579E0 -4.21052E0 -2.89473E0 -7.89472E-1 -1.31579E0 1.93686E-2 1.93686E-2 1.93686E-2 1.93686E-2 -7.89472E-1 1.93686E-2 1.93686E-2 1.93686E-2 1.93686E-2 9.68429E-2 9.68429E-2 3.48635E-1 6.44974E0 1.45264E0 6.00426E-1 1.39454E0 1.54949E-1 1.54949E-1 2.20802E0 -6.25002E-1 -4.6875E0 -1.25E0 -4.6875E0 -2.8125E0 -5.3125E0 -2.1875E0 -2.1875E0 -1.875E0 -2.8125E0
-9999 -9999 -9999 -9999 -9999 -9999 -9999 -9999 -9999 -9999 -9999 -9999 -9999 2.13054E0 2.86655E0 5.21015E0 1.27058E1 1.68313E1 1.74511E1 7.10827E0 2.18865E0 1.45264E0 8.52218E-1 9.68429E-2 1.93686E-2 -3.1579E0 -3.94737E0 -3.42105E0 -1.31579E0 -1.31579E0 -5.26318E-1 -2.63154E-1 -3.1579E0 -3.94737E0 -2.36843E0 -3.1579E0 -5.26318E-1 1.93686E-2 1.93686E-2 -2.63154E-1 1.93686E-2 9.68429E-2 9.68429E-2 3.48635E-1 9.68429E-2 9.68429E-2 9.68429E-2 9.68429E-2 1.93686E-2 9.68429E-2 1.45264E0 1.45264E0 6.00426E-1 2.20802E0 1.54949E-1 -3.12495E-1 3.29266E-1 1.39454E0 1.39454E0 -2.8125E0 -2.8125E0 -9.37498E-1 -3.125E0 -3.4375E0 -1.5625E0 -1.5625E0 -2.5E0
-9999 -9999 -9999 -9999 -9999 -9999 -9999 -9999 -9999 -9999 -9999 -9999 -9999 -9999 2.24676E0 4.64846E0 6.411E0 1.13694E1 1.79159E1 1.35193E1 3.40887E0 2.86655E0 8.52218E-1 3.48635E-1 3.48635E-1 9.68429E-2 1.93686E-2 -1.05264E0 -1.05264E0 -5.26318E-1 -5.26318E-1 -1.57894E0 -2.10526E0 -3.1579E0 -5E0 -7.89472E-1 -7.89472E-1 -7.89472E-1 1.93686E-2 1.93686E-2 1.93686E-2 1.93686E-2 1.93686E-2 3.48635E-1 3.00213E0 3.48635E-1 1.45264E0 8.52218E-1 9.68429E-2 8.52218E-1 1.45264E0 3.00213E0 6.00426E-1 1.45264E0 2.20802E0 1.54949E-1 1.3558E-1 2.20802E0 5.81058E0 1.54949E-1 1.54949E-1 -9.37498E-1 -1.25E0 1.54949E-1 1.54949E-1 6.00426E-1 1.54949E-1
-9999 -9999 -9999 -9999 -9999 -9999 -9999 -9999 -9999 -9999 -9999 -9999 -9999 -9999 -9999 3.60256E0 8.17354E0 1.07496E1 1.19892E1 1.54561E1 1.0459E1 6.44974E0 8.52218E-1 3.48635E-1 3.48635E-1 8.52218E-1 -9999 9.68429E-2 1.93686E-2 1.93686E-2 1.93686E-2 1.93686E-2 -2.63154E-1 -1.84211E0 -3.94737E0 -1.84211E0 1.93686E-2 1.93686E-2 -5.26318E-1 -5.26318E-1 -5.26318E-1 1.93686E-2 1.93686E-2 9.68429E-2 3.00213E0 3.48635E-1 8.52218E-1 3.48635E-1 3.00213E0 5.81058E0 2.20802E0 5.81058E0 6.00426E-1 8.52218E-1 1.45264E0 6.00426E-1 6.00426E-1 2.20802E0 5.81058E0 1.54949E-1 1.37517E0 1.54949E-1 1.54949E-1 1.54949E-1 6.00426E-1 6.00426E-1 1.54949E-1
-9999 -9999 -9999 -9999 -9999 -9999 -9999 -9999 -9999 -9999 -9999 -9999 -9999 -9999 2.38234E0 2.69223E0 8.17354E0 1.47782E1 5.82994E0 8.11544E0 1.32868E1 3.00213E0 8.52218E-1 3.48635E-1 3.48635E-1 -9999 -9999 -9999 -9999 9.68429E-2 -9999 -9999 1.93686E-2 -2.10526E0 -2.89473E0 -1.05264E0 -1.57894E0 1.93686E-2 1.93686E-2 1.93686E-2 1.93686E-2 9.68429E-2 9.68429E-2 9.68429E-2 1.45264E0 8.52218E-1 8.52218E-1 8.52218E-1 3.00213E0 3.00213E0 3.79624E0 3.00213E0 8.52218E-1 8.52218E-1 1.45264E0 1.54949E-1 4.45477E-1 1.39454E0 1.3558E-1 6.00426E-1 5.22952E-1 2.20802E0 6.00426E-1 6.00426E-1 6.00426E-1 1.54949E-1 6.00426E-1
-9999 -9999 -9999 -9999 -9999 -9999 -9999 -9999 -9999 -9999 -9999 -9999 -9999 -9999 -9999 2.38234E0 3.35076E0 6.81774E0 1.35193E1 7.59248E0 1.19892E1 3.00213E0 8.52218E-1 9.68429E-2 3.48635E-1 -9999 -9999 -9999 -9999 -9999 -9999 -9999 -9999 1.93686E-2 -1.31579E0 -2.10526E0 -2.36843E0 -7.89472E-1 1.93686E-2 9.68429E-2 9.68429E-2 9.68429E-2 3.48635E-1 9.68429E-2 3.48635E-1 8.52218E-1 1.45264E0 3.00213E0 1.93686E-1 5.81058E0 2.20802E0 5.81058E0 3.79624E0 8.52218E-1 3.00213E0 6.00426E-1 1.3558E-1 6.00426E-1 5.81058E-2 1.39454E0 6.00426E-1 1.39454E0 6.00426E-1 6.00426E-1 6.00426E-1 1.54949E-1 6.00426E-1
-9999 -9999 -9999 -9999 -9999 -9999 -9999 -9999 -9999 -9999 -9999 -9999 -9999 -9999 -9999 -9999 2.47918E0 4.24172E0 1.18729E1 1.25121E1 1.25121E1 8.52218E-1 9.68429E-2 3.48635E-1 -9999 -9999 -9999 -9999 -9999 -9999 -9999 -9999 -9999 -9999 -9999 1.93686E-2 -2.36843E0 -2.36843E0 1.93686E-2 9.68429E-2 9.68429E-2 9.68429E-2 3.48635E-1 9.68429E-2 9.68429E-2 3.48635E-1 3.48635E-1 3.00213E0 1.45264E0 1.45264E0 3.00213E0 2.20802E0 8.52218E-1 1.45264E0 1.45264E0 1.39454E0 6.00426E-1 1.39454E0 1.93686E-1 1.45264E0 2.20802E0 5.81058E0 6.00426E-1 6.00426E-1 6.00426E-1 1.54949E-1 6.00426E-1
-9999 -9999 -9999 -9999 -9999 -9999 -9999 -9999 -9999 -9999 -9999 -9999 -9999 -9999 -9999 -9999 2.38234E0 3.95119E0 9.50997E0 1.25121E1 1.53012E1 1.38679E1 9.68429E-2 9.68429E-2 -9999 -9999 -9999 -9999 -9999 -9999 -9999 -9999 -9999 -9999 -9999 -9999 -2.36843E0 -3.1579E0 1.93686E-2 1.93686E-2 1.93686E-2 1.93686E-2 1.93686E-2 9.68429E-2 8.52218E-1 9.68429E-2 3.48635E-1 3.00213E0 1.45264E0 5.81058E0 1.45264E0 3.00213E0 9.87798E-1 1.39454E0 3.00213E0 1.39454E0 6.00426E-1 3.48635E-1 9.68429E-2 3.79624E0 5.81058E0 2.20802E0 1.39454E0 6.00426E-1 6.00426E-1 6.00426E-1 6.00426E-1
-9999 -9999 -9999 -9999 -9999 -9999 -9999 -9999 -9999 -9999 -9999 -9999 -9999 -9999 -9999 -9999 -9999 3.21518E0 6.411E0 1.25121E1 1.53012E1 1.1563E1 1.45264E0 9.68429E-2 3.48635E-1 -9999 -9999 -9999 -9999 -9999 -9999 -9999 -9999 -9999 -9999 -9999 -1.31579E0 -2.63158E0 -1.84211E0 -2.63154E-1 9.68429E-2 9.68429E-2 1.93686E-2 1.93686E-2 1.93686E-2 1.93686E-2 9.68429E-2 3.48635E-1 8.52218E-1 3.00213E0 1.10401E0 3.00213E0 3.00213E0 1.45264E0 8.25102E0 1.45264E0 6.00426E-1 8.52218E-1 9.68429E-2 3.79624E0 3.79624E0 6.00426E-1 6.00426E-1 6.00426E-1 6.00426E-1 1.39454E0 1.39454E0
-9999 -9999 -9999 -9999 -9999 -9999 -9999 -9999 -9999 -9999 -9999 -9999 -9999 -9999 -9999 -9999 -9999 -9999 4.24172E0 1.0459E1 1.14081E1 1.19892E1 1.09045E1 9.68429E-2 3.48635E-1 3.48635E-1 -9999 -9999 -9999 -9999 -9999 -9999 -9999 -9999 -9999 -9999 1.93686E-2 -7.89472E-1 1.93686E-2 -1.57894E0 -1.84211E0 -1.57894E0 -1.05264E0 -2.63154E-1 1.93686E-2 1.93686E-2 9.68429E-2 9.68429E-2 3.48635E-1 8.52218E-1 3.00213E0 1.99496E0 9.87798E-1 8.52218E-1 8.52218E-1 1.45264E0 8.52218E-1 3.48635E-1 3.48635E-1 3.48635E-1 3.79624E0 2.20802E0 2.20802E0 1.39454E0 1.39454E0 1.39454E0 1.37517E0
-9999 -9999 -9999 -9999 -9999 -9999 -9999 -9999 -9999 -9999 -9999 -9999 -9999 -9999 -9999 -9999 -9999 -9999 2.47918E0 6.81774E0 9.33566E0 6.44974E0 1.04203E1 8.52218E-1 3.48635E-1 3.48635E-1 -9999 -9999 -9999 -9999 -9999 -9999 -9999 -9999 -9999 -9999 9.68429E-2 -5.26318E-1 1.93686E-2 -7.89472E-1 -1.57894E0 -7.89472E-1 1.93686E-2 -1.31579E0 -1.84211E0 -2.63154E-1 1.93686E-2 1.93686E-2 9.68429E-2 8.52218E-1 3.29266E-1 1.99496E0 2.51792E-1 6.19795E-1 2.51792E-1 3.00213E0 1.45264E0 3.48635E-1 3.00213E0 5.81058E0 1.45264E0 5.81058E0 8.25102E0 3.79624E0 2.20802E0 1.39454E0 1.37517E0
-9999 -9999 -9999 -9999 -9999 -9999 -9999 -9999 -9999 -9999 -9999 -9999 -9999 -9999 -9999 -9999 -9999 -9999 -9999 3.60256E0 8.90955E0 6.44974E0 3.00213E0 3.00213E0 3.48635E-1 3.48635E-1 -9999 -9999 -9999 -9999 -9999 -9999 -9999 -9999 -9999 -9999 -9999 9.68429E-2 1.93686E-2 9.68429E-2 1.93686E-2 1.93686E-2 9.68429E-2 -2.63154E-1 -1.05264E0 -2.63154E-1 -1.11987E0 1.93686E-2 9.68429E-2 3.29266E-1 1.93686E-1 1.70444E0 8.52218E-1 9.68429E-2 3.48635E-1 8.52218E-1 1.45264E0 9.68429E-2 8.52218E-1 8.25102E0 8.52218E-1 3.79624E0 8.25102E0 5.81058E0 5.81058E0 2.20802E0 1.39454E0
-9999 -9999 -9999 -9999 -9999 -9999 -9999 -9999 -9999 -9999 -9999 -9999 -9999 -9999 -9999 -9999 -9999 -9999 -9999 2.69223E0 5.21015E0 6.411E0 3.00213E0 3.00213E0 1.45264E0 8.52218E-1 -9999 -9999 -9999 -9999 -9999 -9999 -9999 -9999 -9999 -9999 -9999 -9999 3.48635E-1 3.48635E-1 9.68429E-2 9.68429E-2 9.68429E-2 3.48635E-1 9.68429E-2 9.68429E-2 5.81058E-2 5.81058E-2 9.68429E-2 3.48635E-1 3.48635E-1 1.10401E0 3.48635E-1 1.45264E0 8.52218E-1 9.68429E-2 3.00213E0 3.48635E-1 3.48635E-1 3.00213E0 1.45264E0 5.81058E0 8.25102E0 5.81058E0 3.79624E0 2.20802E0 2.20802E0
-9999 -9999 -9999 -9999 -9999 -9999 -9999 -9999 -9999 -9999 -9999 -9999 -9999 -9999 -9999 -9999 -9999 -9999 -9999 -9999 3.21518E0 4.45477E0 3.00213E0 1.45264E0 8.52218E-1 1.45264E0 -9999 -9999 -9999 -9999 -9999 -9999 -9999 -9999 -9999 -9999 -9999 -9999 3.48635E-1 3.48635E-1 3.48635E-1 3.48635E-1 1.93686E-1 1.54949E-1 2.51792E-1 1.54949E-1 1.93686E-2 7.74743E-2 9.68429E-2 3.48635E-1 1.45264E0 1.45264E0 9.68429E-2 8.52218E-1 9.68429E-2 1.93686E-2 1.45264E0 9.68429E-2 9.68429E-2 1.45264E0 5.81058E0 5.81058E0 5.81058E0 5.81058E0 3.79624E0 3.79624E0 3.79624E0
-9999 -9999 -9999 -9999 -9999 -9999 -9999 -9999 -9999 -9999 -9999 -9999 -9999 -9999 -9999 -9999 -9999 -9999 -9999 -9999 2.47918E0 3.21518E0 4.45477E0 1.45264E0 1.37517E0 1.45264E0 1.45264E0 -9999 -9999 -9999 -9999 -9999 -9999 -9999 -9999 -9999 -9999 -9999 3.48635E-1 3.48635E-1 3.48635E-1 3.48635E-1 1.93686E-1 9.68429E-2 3.29266E-1 3.87372E-2 -5.09796E-1 9.68429E-2 7.74743E-2 3.48635E-1 3.48635E-1 8.52218E-1 1.93686E-2 8.52218E-1 3.48635E-1 1.93686E-2 8.52218E-1 3.48635E-1 9.68429E-2 1.45264E0 5.81058E0 8.25102E0 5.81058E0 5.81058E0 5.81058E0 5.81058E0 3.79624E0
-9999 -9999 -9999 -9999 -9999 -9999 -9999 -9999 -9999 -9999 -9999 -9999 -9999 -9999 -9999 -9999 -9999 -9999 -9999 -9999 2.13054E0 2.69223E0 3.09897E0 3.60256E0 3.00213E0 1.45264E0 3.00213E0 -9999 -9999 -9999 -9999 -9999 -9999 -9999 -9999 -9999 -9999 -9999 -9999 3.48635E-1 3.48635E-1 3.48635E-1 3.48635E-1 3.48635E-1 3.48635E-1 1.54949E-1 7.74743E-2 7.74743E-2 1.93686E-2 9.68429E-2 9.68429E-2 3.48635E-1 3.48635E-1 9.68429E-2 8.52218E-1 9.68429E-2 -5.26318E-1 3.48635E-1 1.93686E-2 3.48635E-1 1.45264E0 8.25102E0 8.25102E0 8.25102E0 5.81058E0 5.81058E0 1.99496E0
-9999 -9999 -9999 -9999 -9999 -9999 -9999 -9999 -9999 -9999 -9999 -9999 -9999 -9999 -9999 -9999 -9999 -9999 -9999 -9999 -9999 -9999 -9999 2.38234E0 2.86655E0 3.00213E0 1.45264E0 1.45264E0 8.52218E-1 -9999 -9999 -9999 -9999 -9999 -9999 -9999 -9999 -9999 -9999 -9999 3.48635E-1 3.48635E-1 9.68429E-2 9.68429E-2 3.48635E-1 2.51792E-1 5.81058E-2 7.74743E-2 1.93686E-2 1.93686E-2 1.93686E-2 1.93686E-2 3.48635E-1 9.68429E-2 3.48635E-1 9.68429E-2 -2.36843E0 9.68429E-2 9.68429E-2 9.68429E-2 8.52218E-1 3.00213E0 7.59248E0 7.59248E0 5.81058E0 5.81058E0 3.11834E0
-9999 -9999 -9999 -9999 -9999 -9999 -9999 -9999 -9999 -9999 -9999 -9999 -9999 -9999 -9999 -9999 -9999 -9999 -9999 -9999 -9999 -9999 -9999 -9999 1.99496E0 2.38234E0 3.00213E0 1.45264E0 1.45264E0 1.45264E0 1.45264E0 -9999 -9999 -9999 -9999 -9999 -9999 -9999 -9999 -9999 8.52218E-1 3.48635E-1 3.48635E-1 9.68429E-2 1.93686E-2 9.68429E-2 9.68429E-2 9.68429E-2 1.93686E-2 -7.89472E-1 1.93686E-2 -1.84211E0 1.93686E-2 3.29266E-1 9.68429E-2 1.93686E-2 -1.57894E0 3.48635E-1 1.93686E-2 9.68429E-2 9.68429E-2 1.45264E0 5.34573E0 5.81058E0 6.85648E0 2.32423E0 1.54949E-1
-9999 -9999 -9999 -9999 -9999 -9999 -9999 -9999 -9999 -9999 -9999 -9999 -9999 -9999 -9999 -9999 -9999 -9999 -9999 -9999 -9999 -9999 -9999 -9999 -9999 -9999 2.51792E0 3.00213E0 1.45264E0 3.00213E0 1.45264E0 1.45264E0 -9999 -9999 -9999 -9999 -9999 -9999 -9999 -9999 -9999 8.52218E-1 3.48635E-1 9.68429E-2 1.93686E-2 1.93686E-2 1.93686E-2 1.93686E-2 1.93686E-2 -2.36843E0 -1.31579E0 -1.31579E0 -1.11987E0 7.74743E-2 1.93686E-1 -1.84211E0 -7.89472E-1 9.68429E-2 1.93686E-2 3.48635E-1 8.52218E-1 3.00213E0 3.68003E0 5.81058E0 5.34573E0 9.87798E-1 5.22952E-1
-9999 -9999 -9999 -9999 -9999 -9999 -9999 -9999 -9999 -9999 -9999 -9999 -9999 -9999 -9999 -9999 -9999 -9999 -9999 -9999 -9999 -9999 -9999 -9999 -9999 -9999 -9999 2.38234E0 3.00213E0 1.45264E0 3.00213E0 3.00213E0 -9999 -9999 -9999 -9999 -9999 -9999 -9999 1.45264E0 -9999 1.45264E0 3.48635E-1 9.68429E-2 1.93686E-2 1.93686E-2 -2.63154E-1 -7.89472E-1 -2.63154E-1 -1.84211E0 -2.63154E-1 -3.56017E0 7.74743E-2 1.93686E-2 1.54949E-1 9.68429E-2 9.68429E-2 -1.05264E0 -1.84211E0 8.52218E-1 1.99496E0 1.45264E0 2.7116E0 2.7116E0 1.70444E0 4.45477E-1 1.93686E-1
-9999 -9999 -9999 -9999 -9999 -9999 -9999 -9999 -9999 -9999 -9999 -9999 -9999 -9999 -9999 -9999 -9999 -9999 -9999 -9999 -9999 -9999 -9999 -9999 -9999 -9999 -9999 -9999 2.69223E0 2.51792E0 3.21518E0 3.00213E0 -9999 -9999 -9999 -9999 -9999 -9999 -9999 3.00213E0 -9999 -9999 8.52218E-1 9.68429E-2 1.93686E-2 1.93686E-2 1.93686E-2 1.93686E-2 1.93686E-2 1.93686E-2 1.93686E-2 -1.11987E0 -1.72995E0 -1.11987E0 9.68429E-2 1.93686E-2 9.68429E-2 9.68429E-2 9.68429E-2 8.52218E-1 1.37517E0 1.45264E0 1.70444E0 1.10401E0 1.70444E0 1.93686E-1 9.68429E-2
-9999 -9999 -9999 -9999 -9999 -9999 -9999 -9999 -9999 -9999 -9999 -9999 -9999 -9999 -9999 -9999 -9999 -9999 -9999 -9999 -9999 -9999 -9999 -9999 -9999 -9999 -9999 -9999 1.99496E0 2.38234E0 3.35076E0 5.75247E0 3.00213E0 3.00213E0 2.90529E0 -9999 -9999 -9999 -9999 -9999 -9999 -9999 -9999 3.48635E-1 3.48635E-1 9.68429E-2 1.93686E-2 1.93686E-2 1.93686E-2 1.93686E-2 1.93686E-2 1.93686E-2 9.68429E-2 9.68429E-2 1.93686E-2 1.93686E-2 -1.84211E0 8.52218E-1 8.52218E-1 8.52218E-1 1.10401E0 1.99496E0 9.87798E-1 5.22952E-1 1.70444E0 9.68429E-2 1.93686E-2
-9999 -9999 -9999 -9999 -9999 -9999 -9999 -9999 -9999 -9999 -9999 -9999 -9999 -9999 -9999 -9999 -9999 -9999 -9999 -9999 -9999 -9999 -9999 -9999 -9999 -9999 -9999 -9999 -9999 -9999 3.35076E0 6.44974E0 6.44974E0 3.00213E0 1.45264E0 -9999 -9999 -9999 -9999 -9999 -9999 -9999 -9999 -9999 8.52218E-1 9.68429E-2 9.68429E-2 9.68429E-2 3.48635E-1 9.68429E-2 9.68429E-2 9.68429E-2 1.93686E-2 1.93686E-2 -7.89472E-1 9.68429E-2 -4.73684E0 9.68429E-2 1.10401E0 1.10401E0 8.90955E-1 1.70444E0 6.19795E-1 1.93686E-1 1.10401E0 6.19795E-1 7.74743E-2
-9999 -9999 -9999 -9999 -9999 -9999 -9999 -9999 -9999 -9999 -9999 -9999 -9999 -9999 -9999 -9999 -9999 -9999 -9999 -9999 -9999 -9999 -9999 -9999 -9999 -9999 -9999 -9999 -9999 -9999 2.86655E0 5.90742E0 6.44974E0 6.44974E0 3.00213E0 1.45264E0 -9999 -9999 -9999 -9999 -9999 -9999 -9999 -9999 -9999 8.52218E-1 9.68429E-2 9.68429E-2 3.48635E-1 9.68429E-2 1.93686E-2 1.93686E-2 1.93686E-2 1.93686E-2 -1.31579E0 1.93686E-2 -4.73684E0 9.68429E-2 3.48635E-1 1.70444E0 6.19795E-1 6.19795E-1 6.19795E-1 8.90955E-1 8.90955E-1 8.90955E-1 4.45477E-1
-9999 -9999 -9999 -9999 -9999 -9999 -9999 -9999 -9999 -9999 -9999 -9999 -9999 -9999 -9999 -9999 -9999 -9999 -9999 -9999 -9999 -9999 -9999 -9999 -9999 -9999 -9999 -9999 -9999 -9999 2.24676E0 3.40887E0 5.34573E0 3.00213E0 3.00213E0 1.45264E0 -9999 -9999 -9999 -9999 -9999 -9999 -9999 -9999 -9999 -9999 3.48635E-1 3.48635E-1 3.48635E-1 9.68429E-2 1.93686E-2 9.68429E-2 1.93686E-2 1.93686E-2 -2.89473E0 -5.26318E-1 -1.31579E0 -2.63154E-1 1.93686E-2 1.99496E0 2.32423E0 2.32423E0 2.32423E0 3.11834E0 1.70444E0 1.70444E0 9.87798E-1
-9999 -9999 -9999 -9999 -9999 -9999 -9999 -9999 -9999 -9999 -9999 -9999 -9999 -9999 -9999 -9999 -9999 -9999 -9999 -9999 -9999 -9999 -9999 -9999 -9999 -9999 -9999 -9999 -9999 -9999 2.24676E0 3.00213E0 3.40887E0 1.45264E0 1.45264E0 1.45264E0 8.52218E-1 -9999 -9999 -9999 -9999 -9999 -9999 -9999 -9999 -9999 -9999 8.52218E-1 3.48635E-1 3.48635E-1 9.68429E-2 9.68429E-2 1.93686E-2 -5.26318E-1 -2.10526E0 -1.84211E0 -7.89472E-1 1.93686E-2 9.68429E-2 2.7116E0 3.00213E0 1.45264E0 1.45264E0 1.45264E0 3.11834E0 1.37517E0 1.99496E0
-9999 -9999 -9999 -9999 -9999 -9999 -9999 -9999 -9999 -9999 -9999 -9999 -9999 -9999 -9999 -9999 -9999 -9999 -9999 -9999 -9999 -9999 -9999 -9999 -9999 -9999 -9999 -9999 -9999 2.05307E0 2.38234E0 2.86655E0 2.90529E0 1.45264E0 8.52218E-1 1.45264E0 8.52218E-1 -9999 -9999 -9999 -9999 -9999 -9999 -9999 -9999 -9999 -9999 -9999 -9999 -9999 -9999 3.48635E-1 3.48635E-1 1.93686E-2 1.93686E-2 1.93686E-2 1.93686E-2 1.93686E-2 9.68429E-2 8.52218E-1 1.45264E0 9.68429E-2 1.45264E0 1.45264E0 2.7116E0 2.7116E0 1.70444E0
-9999 -9999 -9999 -9999 -9999 -9999 -9999 -9999 -9999 -9999 -9999 -9999 -9999 -9999 -9999 -9999 -9999 -9999 -9999 -9999 -9999 -9999 -9999 -9999 -9999 -9999 -9999 -9999 -9999 -9999 -9999 2.67286E0 1.45264E0 1.45264E0 1.45264E0 1.45264E0 3.48635E-1 -9999 -9999 -9999 -9999 -9999 -9999 -9999 -9999 -9999 -9999 -9999 -9999 -9999 -9999 9.68429E-2 3.48635E-1 1.93686E-2 1.93686E-2 1.93686E-2 1.93686E-2 9.68429E-2 1.93686E-2 3.48635E-1 3.48635E-1 3.48635E-1 5.82994E0 3.00213E0 5.82994E0 4.66783E0 1.37517E0
-9999 -9999 -9999 -9999 -9999 -9999 -9999 -9999 -9999 -9999 -9999 -9999 -9999 -9999 -9999 -9999 -9999 -9999 -9999 -9999 -9999 -9999 -9999 -9999 -9999 -9999 3.00213E0 2.47918E0 2.38234E0 -9999 -9999 2.59539E0 1.45264E0 8.52218E-1 8.52218E-1 1.45264E0 8.52218E-1 3.48635E-1 8.52218E-1 -9999 -9999 -9999 -9999 -9999 -9999 -9999 -9999 -9999 -9999 -9999 -9999 3.48635E-1 9.68429E-2 9.68429E-2 1.93686E-2 1.93686E-2 9.68429E-2 1.93686E-2 -7.89472E-1 9.68429E-2 1.93686E-2 3.48635E-1 8.52218E-1 3.48635E-1 3.00213E0 2.7116E0 1.99496E0
