Leopardus guttulus/Leopardus_guttulus_projection 2041-2060_novel.asc
ncols         515
nrows         545
xllcorner     -119.0
yllcorner     -58.333333333333
cellsize      0.166666666667
NODATA_value  -9999
[rows 210 to 239 of 545, columns 402 to 468 of 515]
3.87372E-2 1.60759E0 1.60759E0 1.60759E0 1.60759E0 1.60759E0 1.60759E0 1.60759E0 1.60759E0 1.60759E0 1.60759E0 1.60759E0 3.87372E-2 3.87372E-2 3.87372E-2 3.87372E-2 3.87372E-2 3.87372E-2 3.87372E-2 3.87372E-2 3.87372E-2 3.87372E-2 3.87372E-2 3.87372E-2 3.87372E-2 3.87372E-2 3.87372E-2 3.87372E-2 1.60759E0 1.60759E0 3.87372E-2 3.87372E-2 3.87372E-2 3.87372E-2 3.87372E-2 3.87372E-2 3.87372E-2 3.87372E-2 3.87372E-2 3.87372E-2 3.87372E-2 3.87372E-2 3.87372E-2 3.87372E-2 1.93686E-2 1.93686E-2 3.87372E-2 -9999 -9999 3.87372E-2 3.87372E-2 3.87372E-2 3.87372E-2 3.87372E-2 3.87372E-2 -9999 -9999 -9999 -9999 -9999 -9999 -9999 -9999 -9999 -9999 -9999 -9999
3.87372E-2 1.60759E0 1.60759E0 1.60759E0 1.60759E0 1.60759E0 1.60759E0 1.60759E0 1.60759E0 1.60759E0 1.60759E0 3.87372E-2 3.87372E-2 3.87372E-2 3.87372E-2 3.87372E-2 3.87372E-2 3.87372E-2 3.87372E-2 3.87372E-2 3.87372E-2 3.87372E-2 3.87372E-2 3.87372E-2 3.87372E-2 3.87372E-2 3.87372E-2 3.87372E-2 1.60759E0 1.60759E0 1.60759E0 3.87372E-2 3.87372E-2 3.87372E-2 3.87372E-2 3.87372E-2 3.87372E-2 3.87372E-2 3.87372E-2 3.87372E-2 3.87372E-2 3.87372E-2 3.87372E-2 3.87372E-2 1.93686E-2 3.87372E-2 3.87372E-2 -9999 3.87372E-2 3.87372E-2 3.87372E-2 3.87372E-2 3.87372E-2 3.87372E-2 3.87372E-2 3.87372E-2 3.87372E-2 -9999 -9999 -9999 -9999 -9999 -9999 -9999 -9999 -9999 -9999
3.87372E-2 1.60759E0 1.60759E0 1.60759E0 1.60759E0 1.60759E0 1.60759E0 1.60759E0 1.60759E0 1.60759E0 1.60759E0 1.60759E0 3.87372E-2 3.87372E-2 3.87372E-2 3.87372E-2 3.87372E-2 3.87372E-2 3.87372E-2 3.87372E-2 3.87372E-2 3.87372E-2 3.87372E-2 3.87372E-2 3.87372E-2 3.87372E-2 1.60759E0 1.60759E0 1.60759E0 1.60759E0 3.87372E-2 3.87372E-2 3.87372E-2 3.87372E-2 1.60759E0 3.87372E-2 3.87372E-2 3.87372E-2 3.87372E-2 3.87372E-2 3.87372E-2 3.87372E-2 3.87372E-2 3.87372E-2 3.87372E-2 3.87372E-2 3.87372E-2 3.87372E-2 3.87372E-2 3.87372E-2 3.87372E-2 3.87372E-2 3.87372E-2 3.87372E-2 3.87372E-2 3.87372E-2 3.87372E-2 3.87372E-2 3.87372E-2 3.87372E-2 1.93686E-2 1.93686E-2 -9999 -9999 -9999 -9999 -9999
1.60759E0 3.87372E-2 1.60759E0 1.60759E0 1.60759E0 1.60759E0 1.60759E0 1.60759E0 1.60759E0 1.60759E0 3.87372E-2 1.60759E0 3.87372E-2 3.87372E-2 3.87372E-2 3.87372E-2 3.87372E-2 3.87372E-2 3.87372E-2 3.87372E-2 3.87372E-2 3.87372E-2 3.87372E-2 3.87372E-2 3.87372E-2 3.87372E-2 1.60759E0 1.60759E0 1.60759E0 1.60759E0 1.60759E0 1.60759E0 1.60759E0 1.60759E0 1.60759E0 3.87372E-2 3.87372E-2 3.87372E-2 3.87372E-2 3.87372E-2 3.87372E-2 3.87372E-2 3.87372E-2 3.87372E-2 3.87372E-2 3.87372E-2 3.87372E-2 3.87372E-2 3.87372E-2 3.87372E-2 3.87372E-2 3.87372E-2 3.87372E-2 3.87372E-2 3.87372E-2 3.87372E-2 3.87372E-2 3.87372E-2 3.87372E-2 3.87372E-2 3.87372E-2 3.87372E-2 3.87372E-2 1.60759E0 1.60759E0 1.60759E0 1.60759E0
1.60759E0 1.60759E0 1.60759E0 1.60759E0 1.60759E0 1.60759E0 1.60759E0 1.60759E0 1.60759E0 1.60759E0 3.87372E-2 3.87372E-2 3.87372E-2 3.87372E-2 3.87372E-2 3.87372E-2 3.87372E-2 3.87372E-2 3.87372E-2 3.87372E-2 3.87372E-2 3.87372E-2 3.87372E-2 3.87372E-2 1.60759E0 1.60759E0 1.60759E0 1.60759E0 1.60759E0 1.60759E0 1.60759E0 1.60759E0 1.60759E0 1.60759E0 1.60759E0 1.60759E0 1.60759E0 1.60759E0 3.87372E-2 3.87372E-2 3.87372E-2 3.87372E-2 3.87372E-2 3.87372E-2 3.87372E-2 3.87372E-2 3.87372E-2 3.87372E-2 3.87372E-2 3.87372E-2 3.87372E-2 3.87372E-2 1.60759E0 3.87372E-2 1.60759E0 1.60759E0 3.87372E-2 3.87372E-2 3.87372E-2 3.87372E-2 3.87372E-2 1.60759E0 1.60759E0 1.60759E0 2.13054E0 2.09181E0 1.60759E0
1.60759E0 1.60759E0 1.60759E0 1.60759E0 1.60759E0 1.60759E0 1.60759E0 1.60759E0 1.60759E0 1.60759E0 1.60759E0 3.87372E-2 3.87372E-2 3.87372E-2 3.87372E-2 3.87372E-2 3.87372E-2 3.87372E-2 3.87372E-2 3.87372E-2 1.60759E0 1.60759E0 1.60759E0 1.60759E0 1.60759E0 1.60759E0 1.60759E0 1.60759E0 1.60759E0 1.60759E0 1.60759E0 1.60759E0 1.60759E0 1.60759E0 1.60759E0 1.60759E0 1.60759E0 1.60759E0 1.60759E0 3.87372E-2 3.87372E-2 3.87372E-2 3.87372E-2 3.87372E-2 3.87372E-2 3.87372E-2 3.87372E-2 3.87372E-2 3.87372E-2 3.87372E-2 3.87372E-2 3.87372E-2 1.60759E0 1.60759E0 1.60759E0 1.60759E0 3.87372E-2 3.87372E-2 3.87372E-2 3.87372E-2 3.87372E-2 1.60759E0 3.79624E0 3.35076E0 9.99419E0 8.90955E0 2.18865E0
1.60759E0 1.60759E0 1.60759E0 1.60759E0 1.60759E0 1.60759E0 1.60759E0 1.60759E0 1.60759E0 1.60759E0 1.60759E0 1.60759E0 3.87372E-2 3.87372E-2 3.87372E-2 3.87372E-2 3.87372E-2 1.60759E0 3.87372E-2 1.60759E0 1.60759E0 1.60759E0 1.60759E0 1.60759E0 1.60759E0 1.60759E0 1.60759E0 1.60759E0 1.60759E0 1.60759E0 1.60759E0 1.60759E0 1.60759E0 1.60759E0 1.60759E0 1.60759E0 1.60759E0 1.60759E0 1.60759E0 3.87372E-2 3.87372E-2 3.87372E-2 3.87372E-2 3.87372E-2 3.87372E-2 3.87372E-2 3.87372E-2 3.87372E-2 3.87372E-2 3.87372E-2 3.87372E-2 1.60759E0 1.60759E0 1.60759E0 1.60759E0 1.60759E0 3.87372E-2 3.87372E-2 3.87372E-2 3.87372E-2 3.87372E-2 1.60759E0 6.44974E0 6.44974E0 4.45477E0 1.06915E1 7.66996E0
1.2086E1 1.2086E1 1.2086E1 1.2086E1 1.60759E0 1.60759E0 1.60759E0 1.60759E0 1.60759E0 1.60759E0 1.60759E0 1.60759E0 1.60759E0 1.60759E0 3.87372E-2 3.87372E-2 1.60759E0 1.60759E0 3.87372E-2 1.60759E0 1.60759E0 1.60759E0 1.60759E0 1.60759E0 1.60759E0 1.60759E0 1.60759E0 1.60759E0 1.60759E0 1.60759E0 1.60759E0 1.60759E0 1.60759E0 1.60759E0 1.60759E0 1.60759E0 1.60759E0 1.60759E0 1.60759E0 1.60759E0 3.87372E-2 3.87372E-2 3.87372E-2 3.87372E-2 3.87372E-2 3.87372E-2 3.87372E-2 3.87372E-2 3.87372E-2 3.87372E-2 1.60759E0 1.60759E0 1.60759E0 1.45264E0 1.60759E0 1.45264E0 1.60759E0 1.60759E0 1.60759E0 1.60759E0 1.45264E0 1.60759E0 3.00213E0 4.04803E0 9.99419E0 3.95119E0 3.40887E0
1.2086E1 1.2086E1 1.2086E1 1.2086E1 1.2086E1 1.2086E1 1.60759E0 1.60759E0 1.60759E0 1.60759E0 1.60759E0 1.60759E0 3.87372E-2 3.87372E-2 3.87372E-2 3.87372E-2 3.87372E-2 1.60759E0 1.60759E0 1.60759E0 1.60759E0 1.60759E0 1.60759E0 1.60759E0 1.60759E0 1.60759E0 1.60759E0 1.60759E0 1.60759E0 1.60759E0 1.60759E0 1.2086E1 1.2086E1 1.2086E1 1.60759E0 1.60759E0 1.60759E0 1.60759E0 1.60759E0 1.60759E0 1.60759E0 3.87372E-2 3.87372E-2 3.87372E-2 3.87372E-2 3.87372E-2 3.87372E-2 3.87372E-2 1.45264E0 1.45264E0 1.60759E0 1.60759E0 1.60759E0 1.60759E0 1.45264E0 1.45264E0 1.45264E0 1.60759E0 1.45264E0 1.45264E0 1.45264E0 1.45264E0 3.00213E0 3.00213E0 3.60256E0 3.35076E0 4.04803E0
1.2086E1 1.2086E1 1.2086E1 1.2086E1 1.2086E1 1.2086E1 1.2086E1 1.60759E0 1.60759E0 1.60759E0 1.60759E0 1.60759E0 1.60759E0 3.87372E-2 3.87372E-2 1.60759E0 3.87372E-2 1.60759E0 1.60759E0 1.60759E0 1.60759E0 1.60759E0 1.60759E0 1.60759E0 1.60759E0 1.60759E0 1.2086E1 1.60759E0 1.60759E0 1.2086E1 1.2086E1 1.2086E1 1.2086E1 6.44974E0 6.44974E0 6.44974E0 1.60759E0 1.60759E0 1.60759E0 1.60759E0 1.60759E0 3.87372E-2 3.87372E-2 3.87372E-2 3.87372E-2 3.87372E-2 3.87372E-2 1.45264E0 1.45264E0 1.60759E0 1.45264E0 1.60759E0 1.45264E0 1.45264E0 1.45264E0 1.45264E0 1.45264E0 1.45264E0 1.45264E0 1.45264E0 1.45264E0 3.00213E0 1.45264E0 3.00213E0 3.00213E0 2.51792E0 3.21518E0
2.0124E1 1.88263E1 1.2086E1 1.2086E1 1.2086E1 1.2086E1 1.2086E1 1.60759E0 1.60759E0 1.60759E0 1.60759E0 1.60759E0 1.60759E0 3.87372E-2 3.87372E-2 1.60759E0 1.60759E0 1.60759E0 1.60759E0 1.60759E0 1.60759E0 1.60759E0 1.60759E0 1.60759E0 1.60759E0 1.2086E1 1.2086E1 6.44974E0 1.2086E1 1.2086E1 1.2086E1 1.2086E1 6.44974E0 6.44974E0 1.2086E1 6.44974E0 6.44974E0 1.60759E0 1.60759E0 1.60759E0 1.60759E0 1.45264E0 3.87372E-2 3.87372E-2 3.87372E-2 3.87372E-2 1.45264E0 1.45264E0 1.45264E0 1.45264E0 1.45264E0 1.45264E0 1.45264E0 1.45264E0 1.45264E0 1.45264E0 1.45264E0 1.45264E0 1.45264E0 1.45264E0 3.00213E0 3.00213E0 3.00213E0 3.00213E0 3.00213E0 2.51792E0 2.18865E0
2.20802E1 2.10149E1 1.98915E1 1.2086E1 1.2086E1 1.2086E1 1.2086E1 1.2086E1 1.60759E0 1.60759E0 1.60759E0 1.60759E0 1.60759E0 1.60759E0 3.87372E-2 3.87372E-2 1.60759E0 1.60759E0 1.60759E0 1.60759E0 1.60759E0 1.60759E0 1.60759E0 1.60759E0 1.2086E1 1.2086E1 6.44974E0 6.44974E0 1.2086E1 1.2086E1 6.44974E0 6.44974E0 6.44974E0 6.44974E0 6.44974E0 1.98915E1 6.44974E0 6.44974E0 6.44974E0 1.60759E0 1.60759E0 1.45264E0 3.87372E-2 3.87372E-2 3.87372E-2 1.45264E0 1.45264E0 1.45264E0 1.45264E0 1.45264E0 1.45264E0 1.45264E0 1.45264E0 1.45264E0 1.45264E0 1.45264E0 1.45264E0 1.45264E0 1.45264E0 1.45264E0 1.45264E0 3.00213E0 6.44974E0 6.1011E0 4.04803E0 3.21518E0 8.83207E0
1.98915E1 1.98915E1 1.2086E1 1.2086E1 1.2086E1 1.2086E1 1.2086E1 1.2086E1 1.2086E1 1.60759E0 1.60759E0 1.60759E0 1.60759E0 1.60759E0 1.60759E0 3.87372E-2 3.87372E-2 1.60759E0 1.60759E0 1.60759E0 1.60759E0 1.60759E0 1.60759E0 6.44974E0 1.2086E1 1.2086E1 6.44974E0 6.44974E0 1.98915E1 1.98915E1 6.44974E0 6.44974E0 1.98915E1 6.44974E0 1.98915E1 6.44974E0 6.44974E0 6.44974E0 6.44974E0 3.00213E0 1.60759E0 1.45264E0 1.45264E0 1.45264E0 1.45264E0 1.45264E0 1.45264E0 1.45264E0 1.45264E0 1.45264E0 8.52218E-1 1.45264E0 1.45264E0 1.45264E0 1.45264E0 8.52218E-1 1.45264E0 8.52218E-1 1.45264E0 1.45264E0 3.00213E0 3.00213E0 6.44974E0 6.411E0 4.45477E0 3.60256E0 1.21635E1
1.98915E1 1.98915E1 1.98915E1 1.2086E1 1.2086E1 1.2086E1 1.2086E1 1.2086E1 1.2086E1 1.2086E1 1.60759E0 1.60759E0 1.60759E0 1.60759E0 1.60759E0 1.60759E0 1.60759E0 1.60759E0 1.60759E0 1.60759E0 6.44974E0 1.2086E1 6.44974E0 6.44974E0 6.44974E0 1.2086E1 6.44974E0 6.44974E0 1.98915E1 6.44974E0 6.44974E0 1.98915E1 1.98915E1 1.98915E1 1.98915E1 6.44974E0 6.44974E0 1.98915E1 6.44974E0 3.00213E0 3.00213E0 3.00213E0 1.45264E0 1.45264E0 1.45264E0 1.45264E0 1.45264E0 1.45264E0 1.45264E0 1.45264E0 8.52218E-1 1.45264E0 1.45264E0 1.45264E0 8.52218E-1 8.52218E-1 8.52218E-1 1.45264E0 8.52218E-1 1.45264E0 1.45264E0 3.00213E0 6.44974E0 6.44974E0 4.24172E0 3.60256E0 1.34418E1
1.98915E1 1.98915E1 1.98915E1 1.98915E1 1.2086E1 1.2086E1 1.2086E1 1.2086E1 1.2086E1 1.2086E1 1.2086E1 1.60759E0 1.60759E0 1.60759E0 1.60759E0 1.60759E0 1.60759E0 1.60759E0 1.60759E0 1.60759E0 1.60759E0 6.44974E0 6.44974E0 6.44974E0 6.44974E0 6.44974E0 6.44974E0 6.44974E0 6.44974E0 6.44974E0 6.44974E0 1.98915E1 1.98915E1 1.98915E1 1.98915E1 6.44974E0 6.44974E0 6.44974E0 6.44974E0 3.00213E0 3.00213E0 3.00213E0 3.00213E0 1.45264E0 1.45264E0 1.45264E0 1.45264E0 1.45264E0 1.45264E0 1.45264E0 1.45264E0 1.45264E0 1.45264E0 8.52218E-1 8.52218E-1 8.52218E-1 1.45264E0 1.45264E0 1.45264E0 1.45264E0 1.45264E0 3.00213E0 3.00213E0 3.00213E0 4.24172E0 3.60256E0 1.16986E1
1.98915E1 1.98915E1 1.98915E1 1.98915E1 1.98915E1 1.98915E1 1.98915E1 1.98915E1 1.2086E1 6.44974E0 1.2086E1 1.60759E0 1.60759E0 1.60759E0 1.60759E0 1.60759E0 1.60759E0 1.60759E0 1.60759E0 1.60759E0 1.60759E0 1.60759E0 6.44974E0 3.00213E0 6.44974E0 6.44974E0 6.44974E0 6.44974E0 6.44974E0 6.44974E0 6.44974E0 1.98915E1 1.98915E1 1.98915E1 1.98915E1 6.44974E0 6.44974E0 6.44974E0 6.44974E0 6.44974E0 3.00213E0 3.00213E0 3.00213E0 3.00213E0 1.45264E0 1.45264E0 1.45264E0 1.45264E0 1.45264E0 1.45264E0 1.45264E0 1.45264E0 1.45264E0 1.45264E0 8.52218E-1 8.52218E-1 1.45264E0 1.45264E0 1.45264E0 1.45264E0 1.45264E0 3.00213E0 3.00213E0 3.00213E0 4.64846E0 3.60256E0 8.32849E0
1.98915E1 1.98915E1 1.98915E1 1.98915E1 1.98915E1 1.98915E1 1.98915E1 1.98915E1 6.44974E0 6.44974E0 6.44974E0 6.44974E0 1.60759E0 1.60759E0 1.60759E0 1.60759E0 1.60759E0 1.60759E0 1.60759E0 1.60759E0 1.60759E0 1.60759E0 3.00213E0 3.00213E0 3.00213E0 3.00213E0 6.44974E0 6.44974E0 6.44974E0 6.44974E0 6.44974E0 6.44974E0 1.98915E1 1.98915E1 1.98915E1 6.44974E0 6.44974E0 6.44974E0 6.44974E0 6.44974E0 3.00213E0 3.00213E0 3.00213E0 1.45264E0 1.45264E0 1.45264E0 1.45264E0 1.45264E0 1.45264E0 1.45264E0 1.45264E0 1.45264E0 1.45264E0 1.45264E0 8.52218E-1 8.52218E-1 8.52218E-1 8.52218E-1 1.45264E0 1.45264E0 1.45264E0 1.45264E0 3.00213E0 6.44974E0 6.411E0 5.65563E0 9.85861E0
1.98915E1 1.98915E1 1.98915E1 1.98915E1 1.98915E1 1.98915E1 1.98915E1 6.44974E0 6.44974E0 6.44974E0 6.44974E0 6.44974E0 6.44974E0 3.00213E0 1.60759E0 1.60759E0 1.60759E0 1.60759E0 1.60759E0 1.60759E0 1.60759E0 3.00213E0 3.00213E0 3.00213E0 3.00213E0 3.00213E0 3.00213E0 3.00213E0 6.44974E0 6.44974E0 6.44974E0 6.44974E0 6.44974E0 6.44974E0 6.44974E0 3.00213E0 6.44974E0 6.44974E0 3.00213E0 3.00213E0 3.00213E0 3.00213E0 3.00213E0 1.45264E0 1.45264E0 1.45264E0 1.45264E0 1.45264E0 1.45264E0 1.45264E0 1.45264E0 1.45264E0 1.45264E0 1.45264E0 8.52218E-1 1.45264E0 8.52218E-1 1.45264E0 1.45264E0 1.45264E0 1.45264E0 1.45264E0 3.00213E0 6.44974E0 6.44974E0 9.41313E0 1.06915E1
1.98915E1 6.44974E0 6.44974E0 6.44974E0 6.44974E0 6.44974E0 1.98915E1 1.98915E1 6.44974E0 6.44974E0 6.44974E0 6.44974E0 6.44974E0 6.44974E0 1.60759E0 1.60759E0 1.60759E0 1.60759E0 1.60759E0 3.00213E0 3.00213E0 3.00213E0 3.00213E0 3.00213E0 3.00213E0 3.00213E0 3.00213E0 3.00213E0 6.44974E0 6.44974E0 6.44974E0 6.44974E0 6.44974E0 6.44974E0 6.44974E0 6.44974E0 6.44974E0 6.44974E0 6.44974E0 3.00213E0 3.00213E0 3.00213E0 3.00213E0 3.00213E0 3.00213E0 3.00213E0 1.45264E0 1.45264E0 1.45264E0 1.45264E0 1.45264E0 1.45264E0 1.45264E0 1.45264E0 1.45264E0 1.45264E0 1.45264E0 1.45264E0 1.45264E0 1.45264E0 1.45264E0 3.00213E0 3.00213E0 9.99419E0 8.42533E0 8.98702E0 9.99419E0
1.98915E1 6.44974E0 6.44974E0 6.44974E0 6.44974E0 1.98915E1 1.98915E1 1.98915E1 1.98915E1 1.98915E1 6.44974E0 6.44974E0 6.44974E0 3.00213E0 6.44974E0 3.00213E0 3.00213E0 3.00213E0 3.00213E0 3.00213E0 3.00213E0 3.00213E0 3.00213E0 3.00213E0 3.00213E0 6.44974E0 3.00213E0 3.00213E0 3.00213E0 6.44974E0 6.44974E0 6.44974E0 6.44974E0 6.44974E0 6.44974E0 6.44974E0 6.44974E0 6.44974E0 3.00213E0 6.44974E0 3.00213E0 3.00213E0 3.00213E0 3.00213E0 3.00213E0 3.00213E0 3.00213E0 1.45264E0 1.45264E0 1.45264E0 1.45264E0 1.45264E0 1.45264E0 1.45264E0 1.45264E0 3.00213E0 1.45264E0 1.45264E0 1.45264E0 1.45264E0 1.45264E0 3.00213E0 3.00213E0 6.44974E0 6.44974E0 8.32849E0 9.85861E0
1.98915E1 6.44974E0 6.44974E0 6.44974E0 1.98915E1 6.44974E0 1.98915E1 1.98915E1 1.98915E1 1.98915E1 6.44974E0 6.44974E0 6.44974E0 6.44974E0 6.44974E0 3.00213E0 3.00213E0 3.00213E0 3.00213E0 3.00213E0 3.00213E0 3.00213E0 3.00213E0 3.00213E0 3.00213E0 6.44974E0 6.44974E0 3.00213E0 3.00213E0 3.00213E0 6.44974E0 6.44974E0 6.44974E0 6.44974E0 6.44974E0 6.44974E0 6.44974E0 6.44974E0 6.44974E0 6.44974E0 3.00213E0 3.00213E0 3.00213E0 3.00213E0 3.00213E0 3.00213E0 3.00213E0 3.00213E0 3.00213E0 1.45264E0 1.45264E0 3.00213E0 1.45264E0 1.45264E0 1.45264E0 3.00213E0 1.45264E0 1.45264E0 3.00213E0 1.45264E0 1.45264E0 3.00213E0 3.00213E0 3.00213E0 6.44974E0 7.3988E0 8.7546E0
6.44974E0 6.44974E0 6.44974E0 6.44974E0 6.44974E0 1.98915E1 6.44974E0 6.44974E0 2.55084E1 2.55084E1 2.55084E1 1.98915E1 6.44974E0 6.44974E0 3.00213E0 3.00213E0 3.00213E0 3.00213E0 3.00213E0 3.00213E0 3.00213E0 3.00213E0 3.00213E0 3.00213E0 6.44974E0 6.44974E0 6.44974E0 6.44974E0 6.44974E0 6.44974E0 6.44974E0 6.44974E0 6.44974E0 6.44974E0 6.44974E0 6.44974E0 6.44974E0 6.44974E0 6.44974E0 3.00213E0 3.00213E0 3.00213E0 3.00213E0 3.00213E0 3.00213E0 3.00213E0 3.00213E0 3.00213E0 3.00213E0 3.00213E0 3.00213E0 3.00213E0 1.45264E0 1.45264E0 1.45264E0 1.45264E0 1.45264E0 3.00213E0 3.00213E0 1.45264E0 1.45264E0 3.00213E0 6.44974E0 6.44974E0 6.44974E0 8.90955E0 9.68429E0
6.44974E0 6.44974E0 6.44974E0 6.44974E0 6.44974E0 6.44974E0 6.44974E0 6.44974E0 1.98915E1 2.60314E1 1.98915E1 1.98915E1 6.44974E0 3.00213E0 3.00213E0 3.00213E0 3.00213E0 3.00213E0 3.00213E0 3.00213E0 3.00213E0 3.00213E0 3.00213E0 3.00213E0 6.44974E0 6.44974E0 6.44974E0 6.44974E0 6.44974E0 6.44974E0 6.44974E0 6.44974E0 6.44974E0 6.44974E0 6.44974E0 6.44974E0 6.44974E0 3.00213E0 6.44974E0 6.44974E0 6.44974E0 6.44974E0 3.00213E0 3.00213E0 6.44974E0 3.00213E0 6.44974E0 6.44974E0 3.00213E0 6.44974E0 6.44974E0 3.00213E0 3.00213E0 3.00213E0 1.45264E0 1.45264E0 3.00213E0 3.00213E0 3.00213E0 1.45264E0 3.00213E0 3.00213E0 6.44974E0 6.44974E0 6.44974E0 1.08077E1 1.0982E1
6.44974E0 6.44974E0 6.44974E0 6.44974E0 3.00213E0 6.44974E0 6.44974E0 6.44974E0 6.44974E0 1.98915E1 1.98915E1 6.44974E0 3.00213E0 6.44974E0 3.00213E0 3.00213E0 3.00213E0 3.00213E0 3.00213E0 3.00213E0 3.00213E0 3.00213E0 3.00213E0 3.00213E0 6.44974E0 6.44974E0 6.44974E0 6.44974E0 6.44974E0 6.44974E0 6.44974E0 1.98915E1 6.44974E0 6.44974E0 6.44974E0 6.44974E0 6.44974E0 6.44974E0 6.44974E0 6.44974E0 6.44974E0 3.00213E0 6.44974E0 6.44974E0 6.44974E0 3.00213E0 6.44974E0 6.44974E0 3.00213E0 6.44974E0 6.44974E0 3.00213E0 3.00213E0 3.00213E0 1.45264E0 1.45264E0 3.00213E0 3.00213E0 3.00213E0 3.00213E0 3.00213E0 6.44974E0 6.44974E0 6.44974E0 6.44974E0 1.21635E1 1.16599E1
3.00213E0 6.44974E0 6.44974E0 3.00213E0 3.00213E0 3.00213E0 6.44974E0 6.44974E0 6.44974E0 6.44974E0 3.00213E0 3.00213E0 3.00213E0 3.00213E0 3.00213E0 3.00213E0 3.00213E0 3.00213E0 3.00213E0 3.00213E0 3.00213E0 3.00213E0 3.00213E0 3.00213E0 6.44974E0 6.44974E0 6.44974E0 3.00213E0 6.44974E0 6.44974E0 6.44974E0 1.98915E1 6.44974E0 6.44974E0 6.44974E0 6.44974E0 1.98915E1 6.44974E0 6.44974E0 6.44974E0 6.44974E0 6.44974E0 6.44974E0 6.44974E0 6.44974E0 3.00213E0 6.44974E0 3.00213E0 3.00213E0 3.00213E0 6.44974E0 3.00213E0 3.00213E0 3.00213E0 1.45264E0 1.45264E0 1.45264E0 3.00213E0 6.44974E0 6.44974E0 3.00213E0 6.44974E0 6.44974E0 1.61728E1 6.44974E0 1.28995E1 1.29963E1
3.00213E0 3.00213E0 3.00213E0 3.00213E0 3.00213E0 3.00213E0 6.44974E0 6.44974E0 3.00213E0 3.00213E0 3.00213E0 3.00213E0 3.00213E0 3.00213E0 3.00213E0 3.00213E0 3.00213E0 3.00213E0 3.00213E0 3.00213E0 3.00213E0 3.00213E0 3.00213E0 3.00213E0 3.00213E0 6.44974E0 3.00213E0 3.00213E0 6.44974E0 6.44974E0 6.44974E0 6.44974E0 6.44974E0 6.44974E0 6.44974E0 6.44974E0 1.98915E1 6.44974E0 6.44974E0 6.44974E0 6.44974E0 3.00213E0 3.00213E0 3.00213E0 3.00213E0 3.00213E0 3.00213E0 3.00213E0 3.00213E0 3.00213E0 3.00213E0 1.45264E0 1.45264E0 1.45264E0 1.45264E0 3.00213E0 1.45264E0 1.45264E0 3.00213E0 3.00213E0 3.00213E0 6.44974E0 6.44974E0 6.44974E0 6.44974E0 1.31125E1 1.29963E1
6.44974E0 6.44974E0 3.00213E0 3.00213E0 3.00213E0 6.44974E0 6.44974E0 6.44974E0 6.44974E0 3.00213E0 3.00213E0 3.00213E0 3.00213E0 3.00213E0 1.45264E0 3.00213E0 3.00213E0 3.00213E0 3.00213E0 3.00213E0 3.00213E0 3.00213E0 3.00213E0 3.00213E0 6.44974E0 6.44974E0 3.00213E0 3.00213E0 3.00213E0 6.44974E0 6.44974E0 6.44974E0 6.44974E0 6.44974E0 1.98915E1 6.44974E0 6.44974E0 6.44974E0 3.00213E0 3.00213E0 3.00213E0 3.00213E0 3.00213E0 3.00213E0 3.00213E0 3.00213E0 3.00213E0 3.00213E0 3.00213E0 1.45264E0 1.45264E0 1.45264E0 1.45264E0 1.45264E0 1.45264E0 3.00213E0 1.45264E0 1.45264E0 1.45264E0 1.45264E0 3.00213E0 6.44974E0 6.44974E0 3.00213E0 3.00213E0 6.44974E0 6.44974E0
6.44974E0 6.44974E0 6.44974E0 6.44974E0 6.44974E0 6.44974E0 1.98915E1 6.44974E0 6.44974E0 3.00213E0 3.00213E0 3.00213E0 3.00213E0 1.45264E0 1.45264E0 3.00213E0 3.00213E0 3.00213E0 3.00213E0 3.00213E0 3.00213E0 3.00213E0 3.00213E0 3.00213E0 3.00213E0 3.00213E0 3.00213E0 3.00213E0 3.00213E0 3.00213E0 6.44974E0 6.44974E0 6.44974E0 1.98915E1 6.44974E0 6.44974E0 6.44974E0 3.00213E0 3.00213E0 3.00213E0 3.00213E0 1.45264E0 3.00213E0 1.45264E0 3.00213E0 3.00213E0 3.00213E0 3.00213E0 3.00213E0 3.00213E0 1.45264E0 1.45264E0 1.45264E0 1.45264E0 1.45264E0 1.45264E0 1.45264E0 1.45264E0 1.45264E0 1.45264E0 1.45264E0 3.00213E0 3.00213E0 1.45264E0 3.00213E0 3.00213E0 3.00213E0
6.44974E0 6.44974E0 6.44974E0 6.44974E0 6.44974E0 6.44974E0 6.44974E0 3.00213E0 3.00213E0 6.44974E0 3.00213E0 1.45264E0 3.00213E0 1.45264E0 1.45264E0 1.45264E0 3.00213E0 3.00213E0 3.00213E0 3.00213E0 3.00213E0 3.00213E0 3.00213E0 3.00213E0 3.00213E0 3.00213E0 3.00213E0 3.00213E0 3.00213E0 3.00213E0 6.44974E0 6.44974E0 6.44974E0 6.44974E0 6.44974E0 3.00213E0 3.00213E0 3.00213E0 3.00213E0 1.45264E0 1.45264E0 1.45264E0 3.00213E0 3.00213E0 3.00213E0 3.00213E0 3.00213E0 3.00213E0 3.00213E0 3.00213E0 1.45264E0 1.45264E0 1.45264E0 1.45264E0 1.45264E0 1.45264E0 1.45264E0 1.45264E0 1.45264E0 1.45264E0 1.45264E0 1.45264E0 1.45264E0 3.00213E0 3.00213E0 3.00213E0 3.00213E0
6.44974E0 6.44974E0 6.44974E0 6.44974E0 6.44974E0 6.44974E0 6.44974E0 3.00213E0 6.44974E0 6.44974E0 3.00213E0 3.00213E0 3.00213E0 3.00213E0 1.45264E0 1.45264E0 1.45264E0 3.00213E0 3.00213E0 3.00213E0 3.00213E0 3.00213E0 3.00213E0 3.00213E0 3.00213E0 3.00213E0 3.00213E0 1.45264E0 1.45264E0 3.00213E0 3.00213E0 3.00213E0 3.00213E0 3.00213E0 3.00213E0 3.00213E0 3.00213E0 3.00213E0 3.00213E0 3.00213E0 3.00213E0 3.00213E0 3.00213E0 3.00213E0 3.00213E0 3.00213E0 3.00213E0 3.00213E0 3.00213E0 1.45264E0 1.45264E0 3.00213E0 3.00213E0 1.45264E0 3.00213E0 1.45264E0 1.45264E0 1.45264E0 1.45264E0 1.45264E0 1.45264E0 1.45264E0 1.45264E0 1.45264E0 3.00213E0 3.00213E0 3.00213E0
