Leopardus guttulus/Leopardus_guttulus.asc
ncols         515
nrows         545
xllcorner     -119.0
yllcorner     -58.333333333333
cellsize      0.166666666667
NODATA_value  -9999
[rows 203 to 231 of 545, columns 330 to 395 of 515]
4.41292E-4 7.38839E-4 7.01532E-4 6.86505E-4 6.67164E-4 6.8953E-4 6.83649E-4 6.95347E-4 7.06573E-4 7.19196E-4 7.12178E-4 3.51087E-4 3.66069E-4 2.05031E-4 2.00049E-4 1.78321E-4 1.8008E-4 1.80028E-4 1.76396E-4 1.87199E-4 1.88679E-4 1.83613E-4 1.85498E-4 2.02626E-4 1.72275E-4 1.69448E-4 1.35195E-4 9.49751E-5 9.0083E-5 9.04438E-5 1.13367E-4 4.13881E-5 3.29005E-5 2.84395E-5 4.58141E-5 2.28013E-5 1.33767E-5 1.14246E-5 9.79343E-6 7.71835E-6 7.13671E-6 6.15062E-6 6.55793E-6 6.68383E-6 7.19201E-6 7.57947E-6 7.75297E-6 8.77208E-6 9.48255E-6 1.17541E-5 9.85316E-6 2.31509E-5 2.8159E-5 2.96727E-5 2.49214E-5 1.85377E-5 2.72613E-5 3.96979E-5 2.45066E-5 3.89679E-6 2.8189E-6 2.79141E-6 1.09209E-5 1.57507E-5 1.91604E-5 2.95914E-5
8.54033E-4 8.28813E-4 8.06279E-4 7.77105E-4 7.67931E-4 7.73027E-4 7.74877E-4 7.9989E-4 8.11703E-4 8.13418E-4 7.87507E-4 3.5047E-4 3.43978E-4 1.98637E-4 2.17384E-4 1.97366E-4 1.89752E-4 1.82901E-4 1.74602E-4 1.87878E-4 1.84772E-4 1.77454E-4 1.73936E-4 1.91808E-4 1.93131E-4 9.58332E-5 7.13146E-5 1.25415E-4 1.03753E-4 3.42705E-5 3.20311E-5 3.44963E-5 3.017E-5 2.63559E-5 1.9898E-5 1.78988E-5 1.68458E-5 9.13809E-6 8.15783E-6 6.88844E-6 5.60965E-6 4.50035E-6 4.00025E-6 3.70198E-6 3.69344E-6 3.8396E-6 4.56617E-6 4.8209E-6 5.04663E-6 1.31635E-5 1.44081E-5 9.26143E-6 5.81051E-6 6.98068E-6 7.77769E-6 1.82879E-5 1.08774E-5 1.04484E-5 7.71248E-6 4.93043E-6 4.0455E-6 5.12733E-6 4.9964E-6 2.15965E-5 1.78252E-5 2.83679E-5
5.41246E-4 8.98854E-4 8.80877E-4 8.44252E-4 8.31197E-4 8.47269E-4 8.60648E-4 9.31492E-4 9.6085E-4 4.5837E-4 4.38366E-4 4.02348E-4 3.63944E-4 1.94328E-4 1.92594E-4 1.55837E-4 1.92524E-4 1.89181E-4 1.81755E-4 1.83161E-4 1.85219E-4 1.78516E-4 1.54625E-4 1.51135E-4 1.70042E-4 8.45544E-5 6.41342E-5 4.88318E-5 3.54281E-5 5.77694E-5 4.94044E-5 2.7244E-5 2.82352E-5 2.40529E-5 1.95101E-5 1.648E-5 1.33791E-5 1.21538E-5 6.39959E-6 5.76772E-6 4.98532E-6 4.12246E-6 3.09553E-6 2.61976E-6 2.4387E-6 2.59883E-6 3.00987E-6 2.94214E-6 2.12374E-6 5.55082E-6 6.87035E-6 8.8913E-6 7.9057E-6 4.93171E-6 4.91483E-6 3.99126E-6 3.29816E-6 2.87119E-6 4.29429E-6 5.87022E-6 3.20259E-6 2.49519E-6 7.12835E-6 6.34968E-6 6.87692E-6 5.70968E-6
9.85133E-4 9.50128E-4 9.20758E-4 9.32292E-4 9.3206E-4 9.21549E-4 9.41376E-4 9.86223E-4 1.06027E-3 4.92495E-4 4.42078E-4 3.92253E-4 3.76383E-4 1.99846E-4 1.8464E-4 1.51587E-4 1.94826E-4 1.75303E-4 1.70093E-4 1.72975E-4 1.78425E-4 1.64969E-4 1.50388E-4 1.03265E-4 8.84324E-5 6.82091E-5 5.1275E-5 4.08849E-5 3.08669E-5 2.8489E-5 2.52689E-5 2.58987E-5 2.26108E-5 1.24026E-5 1.11786E-5 8.94689E-6 1.29235E-5 6.42586E-6 5.44226E-6 4.42639E-6 3.84204E-6 3.22928E-6 2.72546E-6 2.09363E-6 1.96135E-6 2.08112E-6 4.87594E-7 6.75241E-7 7.02302E-7 8.56104E-7 2.05487E-6 3.07015E-6 6.64866E-6 1.76961E-6 1.16872E-6 1.96995E-6 4.51795E-6 4.21882E-6 2.07378E-6 1.94272E-6 1.52281E-6 3.5789E-6 4.04201E-6 4.61792E-6 4.55128E-6 6.4315E-6
1.04572E-3 1.01455E-3 1.01368E-3 9.63144E-4 9.67494E-4 9.64606E-4 9.76661E-4 1.01401E-3 1.03271E-3 4.74173E-4 4.48493E-4 4.13006E-4 3.67063E-4 3.28909E-4 1.80098E-4 1.71118E-4 1.89641E-4 1.9005E-4 1.70849E-4 1.68477E-4 1.69056E-4 1.59382E-4 9.37049E-5 1.04885E-4 9.13765E-5 6.47142E-5 4.48116E-5 4.09859E-5 3.62777E-5 2.91229E-5 2.53829E-5 2.6639E-5 2.12443E-5 1.77524E-5 9.47456E-6 8.69932E-6 6.5394E-6 5.80636E-6 5.23747E-6 4.61269E-6 3.755E-6 3.08343E-6 2.09283E-6 1.61611E-6 1.65866E-6 4.28408E-7 6.31327E-7 6.49097E-7 7.84675E-7 8.00366E-7 9.33368E-7 9.78111E-7 1.10932E-6 1.41951E-6 1.22484E-6 1.15831E-6 1.21278E-6 2.45221E-6 2.77675E-6 1.93305E-6 1.46336E-6 1.89441E-6 6.49724E-6 8.84766E-6 1.01689E-5 2.4478E-5
6.26558E-4 1.07453E-3 1.05457E-3 1.01271E-3 9.9169E-4 9.80105E-4 9.98592E-4 1.0162E-3 4.70831E-4 4.70413E-4 4.4014E-4 3.91249E-4 3.62334E-4 3.38704E-4 1.82392E-4 1.72514E-4 1.67831E-4 1.38667E-4 1.72798E-4 1.79291E-4 1.74717E-4 1.65265E-4 7.63853E-5 7.94364E-5 7.39602E-5 6.36672E-5 4.88259E-5 4.17565E-5 3.733E-5 3.27528E-5 2.69868E-5 1.59132E-5 1.30114E-5 1.07464E-5 8.7771E-6 8.36494E-6 6.63015E-6 5.54571E-6 5.13821E-6 4.76089E-6 4.19329E-6 3.2947E-6 2.49281E-6 1.24045E-6 2.78929E-7 3.04663E-7 2.21496E-6 2.31342E-6 2.39004E-6 1.46208E-6 1.54705E-6 1.21002E-6 3.47899E-6 1.66489E-6 1.21149E-6 6.20832E-7 7.41618E-7 1.2767E-6 1.05357E-6 1.47313E-6 2.79676E-6 7.44121E-6 1.70363E-5 1.66472E-5 2.03641E-5 1.78663E-5
2.97349E-4 6.26357E-4 1.06812E-3 1.04922E-3 1.0274E-3 9.94933E-4 9.75256E-4 9.96603E-4 4.57304E-4 4.29221E-4 3.99861E-4 3.63612E-4 3.42891E-4 3.17268E-4 3.02265E-4 1.7137E-4 1.64083E-4 1.3931E-4 1.34508E-4 1.81207E-4 1.67711E-4 5.30509E-5 5.83146E-5 6.07292E-5 5.61296E-5 5.26305E-5 4.98926E-5 4.27979E-5 3.62765E-5 3.0323E-5 2.99345E-5 2.37361E-5 1.81859E-5 9.33372E-6 9.08752E-6 7.82241E-6 7.1448E-6 6.03619E-6 6.12531E-6 5.87213E-6 5.43667E-6 5.08127E-6 2.40027E-6 6.75199E-7 5.86701E-7 3.02093E-6 2.92984E-6 2.5008E-6 5.51048E-6 1.00212E-5 8.16964E-6 8.56216E-6 8.57785E-6 1.95188E-6 1.60632E-6 1.27606E-6 1.31689E-5 1.3307E-6 1.88334E-6 3.21706E-6 7.16857E-6 1.16239E-5 2.43053E-5 2.2254E-5 1.75673E-5 1.51362E-5
2.96258E-4 2.92061E-4 4.98263E-4 1.03886E-3 1.02124E-3 9.81026E-4 4.47059E-4 4.40309E-4 4.23839E-4 3.9787E-4 3.6966E-4 3.42183E-4 3.17199E-4 2.97134E-4 1.65727E-4 1.59067E-4 1.53354E-4 1.64546E-4 1.35697E-4 2.84741E-5 3.72562E-5 3.83556E-5 4.29913E-5 4.34006E-5 4.36534E-5 4.59582E-5 4.5988E-5 4.63252E-5 3.86645E-5 3.05392E-5 2.79465E-5 2.06208E-5 1.68926E-5 1.33245E-5 7.25261E-6 7.42312E-6 4.71742E-6 3.69709E-6 3.45222E-6 1.47684E-6 1.50075E-6 1.61904E-6 1.51115E-6 1.34706E-6 5.3092E-6 3.93483E-6 2.99275E-6 6.2277E-6 6.38018E-6 7.09748E-6 1.33705E-5 9.93408E-6 9.57792E-6 1.59067E-6 8.55802E-5 1.20266E-4 6.19924E-5 1.19299E-4 9.60992E-5 1.15863E-5 9.00483E-6 1.93181E-5 2.10297E-5 2.46361E-5 2.48632E-5 1.33654E-5
3.01974E-4 2.90257E-4 2.81955E-4 4.80581E-4 4.66032E-4 4.54882E-4 4.33379E-4 4.1343E-4 3.9948E-4 3.81508E-4 3.57132E-4 3.26752E-4 1.77865E-4 1.6655E-4 1.54002E-4 1.47885E-4 1.43408E-4 1.47204E-4 2.37036E-5 8.6148E-6 2.2787E-5 2.9978E-5 3.11793E-5 3.27415E-5 3.42482E-5 3.88559E-5 4.51611E-5 4.58767E-5 4.1959E-5 3.06544E-5 2.799E-5 2.06325E-5 1.47709E-5 1.198E-5 6.99738E-6 7.20195E-6 4.6772E-6 4.37382E-6 3.59617E-6 1.99687E-6 5.41873E-6 6.07481E-6 2.5201E-6 8.46762E-6 6.08061E-6 4.52839E-6 3.93461E-6 7.64612E-6 1.23409E-5 1.4477E-5 1.51372E-5 1.3845E-5 1.31594E-4 1.99838E-6 3.18844E-4 8.86604E-5 1.48531E-4 1.57481E-4 1.77174E-4 9.59566E-6 1.48256E-5 4.92495E-5 5.02832E-5 2.35297E-5 2.19198E-5 1.93412E-5
2.98604E-4 2.84261E-4 2.77807E-4 2.71391E-4 4.57704E-4 4.33194E-4 4.15139E-4 3.98145E-4 3.74496E-4 3.54422E-4 3.36079E-4 3.19357E-4 1.75348E-4 1.68015E-4 1.46854E-4 1.42614E-4 1.3596E-4 1.33833E-4 1.80654E-5 1.96692E-5 5.96645E-6 1.86589E-5 2.3466E-5 2.4535E-5 2.66238E-5 3.31898E-5 4.04138E-5 4.18254E-5 3.63866E-5 4.19153E-5 2.86557E-5 1.80784E-5 7.40343E-6 5.99082E-6 3.12925E-6 5.56526E-6 7.31367E-6 5.27094E-6 6.00885E-6 9.42903E-6 1.20678E-5 1.35549E-5 1.16519E-5 9.8866E-6 7.31692E-6 5.40162E-6 1.03339E-5 9.45319E-6 1.60226E-5 1.69888E-5 1.65651E-5 1.40789E-5 1.13987E-5 1.02094E-5 4.11401E-4 1.17729E-4 1.20316E-4 2.11113E-4 3.9984E-4 2.36633E-5 3.00657E-5 4.90372E-5 4.35075E-5 4.30785E-5 3.81202E-5 3.52306E-5
2.94686E-4 2.83574E-4 2.75521E-4 2.65626E-4 2.55101E-4 4.22417E-4 4.00455E-4 3.77074E-4 3.58973E-4 3.40217E-4 3.21365E-4 1.78741E-4 1.6548E-4 1.58392E-4 1.13883E-4 1.37257E-5 1.35174E-5 1.31776E-5 1.50348E-5 1.6495E-5 1.8615E-5 6.64303E-6 1.57677E-5 2.1851E-5 2.59256E-5 2.99413E-5 3.48949E-5 3.79888E-5 3.59825E-5 2.19231E-5 1.67947E-5 1.05144E-5 6.57837E-6 3.92034E-6 4.22111E-6 1.04858E-5 1.1776E-5 1.144E-5 1.44474E-5 1.37574E-5 1.45831E-5 1.35133E-5 1.17652E-5 9.46492E-6 8.34569E-6 6.4514E-6 1.1863E-5 1.16727E-5 1.95529E-5 1.90503E-5 1.80269E-5 1.40171E-5 1.43119E-5 1.23877E-5 2.8546E-4 2.31074E-4 2.33502E-4 2.30411E-4 2.81409E-5 2.69759E-5 4.95905E-5 5.32704E-5 4.84325E-5 4.12371E-5 3.35786E-5 3.01478E-5
3.03463E-4 3.00778E-4 2.77057E-4 2.59378E-4 2.5041E-4 2.41722E-4 4.17093E-4 3.92952E-4 3.44035E-4 3.22138E-4 3.08823E-4 1.71452E-4 1.63771E-4 1.57758E-4 1.49271E-4 1.33829E-4 1.00762E-5 1.07861E-5 5.08415E-6 4.97854E-6 1.82469E-5 1.54575E-5 1.59068E-5 9.20706E-6 7.23821E-6 1.04219E-5 1.1945E-5 1.37797E-5 4.88958E-6 8.94902E-6 1.27287E-5 8.99813E-6 3.62429E-6 2.97491E-6 8.41586E-6 1.69121E-5 2.79665E-5 4.2299E-5 3.32432E-5 2.22859E-5 1.7421E-5 1.3985E-5 1.14305E-5 9.5979E-6 8.67391E-6 1.51487E-5 1.36237E-5 1.3032E-5 2.26939E-5 2.19192E-5 2.01262E-5 1.79169E-5 7.40285E-6 1.79945E-5 2.37399E-5 5.5831E-4 3.81176E-5 3.99736E-5 3.18873E-5 4.70056E-5 4.92433E-5 4.45081E-5 5.28371E-5 4.53392E-5 2.95359E-5 1.68427E-5
3.02556E-4 2.94734E-4 2.90613E-4 2.76222E-4 2.48017E-4 2.32737E-4 2.30218E-4 2.25892E-4 2.00393E-4 1.79546E-4 1.68544E-4 1.65431E-4 1.6603E-4 1.65546E-4 1.59501E-4 1.51595E-4 1.26386E-5 3.61095E-6 4.55782E-6 5.50628E-6 6.45368E-6 2.16154E-5 6.89463E-6 2.38647E-5 2.65284E-5 3.07072E-5 3.42833E-5 3.4971E-5 2.3303E-5 1.05724E-5 7.81934E-6 6.16961E-6 7.00514E-6 8.48883E-6 1.53979E-5 2.48097E-5 3.69919E-5 8.42872E-5 5.65244E-5 2.82655E-5 1.77615E-5 1.29277E-5 1.10164E-5 2.05048E-5 1.83704E-5 1.73409E-5 1.58702E-5 2.49121E-5 2.44317E-5 2.33092E-5 2.05298E-5 2.30046E-5 2.80924E-5 4.02528E-5 4.04993E-5 4.63399E-5 5.87509E-5 4.31005E-5 4.62139E-5 4.62319E-5 4.49505E-5 4.51116E-5 5.22122E-5 2.97962E-5 3.96208E-5 1.97779E-5
3.17437E-4 2.99016E-4 2.7659E-4 2.64688E-4 2.67914E-4 2.47318E-4 2.25102E-4 2.19643E-4 2.04353E-4 1.86153E-4 1.66468E-4 1.65536E-4 1.6552E-4 1.76212E-4 1.85637E-4 2.34674E-5 1.87142E-5 1.694E-5 1.40841E-5 2.25416E-5 2.3435E-5 2.48696E-5 2.65023E-5 2.82392E-5 3.21346E-5 3.4138E-5 3.64832E-5 3.65923E-5 1.76959E-5 2.05675E-5 1.42717E-5 1.5816E-5 1.43667E-5 1.50877E-5 1.95188E-5 2.84631E-5 4.32901E-5 5.20581E-5 4.15525E-5 2.31617E-5 3.13155E-5 2.29495E-5 2.10654E-5 1.92576E-5 1.78075E-5 1.77116E-5 1.73267E-5 2.63804E-5 2.57375E-5 2.53856E-5 2.2939E-5 2.75743E-5 2.77862E-5 4.39747E-5 4.43999E-5 4.18488E-5 6.26899E-5 3.31459E-5 4.30185E-5 3.95549E-5 3.79228E-5 9.12234E-5 3.94633E-5 3.82415E-5 3.72505E-5 5.62381E-5
3.28907E-4 3.23352E-4 3.05155E-4 2.68408E-4 2.42813E-4 2.29848E-4 2.13806E-4 2.00545E-4 1.9762E-4 1.96619E-4 1.80663E-4 1.65901E-4 1.73119E-4 1.96822E-4 4.85552E-5 3.81091E-5 4.6783E-5 3.70543E-5 3.10059E-5 2.79956E-5 2.78158E-5 2.99801E-5 3.13937E-5 3.4555E-5 3.85424E-5 4.34334E-5 4.44352E-5 4.2536E-5 3.54175E-5 1.6543E-5 1.94168E-5 1.71489E-5 1.62593E-5 1.71167E-5 1.99347E-5 2.39137E-5 2.85691E-5 2.78541E-5 2.15258E-5 1.46419E-5 9.69929E-6 1.74195E-5 1.82025E-5 1.92699E-5 1.83417E-5 2.41227E-5 2.36745E-5 3.57336E-5 3.50382E-5 3.31433E-5 3.60455E-5 3.23172E-5 3.43744E-5 7.70709E-5 7.9903E-5 5.20086E-5 4.71244E-5 3.9744E-5 4.67494E-5 8.79381E-5 8.84385E-5 3.10841E-5 3.73126E-5 3.01165E-5 7.98887E-5 6.10414E-5
3.03107E-4 2.98931E-4 2.81244E-4 2.71336E-4 2.53205E-4 2.29988E-4 2.14764E-4 2.07571E-4 2.03551E-4 1.8626E-4 1.78588E-4 1.77788E-4 1.97463E-4 2.17556E-4 6.20803E-5 8.10678E-5 6.61455E-5 4.81773E-5 3.87042E-5 3.39628E-5 3.29205E-5 3.45204E-5 3.69154E-5 4.13768E-5 4.92717E-5 5.43394E-5 5.60414E-5 5.15766E-5 4.40851E-5 2.78933E-5 2.21867E-5 1.95532E-5 1.70615E-5 1.67177E-5 1.6925E-5 1.77913E-5 1.7665E-5 1.61389E-5 1.19039E-5 2.00115E-5 1.61832E-5 1.56675E-5 2.1691E-5 2.37525E-5 2.51954E-5 4.50004E-5 2.55936E-5 4.00933E-5 7.3584E-5 3.61514E-5 2.58481E-5 3.90363E-5 3.77321E-5 6.13281E-5 7.48915E-5 7.3709E-5 6.22364E-5 3.69123E-5 3.00384E-5 8.19185E-5 7.66239E-5 2.81983E-5 3.10451E-5 9.5925E-5 8.43389E-5 1.91876E-5
8.73549E-4 2.85695E-4 2.86283E-4 2.85802E-4 2.5858E-4 2.39817E-4 2.08574E-4 1.92309E-4 1.87266E-4 1.84554E-4 1.81778E-4 1.89206E-4 2.01697E-4 5.02165E-5 6.08881E-5 6.93966E-5 6.40104E-5 5.2133E-5 4.26994E-5 3.72046E-5 3.65386E-5 3.80969E-5 4.29014E-5 4.94082E-5 5.92904E-5 6.98083E-5 7.12301E-5 6.52536E-5 6.93471E-5 5.55292E-5 2.42719E-5 2.02982E-5 1.64675E-5 1.44485E-5 1.32295E-5 1.28526E-5 2.64681E-5 2.24776E-5 9.62171E-6 1.71743E-5 1.62362E-5 2.15555E-5 2.34911E-5 2.46561E-5 2.66879E-5 4.77908E-5 4.64639E-5 2.8909E-5 2.86864E-5 2.74407E-5 2.56518E-5 2.23023E-5 7.9786E-5 6.90645E-5 7.65359E-5 6.38994E-5 4.72608E-5 8.77145E-5 8.76464E-5 5.98639E-5 5.6187E-5 8.72129E-5 5.17632E-5 5.30634E-5 4.71603E-5 6.88271E-5
8.41058E-4 6.06064E-4 2.78621E-4 2.72308E-4 4.97671E-4 2.28712E-4 4.42176E-4 4.24655E-4 1.9185E-4 1.96279E-4 1.94996E-4 2.10424E-4 1.74944E-4 4.89045E-5 5.29536E-5 5.60559E-5 5.46529E-5 4.91726E-5 4.20387E-5 3.80271E-5 3.85172E-5 3.97478E-5 4.72383E-5 5.42088E-5 6.9781E-5 8.699E-5 9.47443E-5 8.13751E-5 8.03771E-5 3.30876E-5 2.56966E-5 1.93563E-5 1.56106E-5 1.25091E-5 1.05717E-5 1.96168E-5 1.88885E-5 1.72456E-5 1.81763E-5 1.64774E-5 2.03595E-5 2.33233E-5 2.55238E-5 2.73235E-5 4.97977E-5 3.55084E-5 3.58502E-5 3.70307E-5 3.12592E-5 2.48024E-5 4.24533E-5 7.51615E-5 5.38256E-5 4.69659E-5 9.37201E-5 1.53973E-4 1.20897E-4 7.22584E-5 6.25287E-5 6.20676E-5 6.38887E-5 4.6763E-5 5.06288E-5 5.20929E-5 4.67518E-5 4.30043E-5
7.86629E-4 7.87183E-4 8.1197E-4 2.65343E-4 7.25088E-4 6.79072E-4 6.27344E-4 6.1678E-4 2.8387E-4 2.08219E-4 2.17127E-4 2.24939E-4 2.21011E-4 4.26639E-5 4.53472E-5 4.69931E-5 4.49924E-5 4.16836E-5 3.82773E-5 3.53141E-5 3.6453E-5 3.83053E-5 4.35373E-5 5.47547E-5 6.96884E-5 9.3786E-5 1.42738E-4 1.07938E-4 8.12924E-5 3.29264E-5 2.50274E-5 1.83955E-5 1.47588E-5 2.39056E-5 1.84984E-5 1.57255E-5 1.48743E-5 1.54621E-5 1.69758E-5 1.95241E-5 2.02604E-5 2.31604E-5 2.53481E-5 2.91662E-5 3.26922E-5 3.97943E-5 4.29111E-5 3.40969E-5 2.72233E-5 7.01794E-5 5.01173E-5 4.29542E-5 4.53556E-5 1.19251E-4 1.1139E-4 9.45648E-5 6.35615E-5 5.0229E-5 4.64537E-5 4.8201E-5 4.83531E-5 5.06112E-5 4.83488E-5 5.96161E-5 5.41808E-5 5.1762E-5
7.39698E-4 7.45461E-4 3.74614E-4 7.43513E-4 7.09742E-4 6.79236E-4 6.57671E-4 6.52752E-4 2.97509E-4 2.99172E-4 2.21921E-4 2.26814E-4 3.81013E-5 3.88112E-5 3.89662E-5 3.98704E-5 3.77519E-5 3.61181E-5 3.35381E-5 3.20863E-5 3.0218E-5 3.23052E-5 4.81809E-5 6.00531E-5 6.08092E-5 9.16659E-5 5.93677E-5 5.19726E-5 4.05686E-5 2.97847E-5 4.89764E-5 3.73027E-5 2.87711E-5 2.18049E-5 1.7444E-5 1.38582E-5 1.37869E-5 1.90989E-5 1.91281E-5 2.04874E-5 1.97229E-5 2.17798E-5 2.53772E-5 2.85855E-5 3.40771E-5 3.95808E-5 4.47356E-5 5.66788E-5 2.18364E-5 5.22918E-5 3.67838E-5 6.48945E-5 3.44888E-5 6.12595E-5 8.44604E-5 4.89877E-5 5.10894E-5 5.16863E-5 4.94166E-5 6.19029E-5 5.74743E-5 5.53606E-5 5.42604E-5 5.24736E-5 5.42277E-5 4.85884E-5
6.86744E-4 7.12982E-4 7.0823E-4 7.13176E-4 7.0388E-4 6.92438E-4 6.90568E-4 6.77768E-4 3.28718E-4 2.38554E-4 2.35579E-4 3.02732E-4 4.25514E-5 4.29196E-5 4.23734E-5 4.34505E-5 4.09157E-5 3.72155E-5 1.95945E-5 1.85821E-5 1.81593E-5 1.88045E-5 2.18171E-5 2.68836E-5 3.4661E-5 3.92073E-5 4.21012E-5 3.92365E-5 3.43164E-5 5.60665E-5 4.34269E-5 3.43232E-5 2.54756E-5 1.98948E-5 1.67167E-5 1.71878E-5 1.71358E-5 1.6768E-5 1.7637E-5 1.93124E-5 3.09851E-5 3.37935E-5 2.41189E-5 3.01381E-5 3.52131E-5 3.93028E-5 3.40032E-5 6.68475E-5 2.86193E-5 4.023E-5 5.25579E-5 5.17606E-5 5.36768E-5 2.61354E-5 6.37023E-5 5.57533E-5 5.12977E-5 5.17444E-5 5.52051E-5 5.70304E-5 4.94277E-5 4.95928E-5 5.1462E-5 4.92141E-5 3.85507E-5 8.11861E-5
6.45869E-4 6.52734E-4 6.61374E-4 6.85985E-4 6.85135E-4 6.9377E-4 3.34165E-4 3.36671E-4 3.33441E-4 3.36008E-4 3.13824E-4 3.88187E-5 3.94998E-5 3.87896E-5 2.17043E-5 2.07365E-5 1.88164E-5 1.70701E-5 1.58829E-5 1.4519E-5 1.34886E-5 1.37956E-5 1.61182E-5 2.05076E-5 2.47323E-5 2.86904E-5 3.0576E-5 2.93123E-5 2.73805E-5 4.38049E-5 3.67767E-5 2.9092E-5 2.89704E-5 2.40766E-5 1.90561E-5 1.71486E-5 1.58091E-5 1.50794E-5 1.58119E-5 1.90765E-5 5.71271E-5 6.64478E-5 2.43212E-5 2.62892E-5 2.70436E-5 2.87291E-5 4.51912E-5 3.51879E-5 3.79487E-5 2.60827E-5 2.54199E-5 2.35839E-5 5.07075E-5 5.19975E-5 5.39379E-5 4.59785E-5 4.79703E-5 4.17906E-5 4.46154E-5 4.78856E-5 4.67846E-5 4.39397E-5 4.48451E-5 4.27294E-5 3.84717E-5 3.94914E-5
5.95188E-4 6.00947E-4 6.40616E-4 6.62773E-4 6.69705E-4 6.92996E-4 7.08705E-4 6.97936E-4 6.90749E-4 3.17593E-4 7.29106E-5 3.4807E-5 1.9941E-5 1.9351E-5 1.84701E-5 1.79582E-5 1.62594E-5 1.41877E-5 1.29611E-5 1.17961E-5 1.04697E-5 1.03652E-5 1.17939E-5 1.50001E-5 1.84513E-5 2.09745E-5 2.28236E-5 2.31239E-5 4.43539E-5 4.52275E-5 3.8207E-5 3.06693E-5 2.62329E-5 2.24607E-5 1.75932E-5 1.61499E-5 1.38988E-5 1.29345E-5 1.46085E-5 1.74607E-5 5.09738E-5 5.99883E-5 2.1234E-5 2.40016E-5 4.37534E-5 1.91973E-5 3.61821E-5 3.55251E-5 3.4225E-5 2.29664E-5 1.84228E-5 1.78887E-5 4.09849E-5 3.91888E-5 4.19671E-5 4.22421E-5 4.56484E-5 4.31374E-5 3.81479E-5 4.03668E-5 4.30197E-5 4.25146E-5 3.84921E-5 3.8013E-5 3.56436E-5 4.3103E-5
5.91736E-4 6.15141E-4 6.45619E-4 6.66349E-4 3.94918E-4 4.06275E-4 7.10671E-4 6.78959E-4 6.9778E-4 6.5659E-4 3.88375E-5 4.00718E-5 1.83004E-5 1.75763E-5 1.62787E-5 1.49983E-5 1.33872E-5 1.17972E-5 1.08259E-5 9.89585E-6 9.13642E-6 8.84773E-6 9.45634E-6 1.16877E-5 1.39797E-5 3.35899E-5 3.61062E-5 4.5846E-5 4.0649E-5 3.64165E-5 3.07011E-5 2.66134E-5 2.33721E-5 1.91601E-5 1.57065E-5 1.43617E-5 1.36725E-5 1.16759E-5 1.28743E-5 1.43925E-5 4.60571E-5 1.70502E-5 1.96078E-5 3.81371E-5 3.02567E-5 2.87008E-5 2.20444E-5 2.32538E-5 1.31314E-5 8.38492E-6 2.43399E-5 2.6092E-5 3.02124E-5 3.12788E-5 3.46202E-5 3.79927E-5 4.25939E-5 4.43203E-5 3.73287E-5 3.73515E-5 3.96623E-5 4.76534E-5 4.07156E-5 4.02007E-5 8.11974E-5 7.76147E-5
8.64509E-4 9.02028E-4 5.22685E-4 5.37518E-4 3.99928E-4 4.06734E-4 3.9675E-4 3.8955E-4 4.00699E-4 3.56339E-5 3.78115E-5 3.79878E-5 3.62932E-5 3.44136E-5 1.43909E-5 1.25787E-5 1.10702E-5 9.923E-6 8.93317E-6 8.42194E-6 7.87635E-6 7.97187E-6 8.37616E-6 2.00832E-5 2.9066E-5 3.29036E-5 3.46975E-5 3.49663E-5 3.1415E-5 2.87911E-5 2.51588E-5 2.26488E-5 1.9056E-5 1.61685E-5 1.32788E-5 1.1989E-5 1.18936E-5 2.22178E-5 2.05569E-5 2.23577E-5 2.43672E-5 1.46893E-5 1.44205E-5 3.30411E-5 2.56657E-5 2.13358E-5 1.84891E-5 1.26892E-5 7.57782E-6 4.73191E-6 1.75046E-5 1.86837E-5 2.18784E-5 2.60064E-5 2.99263E-5 3.24856E-5 3.77743E-5 2.45092E-5 4.71726E-5 4.50811E-5 4.54778E-5 4.41136E-5 3.93216E-5 7.12851E-5 7.35722E-5 6.60871E-5
5.57304E-4 5.4832E-4 5.50583E-4 5.6093E-4 5.74994E-4 5.54127E-4 5.42194E-4 5.46699E-4 5.51925E-4 4.40219E-5 4.58949E-5 4.65721E-5 3.43364E-5 3.18687E-5 1.28607E-5 1.07034E-5 9.50742E-6 8.56497E-6 7.72741E-6 7.06873E-6 6.56264E-6 6.75163E-6 1.92561E-5 2.10974E-5 2.37418E-5 2.55263E-5 2.77114E-5 2.65909E-5 2.52564E-5 2.29202E-5 2.08574E-5 1.90819E-5 1.65073E-5 1.39805E-5 2.40187E-5 2.05189E-5 9.69282E-6 1.84224E-5 1.73938E-5 2.0486E-5 1.0809E-5 1.16877E-5 2.51039E-5 2.61622E-5 2.04127E-5 1.32332E-5 1.14913E-5 7.53148E-6 4.57278E-6 3.51162E-6 7.70305E-6 8.36954E-6 9.20884E-6 1.68179E-5 1.79106E-5 2.12121E-5 1.86082E-5 1.93785E-5 1.93485E-5 2.80763E-5 3.67158E-5 3.96438E-5 4.72027E-5 7.88891E-5 7.70445E-5 7.40266E-5
5.32501E-4 5.54933E-4 5.45329E-4 5.44332E-4 5.64686E-4 5.36375E-4 5.30706E-4 5.42808E-4 5.46687E-4 4.22926E-5 4.4206E-5 4.46578E-5 4.35282E-5 3.92583E-5 1.17737E-5 9.40109E-6 8.04027E-6 6.99782E-6 8.1098E-6 1.616E-5 1.54625E-5 1.5493E-5 1.68128E-5 1.77884E-5 1.9686E-5 2.03548E-5 2.29025E-5 2.24396E-5 2.18202E-5 1.96318E-5 1.7294E-5 1.58785E-5 1.364E-5 2.38165E-5 1.84575E-5 2.17215E-5 1.99235E-5 1.84033E-5 1.03588E-5 1.11166E-5 2.3144E-5 2.18982E-5 2.05763E-5 1.77072E-5 1.62356E-5 1.2202E-5 9.15203E-6 6.10615E-6 3.65103E-6 3.5114E-6 6.84592E-6 6.57106E-6 9.88925E-6 1.0258E-5 1.15113E-5 1.40175E-5 1.67074E-5 1.72269E-5 1.74588E-5 1.66389E-5 1.53498E-5 4.96726E-5 7.11609E-5 4.58829E-5 4.2863E-5 4.76863E-5
5.25853E-4 5.18396E-4 5.13938E-4 5.36732E-4 5.42026E-4 5.34833E-4 5.31524E-4 5.49398E-4 5.51843E-4 3.9767E-5 4.31689E-5 4.58815E-5 4.45302E-5 3.95199E-5 1.53104E-5 1.11384E-5 8.25972E-6 1.59746E-5 1.49233E-5 1.42847E-5 1.37327E-5 1.3685E-5 1.44762E-5 1.51963E-5 1.63226E-5 1.72074E-5 1.85502E-5 1.88758E-5 1.82724E-5 2.12563E-5 3.90123E-5 3.43718E-5 3.01918E-5 2.33549E-5 1.90945E-5 1.78792E-5 1.56264E-5 1.59586E-5 8.83467E-6 1.82296E-5 1.67053E-5 1.84235E-5 1.77255E-5 1.42999E-5 1.24476E-5 1.05912E-5 7.1683E-6 4.82614E-6 4.0073E-6 4.413E-6 7.73635E-6 7.28953E-6 8.04737E-6 9.21882E-6 1.11296E-5 1.26563E-5 1.48656E-5 1.52172E-5 1.54451E-5 1.48661E-5 1.53846E-5 3.01797E-5 4.54353E-5 5.42585E-5 5.17101E-5 5.8583E-5
1.08781E-3 1.08338E-3 1.08553E-3 5.244E-4 1.10557E-3 1.10928E-3 5.20466E-4 5.35599E-4 5.4864E-4 3.71801E-5 4.2069E-5 4.61105E-5 4.9202E-5 4.11027E-5 2.73314E-5 2.00729E-5 1.56686E-5 1.41126E-5 1.3136E-5 1.26905E-5 1.21044E-5 1.20995E-5 1.27953E-5 1.34852E-5 1.47105E-5 1.86575E-5 2.03735E-5 2.05524E-5 4.08744E-5 1.8789E-5 3.22838E-5 2.88225E-5 2.30383E-5 2.01544E-5 1.58096E-5 1.46397E-5 1.26588E-5 1.36258E-5 1.44519E-5 1.46209E-5 1.29871E-5 1.19241E-5 1.27546E-5 1.15075E-5 9.56008E-6 9.50452E-6 7.88104E-6 1.06397E-5 9.44523E-6 9.37655E-6 6.89015E-6 7.13836E-6 7.29093E-6 8.06921E-6 1.0194E-5 1.10506E-5 1.23673E-5 1.28767E-5 1.32388E-5 1.46479E-5 1.37921E-5 3.8183E-5 3.30098E-5 3.64737E-5 3.9069E-5 6.62068E-5
