Leopardus guttulus/Leopardus_guttulus_projection 2041-2060_novel.asc
ncols         515
nrows         545
xllcorner     -119.0
yllcorner     -58.333333333333
cellsize      0.166666666667
NODATA_value  -9999
[rows 360 to 389 of 545, columns 335 to 401 of 515]
6.44974E0 6.44974E0 6.44974E0 6.44974E0 6.44974E0 6.44974E0 6.44974E0 6.44974E0 6.44974E0 6.44974E0 6.44974E0 6.44974E0 6.44974E0 6.44974E0 1.98915E1 1.98915E1 1.98915E1 1.98915E1 1.98915E1 1.98915E1 1.98915E1 1.98915E1 1.98915E1 1.98915E1 1.98915E1 1.98915E1 1.98915E1 1.98915E1 1.98915E1 1.98915E1 1.98915E1 1.98915E1 1.98915E1 1.98915E1 1.98915E1 1.98915E1 1.98915E1 1.98915E1 1.98915E1 1.98915E1 3.03118E1 1.98915E1 1.98915E1 2.59539E1 1.98915E1 2.41526E1 2.31261E1 2.12086E1 1.93105E1 1.75286E1 1.63665E1 1.56498E1 1.54949E1 1.48944E1 1.42359E1 1.28995E1 1.19698E1 1.11757E1 1.03428E1 9.54871E0 9.14197E0 8.42533E0 8.11544E0 7.63122E0 7.43754E0 8.11544E0 9.87798E0
6.44974E0 6.44974E0 6.44974E0 6.44974E0 6.44974E0 6.44974E0 6.44974E0 6.44974E0 6.44974E0 6.44974E0 6.44974E0 6.44974E0 6.44974E0 6.44974E0 1.98915E1 1.98915E1 1.98915E1 1.98915E1 1.98915E1 1.98915E1 1.98915E1 1.98915E1 1.98915E1 1.98915E1 1.98915E1 1.98915E1 1.98915E1 1.98915E1 1.98915E1 1.98915E1 1.98915E1 1.98915E1 1.98915E1 1.98915E1 1.98915E1 1.98915E1 1.98915E1 1.98915E1 1.98915E1 1.98915E1 1.98915E1 1.98915E1 1.98915E1 2.63606E1 2.46562E1 2.36103E1 2.17703E1 1.96978E1 1.78966E1 1.64439E1 1.5185E1 1.49525E1 1.45071E1 1.38873E1 1.37711E1 1.28414E1 1.19698E1 1.12725E1 1.04784E1 8.98702E0 8.69649E0 7.96049E0 7.24385E0 7.01143E0 7.16638E0 7.43754E0 8.69649E0
6.44974E0 6.44974E0 6.44974E0 6.44974E0 6.44974E0 6.44974E0 6.44974E0 6.44974E0 6.44974E0 6.44974E0 6.44974E0 6.44974E0 6.44974E0 1.98915E1 1.98915E1 1.98915E1 1.98915E1 1.98915E1 1.98915E1 1.98915E1 1.98915E1 1.98915E1 1.98915E1 1.98915E1 1.98915E1 1.98915E1 1.98915E1 1.98915E1 1.98915E1 1.98915E1 1.98915E1 1.98915E1 1.98915E1 1.98915E1 1.98915E1 1.98915E1 1.98915E1 1.98915E1 1.98915E1 1.98915E1 1.98915E1 1.98915E1 1.98915E1 2.65737E1 1.98915E1 2.33585E1 2.06082E1 1.78966E1 1.60953E1 1.49525E1 1.40035E1 1.34999E1 1.34031E1 1.32287E1 1.31125E1 1.27058E1 1.19698E1 1.12725E1 1.07883E1 8.98702E0 8.23165E0 7.43754E0 6.54658E0 6.54658E0 6.68216E0 6.97269E0 8.11544E0
6.44974E0 6.44974E0 6.44974E0 6.44974E0 6.44974E0 6.44974E0 6.44974E0 6.44974E0 6.44974E0 6.44974E0 6.44974E0 1.98915E1 1.98915E1 1.98915E1 1.98915E1 1.98915E1 1.98915E1 1.98915E1 1.98915E1 1.98915E1 1.98915E1 1.98915E1 1.98915E1 1.98915E1 1.98915E1 1.98915E1 1.98915E1 1.98915E1 1.98915E1 1.98915E1 1.98915E1 1.98915E1 1.98915E1 1.98915E1 1.98915E1 1.98915E1 1.98915E1 1.98915E1 1.98915E1 1.98915E1 1.98915E1 1.98915E1 1.98915E1 1.98915E1 1.98915E1 1.98915E1 1.89231E1 1.63665E1 1.46233E1 1.319E1 1.27639E1 1.27639E1 1.27058E1 1.25508E1 1.26671E1 1.25315E1 1.21828E1 1.16405E1 1.08077E1 8.90955E0 7.82491E0 6.97269E0 5.92679E0 5.79121E0 6.21732E0 6.81774E0 7.16638E0
1.98915E1 6.44974E0 6.44974E0 6.44974E0 6.44974E0 6.44974E0 6.44974E0 6.44974E0 6.44974E0 6.44974E0 6.44974E0 1.98915E1 1.98915E1 1.98915E1 1.98915E1 1.98915E1 1.98915E1 1.98915E1 1.98915E1 1.98915E1 1.98915E1 1.98915E1 1.98915E1 1.98915E1 1.98915E1 1.98915E1 1.98915E1 1.98915E1 1.98915E1 1.98915E1 1.98915E1 1.98915E1 1.98915E1 1.98915E1 1.98915E1 1.98915E1 1.98915E1 1.98915E1 1.98915E1 1.98915E1 1.98915E1 1.98915E1 1.98915E1 1.98915E1 1.98915E1 1.97947E1 1.71412E1 1.48944E1 1.27445E1 1.18923E1 1.17761E1 1.19892E1 1.22603E1 1.2454E1 1.26671E1 1.27445E1 1.28414E1 1.26089E1 1.18729E1 9.54871E0 8.11544E0 6.54658E0 5.4232E0 5.01646E0 5.4232E0 5.92679E0 6.43037E0
1.98915E1 1.98915E1 1.98915E1 6.44974E0 6.44974E0 6.44974E0 6.44974E0 6.44974E0 6.44974E0 1.98915E1 1.98915E1 1.98915E1 1.98915E1 1.98915E1 1.98915E1 1.98915E1 1.98915E1 1.98915E1 2.86461E1 2.82007E1 2.74065E1 1.98915E1 1.98915E1 1.98915E1 2.11118E1 1.98915E1 1.98915E1 1.98915E1 1.98915E1 1.98915E1 1.98915E1 1.98915E1 1.98915E1 1.98915E1 1.98915E1 1.98915E1 1.98915E1 1.98915E1 1.98915E1 1.98915E1 1.98915E1 1.98915E1 1.98915E1 1.98915E1 1.98915E1 1.91943E1 1.61921E1 1.34999E1 1.18342E1 1.0827E1 1.08658E1 1.12725E1 1.17761E1 1.21828E1 1.25315E1 1.28414E1 1.30157E1 1.30157E1 1.27639E1 1.03235E1 8.11544E0 6.54658E0 5.26825E0 4.43541E0 4.02867E0 4.02867E0 5.15204E0
1.98915E1 1.98915E1 1.98915E1 1.98915E1 1.98915E1 6.44974E0 1.98915E1 1.98915E1 1.98915E1 1.98915E1 1.98915E1 1.98915E1 1.98915E1 1.98915E1 1.98915E1 1.98915E1 1.98915E1 2.82007E1 2.82007E1 2.86461E1 1.98915E1 1.98915E1 1.98915E1 1.98915E1 2.38621E1 1.98915E1 1.98915E1 1.98915E1 1.98915E1 1.98915E1 1.98915E1 1.98915E1 1.98915E1 1.98915E1 1.98915E1 1.98915E1 1.98915E1 1.98915E1 1.98915E1 1.98915E1 1.98915E1 1.98915E1 1.98915E1 1.98915E1 1.98915E1 1.83614E1 1.56304E1 1.34224E1 1.16405E1 1.09626E1 1.0827E1 1.11563E1 1.14468E1 1.18342E1 1.2454E1 1.27058E1 1.32287E1 1.36549E1 1.38679E1 1.09045E1 8.69649E0 7.24385E0 6.43037E0 4.84215E0 3.62193E0 2.98276E0 3.75751E0
1.98915E1 1.98915E1 1.98915E1 1.98915E1 1.98915E1 1.98915E1 1.98915E1 1.98915E1 1.98915E1 1.98915E1 1.98915E1 1.98915E1 1.98915E1 1.98915E1 1.98915E1 1.98915E1 1.98915E1 2.78133E1 2.90335E1 2.90335E1 1.98915E1 1.98915E1 1.98915E1 1.91362E1 1.98915E1 1.98915E1 1.98915E1 1.98915E1 1.98915E1 1.98915E1 1.98915E1 1.98915E1 1.98915E1 1.98915E1 1.98915E1 1.98915E1 1.98915E1 1.98915E1 1.98915E1 1.98915E1 1.98915E1 1.98915E1 1.98915E1 1.98915E1 1.98915E1 1.80903E1 1.5553E1 1.36549E1 1.21828E1 1.12725E1 1.0982E1 1.09045E1 1.13113E1 1.18342E1 1.20666E1 1.27058E1 1.33256E1 1.38679E1 1.30544E1 1.04978E1 8.98702E0 8.69649E0 8.23165E0 5.79121E0 3.91245E0 3.09897E0 3.62193E0
1.98915E1 1.98915E1 1.98915E1 1.98915E1 1.98915E1 1.98915E1 1.98915E1 1.98915E1 1.98915E1 1.98915E1 1.98915E1 1.98915E1 1.98915E1 1.98915E1 1.98915E1 1.98915E1 2.74065E1 2.86461E1 2.90335E1 2.86461E1 1.98915E1 1.98915E1 1.88456E1 1.88456E1 1.98915E1 1.98915E1 1.98915E1 1.98915E1 1.98915E1 1.98915E1 1.98915E1 1.98915E1 1.98915E1 1.98915E1 1.98915E1 1.98915E1 1.98915E1 1.98915E1 1.98915E1 1.98915E1 1.98915E1 1.98915E1 1.98915E1 2.31261E1 2.02014E1 1.7761E1 1.5553E1 1.38485E1 1.22603E1 1.12531E1 1.04978E1 1.04978E1 1.08077E1 1.08077E1 1.10401E1 1.18342E1 1.22603E1 1.18342E1 1.08077E1 9.7424E0 9.7424E0 9.7424E0 9.7424E0 8.23165E0 6.43037E0 4.93899E0 4.43541E0
1.98915E1 1.98915E1 1.98915E1 1.98915E1 1.98915E1 1.98915E1 1.98915E1 1.98915E1 1.98915E1 1.98915E1 1.98915E1 1.98915E1 1.98915E1 1.98915E1 1.98915E1 2.65737E1 2.82007E1 2.90335E1 2.90335E1 2.70385E1 1.98915E1 2.0337E1 1.86713E1 1.94848E1 1.98915E1 1.98915E1 1.98915E1 1.98915E1 1.98915E1 1.98915E1 1.98915E1 1.98915E1 1.98915E1 1.98915E1 1.98915E1 1.98915E1 1.98915E1 1.98915E1 1.98915E1 1.98915E1 2.85687E1 2.65737E1 2.41914E1 2.20414E1 1.97947E1 1.73736E1 1.56498E1 1.37517E1 1.18729E1 1.08077E1 1.0091E1 9.7424E0 9.31629E0 9.14197E0 9.14197E0 9.31629E0 9.87798E0 9.31629E0 8.98702E0 9.14197E0 1.12531E1 1.36355E1 1.37517E1 1.74317E1 1.88456E1 1.71993E1 1.01879E1
1.98915E1 1.98915E1 1.98915E1 1.98915E1 1.98915E1 1.98915E1 1.98915E1 1.98915E1 1.98915E1 1.98915E1 1.98915E1 1.98915E1 1.98915E1 1.98915E1 2.70385E1 2.65737E1 2.78133E1 2.86461E1 2.82007E1 1.98915E1 1.98915E1 1.82258E1 1.82258E1 2.41526E1 1.98915E1 1.98915E1 1.98915E1 1.98915E1 1.98915E1 1.98915E1 1.98915E1 1.98915E1 1.98915E1 1.98915E1 1.98915E1 1.98915E1 1.98915E1 1.98915E1 3.00988E1 3.03118E1 2.85687E1 2.59539E1 2.3649E1 2.11699E1 1.88456E1 1.70831E1 1.50881E1 1.29188E1 1.10401E1 9.7424E0 9.14197E0 8.85144E0 8.36723E0 8.11544E0 7.96049E0 7.82491E0 7.4569E0 7.4569E0 7.82491E0 8.69649E0 1.18729E1 1.64439E1 2.15572E1 2.85687E1 3.34108E1 3.72845E1 2.99438E1
1.98915E1 1.98915E1 1.98915E1 1.98915E1 1.98915E1 1.98915E1 1.98915E1 1.98915E1 1.98915E1 1.98915E1 3.06605E1 3.05249E1 2.90335E1 2.78133E1 2.70385E1 2.65737E1 2.78133E1 2.86461E1 2.74065E1 2.53535E1 1.99884E1 1.76448E1 1.76448E1 1.98915E1 1.98915E1 1.98915E1 1.98915E1 1.98915E1 1.98915E1 1.98915E1 1.98915E1 1.98915E1 1.98915E1 1.98915E1 1.98915E1 1.98915E1 3.29072E1 1.98915E1 2.74065E1 2.70385E1 2.79489E1 2.48886E1 2.23901E1 2.02789E1 1.78578E1 1.59403E1 1.37517E1 1.18729E1 1.0091E1 8.85144E0 8.42533E0 7.96049E0 7.37943E0 6.97269E0 6.54658E0 6.43037E0 6.21732E0 6.00426E0 6.68216E0 8.42533E0 1.18342E1 1.66376E1 2.65737E1 3.63936E1 4.3405E1 3.98218E1 3.94732E1
1.98915E1 1.98915E1 1.98915E1 1.98915E1 1.98915E1 1.98915E1 1.98915E1 3.06605E1 3.06605E1 1.98915E1 1.98915E1 2.96533E1 2.82007E1 2.74065E1 2.58377E1 2.74065E1 2.82007E1 2.82007E1 2.62444E1 1.98915E1 1.79547E1 1.68119E1 1.79547E1 1.98915E1 1.98915E1 1.98915E1 1.98915E1 1.98915E1 1.98915E1 1.98915E1 1.98915E1 1.98915E1 1.98915E1 1.98915E1 1.98915E1 1.98915E1 3.09704E1 2.65737E1 3.09704E1 2.93434E1 2.62057E1 2.3649E1 2.11699E1 1.96397E1 1.74317E1 1.56111E1 1.30544E1 1.09045E1 9.31629E0 8.42533E0 7.4569E0 6.81774E0 6.21732E0 5.92679E0 5.26825E0 5.01646E0 4.93899E0 4.70657E0 5.4232E0 7.01143E0 9.7424E0 1.70056E1 2.68255E1 3.57931E1 3.98218E1 4.14294E1 2.58377E1
1.98915E1 1.98915E1 3.06605E1 3.06605E1 3.06605E1 3.06605E1 3.06605E1 2.50048E1 3.06605E1 3.06605E1 3.05249E1 2.96533E1 2.86461E1 2.70385E1 2.58377E1 2.62444E1 2.74065E1 2.78133E1 1.98915E1 1.91362E1 1.68119E1 1.63858E1 1.79547E1 1.94848E1 1.98915E1 1.98915E1 1.98915E1 1.98915E1 1.98915E1 1.98915E1 1.98915E1 1.98915E1 1.98915E1 1.98915E1 1.98915E1 2.82007E1 2.82007E1 3.54251E1 3.21518E1 2.90141E1 2.51404E1 2.20414E1 2.00659E1 1.82258E1 1.66376E1 1.38873E1 1.12531E1 9.54871E0 8.23165E0 7.37943E0 6.68216E0 6.00426E0 5.50068E0 5.15204E0 4.53225E0 4.02867E0 3.62193E0 3.40887E0 4.14488E0 5.26825E0 7.4569E0 1.19504E1 1.84389E1 2.35328E1 3.25973E1 3.25973E1 2.35328E1
2.50048E1 3.06605E1 3.06605E1 3.06605E1 3.06605E1 3.06605E1 2.50048E1 3.06605E1 3.06605E1 3.06605E1 3.06605E1 2.90335E1 2.82007E1 2.74065E1 2.65737E1 2.62444E1 2.70385E1 1.98915E1 1.98915E1 1.76448E1 1.61728E1 1.59016E1 1.91362E1 1.98915E1 1.98915E1 1.98915E1 1.98915E1 1.98915E1 1.98915E1 1.98915E1 1.98915E1 1.98915E1 1.98915E1 1.98915E1 1.98915E1 2.86461E1 3.36432E1 3.4786E1 3.17451E1 2.79489E1 2.37265E1 2.06082E1 1.80322E1 1.61728E1 1.47008E1 1.19504E1 9.87798E0 8.23165E0 7.01143E0 6.12047E0 5.50068E0 4.93899E0 4.43541E0 4.14488E0 3.75751E0 3.27329E0 2.98276E0 2.69223E0 2.98276E0 3.91245E0 5.50068E0 7.96049E0 1.18729E1 1.66376E1 1.94654E1 2.02789E1 1.71993E1
2.50048E1 2.50048E1 3.06605E1 3.06605E1 3.06605E1 3.06605E1 3.06605E1 3.06605E1 3.06605E1 3.06605E1 3.06605E1 3.06605E1 2.86461E1 2.65737E1 2.58377E1 2.62444E1 2.65737E1 1.98915E1 1.63858E1 1.63858E1 1.54755E1 1.63858E1 1.91362E1 1.88456E1 1.94848E1 1.98915E1 1.98915E1 1.98915E1 1.98915E1 1.98915E1 1.98915E1 1.98915E1 1.98915E1 1.98915E1 2.74065E1 3.48828E1 3.09704E1 3.44761E1 3.21518E1 2.79489E1 2.31067E1 1.99109E1 1.66376E1 1.41972E1 1.19504E1 9.87798E0 8.23165E0 6.97269E0 6.00426E0 5.15204E0 4.70657E0 4.02867E0 3.75751E0 3.75751E0 3.40887E0 2.78908E0 2.55665E0 2.3436E0 2.45981E0 2.61476E0 3.40887E0 4.70657E0 6.43037E0 7.96049E0 8.98702E0 9.7424E0 8.85144E0
2.50048E1 2.50048E1 3.06605E1 3.29072E1 3.25005E1 3.29072E1 3.06605E1 3.06605E1 3.06605E1 3.06605E1 3.06605E1 3.06605E1 3.00988E1 2.65737E1 2.51404E1 2.51404E1 1.98915E1 1.98915E1 1.59016E1 1.4294E1 1.47782E1 1.59016E1 1.79547E1 1.94848E1 1.98915E1 1.98915E1 1.98915E1 1.98915E1 1.98915E1 1.98915E1 1.98915E1 1.98915E1 1.98915E1 2.38621E1 2.70385E1 2.74065E1 1.98915E1 1.98915E1 1.98915E1 2.79489E1 2.31067E1 1.90587E1 1.58048E1 1.25896E1 1.01879E1 8.69649E0 7.24385E0 6.00426E0 5.01646E0 4.14488E0 3.27329E0 2.98276E0 2.98276E0 2.69223E0 2.24676E0 2.11118E0 2.01433E0 2.18865E0 2.11118E0 1.91749E0 2.11118E0 2.3436E0 2.98276E0 3.75751E0 4.14488E0 4.14488E0 3.91245E0
3.06605E1 3.25005E1 3.25005E1 3.25005E1 3.25005E1 3.29072E1 3.06605E1 3.06605E1 3.06605E1 3.06605E1 3.06605E1 3.06605E1 2.96533E1 2.78133E1 2.53535E1 2.46562E1 1.98915E1 1.68119E1 1.54755E1 1.40422E1 1.4294E1 1.47782E1 1.82258E1 1.98915E1 1.98915E1 1.98915E1 1.98915E1 1.98915E1 1.98915E1 1.98915E1 1.98915E1 1.98915E1 2.35328E1 1.98915E1 1.98915E1 1.98915E1 1.98915E1 1.98915E1 3.19194E1 2.8375E1 2.3649E1 1.92524E1 1.52624E1 1.18342E1 9.31629E0 8.36723E0 7.16638E0 5.50068E0 4.43541E0 3.40887E0 2.78908E0 2.45981E0 2.18865E0 1.85938E0 1.74317E0 1.82065E0 1.82065E0 1.82065E0 2.01433E0 1.9756E0 1.82065E0 1.9756E0 1.9756E0 2.01433E0 1.91749E0 1.85938E0 1.85938E0
3.29072E1 3.25005E1 3.25005E1 3.25005E1 3.25005E1 3.44761E1 3.06605E1 3.06605E1 3.06605E1 2.50048E1 3.06605E1 3.06605E1 3.00988E1 2.58377E1 2.51404E1 2.41526E1 1.91362E1 1.51075E1 1.47782E1 1.40422E1 1.40422E1 1.51075E1 1.98915E1 1.98915E1 1.98915E1 1.98915E1 1.98915E1 1.98915E1 1.98915E1 1.98915E1 1.98915E1 2.21964E1 1.98915E1 1.98915E1 1.98915E1 1.98915E1 1.98915E1 1.98915E1 3.20744E1 2.85687E1 2.3649E1 1.94654E1 1.61728E1 1.24734E1 9.87798E0 8.56091E0 7.24385E0 5.69436E0 4.14488E0 3.09897E0 2.55665E0 2.11118E0 1.62696E0 1.60759E0 1.53012E0 1.62696E0 1.82065E0 1.62696E0 1.85938E0 1.91749E0 1.91749E0 2.45981E0 4.14488E0 5.15204E0 4.93899E0 3.15708E0 2.69223E0
3.06605E1 3.40887E1 3.25005E1 3.25005E1 3.25005E1 3.36432E1 3.06605E1 3.06605E1 3.06605E1 3.06605E1 3.06605E1 3.06605E1 2.70385E1 2.38621E1 2.29518E1 1.98915E1 1.71993E1 1.40422E1 1.40422E1 1.28995E1 1.3713E1 1.98915E1 1.98915E1 1.98915E1 1.98915E1 1.98915E1 1.98915E1 1.98915E1 1.98915E1 1.98915E1 1.98915E1 2.51404E1 2.38621E1 1.98915E1 1.98915E1 1.98915E1 3.60256E1 3.3895E1 3.06605E1 2.74453E1 2.28162E1 1.96397E1 1.66376E1 1.32675E1 1.08077E1 9.31629E0 7.82491E0 6.21732E0 4.93899E0 3.15708E0 2.24676E0 1.91749E0 1.53012E0 1.33643E0 1.47201E0 1.62696E0 1.9756E0 1.91749E0 2.11118E0 2.24676E0 3.09897E0 4.14488E0 5.26825E0 5.92679E0 6.12047E0 5.26825E0 5.15204E0
2.50048E1 3.06605E1 3.06605E1 3.06605E1 3.06605E1 3.06605E1 2.50048E1 2.50048E1 3.06605E1 3.06605E1 3.06605E1 3.06605E1 2.53535E1 2.35328E1 2.29518E1 2.11118E1 1.40422E1 1.28995E1 1.3713E1 1.16599E1 1.98915E1 1.98915E1 1.98915E1 1.98915E1 1.98915E1 1.98915E1 1.98915E1 1.98915E1 1.98915E1 1.98915E1 1.98915E1 2.06856E1 2.35328E1 1.98915E1 1.98915E1 1.98915E1 1.98915E1 3.06605E1 2.93434E1 2.59539E1 2.18865E1 1.90587E1 1.70056E1 1.49719E1 1.29188E1 1.19504E1 1.03235E1 7.24385E0 5.01646E0 3.27329E0 2.18865E0 1.74317E0 1.33643E0 1.27833E0 1.60759E0 1.82065E0 2.18865E0 2.24676E0 2.45981E0 3.09897E0 5.4232E0 5.92679E0 6.68216E0 7.43754E0 7.4569E0 7.16638E0 7.01143E0
2.50048E1 2.50048E1 2.50048E1 2.50048E1 2.50048E1 2.50048E1 2.50048E1 2.50048E1 3.06605E1 2.50048E1 3.06605E1 3.06605E1 2.53535E1 2.21964E1 1.99884E1 1.59016E1 1.25315E1 1.25315E1 1.21635E1 1.4294E1 1.98915E1 1.98915E1 1.98915E1 1.98915E1 1.98915E1 1.98915E1 1.98915E1 2.78133E1 1.98915E1 1.98915E1 2.53535E1 2.2545E1 1.98915E1 1.98915E1 1.98915E1 1.98915E1 1.98915E1 1.98915E1 2.85687E1 2.48886E1 2.13635E1 1.88456E1 1.64439E1 1.4449E1 1.29188E1 1.29188E1 1.18729E1 8.36723E0 5.79121E0 3.75751E0 2.3436E0 1.62696E0 1.33643E0 1.27833E0 1.74317E0 2.18865E0 2.61476E0 2.78908E0 2.98276E0 4.43541E0 5.79121E0 6.68216E0 7.24385E0 7.43754E0 7.63122E0 7.96049E0 8.11544E0
2.50048E1 2.50048E1 2.50048E1 2.50048E1 2.50048E1 2.50048E1 2.50048E1 2.50048E1 2.50048E1 3.06605E1 3.06605E1 2.90335E1 2.29518E1 1.86713E1 1.76448E1 1.32868E1 1.10788E1 1.21635E1 1.54755E1 2.51404E1 1.98915E1 1.98915E1 1.98915E1 1.98915E1 2.82007E1 2.70385E1 2.96533E1 3.06605E1 2.96533E1 2.35328E1 2.16928E1 1.88456E1 1.98915E1 1.98915E1 3.06605E1 1.98915E1 1.98915E1 1.98915E1 2.70385E1 2.3649E1 2.10149E1 1.80322E1 1.52624E1 1.27639E1 1.1563E1 1.10401E1 9.87798E0 8.23165E0 6.00426E0 4.02867E0 2.18865E0 1.60759E0 1.41391E0 1.33643E0 1.85938E0 2.11118E0 2.98276E0 3.27329E0 4.02867E0 4.70657E0 5.26825E0 6.21732E0 7.16638E0 7.4569E0 8.36723E0 8.23165E0 8.42533E0
2.50048E1 2.50048E1 2.50048E1 2.50048E1 2.50048E1 2.50048E1 2.50048E1 2.50048E1 2.50048E1 3.06605E1 3.06605E1 2.74065E1 2.38621E1 1.76448E1 1.32868E1 1.10788E1 1.10788E1 1.21635E1 2.35328E1 3.06605E1 3.06605E1 3.06605E1 3.06605E1 2.90335E1 2.58377E1 2.78133E1 2.90335E1 3.05249E1 2.82007E1 2.21964E1 1.59016E1 1.86713E1 1.98915E1 1.98915E1 3.06605E1 3.06605E1 3.06605E1 1.98915E1 2.638E1 2.23901E1 2.00659E1 1.70831E1 1.32675E1 1.1563E1 1.03235E1 9.54871E0 8.36723E0 7.16638E0 5.50068E0 3.75751E0 2.45981E0 1.74317E0 1.41391E0 1.47201E0 1.74317E0 1.91749E0 2.55665E0 3.27329E0 4.28046E0 4.84215E0 5.4232E0 6.54658E0 7.63122E0 8.11544E0 8.69649E0 9.31629E0 1.01879E1
2.50048E1 2.50048E1 2.50048E1 2.50048E1 2.50048E1 2.50048E1 2.50048E1 2.50048E1 2.50048E1 2.50048E1 3.06605E1 2.51404E1 2.2545E1 1.82258E1 1.25315E1 9.68429E0 1.21635E1 2.62444E1 3.06605E1 3.06605E1 3.06605E1 3.05249E1 2.90335E1 2.70385E1 2.41526E1 2.86461E1 3.00988E1 3.00988E1 2.62444E1 2.29518E1 1.71993E1 1.99884E1 1.98915E1 1.98915E1 3.06605E1 3.06605E1 3.06605E1 2.79489E1 2.44625E1 2.16734E1 1.82258E1 1.56111E1 1.22603E1 1.01879E1 8.85144E0 8.11544E0 7.43754E0 6.12047E0 4.70657E0 3.27329E0 2.3436E0 1.60759E0 1.27833E0 1.27833E0 1.41391E0 1.74317E0 2.18865E0 2.69223E0 3.62193E0 4.53225E0 5.26825E0 6.21732E0 7.16638E0 7.96049E0 9.31629E0 1.01879E1 4.33856E0
2.50048E1 2.05694E1 2.05694E1 2.05694E1 2.05694E1 2.50048E1 2.50048E1 2.50048E1 2.50048E1 2.50048E1 2.70385E1 2.16928E1 2.0337E1 1.47782E1 1.0091E1 1.54755E1 2.29518E1 2.41526E1 3.05249E1 3.06605E1 3.06605E1 3.05249E1 2.74065E1 2.46562E1 2.38621E1 2.58377E1 2.86461E1 2.96533E1 2.2545E1 2.0337E1 1.47782E1 2.16928E1 3.06605E1 3.06605E1 3.06605E1 3.06605E1 2.93434E1 2.65737E1 2.26225E1 2.04532E1 1.72961E1 1.4449E1 1.1563E1 9.31629E0 8.11544E0 7.01143E0 6.21732E0 5.4232E0 4.28046E0 2.98276E0 2.24676E0 1.74317E0 1.41391E0 1.27833E0 1.60759E0 1.85938E0 2.11118E0 2.3436E0 3.15708E0 4.02867E0 5.15204E0 6.21732E0 7.37943E0 8.56091E0 1.03235E1 -9999 -9999
2.05694E1 2.05694E1 2.05694E1 2.05694E1 2.05694E1 2.05694E1 2.50048E1 2.50048E1 2.50048E1 2.50048E1 2.58377E1 2.70385E1 1.82258E1 1.10788E1 9.68429E0 3.14352E1 3.70715E1 3.06605E1 3.06605E1 3.06605E1 3.06605E1 3.06605E1 2.90335E1 2.53535E1 2.06856E1 2.53535E1 2.90335E1 2.82007E1 2.38621E1 1.51075E1 1.86713E1 2.38621E1 3.06605E1 3.06605E1 3.06605E1 3.06411E1 2.8375E1 2.55665E1 2.22739E1 1.90587E1 1.64439E1 1.37517E1 1.10401E1 8.98702E0 7.63122E0 6.54658E0 5.79121E0 4.84215E0 4.02867E0 3.09897E0 2.3436E0 2.01433E0 1.85938E0 1.91749E0 1.91749E0 2.01433E0 2.24676E0 2.98276E0 3.40887E0 4.28046E0 5.26825E0 6.54658E0 7.82491E0 9.14197E0 3.66066E0 -9999 -9999
2.05694E1 2.05694E1 2.05694E1 2.05694E1 2.05694E1 2.05694E1 2.50048E1 2.50048E1 2.50048E1 3.06605E1 2.2545E1 2.35328E1 1.68119E1 9.14197E0 7.90238E0 2.16928E1 3.06605E1 3.06605E1 3.06605E1 3.06605E1 3.06605E1 3.06605E1 3.00988E1 2.74065E1 2.0337E1 2.62444E1 2.70385E1 2.38621E1 2.2545E1 1.51075E1 1.21635E1 1.91362E1 2.51404E1 2.86461E1 2.58377E1 2.90141E1 2.72516E1 2.41914E1 2.11699E1 1.80322E1 1.62502E1 1.36355E1 1.09045E1 8.98702E0 7.82491E0 6.68216E0 5.79121E0 4.84215E0 4.02867E0 3.15708E0 2.69223E0 2.61476E0 2.55665E0 2.69223E0 2.61476E0 2.78908E0 2.98276E0 3.15708E0 3.91245E0 4.70657E0 5.69436E0 6.68216E0 7.82491E0 4.33856E0 3.66066E0 5.13267E0 -9999
2.05694E1 2.05694E1 2.05694E1 2.05694E1 2.05694E1 2.05694E1 2.50048E1 2.50048E1 3.06605E1 3.06605E1 2.65737E1 2.0337E1 1.71993E1 1.05752E1 7.0889E0 1.32868E1 3.06605E1 3.06605E1 3.06605E1 3.06605E1 2.58377E1 3.06605E1 3.06605E1 2.51404E1 1.88456E1 2.62444E1 2.51404E1 2.0337E1 2.0337E1 1.54755E1 1.32868E1 2.38621E1 2.74065E1 2.70385E1 2.65737E1 2.76971E1 2.55665E1 2.26225E1 2.06082E1 1.75673E1 1.61728E1 1.38873E1 1.18342E1 9.87798E0 8.23165E0 6.97269E0 6.00426E0 5.15204E0 4.02867E0 3.15708E0 3.09897E0 3.09897E0 3.62193E0 4.14488E0 4.14488E0 3.62193E0 3.75751E0 4.02867E0 4.14488E0 4.84215E0 5.79121E0 7.16638E0 2.05307E0 5.13267E0 7.0889E0 -9999 -9999
2.05694E1 2.05694E1 1.74511E1 2.05694E1 2.05694E1 2.05694E1 2.05694E1 2.50048E1 2.50048E1 3.06605E1 3.06605E1 2.35328E1 1.68119E1 1.4294E1 7.90238E0 6.54658E0 1.61728E1 3.05249E1 3.06605E1 3.06605E1 2.35328E1 3.06605E1 3.06605E1 2.70385E1 1.79547E1 2.46562E1 2.16928E1 1.88456E1 1.82258E1 1.05752E1 1.51075E1 2.46562E1 3.06605E1 2.99438E1 2.82007E1 2.54116E1 2.3436E1 2.16734E1 2.00659E1 1.78578E1 1.62502E1 1.50881E1 1.30544E1 1.12531E1 8.90955E0 7.4569E0 6.12047E0 5.15204E0 4.43541E0 3.91245E0 4.02867E0 4.14488E0 4.43541E0 5.15204E0 5.4232E0 4.93899E0 4.53225E0 4.70657E0 4.93899E0 5.4232E0 6.21732E0 4.33856E0 1.49138E0 5.13267E0 6.54658E0 -9999 -9999
