Leopardus guttulus/Leopardus_guttulus_projection 2041-2060.asc
ncols         515
nrows         545
xllcorner     -119.0
yllcorner     -58.333333333333
cellsize      0.166666666667
NODATA_value  -9999
[rows 232 to 260 of 545, columns 330 to 395 of 515]
9.57761E-7 1.03288E-6 9.46955E-7 9.29809E-7 1.03305E-6 1.10021E-6 1.09824E-6 1.17538E-6 1.15638E-6 1.16037E-6 1.08943E-6 1.10457E-6 1.37398E-6 9.88966E-7 7.25721E-7 5.04142E-7 4.43776E-7 3.98084E-7 3.80262E-7 4.99383E-7 4.36936E-7 5.21724E-7 5.46206E-7 6.16449E-7 7.57481E-7 9.13241E-7 9.67922E-7 9.5313E-7 1.02159E-6 8.66732E-7 8.97734E-7 8.79112E-7 8.25584E-7 6.4894E-7 5.53411E-7 4.91293E-7 4.0102E-7 2.38357E-7 2.86871E-7 4.59693E-7 4.22554E-7 5.66378E-7 6.2632E-7 5.25425E-7 5.57461E-7 4.57285E-7 3.55013E-7 3.25818E-7 3.00251E-7 2.56787E-7 2.76568E-7 2.83308E-7 2.68245E-7 2.64848E-7 3.16244E-7 3.22146E-7 3.4717E-7 4.6504E-7 5.51233E-7 6.15378E-7 8.35205E-7 1.12302E-6 1.42694E-6 1.72766E-6 3.47465E-6 3.73945E-6
8.9929E-7 9.23151E-7 9.77342E-7 1.0136E-6 1.00078E-6 1.15218E-6 1.10569E-6 1.12593E-6 1.08679E-6 1.08336E-6 1.05048E-6 1.02994E-6 1.10959E-6 6.36199E-7 6.24123E-7 5.13883E-7 4.76362E-7 4.54252E-7 4.92985E-7 4.34418E-7 4.64578E-7 5.20775E-7 7.33497E-7 7.82541E-7 9.63143E-7 1.08188E-6 1.19901E-6 1.20967E-6 1.09188E-6 9.34851E-7 9.81183E-7 9.81741E-7 8.41747E-7 6.56406E-7 5.14543E-7 3.33525E-7 3.92065E-7 3.94753E-7 4.5862E-7 5.11284E-7 5.01975E-7 6.07792E-7 6.11721E-7 5.68795E-7 6.4228E-7 5.59673E-7 4.37725E-7 3.75273E-7 2.9391E-7 2.54905E-7 2.34823E-7 2.2774E-7 2.15917E-7 2.31694E-7 2.30855E-7 2.52096E-7 3.13203E-7 3.85699E-7 5.06547E-7 6.03279E-7 7.58737E-7 1.08326E-6 1.31742E-6 1.58887E-6 3.1782E-6 3.37331E-6
8.68895E-7 9.11162E-7 9.47293E-7 1.00389E-6 1.01928E-6 1.17922E-6 1.15994E-6 1.14058E-6 1.18049E-6 1.02051E-6 1.24452E-6 9.43354E-7 7.65863E-7 6.28793E-7 5.33327E-7 4.86245E-7 4.9142E-7 4.30936E-7 4.81725E-7 4.90563E-7 5.45856E-7 5.78309E-7 8.12554E-7 9.46248E-7 1.33583E-6 1.30244E-6 1.29904E-6 1.42433E-6 1.23831E-6 1.02767E-6 1.04368E-6 9.53352E-7 8.2E-7 5.27708E-7 6.4817E-7 4.65361E-7 5.16701E-7 3.85387E-7 5.32144E-7 5.1508E-7 5.00351E-7 6.51856E-7 5.99292E-7 5.75454E-7 6.65031E-7 5.82578E-7 4.25261E-7 3.5034E-7 2.98509E-7 2.58902E-7 2.29579E-7 2.25923E-7 2.10718E-7 2.04334E-7 2.13014E-7 2.40455E-7 2.80683E-7 3.43286E-7 4.22655E-7 5.27466E-7 6.71056E-7 1.02464E-6 1.15512E-6 1.6544E-6 2.01535E-6 3.04544E-6
8.84764E-7 1.06583E-6 8.54833E-7 1.03289E-6 1.03296E-6 1.10477E-6 1.1795E-6 1.14716E-6 1.07252E-6 9.66063E-7 1.25981E-6 7.98403E-7 7.8107E-7 7.35841E-7 5.91335E-7 5.56447E-7 4.46934E-7 4.40927E-7 4.8733E-7 4.82213E-7 5.45067E-7 6.64538E-7 9.09754E-7 1.21274E-6 1.65085E-6 1.85582E-6 1.78071E-6 1.7492E-6 1.43249E-6 1.08997E-6 1.0181E-6 1.01573E-6 9.10862E-7 5.63849E-7 6.63037E-7 8.13104E-7 6.33651E-7 6.85098E-7 6.69713E-7 4.69841E-7 5.30526E-7 6.70747E-7 6.56989E-7 6.40816E-7 6.37434E-7 5.62084E-7 4.61124E-7 3.77082E-7 3.45178E-7 2.84364E-7 2.24955E-7 2.16425E-7 2.09593E-7 1.86821E-7 1.70448E-7 1.84549E-7 2.46208E-7 2.70168E-7 3.51403E-7 4.45024E-7 5.79547E-7 7.60874E-7 1.17677E-6 1.53918E-6 2.4577E-6 1.93835E-6
8.23995E-7 9.49797E-7 8.74086E-7 1.0811E-6 1.21697E-6 1.18456E-6 1.2836E-6 1.1813E-6 1.09226E-6 9.96556E-7 9.35247E-7 1.00645E-6 6.69143E-7 6.52992E-7 5.51989E-7 5.07119E-7 4.46762E-7 4.60176E-7 5.03896E-7 5.37216E-7 5.28191E-7 7.59609E-7 1.08886E-6 1.46302E-6 2.1698E-6 2.55719E-6 2.29653E-6 2.18363E-6 1.59504E-6 1.23283E-6 1.10907E-6 1.04617E-6 1.0768E-6 5.70859E-7 6.60446E-7 6.69278E-7 6.34838E-7 6.48313E-7 5.87747E-7 5.47311E-7 5.98874E-7 7.26837E-7 6.91019E-7 6.63202E-7 6.83217E-7 6.31678E-7 4.77034E-7 4.11612E-7 3.64326E-7 2.94826E-7 2.18905E-7 1.94817E-7 1.74788E-7 1.62417E-7 1.59786E-7 1.70409E-7 1.85034E-7 2.59775E-7 2.99621E-7 3.95848E-7 4.83153E-7 6.89266E-7 9.06123E-7 1.34663E-6 1.70584E-6 2.43896E-6
7.76499E-7 9.47584E-7 1.21627E-6 1.4346E-6 1.16278E-6 1.40821E-6 1.26109E-6 1.27451E-6 1.2784E-6 1.53674E-6 1.27253E-6 9.97702E-7 6.34345E-7 6.5033E-7 5.47703E-7 5.75716E-7 4.75258E-7 4.11736E-7 4.09946E-7 5.02268E-7 5.60069E-7 6.95759E-7 1.13333E-6 1.87165E-6 2.96125E-6 2.17799E-6 2.87145E-6 2.72032E-6 2.10391E-6 1.4807E-6 1.13996E-6 1.06437E-6 7.567E-7 9.15949E-7 5.63557E-7 5.96941E-7 6.85613E-7 7.37641E-7 7.71035E-7 7.1132E-7 6.47425E-7 7.09368E-7 6.55272E-7 6.28863E-7 7.10938E-7 5.94993E-7 4.5951E-7 3.88769E-7 3.15158E-7 2.51102E-7 2.11972E-7 1.89255E-7 1.78406E-7 1.43966E-7 1.28989E-7 1.30524E-7 1.42475E-7 2.04229E-7 2.85534E-7 3.36949E-7 4.32145E-7 5.61131E-7 8.54122E-7 1.19771E-6 1.34389E-6 1.41215E-6
8.63894E-5 9.43281E-7 1.25861E-6 1.50896E-6 1.42649E-6 1.57861E-6 1.54271E-6 1.41074E-6 1.43789E-6 1.17205E-6 1.05035E-6 1.08367E-6 8.72856E-7 7.06853E-7 5.44368E-7 5.05794E-7 4.31059E-7 4.53996E-7 4.1161E-7 4.61379E-7 4.83594E-7 7.93874E-7 1.26388E-6 2.35662E-6 2.45875E-6 3.41243E-6 3.00524E-6 2.56817E-6 2.29287E-6 1.36333E-6 1.20233E-6 7.34818E-7 7.53635E-7 8.70131E-7 6.80572E-7 6.44977E-7 6.07923E-7 8.34942E-7 7.42619E-7 7.3215E-7 7.541E-7 7.03642E-7 6.97353E-7 6.19214E-7 5.86014E-7 4.54695E-7 4.05441E-7 3.45223E-7 2.94233E-7 2.48372E-7 2.22125E-7 1.871E-7 1.80826E-7 1.35076E-7 9.93324E-8 1.0623E-7 1.30484E-7 1.73697E-7 2.41568E-7 3.2245E-7 4.32792E-7 5.26886E-7 7.13409E-7 1.00444E-6 1.34631E-6 1.29553E-6
1.0789E-4 1.13231E-4 1.27472E-4 1.69227E-6 1.83707E-6 1.72556E-6 1.86349E-6 1.83811E-6 2.12265E-6 1.28188E-6 1.6354E-6 1.21677E-6 9.30295E-7 7.29146E-7 5.72207E-7 4.81934E-7 4.28811E-7 3.68827E-7 3.94629E-7 4.39748E-7 5.34054E-7 7.84619E-7 1.42846E-6 2.25563E-6 3.12961E-6 3.05667E-6 2.94246E-6 2.72715E-6 2.32163E-6 1.62509E-6 1.32934E-6 1.12449E-6 8.57515E-7 9.17574E-7 7.34296E-7 5.12362E-7 7.7355E-7 6.56331E-7 6.80651E-7 7.84965E-7 8.33545E-7 6.90443E-7 7.50667E-7 6.17609E-7 4.90262E-7 4.30784E-7 3.38841E-7 3.17582E-7 2.69236E-7 2.33979E-7 1.83518E-7 1.45581E-7 1.66941E-7 1.29322E-7 1.01274E-7 8.8817E-8 1.24032E-7 1.65355E-7 2.31311E-7 3.11481E-7 4.10399E-7 5.17983E-7 6.01574E-7 7.66595E-7 9.52901E-7 1.11653E-6
1.36955E-4 1.53845E-4 1.61944E-4 1.60956E-6 2.05559E-6 2.02051E-6 1.95492E-6 1.96088E-6 2.23044E-6 1.91802E-6 1.69767E-6 1.25709E-6 1.05098E-6 8.19189E-7 5.94288E-7 4.9179E-7 4.62613E-7 3.51444E-7 3.97425E-7 4.3837E-7 6.05039E-7 9.08567E-7 1.18103E-6 1.64284E-6 2.43797E-6 2.9229E-6 2.83584E-6 2.86556E-6 1.80189E-6 1.7817E-6 1.6016E-6 1.24116E-6 8.31089E-7 9.27145E-7 5.75914E-7 5.9658E-7 5.96023E-7 5.61679E-7 6.02745E-7 5.56838E-7 6.93491E-7 6.57714E-7 6.03454E-7 5.17559E-7 5.00487E-7 3.46814E-7 2.86391E-7 2.64966E-7 2.08748E-7 1.92955E-7 1.42517E-7 1.18257E-7 1.16006E-7 1.05612E-7 9.00993E-8 9.54876E-8 1.28611E-7 1.59711E-7 2.35015E-7 3.58734E-7 4.08146E-7 4.63484E-7 5.50848E-7 6.91375E-7 8.3923E-7 1.06586E-6
1.58727E-4 2.11841E-4 2.07381E-4 2.35943E-4 2.4643E-4 2.37581E-4 2.40979E-6 2.6249E-6 2.48545E-6 2.13599E-6 1.72432E-6 1.47365E-6 1.0943E-6 8.25653E-7 6.6395E-7 4.87566E-7 3.83168E-7 3.52027E-7 3.81664E-7 4.85958E-7 5.98406E-7 8.28824E-7 1.10927E-6 1.4382E-6 1.9524E-6 2.43519E-6 2.47058E-6 2.68822E-6 2.33035E-6 2.21158E-6 1.58113E-6 1.26294E-6 8.18431E-7 1.00696E-6 6.75757E-7 6.18627E-7 5.94814E-7 6.0309E-7 5.80093E-7 5.05455E-7 5.46763E-7 6.58526E-7 5.70793E-7 4.71944E-7 3.87678E-7 3.0382E-7 2.47181E-7 2.10646E-7 1.77681E-7 1.44808E-7 1.12858E-7 1.10885E-7 8.33771E-8 7.91476E-8 8.13418E-8 8.18302E-8 1.11496E-7 1.43511E-7 2.38427E-7 3.22327E-7 4.08916E-7 4.70875E-7 5.44177E-7 6.52802E-7 7.08427E-7 9.43708E-7
2.02408E-4 2.49918E-4 2.66037E-4 2.91068E-4 2.96483E-4 3.01896E-4 2.59976E-4 3.01954E-4 2.92174E-4 2.53893E-4 2.33019E-6 1.64932E-6 1.35461E-6 1.00488E-6 7.79756E-7 5.54717E-7 3.81421E-7 3.78041E-7 4.50927E-7 5.76922E-7 6.88276E-7 8.63253E-7 1.02978E-6 1.54975E-6 1.89825E-6 2.30805E-6 2.33574E-6 2.44479E-6 2.14317E-6 2.02791E-6 1.63521E-6 1.45541E-6 1.17571E-6 1.01227E-6 6.64795E-7 6.06934E-7 5.48612E-7 5.20274E-7 5.19063E-7 4.69563E-7 4.08408E-7 4.51104E-7 5.2146E-7 4.02338E-7 2.937E-7 2.64884E-7 2.14394E-7 1.50259E-7 1.31135E-7 1.06548E-7 9.25242E-8 8.59622E-8 7.07699E-8 6.5401E-8 6.6225E-8 7.60376E-8 1.06529E-7 1.29301E-7 2.01639E-7 3.01971E-7 3.85931E-7 3.9418E-7 4.42557E-7 5.5123E-7 6.13351E-7 7.43614E-7
2.68693E-4 3.11381E-4 3.29901E-4 3.34753E-4 3.49347E-4 3.216E-4 3.30268E-4 3.90493E-4 3.63859E-4 3.26373E-4 3.16481E-4 3.19524E-4 3.15769E-4 1.38651E-6 9.59746E-7 7.82491E-7 6.06274E-7 4.96802E-7 5.42167E-7 8.28044E-7 9.37483E-7 9.61037E-7 1.14101E-6 1.38358E-6 1.77355E-6 1.90651E-6 1.88372E-6 1.93916E-6 2.05024E-6 1.49331E-6 1.69972E-6 1.64922E-6 1.17336E-6 1.03418E-6 6.51658E-7 6.08722E-7 6.05282E-7 4.73864E-7 4.85184E-7 4.27482E-7 3.60708E-7 4.31875E-7 4.36565E-7 3.77054E-7 3.00437E-7 2.78708E-7 1.59551E-7 1.28257E-7 1.06272E-7 8.50379E-8 6.72973E-8 5.63593E-8 5.41899E-8 5.30826E-8 5.70102E-8 6.91207E-8 9.44107E-8 1.32998E-7 1.74286E-7 2.59302E-7 3.122E-7 3.27328E-7 3.34047E-7 3.71539E-7 4.52546E-7 5.46555E-7
3.42574E-4 3.68076E-4 3.8638E-4 3.54828E-4 4.19906E-4 4.42667E-4 4.85963E-4 4.27478E-4 4.61159E-4 4.57753E-4 4.01668E-4 3.99287E-4 3.958E-4 1.22519E-6 1.14036E-6 1.01025E-6 7.66891E-7 7.59838E-7 7.33441E-7 9.06177E-7 9.90933E-7 1.04436E-6 1.31376E-6 1.27568E-6 1.57175E-6 1.57459E-6 1.75811E-6 1.82906E-6 2.13037E-6 1.88292E-6 1.67023E-6 1.02976E-6 1.18616E-6 1.11916E-6 6.99952E-7 5.36833E-7 5.09388E-7 4.02838E-7 3.67354E-7 3.38613E-7 3.41077E-7 4.03052E-7 3.53987E-7 3.84438E-7 2.80346E-7 2.75363E-7 2.10005E-7 1.58592E-7 9.58851E-8 7.13571E-8 5.68261E-8 4.29435E-8 4.11847E-8 4.10705E-8 5.9101E-8 6.49729E-8 8.24897E-8 1.24883E-7 1.72559E-7 2.37521E-7 2.30585E-7 2.38554E-7 2.60885E-7 3.04838E-7 3.38677E-7 3.98463E-7
3.56803E-4 3.9005E-4 3.95871E-4 4.48517E-4 4.94502E-4 5.45979E-4 5.771E-4 5.66858E-4 5.35279E-4 5.14818E-4 5.20093E-4 5.21031E-4 4.00937E-4 3.80113E-4 3.49441E-4 1.01995E-6 1.12999E-6 1.10584E-6 1.00349E-6 1.13037E-6 1.15234E-6 1.17799E-6 1.44066E-6 1.5138E-6 1.49855E-6 1.597E-6 1.7507E-6 1.72869E-6 1.99147E-6 2.08311E-6 1.70203E-6 1.35668E-6 1.22066E-6 1.05475E-6 6.06541E-7 6.67151E-7 5.44972E-7 3.32644E-7 2.80074E-7 2.62763E-7 3.10983E-7 2.55732E-7 2.41728E-7 2.39269E-7 2.44105E-7 2.34469E-7 2.08434E-7 1.82777E-7 1.55466E-7 8.92729E-8 4.79542E-8 3.6633E-8 3.36762E-8 3.70046E-8 4.15701E-8 5.17536E-8 7.42093E-8 1.15261E-7 1.61411E-7 2.02442E-7 2.11798E-7 1.94811E-7 1.99731E-7 2.14053E-7 2.67113E-7 2.90348E-7
3.84108E-4 3.8488E-4 4.27866E-4 4.95015E-4 5.75091E-4 6.39775E-4 1.60242E-3 6.89954E-4 6.96306E-4 6.62378E-4 6.14647E-4 5.4556E-4 4.51008E-4 5.00693E-4 5.87701E-4 1.55447E-6 1.25357E-6 1.30209E-6 1.35508E-6 1.32916E-6 1.39685E-6 1.50506E-6 1.44455E-6 1.53313E-6 1.70802E-6 1.51713E-6 1.64947E-6 1.53573E-6 1.65307E-6 1.96406E-6 1.58777E-6 1.09683E-6 1.20274E-6 5.99174E-7 6.08728E-7 3.68807E-7 3.3031E-7 2.57195E-7 2.34129E-7 2.07597E-7 2.21608E-7 1.67683E-7 1.3383E-7 1.29453E-7 1.20293E-7 1.0214E-7 9.09918E-8 8.72453E-8 8.44914E-8 8.04303E-8 6.70028E-8 3.44744E-8 3.02439E-8 2.82365E-8 3.60093E-8 4.86258E-8 6.48394E-8 1.04755E-7 1.4941E-7 1.78337E-7 1.58706E-7 1.50118E-7 1.55466E-7 1.61144E-7 1.8627E-7 2.19501E-7
3.13722E-4 3.65288E-4 4.46333E-4 4.41898E-4 5.89407E-4 1.81017E-3 1.92788E-3 7.77024E-4 8.27944E-4 8.01659E-4 7.23381E-4 6.23193E-4 5.68332E-4 6.6803E-4 7.94473E-4 7.84173E-4 1.81172E-6 1.56204E-6 1.53686E-6 1.3127E-6 9.06138E-7 1.45694E-6 1.81605E-6 1.8621E-6 1.67769E-6 1.66712E-6 1.67441E-6 1.5079E-6 1.46187E-6 1.70072E-6 1.23326E-6 9.8073E-7 6.5869E-7 5.18525E-7 5.09059E-7 3.47459E-7 3.41622E-7 2.60941E-7 2.01036E-7 1.78752E-7 1.65211E-7 1.28635E-7 1.01971E-7 7.2489E-8 6.5515E-8 5.62984E-8 5.03784E-8 4.35808E-8 4.03031E-8 4.43209E-8 5.36569E-8 5.60314E-8 6.00057E-8 4.13894E-8 4.27485E-8 5.65862E-8 6.1636E-8 8.94427E-8 1.22714E-7 1.19072E-7 1.24435E-7 1.30318E-7 1.22634E-7 1.20043E-7 1.31023E-7 1.55822E-7
3.73492E-4 4.31764E-4 4.88803E-4 4.14123E-4 1.23098E-3 1.91129E-3 2.02809E-3 8.72148E-4 9.19574E-4 9.37163E-4 9.06353E-4 9.33799E-4 7.49075E-4 9.14275E-4 8.80498E-4 8.50843E-4 8.4758E-4 1.88641E-6 1.7315E-6 1.79863E-6 1.68272E-6 1.75628E-6 1.85713E-6 1.84769E-6 1.7146E-6 1.74779E-6 1.88525E-6 1.23826E-6 1.21256E-6 1.22525E-6 1.17608E-6 1.12108E-6 8.37733E-7 6.90371E-7 6.31355E-7 4.64839E-7 2.61674E-7 2.14521E-7 1.74869E-7 1.52899E-7 1.23988E-7 1.01978E-7 8.18598E-8 6.29173E-8 4.71863E-8 4.22069E-8 3.5974E-8 3.30248E-8 3.10129E-8 3.09925E-8 3.36945E-8 3.81018E-8 4.79641E-8 5.1623E-8 4.94575E-8 5.03937E-8 5.83408E-8 6.17513E-8 8.12862E-8 8.28494E-8 8.59939E-8 8.42048E-8 8.35162E-8 8.50482E-8 9.89631E-8 1.10722E-7
4.15238E-4 4.74271E-4 5.46744E-4 5.294E-4 5.51258E-4 7.73018E-4 1.95504E-3 9.38653E-4 9.83363E-4 1.07173E-3 1.17409E-3 1.19705E-3 1.08061E-3 1.07984E-3 1.02175E-3 1.08239E-3 1.11293E-3 1.10979E-3 9.85783E-4 1.73697E-6 1.85928E-6 1.76874E-6 1.76289E-6 1.9114E-6 2.06414E-6 1.66107E-6 1.32035E-6 1.09349E-6 1.04422E-6 9.23583E-7 8.3585E-7 8.89792E-7 7.40192E-7 6.23314E-7 5.07468E-7 4.33466E-7 2.38652E-7 2.50611E-7 1.72663E-7 1.25492E-7 1.00804E-7 7.91129E-8 5.8547E-8 4.20996E-8 3.78632E-8 3.28888E-8 2.90283E-8 2.43134E-8 2.31444E-8 2.22663E-8 2.4281E-8 2.34188E-8 2.94032E-8 4.35344E-8 3.71385E-8 4.38884E-8 4.69788E-8 4.20448E-8 5.17233E-8 5.60082E-8 5.96738E-8 6.06046E-8 6.2766E-8 6.32507E-8 7.22011E-8 8.02387E-8
4.5928E-4 5.10702E-4 5.13449E-4 5.70775E-4 5.95178E-4 7.35619E-4 9.02963E-4 1.03333E-3 9.73175E-4 1.23143E-3 1.429E-3 1.23984E-3 1.24039E-3 1.40673E-3 1.30329E-3 1.39444E-3 1.36058E-3 1.2958E-3 1.21308E-3 1.12193E-3 1.06117E-3 9.71177E-4 1.72348E-6 1.80878E-6 1.89512E-6 1.36841E-6 1.12093E-6 1.01608E-6 9.15365E-7 7.9469E-7 8.32594E-7 7.81437E-7 6.19651E-7 5.62154E-7 4.80294E-7 3.76215E-7 2.29057E-7 2.22505E-7 1.79253E-7 1.34501E-7 1.10291E-7 7.57693E-8 5.04147E-8 4.10051E-8 3.01317E-8 2.49466E-8 2.06336E-8 1.70564E-8 1.68935E-8 1.88933E-8 1.86035E-8 1.87241E-8 1.91413E-8 2.35396E-8 2.52688E-8 2.60258E-8 2.70226E-8 2.74882E-8 3.58277E-8 3.55014E-8 4.00421E-8 4.08954E-8 4.62164E-8 4.50135E-8 5.60573E-8 6.1981E-8
5.17319E-4 5.07374E-4 5.85667E-4 6.50115E-4 7.142E-4 8.04323E-4 1.06102E-3 1.17644E-3 1.1351E-3 1.40793E-3 1.41383E-3 1.39024E-3 1.38624E-3 1.64244E-3 1.70949E-3 1.71894E-3 1.54544E-3 1.55781E-3 1.40629E-3 1.35403E-3 1.22431E-3 1.15692E-3 9.44285E-4 9.18429E-4 7.96497E-4 1.21793E-6 9.79158E-7 7.40919E-7 7.25135E-7 6.61191E-7 7.43106E-7 7.37351E-7 5.75507E-7 4.97267E-7 3.90862E-7 3.55749E-7 2.84454E-7 1.73796E-7 1.41878E-7 9.67081E-8 7.51264E-8 5.71452E-8 4.60086E-8 3.20671E-8 2.36648E-8 1.97922E-8 1.82416E-8 1.55129E-8 1.29559E-8 1.61882E-8 1.74547E-8 1.75511E-8 1.6777E-8 1.48053E-8 1.64464E-8 2.06657E-8 1.6544E-8 1.90278E-8 2.21067E-8 2.55044E-8 2.61493E-8 3.20212E-8 3.32665E-8 3.32881E-8 3.83707E-8 4.59256E-8
4.91195E-4 5.68821E-4 5.82446E-4 6.93704E-4 5.73052E-4 6.59456E-4 8.31707E-4 1.15512E-3 1.54775E-3 1.80518E-3 1.60183E-3 1.57901E-3 1.70987E-3 1.72953E-3 1.80098E-3 1.69347E-3 1.62347E-3 1.66852E-3 1.57823E-3 1.3634E-3 1.27787E-3 1.2926E-3 9.96138E-4 1.05076E-3 9.24461E-4 7.67867E-4 8.78954E-7 7.60944E-7 6.46843E-7 6.46354E-7 6.41254E-7 6.5196E-7 5.86284E-7 4.9895E-7 4.27485E-7 3.26989E-7 2.34037E-7 1.25867E-7 1.03428E-7 6.86962E-8 4.86332E-8 4.32763E-8 3.9208E-8 3.02591E-8 1.81842E-8 1.40863E-8 1.28827E-8 1.18041E-8 1.24424E-8 1.42532E-8 1.41393E-8 1.23482E-8 1.11566E-8 1.03193E-8 9.28682E-9 1.21207E-8 1.33815E-8 1.08014E-8 1.57202E-8 1.61292E-8 1.83544E-8 2.14057E-8 2.23445E-8 2.64317E-8 3.03803E-8 3.47357E-8
5.28653E-4 5.55076E-4 6.22691E-4 5.58708E-4 5.46326E-4 5.16343E-4 7.40934E-4 9.19947E-4 1.41455E-3 1.43408E-3 1.36356E-3 1.54502E-3 1.61195E-3 1.63141E-3 1.56911E-3 1.50333E-3 1.5181E-3 1.54277E-3 1.41959E-3 1.30963E-3 1.32247E-3 1.29756E-3 1.05849E-3 8.99941E-4 8.47365E-4 7.40659E-4 5.95794E-4 4.71976E-4 5.31224E-7 4.53567E-7 5.62452E-7 4.77209E-7 4.40648E-7 4.39168E-7 3.89698E-7 2.81542E-7 1.7989E-7 9.3636E-8 8.82572E-8 6.29749E-8 4.17388E-8 3.04194E-8 2.89347E-8 2.37274E-8 1.62581E-8 1.31E-8 9.97768E-9 8.82269E-9 9.04771E-9 9.37856E-9 1.08467E-8 1.03861E-8 9.08938E-9 7.71332E-9 5.89772E-9 7.43058E-9 9.39423E-9 9.28631E-9 1.10247E-8 1.18668E-8 1.28961E-8 1.32556E-8 1.39032E-8 1.85319E-8 1.92424E-8 2.60862E-8
4.95942E-4 6.12377E-4 6.13145E-4 5.25228E-4 4.90328E-4 4.67245E-4 6.16958E-4 9.80526E-4 1.31609E-3 1.31835E-3 1.3711E-3 1.25423E-3 1.408E-3 1.71985E-3 1.86977E-3 1.52511E-3 1.55286E-3 1.6176E-3 1.52779E-3 1.28811E-3 1.27003E-3 1.18821E-3 1.19914E-3 9.38698E-4 8.76174E-4 7.57265E-4 6.10665E-4 5.00711E-4 4.58539E-4 3.70184E-7 4.02876E-4 3.64053E-7 3.3493E-7 3.5606E-7 3.44753E-7 3.06464E-7 1.12129E-7 1.34523E-7 7.20053E-8 5.13384E-8 3.32098E-8 2.55475E-8 2.30497E-8 1.87486E-8 1.5086E-8 1.32646E-8 1.00187E-8 7.97998E-9 8.55652E-9 8.91589E-9 1.15125E-8 1.08003E-8 7.09784E-9 5.55703E-9 5.32788E-9 5.78752E-9 5.97897E-9 8.54324E-9 1.00136E-8 8.90895E-9 9.52892E-9 9.16412E-9 9.7572E-9 1.12489E-8 1.23167E-8 2.77345E-8
4.96116E-4 5.55055E-4 7.65456E-4 6.02888E-4 5.05469E-4 5.17787E-4 7.59482E-4 1.21844E-3 1.54224E-3 1.38755E-3 1.26274E-3 7.91922E-4 1.39811E-3 1.81027E-3 2.05784E-3 1.10832E-3 1.09016E-3 1.77926E-3 1.5131E-3 1.44026E-3 1.22324E-3 1.19804E-3 1.16576E-3 9.3512E-4 1.10139E-3 7.80152E-4 5.62733E-4 5.07759E-4 4.97699E-4 4.42981E-4 3.89685E-4 2.80082E-7 2.54945E-7 2.75349E-7 2.95159E-7 2.47974E-7 1.80872E-7 1.49024E-7 1.0253E-7 4.6717E-8 3.60982E-8 2.76838E-8 2.27854E-8 1.91739E-8 1.95422E-8 1.59718E-8 1.20529E-8 1.01158E-8 1.11592E-8 1.23883E-8 1.2675E-8 1.10501E-8 8.01065E-9 5.54126E-9 4.83108E-9 5.18826E-9 6.52157E-9 7.49461E-9 6.97046E-9 6.49192E-9 6.52581E-9 5.22329E-9 6.85035E-9 1.21623E-8 1.55182E-8 1.92015E-8
5.63632E-4 5.98969E-4 7.98541E-4 7.08494E-4 5.52487E-4 7.35622E-4 9.6984E-4 1.50829E-3 1.69189E-3 8.12793E-4 7.59375E-4 7.6773E-4 8.90288E-4 1.94363E-3 1.55694E-3 1.26084E-3 1.3337E-3 1.99772E-3 1.56076E-3 1.5968E-3 1.33245E-3 1.2558E-3 1.27468E-3 1.17259E-3 1.10041E-3 8.79643E-4 8.01451E-4 7.51655E-4 6.94076E-4 5.22138E-4 4.6726E-4 4.33668E-4 4.06836E-4 2.37978E-7 2.01716E-7 1.52563E-7 1.63945E-7 1.50405E-7 1.13727E-7 1.07793E-7 7.44768E-8 5.59504E-8 2.65565E-8 2.45662E-8 2.17584E-8 1.79441E-8 1.71182E-8 1.58079E-8 1.35148E-8 1.36842E-8 1.26502E-8 8.39121E-9 7.19025E-9 5.71337E-9 4.96765E-9 6.10079E-9 6.50004E-9 6.67165E-9 5.5111E-9 6.30021E-9 5.88357E-9 5.91387E-9 4.5737E-9 1.09417E-8 1.4421E-8 1.71893E-8
6.21953E-4 6.41356E-4 8.36525E-4 8.94603E-4 7.78477E-4 1.1333E-3 1.42195E-3 1.65766E-3 1.04611E-3 8.53261E-4 8.92854E-4 8.97503E-4 1.10156E-3 1.32082E-3 1.47682E-3 2.48169E-3 1.57936E-3 1.15204E-3 1.88228E-3 1.61983E-3 1.37737E-3 1.41406E-3 1.33218E-3 1.66783E-3 1.27363E-3 1.19228E-3 1.09402E-3 9.30291E-4 8.60705E-4 9.82961E-4 6.73274E-4 4.9888E-4 4.90786E-4 4.18289E-4 1.92264E-7 1.62094E-7 2.27507E-7 1.68397E-7 1.64094E-7 1.21204E-7 8.74277E-8 6.852E-8 5.84333E-8 5.32662E-8 2.76289E-8 2.64892E-8 2.16467E-8 1.67654E-8 1.56927E-8 1.25996E-8 1.09267E-8 8.49356E-9 6.91513E-9 6.02893E-9 5.15822E-9 5.13047E-9 5.14395E-9 6.11684E-9 6.34668E-9 5.74006E-9 5.30324E-9 6.13609E-9 5.80139E-9 9.21084E-9 1.29497E-8 6.59536E-5
7.13076E-4 8.50624E-4 1.17961E-3 1.3787E-3 1.2081E-3 1.55597E-3 1.94561E-3 1.70171E-3 1.02784E-3 1.22015E-3 1.16973E-3 1.18545E-3 1.54092E-3 1.5602E-3 1.90359E-3 1.47102E-3 1.32982E-3 1.16796E-3 1.96073E-3 1.88241E-3 1.54299E-3 1.59122E-3 1.73534E-3 1.93258E-3 1.37714E-3 1.59223E-3 1.37151E-3 9.69387E-4 9.18351E-4 1.04173E-3 1.02388E-3 7.81663E-4 5.38906E-4 4.41677E-4 4.64171E-4 3.89346E-4 2.27334E-7 2.07614E-7 1.57482E-7 1.43983E-7 1.14447E-7 8.79101E-8 7.74797E-8 6.40244E-8 5.9843E-8 5.06235E-8 2.67591E-8 1.99362E-8 1.77484E-8 1.53963E-8 1.14622E-8 9.16039E-9 7.52077E-9 6.87877E-9 7.78329E-9 7.00314E-9 6.90018E-9 8.57433E-9 9.24707E-9 7.40728E-9 5.04685E-9 6.40879E-9 6.22627E-9 6.71806E-5 7.29306E-5 7.05145E-5
1.2042E-3 1.61674E-3 2.27953E-3 1.84847E-3 1.64145E-3 2.28237E-3 2.25657E-3 1.86277E-3 1.33287E-3 1.58042E-3 1.71817E-3 1.80123E-3 1.82082E-3 1.6867E-3 1.7564E-3 2.01947E-3 2.36952E-3 2.31185E-3 2.14643E-3 1.96572E-3 1.82379E-3 1.5177E-3 1.62146E-3 1.87899E-3 1.77824E-3 1.746E-3 1.44167E-3 1.13083E-3 1.1726E-3 1.16344E-3 1.05748E-3 7.60577E-4 5.88045E-4 4.87484E-4 6.17689E-4 4.01481E-4 3.54877E-4 3.82829E-4 5.62773E-4 4.7285E-4 1.19173E-7 9.69341E-8 8.90912E-8 7.97141E-8 8.25713E-8 6.83264E-8 5.64384E-8 4.44183E-8 4.22352E-8 1.93876E-8 1.38141E-8 1.08122E-8 1.07975E-8 9.91036E-9 8.86548E-9 8.97685E-9 1.03259E-8 1.52228E-8 1.42037E-8 1.10452E-8 9.75475E-9 7.02817E-5 6.81513E-5 7.53017E-5 8.56976E-5 8.2749E-5
1.30195E-3 2.58289E-3 4.90349E-3 1.86743E-3 1.89785E-3 2.52454E-3 2.44682E-3 2.69034E-3 1.79259E-3 2.33476E-3 2.34088E-3 2.35759E-3 2.21516E-3 1.95231E-3 2.04962E-3 1.80387E-3 2.63454E-3 2.38635E-3 2.36138E-3 2.22493E-3 2.01016E-3 1.66916E-3 1.80902E-3 2.19112E-3 1.92996E-3 1.80711E-3 1.72893E-3 1.33696E-3 1.32168E-3 1.21794E-3 1.02392E-3 8.37827E-4 6.73141E-4 5.04489E-4 7.14295E-4 4.87672E-4 3.65743E-4 3.23917E-4 4.01372E-4 4.19087E-4 3.75283E-4 3.74188E-4 1.05874E-7 1.06109E-7 1.02567E-7 9.52196E-8 8.20409E-8 7.52783E-8 5.41016E-8 5.18354E-8 4.66017E-8 3.41982E-8 2.68222E-8 1.44414E-8 2.01762E-8 1.8818E-8 1.21527E-8 1.38053E-8 1.27967E-8 7.63958E-5 8.13877E-5 8.69359E-5 8.51151E-5 8.70037E-5 8.12944E-5 1.01591E-4
