Leopardus guttulus/Leopardus_guttulus_projection 2041-2060_novel.asc
ncols         515
nrows         545
xllcorner     -119.0
yllcorner     -58.333333333333
cellsize      0.166666666667
NODATA_value  -9999
[rows 270 to 299 of 545, columns 268 to 334 of 515]
4.88088E0 6.95332E0 1.79159E1 2.42495E1 7.96049E0 1.07883E1 2.18478E1 2.81619E1 2.38234E1 2.36103E1 1.91168E1 1.43134E1 1.06721E1 8.23165E0 1.02653E1 1.91555E1 1.16599E1 3.09897E0 1.10401E0 6.97269E-1 4.64846E-1 3.48635E-1 3.48635E-1 3.87372E-1 5.22952E-1 7.94112E-1 1.20085E0 2.42107E0 6.15921E0 1.07883E1 1.76835E1 1.98915E1 1.98915E1 1.98915E1 6.44974E0 6.44974E0 6.44974E0 6.44974E0 6.44974E0 6.44974E0 3.00213E0 3.00213E0 3.00213E0 3.00213E0 3.00213E0 3.00213E0 3.00213E0 3.00213E0 1.45264E0 1.45264E0 1.45264E0 3.00213E0 1.45264E0 1.45264E0 1.45264E0 1.45264E0 3.00213E0 1.45264E0 3.00213E0 3.00213E0 3.00213E0 3.00213E0 3.00213E0 3.00213E0 6.44974E0 6.44974E0 3.00213E0
6.043E0 4.7453E0 8.4447E0 1.84583E1 1.72961E1 1.6289E1 1.89812E1 1.78772E1 1.503E1 1.25896E1 1.5921E1 1.22603E1 1.1931E1 8.27039E0 7.63122E0 1.71799E1 6.99206E0 1.62696E0 7.94112E-1 4.0674E-1 2.32423E-1 1.54949E-1 1.54949E-1 1.74317E-1 2.51792E-1 3.87372E-1 6.97269E-1 1.22022E0 2.57602E0 4.02867E0 1.22022E1 1.78772E1 1.2822E1 1.5766E1 6.44974E0 6.44974E0 6.44974E0 6.44974E0 3.00213E0 3.00213E0 3.00213E0 3.00213E0 3.00213E0 3.00213E0 3.00213E0 3.00213E0 3.00213E0 3.00213E0 3.00213E0 1.45264E0 3.00213E0 3.00213E0 3.00213E0 1.45264E0 1.45264E0 3.00213E0 1.45264E0 1.45264E0 1.45264E0 3.00213E0 3.00213E0 3.00213E0 3.00213E0 6.44974E0 6.44974E0 6.44974E0 6.44974E0
7.37943E0 3.46698E0 4.49351E0 6.89522E0 2.1073E1 1.39841E1 9.33566E0 9.81987E0 6.79837E0 1.0982E1 9.25818E0 8.65776E0 5.79121E0 6.83711E0 6.93395E0 8.48344E0 1.04397E1 1.20085E0 7.74743E-1 4.45477E-1 1.16212E-1 5.81058E-2 5.81058E-2 5.81058E-2 9.68429E-2 1.93686E-1 4.0674E-1 7.94112E-1 1.51075E0 3.09897E0 4.64846E0 6.75964E0 9.81987E0 6.44974E0 6.44974E0 6.44974E0 6.44974E0 6.44974E0 3.00213E0 3.00213E0 3.00213E0 6.44974E0 3.00213E0 3.00213E0 3.00213E0 3.00213E0 3.00213E0 3.00213E0 3.00213E0 3.00213E0 3.00213E0 3.00213E0 3.00213E0 3.00213E0 1.45264E0 3.00213E0 3.00213E0 1.45264E0 1.45264E0 1.45264E0 3.00213E0 3.00213E0 3.00213E0 6.44974E0 6.44974E0 6.44974E0 6.44974E0
8.23165E0 6.043E0 7.10827E0 6.31416E0 8.90955E0 1.61728E1 7.99923E0 6.06237E0 6.31416E0 7.3988E0 1.02653E1 6.27542E0 2.6535E0 3.81561E0 3.44761E0 6.54658E0 9.97482E0 1.46426E1 3.0796E0 6.39163E-1 1.16212E-1 3.87372E-2 1.93686E-2 1.93686E-2 3.87372E-2 1.16212E-1 2.7116E-1 5.22952E-1 9.87798E-1 2.09181E0 3.58319E0 5.0552E0 7.34069E0 1.06527E1 6.44974E0 6.44974E0 6.44974E0 6.44974E0 6.44974E0 3.00213E0 3.00213E0 3.00213E0 3.00213E0 6.44974E0 3.00213E0 3.00213E0 3.00213E0 3.00213E0 3.00213E0 3.00213E0 3.00213E0 3.00213E0 3.00213E0 1.45264E0 1.45264E0 3.00213E0 1.45264E0 1.45264E0 1.45264E0 1.45264E0 3.00213E0 3.00213E0 3.00213E0 3.00213E0 6.44974E0 6.44974E0 6.44974E0
5.90742E0 6.21732E0 6.02363E0 9.49061E0 6.37226E0 9.31629E0 7.61185E0 2.0337E0 2.88592E0 1.89812E0 6.31416E0 4.55162E0 4.60972E0 3.44761E0 2.22739E0 3.85435E0 6.21732E0 7.55375E0 8.79334E0 1.00329E1 9.87798E-1 1.93686E-2 1.93686E-2 1.93686E-2 1.93686E-2 7.74743E-2 1.74317E-1 3.48635E-1 7.94112E-1 1.45264E0 2.96339E0 4.31919E0 6.1011E0 9.23881E0 1.26864E1 1.60566E1 6.44974E0 6.44974E0 6.44974E0 6.44974E0 6.44974E0 3.00213E0 6.44974E0 6.44974E0 3.00213E0 3.00213E0 3.00213E0 3.00213E0 3.00213E0 3.00213E0 3.00213E0 3.00213E0 3.00213E0 1.45264E0 3.00213E0 3.00213E0 1.45264E0 1.45264E0 3.00213E0 3.00213E0 3.00213E0 3.00213E0 3.00213E0 3.00213E0 6.44974E0 6.44974E0 3.00213E0
4.28046E0 3.85435E0 6.74027E0 6.62406E0 7.78617E0 8.81271E0 1.22022E1 8.63839E0 7.59248E0 5.71373E0 3.56382E0 3.81561E0 4.86151E0 5.67499E0 4.31919E0 3.75751E0 5.61689E0 2.7116E0 2.32423E0 4.28046E0 1.10401E1 1.15049E1 7.94112E-1 5.81058E-2 5.81058E-2 1.16212E-1 1.54949E-1 3.87372E-1 7.16638E-1 1.22022E0 2.75034E0 3.89309E0 5.46194E0 8.56091E0 1.18729E1 1.52431E1 1.96978E1 6.44974E0 6.44974E0 6.44974E0 6.44974E0 6.44974E0 6.44974E0 6.44974E0 3.00213E0 3.00213E0 3.00213E0 3.00213E0 3.00213E0 3.00213E0 3.00213E0 3.00213E0 3.00213E0 3.00213E0 3.00213E0 3.00213E0 1.45264E0 3.00213E0 3.00213E0 3.00213E0 3.00213E0 3.00213E0 3.00213E0 3.00213E0 3.00213E0 3.00213E0 3.00213E0
6.21732E0 6.31416E0 5.69436E0 7.7668E0 4.60972E0 7.0889E0 7.10827E0 7.49564E0 6.44974E0 5.86868E0 7.63122E0 6.43037E0 5.30699E0 3.58319E0 5.07457E0 5.69436E0 3.52508E0 3.95119E0 1.00717E0 1.31706E0 6.02363E0 1.89812E0 6.19795E0 1.19504E1 4.80341E0 1.53012E0 5.22952E-1 6.00426E-1 9.87798E-1 2.36297E0 3.09897E0 3.95119E0 5.46194E0 8.46407E0 1.25121E1 1.5553E1 1.97947E1 6.44974E0 6.44974E0 6.44974E0 6.44974E0 6.44974E0 6.44974E0 6.44974E0 3.00213E0 3.00213E0 3.00213E0 3.00213E0 3.00213E0 3.00213E0 3.00213E0 3.00213E0 3.00213E0 3.00213E0 3.00213E0 3.00213E0 3.00213E0 3.00213E0 3.00213E0 3.00213E0 3.00213E0 3.00213E0 3.00213E0 3.00213E0 3.00213E0 3.00213E0 3.00213E0
3.66066E0 5.67499E0 6.21732E0 7.59248E0 6.31416E0 5.69436E0 2.30486E0 3.75751E0 7.7087E0 2.80844E0 3.44761E0 6.31416E0 6.1011E0 6.12047E0 6.15921E0 3.58319E0 4.26109E0 2.30486E0 5.03583E-1 3.87372E-2 7.74743E-2 2.90529E-1 1.80128E0 5.52005E0 6.39163E0 7.59248E0 1.47589E1 2.49855E0 3.89309E0 5.86868E0 8.13481E0 6.70153E0 1.03622E1 1.05752E1 1.34805E1 1.77804E1 1.98915E1 6.44974E0 6.44974E0 6.44974E0 6.44974E0 6.44974E0 6.44974E0 6.44974E0 6.44974E0 3.00213E0 3.00213E0 3.00213E0 3.00213E0 3.00213E0 3.00213E0 3.00213E0 3.00213E0 3.00213E0 3.00213E0 3.00213E0 3.00213E0 3.00213E0 3.00213E0 3.00213E0 3.00213E0 3.00213E0 3.00213E0 3.00213E0 3.00213E0 3.00213E0 3.00213E0
3.73814E0 2.01433E0 6.33353E0 6.46911E0 4.7453E0 2.49855E0 3.85435E0 7.16638E0 6.02363E0 1.93686E0 3.68003E0 4.0674E0 2.20802E0 5.94616E0 5.19078E0 5.38447E0 3.09897E0 2.09181E0 5.03583E-1 7.74743E-2 7.74743E-2 9.68429E-2 1.45264E0 4.26109E-1 1.31706E0 2.18865E0 4.97773E0 9.8005E0 1.71993E1 1.83808E1 1.63277E1 1.75867E1 1.5398E1 2.08019E1 2.25257E1 2.13829E1 2.50823E1 2.68836E1 1.98915E1 6.44974E0 6.44974E0 6.44974E0 6.44974E0 6.44974E0 6.44974E0 3.00213E0 3.00213E0 3.00213E0 3.00213E0 3.00213E0 3.00213E0 3.00213E0 3.00213E0 3.00213E0 3.00213E0 3.00213E0 3.00213E0 3.00213E0 3.00213E0 3.00213E0 3.00213E0 3.00213E0 3.00213E0 3.00213E0 3.00213E0 3.00213E0 3.00213E0
2.63413E0 2.18865E0 6.043E0 3.04087E0 5.84931E0 2.75034E0 6.70153E0 3.48635E0 1.53012E0 2.63413E0 4.97773E0 1.93686E0 3.44761E0 4.3773E0 2.7116E0 3.31203E0 3.44761E0 3.62193E0 1.08464E0 4.0674E-1 9.68429E-2 5.81058E-2 2.51792E-1 9.87798E-1 2.13054E-1 8.13481E-1 2.45981E0 6.44974E0 7.49564E0 1.25896E1 1.55917E1 1.73736E1 2.25644E1 1.83808E1 1.78191E1 2.86655E1 2.79295E1 3.06411E1 1.98915E1 6.44974E0 6.44974E0 6.44974E0 6.44974E0 6.44974E0 3.00213E0 3.00213E0 3.00213E0 3.00213E0 3.00213E0 3.00213E0 3.00213E0 3.00213E0 3.00213E0 3.00213E0 3.00213E0 3.00213E0 3.00213E0 3.00213E0 3.00213E0 3.00213E0 3.00213E0 3.00213E0 3.00213E0 3.00213E0 6.44974E0 6.44974E0 6.44974E0
2.13054E0 3.44761E0 5.3651E0 1.89812E0 4.33856E0 3.81561E0 5.44257E0 4.24172E0 2.63413E0 1.64633E0 2.69223E0 1.18148E0 2.96339E0 5.52005E0 3.56382E0 3.04087E0 3.35076E0 3.0796E0 3.85435E0 1.45264E0 2.32423E-1 2.7116E-1 4.64846E-1 6.58532E-1 1.3558E0 1.12338E0 6.00426E-1 7.16638E-1 6.21732E0 8.09607E0 1.24153E1 1.5921E1 1.38292E1 1.84002E1 2.96533E1 2.46368E1 2.6748E1 3.49216E1 3.49216E1 1.98915E1 6.44974E0 6.44974E0 3.00213E0 3.00213E0 3.00213E0 3.00213E0 3.00213E0 3.00213E0 3.00213E0 3.00213E0 3.00213E0 3.00213E0 3.00213E0 3.00213E0 3.00213E0 3.00213E0 3.00213E0 3.00213E0 3.00213E0 3.00213E0 3.00213E0 3.00213E0 3.00213E0 3.00213E0 3.00213E0 6.44974E0 6.44974E0
2.6535E0 2.13054E0 3.15708E0 1.87875E0 1.43328E0 1.9756E0 2.63413E0 1.85938E0 3.31203E0 1.60759E0 9.68429E-1 8.71586E-1 2.07244E0 4.10614E0 3.79624E0 2.18865E0 2.09181E0 2.84718E0 2.36297E0 1.18148E0 2.32423E-1 1.43328E0 1.87875E0 1.12338E0 1.54949E0 1.85938E0 1.54949E0 9.87798E-1 2.67286E0 5.38447E0 7.37943E0 8.81271E0 1.00717E1 1.503E1 2.58183E1 1.61921E1 1.61147E1 2.55665E1 1.98915E1 1.98915E1 1.98915E1 6.44974E0 6.44974E0 3.00213E0 3.00213E0 3.00213E0 3.00213E0 3.00213E0 3.00213E0 3.00213E0 3.00213E0 3.00213E0 3.00213E0 3.00213E0 3.00213E0 3.00213E0 3.00213E0 3.00213E0 3.00213E0 3.00213E0 3.00213E0 3.00213E0 3.00213E0 3.00213E0 3.00213E0 6.44974E0 6.44974E0
4.72593E0 2.7116E0 1.31706E0 1.31706E0 1.18148E0 1.41391E0 1.93686E0 5.61689E-1 6.39163E-1 2.90529E-1 1.54949E-1 1.74317E-1 1.85938E0 2.63413E0 2.57602E0 1.16212E0 1.53012E0 1.70444E0 2.22739E0 1.31706E0 1.53012E0 2.0337E0 2.90529E0 2.75034E0 1.6657E0 5.03583E-1 7.94112E-1 7.94112E-1 7.16638E-1 3.48635E-1 8.71586E-1 5.69436E0 1.32094E1 1.9233E1 1.76448E1 1.74705E1 1.46039E1 2.60895E1 3.93182E1 1.98915E1 1.98915E1 1.98915E1 6.44974E0 6.44974E0 3.00213E0 3.00213E0 3.00213E0 3.00213E0 3.00213E0 3.00213E0 3.00213E0 3.00213E0 3.00213E0 3.00213E0 3.00213E0 3.00213E0 3.00213E0 3.00213E0 3.00213E0 3.00213E0 3.00213E0 3.00213E0 3.00213E0 3.00213E0 3.00213E0 3.00213E0 3.00213E0
5.50068E0 6.1011E0 2.18865E0 8.71586E-1 2.36297E0 2.26612E0 1.54949E0 9.68429E-1 1.54949E-1 7.74743E-2 7.74743E-2 7.74743E-2 2.90529E-1 1.23959E0 8.32849E-1 1.53012E0 1.37517E0 5.22952E-1 5.22952E-1 1.45264E0 2.14991E0 1.10401E0 2.3436E0 3.48635E0 3.44761E0 2.6535E0 2.55665E0 9.68429E-1 4.0674E-1 2.51792E-1 5.81058E-2 2.18865E0 8.25102E0 1.60178E1 1.79353E1 1.92717E1 1.47976E1 1.87488E1 3.16676E1 3.82917E1 1.98915E1 1.98915E1 1.98915E1 6.44974E0 3.00213E0 3.00213E0 3.00213E0 3.00213E0 3.00213E0 3.00213E0 3.00213E0 3.00213E0 3.00213E0 3.00213E0 3.00213E0 3.00213E0 3.00213E0 3.00213E0 3.00213E0 3.00213E0 3.00213E0 3.00213E0 3.00213E0 3.00213E0 3.00213E0 3.00213E0 6.44974E0
2.47918E0 4.86151E0 3.85435E0 2.7116E0 2.42107E0 4.66783E0 1.25896E0 5.61689E-1 1.93686E-1 5.4232E-1 9.68429E-2 7.74743E-2 9.68429E-2 6.19795E-1 5.03583E-1 8.71586E-1 1.99496E0 9.87798E-1 6.19795E-1 9.87798E-1 2.01433E0 1.37517E0 1.70444E0 3.44761E0 3.13771E0 3.23455E0 2.3436E0 3.37013E0 1.23959E0 1.22022E0 5.81058E-1 1.3558E-1 2.84718E0 8.90955E0 2.00659E1 2.07438E1 2.10149E1 1.87682E1 4.27852E1 4.16231E1 1.98915E1 1.98915E1 1.98915E1 6.44974E0 3.00213E0 3.00213E0 3.00213E0 3.00213E0 3.00213E0 3.00213E0 3.00213E0 3.00213E0 3.00213E0 3.00213E0 3.00213E0 3.00213E0 3.00213E0 3.00213E0 3.00213E0 3.00213E0 3.00213E0 3.00213E0 3.00213E0 3.00213E0 3.00213E0 3.00213E0 6.44974E0
1.51075E0 2.28549E0 2.45981E0 3.0796E0 4.47414E0 2.7116E0 2.63413E0 4.45477E-1 1.74317E0 2.6535E0 3.87372E-1 4.0674E-1 3.29266E-1 2.32423E-1 1.16212E-1 5.22952E-1 1.6657E0 7.36006E-1 1.00717E0 1.70444E0 1.39454E0 5.61689E-1 1.82065E0 2.98276E0 3.58319E0 3.44761E0 3.29266E0 3.52508E0 2.6535E0 1.70444E0 1.31706E0 1.16212E0 3.56382E0 7.22448E0 1.60759E1 2.59152E1 2.94209E1 1.91555E1 2.60895E1 3.78075E1 3.50959E1 3.55801E1 1.98915E1 6.44974E0 6.44974E0 6.44974E0 6.44974E0 6.44974E0 6.44974E0 6.44974E0 3.00213E0 3.00213E0 3.00213E0 3.00213E0 3.00213E0 3.00213E0 3.00213E0 3.00213E0 3.00213E0 3.00213E0 3.00213E0 3.00213E0 3.00213E0 3.00213E0 3.00213E0 3.00213E0 3.00213E0
1.14275E0 1.2977E0 1.91749E0 2.24676E0 2.4017E0 2.69223E0 2.51792E0 2.86655E0 3.23455E0 3.87372E-1 9.68429E-2 1.68507E0 6.19795E-1 3.68003E-1 2.90529E-1 1.00717E0 1.27833E0 9.87798E-1 5.22952E-1 1.74317E-1 2.32423E-1 1.16212E-1 1.54949E0 2.90529E0 3.75751E0 4.0674E0 4.12551E0 3.93182E0 3.40887E0 2.55665E0 1.39454E0 1.43328E0 3.85435E0 8.59965E0 9.97482E0 2.35328E1 3.24617E1 2.6012E1 2.09955E1 4.00155E1 3.36432E1 3.53864E1 3.31978E1 1.98915E1 6.44974E0 6.44974E0 6.44974E0 6.44974E0 6.44974E0 6.44974E0 3.00213E0 3.00213E0 3.00213E0 3.00213E0 3.00213E0 3.00213E0 3.00213E0 3.00213E0 3.00213E0 3.00213E0 3.00213E0 3.00213E0 3.00213E0 3.00213E0 3.00213E0 3.00213E0 3.00213E0
7.36006E-1 9.87798E-1 1.76254E0 1.74317E0 1.74317E0 1.93686E0 1.70444E0 1.84002E0 1.02653E0 1.18148E0 4.26109E-1 2.6535E0 7.16638E-1 1.54949E-1 1.3558E-1 9.68429E-2 5.22952E-1 1.31706E0 1.25896E0 3.68003E-1 1.3558E-1 1.3558E-1 3.68003E-1 2.96339E0 3.62193E0 4.10614E0 3.95119E0 4.28046E0 4.0674E0 3.44761E0 2.7116E0 3.04087E0 4.60972E0 6.12047E0 9.93608E0 1.46039E1 2.54697E1 3.92408E1 3.35851E1 3.68972E1 3.13965E1 3.02731E1 3.11447E1 3.09316E1 1.98915E1 6.44974E0 6.44974E0 6.44974E0 6.44974E0 6.44974E0 6.44974E0 3.00213E0 3.00213E0 3.00213E0 3.00213E0 3.00213E0 3.00213E0 3.00213E0 3.00213E0 3.00213E0 3.00213E0 3.00213E0 3.00213E0 3.00213E0 3.00213E0 3.00213E0 3.00213E0
7.94112E-1 9.87798E-1 1.12338E0 9.87798E-1 1.12338E0 1.20085E0 1.27833E0 1.68507E0 1.39454E0 5.81058E-1 2.51792E-1 1.68507E0 3.35076E0 5.13267E0 3.09897E0 2.01433E0 1.85938E0 1.10401E0 7.94112E-1 8.90955E-1 1.12338E0 9.10323E-1 1.18148E0 2.13054E0 3.97056E0 4.12551E0 4.10614E0 4.20298E0 4.28046E0 4.24172E0 3.48635E0 3.40887E0 7.37943E0 9.64555E0 5.75247E0 8.30912E0 1.65408E1 2.64187E1 2.37653E1 3.28491E1 2.60314E1 2.8956E1 2.63025E1 2.94209E1 2.81813E1 1.98915E1 6.44974E0 6.44974E0 6.44974E0 6.44974E0 6.44974E0 3.00213E0 3.00213E0 3.00213E0 3.00213E0 5.0552E0 3.00213E0 5.81058E0 3.00213E0 3.00213E0 3.00213E0 3.00213E0 3.00213E0 3.00213E0 3.00213E0 3.00213E0 3.00213E0
1.31706E0 1.85938E0 9.87798E-1 6.19795E-1 6.58532E-1 6.58532E-1 6.97269E-1 1.95623E0 8.71586E-1 1.27833E0 1.27833E0 1.76254E0 2.78908E0 2.7116E0 7.74743E-2 6.39163E-1 4.0674E-1 1.08464E0 1.08464E0 8.71586E-1 1.08464E0 1.85938E0 2.01433E0 2.47918E0 3.83498E0 3.81561E0 4.24172E0 4.0674E0 4.28046E0 4.28046E0 4.26109E0 3.56382E0 2.30486E0 6.99206E0 2.45981E0 5.63626E0 6.99206E0 1.9601E1 2.44819E1 2.88979E1 2.65931E1 2.20221E1 2.84718E1 2.50823E1 2.61089E1 2.1809E1 1.41584E1 6.44974E0 6.44974E0 6.44974E0 6.17858E0 3.00213E0 3.00213E0 3.00213E0 3.00213E0 3.00213E0 3.00213E0 3.87372E0 4.6872E0 6.44974E0 6.44974E0 3.00213E0 3.00213E0 3.00213E0 6.44974E0 3.00213E0 3.00213E0
-9999 -9999 1.99496E0 1.18148E0 2.09181E0 1.18148E0 1.82065E0 1.6657E0 1.31706E0 6.58532E-1 1.27833E0 2.98276E0 1.33643E0 1.76254E0 2.49855E0 1.85938E0 1.93686E0 1.00717E0 8.90955E-1 8.71586E-1 5.03583E-1 1.53012E0 2.16928E0 1.18148E0 1.87875E0 2.76971E0 3.52508E0 4.04803E0 4.24172E0 4.28046E0 4.26109E0 4.26109E0 3.66066E0 3.44761E0 1.08464E0 5.81058E-2 3.56382E0 1.06334E1 1.81677E1 1.96591E1 2.46175E1 1.8497E1 2.44625E1 2.13635E1 2.39589E1 2.23126E1 1.41972E1 9.33566E0 6.44974E0 5.44257E0 4.3773E0 3.54445E0 2.96339E0 2.57602E0 2.42107E0 2.38234E0 2.38234E0 2.59539E0 3.3314E0 4.53225E0 6.44974E0 6.44974E0 6.44974E0 6.44974E0 6.44974E0 6.44974E0 3.00213E0
-9999 -9999 -9999 1.31706E0 1.3558E0 1.56886E0 1.51075E0 1.68507E0 1.25896E0 1.56886E0 2.09181E0 1.85938E0 1.51075E0 1.06527E0 1.27833E0 1.70444E0 2.78908E0 3.29266E-1 1.70444E0 1.84002E0 7.94112E-1 1.25896E0 1.93686E0 1.27833E0 5.4232E-1 2.76971E0 3.68003E0 3.46698E0 4.10614E0 4.26109E0 4.24172E0 3.89309E0 4.0674E0 3.44761E0 3.17645E0 3.29266E-1 5.03583E-1 6.70153E0 1.20666E1 1.68313E1 1.63277E1 1.60759E1 1.7761E1 2.20414E1 2.51598E1 2.45787E1 2.13829E1 9.91671E0 5.44257E0 4.24172E0 3.3314E0 2.57602E0 2.30486E0 1.9756E0 1.74317E0 1.76254E0 1.80128E0 2.01433E0 2.38234E0 3.37013E0 5.28762E0 6.44974E0 6.44974E0 6.44974E0 6.44974E0 6.44974E0 6.44974E0
-9999 -9999 -9999 -9999 -9999 -9999 8.90955E-1 1.31706E0 1.3558E0 1.3558E0 1.31706E0 1.39454E0 1.39454E0 1.99496E0 1.25896E0 1.18148E0 1.76254E0 2.4017E0 1.31706E0 1.23959E0 9.68429E-1 2.49855E0 5.61689E-1 6.39163E-1 6.97269E-1 2.13054E0 3.15708E0 3.44761E0 3.37013E0 3.17645E0 3.97056E0 3.66066E0 4.0093E0 4.0674E0 3.85435E0 2.53728E0 3.68003E-1 1.25896E0 7.43754E0 1.30351E1 1.41197E1 1.34612E1 1.56304E1 1.65795E1 1.80322E1 1.99109E1 2.22545E1 1.71993E1 6.44974E0 3.46698E0 2.51792E0 1.60759E0 1.22022E0 1.18148E0 1.10401E0 1.18148E0 1.22022E0 1.49138E0 1.93686E0 2.57602E0 4.28046E0 6.44974E0 6.44974E0 6.44974E0 6.44974E0 6.44974E0 6.44974E0
-9999 -9999 -9999 -9999 -9999 -9999 -9999 -9999 8.90955E-1 8.90955E-1 7.55375E-1 8.90955E-1 7.55375E-1 1.25896E0 1.56886E0 1.89812E0 1.20085E0 1.23959E0 1.33643E0 9.68429E-1 1.39454E0 3.56382E0 4.26109E-1 8.71586E-1 8.13481E-1 1.23959E0 1.53012E0 1.89812E0 2.76971E0 2.45981E0 3.44761E0 3.48635E0 4.20298E0 4.0093E0 3.97056E0 3.75751E0 2.22739E0 1.31706E0 1.27833E0 7.90238E0 1.34612E1 1.29188E1 1.3926E1 9.20008E0 9.93608E0 1.63665E1 1.81096E1 1.73736E1 1.45264E1 3.62193E0 1.54949E0 9.87798E-1 8.13481E-1 7.94112E-1 8.13481E-1 8.32849E-1 8.71586E-1 1.0459E0 1.53012E0 2.30486E0 3.6994E0 6.44974E0 6.44974E0 6.44974E0 6.44974E0 6.44974E0 6.44974E0
-9999 -9999 -9999 -9999 -9999 -9999 -9999 -9999 -9999 -9999 9.68429E-1 7.55375E-1 5.03583E-1 8.90955E-1 1.31706E0 1.74317E0 7.55375E-1 7.74743E-1 1.27833E0 1.80128E0 2.22739E0 2.38234E0 1.12338E0 1.18148E0 3.29266E-1 2.7116E-1 6.58532E-1 2.36297E0 2.22739E0 2.55665E0 3.56382E0 3.85435E0 3.87372E0 3.44761E0 3.50571E0 3.85435E0 3.66066E0 5.67499E0 3.09897E0 2.26612E0 7.90238E0 1.23184E1 1.30738E1 8.54155E0 6.44974E0 1.12338E1 1.02653E1 1.39066E1 1.46039E1 1.31319E1 2.32423E0 7.74743E-1 5.22952E-1 5.03583E-1 6.97269E-1 7.74743E-1 6.779E-1 7.74743E-1 1.31706E0 2.13054E0 3.60256E0 6.85648E0 1.41972E1 6.44974E0 6.44974E0 6.44974E0 1.98915E1
-9999 -9999 -9999 -9999 -9999 -9999 -9999 -9999 -9999 -9999 -9999 -9999 5.03583E-1 5.03583E-1 7.55375E-1 1.31706E0 1.78191E0 1.06527E0 9.29692E-1 1.27833E0 1.41391E0 1.51075E0 7.16638E-1 6.39163E-1 4.84215E-1 2.90529E-1 6.39163E-1 2.78908E0 1.76254E0 1.85938E0 3.54445E0 4.12551E0 4.10614E0 2.7116E0 2.13054E0 3.48635E0 3.81561E0 3.6994E0 6.48848E0 7.32132E0 7.37943E0 5.82994E0 8.58028E0 8.15417E0 6.31416E0 9.21945E0 5.90742E0 7.06953E0 1.31513E1 1.24927E1 7.43754E0 9.49061E-1 3.48635E-1 3.09897E-1 5.81058E-1 7.94112E-1 6.39163E-1 7.74743E-1 1.33643E0 2.18865E0 3.75751E0 7.80554E0 1.52431E1 1.98915E1 1.98915E1 1.98915E1 1.98915E1
-9999 -9999 -9999 -9999 -9999 -9999 -9999 -9999 -9999 -9999 -9999 -9999 -9999 5.03583E-1 5.03583E-1 8.90955E-1 1.25896E0 1.39454E0 1.76254E0 9.49061E-1 9.29692E-1 1.27833E0 7.94112E-1 3.68003E-1 5.81058E-1 2.51792E-1 5.03583E-1 1.87875E0 6.97269E-1 2.49855E0 3.62193E0 4.0093E0 3.97056E0 4.0093E0 3.0796E0 2.63413E0 2.92466E0 2.88592E0 5.44257E0 8.11544E0 5.77184E0 1.3558E-1 5.63626E0 8.11544E0 8.19291E0 7.59248E0 2.01433E0 2.82781E0 7.51501E0 7.82491E0 1.58048E1 3.40887E0 6.97269E-1 3.48635E-1 5.61689E-1 8.71586E-1 9.10323E-1 1.22022E0 1.68507E0 1.14275E0 1.70444E0 2.84718E0 4.99709E0 1.98915E1 1.98915E1 1.98915E1 1.98915E1
-9999 -9999 -9999 -9999 -9999 -9999 -9999 -9999 -9999 -9999 -9999 -9999 -9999 -9999 -9999 1.16212E0 8.90955E-1 1.16212E0 1.39454E0 1.7238E0 9.87798E-1 7.74743E-1 1.41391E0 2.90529E-1 7.16638E-1 2.7116E-1 3.87372E-1 7.16638E-1 1.31706E0 1.60759E0 3.44761E0 3.85435E0 3.81561E0 4.0093E0 3.46698E0 2.09181E0 1.9756E0 3.44761E0 3.27329E0 5.21015E0 6.31416E0 2.05307E0 1.64633E0 6.87585E0 7.84428E0 7.94112E0 5.19078E0 2.18865E0 2.13054E0 6.75964E0 9.87798E0 9.33566E0 3.37013E0 9.10323E-1 9.87798E-1 1.31706E0 1.62696E0 7.74743E-1 1.00717E0 1.45264E0 2.26612E0 3.6994E0 6.779E0 1.24153E1 1.98915E1 1.98915E1 1.98915E1
-9999 -9999 -9999 -9999 -9999 -9999 -9999 -9999 -9999 -9999 -9999 -9999 -9999 -9999 -9999 -9999 -9999 7.55375E-1 1.16212E0 1.31706E0 1.51075E0 7.74743E-1 7.16638E-1 9.49061E-1 1.12338E0 1.51075E0 5.03583E-1 1.27833E0 2.01433E0 1.18148E0 2.6535E0 2.82781E0 3.6994E0 3.95119E0 3.95119E0 3.15708E0 1.85938E0 3.40887E0 3.85435E0 1.95623E0 3.48635E0 3.0796E0 1.70444E0 2.42107E0 6.779E0 6.54658E0 6.06237E0 2.01433E0 3.75751E0 3.0796E0 6.31416E0 6.83711E0 8.42533E0 4.93899E0 3.17645E0 3.3314E0 3.27329E0 1.43328E0 1.58822E0 2.16928E0 3.13771E0 5.13267E0 8.94829E0 1.39454E1 1.98915E1 1.98915E1 1.98915E1
-9999 -9999 -9999 -9999 -9999 -9999 -9999 -9999 -9999 -9999 -9999 -9999 -9999 -9999 -9999 -9999 -9999 -9999 6.19795E-1 8.90955E-1 1.25896E0 1.3558E0 1.68507E0 1.27833E0 9.49061E-1 1.12338E0 5.22952E-1 2.32423E-1 1.87875E0 2.22739E0 2.67286E0 2.61476E0 3.46698E0 3.75751E0 4.0093E0 3.97056E0 3.81561E0 4.0093E0 2.32423E0 3.11834E0 2.7116E0 1.70444E0 1.99496E0 1.99496E0 3.85435E0 5.07457E0 4.88088E0 6.56595E0 5.82994E0 5.82994E0 6.1011E0 6.00426E0 4.88088E0 6.89522E0 1.33256E1 1.26283E1 1.37517E1 4.64846E0 5.81058E0 6.66279E0 4.39667E0 9.23881E0 1.34805E1 1.9233E1 1.98915E1 1.98915E1 1.98915E1
