Leopardus guttulus/Leopardus_guttulus_projection 2041-2060.asc
ncols         515
nrows         545
xllcorner     -119.0
yllcorner     -58.333333333333
cellsize      0.166666666667
NODATA_value  -9999
[rows 0 to 28 of 545, columns 66 to 131 of 515]
3.83049E-12 6.00098E-12 2.84006E-12 3.59313E-12 8.89211E-12 6.25011E-12 8.28337E-12 7.18747E-12 1.98146E-10 5.24514E-12 5.40723E-12 6.54898E-12 2.11207E-11 6.47642E-11 1.0571E-10 7.47201E-10 3.1227E-10 2.17504E-9 1.04566E-8 1.91506E-9 4.73878E-10 2.94921E-10 5.87279E-11 2.10322E-11 1.70549E-11 2.02283E-11 3.37939E-11 3.99143E-11 7.11514E-11 1.10055E-10 1.92413E-10 2.99362E-10 4.58791E-10 3.61863E-10 3.54181E-10 4.35139E-10 5.25657E-10 6.66376E-10 7.58265E-10 1.50858E-9 2.17261E-9 2.07873E-9 3.66204E-9 8.37459E-9 2.78719E-8 4.85917E-8 8.0315E-8 5.37758E-8 3.9619E-8 3.86191E-8 5.14662E-8 7.3107E-8 4.45419E-8 7.00622E-8 9.46007E-8 1.06968E-7 1.56003E-7 1.80036E-7 1.57829E-7 1.08296E-7 1.00674E-7 1.13421E-7 1.79986E-7 2.73367E-7 5.67528E-7 5.25497E-7
2.51899E-12 1.67089E-12 1.88949E-12 2.08256E-12 2.88525E-12 4.42801E-12 5.00866E-12 1.1133E-11 1.21569E-10 5.06539E-12 5.32507E-12 7.40341E-12 4.0656E-11 8.36056E-11 2.9078E-11 2.97007E-11 8.9479E-11 3.61455E-11 3.45327E-9 1.61768E-8 2.33742E-9 6.54834E-10 5.30408E-11 1.9498E-11 1.5502E-11 2.07081E-11 3.56299E-11 3.32611E-11 3.99881E-11 5.16116E-11 1.05458E-10 2.27528E-10 3.70213E-10 3.55358E-10 3.03957E-10 3.45351E-10 6.24564E-10 6.43711E-10 8.65528E-10 2.1454E-9 2.71355E-9 2.75941E-9 3.34156E-9 8.70908E-9 3.81556E-8 5.43908E-8 6.27294E-8 1.07332E-7 1.40933E-7 7.89183E-8 9.73874E-8 6.87352E-8 1.30671E-7 1.35414E-7 1.23629E-7 1.18488E-7 1.29268E-7 2.87101E-7 2.30728E-7 1.72584E-7 1.24654E-7 1.24168E-7 1.67646E-7 2.47243E-7 4.40764E-7 6.21219E-7
2.41374E-12 1.86717E-12 1.25895E-11 1.93978E-12 2.60192E-12 2.9724E-12 3.79219E-12 4.19897E-12 4.23506E-12 3.62765E-12 4.5195E-12 1.30412E-11 1.08198E-10 6.41148E-11 1.17627E-10 3.82794E-11 1.9801E-11 2.35904E-11 7.71105E-9 2.09873E-7 5.93899E-9 1.0778E-10 2.73684E-11 1.32636E-11 1.14821E-11 1.31395E-11 1.39926E-11 1.66905E-11 1.6863E-11 3.75882E-11 7.27906E-11 1.80576E-10 2.1107E-10 2.53955E-10 2.99514E-10 4.06394E-10 5.42268E-10 7.03491E-10 1.06338E-9 2.60933E-9 4.10981E-9 4.43674E-9 6.08994E-9 7.02032E-9 3.83388E-8 4.11571E-8 3.61237E-8 3.3908E-8 4.41169E-8 5.46578E-8 6.64745E-8 5.88662E-8 7.29588E-8 1.30698E-7 1.70656E-7 1.49883E-7 1.39087E-7 2.56822E-7 2.75446E-7 2.01391E-7 1.76821E-7 1.92244E-7 2.30795E-7 3.48885E-7 4.71428E-7 6.05571E-7
3.16991E-12 6.77847E-12 2.1283E-12 2.14595E-12 5.17808E-12 4.83802E-12 2.92855E-12 2.95131E-12 8.96372E-12 1.30487E-11 3.57137E-12 1.4843E-11 1.5135E-10 4.23669E-11 4.29522E-11 4.1712E-11 1.74989E-11 1.19651E-11 2.33011E-9 1.81314E-8 3.50507E-10 8.16318E-11 4.46867E-11 1.93926E-11 9.58911E-12 9.26492E-12 1.11214E-11 1.4319E-11 1.25323E-11 2.18093E-11 5.00593E-11 1.40892E-10 1.70468E-10 2.84008E-10 4.31209E-10 5.7828E-10 6.45488E-10 9.45649E-10 1.50565E-9 2.41041E-9 3.60937E-9 4.48785E-9 1.28009E-8 2.2186E-8 1.6552E-8 1.43173E-8 1.37436E-8 1.62053E-8 2.21296E-8 5.1531E-8 9.06807E-8 6.22711E-8 7.48462E-8 1.09917E-7 2.04643E-7 2.8898E-7 1.98376E-7 2.09965E-7 2.51808E-7 2.39543E-7 2.61824E-7 3.24069E-7 3.53575E-7 6.61371E-7 6.33513E-7 6.16422E-7
7.13685E-12 3.8104E-12 2.81775E-12 3.20877E-12 4.00202E-12 3.09996E-12 2.90679E-12 3.13771E-12 5.95557E-12 6.64024E-12 2.61935E-12 4.26958E-12 5.23589E-11 3.59556E-11 1.3908E-11 9.79572E-12 1.1389E-11 1.32564E-11 5.5453E-11 1.93858E-9 5.93115E-10 1.96903E-10 9.62364E-11 2.22968E-11 1.0717E-11 8.46823E-12 9.26459E-12 1.10295E-11 1.3073E-11 1.48719E-11 2.91464E-11 4.48522E-11 1.24558E-10 2.78126E-10 3.87345E-10 5.37998E-10 7.27374E-10 1.04507E-9 1.48955E-9 2.30215E-9 3.01602E-9 4.00651E-9 6.38442E-9 1.57901E-8 2.50715E-8 2.78697E-8 1.61253E-8 1.5358E-8 1.70482E-8 2.54698E-8 5.56953E-8 5.51508E-8 6.56826E-8 9.55023E-8 1.03558E-7 2.42291E-7 3.39485E-7 3.193E-7 2.54813E-7 2.4532E-7 3.28534E-7 4.08017E-7 4.42666E-7 4.08546E-7 4.70364E-7 6.13642E-7
2.19766E-11 5.04385E-12 3.76965E-12 4.01457E-12 3.32945E-12 4.15068E-12 3.59912E-12 3.39928E-12 3.68283E-12 3.07376E-12 2.85238E-12 3.14959E-12 4.87343E-12 3.55748E-11 2.70186E-11 1.53447E-11 2.3661E-11 8.73541E-11 2.42724E-11 5.15643E-10 2.32781E-9 2.46965E-10 1.32297E-10 5.35315E-11 2.62376E-11 1.44001E-11 1.03517E-11 1.12343E-11 1.4122E-11 1.2413E-11 1.46568E-11 2.16663E-11 5.43612E-11 1.3994E-10 3.95232E-10 6.88296E-10 1.02093E-9 1.2398E-9 1.44162E-9 2.31008E-9 2.42616E-9 4.68899E-9 8.91819E-9 1.20704E-8 1.23758E-8 1.61056E-8 1.23495E-8 1.12279E-8 1.45596E-8 2.60628E-8 3.82448E-8 3.70957E-8 4.47093E-8 6.3827E-8 9.59525E-8 1.64828E-7 3.18666E-7 4.80008E-7 3.94543E-7 2.66999E-7 3.08877E-7 5.07334E-7 5.75701E-7 4.91123E-7 7.843E-7 8.88161E-7
1.35149E-11 2.37788E-11 8.52618E-12 4.00713E-12 5.35894E-12 5.64038E-12 4.66061E-12 4.07741E-12 3.2363E-12 3.99225E-12 4.0985E-12 4.08162E-12 4.37828E-12 6.43774E-12 5.72856E-11 3.56183E-11 4.70018E-11 3.11503E-10 3.17569E-9 4.23225E-11 1.36353E-9 4.63144E-10 1.70629E-10 5.99431E-11 2.92941E-11 2.01711E-11 1.37281E-11 1.23667E-11 1.33448E-11 1.26894E-11 1.33185E-11 1.48663E-11 3.4218E-11 1.1865E-10 4.30346E-10 8.50833E-10 1.02761E-9 1.32675E-9 1.95668E-9 2.30836E-9 3.04245E-9 6.94449E-9 1.05274E-8 1.00863E-8 1.20383E-8 1.1069E-8 1.13183E-8 1.38089E-8 2.27932E-8 2.51744E-8 2.68286E-8 3.25342E-8 6.32345E-8 7.30036E-8 9.48082E-8 1.74066E-7 3.41481E-7 4.36201E-7 3.03836E-7 4.8186E-7 4.02327E-7 6.95017E-7 6.90214E-7 7.12302E-7 1.03015E-6 1.00849E-6
1.12838E-11 4.03616E-11 2.5172E-11 1.17036E-11 2.72288E-11 1.1444E-11 1.08187E-11 6.16263E-12 7.36444E-12 9.01823E-12 3.40383E-11 6.27753E-12 8.06188E-12 4.59377E-12 9.38483E-12 9.87452E-11 7.05742E-11 4.64451E-10 2.26939E-9 1.52662E-10 2.44396E-10 1.25966E-9 2.86638E-10 1.16672E-10 6.52921E-11 3.4613E-11 1.66736E-11 1.34965E-11 1.40761E-11 1.45399E-11 1.54022E-11 1.62504E-11 3.73455E-11 1.58985E-10 1.05902E-9 1.1334E-9 1.4903E-9 2.18271E-9 3.03238E-9 5.00656E-9 7.51592E-9 1.4906E-8 2.45431E-8 2.15075E-8 2.27956E-8 2.27381E-8 3.17281E-8 2.80628E-8 3.61781E-8 3.78398E-8 4.31744E-8 5.81089E-8 8.17857E-8 8.86631E-8 1.0244E-7 1.32291E-7 2.37894E-7 4.22653E-7 3.37261E-7 3.55682E-7 5.33131E-7 9.64317E-7 1.75507E-6 1.25533E-6 1.12636E-6 1.40901E-6
1.47662E-11 8.5791E-11 5.89945E-11 2.02208E-11 1.57151E-11 2.06947E-11 1.83707E-11 1.18432E-11 2.33689E-11 2.20163E-11 4.74194E-11 1.81423E-11 1.97621E-10 5.23737E-12 5.9831E-12 8.01306E-11 3.42317E-11 7.81123E-11 3.79532E-10 6.55815E-11 6.85253E-11 6.64141E-10 1.06658E-9 1.3789E-9 2.45635E-10 6.14591E-11 2.01541E-11 2.09935E-11 2.95761E-11 3.57999E-11 4.28703E-11 4.94802E-11 8.27194E-11 2.2492E-10 6.18529E-10 1.1403E-9 2.75819E-9 2.62566E-9 4.52233E-9 6.13083E-9 8.48644E-9 1.52239E-8 2.75483E-8 4.21105E-8 4.3545E-8 3.54629E-8 4.82762E-8 4.28416E-8 4.90583E-8 4.99458E-8 5.02505E-8 6.56283E-8 7.40822E-8 1.0438E-7 1.77904E-7 2.51615E-7 3.6811E-7 5.73271E-7 4.5885E-7 4.30809E-7 8.08273E-7 7.02923E-7 1.78763E-6 1.16247E-6 1.25436E-6 1.42382E-6
6.8139E-11 2.43838E-10 8.92038E-11 1.39574E-11 1.03665E-11 1.76879E-11 1.70606E-11 2.18513E-11 4.31767E-11 1.94906E-11 4.39442E-11 1.07165E-10 5.54178E-11 1.29055E-10 2.92765E-11 3.66869E-11 2.5888E-11 5.98916E-10 8.37417E-11 8.07281E-11 1.06477E-10 6.04303E-10 8.01211E-9 2.98633E-8 1.09553E-9 4.0772E-10 1.41786E-10 1.32338E-10 1.20651E-10 1.3201E-10 1.66696E-10 2.1518E-10 5.10429E-10 9.06994E-10 1.47576E-9 1.89406E-9 2.29188E-9 3.34573E-9 4.44757E-9 5.40041E-9 9.48958E-9 1.43015E-8 2.86227E-8 4.10945E-8 6.24484E-8 4.8413E-8 4.47998E-8 4.47929E-8 4.31367E-8 4.7229E-8 5.20858E-8 7.75733E-8 1.05541E-7 1.53219E-7 2.14976E-7 2.06157E-7 3.83081E-7 7.36895E-7 8.96154E-7 5.9854E-7 8.23656E-7 1.12477E-6 1.17145E-6 1.09523E-6 1.43056E-6 1.90949E-6
5.15413E-11 1.94514E-10 7.43545E-11 1.72645E-11 1.42213E-11 1.42047E-11 1.55531E-11 5.40165E-11 3.28667E-11 1.7972E-11 5.62577E-11 6.70067E-11 4.41843E-11 1.25434E-10 7.38874E-10 1.72682E-10 1.74378E-11 1.59112E-11 5.52894E-11 5.31838E-11 7.00944E-11 6.3017E-10 3.10697E-8 1.59833E-7 1.1518E-7 1.36928E-8 2.78238E-9 4.75403E-10 3.77563E-10 5.82478E-10 8.0053E-10 8.66352E-10 1.62422E-9 3.22328E-9 3.53545E-9 3.19507E-9 2.06895E-9 2.69752E-9 6.20521E-9 6.95942E-9 1.35398E-8 2.15129E-8 3.75212E-8 5.67089E-8 7.04632E-8 8.34396E-8 7.60691E-8 7.38302E-8 6.71384E-8 7.96947E-8 6.63478E-8 6.90424E-8 9.11934E-8 6.75864E-8 8.41742E-8 1.19736E-7 2.17831E-7 6.48014E-7 9.79293E-7 1.0899E-6 1.12432E-6 1.73379E-6 1.37552E-6 1.7127E-6 2.12417E-6 2.56422E-6
5.76297E-11 5.36766E-10 2.48766E-10 2.19045E-11 1.50415E-11 2.69815E-11 1.97955E-11 2.89523E-11 2.86808E-11 5.81684E-11 1.17778E-10 1.37032E-10 1.08913E-10 9.7147E-11 1.06042E-10 1.45972E-10 3.05069E-11 8.77942E-12 1.80101E-11 4.23632E-11 4.49313E-11 1.69816E-10 1.15207E-8 1.19417E-7 1.12362E-8 1.5988E-8 7.09714E-9 1.47163E-9 1.6943E-9 4.39945E-9 4.65433E-9 2.74832E-9 2.71232E-9 3.20127E-9 2.67595E-9 2.08481E-9 2.11371E-9 3.37098E-9 5.63247E-9 8.29635E-9 1.65214E-8 2.82988E-8 4.66523E-8 7.05043E-8 8.29701E-8 8.70093E-8 1.3285E-7 8.44056E-8 6.80722E-8 5.83268E-8 6.13493E-8 1.14211E-7 1.48916E-7 1.94681E-7 2.15803E-7 3.3001E-7 5.851E-7 5.00422E-7 7.29375E-7 2.04293E-6 2.58586E-6 2.33709E-6 1.57184E-6 1.74693E-6 2.02047E-6 4.60098E-6
9.78415E-11 1.36277E-10 7.06313E-11 2.52561E-11 2.19822E-11 2.10781E-11 4.08499E-11 3.42518E-11 3.64876E-11 1.05556E-10 1.92608E-10 9.08185E-11 4.15526E-10 4.96377E-11 4.55332E-11 5.74667E-11 1.73297E-11 8.73701E-12 4.06535E-11 1.93525E-11 2.53169E-10 9.47791E-11 6.94003E-10 2.0423E-9 8.18039E-9 1.55033E-8 5.19493E-9 1.17764E-8 8.57314E-8 6.01922E-8 2.01944E-8 1.10971E-8 6.9768E-9 5.85928E-9 3.11619E-9 2.18273E-9 2.07433E-9 3.2527E-9 5.80414E-9 8.84086E-9 1.43115E-8 2.19716E-8 4.66014E-8 5.02702E-8 9.8341E-8 1.01434E-7 1.42785E-7 1.27618E-7 1.04014E-7 9.73741E-8 1.77237E-7 2.07906E-7 4.17052E-7 6.19623E-7 1.30702E-6 1.32566E-6 1.06054E-6 8.05929E-7 8.42108E-7 1.78111E-6 6.18514E-6 4.8627E-6 2.17199E-6 2.21026E-6 3.9794E-6 5.39779E-6
1.8401E-10 1.55114E-10 3.58312E-11 3.44216E-11 3.2927E-11 5.31564E-11 4.98924E-11 6.94601E-11 6.26632E-11 1.52194E-10 1.88467E-10 1.03807E-10 1.29372E-10 6.6149E-11 2.31348E-11 1.01965E-10 2.321E-11 7.58027E-12 7.54844E-11 1.66754E-11 6.06235E-11 5.39232E-10 6.18784E-10 4.277E-10 1.71441E-9 2.05826E-8 6.07593E-8 5.46875E-8 1.25894E-8 8.30329E-9 2.09099E-8 1.17562E-8 6.20166E-9 6.34189E-9 3.70046E-9 1.83858E-9 2.07377E-9 3.29729E-9 5.04665E-9 9.46016E-9 1.36088E-8 2.26562E-8 3.92536E-8 7.86829E-8 1.4992E-7 1.57035E-7 1.88904E-7 2.08022E-7 2.41425E-7 2.81057E-7 2.48836E-7 3.17551E-7 5.3999E-7 8.55796E-7 1.21125E-6 1.28754E-6 1.44595E-6 1.25344E-6 1.44461E-6 2.68708E-6 4.491E-6 4.62235E-6 3.59506E-6 3.6072E-6 5.52597E-6 4.72885E-6
2.03226E-9 2.57963E-10 5.78355E-11 7.53898E-11 5.99871E-11 4.95187E-11 6.75651E-11 3.93385E-10 7.63972E-10 1.76258E-10 7.91697E-11 1.14335E-10 3.81809E-11 2.40709E-11 2.00311E-11 8.00298E-11 8.34761E-11 9.66849E-12 8.59931E-11 2.45749E-11 6.99052E-11 2.26663E-9 1.73527E-9 4.51714E-10 1.42321E-9 1.31674E-8 1.42028E-8 8.20286E-9 3.74716E-9 5.33813E-9 1.25952E-8 7.14549E-9 3.68045E-9 2.83329E-9 1.82851E-9 7.55284E-10 1.10123E-9 1.8387E-9 3.79359E-9 7.01442E-9 1.22034E-8 3.94243E-8 5.79724E-8 1.02058E-7 2.42002E-7 2.97103E-7 3.47524E-7 4.98625E-7 4.8198E-7 4.11085E-7 4.42366E-7 7.72453E-7 1.11282E-6 1.49884E-6 2.11682E-6 2.66784E-6 3.88697E-6 2.35263E-6 2.86541E-6 4.7345E-6 3.7307E-6 2.82829E-6 3.6785E-6 3.12792E-6 4.07045E-6 3.52019E-6
4.91558E-9 1.37765E-9 2.46152E-10 2.855E-10 1.0907E-10 1.48164E-10 9.39547E-11 9.85796E-11 2.86558E-10 1.72478E-10 2.30551E-10 1.72649E-10 9.20977E-11 2.82506E-11 4.84535E-11 2.99681E-10 5.80338E-10 8.95992E-11 1.12892E-10 5.95798E-11 3.68783E-11 1.48882E-9 3.69041E-10 1.95023E-10 6.85496E-10 5.88302E-10 1.00766E-9 2.83862E-9 1.50205E-9 6.11535E-9 2.9754E-9 1.66421E-9 6.80411E-10 6.54654E-10 7.22369E-10 7.83125E-10 8.88835E-10 1.71436E-9 3.37252E-9 5.60045E-9 9.46561E-9 3.10535E-8 7.35483E-8 2.15337E-7 5.37739E-7 4.51917E-7 6.69196E-7 1.18225E-6 1.39859E-6 1.16215E-6 1.07486E-6 1.36417E-6 1.67736E-6 1.2682E-6 2.21134E-6 2.42395E-6 2.87506E-6 3.47022E-6 5.81083E-6 6.75756E-6 4.06961E-6 2.3477E-6 2.61337E-6 3.98462E-6 4.53711E-6 4.91443E-6
6.02326E-9 1.3331E-9 3.37726E-9 4.75703E-10 8.52646E-10 3.13229E-10 4.73437E-10 1.1654E-10 2.79823E-10 2.93285E-10 2.89188E-10 7.87023E-11 1.45566E-10 3.39303E-11 5.39903E-11 3.2275E-10 1.94113E-10 2.14565E-10 6.25683E-11 8.95233E-11 3.32301E-12 1.78921E-11 7.36408E-11 6.10786E-11 1.58044E-10 1.0742E-10 5.00811E-10 2.19028E-9 1.33046E-9 2.57855E-10 4.55932E-10 8.93423E-10 1.23452E-9 1.34081E-9 1.00739E-9 5.44431E-10 1.04044E-9 1.75064E-9 3.92438E-9 7.36201E-9 1.4063E-8 3.37501E-8 7.12014E-8 1.84161E-7 6.03215E-7 7.86183E-7 1.48425E-6 1.33804E-6 2.66531E-6 2.16255E-6 2.72151E-6 2.73796E-6 1.06114E-6 1.07569E-6 4.53322E-6 8.21353E-6 6.25691E-6 8.08695E-6 1.09405E-5 6.23899E-6 3.0989E-6 2.63584E-6 3.57106E-6 5.45806E-6 7.46852E-6 1.12255E-5
5.06032E-8 2.09006E-9 7.89127E-9 9.01589E-10 2.69225E-9 5.88554E-10 5.55491E-9 1.12919E-8 7.35142E-10 3.01746E-10 2.64216E-10 3.50219E-11 3.59222E-11 6.80532E-11 5.712E-11 3.87142E-10 2.1535E-10 7.33106E-11 9.07097E-12 2.51701E-11 2.0236E-12 3.28992E-12 7.20346E-12 8.19862E-11 5.91739E-10 4.92029E-10 3.27051E-10 8.67379E-10 4.9419E-10 4.47212E-10 6.65555E-10 1.01531E-9 1.94712E-9 1.40886E-9 1.02004E-9 3.6519E-10 6.60751E-10 1.80162E-9 4.02597E-9 8.07138E-9 3.69787E-8 5.05138E-8 9.16644E-8 1.27234E-7 3.74087E-7 8.12112E-7 1.04112E-6 1.41277E-6 1.91491E-6 1.96812E-6 1.77905E-6 1.28914E-6 1.70608E-6 2.84155E-6 6.91703E-6 9.32263E-6 9.79992E-6 1.01535E-5 8.00624E-6 4.64667E-6 4.50033E-6 6.08953E-6 5.87724E-6 6.58267E-6 1.31057E-5 1.93619E-5
1.44901E-8 2.3348E-9 5.6933E-9 9.50904E-10 1.74077E-9 9.94107E-10 1.32917E-9 2.96875E-8 3.67037E-8 7.48009E-10 2.62984E-10 4.51413E-11 1.0123E-11 1.84361E-11 6.92916E-11 3.1898E-10 2.03899E-10 3.99275E-11 1.30506E-11 7.32335E-11 1.08132E-11 2.84894E-12 7.14406E-12 1.42305E-10 6.21687E-10 1.78723E-9 2.46404E-10 1.23514E-9 7.58466E-10 6.28338E-10 2.92066E-9 2.70464E-10 8.31391E-10 6.537E-10 5.42394E-9 2.31753E-9 7.06244E-10 1.60806E-9 4.29226E-9 7.64962E-9 2.63024E-8 8.75109E-8 1.24111E-7 1.44823E-7 2.60372E-7 4.56802E-7 6.77696E-7 7.32303E-7 1.12144E-6 8.01552E-7 4.19938E-7 5.56059E-7 8.86716E-7 1.31966E-6 2.9509E-6 4.94643E-6 7.61383E-6 9.77902E-6 6.6844E-6 4.99977E-6 9.10158E-6 7.64457E-6 6.4217E-6 9.2284E-6 1.57317E-5 2.64716E-5
6.36197E-8 7.6437E-9 1.62802E-8 1.6871E-9 1.74254E-9 1.71713E-9 1.18978E-9 4.50278E-9 9.10954E-8 7.36539E-9 3.09769E-10 4.9855E-10 1.17755E-11 1.12609E-11 1.78829E-11 3.67147E-11 2.39277E-11 1.07045E-11 1.85225E-11 6.95399E-11 3.51822E-10 1.41483E-11 4.67454E-11 1.31043E-9 3.33144E-10 1.24998E-10 8.58167E-11 8.94383E-10 3.93912E-8 1.59411E-10 5.81641E-10 1.12559E-8 2.7665E-9 5.56216E-10 2.45855E-9 3.78575E-9 2.96412E-9 3.24615E-9 6.30677E-9 1.02166E-8 2.76787E-8 6.44455E-8 1.75859E-7 1.96488E-7 2.38253E-7 3.98567E-7 4.74083E-7 5.09359E-7 4.99403E-7 4.28596E-7 3.30196E-7 5.18943E-7 1.06893E-6 1.46117E-6 2.46454E-6 3.19311E-6 6.04744E-6 7.86768E-6 6.11632E-6 4.15685E-6 5.10817E-6 7.01569E-6 9.30856E-6 1.1652E-5 1.9884E-5 3.71177E-5
3.77634E-8 1.9187E-8 1.65666E-8 3.31019E-9 1.28422E-8 5.06378E-9 3.62871E-9 8.74172E-9 1.8168E-7 1.38317E-8 4.05862E-10 9.18365E-10 1.57949E-11 5.41738E-11 2.64768E-11 5.38097E-11 3.27073E-11 5.41456E-12 2.72088E-11 2.3321E-11 4.7118E-11 1.41328E-10 1.75978E-9 5.95222E-9 7.93214E-10 7.78047E-11 2.50752E-10 1.20836E-10 1.44175E-10 1.23764E-10 1.11799E-10 5.95293E-9 1.52922E-7 1.7162E-9 1.25607E-8 3.43886E-7 1.58203E-8 1.07508E-8 2.91255E-8 3.65185E-8 4.16761E-8 7.75721E-8 1.70134E-7 1.83341E-7 2.25361E-7 4.00493E-7 4.67184E-7 5.78053E-7 4.91703E-7 5.23446E-7 5.30438E-7 5.44872E-7 8.89459E-7 1.26002E-6 1.50249E-6 2.70852E-6 3.49433E-6 3.95814E-6 2.60448E-6 2.40854E-6 3.50941E-6 7.5566E-6 9.83733E-6 1.32244E-5 2.58428E-5 5.73667E-5
2.36953E-8 6.03426E-9 1.4465E-8 4.90327E-9 4.01124E-8 2.32193E-8 2.18845E-8 1.69903E-8 3.04034E-7 6.27624E-8 9.95882E-10 1.2277E-9 5.56691E-11 3.17234E-11 5.24844E-11 3.76161E-11 4.933E-11 2.37985E-11 2.18128E-11 1.42845E-11 7.17907E-11 5.91948E-10 4.22731E-9 2.16211E-9 1.52553E-9 8.12145E-10 1.08611E-10 5.49768E-11 3.90751E-11 5.25598E-10 1.20635E-10 1.57406E-10 2.16113E-7 1.18437E-8 1.52705E-8 1.83152E-7 2.83049E-8 4.34428E-8 7.89013E-8 1.6247E-7 6.64595E-8 5.88656E-8 9.14385E-8 1.24018E-7 2.64476E-7 3.96721E-7 4.68645E-7 5.12958E-7 5.3115E-7 8.49559E-7 7.70182E-7 8.21895E-7 9.83781E-7 9.53218E-7 1.2432E-6 1.86141E-6 2.06128E-6 2.59606E-6 2.68727E-6 3.01159E-6 4.21331E-6 8.7433E-6 1.76951E-5 2.27557E-5 4.71466E-5 9.53284E-5
9.12019E-9 2.2768E-8 1.87838E-8 9.14536E-8 4.13636E-8 3.9913E-8 2.82905E-8 8.79878E-8 2.61055E-7 1.24355E-7 5.51071E-9 6.91504E-10 2.45797E-10 3.71444E-11 3.37532E-11 5.54643E-11 1.08554E-10 1.79169E-10 4.74417E-11 3.78834E-11 8.9953E-11 4.19727E-10 4.18148E-9 1.5689E-9 7.3754E-10 4.22637E-9 3.74866E-9 1.29787E-10 8.27713E-11 1.32874E-10 2.53504E-10 1.54115E-10 2.82964E-9 4.73277E-9 4.55306E-9 7.5989E-8 1.72238E-8 4.29771E-8 1.55998E-7 2.45861E-7 6.60855E-8 3.36586E-8 5.45172E-8 1.08124E-7 2.05858E-7 3.35847E-7 4.45441E-7 7.47768E-7 9.0504E-7 1.08628E-6 1.18297E-6 1.03441E-6 1.0711E-6 1.03309E-6 1.03377E-6 1.35661E-6 1.56595E-6 1.86843E-6 2.92254E-6 4.08173E-6 8.43615E-6 1.50885E-5 2.64498E-5 5.17763E-5 1.20254E-4 3.10049E-4
5.27522E-8 1.85276E-7 3.54051E-8 3.61472E-8 5.84343E-8 1.40231E-7 2.78914E-8 6.32447E-8 1.25837E-8 6.79569E-8 1.02628E-8 1.88139E-9 1.38498E-9 1.82009E-10 2.5338E-11 3.59343E-11 2.62695E-10 1.81865E-10 9.93619E-11 1.76189E-10 4.92465E-10 3.0496E-10 7.16836E-10 8.15444E-10 8.02707E-10 1.98495E-9 2.53682E-8 1.3905E-9 9.99522E-11 8.37045E-11 1.41915E-10 3.18047E-10 3.1444E-8 8.04989E-9 3.04279E-8 8.13111E-9 2.06125E-8 8.78641E-8 1.61691E-7 2.37055E-7 6.94393E-8 2.75194E-8 3.62038E-8 8.00074E-8 1.83423E-7 3.43745E-7 4.98019E-7 8.39466E-7 1.05637E-6 9.40768E-7 9.94882E-7 7.61965E-7 9.8302E-7 8.63453E-7 8.29014E-7 7.06079E-7 1.05813E-6 1.69426E-6 3.77911E-6 5.46461E-6 1.65049E-5 3.27716E-5 6.22149E-5 1.10962E-4 2.41814E-4 7.02768E-4
7.02903E-7 1.96647E-7 2.61355E-7 3.61158E-8 4.69214E-8 8.28133E-8 1.53635E-8 1.44916E-8 1.57544E-8 4.7533E-9 4.09696E-9 1.93513E-8 1.88304E-9 3.0093E-10 1.22007E-10 6.46585E-11 6.92135E-11 2.174E-10 9.41946E-10 6.68237E-10 1.0171E-9 8.33414E-10 1.41779E-9 1.71027E-9 9.45601E-10 1.60881E-9 1.05277E-9 5.46764E-10 1.97504E-10 2.63961E-9 1.82698E-10 2.62586E-10 4.03245E-8 5.63863E-9 1.64402E-8 2.08026E-7 1.30205E-7 1.56411E-7 1.13995E-7 1.27119E-7 7.04531E-8 3.37436E-8 3.98549E-8 6.98809E-8 1.657E-7 3.06005E-7 4.46863E-7 5.81363E-7 6.90684E-7 6.43892E-7 6.18404E-7 6.75579E-7 8.0066E-7 5.25428E-7 3.92791E-7 4.70267E-7 7.76124E-7 1.42482E-6 4.30582E-6 5.91611E-6 1.89457E-5 4.43189E-5 1.23848E-4 2.75695E-4 6.12787E-4 1.0933E-3
4.69316E-6 5.27051E-6 3.83358E-6 1.12381E-7 3.26285E-7 3.34653E-8 2.02288E-8 2.2899E-8 4.0648E-9 3.52932E-9 1.82917E-9 8.14351E-9 9.51915E-10 3.26435E-10 6.87637E-10 3.73955E-10 3.92178E-10 1.94551E-10 2.76967E-10 3.6096E-9 3.12861E-9 1.73885E-9 5.93741E-9 1.03403E-8 1.33089E-9 1.34972E-9 1.41762E-9 2.91757E-9 3.34197E-10 5.96816E-8 1.97912E-9 2.7579E-9 7.44421E-9 1.76014E-8 2.28091E-8 2.81095E-7 4.16406E-7 7.38721E-7 2.11065E-7 1.2772E-7 7.66486E-8 7.34551E-8 6.53229E-8 8.5178E-8 1.72399E-7 2.79815E-7 3.77175E-7 4.17734E-7 5.05029E-7 5.07366E-7 5.33397E-7 4.59891E-7 7.28911E-7 6.38469E-7 5.88517E-7 5.62984E-7 9.30153E-7 1.89949E-6 3.76383E-6 8.7635E-6 2.39117E-5 4.08274E-5 1.65061E-4 4.66301E-4 7.67599E-4 1.76802E-3
1.54019E-5 7.86052E-6 5.05868E-6 1.87701E-6 5.25265E-7 9.78882E-8 4.21602E-8 2.95214E-8 1.71125E-8 3.29681E-9 2.49881E-9 4.61184E-9 1.94334E-9 5.9898E-10 4.55354E-10 3.07804E-10 6.49084E-10 1.82431E-10 1.07293E-9 2.36211E-9 1.42114E-9 1.94212E-9 1.18631E-9 1.19211E-9 7.54218E-10 1.38395E-9 1.82134E-9 2.85036E-9 1.00726E-9 1.73117E-8 1.77114E-8 5.62472E-9 1.20437E-8 1.45519E-8 3.12644E-8 1.19877E-7 5.29317E-7 3.35294E-7 1.4279E-7 6.722E-8 4.8535E-8 7.57691E-8 1.56285E-7 2.35897E-7 2.0101E-7 2.29065E-7 3.62261E-7 3.59188E-7 4.59192E-7 5.52997E-7 6.71935E-7 4.94164E-7 4.72686E-7 4.84043E-7 6.26236E-7 7.27264E-7 1.47738E-6 2.77377E-6 4.49488E-6 1.11095E-5 4.74321E-5 5.46203E-5 2.07854E-4 5.46798E-4 8.4146E-4 -9999
6.60313E-6 9.00335E-6 3.8351E-6 3.78187E-6 1.24801E-6 5.72306E-8 1.92396E-7 7.78273E-9 5.89436E-9 4.62096E-9 4.33352E-9 3.23858E-9 2.43075E-9 9.37451E-10 3.88896E-10 2.78945E-10 3.60268E-10 3.95863E-10 5.36089E-10 1.6986E-9 2.12636E-9 2.81525E-9 2.88257E-9 1.45954E-9 7.94465E-10 7.73878E-9 6.95854E-9 9.1342E-10 8.48794E-10 1.76831E-9 3.15137E-9 5.12575E-9 4.00457E-9 1.91903E-8 3.5041E-8 6.06454E-8 1.42751E-6 1.13379E-6 2.50264E-7 8.41075E-8 4.68295E-8 6.15819E-8 1.2609E-7 3.53325E-7 2.79885E-7 2.25248E-7 3.51773E-7 3.25099E-7 3.79718E-7 5.23887E-7 5.59733E-7 4.84991E-7 5.45818E-7 5.1136E-7 5.99529E-7 1.09058E-6 1.7879E-6 3.12225E-6 6.93649E-6 1.39824E-5 2.85002E-5 7.66425E-5 3.11257E-4 1.57929E-3 1.83265E-3 -9999
1.96626E-6 9.6289E-6 3.16741E-6 2.25084E-6 8.07709E-7 6.95623E-8 9.65776E-7 4.84404E-8 9.38762E-9 2.02225E-8 3.92026E-9 3.70656E-9 3.29167E-9 1.29321E-9 5.83751E-10 2.66875E-10 6.91888E-10 6.54087E-10 3.2879E-10 3.26789E-10 1.68536E-9 1.63461E-9 1.94319E-9 2.76325E-9 5.61521E-9 2.50016E-9 1.37653E-8 1.46574E-9 5.0437E-10 8.10033E-10 9.50225E-10 1.87362E-8 1.07348E-8 6.51743E-9 2.66383E-8 7.08361E-8 6.75512E-8 7.30718E-8 3.14795E-7 1.92448E-7 4.34696E-8 3.46708E-8 5.58179E-8 1.04025E-7 1.23126E-7 1.86816E-7 2.68836E-7 2.76295E-7 2.5596E-7 2.74801E-7 3.89504E-7 5.41503E-7 4.82695E-7 6.00892E-7 7.66314E-7 1.356E-6 2.14196E-6 2.83351E-6 6.72722E-6 1.92288E-5 3.59276E-5 8.79449E-5 3.23422E-4 -9999 -9999 -9999
