Leopardus guttulus/Leopardus_guttulus.asc
ncols         515
nrows         545
xllcorner     -119.0
yllcorner     -58.333333333333
cellsize      0.166666666667
NODATA_value  -9999
[rows 348 to 376 of 545, columns 264 to 329 of 515]
-9999 -9999 -9999 -9999 -9999 -9999 -9999 -9999 -9999 -9999 -9999 -9999 -9999 -9999 -9999 -9999 -9999 -9999 -9999 -9999 -9999 -9999 -9999 -9999 -9999 4.17823E-5 4.30367E-5 3.41431E-5 3.28763E-5 4.31602E-5 2.51701E-6 1.85013E-6 1.05968E-6 2.37991E-7 1.25673E-7 1.07656E-7 1.35111E-7 1.2189E-7 1.19721E-7 1.57482E-7 1.6022E-7 1.8027E-7 3.96599E-7 1.81791E-7 1.45525E-7 1.07629E-7 1.57284E-7 1.80428E-7 2.72391E-7 2.67976E-7 4.5971E-7 2.44228E-6 2.08629E-6 2.331E-6 3.20534E-6 1.04835E-5 1.56634E-4 1.48604E-4 1.99522E-4 4.47941E-3 7.16866E-3 2.00586E-3 3.64401E-3 3.05624E-3 1.33638E-3 3.77071E-4
-9999 -9999 -9999 -9999 -9999 -9999 -9999 -9999 -9999 -9999 -9999 -9999 -9999 -9999 -9999 -9999 -9999 -9999 -9999 -9999 -9999 -9999 -9999 -9999 -9999 3.13812E-5 4.08973E-5 3.20479E-5 3.16091E-5 4.35871E-5 4.16265E-6 2.43751E-6 9.01957E-7 3.55146E-7 1.47733E-7 8.80049E-8 1.3267E-7 1.06607E-7 1.17093E-7 1.58686E-7 1.27141E-7 1.90539E-7 1.87392E-7 3.06471E-7 1.90819E-7 2.09602E-7 1.60263E-7 2.25236E-7 2.37389E-7 2.71074E-7 7.04784E-7 1.24599E-6 1.57685E-6 2.59386E-6 1.58095E-6 6.73474E-6 2.40975E-5 7.40278E-5 5.10856E-4 4.56741E-3 6.10767E-3 4.20298E-3 4.42147E-3 2.3228E-3 9.86874E-4 5.05028E-4
-9999 -9999 -9999 -9999 -9999 -9999 -9999 -9999 -9999 -9999 -9999 -9999 -9999 -9999 -9999 -9999 -9999 -9999 -9999 -9999 -9999 -9999 -9999 -9999 -9999 3.13784E-5 4.10489E-5 3.23162E-5 3.18217E-5 4.16037E-5 6.37952E-6 4.11336E-6 1.75262E-6 2.39739E-7 1.10749E-7 9.44975E-8 1.0992E-7 1.26622E-7 1.36464E-7 1.39605E-7 1.70484E-7 2.13245E-7 2.36764E-7 2.26014E-7 1.71448E-7 1.79289E-7 1.34716E-7 4.15148E-7 6.00229E-7 2.96389E-7 7.2395E-7 9.08074E-7 1.41387E-6 4.79931E-6 2.17886E-6 4.61628E-6 2.55252E-5 2.28291E-4 1.80091E-3 4.48315E-3 7.50066E-3 1.20161E-2 4.68801E-3 2.49369E-3 7.27513E-4 6.40514E-4
-9999 -9999 -9999 -9999 -9999 -9999 -9999 -9999 -9999 -9999 -9999 -9999 -9999 -9999 -9999 -9999 -9999 -9999 -9999 -9999 -9999 -9999 -9999 -9999 -9999 1.72695E-5 4.38083E-5 3.48771E-5 3.20224E-5 3.55604E-5 8.82241E-6 4.50913E-6 1.3273E-6 1.83191E-7 1.01536E-7 1.12613E-7 9.59007E-8 1.30648E-7 1.45035E-7 1.44582E-7 2.08856E-7 2.07485E-7 3.04338E-7 2.90865E-7 1.92853E-7 2.36998E-7 3.56941E-7 3.79679E-7 4.88996E-7 3.88513E-7 4.71921E-7 6.42096E-7 5.82397E-7 2.13009E-6 5.19993E-6 5.58589E-6 1.59661E-4 1.12039E-3 8.9363E-4 2.93245E-3 5.17442E-3 2.55992E-2 5.16011E-3 3.10727E-3 8.45028E-4 7.68711E-4
-9999 -9999 -9999 -9999 -9999 -9999 -9999 -9999 -9999 -9999 -9999 -9999 -9999 -9999 -9999 -9999 -9999 -9999 -9999 -9999 -9999 -9999 -9999 -9999 -9999 2.43309E-5 3.62488E-5 3.79952E-5 3.39287E-5 3.70152E-5 1.06128E-5 5.08771E-6 5.45304E-7 1.73952E-7 1.19725E-7 1.76754E-7 1.2726E-7 1.46651E-7 1.34596E-7 1.96143E-7 2.60339E-7 2.79763E-7 2.37708E-7 2.55999E-7 2.91305E-7 3.21813E-7 2.11821E-7 3.79012E-7 5.53226E-7 3.46486E-7 4.54923E-7 5.76783E-7 1.31433E-6 1.70184E-6 3.0591E-6 5.02911E-6 3.67393E-4 1.63126E-3 8.51557E-4 5.96784E-3 1.45694E-2 1.29685E-2 5.52955E-3 1.80769E-3 1.00601E-3 8.10599E-4
-9999 -9999 -9999 -9999 -9999 -9999 -9999 -9999 -9999 -9999 -9999 -9999 -9999 -9999 -9999 -9999 -9999 -9999 -9999 -9999 -9999 -9999 -9999 -9999 -9999 3.27897E-5 3.60919E-5 4.02326E-5 3.69494E-5 4.16157E-5 1.2173E-5 3.97611E-6 5.7179E-7 1.40335E-7 9.48462E-8 1.39943E-7 1.19649E-7 1.17064E-7 1.88341E-7 2.42616E-7 1.81465E-7 2.68709E-7 3.09331E-7 2.98776E-7 4.74263E-7 2.6367E-7 2.57395E-7 6.08986E-7 5.44336E-7 2.94932E-7 5.51814E-7 1.07673E-6 1.17363E-6 3.64939E-6 2.9417E-6 6.5161E-6 3.78583E-4 4.74684E-3 2.48043E-3 2.10806E-2 3.13675E-2 1.40448E-2 1.84405E-3 1.13003E-3 9.81829E-4 8.13707E-4
-9999 -9999 -9999 -9999 -9999 -9999 -9999 -9999 -9999 -9999 -9999 -9999 -9999 -9999 -9999 -9999 -9999 -9999 -9999 -9999 -9999 -9999 -9999 -9999 -9999 3.43013E-5 3.56529E-5 3.03538E-5 2.83722E-5 3.64841E-5 1.0941E-5 1.46728E-6 7.30181E-8 6.39152E-8 8.23301E-8 1.30958E-7 1.48747E-7 1.70117E-7 2.37343E-7 2.60016E-7 2.00014E-7 2.47775E-7 3.39975E-7 3.34222E-7 3.30996E-7 4.58893E-7 2.19597E-7 5.98141E-7 5.26886E-7 2.98944E-7 4.93113E-7 1.18567E-6 1.01177E-6 2.58468E-6 1.44266E-6 3.95317E-6 3.75516E-4 9.98174E-3 3.0135E-2 5.18995E-2 4.0369E-2 3.41102E-3 1.67045E-3 1.00449E-3 9.2708E-4 7.96847E-4
-9999 -9999 -9999 -9999 -9999 -9999 -9999 -9999 -9999 -9999 -9999 -9999 -9999 -9999 -9999 -9999 -9999 -9999 -9999 -9999 -9999 -9999 -9999 -9999 -9999 3.2755E-5 2.22596E-5 2.98168E-5 1.83989E-5 2.77792E-5 4.20028E-6 4.85736E-7 1.32068E-7 9.49616E-8 7.69504E-8 1.23045E-7 1.22386E-7 1.71664E-7 2.09122E-7 3.0551E-7 2.50065E-7 3.1756E-7 2.74119E-7 3.26704E-7 4.41401E-7 3.14452E-7 4.49994E-7 5.1405E-7 4.87434E-7 6.51576E-7 1.1969E-6 9.34933E-7 2.16654E-6 1.99142E-6 3.76599E-6 6.25933E-6 1.09463E-3 5.21019E-2 4.0897E-2 1.83859E-2 1.17014E-2 1.63487E-3 3.76482E-4 4.25167E-4 3.80608E-4 1.95338E-4
-9999 -9999 -9999 -9999 -9999 -9999 -9999 -9999 -9999 -9999 -9999 -9999 -9999 -9999 -9999 -9999 -9999 -9999 -9999 -9999 -9999 -9999 -9999 -9999 -9999 3.94528E-5 2.05111E-5 1.85729E-5 1.74248E-5 2.75472E-5 2.05192E-6 3.22754E-7 1.79667E-7 1.14246E-7 1.08239E-7 1.1582E-7 1.46686E-7 1.90048E-7 2.36079E-7 2.26817E-7 2.24893E-7 2.44575E-7 2.59354E-7 5.36966E-7 4.11771E-7 4.65465E-7 4.7714E-7 6.43492E-7 1.26279E-6 1.17306E-6 1.15188E-6 1.10056E-7 7.56702E-7 2.31966E-6 2.19709E-6 4.14884E-5 1.16599E-2 9.94579E-2 3.50156E-2 9.7793E-3 2.15342E-3 5.10931E-4 2.84746E-4 3.09254E-4 1.69445E-4 1.8195E-4
-9999 -9999 -9999 -9999 -9999 -9999 -9999 -9999 -9999 -9999 -9999 -9999 -9999 -9999 -9999 -9999 -9999 -9999 -9999 -9999 -9999 -9999 -9999 -9999 4.09628E-5 4.92025E-5 3.01347E-5 1.76246E-5 1.72308E-5 2.76492E-5 2.64916E-6 1.09191E-6 3.4101E-7 1.47801E-7 1.08084E-7 1.48509E-7 1.61406E-7 5.13012E-7 7.25041E-7 5.60942E-7 2.56137E-7 2.7597E-7 3.65349E-7 2.64351E-6 1.01139E-6 6.74841E-7 5.0347E-7 1.04159E-6 9.86551E-7 1.18739E-6 6.33491E-7 1.32618E-7 3.60276E-7 1.55299E-6 1.65618E-5 3.52003E-3 5.62745E-2 2.69509E-2 2.95595E-2 6.68157E-3 1.47012E-3 3.12907E-4 1.44775E-4 7.77138E-5 1.57871E-4 1.72893E-4
-9999 -9999 -9999 -9999 -9999 -9999 -9999 -9999 -9999 -9999 -9999 -9999 -9999 -9999 -9999 -9999 -9999 -9999 -9999 -9999 -9999 -9999 -9999 -9999 4.94655E-5 4.29077E-5 3.01049E-5 2.77297E-5 1.75718E-5 3.36592E-5 3.4964E-6 2.90374E-7 3.87993E-7 9.06076E-8 1.17534E-7 1.49744E-7 1.85367E-7 2.00883E-7 6.02431E-7 2.73518E-7 2.35254E-7 3.84801E-7 7.94092E-7 5.60503E-7 6.85436E-7 1.77642E-6 8.95739E-7 1.55062E-6 3.09593E-7 5.33329E-7 7.63981E-7 7.99063E-7 1.22091E-6 5.95926E-6 3.97448E-4 1.46959E-2 1.61876E-2 2.412E-2 1.48882E-2 4.71021E-3 8.40366E-4 3.81136E-4 2.06346E-4 3.02453E-4 8.80158E-5 8.53687E-5
-9999 -9999 -9999 -9999 -9999 -9999 -9999 -9999 -9999 -9999 -9999 -9999 -9999 -9999 -9999 -9999 -9999 -9999 -9999 -9999 -9999 -9999 -9999 -9999 4.28936E-5 4.34518E-5 3.16499E-5 2.99837E-5 2.82023E-5 2.63652E-5 1.8862E-6 4.82981E-7 7.85724E-8 1.39228E-7 1.19957E-7 1.827E-7 2.3464E-7 2.14982E-7 2.2232E-7 2.82585E-7 2.77098E-7 3.90447E-7 1.28957E-6 2.89293E-7 9.64375E-8 1.16836E-6 1.15741E-6 7.31824E-7 1.87707E-7 7.97479E-7 1.08432E-6 3.68635E-6 4.56029E-6 1.86141E-5 6.2475E-4 8.02522E-3 4.21776E-3 6.1472E-3 7.71795E-3 4.16445E-3 1.78581E-3 4.05818E-4 2.42283E-4 1.57876E-4 7.90193E-5 7.29751E-5
-9999 -9999 -9999 -9999 -9999 -9999 -9999 -9999 -9999 -9999 -9999 -9999 -9999 -9999 -9999 -9999 -9999 -9999 -9999 -9999 -9999 -9999 -9999 1.91341E-5 3.98285E-5 4.15592E-5 3.64346E-5 1.80502E-5 1.7745E-5 1.72639E-5 9.87532E-7 2.4644E-7 1.19167E-7 1.4872E-7 1.26425E-7 2.14159E-7 3.4109E-7 2.98115E-7 2.9107E-7 2.60779E-7 3.27357E-7 3.95258E-7 1.47783E-6 3.48497E-7 1.31049E-7 1.44744E-6 3.29616E-6 5.82244E-7 2.76469E-7 2.3453E-7 5.80306E-7 1.11652E-7 1.62124E-6 2.72446E-6 9.83493E-5 1.89905E-3 1.99853E-3 2.84289E-3 2.73078E-3 2.81425E-3 1.44382E-3 3.69268E-4 2.3499E-4 1.75574E-4 8.58935E-5 7.18441E-5
-9999 -9999 -9999 -9999 -9999 -9999 -9999 -9999 -9999 -9999 -9999 -9999 -9999 -9999 -9999 -9999 -9999 -9999 -9999 -9999 -9999 -9999 -9999 3.80479E-5 4.38691E-5 4.02932E-5 3.61303E-5 1.80207E-5 1.04034E-5 1.18514E-5 6.45915E-7 2.32928E-7 1.95672E-7 1.51599E-7 1.68761E-7 2.4551E-7 4.73364E-7 5.98567E-7 3.16223E-7 3.6344E-7 5.4796E-7 8.6876E-7 2.11707E-6 4.92192E-7 3.28926E-7 3.01932E-6 6.34272E-7 3.47554E-8 1.62591E-8 5.19346E-8 2.9322E-8 1.14169E-7 3.02394E-7 5.74454E-6 3.80745E-5 9.2567E-4 5.57201E-4 3.00988E-4 1.16002E-3 7.51734E-4 4.51759E-4 3.06846E-4 1.11547E-4 5.198E-5 4.4581E-5 7.25822E-5
-9999 -9999 -9999 -9999 -9999 -9999 -9999 -9999 -9999 -9999 -9999 -9999 -9999 -9999 -9999 -9999 -9999 -9999 -9999 -9999 -9999 -9999 -9999 3.65921E-5 3.30678E-5 3.70831E-5 3.24949E-5 1.63183E-5 6.74083E-6 1.03145E-5 7.58519E-7 2.98019E-7 1.64975E-7 2.22963E-7 2.04741E-7 2.62284E-7 7.74742E-7 7.87376E-7 3.09571E-7 3.11199E-7 4.50891E-7 1.31339E-6 2.47138E-6 5.78601E-7 1.81461E-7 2.48846E-7 1.47649E-7 7.88597E-9 7.03249E-9 7.81855E-9 2.12499E-8 6.59266E-8 2.33376E-7 6.56096E-6 2.14267E-5 1.46741E-4 4.02882E-4 1.23933E-4 2.46288E-4 2.17541E-4 3.41835E-4 2.53511E-4 1.00942E-4 4.93904E-5 4.30953E-5 7.10057E-5
-9999 -9999 -9999 -9999 -9999 -9999 -9999 -9999 -9999 -9999 -9999 -9999 -9999 -9999 -9999 -9999 -9999 -9999 -9999 -9999 -9999 -9999 1.60863E-5 3.57954E-5 3.10138E-5 3.62018E-5 3.20431E-5 1.14988E-5 7.41684E-6 6.50006E-6 1.52937E-6 3.33636E-7 1.68122E-7 1.91676E-7 2.20314E-7 2.9972E-7 4.58846E-7 4.59418E-7 3.90616E-7 4.36321E-7 5.71742E-7 9.41685E-7 1.47796E-6 1.70592E-6 1.69724E-8 5.69896E-8 4.42648E-7 9.32898E-9 6.83785E-9 1.12183E-8 2.885E-8 4.86261E-8 1.34529E-7 1.25652E-5 3.171E-5 8.22078E-5 1.91057E-4 1.09202E-4 1.24454E-4 1.30981E-4 1.03642E-4 1.91445E-4 8.98165E-5 4.21628E-5 3.42665E-5 6.85379E-5
-9999 -9999 -9999 -9999 -9999 -9999 -9999 -9999 -9999 -9999 -9999 -9999 -9999 -9999 -9999 -9999 -9999 -9999 -9999 -9999 -9999 -9999 3.29884E-5 3.50161E-5 3.07316E-5 3.24685E-5 2.54919E-5 7.54257E-6 3.38362E-6 3.8627E-6 3.79586E-7 4.08638E-7 1.66079E-7 1.68305E-7 2.12066E-7 3.18294E-7 3.37472E-7 3.29324E-7 5.44331E-7 7.64307E-7 2.31932E-6 2.30606E-6 2.52239E-6 2.74168E-6 1.61591E-8 1.61594E-8 6.52046E-8 2.34383E-8 7.67492E-9 1.67748E-8 4.22202E-8 7.65187E-8 2.13363E-7 1.97513E-5 5.06395E-5 3.14547E-5 1.34728E-4 2.67561E-4 2.21639E-4 7.83214E-5 7.1479E-5 7.02534E-5 6.5532E-5 3.85824E-5 3.62346E-5 6.70786E-5
-9999 -9999 -9999 -9999 -9999 -9999 -9999 -9999 -9999 -9999 -9999 -9999 -9999 -9999 -9999 -9999 -9999 -9999 -9999 -9999 -9999 -9999 3.45653E-5 3.53371E-5 3.01489E-5 3.18256E-5 1.15507E-5 7.60145E-6 3.87708E-6 1.65454E-6 1.8473E-7 1.58167E-7 2.00819E-7 2.44787E-7 2.93134E-7 2.98931E-7 3.26462E-7 3.87039E-7 1.32201E-6 6.11995E-6 4.08603E-6 3.71974E-6 3.44673E-6 4.76497E-6 5.57402E-8 8.43173E-9 1.26287E-8 1.30092E-7 5.17925E-8 1.9885E-8 4.11309E-8 6.74776E-8 4.0388E-7 1.11782E-5 2.80092E-5 1.33229E-5 7.6691E-5 2.00536E-4 1.25604E-4 4.71218E-5 5.11627E-5 5.33598E-5 3.46873E-5 3.32073E-5 3.8698E-5 6.90767E-5
-9999 -9999 -9999 -9999 -9999 -9999 -9999 -9999 -9999 -9999 -9999 -9999 -9999 -9999 -9999 -9999 -9999 -9999 -9999 -9999 -9999 -9999 2.45043E-5 2.09109E-5 3.07983E-5 3.48474E-5 1.18342E-5 3.41831E-6 1.68814E-6 1.40422E-6 1.61907E-7 2.23548E-7 2.18787E-7 3.39975E-7 4.038E-7 4.10785E-7 3.9437E-7 1.18621E-6 5.5592E-6 1.51678E-6 1.4726E-6 1.00059E-6 3.80886E-6 3.89959E-6 1.94413E-7 2.51241E-8 1.60766E-7 2.52418E-6 2.35979E-7 6.57643E-8 8.53233E-8 1.84349E-7 4.00097E-6 1.4635E-5 9.95781E-6 3.73447E-6 6.93863E-5 1.10466E-4 2.96896E-5 3.42641E-5 3.75887E-5 4.24467E-5 2.77414E-5 3.32842E-5 3.85394E-5 7.42448E-5
-9999 -9999 -9999 -9999 -9999 -9999 -9999 -9999 -9999 -9999 -9999 -9999 -9999 -9999 -9999 -9999 -9999 -9999 -9999 -9999 -9999 2.17711E-5 1.42518E-5 8.25631E-6 1.92733E-5 1.82269E-5 7.66833E-6 5.29922E-6 2.7642E-6 1.18338E-6 2.28085E-7 2.22803E-7 2.79936E-7 3.70597E-7 3.56349E-7 4.72432E-7 5.32917E-7 1.94796E-6 3.06757E-6 1.51076E-6 4.97086E-7 2.5436E-7 3.04362E-6 2.45672E-6 2.01986E-6 5.2896E-8 2.77197E-6 6.2752E-6 2.66706E-7 8.35526E-8 2.2015E-7 1.17709E-6 1.03605E-5 2.92096E-6 2.78326E-6 4.33453E-6 3.75179E-5 2.61992E-5 2.18674E-5 1.48618E-5 1.71206E-5 1.94752E-5 2.47535E-5 3.18889E-5 3.61876E-5 8.06841E-5
-9999 -9999 -9999 -9999 -9999 -9999 -9999 -9999 -9999 -9999 -9999 -9999 -9999 -9999 -9999 -9999 -9999 -9999 -9999 -9999 1.62028E-5 2.4587E-5 2.12247E-5 1.268E-5 1.80452E-5 1.16935E-5 3.44178E-6 3.71776E-6 4.06145E-6 5.23641E-6 2.22794E-7 2.26641E-7 3.19494E-7 3.56762E-7 6.41019E-7 5.21631E-7 7.19846E-7 1.042E-6 1.7898E-6 6.45715E-6 3.41946E-7 1.38553E-6 2.26844E-6 3.47296E-6 1.29699E-6 3.55526E-8 3.2553E-6 5.20357E-6 2.36804E-7 9.54862E-7 8.11503E-7 1.62581E-6 9.38531E-7 1.14703E-6 2.8383E-6 2.79185E-6 5.88914E-5 2.20494E-5 9.25263E-6 1.13041E-5 1.36639E-5 1.61088E-5 2.47169E-5 3.78186E-5 6.73267E-5 9.62189E-5
-9999 -9999 -9999 -9999 -9999 -9999 -9999 -9999 -9999 -9999 -9999 -9999 -9999 -9999 -9999 -9999 -9999 -9999 -9999 -9999 1.15969E-5 3.85535E-5 2.15662E-5 1.27345E-5 1.82729E-5 7.60875E-6 2.40933E-6 1.32229E-6 6.99157E-7 2.19E-6 2.08236E-7 2.57028E-7 3.1792E-7 4.36938E-7 4.96513E-7 8.59525E-7 7.94895E-7 3.61179E-6 3.54877E-6 3.20327E-6 3.2772E-7 1.44717E-6 2.78742E-6 4.2967E-6 1.47175E-6 3.04511E-8 3.92244E-6 2.51244E-6 1.36619E-6 3.89628E-6 5.12596E-7 7.50409E-7 4.65463E-7 5.50564E-7 1.31158E-6 1.552E-6 1.82243E-5 1.02827E-5 7.82863E-6 9.2043E-6 1.12662E-5 1.57399E-5 6.3146E-5 7.50781E-5 8.84933E-5 1.99539E-4
-9999 -9999 -9999 -9999 -9999 -9999 -9999 -9999 -9999 -9999 -9999 -9999 -9999 -9999 -9999 -9999 -9999 -9999 -9999 -9999 6.16678E-6 4.02104E-5 2.30566E-5 1.31407E-5 1.84386E-5 7.63993E-6 1.22816E-6 4.53063E-7 1.86088E-7 5.12624E-7 2.2992E-7 3.05868E-7 3.2935E-7 5.69326E-7 5.09162E-7 8.13212E-7 1.08266E-6 9.34273E-6 2.75379E-6 3.54705E-6 3.55722E-7 3.55466E-7 5.02182E-6 5.48796E-6 3.06504E-7 5.39086E-8 1.08922E-6 1.35909E-6 4.25075E-6 1.56315E-6 7.07979E-7 6.9777E-7 4.21328E-7 5.69803E-7 6.83907E-7 1.40515E-6 6.28606E-6 9.7498E-6 6.39117E-6 7.91507E-6 9.2554E-6 2.81381E-5 6.89203E-5 7.57102E-5 2.26886E-4 2.94135E-4
-9999 -9999 -9999 -9999 -9999 -9999 -9999 -9999 -9999 -9999 -9999 -9999 -9999 -9999 -9999 -9999 -9999 -9999 -9999 -9999 -9999 1.73671E-5 2.58733E-5 2.16686E-5 1.9942E-5 7.77577E-6 1.35179E-6 5.17884E-7 5.29121E-7 5.43959E-7 2.79392E-7 3.62512E-7 4.42386E-7 5.39046E-7 9.45111E-7 1.17589E-6 1.60141E-6 5.6824E-6 6.99485E-7 1.69473E-6 2.49863E-7 2.00929E-7 4.49548E-7 2.55376E-6 7.68188E-7 8.77399E-8 6.24569E-8 3.00525E-6 1.00738E-6 6.41361E-7 7.2316E-7 4.75487E-7 5.02894E-7 5.77085E-7 5.52873E-7 1.19079E-6 4.85139E-6 5.51094E-6 6.56832E-6 7.77801E-6 1.1694E-5 2.20452E-5 5.74038E-5 1.11867E-4 2.31897E-4 2.67232E-4
-9999 -9999 -9999 -9999 -9999 -9999 -9999 -9999 -9999 -9999 -9999 -9999 -9999 -9999 -9999 -9999 -9999 -9999 -9999 -9999 4.97292E-6 1.86308E-5 1.69073E-5 8.88482E-6 1.21949E-5 5.46688E-6 1.30574E-6 1.73857E-7 3.12979E-7 1.07612E-6 3.82403E-7 4.67618E-7 5.55823E-7 8.14395E-7 1.3998E-6 6.9957E-7 1.58847E-6 5.16276E-6 4.9776E-7 2.06864E-7 9.13375E-8 1.13574E-7 1.37859E-7 1.3148E-6 4.14533E-6 1.21781E-7 5.57159E-8 1.91642E-6 1.11937E-6 5.9492E-7 7.02791E-7 4.40962E-7 4.82617E-7 9.88459E-7 1.50026E-6 1.07829E-6 5.40643E-6 6.08643E-6 7.16583E-6 9.44975E-6 3.93427E-5 3.48531E-5 4.36771E-5 7.40886E-5 1.92847E-4 4.20438E-4
-9999 -9999 -9999 -9999 -9999 -9999 -9999 -9999 -9999 -9999 -9999 -9999 -9999 -9999 -9999 -9999 -9999 -9999 -9999 -9999 -9999 1.34672E-5 1.78321E-5 1.49924E-5 1.22799E-5 7.7435E-6 1.34054E-6 1.04071E-6 2.31099E-7 5.60766E-7 3.73018E-7 5.23841E-7 5.44536E-7 7.02039E-7 1.61832E-6 1.56545E-6 1.73417E-6 2.75213E-6 4.05393E-6 1.9833E-7 8.52779E-8 7.40893E-8 1.41812E-7 3.24157E-7 4.48009E-6 1.75355E-6 1.69963E-7 7.09653E-7 1.13855E-6 5.22971E-7 4.20947E-7 4.80941E-7 1.22645E-6 2.44239E-6 3.5305E-6 4.66899E-6 6.71835E-6 7.13294E-6 8.3233E-6 3.12263E-5 4.87088E-5 7.71779E-5 5.22919E-5 6.93953E-5 2.77384E-4 6.46489E-4
-9999 -9999 -9999 -9999 -9999 -9999 -9999 -9999 -9999 -9999 -9999 -9999 -9999 -9999 -9999 -9999 -9999 -9999 -9999 -9999 -9999 2.45008E-5 3.28253E-5 2.82033E-5 2.56145E-5 1.51209E-5 5.32713E-6 2.33843E-6 2.83424E-6 3.57545E-6 4.19547E-7 5.10422E-7 8.01805E-7 1.35162E-6 2.43589E-6 2.34204E-6 1.76761E-6 3.86595E-6 4.30778E-6 2.16504E-7 1.01954E-7 3.19707E-7 2.18584E-7 2.03789E-7 1.17323E-6 1.51486E-6 8.38759E-7 3.76628E-7 3.39555E-7 5.77054E-7 1.74064E-6 9.87862E-7 1.23846E-6 1.30069E-5 4.31706E-6 6.10835E-6 8.36664E-6 1.06607E-5 2.97346E-5 5.78876E-5 1.6988E-4 7.58788E-4 7.99135E-5 9.90487E-5 3.99717E-4 9.87026E-4
-9999 -9999 -9999 -9999 -9999 -9999 -9999 -9999 -9999 -9999 -9999 -9999 -9999 -9999 -9999 -9999 -9999 -9999 -9999 -9999 -9999 7.56269E-5 6.64919E-5 2.64093E-5 1.82929E-5 1.50469E-5 2.04278E-6 4.97538E-7 2.13092E-7 3.90487E-7 4.81458E-7 6.08951E-7 5.92737E-7 2.34758E-6 1.73378E-6 2.17968E-6 2.5858E-6 1.07043E-6 5.82555E-7 9.70904E-8 4.14602E-8 1.54955E-7 2.06963E-7 2.86066E-7 5.39831E-7 3.20017E-7 9.00178E-7 4.07715E-7 4.04434E-7 1.1401E-6 1.54854E-6 1.92468E-6 4.53483E-6 6.94546E-6 5.95368E-6 7.78631E-6 3.56418E-5 8.2615E-5 1.13588E-4 3.04376E-4 3.52058E-4 4.70326E-4 7.68943E-5 1.25716E-4 1.29997E-3 1.26342E-3
-9999 -9999 -9999 -9999 -9999 -9999 -9999 -9999 -9999 -9999 -9999 -9999 -9999 -9999 -9999 -9999 -9999 -9999 -9999 -9999 1.64296E-4 1.21503E-4 3.88134E-5 1.09617E-5 1.19921E-5 1.94019E-6 4.21605E-7 3.16017E-7 2.46706E-7 2.72866E-7 5.466E-7 7.26033E-7 6.78117E-7 1.23448E-6 1.78909E-6 1.24816E-6 1.35305E-6 2.557E-7 2.23807E-7 1.15168E-7 5.42488E-8 5.11489E-8 4.96622E-7 5.18047E-7 3.22796E-7 2.62298E-7 3.62615E-7 3.67634E-7 6.72602E-7 1.1853E-6 2.53616E-6 6.75133E-6 4.91135E-6 6.09181E-6 7.81963E-6 8.49148E-6 4.4771E-5 1.52167E-4 9.11164E-5 4.84734E-5 6.54995E-5 6.66563E-5 1.06849E-4 2.02446E-4 1.2689E-3 2.56765E-3
