Leopardus emiliae/Leopardus_emiliae_projection 2041-2060.asc
ncols         515
nrows         545
xllcorner     -119.0
yllcorner     -58.333333333333
cellsize      0.166666666667
NODATA_value  -9999
[rows 464 to 492 of 545, columns 264 to 329 of 515]
-9999 -9999 -9999 -9999 7.71323E-3 2.84755E-3 5.03257E-3 7.77844E-3 -9999 -9999 5.14755E-4 3.2212E-4 4.45295E-4 4.94087E-5 1.70502E-4 3.06046E-4 3.99886E-4 1.47304E-4 1.47401E-4 1.96165E-4 4.52483E-4 4.16269E-4 3.46934E-4 2.92982E-4 3.81863E-4 5.87533E-4 6.19022E-4 5.86637E-4 6.06753E-4 6.27159E-4 4.8056E-4 2.46552E-4 2.26244E-4 2.70148E-4 5.91012E-4 7.59619E-4 6.84119E-4 7.90655E-4 7.82446E-4 7.41694E-4 9.65794E-4 9.0924E-4 7.98665E-4 7.48717E-4 8.67256E-4 1.10887E-3 1.10991E-3 8.94413E-4 8.4448E-4 1.23602E-3 1.65433E-3 2.05679E-3 2.42824E-3 2.78035E-3 2.91401E-3 -9999 -9999 -9999 -9999 -9999 -9999 -9999 -9999 -9999 -9999 -9999
-9999 -9999 -9999 -9999 1.0046E-2 5.01124E-3 1.92049E-3 5.52354E-3 -9999 -9999 1.63711E-4 4.9063E-5 1.52501E-4 2.78139E-5 1.25571E-4 8.66229E-5 1.59405E-4 4.11458E-4 2.81551E-4 4.39647E-4 4.07543E-4 3.3194E-4 3.70356E-4 4.11594E-4 4.96656E-4 5.04795E-4 4.96757E-4 5.87337E-4 6.29535E-4 6.90893E-4 6.30548E-4 3.83941E-4 2.227E-4 3.19229E-4 4.63986E-4 7.29447E-4 5.29257E-4 4.65653E-4 6.75667E-4 7.0483E-4 7.68459E-4 5.78813E-4 5.91445E-4 8.18663E-4 1.00385E-3 1.03157E-3 7.51652E-4 8.68935E-4 1.63072E-3 1.91573E-3 2.37561E-3 -9999 -9999 -9999 -9999 -9999 -9999 -9999 -9999 -9999 -9999 -9999 -9999 -9999 -9999 -9999
-9999 -9999 -9999 -9999 1.71499E-2 -9999 2.88542E-3 1.03895E-2 -9999 2.09216E-3 2.01857E-3 1.05568E-4 5.94416E-5 8.62344E-5 1.12435E-4 7.65744E-5 2.04649E-4 2.44679E-4 2.79332E-4 1.04681E-3 1.31318E-3 7.82011E-4 5.63851E-4 4.29203E-4 4.41442E-4 4.46271E-4 4.69201E-4 4.98632E-4 5.50883E-4 7.15032E-4 6.97483E-4 4.05766E-4 3.95942E-4 6.57926E-4 8.43183E-4 8.20417E-4 7.97813E-4 7.16783E-4 7.84948E-4 8.74507E-4 8.11904E-4 7.20023E-4 8.08304E-4 1.01261E-3 1.06165E-3 8.62301E-4 8.54503E-4 1.72344E-3 -9999 -9999 -9999 -9999 -9999 -9999 -9999 -9999 -9999 -9999 -9999 -9999 -9999 -9999 -9999 -9999 -9999 -9999
-9999 -9999 -9999 -9999 -9999 2.16094E-2 8.74985E-3 -9999 -9999 -9999 1.41151E-4 -9999 3.23705E-4 1.39239E-3 1.49731E-3 6.12541E-4 1.2642E-4 3.11081E-4 2.81302E-4 3.09374E-4 4.96567E-4 5.27727E-4 4.79665E-4 4.25516E-4 4.67417E-4 4.91049E-4 5.36586E-4 5.95165E-4 6.86848E-4 7.29101E-4 8.35149E-4 6.06489E-4 4.31488E-4 5.41373E-4 1.01199E-3 8.41588E-4 8.70134E-4 9.55393E-4 9.2218E-4 8.92592E-4 8.05437E-4 9.31076E-4 9.59071E-4 8.55456E-4 8.20064E-4 8.82329E-4 1.90675E-3 -9999 -9999 -9999 -9999 -9999 -9999 -9999 -9999 -9999 -9999 -9999 -9999 -9999 -9999 -9999 -9999 -9999 -9999 -9999
-9999 -9999 -9999 1.02852E-2 1.16771E-2 -9999 7.23349E-3 7.86869E-3 5.20131E-3 3.43734E-4 8.69119E-4 3.65127E-4 1.5948E-4 3.5345E-4 1.10288E-3 2.21397E-4 1.70388E-4 9.03541E-4 6.57819E-4 8.32421E-4 9.93662E-4 6.64172E-4 5.90896E-4 5.46143E-4 5.24066E-4 5.45133E-4 5.67061E-4 6.2807E-4 7.00121E-4 7.6094E-4 8.28368E-4 8.99171E-4 3.82846E-4 4.08636E-4 9.30586E-4 8.91097E-4 9.22171E-4 1.22705E-3 9.98072E-4 8.87463E-4 9.30753E-4 8.98254E-4 5.89778E-4 5.62423E-4 7.4182E-4 1.54696E-3 -9999 -9999 -9999 -9999 -9999 -9999 -9999 -9999 -9999 -9999 -9999 -9999 -9999 -9999 -9999 -9999 -9999 -9999 -9999 -9999
-9999 -9999 -9999 1.73983E-2 2.63082E-2 3.74923E-2 -9999 1.79589E-2 -9999 1.37627E-3 2.84043E-4 6.27124E-4 1.28287E-4 4.77146E-5 3.30276E-4 2.56968E-4 7.90999E-4 1.53099E-3 1.18757E-3 8.06143E-4 2.68015E-4 3.18938E-4 3.8196E-4 4.96854E-4 4.80592E-4 4.80286E-4 5.62068E-4 6.97137E-4 7.64908E-4 8.79184E-4 1.02188E-3 1.22566E-3 5.81017E-4 4.07566E-4 1.08541E-3 1.06057E-3 1.00558E-3 9.21572E-4 9.87358E-4 8.47639E-4 6.52227E-4 5.19616E-4 5.41435E-4 1.0177E-3 1.90424E-3 -9999 -9999 -9999 -9999 -9999 -9999 -9999 -9999 -9999 -9999 -9999 -9999 -9999 -9999 -9999 -9999 -9999 -9999 -9999 -9999 -9999
-9999 1.10836E-2 2.36593E-3 1.27833E-2 2.68608E-3 6.3777E-3 2.37983E-2 1.33082E-2 -9999 1.68407E-3 1.30566E-3 1.85806E-4 2.22393E-5 6.99824E-5 3.91559E-5 8.8317E-5 1.54648E-4 2.37387E-4 5.62677E-4 1.90829E-3 1.44419E-3 8.75204E-4 6.77998E-4 4.48275E-4 3.61025E-4 4.16992E-4 5.19026E-4 6.20324E-4 7.32016E-4 8.77055E-4 1.00863E-3 1.29984E-3 1.25068E-3 1.70578E-3 1.39088E-3 1.25131E-3 1.15929E-3 8.15242E-4 7.03308E-4 5.18004E-4 5.13607E-4 5.52434E-4 9.58768E-4 1.56166E-3 -9999 -9999 -9999 -9999 -9999 -9999 -9999 -9999 -9999 -9999 -9999 -9999 -9999 -9999 -9999 -9999 -9999 -9999 -9999 -9999 -9999 -9999
-9999 1.90144E-2 7.59317E-3 2.77032E-3 1.89299E-3 4.9301E-3 9.04632E-3 5.4982E-3 -9999 9.077E-4 5.17747E-4 1.16596E-4 8.89388E-5 6.62742E-5 1.99377E-4 1.23018E-4 2.08886E-4 2.72165E-4 7.15499E-5 2.34422E-4 2.73801E-4 3.21148E-4 2.99071E-4 3.2319E-4 3.30292E-4 3.64482E-4 5.06217E-4 5.84529E-4 7.74116E-4 9.72343E-4 1.18058E-3 1.20575E-3 1.71449E-3 1.96908E-3 1.69342E-3 1.64645E-3 1.06629E-3 7.39779E-4 6.19215E-4 7.74337E-4 1.05334E-3 1.54951E-3 1.67341E-3 2.06526E-3 -9999 -9999 -9999 -9999 -9999 -9999 -9999 -9999 -9999 -9999 -9999 -9999 -9999 -9999 -9999 -9999 -9999 -9999 -9999 -9999 -9999 -9999
3.03751E-2 9.93023E-3 5.51163E-3 1.15648E-2 2.38587E-3 1.15699E-2 1.0629E-2 -9999 3.81703E-3 1.23141E-3 3.4191E-4 1.03453E-4 9.87143E-5 2.81643E-4 5.75273E-5 1.72337E-4 3.34834E-4 1.40875E-3 1.0225E-3 8.07853E-4 1.36988E-3 5.76537E-4 3.76083E-4 3.01513E-4 2.94045E-4 3.74419E-4 5.0398E-4 6.9832E-4 8.8599E-4 1.15856E-3 1.22499E-3 1.10507E-3 1.71063E-3 1.99459E-3 1.82319E-3 1.57429E-3 9.30047E-4 8.03501E-4 1.34536E-3 1.73225E-3 2.08696E-3 2.12472E-3 2.11819E-3 2.60657E-3 -9999 -9999 -9999 -9999 -9999 -9999 -9999 -9999 -9999 -9999 -9999 -9999 -9999 -9999 -9999 -9999 -9999 -9999 -9999 -9999 -9999 -9999
3.33017E-2 1.01636E-2 1.65834E-2 6.11697E-2 2.33574E-2 3.6431E-2 2.76955E-2 -9999 3.1012E-4 5.92027E-4 2.10406E-3 7.07137E-4 1.29675E-4 1.29332E-3 1.44078E-4 1.19382E-4 1.68466E-4 3.76398E-4 7.0761E-3 7.84636E-3 5.79804E-3 3.30679E-3 1.68918E-3 7.37482E-4 5.60956E-4 5.47678E-4 6.86034E-4 9.44745E-4 1.44353E-3 1.83548E-3 1.80762E-3 1.82202E-3 1.83962E-3 2.02645E-3 1.97619E-3 1.5183E-3 1.50206E-3 1.61182E-3 1.82284E-3 2.29637E-3 2.04361E-3 1.83555E-3 1.7654E-3 2.07285E-3 -9999 -9999 -9999 -9999 -9999 -9999 -9999 -9999 -9999 -9999 -9999 -9999 -9999 -9999 -9999 -9999 -9999 -9999 -9999 -9999 -9999 -9999
6.5094E-2 3.3933E-2 6.5419E-2 7.65252E-2 5.28832E-2 6.86449E-2 -9999 -9999 1.1669E-4 1.21296E-6 1.25909E-5 1.20191E-4 1.55825E-4 1.18591E-3 3.31258E-3 2.11835E-3 2.22995E-3 8.25197E-4 4.37186E-4 1.06406E-3 2.11638E-3 2.26987E-3 2.15935E-3 9.51562E-4 7.33593E-4 8.60742E-4 9.54711E-4 1.28791E-3 1.90884E-3 2.55602E-3 3.11064E-3 3.06831E-3 3.3892E-3 4.82117E-3 4.59303E-3 3.5328E-3 2.51924E-3 1.92484E-3 1.7229E-3 1.68051E-3 1.58454E-3 1.49046E-3 1.43162E-3 1.56509E-3 2.3045E-3 -9999 -9999 -9999 -9999 -9999 -9999 -9999 -9999 -9999 -9999 -9999 -9999 -9999 -9999 -9999 -9999 -9999 -9999 -9999 -9999 -9999
-9999 8.86735E-2 8.82815E-2 -9999 -9999 5.61056E-2 -9999 2.22188E-4 2.46243E-5 5.01646E-6 2.55098E-5 1.61703E-4 9.85938E-4 5.88134E-3 1.02663E-2 1.47292E-3 1.51885E-4 1.20841E-4 1.67833E-4 2.38679E-4 1.56925E-4 1.42681E-4 1.9443E-4 2.67513E-4 4.66275E-4 7.38755E-4 9.23216E-4 1.42294E-3 1.52552E-3 1.74433E-3 3.03266E-3 3.63999E-3 5.17442E-3 5.52331E-3 4.77622E-3 4.33977E-3 3.21992E-3 2.58623E-3 2.42134E-3 2.16399E-3 1.99292E-3 1.64769E-3 1.56857E-3 1.53006E-3 1.62403E-3 2.0083E-3 2.42002E-3 -9999 -9999 -9999 -9999 -9999 -9999 -9999 -9999 -9999 -9999 -9999 -9999 -9999 -9999 -9999 -9999 -9999 -9999 -9999
-9999 -9999 -9999 -9999 -9999 -9999 9.01412E-3 5.94925E-4 2.19418E-5 8.10593E-6 5.57234E-5 1.65586E-4 5.74056E-4 2.73424E-3 7.50461E-4 6.07198E-4 1.40985E-4 1.41166E-4 1.16586E-4 6.12936E-5 5.24511E-5 5.96495E-5 6.83945E-5 9.86793E-5 2.091E-4 5.83333E-4 1.08779E-3 1.20992E-3 8.46841E-4 8.77943E-4 1.51362E-3 2.07741E-3 2.15613E-3 8.58971E-4 9.56858E-4 1.52801E-3 2.54872E-3 2.38593E-3 2.23046E-3 2.05086E-3 1.94928E-3 1.96061E-3 1.64919E-3 1.62438E-3 1.54909E-3 1.58559E-3 1.6934E-3 2.01788E-3 -9999 -9999 -9999 -9999 -9999 -9999 -9999 -9999 -9999 -9999 -9999 -9999 -9999 -9999 -9999 -9999 -9999 -9999
-9999 -9999 -9999 -9999 -9999 2.1271E-2 2.53496E-3 3.71939E-4 4.92029E-6 2.79753E-5 4.69409E-4 3.07921E-4 8.95406E-4 2.849E-3 1.6247E-3 1.85794E-3 1.00293E-3 4.35144E-4 1.74628E-4 1.02843E-4 5.12848E-5 7.91097E-5 1.02361E-4 1.41401E-4 3.80391E-4 8.12305E-4 8.19431E-4 9.43239E-4 3.892E-4 4.8809E-4 8.7451E-4 1.26277E-3 1.3588E-3 6.58026E-4 4.98285E-4 1.0531E-3 1.6327E-3 1.54317E-3 2.39378E-3 2.6317E-3 2.18175E-3 1.94339E-3 1.91376E-3 1.97449E-3 2.05135E-3 2.07158E-3 1.95654E-3 1.89038E-3 2.31192E-3 2.49859E-3 -9999 -9999 -9999 -9999 -9999 -9999 -9999 -9999 -9999 -9999 -9999 -9999 -9999 -9999 -9999 -9999
-9999 -9999 -9999 -9999 -9999 1.66742E-3 1.32763E-3 1.3452E-4 1.57852E-5 5.84899E-6 7.12989E-4 2.76402E-4 2.40382E-3 4.57082E-3 4.46297E-3 2.24591E-3 1.55856E-3 1.86026E-3 1.37165E-3 9.26381E-4 1.07604E-3 6.43384E-4 4.86394E-4 6.88967E-4 8.56547E-4 7.92945E-4 9.57594E-4 8.3751E-4 4.47126E-4 5.73913E-4 9.33876E-4 1.12519E-3 1.23762E-3 8.58672E-4 7.89156E-4 5.07089E-4 5.95206E-4 2.09353E-3 2.58222E-3 2.29778E-3 1.92285E-3 1.76535E-3 1.95307E-3 1.88522E-3 1.94123E-3 1.92182E-3 2.13332E-3 2.11655E-3 2.08515E-3 2.14087E-3 2.10587E-3 2.42367E-3 2.50611E-3 2.40256E-3 2.44297E-3 -9999 -9999 -9999 -9999 -9999 -9999 -9999 -9999 -9999 -9999 -9999
-9999 -9999 -9999 -9999 2.8997E-3 9.78669E-4 3.91234E-4 8.02335E-4 1.82306E-4 3.82121E-5 1.74706E-4 2.61359E-4 4.50672E-3 4.1828E-3 1.6847E-3 9.39399E-4 7.66473E-4 3.50132E-4 2.51135E-3 1.58226E-3 1.17445E-3 1.63663E-3 1.23977E-3 1.0651E-3 7.79842E-4 5.03904E-4 8.00626E-4 7.10825E-4 4.28506E-4 4.151E-4 4.89359E-4 6.62269E-4 8.85193E-4 8.65416E-4 6.27029E-4 4.95653E-4 6.1092E-4 9.09665E-4 1.73092E-3 1.77777E-3 1.40322E-3 1.46444E-3 1.94083E-3 2.08441E-3 2.11361E-3 1.96049E-3 1.9115E-3 2.08873E-3 1.98373E-3 1.92811E-3 2.02958E-3 2.24586E-3 2.36801E-3 2.34983E-3 2.54913E-3 -9999 -9999 -9999 -9999 -9999 -9999 -9999 -9999 -9999 -9999 -9999
-9999 -9999 -9999 9.07395E-3 4.05444E-3 2.25975E-3 5.21356E-4 1.39502E-3 1.88625E-3 1.68464E-4 4.16154E-4 4.07982E-3 3.54654E-3 1.03275E-3 4.60668E-4 8.66458E-5 1.00965E-4 1.21876E-4 3.12866E-4 1.30948E-3 1.30153E-3 9.98899E-4 6.99036E-4 5.13941E-4 6.39715E-4 7.18893E-4 1.03948E-3 1.14134E-3 8.79512E-4 7.22365E-4 5.74291E-4 7.63986E-4 7.76726E-4 8.64553E-4 8.2386E-4 5.26854E-4 1.02015E-3 1.46545E-3 2.01002E-3 2.08039E-3 2.06753E-3 2.09389E-3 2.36262E-3 2.32346E-3 2.10033E-3 2.01644E-3 1.92629E-3 2.02174E-3 1.98314E-3 1.92115E-3 2.0529E-3 1.97811E-3 1.96025E-3 1.99206E-3 2.29384E-3 -9999 -9999 -9999 -9999 -9999 -9999 -9999 -9999 -9999 -9999 -9999
1.70282E-1 -9999 1.65224E-2 9.34269E-3 7.95469E-3 2.58508E-3 8.8517E-4 1.95129E-3 1.29098E-3 1.61384E-3 2.21331E-3 2.8271E-3 5.71053E-4 1.63279E-3 2.91839E-4 2.52897E-4 2.05723E-4 2.54846E-4 7.90688E-5 5.7975E-5 2.34858E-4 2.69774E-4 4.12326E-4 4.66198E-4 6.20767E-4 7.34606E-4 1.04345E-3 1.52598E-3 1.4477E-3 1.08148E-3 7.35257E-4 5.91359E-4 7.73136E-4 7.37606E-4 6.50359E-4 5.60504E-4 9.27252E-4 1.33475E-3 1.6971E-3 2.21524E-3 2.25129E-3 2.47256E-3 2.57242E-3 2.16328E-3 1.89965E-3 1.79536E-3 1.92772E-3 1.87137E-3 1.90959E-3 1.83796E-3 1.85292E-3 1.94491E-3 1.95205E-3 1.9072E-3 -9999 -9999 -9999 -9999 -9999 -9999 -9999 -9999 -9999 -9999 -9999 -9999
5.08912E-2 -9999 -9999 -9999 1.28978E-3 6.54681E-3 -9999 -9999 8.46808E-3 3.79898E-3 1.24403E-3 6.37562E-4 1.22576E-3 4.53116E-4 1.18451E-3 3.51584E-4 3.40442E-4 3.97631E-4 3.3253E-4 1.56241E-4 2.07653E-4 3.0565E-4 3.72773E-4 4.09431E-4 7.28586E-4 7.57803E-4 1.47247E-3 1.85294E-3 1.52811E-3 9.20392E-4 7.67546E-4 6.43757E-4 5.54351E-4 5.34653E-4 5.97773E-4 5.15081E-4 1.2327E-3 2.06564E-3 2.48495E-3 2.52299E-3 2.45678E-3 2.46007E-3 2.25674E-3 2.24291E-3 2.14892E-3 2.05724E-3 2.04098E-3 1.74338E-3 1.86818E-3 1.75057E-3 1.78636E-3 1.84447E-3 1.78596E-3 1.57016E-3 -9999 -9999 -9999 -9999 -9999 -9999 -9999 -9999 -9999 -9999 -9999 -9999
8.24721E-3 1.27205E-2 -9999 1.33495E-3 1.1682E-3 7.91204E-4 1.31159E-3 -9999 -9999 1.11396E-3 2.59895E-3 3.90386E-3 3.18862E-3 2.13238E-3 1.09701E-3 7.40685E-4 3.06303E-4 2.04193E-4 3.40457E-4 4.46243E-4 4.69224E-4 5.96506E-4 5.3564E-4 8.84872E-4 9.37929E-4 8.70065E-4 1.76157E-3 1.62052E-3 1.26873E-3 8.81581E-4 9.37742E-4 6.22108E-4 3.82098E-4 4.30578E-4 7.1355E-4 1.25554E-3 1.87637E-3 1.97087E-3 2.32745E-3 2.38423E-3 2.5301E-3 2.48334E-3 2.18536E-3 2.08468E-3 2.02667E-3 2.04681E-3 2.06131E-3 1.78847E-3 1.97772E-3 1.78617E-3 1.87428E-3 1.7352E-3 1.65551E-3 -9999 -9999 -9999 -9999 -9999 -9999 -9999 -9999 -9999 -9999 -9999 -9999 -9999
6.91835E-4 7.66369E-3 -9999 1.23147E-3 2.46342E-3 5.36283E-4 5.12217E-4 4.66681E-4 3.02146E-3 5.41844E-3 8.71121E-3 3.92415E-3 9.05726E-4 1.66156E-3 2.83535E-3 1.48871E-3 2.21101E-3 2.52525E-4 5.07758E-4 5.90996E-4 6.94133E-4 7.05467E-4 7.83116E-4 7.67951E-4 8.45328E-4 1.00672E-3 1.06037E-3 6.4204E-4 9.04745E-4 1.17789E-3 8.99685E-4 6.29261E-4 5.2091E-4 5.77031E-4 7.88966E-4 8.80578E-4 1.45919E-3 2.00876E-3 2.13917E-3 2.20581E-3 2.49933E-3 2.26345E-3 2.06515E-3 1.97198E-3 1.79929E-3 1.80345E-3 1.98938E-3 1.94424E-3 1.89288E-3 1.94899E-3 2.02621E-3 1.91051E-3 -9999 -9999 -9999 -9999 -9999 -9999 -9999 -9999 -9999 -9999 -9999 -9999 -9999 -9999
1.8474E-3 -9999 -9999 -9999 1.13588E-3 7.33078E-4 1.26802E-3 4.93214E-4 1.21679E-4 6.42534E-5 2.94336E-4 8.17565E-4 6.46507E-3 2.23642E-3 1.00864E-2 4.74471E-4 9.113E-4 1.6624E-3 1.10137E-3 6.32681E-4 4.14978E-4 4.14876E-4 6.89268E-4 6.58832E-4 8.20502E-4 1.04772E-3 1.32082E-3 1.14051E-3 5.3262E-4 5.55026E-4 1.04752E-3 8.40659E-4 6.67505E-4 8.4943E-4 1.14672E-3 1.57426E-3 2.03938E-3 2.18631E-3 2.10149E-3 1.88603E-3 2.08389E-3 1.96701E-3 1.85342E-3 1.96631E-3 1.91626E-3 1.75944E-3 1.71296E-3 1.86458E-3 1.99353E-3 -9999 -9999 -9999 -9999 -9999 -9999 -9999 -9999 -9999 -9999 -9999 -9999 -9999 -9999 -9999 -9999 -9999
-9999 4.01136E-3 9.62707E-4 -9999 3.86299E-4 2.50089E-4 1.12582E-3 7.48746E-5 3.89853E-6 3.51144E-6 7.93744E-6 1.25843E-4 7.80513E-4 7.58428E-3 5.07048E-3 3.07381E-4 1.93214E-4 4.31737E-4 2.40712E-4 1.51284E-4 2.11722E-4 3.23935E-4 4.20531E-4 4.75626E-4 5.31011E-4 1.00277E-3 1.3262E-3 8.5994E-4 6.53744E-4 7.02898E-4 8.88732E-4 1.07156E-3 9.61448E-4 1.09968E-3 1.62572E-3 2.29354E-3 2.33791E-3 2.21937E-3 2.14723E-3 1.99255E-3 1.88291E-3 1.84778E-3 1.85176E-3 1.8025E-3 1.873E-3 1.8812E-3 1.85006E-3 1.9553E-3 -9999 -9999 -9999 -9999 -9999 -9999 -9999 -9999 -9999 -9999 -9999 -9999 -9999 -9999 -9999 -9999 -9999 -9999
9.50393E-3 2.24681E-3 1.75054E-3 -9999 1.39525E-3 1.72089E-4 6.93918E-4 6.92167E-5 6.54133E-6 3.87374E-6 1.84068E-5 3.85782E-4 1.2659E-2 8.56694E-3 2.81714E-3 1.15159E-3 2.495E-4 1.41614E-4 2.1432E-4 3.23788E-4 3.70581E-4 6.53662E-4 9.40461E-4 6.40393E-4 5.89558E-4 1.16827E-3 1.37948E-3 1.45357E-3 1.38597E-3 1.15545E-3 1.13839E-3 1.55847E-3 1.56263E-3 1.48344E-3 1.96511E-3 2.06562E-3 1.88631E-3 1.85203E-3 1.82322E-3 1.69668E-3 1.62802E-3 1.4884E-3 1.59366E-3 1.46966E-3 1.60556E-3 1.74602E-3 1.93197E-3 -9999 -9999 -9999 -9999 -9999 -9999 -9999 -9999 -9999 -9999 -9999 -9999 -9999 -9999 -9999 -9999 -9999 -9999 -9999
5.73674E-3 3.05019E-4 2.81099E-4 -9999 4.84447E-4 5.91972E-4 8.63052E-4 7.42306E-5 8.2089E-6 2.31099E-5 1.24518E-4 3.40409E-3 3.54965E-3 4.29675E-3 1.17168E-2 1.02988E-2 2.00269E-3 1.8845E-4 3.34785E-4 4.44865E-4 1.13555E-3 1.69121E-3 3.39906E-3 2.21297E-3 1.14519E-3 8.8439E-4 5.7763E-4 8.0995E-4 1.55633E-3 9.63355E-4 9.53337E-4 1.09282E-3 1.17411E-3 1.49729E-3 1.5462E-3 1.5465E-3 1.55949E-3 1.40867E-3 1.44608E-3 1.4562E-3 1.40239E-3 1.26599E-3 1.18984E-3 1.41133E-3 1.62737E-3 -9999 -9999 -9999 -9999 -9999 -9999 -9999 -9999 -9999 -9999 -9999 -9999 -9999 -9999 -9999 -9999 -9999 -9999 -9999 -9999 -9999
3.40036E-4 2.76652E-4 4.38331E-5 2.19867E-3 1.36526E-4 2.34552E-4 1.64173E-3 3.67607E-4 3.59849E-6 8.8047E-7 7.90535E-6 5.19986E-5 6.16812E-4 4.00509E-4 1.97231E-3 8.36649E-3 4.92397E-3 1.2051E-3 6.97373E-4 3.10153E-4 4.24828E-4 8.6944E-4 1.37405E-3 1.52085E-3 1.0172E-3 9.38109E-4 1.2775E-3 1.32943E-3 1.38563E-3 1.308E-3 1.13702E-3 1.05449E-3 9.14014E-4 1.06207E-3 1.25858E-3 1.23521E-3 1.26032E-3 1.15122E-3 1.06815E-3 1.186E-3 1.1626E-3 1.25236E-3 1.50501E-3 1.8993E-3 -9999 -9999 -9999 -9999 -9999 -9999 -9999 -9999 -9999 -9999 -9999 -9999 -9999 -9999 -9999 -9999 -9999 -9999 -9999 -9999 -9999 -9999
2.30882E-4 3.86749E-5 2.81857E-5 2.68632E-4 1.14162E-4 1.305E-3 8.742E-4 6.1147E-5 8.82035E-6 2.49199E-7 1.21714E-5 3.30802E-5 3.06511E-3 2.81019E-4 1.95813E-4 1.01225E-3 1.28508E-3 1.94838E-3 2.34884E-3 9.09489E-4 6.45223E-4 7.41109E-4 1.3927E-3 1.51416E-3 1.33572E-3 1.25395E-3 1.21803E-3 1.14906E-3 1.13123E-3 1.24486E-3 1.34381E-3 1.23467E-3 1.24098E-3 1.06101E-3 8.61567E-4 8.56541E-4 8.86523E-4 9.38065E-4 8.3943E-4 1.00527E-3 1.01377E-3 9.41231E-4 1.27563E-3 1.7997E-3 -9999 -9999 -9999 -9999 -9999 -9999 -9999 -9999 -9999 -9999 -9999 -9999 -9999 -9999 -9999 -9999 -9999 -9999 -9999 -9999 -9999 -9999
4.6368E-4 1.24946E-4 1.68968E-4 3.81373E-4 7.42925E-5 -9999 1.42454E-4 7.14593E-5 3.14452E-6 1.99608E-6 1.15502E-4 2.55234E-4 9.0837E-3 8.82394E-3 1.27344E-3 2.04397E-4 3.32269E-4 5.85155E-4 8.07528E-4 1.71476E-3 1.39839E-3 1.01239E-3 1.50664E-3 1.55248E-3 1.47118E-3 1.26286E-3 1.18429E-3 1.15555E-3 1.15736E-3 1.2206E-3 1.17182E-3 1.26102E-3 1.30976E-3 1.21654E-3 1.39795E-3 1.23437E-3 1.07729E-3 9.9374E-4 1.11874E-3 1.25511E-3 1.34591E-3 1.3246E-3 1.35901E-3 1.61322E-3 -9999 -9999 -9999 -9999 -9999 -9999 -9999 -9999 -9999 -9999 -9999 -9999 -9999 -9999 -9999 -9999 -9999 -9999 -9999 -9999 -9999 -9999
1.60561E-3 1.00974E-4 2.55354E-5 3.85603E-4 2.94163E-4 -9999 8.15924E-4 1.19074E-4 3.18012E-6 1.11193E-5 4.80776E-5 6.09073E-4 2.31721E-2 2.70285E-2 1.37723E-2 5.93607E-3 2.48675E-3 9.84611E-4 6.87825E-4 9.34506E-4 1.34309E-3 1.47695E-3 1.44796E-3 1.42066E-3 1.31768E-3 1.27064E-3 1.20047E-3 1.25119E-3 1.22248E-3 1.23906E-3 1.21165E-3 1.1994E-3 1.16199E-3 1.23001E-3 1.18992E-3 1.23686E-3 1.225E-3 1.17886E-3 1.26608E-3 3.24426E-4 4.23375E-4 1.15144E-3 1.22794E-3 -9999 -9999 -9999 -9999 -9999 -9999 -9999 -9999 -9999 -9999 -9999 -9999 -9999 -9999 -9999 -9999 -9999 -9999 -9999 -9999 -9999 -9999 -9999
