Leopardus emiliae/Leopardus_emiliae_projection 2041-2060_novel.asc
ncols         515
nrows         545
xllcorner     -119.0
yllcorner     -58.333333333333
cellsize      0.166666666667
NODATA_value  -9999
[rows 330 to 359 of 545, columns 268 to 334 of 515]
-9999 -9999 -9999 -9999 -9999 -9999 -9999 -9999 -9999 -9999 -9999 -9999 -9999 -9999 -9999 -9999 -9999 -9999 -9999 -9999 -9999 -9999 -9999 -9999 -9999 2.17671E-1 2.17671E-1 3.36401E-1 5.14495E-1 6.33224E-1 9.89413E-1 1.3456E0 1.54348E0 6.33224E-1 1.76116E0 8.70684E-1 5.93648E-1 6.33224E-1 1.58306E-1 7.91531E-2 9.1026E-1 5.14495E-1 3.56189E-1 5.93648E-2 3.75977E-1 5.7386E-1 4.74918E-1 2.51311E0 2.67142E0 2.77036E0 4.2149E0 4.2149E0 4.2149E0 3.28485E0 3.70041E0 5.8969E0 1.12991E1 2.17671E1 2.82774E1 1.64045E1 1.22885E1 1.32383E1 1.37528E1 6.58949E0 3.06718E0 3.06718E0 3.06718E0
-9999 -9999 -9999 -9999 -9999 -9999 -9999 -9999 -9999 -9999 -9999 -9999 -9999 -9999 -9999 -9999 -9999 -9999 -9999 -9999 -9999 -9999 -9999 -9999 -9999 2.17671E-1 2.17671E-1 3.36401E-1 5.14495E-1 6.33224E-1 9.89413E-1 1.38518E0 1.60285E0 1.0092E0 1.40497E0 1.14772E0 1.20708E0 9.69625E-1 6.53013E-1 6.53013E-1 9.89413E-2 1.1873E-1 1.58306E-1 2.96824E-1 3.36401E-1 6.72801E-1 6.33224E-1 1.682E0 2.3548E0 3.44316E0 4.13575E0 4.2149E0 4.2149E0 3.40358E0 5.16474E0 8.05382E0 1.35352E1 2.55269E1 2.09558E1 1.308E1 6.58949E0 1.24666E1 6.58949E0 3.06718E0 3.06718E0 3.06718E0 3.06718E0
-9999 -9999 -9999 -9999 -9999 -9999 -9999 -9999 -9999 -9999 -9999 -9999 -9999 -9999 -9999 -9999 -9999 -9999 -9999 -9999 -9999 -9999 -9999 -9999 -9999 2.17671E-1 2.17671E-1 3.36401E-1 5.14495E-1 6.33224E-1 9.89413E-1 1.3456E0 1.46433E0 1.74137E0 1.78094E0 1.72158E0 1.8601E0 1.80073E0 1.28624E0 2.37459E-1 1.1873E-1 8.90472E-1 1.12793E0 3.75977E-1 2.37459E-1 1.10814E0 2.57247E-1 1.28624E0 1.72158E0 3.48273E0 3.75977E0 4.2149E0 4.2149E0 4.2149E0 3.52231E0 6.58949E0 9.65667E0 2.67142E1 2.16879E1 6.58949E0 1.308E1 6.58949E0 6.58949E0 3.06718E0 3.06718E0 3.06718E0 3.06718E0
-9999 -9999 -9999 -9999 -9999 -9999 -9999 -9999 -9999 -9999 -9999 -9999 -9999 -9999 -9999 -9999 -9999 -9999 -9999 -9999 -9999 -9999 -9999 -9999 2.17671E-1 2.17671E-1 2.17671E-1 3.36401E-1 5.14495E-1 6.33224E-1 9.89413E-1 1.3456E0 1.54348E0 1.72158E0 1.74137E0 1.97883E0 2.17671E0 2.17671E0 1.54348E0 2.37459E-1 1.58306E-1 9.69625E-1 1.36539E0 1.0092E0 1.20708E0 2.03819E0 2.67142E0 2.23607E0 3.12655E0 3.32443E0 4.2149E0 3.91808E0 4.19511E0 4.2149E0 3.85871E0 2.90887E0 8.72663E0 2.41813E1 2.39042E1 6.58949E0 6.58949E0 6.58949E0 3.06718E0 3.06718E0 3.06718E0 3.06718E0 3.06718E0
-9999 -9999 -9999 -9999 -9999 -9999 -9999 -9999 -9999 -9999 -9999 -9999 -9999 -9999 -9999 -9999 -9999 -9999 -9999 -9999 -9999 -9999 -9999 5.14495E-1 2.17671E-1 2.17671E-1 2.17671E-1 3.36401E-1 5.14495E-1 6.33224E-1 1.1873E0 1.38518E0 1.54348E0 1.72158E0 1.72158E0 1.80073E0 2.17671E0 2.17671E0 1.80073E0 1.66221E0 1.38518E-1 6.72801E-1 1.80073E0 1.93925E0 1.80073E0 2.17671E0 2.37459E0 3.10676E0 3.5421E0 3.56189E0 4.2149E0 3.60146E0 4.2149E0 4.2149E0 5.16474E0 2.55269E0 7.93509E0 2.40032E1 2.39636E1 6.58949E0 6.58949E0 6.58949E0 3.06718E0 3.06718E0 3.06718E0 3.06718E0 3.06718E0
-9999 -9999 -9999 -9999 -9999 -9999 -9999 -9999 -9999 -9999 -9999 -9999 -9999 -9999 -9999 -9999 -9999 -9999 -9999 -9999 -9999 -9999 -9999 3.36401E-1 2.17671E-1 2.17671E-1 2.17671E-1 3.36401E-1 5.14495E-1 6.33224E-1 9.89413E-1 1.3456E0 1.42476E0 1.60285E0 1.70179E0 1.80073E0 2.13713E0 2.17671E0 2.17671E0 1.04878E0 1.40497E0 1.20708E0 1.02899E0 1.95904E0 1.95904E0 3.14633E0 3.14633E0 3.04739E0 3.56189E0 3.79935E0 4.2149E0 4.2149E0 2.77036E0 5.16474E0 5.16474E0 6.64886E0 9.71604E0 2.23805E1 2.12328E1 6.58949E0 6.58949E0 3.06718E0 3.06718E0 3.06718E0 3.06718E0 3.06718E0 3.06718E0
-9999 -9999 -9999 -9999 -9999 -9999 -9999 -9999 -9999 -9999 -9999 -9999 -9999 -9999 -9999 -9999 -9999 -9999 -9999 -9999 -9999 -9999 -9999 -9999 2.17671E-1 2.17671E-1 2.17671E-1 3.36401E-1 5.14495E-1 6.33224E-1 9.89413E-1 1.3456E0 1.38518E0 1.46433E0 1.70179E0 1.78094E0 2.03819E0 2.17671E0 2.17671E0 1.0092E0 9.89413E-1 9.89413E-1 1.28624E0 1.42476E0 2.17671E0 2.17671E0 2.59226E0 3.04739E0 3.38379E0 4.11596E0 5.16474E0 4.2149E0 3.60146E0 5.16474E0 5.63966E0 1.30207E1 1.34362E1 2.02038E1 2.02632E1 6.58949E0 6.58949E0 6.58949E0 6.58949E0 6.58949E0 3.06718E0 3.06718E0 3.06718E0
-9999 -9999 -9999 -9999 -9999 -9999 -9999 -9999 -9999 -9999 -9999 -9999 -9999 -9999 -9999 -9999 -9999 -9999 -9999 -9999 -9999 -9999 -9999 -9999 2.17671E-1 2.17671E-1 2.17671E-1 3.36401E-1 5.14495E-1 6.33224E-1 9.89413E-1 1.3456E0 1.38518E0 1.54348E0 1.60285E0 1.78094E0 1.97883E0 2.17671E0 2.65163E0 1.28624E0 3.95765E-2 7.32166E-1 1.93925E0 1.8601E0 1.32581E0 3.04739E0 2.17671E0 3.04739E0 3.04739E0 6.45097E0 5.16474E0 4.2149E0 4.2149E0 5.16474E0 8.4298E0 2.07975E1 2.31325E1 1.7572E1 1.51182E1 1.58702E1 6.58949E0 6.58949E0 6.58949E0 6.58949E0 3.06718E0 3.06718E0 3.06718E0
-9999 -9999 -9999 -9999 -9999 -9999 -9999 -9999 -9999 -9999 -9999 -9999 -9999 -9999 -9999 -9999 -9999 -9999 -9999 -9999 -9999 -9999 -9999 2.17671E-1 2.17671E-1 2.17671E-1 2.17671E-1 3.36401E-1 5.14495E-1 6.33224E-1 9.89413E-1 1.3456E0 1.3456E0 1.46433E0 1.60285E0 1.78094E0 1.97883E0 2.17671E0 2.82972E0 2.71099E0 1.3456E0 1.26645E0 2.80993E0 2.17671E0 2.11734E0 2.17671E0 2.07777E0 3.04739E0 3.85871E0 3.75977E0 3.44316E0 3.52231E0 5.16474E0 9.83477E0 1.60879E1 2.06194E1 1.93529E1 1.43465E1 1.37528E1 1.7572E1 1.51182E1 1.43465E1 6.58949E0 6.58949E0 6.58949E0 3.06718E0 3.06718E0
-9999 -9999 -9999 -9999 -9999 -9999 -9999 -9999 -9999 -9999 -9999 -9999 -9999 -9999 -9999 -9999 -9999 -9999 -9999 -9999 -9999 -9999 -9999 2.17671E-1 2.17671E-1 2.17671E-1 2.17671E-1 2.17671E-1 5.14495E-1 6.33224E-1 9.1026E-1 1.28624E0 1.42476E0 1.46433E0 1.60285E0 1.80073E0 1.89967E0 2.41417E0 1.20708E0 1.8601E0 2.17671E0 1.3456E0 2.07777E0 2.17671E0 2.17671E0 2.17671E0 8.90472E-1 1.56327E0 3.04739E0 2.96824E0 4.2149E0 1.3456E0 6.21352E0 1.43465E1 1.682E1 1.96893E1 1.65826E1 1.33373E1 1.43465E1 2.02632E1 1.58702E1 1.33373E1 6.58949E0 6.58949E0 6.58949E0 6.58949E0 3.06718E0
-9999 -9999 -9999 -9999 -9999 -9999 -9999 -9999 -9999 -9999 -9999 -9999 -9999 -9999 -9999 -9999 -9999 -9999 -9999 -9999 -9999 -9999 -9999 2.17671E-1 3.36401E-1 3.36401E-1 3.36401E-1 3.36401E-1 5.14495E-1 6.33224E-1 9.89413E-1 1.3456E0 1.42476E0 1.46433E0 1.80073E0 1.78094E0 2.03819E0 2.57247E-1 2.73078E0 2.05798E0 2.17671E0 2.71099E0 2.17671E0 2.17671E0 2.17671E0 7.91531E-2 5.14495E-1 1.97883E0 3.66083E0 3.70041E0 4.2149E0 3.14633E0 3.75977E0 1.49006E1 1.71366E1 1.85416E1 1.43465E1 1.17542E1 1.37528E1 1.84229E1 1.33373E1 1.09231E1 6.58949E0 6.58949E0 6.58949E0 6.58949E0 3.06718E0
-9999 -9999 -9999 -9999 -9999 -9999 -9999 -9999 -9999 -9999 -9999 -9999 -9999 -9999 -9999 -9999 -9999 -9999 -9999 -9999 -9999 -9999 -9999 3.36401E-1 5.14495E-1 5.14495E-1 5.14495E-1 5.14495E-1 6.33224E-1 6.33224E-1 9.89413E-1 1.3456E0 1.38518E0 1.46433E0 1.97883E0 2.13713E0 2.41417E0 6.13436E-1 2.17671E0 2.17671E0 3.16612E0 2.17671E0 2.55269E0 4.2149E0 2.6912E0 8.50895E-1 1.682E0 1.08835E0 1.20708E0 2.1965E0 4.2149E0 4.29405E0 4.09617E0 1.37726E1 1.66815E1 1.37528E1 1.17542E1 1.03295E1 1.33373E1 1.51182E1 1.03295E1 6.58949E0 6.58949E0 6.58949E0 6.58949E0 6.58949E0 6.58949E0
-9999 -9999 -9999 -9999 -9999 -9999 -9999 -9999 -9999 -9999 -9999 -9999 -9999 -9999 -9999 -9999 -9999 -9999 -9999 -9999 -9999 -9999 -9999 5.14495E-1 5.14495E-1 5.14495E-1 6.33224E-1 7.71742E-1 7.71742E-1 6.33224E-1 1.28624E0 1.3456E0 1.38518E0 1.54348E0 1.84031E0 6.72801E-1 2.41417E0 1.32581E0 2.17671E0 2.92866E0 3.64104E0 3.64104E0 3.04739E0 3.04739E0 2.71099E0 2.17671E0 2.17671E0 3.95765E-1 2.23607E0 1.89967E0 4.2149E0 4.2149E0 7.4206E0 1.37528E1 1.51182E1 1.09231E1 9.83477E0 1.17542E1 1.51182E1 1.09231E1 9.18176E0 6.58949E0 6.58949E0 6.58949E0 6.58949E0 6.58949E0 6.58949E0
-9999 -9999 -9999 -9999 -9999 -9999 -9999 -9999 -9999 -9999 -9999 -9999 -9999 -9999 -9999 -9999 -9999 -9999 -9999 -9999 -9999 -9999 -9999 5.14495E-1 5.14495E-1 5.14495E-1 5.14495E-1 7.71742E-1 6.33224E-1 7.71742E-1 1.28624E0 1.38518E0 1.38518E0 1.70179E0 1.1873E-1 1.42476E0 2.33502E0 2.27565E0 2.96824E0 4.13575E0 3.40358E0 2.17671E0 2.94845E0 2.17671E0 4.25448E0 2.17671E0 2.17671E0 7.91531E-2 4.13575E0 5.0658E0 4.2149E0 5.16474E0 9.83477E0 1.17542E1 1.33373E1 9.83477E0 1.09231E1 1.37528E1 1.09231E1 9.83477E0 9.18176E0 6.58949E0 3.06718E0 6.58949E0 6.58949E0 6.58949E0 6.58949E0
-9999 -9999 -9999 -9999 -9999 -9999 -9999 -9999 -9999 -9999 -9999 -9999 -9999 -9999 -9999 -9999 -9999 -9999 -9999 -9999 -9999 -9999 -9999 8.50895E-1 5.14495E-1 5.14495E-1 6.33224E-1 6.33224E-1 6.33224E-1 7.71742E-1 1.28624E0 1.42476E0 1.46433E0 1.76116E0 1.64243E0 1.20708E0 2.33502E0 2.47353E0 2.65163E0 3.64104E0 3.48273E0 2.17671E0 2.94845E0 2.17671E0 1.70179E0 2.17671E0 1.02899E0 1.1873E-1 4.82834E0 3.2057E0 5.16474E0 6.7478E0 9.18176E0 1.03295E1 1.17542E1 9.83477E0 9.83477E0 1.17542E1 1.03295E1 9.83477E0 6.58949E0 6.58949E0 3.06718E0 6.58949E0 6.58949E0 6.58949E0 6.58949E0
-9999 -9999 -9999 -9999 -9999 -9999 -9999 -9999 -9999 -9999 -9999 -9999 -9999 -9999 -9999 -9999 -9999 -9999 -9999 -9999 -9999 -9999 -9999 8.50895E-1 7.71742E-1 7.71742E-1 8.50895E-1 6.33224E-1 6.33224E-1 9.1026E-1 1.46433E0 1.54348E0 1.46433E0 1.72158E0 2.13713E0 2.57247E-1 2.07777E0 2.33502E0 2.21629E0 2.82972E0 3.16612E0 2.17671E0 2.17671E0 2.17671E0 1.30603E0 2.71099E0 1.58306E-1 3.56189E0 3.60146E0 3.04739E0 4.2149E0 6.7478E0 8.05382E0 8.05382E0 9.83477E0 9.83477E0 1.03295E1 1.03295E1 9.83477E0 9.18176E0 6.58949E0 6.58949E0 6.58949E0 6.58949E0 6.58949E0 6.58949E0 6.58949E0
-9999 -9999 -9999 -9999 -9999 -9999 -9999 -9999 -9999 -9999 -9999 -9999 -9999 -9999 -9999 -9999 -9999 -9999 -9999 -9999 -9999 -9999 -9999 -9999 8.50895E-1 8.50895E-1 8.50895E-1 8.50895E-1 7.71742E-1 9.89413E-1 1.46433E0 1.60285E0 1.54348E0 1.70179E0 3.95765E-1 3.75977E-1 1.26645E0 2.33502E0 9.89413E-1 2.25586E0 1.89967E0 3.04739E0 2.96824E0 3.04739E0 2.77036E0 2.23607E0 1.26645E0 2.17671E0 2.98803E0 3.04739E0 3.83892E0 5.16474E0 6.7478E0 7.4206E0 8.05382E0 9.83477E0 1.03295E1 1.09231E1 9.18176E0 9.83477E0 1.03295E1 6.58949E0 6.58949E0 6.58949E0 6.58949E0 6.58949E0 6.58949E0
-9999 -9999 -9999 -9999 -9999 -9999 -9999 -9999 -9999 -9999 -9999 -9999 -9999 -9999 -9999 -9999 -9999 -9999 -9999 -9999 -9999 -9999 -9999 -9999 6.33224E-1 8.50895E-1 8.50895E-1 8.50895E-1 7.71742E-1 9.1026E-1 1.3456E0 1.54348E0 1.76116E0 1.76116E0 6.53013E-1 1.26645E0 5.14495E-1 1.10814E0 8.31107E-1 1.26645E0 2.84951E0 3.04739E0 1.91946E0 3.52231E0 3.04739E0 1.28624E0 2.23607E0 2.17671E0 2.8693E0 3.04739E0 3.04739E0 5.16474E0 5.8969E0 6.7478E0 6.7478E0 9.18176E0 1.26249E1 1.09231E1 1.03295E1 1.09231E1 1.03295E1 1.17542E1 6.58949E0 6.58949E0 6.58949E0 6.58949E0 6.58949E0
-9999 -9999 -9999 -9999 -9999 -9999 -9999 -9999 -9999 -9999 -9999 -9999 -9999 -9999 -9999 -9999 -9999 -9999 -9999 -9999 -9999 -9999 8.50895E-1 6.33224E-1 6.33224E-1 7.71742E-1 8.50895E-1 8.50895E-1 7.71742E-1 9.89413E-1 1.38518E0 1.70179E0 1.54348E0 1.89967E0 1.08835E0 2.13713E0 1.64243E0 9.89413E-1 3.95765E-2 1.89967E0 2.17671E0 9.89413E-1 1.56327E0 1.30603E0 2.05798E0 1.76116E0 4.2149E0 2.17671E0 2.8693E0 2.92866E0 3.04739E0 4.2149E0 5.16474E0 5.8969E0 5.8969E0 9.18176E0 1.33373E1 1.17542E1 1.17542E1 1.17542E1 1.09231E1 1.09231E1 6.58949E0 6.58949E0 6.58949E0 6.58949E0 6.58949E0
-9999 -9999 -9999 -9999 -9999 -9999 -9999 -9999 -9999 -9999 -9999 -9999 -9999 -9999 -9999 -9999 -9999 -9999 -9999 -9999 -9999 -9999 8.50895E-1 6.33224E-1 6.33224E-1 7.71742E-1 8.50895E-1 8.50895E-1 7.71742E-1 9.1026E-1 1.3456E0 1.72158E0 1.60285E0 1.89967E0 2.03819E0 1.50391E0 1.8601E0 2.41417E0 2.31523E0 2.17671E0 1.80073E0 1.3456E0 1.26645E0 3.36401E-1 6.72801E-1 1.70179E0 2.94845E0 3.04739E0 3.04739E0 2.63184E0 2.75057E0 3.04739E0 5.16474E0 5.8969E0 6.7478E0 9.83477E0 1.17542E1 1.17542E1 1.17542E1 1.09231E1 1.17542E1 1.17542E1 6.58949E0 6.58949E0 6.58949E0 6.58949E0 6.58949E0
-9999 -9999 -9999 -9999 -9999 -9999 -9999 -9999 -9999 -9999 -9999 -9999 -9999 -9999 -9999 -9999 -9999 -9999 -9999 -9999 -9999 -9999 8.50895E-1 6.33224E-1 6.33224E-1 7.71742E-1 7.71742E-1 8.50895E-1 9.1026E-1 9.89413E-1 1.38518E0 1.70179E0 1.76116E0 1.97883E0 1.28624E0 1.26645E0 2.23607E0 2.33502E0 2.33502E0 2.17671E0 2.41417E0 2.17671E0 1.95904E0 7.91531E-2 5.93648E-2 1.12793E0 1.3456E0 3.83892E0 3.04739E0 3.04739E0 2.92866E0 3.04739E0 5.8969E0 6.7478E0 8.05382E0 9.18176E0 1.09231E1 1.26249E1 1.17542E1 1.09231E1 1.17542E1 6.58949E0 6.58949E0 6.58949E0 6.58949E0 6.58949E0 6.58949E0
-9999 -9999 -9999 -9999 -9999 -9999 -9999 -9999 -9999 -9999 -9999 -9999 -9999 -9999 -9999 -9999 -9999 -9999 -9999 -9999 -9999 -9999 8.50895E-1 8.50895E-1 7.71742E-1 7.71742E-1 7.71742E-1 8.50895E-1 7.71742E-1 1.1873E0 1.42476E0 1.54348E0 1.58306E0 1.42476E0 4.5513E-1 3.75977E-1 1.0092E0 2.61205E0 2.61205E0 1.87989E0 3.04739E0 2.17671E0 2.27565E0 3.75977E-1 1.1873E-1 5.54071E-1 1.682E0 4.84812E0 3.52231E0 5.16474E0 3.04739E0 4.2149E0 8.05382E0 8.70684E0 8.05382E0 8.70684E0 1.03295E1 1.17542E1 1.09231E1 1.09231E1 1.17542E1 6.58949E0 6.58949E0 6.58949E0 6.58949E0 6.58949E0 3.06718E0
-9999 -9999 -9999 -9999 -9999 -9999 -9999 -9999 -9999 -9999 -9999 -9999 -9999 -9999 -9999 -9999 -9999 -9999 -9999 -9999 -9999 -9999 8.50895E-1 8.50895E-1 7.71742E-1 7.71742E-1 8.50895E-1 8.50895E-1 9.89413E-1 1.3456E0 1.38518E0 1.42476E0 1.78094E0 6.33224E-1 1.02899E0 2.37459E-1 5.93648E-2 2.5329E0 2.73078E0 2.96824E0 3.04739E0 2.17671E0 3.04739E0 1.26645E0 1.58306E0 1.89967E0 1.02899E0 1.8601E0 2.55269E0 5.16474E0 3.83892E0 5.16474E0 9.83477E0 9.83477E0 8.05382E0 1.03295E1 1.33373E1 1.26249E1 1.17542E1 1.09231E1 1.17542E1 1.26249E1 6.58949E0 6.58949E0 6.58949E0 6.58949E0 3.06718E0
-9999 -9999 -9999 -9999 -9999 -9999 -9999 -9999 -9999 -9999 -9999 -9999 -9999 -9999 -9999 -9999 -9999 -9999 -9999 -9999 -9999 -9999 8.50895E-1 8.50895E-1 8.50895E-1 7.71742E-1 8.50895E-1 8.50895E-1 9.89413E-1 1.3456E0 1.46433E0 1.54348E0 1.97883E0 8.90472E-1 1.1873E-1 3.95765E-2 4.74918E-1 2.82972E0 1.24666E0 3.48273E0 3.04739E0 2.17671E0 4.2149E0 2.96824E-1 3.56189E0 4.05659E0 3.28485E0 1.76116E0 5.16474E0 5.16474E0 5.16474E0 5.16474E0 1.26249E1 1.37528E1 1.03295E1 1.58702E1 1.51182E1 1.37528E1 1.26249E1 1.17542E1 1.17542E1 1.26249E1 6.58949E0 6.58949E0 6.58949E0 3.06718E0 3.06718E0
-9999 -9999 -9999 -9999 -9999 -9999 -9999 -9999 -9999 -9999 -9999 -9999 -9999 -9999 -9999 -9999 -9999 -9999 -9999 -9999 -9999 -9999 8.50895E-1 8.50895E-1 8.50895E-1 8.50895E-1 8.50895E-1 9.89413E-1 1.38518E0 1.46433E0 1.78094E0 1.72158E0 2.03819E0 6.33224E-1 3.95765E-2 7.91531E-2 1.3456E0 1.58306E0 3.75977E-1 3.56189E0 3.99723E0 4.31384E0 4.2149E0 1.58306E-1 5.16474E0 5.16474E0 2.73078E0 5.16474E0 5.16474E0 5.16474E0 5.16474E0 5.75839E0 1.33373E1 2.12328E1 1.84229E1 1.93529E1 1.65826E1 1.51182E1 1.33373E1 1.26249E1 6.58949E0 6.58949E0 6.58949E0 6.58949E0 6.58949E0 3.06718E0 3.06718E0
-9999 -9999 -9999 -9999 -9999 -9999 -9999 -9999 -9999 -9999 -9999 -9999 -9999 -9999 -9999 -9999 -9999 -9999 -9999 -9999 -9999 -9999 8.50895E-1 8.50895E-1 8.50895E-1 8.50895E-1 8.50895E-1 9.89413E-1 1.3456E0 1.46433E0 1.93925E0 1.89967E0 1.80073E0 6.33224E-1 1.1873E-1 7.91531E-2 1.1873E-1 7.91531E-2 1.30603E0 2.41417E0 3.77956E0 3.68062E0 4.23469E0 3.93786E0 5.16474E0 5.81775E0 3.28485E0 3.83892E0 5.16474E0 5.16474E0 5.8969E0 6.60928E0 1.29217E1 2.5606E1 3.39962E1 2.39636E1 1.84229E1 1.43465E1 1.37528E1 6.58949E0 6.58949E0 6.58949E0 6.58949E0 6.58949E0 6.58949E0 6.58949E0 3.06718E0
-9999 -9999 -9999 -9999 -9999 -9999 -9999 -9999 -9999 -9999 -9999 -9999 -9999 -9999 -9999 -9999 -9999 -9999 -9999 -9999 -9999 8.50895E-1 8.50895E-1 8.50895E-1 8.50895E-1 8.50895E-1 8.50895E-1 9.89413E-1 1.3456E0 1.54348E0 1.89967E0 1.89967E0 1.10814E0 5.54071E-1 2.37459E-1 3.95765E-1 3.75977E-1 1.89967E0 2.77036E0 5.14495E0 2.23607E0 2.05798E0 2.59226E0 3.85871E0 5.8969E0 5.8969E0 5.8969E0 5.16474E0 5.16474E0 5.16474E0 3.68062E0 9.51816E0 1.7196E1 3.78747E1 3.13248E1 3.13248E1 2.22816E1 1.43465E1 6.58949E0 6.58949E0 6.58949E0 6.58949E0 6.58949E0 6.58949E0 6.58949E0 6.58949E0 3.06718E0
-9999 -9999 -9999 -9999 -9999 -9999 -9999 -9999 -9999 -9999 -9999 -9999 -9999 -9999 -9999 -9999 -9999 -9999 -9999 -9999 -9999 8.70684E-1 8.50895E-1 8.50895E-1 8.50895E-1 8.50895E-1 8.50895E-1 1.1873E0 1.3456E0 1.54348E0 2.03819E0 2.13713E0 1.08835E0 1.97883E-2 -5.87048E-1 3.95765E-2 3.36401E-1 2.23607E0 5.28347E0 4.5513E0 6.43119E0 4.05659E0 3.8785E0 5.8969E0 5.8969E0 5.8969E0 5.16474E0 5.16474E0 5.16474E0 6.21352E0 6.15415E0 1.91155E1 3.78747E1 2.04017E1 2.04017E1 2.04017E1 2.04017E1 1.7572E1 6.58949E0 6.58949E0 6.58949E0 6.58949E0 6.58949E0 6.58949E0 6.58949E0 6.58949E0 6.58949E0
-9999 -9999 -9999 -9999 -9999 -9999 -9999 -9999 -9999 -9999 -9999 -9999 -9999 -9999 -9999 -9999 -9999 -9999 -9999 -9999 -9999 8.50895E-1 8.50895E-1 8.50895E-1 8.50895E-1 8.50895E-1 8.50895E-1 1.3456E0 1.38518E0 1.78094E0 2.23607E0 1.32581E0 6.72801E-1 2.96824E-1 -1.02733E0 1.1873E-1 1.38518E0 2.84951E0 5.79796E0 4.5513E0 5.87711E0 5.16474E0 4.09617E0 5.8969E0 7.4206E0 5.8969E0 5.16474E0 5.16474E0 6.7478E0 3.48273E0 1.74928E1 3.13248E1 2.04017E1 2.04017E1 2.04017E1 2.04017E1 2.04017E1 2.04017E1 6.58949E0 6.58949E0 6.58949E0 6.58949E0 6.58949E0 6.58949E0 6.58949E0 6.58949E0 6.58949E0
-9999 -9999 -9999 -9999 -9999 -9999 -9999 -9999 -9999 -9999 -9999 -9999 -9999 -9999 -9999 -9999 -9999 -9999 -9999 -9999 -9999 8.50895E-1 8.50895E-1 8.50895E-1 8.50895E-1 8.50895E-1 1.14772E0 1.3456E0 1.76116E0 1.80073E0 1.58306E0 1.14772E0 3.36401E-1 9.30048E-1 4.74918E-1 2.57247E-1 2.51311E0 3.75977E0 7.16335E0 5.46156E0 7.26229E0 5.8969E0 3.38379E0 7.4206E0 8.05382E0 6.7478E0 6.7478E0 7.4206E0 7.69764E0 9.12239E0 2.10943E1 2.04017E1 2.04017E1 2.04017E1 2.04017E1 2.04017E1 2.04017E1 6.58949E0 6.58949E0 6.58949E0 6.58949E0 6.58949E0 6.58949E0 6.58949E0 6.58949E0 6.58949E0 6.58949E0
