Leopardus emiliae/Leopardus_emiliae.asc
ncols         515
nrows         545
xllcorner     -119.0
yllcorner     -58.333333333333
cellsize      0.166666666667
NODATA_value  -9999
[rows 377 to 405 of 545, columns 264 to 329 of 515]
-9999 -9999 -9999 -9999 -9999 -9999 -9999 -9999 -9999 -9999 -9999 -9999 -9999 -9999 -9999 -9999 -9999 -9999 -9999 6.81106E-2 4.44904E-2 3.11464E-2 1.83462E-2 1.1011E-2 4.00397E-3 1.58599E-3 1.24512E-4 1.21602E-5 3.10202E-6 1.4782E-6 1.11158E-6 8.50884E-8 7.72127E-6 9.57064E-5 4.39157E-4 2.40331E-4 1.64094E-4 1.32333E-3 1.12102E-3 8.28439E-4 8.99761E-4 9.78648E-4 7.26468E-4 1.21362E-3 1.11235E-3 1.86104E-3 1.86725E-3 2.90752E-3 2.18466E-3 3.17582E-3 4.49369E-3 3.69077E-3 6.57157E-3 6.55979E-3 4.67477E-3 7.44132E-3 5.62727E-3 5.01524E-3 1.00091E-2 7.7899E-3 1.21864E-2 1.10763E-2 1.04242E-2 7.84236E-3 5.44729E-3 7.99539E-3
-9999 -9999 -9999 -9999 -9999 -9999 -9999 -9999 -9999 -9999 -9999 -9999 -9999 -9999 -9999 -9999 -9999 -9999 -9999 5.75048E-2 3.26842E-2 3.48941E-2 2.22356E-2 1.37161E-2 3.96935E-3 5.99876E-4 4.32515E-5 1.1068E-5 3.35892E-6 2.55286E-6 3.61207E-6 2.82862E-7 4.65159E-6 9.11215E-5 2.62927E-4 8.22408E-5 2.24159E-4 1.14637E-3 7.93451E-4 9.9251E-4 7.24074E-4 8.71174E-4 9.14604E-4 1.28176E-3 1.83566E-3 1.32798E-3 2.176E-3 2.78702E-3 2.37791E-3 3.22303E-3 3.66035E-3 3.10015E-3 5.06118E-3 6.40801E-3 4.62473E-3 6.82597E-3 6.37802E-3 1.0544E-2 7.26786E-3 1.03786E-2 1.10851E-2 8.49758E-3 8.92214E-3 4.8345E-3 5.44883E-3 7.93978E-3
-9999 -9999 -9999 -9999 -9999 -9999 -9999 -9999 -9999 -9999 -9999 -9999 -9999 -9999 -9999 -9999 -9999 -9999 -9999 6.58781E-2 4.1164E-2 4.05293E-2 2.63459E-2 1.62485E-2 8.66565E-3 2.77449E-3 4.03492E-4 1.24191E-5 3.54885E-6 4.06574E-6 3.44976E-6 9.19436E-6 3.38105E-5 1.11176E-4 8.50841E-5 7.23245E-5 5.36867E-4 1.03039E-3 8.86549E-4 9.24608E-4 6.77232E-4 8.47339E-4 9.64701E-4 1.08459E-3 1.69774E-3 1.46951E-3 2.1716E-3 2.1056E-3 3.1345E-3 2.72065E-3 3.7122E-3 4.19205E-3 4.35864E-3 6.04164E-3 5.70223E-3 5.85791E-3 5.85272E-3 8.67574E-3 8.67961E-3 7.91417E-3 7.65471E-3 1.13436E-2 5.1773E-3 1.30749E-3 4.82879E-3 5.21179E-3
-9999 -9999 -9999 -9999 -9999 -9999 -9999 -9999 -9999 -9999 -9999 -9999 -9999 -9999 -9999 -9999 -9999 -9999 -9999 7.05608E-2 4.46042E-2 3.30772E-2 2.09166E-2 1.11974E-2 4.03009E-3 2.16419E-3 2.52581E-4 2.06599E-5 3.64784E-6 7.81536E-6 1.25116E-5 1.70718E-5 1.9918E-4 1.66263E-4 5.88727E-5 2.83952E-5 4.49504E-4 5.58821E-4 6.16483E-4 4.83636E-4 6.91451E-4 8.37833E-4 5.86185E-4 9.52235E-4 1.95466E-3 1.34449E-3 2.84139E-3 2.05756E-3 2.88047E-3 3.40874E-3 3.92531E-3 3.66192E-3 5.25511E-3 5.68497E-3 3.93257E-3 5.76319E-3 5.62676E-3 6.71431E-3 6.71896E-3 5.78881E-3 6.20626E-3 5.11224E-3 4.02785E-3 9.90866E-4 5.25432E-3 5.71101E-3
-9999 -9999 -9999 -9999 -9999 -9999 -9999 -9999 -9999 -9999 -9999 -9999 -9999 -9999 -9999 -9999 -9999 -9999 -9999 -9999 3.77678E-2 2.05E-2 8.87916E-3 1.1315E-2 5.13471E-3 8.37697E-4 1.46089E-4 1.31323E-5 3.60517E-6 4.88143E-6 1.32246E-6 4.46427E-6 3.25629E-4 2.72139E-4 4.83928E-5 4.30574E-5 1.29604E-4 8.78662E-4 9.4509E-4 4.68063E-4 5.98386E-4 1.10288E-3 1.13215E-3 8.34028E-4 1.37506E-3 5.83642E-4 2.55763E-3 3.00406E-3 3.07314E-3 3.06084E-3 2.88602E-3 3.33522E-3 5.34038E-3 5.18086E-3 5.16113E-3 5.10985E-3 7.10424E-3 4.42877E-3 4.52375E-3 3.66857E-3 1.76823E-3 1.52003E-3 1.859E-3 1.95992E-3 4.76416E-3 7.81803E-3
-9999 -9999 -9999 -9999 -9999 -9999 -9999 -9999 -9999 -9999 -9999 -9999 -9999 -9999 -9999 -9999 -9999 -9999 -9999 -9999 3.87456E-2 1.4435E-2 9.98476E-3 6.43258E-3 1.68387E-3 7.08519E-5 1.53352E-5 7.74185E-6 2.04532E-6 8.72466E-7 7.55168E-7 4.70009E-6 2.29928E-4 4.14433E-4 1.83636E-4 1.94651E-4 9.95184E-5 6.36003E-4 5.35339E-4 8.72751E-4 7.85725E-4 8.94515E-4 1.01868E-4 1.42925E-3 1.16147E-3 1.3577E-3 2.05887E-3 2.17905E-3 3.17094E-3 3.69326E-3 4.86372E-3 4.41254E-3 4.98732E-3 4.769E-3 4.8689E-3 4.86772E-3 6.36629E-3 3.46503E-3 2.1224E-3 2.94568E-3 7.49663E-4 3.71194E-4 2.00576E-3 3.62604E-3 6.6929E-3 5.80365E-3
-9999 -9999 -9999 -9999 -9999 -9999 -9999 -9999 -9999 -9999 -9999 -9999 -9999 -9999 -9999 -9999 -9999 -9999 -9999 -9999 6.59275E-2 2.7235E-2 1.04948E-2 6.32353E-3 1.13439E-3 5.52275E-5 9.27358E-6 7.48625E-6 2.25732E-6 5.19009E-7 6.71891E-7 3.38749E-5 2.46562E-4 3.06297E-4 2.03906E-5 1.72276E-4 3.15123E-4 8.0961E-4 5.1882E-4 4.39781E-4 7.16604E-4 7.27075E-4 3.127E-4 1.34362E-3 9.74645E-4 1.34894E-3 2.61626E-3 1.56536E-3 2.12125E-3 2.8522E-3 3.98565E-3 4.1578E-3 4.82567E-3 5.14868E-3 5.01702E-3 4.66028E-3 5.5208E-3 3.70697E-3 2.2218E-3 2.70197E-3 4.09079E-4 3.71786E-4 3.17498E-3 6.07025E-3 7.45001E-3 5.6359E-3
-9999 -9999 -9999 -9999 -9999 -9999 -9999 -9999 -9999 -9999 -9999 -9999 -9999 -9999 -9999 -9999 -9999 -9999 -9999 -9999 1.04747E-1 6.04786E-2 2.81161E-2 1.86971E-2 4.00401E-3 2.82937E-4 9.01491E-6 4.15798E-6 7.19967E-6 6.14341E-6 4.17722E-7 6.68085E-6 2.23867E-4 2.78082E-4 2.31125E-5 2.53614E-5 3.12489E-4 8.48344E-4 8.37665E-4 5.36556E-4 9.21297E-4 9.34577E-4 8.7262E-4 9.79876E-4 7.79047E-4 1.19801E-3 2.32422E-3 1.53446E-3 2.1283E-3 2.8394E-3 4.02126E-3 3.43993E-3 3.99295E-3 4.5133E-3 4.35905E-3 4.45139E-3 3.69447E-3 4.76116E-3 1.80969E-3 2.37655E-3 3.53299E-4 2.2677E-4 1.86693E-3 5.56084E-3 6.47491E-3 4.27716E-3
-9999 -9999 -9999 -9999 -9999 -9999 -9999 -9999 -9999 -9999 -9999 -9999 -9999 -9999 -9999 -9999 -9999 -9999 -9999 -9999 1.14012E-1 4.72566E-2 3.3084E-2 3.20668E-2 1.11311E-2 1.35662E-3 4.74288E-5 2.96654E-6 2.42733E-6 9.66468E-6 8.34015E-7 1.09203E-5 2.55362E-4 1.91104E-4 2.56386E-5 6.19557E-6 7.33084E-5 6.30633E-4 6.23528E-4 4.50613E-4 7.4148E-4 7.6709E-4 7.91012E-4 8.21984E-4 6.36276E-4 8.55191E-4 1.36386E-3 2.13981E-3 1.48255E-3 1.74596E-3 2.47205E-3 5.11682E-3 5.51152E-3 5.27916E-3 4.60834E-3 3.84131E-3 3.3003E-3 2.72989E-3 2.39555E-3 1.77433E-3 6.43351E-4 2.65708E-4 3.0148E-3 6.12482E-3 5.06297E-3 4.68775E-3
-9999 -9999 -9999 -9999 -9999 -9999 -9999 -9999 -9999 -9999 -9999 -9999 -9999 -9999 -9999 -9999 -9999 -9999 -9999 -9999 1.06E-1 5.06112E-2 3.21239E-2 2.30239E-2 1.55577E-2 4.3309E-3 7.64289E-4 5.53299E-6 9.13154E-7 3.11184E-7 6.95382E-6 6.70325E-5 1.06542E-4 2.02037E-4 2.94739E-5 8.2675E-6 7.85031E-5 6.41498E-4 5.30514E-4 5.37042E-4 4.69754E-4 4.27787E-4 5.22795E-4 7.9607E-4 8.62569E-4 7.78781E-4 1.50187E-3 2.55966E-3 2.90767E-3 1.133E-3 1.87912E-3 5.11297E-3 4.55667E-3 5.15506E-3 4.6036E-3 3.63009E-3 3.00587E-3 2.50532E-3 1.76207E-3 1.81144E-3 3.44732E-4 7.65607E-4 3.13774E-3 5.33827E-3 6.67003E-3 4.43591E-3
-9999 -9999 -9999 -9999 -9999 -9999 -9999 -9999 -9999 -9999 -9999 -9999 -9999 -9999 -9999 -9999 -9999 -9999 -9999 -9999 1.61225E-1 5.8379E-2 3.90119E-2 9.77636E-3 3.43868E-3 8.7468E-4 1.21688E-4 1.09948E-5 3.11339E-6 1.78645E-7 1.37875E-6 2.64589E-5 1.79948E-6 7.75899E-5 4.59088E-5 2.80503E-5 2.99232E-4 4.90965E-4 4.17908E-4 5.19749E-4 4.8053E-4 4.92052E-4 5.35342E-4 8.84228E-4 6.63007E-4 9.11764E-4 2.07936E-3 2.10806E-3 3.2566E-3 1.28279E-3 2.02758E-3 4.88213E-3 4.76898E-3 4.87102E-3 2.9576E-3 3.61553E-3 3.06775E-3 3.56079E-3 1.83278E-3 2.19884E-3 2.04431E-4 1.61386E-3 5.06456E-3 5.72986E-3 5.04529E-3 4.43875E-3
-9999 -9999 -9999 -9999 -9999 -9999 -9999 -9999 -9999 -9999 -9999 -9999 -9999 -9999 -9999 -9999 -9999 -9999 -9999 -9999 2.26121E-1 1.34668E-1 5.4729E-2 3.17198E-2 3.55937E-2 6.60063E-3 2.31262E-4 7.0205E-6 2.02017E-6 5.73478E-6 2.09115E-6 4.26524E-6 5.82448E-7 4.21228E-5 6.93476E-5 3.77961E-5 2.72857E-4 4.30347E-4 2.69851E-4 3.18356E-4 3.81537E-4 4.98547E-4 7.86625E-4 6.94676E-4 5.54696E-4 7.79333E-4 1.31973E-3 1.69159E-3 1.85941E-3 1.96421E-3 2.96518E-3 4.30216E-3 5.93336E-3 5.6933E-3 3.49705E-3 3.95007E-3 3.58407E-3 2.81192E-3 2.70498E-3 2.46085E-3 2.9228E-4 1.69302E-3 5.68875E-3 6.87033E-3 4.87485E-3 4.42544E-3
-9999 -9999 -9999 -9999 -9999 -9999 -9999 -9999 -9999 -9999 -9999 -9999 -9999 -9999 -9999 -9999 -9999 -9999 -9999 -9999 -9999 2.59055E-1 1.43765E-1 1.18336E-1 7.76911E-2 2.73995E-2 7.98419E-4 3.0123E-5 2.3488E-6 2.048E-6 4.91368E-6 5.6415E-7 1.28294E-6 6.72882E-5 6.93133E-5 2.10779E-5 2.64322E-4 3.63213E-4 2.68608E-4 4.53845E-4 6.10661E-4 4.70379E-4 6.12714E-4 6.37173E-4 6.99467E-4 7.91871E-4 1.31879E-3 1.69859E-3 1.70665E-3 3.14445E-3 3.15511E-3 3.8882E-3 6.00377E-3 5.65389E-3 3.543E-3 2.38028E-3 2.6881E-3 1.99584E-3 2.08763E-3 2.77796E-3 3.32947E-4 1.46036E-3 2.86085E-3 3.55442E-3 5.29075E-3 4.14299E-3
-9999 -9999 -9999 -9999 -9999 -9999 -9999 -9999 -9999 -9999 -9999 -9999 -9999 -9999 -9999 -9999 -9999 -9999 -9999 -9999 -9999 3.01578E-1 2.02191E-1 3.3283E-2 7.22123E-2 4.01634E-2 3.60039E-3 3.1281E-5 7.56939E-6 2.37873E-7 4.26061E-7 3.54096E-7 2.18683E-6 9.79431E-5 4.801E-5 3.12851E-5 4.59879E-4 3.81492E-4 4.87877E-4 3.87036E-4 4.98897E-4 5.67057E-4 5.28705E-4 7.69425E-4 8.10984E-4 8.34561E-4 7.19347E-4 2.02705E-3 2.17843E-3 2.72534E-3 3.9189E-3 5.72324E-3 7.09938E-3 3.08771E-3 1.41172E-3 2.39842E-3 1.94562E-3 2.98442E-3 2.18589E-3 1.8794E-3 5.70857E-4 1.49168E-3 2.68711E-3 2.89299E-3 4.9137E-3 5.17045E-3
-9999 -9999 -9999 -9999 -9999 -9999 -9999 -9999 -9999 -9999 -9999 -9999 -9999 -9999 -9999 -9999 -9999 -9999 -9999 -9999 4.11608E-1 2.99768E-1 2.32384E-1 8.08144E-2 8.92775E-2 9.6908E-2 4.43347E-2 2.38845E-4 1.19172E-5 1.10717E-6 9.77127E-7 1.42647E-6 6.8345E-6 4.59263E-6 5.63289E-5 2.63221E-5 2.7161E-4 5.82516E-4 4.85064E-4 5.58605E-4 5.91016E-4 4.78805E-4 4.62029E-4 4.44988E-4 6.74361E-4 7.39928E-4 7.5379E-4 1.59711E-3 2.00411E-3 1.97263E-3 3.5829E-3 3.35947E-3 2.96213E-3 6.69869E-4 9.96824E-4 2.30325E-3 2.06788E-3 1.96756E-3 2.03168E-3 2.32617E-3 6.28878E-4 2.50219E-3 2.38006E-3 2.59452E-3 4.07712E-3 4.21162E-3
-9999 -9999 -9999 -9999 -9999 -9999 -9999 -9999 -9999 -9999 -9999 -9999 -9999 -9999 -9999 -9999 -9999 -9999 -9999 -9999 5.06519E-1 3.05866E-1 3.09681E-1 1.06665E-1 1.21417E-1 6.29872E-2 3.38023E-2 1.16697E-3 5.52537E-5 4.51802E-6 1.28681E-6 3.1468E-6 2.61534E-7 5.6164E-7 1.99046E-4 8.58464E-5 4.36328E-4 7.40262E-4 6.0995E-4 5.06632E-4 3.9236E-4 4.23412E-4 4.08484E-4 4.14742E-4 5.93409E-4 6.2948E-4 8.59599E-4 8.40975E-4 1.10597E-3 2.275E-3 2.11271E-3 4.24194E-3 2.52587E-3 8.74615E-4 1.79331E-3 1.73406E-3 2.17543E-3 2.05056E-3 1.32648E-3 1.79698E-3 1.25095E-3 2.78284E-3 2.5146E-3 2.31469E-3 3.3695E-3 2.56926E-3
-9999 -9999 -9999 -9999 -9999 -9999 -9999 -9999 -9999 -9999 -9999 -9999 -9999 -9999 -9999 -9999 -9999 -9999 -9999 7.64732E-1 5.44498E-1 3.14016E-1 2.11994E-1 5.93713E-2 7.86092E-2 5.96744E-2 1.63668E-2 4.38285E-5 2.92851E-6 3.5585E-7 5.50509E-7 1.40279E-6 6.68364E-8 4.2539E-7 9.42024E-5 2.35717E-4 2.41848E-4 5.08474E-4 4.02976E-4 4.5442E-4 3.68184E-4 3.89323E-4 3.57025E-4 3.58452E-4 3.47407E-4 5.37581E-4 5.08016E-4 7.96373E-4 1.11656E-3 1.56709E-3 1.99729E-3 3.05151E-3 1.72608E-3 1.99944E-3 2.03464E-3 2.16714E-3 2.59384E-3 1.64458E-3 1.80305E-3 1.63715E-3 1.8632E-3 2.97329E-3 2.75922E-3 3.14317E-3 3.25206E-3 2.24481E-3
-9999 -9999 -9999 -9999 -9999 -9999 -9999 -9999 -9999 -9999 -9999 -9999 -9999 -9999 -9999 -9999 -9999 -9999 -9999 7.21232E-1 5.48945E-1 3.38321E-1 1.60123E-1 9.02307E-2 6.41724E-2 6.65549E-2 3.17785E-2 7.16866E-4 2.25229E-6 1.94633E-6 5.9274E-7 2.51228E-7 9.4093E-7 1.46483E-5 2.32815E-4 2.46899E-4 2.50995E-4 2.34832E-4 4.20868E-4 4.60356E-4 3.6328E-4 3.6454E-4 3.38367E-4 2.2832E-4 3.04412E-4 3.11533E-4 4.79837E-4 7.21569E-4 1.014E-3 1.09458E-3 1.27219E-3 1.67953E-3 2.07553E-3 1.49263E-3 1.92178E-3 1.32975E-3 1.78891E-3 1.85654E-3 1.72296E-3 1.92248E-3 1.9024E-3 2.73318E-3 2.86394E-3 2.50477E-3 2.23385E-3 2.30133E-3
-9999 -9999 -9999 -9999 -9999 -9999 -9999 -9999 -9999 -9999 -9999 -9999 -9999 -9999 -9999 -9999 -9999 -9999 -9999 7.31543E-1 5.1664E-1 3.14087E-1 2.71765E-1 2.08586E-1 7.48978E-2 5.27427E-2 5.59309E-2 3.14437E-3 9.1022E-5 3.20001E-5 1.76803E-6 4.81998E-8 4.2124E-7 5.57442E-5 4.44694E-4 1.46521E-4 2.05672E-4 3.1012E-4 2.57328E-4 3.08861E-4 3.68154E-4 3.69372E-4 3.49756E-4 3.20136E-4 1.85539E-4 2.9014E-4 2.96465E-4 5.94885E-4 1.02404E-3 1.21732E-3 1.37787E-3 1.93687E-3 1.74806E-3 1.63745E-3 1.42977E-3 1.44818E-3 1.62724E-3 2.16557E-3 2.03581E-3 1.60247E-3 1.52308E-3 2.27693E-3 2.05053E-3 1.75835E-3 2.67791E-3 2.55337E-3
-9999 -9999 -9999 -9999 -9999 -9999 -9999 -9999 -9999 -9999 -9999 -9999 -9999 -9999 -9999 -9999 -9999 -9999 -9999 -9999 4.82777E-1 4.34725E-1 4.28553E-1 2.31361E-1 1.58355E-1 9.97605E-2 3.45104E-2 8.38868E-3 7.52933E-4 1.28633E-5 9.43329E-7 9.08904E-7 2.70238E-7 2.97373E-5 3.49175E-4 1.56639E-4 2.06861E-4 2.07302E-4 3.00979E-4 2.76384E-4 3.24872E-4 2.33238E-4 3.17728E-4 2.00678E-4 1.83818E-4 2.66712E-4 4.35775E-4 3.18278E-4 7.36458E-4 7.309E-4 8.49547E-4 1.35793E-3 1.24512E-3 1.33282E-3 1.48509E-3 1.61764E-3 1.93401E-3 1.84107E-3 1.81115E-3 1.48273E-3 2.10498E-3 1.79703E-3 1.45596E-3 1.48313E-3 2.81829E-3 2.48887E-3
-9999 -9999 -9999 -9999 -9999 -9999 -9999 -9999 -9999 -9999 -9999 -9999 -9999 -9999 -9999 -9999 -9999 -9999 -9999 6.45266E-1 4.35915E-1 4.04691E-1 3.38337E-1 1.96002E-1 2.14881E-1 1.14918E-1 3.53141E-2 3.37824E-3 6.81927E-4 3.83932E-5 2.01622E-7 1.34593E-6 4.87398E-7 2.59255E-6 4.08301E-4 1.61629E-4 1.55767E-4 1.38614E-4 1.87962E-4 2.49755E-4 2.94579E-4 3.05608E-4 1.91948E-4 2.10087E-4 1.99492E-4 2.15658E-4 3.1463E-4 3.33909E-4 5.23797E-4 6.21685E-4 6.45902E-4 9.83283E-4 8.83941E-4 9.65253E-4 8.15899E-4 8.50895E-4 9.98512E-4 1.52133E-3 1.42759E-3 1.75719E-3 1.57668E-3 1.42782E-3 1.78434E-3 1.47168E-3 1.48625E-3 1.32454E-3
-9999 -9999 -9999 -9999 -9999 -9999 -9999 -9999 -9999 -9999 -9999 -9999 -9999 -9999 -9999 -9999 -9999 -9999 6.82421E-1 6.15411E-1 4.02913E-1 2.85251E-1 2.07275E-1 6.46149E-2 3.21146E-2 8.22747E-2 2.86833E-2 1.08685E-4 7.59999E-5 2.49182E-5 1.69327E-6 5.67188E-6 7.40876E-6 4.51199E-6 1.60016E-4 1.85512E-4 1.11618E-4 9.88655E-5 1.54281E-4 2.22387E-4 2.76318E-4 2.74726E-4 2.04294E-4 2.85816E-4 2.16401E-4 2.12038E-4 2.52642E-4 3.80533E-4 4.03566E-4 4.36578E-4 6.1919E-4 9.28264E-4 6.57266E-4 7.46805E-4 7.65618E-4 8.84751E-4 9.52951E-4 1.01044E-3 1.15985E-3 2.07109E-3 1.85805E-3 1.49603E-3 2.04849E-3 1.75407E-3 1.44516E-3 1.26654E-3
-9999 -9999 -9999 -9999 -9999 -9999 -9999 -9999 -9999 -9999 -9999 -9999 -9999 -9999 -9999 -9999 -9999 7.28544E-1 5.12085E-1 3.0369E-1 3.39559E-1 3.33162E-1 1.92663E-1 1.51074E-1 4.62377E-2 1.09525E-1 3.08718E-2 3.55136E-4 9.93957E-6 3.42587E-5 2.35222E-6 1.26342E-6 5.56075E-7 4.32288E-6 6.73587E-5 2.65902E-4 1.33176E-4 9.88652E-5 1.72367E-4 1.71771E-4 2.53975E-4 2.4469E-4 2.63883E-4 3.14594E-4 2.33238E-4 2.42317E-4 2.43588E-4 4.04455E-4 4.2257E-4 4.15271E-4 5.89187E-4 5.91557E-4 7.13417E-4 8.35424E-4 8.4607E-4 9.2678E-4 9.74757E-4 1.01114E-3 1.00037E-3 1.61316E-3 1.98395E-3 1.65095E-3 1.39428E-3 1.98718E-3 1.6137E-3 1.41286E-3
-9999 -9999 -9999 -9999 -9999 -9999 -9999 -9999 -9999 -9999 -9999 -9999 -9999 -9999 -9999 -9999 -9999 -9999 3.14458E-1 2.50303E-1 1.4096E-1 2.40188E-1 1.35077E-1 1.14754E-1 1.07219E-1 6.74625E-2 2.30944E-2 2.72622E-3 5.74243E-5 2.76094E-6 2.62203E-6 1.23183E-6 9.62535E-7 1.57944E-5 7.83411E-5 1.67324E-4 1.84729E-4 1.87037E-4 1.25219E-4 1.62782E-4 2.29553E-4 2.43689E-4 1.98903E-4 3.28834E-4 2.3988E-4 2.49345E-4 2.6342E-4 2.77067E-4 4.53183E-4 4.45208E-4 4.45933E-4 6.8302E-4 5.71209E-4 5.77304E-4 6.04805E-4 6.07156E-4 5.9212E-4 9.60392E-4 9.9268E-4 1.44483E-3 1.48126E-3 1.16828E-3 1.0929E-3 1.85011E-3 1.78722E-3 1.50486E-3
-9999 -9999 -9999 -9999 -9999 -9999 -9999 -9999 -9999 -9999 -9999 -9999 -9999 -9999 -9999 -9999 -9999 4.76419E-1 1.92251E-1 1.72592E-1 1.43918E-1 1.57785E-1 1.36304E-1 1.11839E-1 7.37512E-2 3.07311E-2 1.33972E-3 1.60672E-4 1.49842E-4 4.62324E-6 8.63856E-6 2.08713E-5 7.39893E-7 3.0975E-5 9.22156E-5 1.29677E-4 1.25961E-4 2.44142E-4 1.89622E-4 1.48877E-4 2.00167E-4 2.3672E-4 2.12995E-4 3.02084E-4 3.40556E-4 2.73307E-4 2.87072E-4 3.04739E-4 3.36192E-4 4.63944E-4 4.06506E-4 6.39128E-4 5.47355E-4 5.64979E-4 6.21272E-4 6.26332E-4 6.05357E-4 7.17479E-4 9.8769E-4 1.47705E-3 1.56685E-3 1.26661E-3 1.10628E-3 1.30647E-3 1.11899E-3 1.3171E-3
-9999 -9999 -9999 -9999 -9999 -9999 -9999 -9999 -9999 -9999 -9999 -9999 -9999 -9999 -9999 -9999 -9999 3.68964E-1 1.96768E-1 1.61326E-1 8.32589E-2 1.27849E-1 6.8866E-2 4.29706E-2 3.92306E-2 4.95939E-3 1.34876E-4 6.42477E-6 4.66412E-6 2.66105E-6 1.10496E-6 1.80862E-5 2.43837E-5 6.09567E-5 9.27694E-5 2.42419E-4 1.61783E-4 2.57816E-4 1.82464E-4 1.96731E-4 2.47291E-4 2.17761E-4 2.54184E-4 3.32462E-4 3.42624E-4 2.74602E-4 2.76269E-4 3.09212E-4 3.55776E-4 3.36617E-4 4.51341E-4 5.70869E-4 5.98222E-4 5.87763E-4 6.53627E-4 6.24335E-4 6.05375E-4 6.70874E-4 6.68473E-4 1.01476E-3 1.36606E-3 1.28742E-3 9.85142E-4 1.33429E-3 1.08735E-3 9.03463E-4
-9999 -9999 -9999 -9999 -9999 -9999 -9999 -9999 -9999 -9999 -9999 -9999 -9999 -9999 -9999 -9999 -9999 2.65685E-1 2.08143E-1 1.51665E-1 5.74141E-2 5.10731E-2 9.07263E-2 4.95763E-2 2.31377E-2 6.84063E-3 1.6432E-4 2.21532E-5 2.32099E-6 1.83629E-5 2.13629E-6 7.89985E-6 6.59356E-5 1.40816E-4 1.0782E-4 1.51844E-4 1.85803E-4 2.7335E-4 2.00906E-4 2.7059E-4 2.47271E-4 2.27359E-4 3.66873E-4 3.13963E-4 3.88914E-4 4.16529E-4 3.28464E-4 3.14258E-4 3.16061E-4 3.4499E-4 3.73479E-4 5.51281E-4 5.39178E-4 5.96988E-4 6.09928E-4 6.49108E-4 6.2123E-4 6.21093E-4 6.66116E-4 9.66759E-4 9.5704E-4 1.29944E-3 9.93008E-4 1.18849E-3 1.08332E-3 8.80163E-4
-9999 -9999 -9999 -9999 -9999 -9999 -9999 -9999 -9999 -9999 -9999 -9999 -9999 -9999 -9999 -9999 3.16195E-1 2.40158E-1 2.28914E-1 1.04308E-1 8.54544E-2 4.65669E-2 7.37508E-2 5.83574E-2 1.67335E-2 6.5826E-4 1.24912E-4 2.04324E-5 4.34358E-6 2.26135E-6 1.82255E-5 1.42112E-4 1.80134E-4 1.55978E-4 1.89601E-4 1.57719E-4 2.11914E-4 1.98402E-4 2.88721E-4 2.69564E-4 1.78651E-4 1.66664E-4 2.91609E-4 3.3611E-4 3.72797E-4 4.13153E-4 3.03115E-4 3.2065E-4 3.44182E-4 3.5517E-4 3.79458E-4 3.70034E-4 3.98507E-4 4.3505E-4 4.45093E-4 6.03806E-4 6.30623E-4 5.52428E-4 9.58991E-4 9.03502E-4 1.39163E-3 1.2492E-3 9.85727E-4 1.12081E-3 1.07635E-3 9.15679E-4
-9999 -9999 -9999 -9999 -9999 -9999 -9999 -9999 -9999 -9999 -9999 -9999 -9999 -9999 -9999 -9999 2.69159E-1 1.6952E-1 1.25388E-1 1.18664E-1 9.55699E-2 5.39999E-2 7.29644E-2 2.88453E-2 3.677E-3 1.15395E-3 1.1441E-4 2.35035E-5 2.90695E-5 6.99361E-6 1.60026E-5 3.25411E-4 4.03668E-4 3.21995E-4 2.43798E-4 1.99782E-4 1.64671E-4 2.5167E-4 2.0289E-4 2.10775E-4 1.76738E-4 2.51717E-4 2.62496E-4 3.15502E-4 3.90724E-4 2.93733E-4 2.99968E-4 3.37397E-4 3.56734E-4 3.56913E-4 3.8413E-4 3.80376E-4 4.03319E-4 4.4084E-4 4.57907E-4 4.58066E-4 6.5806E-4 5.86633E-4 1.03286E-3 9.75985E-4 9.19166E-4 1.27095E-3 9.79305E-4 1.14309E-3 1.01151E-3 8.47661E-4
