Leopardus emiliae/Leopardus_emiliae_projection 2041-2060.asc
ncols         515
nrows         545
xllcorner     -119.0
yllcorner     -58.333333333333
cellsize      0.166666666667
NODATA_value  -9999
[rows 406 to 434 of 545, columns 264 to 329 of 515]
-9999 -9999 -9999 -9999 -9999 -9999 -9999 -9999 -9999 -9999 -9999 -9999 -9999 -9999 -9999 -9999 2.2351E-1 2.01744E-1 1.37459E-1 1.1782E-1 7.42624E-2 6.25358E-2 4.72604E-2 2.69306E-2 5.78613E-3 6.28827E-4 7.29401E-5 1.1685E-4 9.64349E-5 4.13549E-5 5.05204E-5 7.65471E-4 7.07155E-4 5.29214E-4 2.76815E-4 1.4052E-4 1.4652E-4 1.41473E-4 1.50713E-4 1.70113E-4 1.40639E-4 1.29845E-4 1.34345E-4 1.35906E-4 1.60367E-4 1.61399E-4 1.4533E-4 1.36833E-4 1.39391E-4 1.41967E-4 1.48992E-4 1.63777E-4 1.85072E-4 1.92104E-4 1.97028E-4 2.40866E-4 2.75776E-4 3.48107E-4 4.03281E-4 4.82617E-4 5.51343E-4 5.45222E-4 4.80247E-4 4.48473E-4 4.05822E-4 3.8947E-4
-9999 -9999 -9999 -9999 -9999 -9999 -9999 -9999 -9999 -9999 -9999 -9999 -9999 -9999 -9999 2.62912E-1 1.69621E-1 1.70583E-1 1.41102E-1 1.2143E-1 8.77939E-2 6.11032E-2 4.08074E-2 1.43619E-2 2.17026E-3 3.57651E-4 1.22341E-4 6.2675E-5 2.40842E-4 2.0998E-5 6.14729E-5 6.88472E-4 7.3263E-4 6.61705E-4 2.3975E-4 1.576E-4 1.49746E-4 1.37364E-4 1.36262E-4 1.89979E-4 1.64968E-4 1.40618E-4 1.35998E-4 1.4721E-4 1.50223E-4 1.47802E-4 1.42429E-4 1.3217E-4 1.33466E-4 1.34471E-4 1.42126E-4 1.55779E-4 1.72075E-4 1.92254E-4 2.30643E-4 2.63619E-4 3.09367E-4 3.56556E-4 4.0988E-4 4.63266E-4 4.97475E-4 4.74179E-4 4.45369E-4 4.20651E-4 3.83165E-4 3.91207E-4
-9999 -9999 -9999 -9999 -9999 -9999 -9999 -9999 -9999 -9999 -9999 -9999 -9999 -9999 -9999 2.29563E-1 1.16049E-1 1.49777E-1 1.14533E-1 1.0687E-1 7.76358E-2 4.58955E-2 3.01616E-2 3.3628E-3 8.49967E-4 7.86592E-5 1.1467E-4 5.0783E-5 3.14874E-4 1.18113E-4 1.77329E-4 6.91056E-4 6.12544E-4 3.55045E-4 2.62675E-4 2.29622E-4 1.35003E-4 1.2269E-4 2.89982E-5 2.66535E-5 1.69788E-4 1.52986E-4 1.33125E-4 1.31675E-4 1.37692E-4 1.4304E-4 1.41789E-4 1.35173E-4 1.36847E-4 1.29114E-4 1.41572E-4 1.5206E-4 1.74645E-4 2.10294E-4 2.2833E-4 2.65267E-4 3.06478E-4 3.39006E-4 3.98951E-4 4.91097E-4 4.97092E-4 4.66668E-4 4.36452E-4 4.02042E-4 3.68763E-4 3.48538E-4
-9999 -9999 -9999 -9999 -9999 -9999 -9999 -9999 -9999 -9999 -9999 -9999 -9999 -9999 -9999 1.65618E-1 1.67206E-1 1.17787E-1 8.5347E-2 8.3395E-2 6.09216E-2 3.9669E-2 1.3591E-2 5.46856E-3 2.01422E-3 5.5959E-4 1.56989E-4 7.18343E-5 1.97718E-4 6.42842E-4 1.28752E-4 3.24988E-4 3.37721E-4 3.23876E-4 2.37911E-4 2.16794E-4 1.31488E-4 8.63339E-5 5.05064E-5 9.23971E-5 1.55218E-4 1.26446E-4 1.21622E-4 1.21168E-4 1.25674E-4 1.24931E-4 1.33123E-4 1.40388E-4 1.31157E-4 1.30196E-4 1.43157E-4 1.60394E-4 1.83309E-4 2.16081E-4 2.50063E-4 2.8414E-4 3.37469E-4 3.75959E-4 4.51855E-4 4.9869E-4 4.82987E-4 4.66242E-4 4.81127E-4 4.16452E-4 3.74087E-4 3.75139E-4
-9999 -9999 -9999 -9999 -9999 -9999 -9999 -9999 -9999 -9999 -9999 -9999 -9999 -9999 1.81398E-1 1.56923E-1 1.37286E-1 9.0115E-2 7.2518E-2 5.87136E-2 4.35085E-2 2.73506E-2 4.82122E-3 1.03181E-3 6.35354E-4 2.28135E-4 2.82622E-4 6.97369E-5 2.1451E-4 2.91411E-4 4.73188E-4 9.20241E-4 1.50764E-4 1.4263E-4 1.84656E-4 1.43868E-4 1.30934E-4 1.11097E-4 8.78978E-5 1.43138E-4 1.5183E-4 1.24829E-4 1.07829E-4 1.11768E-4 1.16473E-4 1.20888E-4 1.29822E-4 1.41475E-4 1.2743E-4 1.34103E-4 1.43417E-4 1.58546E-4 1.79556E-4 2.02473E-4 2.57264E-4 3.02188E-4 3.88779E-4 4.25879E-4 4.7783E-4 4.88898E-4 4.96719E-4 5.17686E-4 4.43986E-4 4.01439E-4 4.05135E-4 4.17326E-4
-9999 -9999 -9999 -9999 -9999 -9999 -9999 -9999 -9999 -9999 -9999 -9999 -9999 -9999 1.10188E-1 1.64659E-1 1.02568E-1 8.02838E-2 6.66954E-2 4.73142E-2 3.57013E-2 1.97707E-2 2.77561E-3 2.40323E-4 6.00891E-4 1.69536E-4 9.8168E-5 8.62784E-5 5.03103E-5 2.63316E-4 2.0467E-4 7.96733E-4 3.35659E-4 7.9229E-5 1.68715E-4 1.2694E-4 1.36177E-4 1.47081E-4 1.56275E-4 1.93293E-4 1.52436E-4 1.19067E-4 1.06294E-4 9.7871E-5 9.98052E-5 1.12268E-4 1.31271E-4 1.36876E-4 1.25808E-4 1.40749E-4 1.35094E-4 1.47162E-4 1.85944E-4 2.20173E-4 2.65178E-4 3.44259E-4 4.14243E-4 5.11717E-4 5.38352E-4 4.94478E-4 4.88804E-4 5.08442E-4 4.46508E-4 4.16125E-4 4.16982E-4 4.6129E-4
-9999 -9999 -9999 -9999 -9999 -9999 -9999 -9999 -9999 -9999 -9999 -9999 -9999 2.10158E-1 1.27456E-1 1.25294E-1 8.34647E-2 6.12286E-2 5.08537E-2 3.88235E-2 2.46248E-2 1.18102E-2 1.07936E-3 1.84835E-4 7.21623E-4 1.5432E-4 6.94942E-5 1.62979E-4 3.01779E-4 3.67579E-5 5.27446E-4 6.84549E-4 3.98079E-4 2.07272E-4 1.62622E-4 1.28671E-4 1.41263E-4 1.72738E-4 1.74175E-4 1.94546E-4 1.50443E-4 1.19423E-4 1.01315E-4 9.28408E-5 9.89489E-5 1.07239E-4 1.24069E-4 1.34996E-4 1.483E-4 1.45161E-4 1.4709E-4 1.49968E-4 1.87262E-4 2.24007E-4 2.92684E-4 3.75179E-4 4.42319E-4 4.58344E-4 4.92813E-4 5.00149E-4 4.96566E-4 4.84889E-4 4.69094E-4 4.41831E-4 4.50652E-4 4.81822E-4
-9999 -9999 -9999 -9999 -9999 -9999 -9999 -9999 -9999 -9999 -9999 -9999 -9999 2.14386E-1 2.01949E-1 1.24415E-1 7.33481E-2 4.97739E-2 4.06261E-2 3.00363E-2 1.64994E-2 2.21478E-3 6.07257E-4 2.34111E-4 2.8988E-4 1.73635E-4 1.20409E-4 5.42137E-5 8.82754E-4 1.00365E-4 1.05265E-4 4.69165E-4 4.08269E-4 7.77147E-5 1.24761E-5 2.90773E-5 1.88958E-4 2.02634E-4 1.83533E-4 2.00771E-4 1.52959E-4 1.21533E-4 9.25868E-5 9.87636E-5 1.00066E-4 1.01036E-4 1.27796E-4 1.32222E-4 1.32995E-4 1.34942E-4 1.37907E-4 1.5602E-4 1.73493E-4 2.1666E-4 2.85927E-4 3.1318E-4 3.70029E-4 3.72977E-4 4.28797E-4 4.74617E-4 5.19335E-4 5.55711E-4 5.38482E-4 4.91543E-4 4.57947E-4 4.53954E-4
-9999 -9999 -9999 -9999 -9999 -9999 -9999 -9999 -9999 -9999 -9999 -9999 2.6894E-1 1.69916E-1 2.03952E-1 1.22635E-1 7.10141E-2 4.02839E-2 3.12965E-2 2.19279E-2 1.10601E-2 1.36432E-3 4.7211E-4 2.29603E-4 2.07167E-4 2.03193E-4 1.38031E-4 1.19366E-5 8.97487E-5 5.62783E-4 2.33008E-4 5.78306E-4 4.03493E-4 1.5326E-4 1.13969E-4 2.11746E-4 2.11909E-4 1.92037E-4 2.10567E-4 2.00728E-4 1.66957E-4 1.31059E-4 1.05686E-4 1.06536E-4 1.00177E-4 1.08268E-4 1.2493E-4 1.39598E-4 1.38415E-4 1.24694E-4 1.5242E-4 1.73098E-4 1.95894E-4 2.25062E-4 2.46629E-4 2.92148E-4 2.97172E-4 3.32091E-4 3.57663E-4 4.45348E-4 4.62637E-4 4.70473E-4 5.19778E-4 4.8793E-4 4.95004E-4 4.83695E-4
-9999 -9999 -9999 -9999 -9999 -9999 -9999 -9999 -9999 -9999 -9999 -9999 1.99195E-1 1.28864E-1 1.20214E-1 1.2533E-1 6.70416E-2 3.91413E-2 2.27741E-2 1.31306E-2 1.70214E-3 2.59692E-4 7.58614E-4 1.59271E-4 2.10596E-4 1.18526E-3 2.40904E-4 5.12706E-5 5.84776E-5 5.94344E-4 7.82038E-4 5.5604E-4 3.58108E-4 1.85077E-4 1.78343E-4 2.47493E-4 2.33954E-4 1.8959E-4 2.03117E-4 1.81018E-4 1.55318E-4 1.35788E-4 1.10011E-4 1.04024E-4 1.09193E-4 1.11028E-4 1.07726E-4 1.24565E-4 1.54417E-4 1.35154E-4 1.40961E-4 1.6197E-4 1.72287E-4 1.7975E-4 2.25589E-4 2.51662E-4 2.91622E-4 3.09543E-4 3.18234E-4 3.26108E-4 3.44714E-4 3.90559E-4 4.04644E-4 4.18374E-4 3.84809E-4 3.72278E-4
-9999 -9999 -9999 -9999 -9999 -9999 -9999 -9999 -9999 -9999 -9999 2.60971E-1 1.7469E-1 1.08851E-1 1.15636E-1 1.19571E-1 6.91378E-2 4.05505E-2 1.77997E-2 6.2191E-3 1.04425E-3 7.91583E-5 6.61292E-5 1.40981E-4 6.6791E-4 1.51643E-3 2.70979E-4 5.90971E-4 1.17392E-4 1.71233E-4 6.55898E-4 5.37313E-4 3.60762E-4 2.93856E-4 2.44784E-4 2.39997E-4 2.54529E-4 2.23751E-4 2.06279E-4 1.91974E-4 1.60137E-4 1.34146E-4 1.10879E-4 1.07411E-4 1.0513E-4 1.03489E-4 1.01365E-4 1.15276E-4 1.45802E-4 1.28136E-4 1.28132E-4 1.45582E-4 1.64408E-4 1.84091E-4 2.15984E-4 2.30615E-4 2.63227E-4 2.7792E-4 2.88895E-4 2.95666E-4 3.13906E-4 3.00821E-4 3.14681E-4 2.84953E-4 2.84963E-4 3.06638E-4
-9999 -9999 -9999 -9999 -9999 -9999 -9999 -9999 -9999 -9999 -9999 1.45768E-1 1.95876E-1 1.19916E-1 1.33655E-1 1.09441E-1 6.55605E-2 3.56825E-2 1.65182E-2 4.11154E-3 3.13487E-4 2.27273E-4 9.99209E-5 4.80113E-5 1.54919E-4 1.92516E-3 3.5764E-4 3.34162E-3 8.99898E-4 8.09566E-5 7.09595E-4 5.96853E-4 3.72065E-4 2.87986E-4 2.66083E-4 3.457E-4 3.09833E-4 3.00035E-4 2.5339E-4 2.08973E-4 1.59545E-4 1.45029E-4 1.18686E-4 1.1656E-4 1.14987E-4 1.04158E-4 1.02569E-4 1.10448E-4 1.21202E-4 1.26649E-4 1.30218E-4 1.41393E-4 1.58567E-4 1.79618E-4 1.96078E-4 2.09279E-4 2.31586E-4 2.39776E-4 2.75488E-4 2.74292E-4 2.71566E-4 2.60298E-4 2.3499E-4 2.06007E-4 1.94632E-4 2.03917E-4
-9999 -9999 -9999 -9999 -9999 -9999 -9999 -9999 -9999 -9999 -9999 6.13237E-2 1.1173E-1 1.44997E-1 1.43576E-1 1.04678E-1 5.88216E-2 2.92246E-2 1.66918E-2 3.39444E-3 3.22267E-4 1.94999E-4 1.21846E-4 6.6051E-5 2.01037E-4 2.1295E-3 9.6384E-4 2.83905E-3 1.63841E-3 1.69569E-4 6.08699E-4 5.36629E-4 3.47433E-4 2.87648E-4 3.18432E-4 2.93386E-4 3.27157E-4 3.42989E-4 2.99707E-4 2.33523E-4 1.80873E-4 1.65778E-4 1.30964E-4 1.26427E-4 1.26146E-4 1.18893E-4 1.10112E-4 1.09972E-4 1.19369E-4 1.33525E-4 1.34641E-4 1.49273E-4 1.56634E-4 1.65279E-4 2.04409E-4 2.06787E-4 2.37714E-4 2.42531E-4 2.52609E-4 2.2213E-4 2.382E-4 2.13469E-4 1.97657E-4 1.90495E-4 1.86381E-4 1.81756E-4
-9999 -9999 -9999 -9999 -9999 -9999 -9999 -9999 -9999 1.57582E-1 7.65971E-2 3.14612E-2 5.72248E-2 1.26131E-1 1.43434E-1 9.00813E-2 5.18626E-2 3.24027E-2 1.72476E-2 1.81723E-3 1.93535E-4 5.40043E-5 1.05682E-4 8.97295E-5 1.92213E-4 1.77909E-3 3.04143E-3 2.49299E-3 1.45806E-3 9.2234E-4 6.06414E-4 4.15659E-4 3.04684E-4 2.95814E-4 3.18444E-4 3.68817E-4 3.87336E-4 3.85788E-4 3.1666E-4 2.59912E-4 2.0095E-4 1.64261E-4 1.48483E-4 1.29041E-4 1.54776E-4 1.16727E-4 1.1295E-4 1.39121E-4 1.179E-4 1.12956E-4 1.32927E-4 1.54266E-4 1.61963E-4 1.71074E-4 1.87247E-4 1.91522E-4 1.97891E-4 2.08704E-4 2.33211E-4 2.2348E-4 2.06897E-4 1.97685E-4 1.89884E-4 1.87718E-4 1.73125E-4 1.72051E-4
-9999 -9999 -9999 -9999 -9999 -9999 -9999 -9999 -9999 9.32074E-2 2.16298E-2 6.64573E-3 2.11252E-2 6.08209E-2 1.37845E-1 9.34813E-2 5.1593E-2 2.83737E-2 1.63675E-2 1.27004E-3 9.32826E-5 5.87776E-5 4.84574E-5 6.76418E-5 2.98409E-4 5.4812E-4 1.4259E-3 2.06597E-3 1.28926E-3 8.45047E-4 5.71193E-4 4.11754E-4 3.72682E-4 3.0029E-4 4.32372E-4 4.30468E-4 4.40358E-4 4.30493E-4 3.40934E-4 2.6921E-4 2.24471E-4 2.02952E-4 1.55109E-4 1.33235E-4 1.56802E-4 1.15285E-4 1.13548E-4 1.15285E-4 1.16209E-4 1.08131E-4 1.18021E-4 1.32733E-4 1.46345E-4 1.65098E-4 1.69941E-4 1.79542E-4 1.86028E-4 1.89006E-4 2.09942E-4 2.0034E-4 1.92063E-4 1.94439E-4 1.80894E-4 1.69299E-4 1.82032E-4 1.93617E-4
-9999 -9999 -9999 -9999 -9999 -9999 -9999 -9999 -9999 7.75017E-2 2.13958E-2 2.5087E-3 3.43657E-3 2.21487E-2 9.38142E-2 6.88315E-2 4.01764E-2 2.07489E-2 8.51873E-3 1.3659E-3 4.27761E-5 6.98916E-5 6.7794E-5 7.29984E-5 1.40753E-4 1.32809E-3 2.42897E-3 1.82763E-3 1.17122E-3 8.29973E-4 6.03458E-4 3.99969E-4 3.8652E-4 3.36854E-4 4.53104E-4 5.39462E-4 4.0991E-4 4.73749E-4 3.66103E-4 2.63955E-4 2.11941E-4 1.76542E-4 1.52148E-4 1.52261E-4 1.27925E-4 1.21927E-4 1.14495E-4 1.15968E-4 1.06914E-4 1.06854E-4 1.1748E-4 1.19063E-4 1.37031E-4 1.7157E-4 1.80174E-4 1.78966E-4 1.80142E-4 1.74922E-4 1.80778E-4 1.93722E-4 1.98353E-4 1.93267E-4 1.78605E-4 1.71232E-4 1.83986E-4 2.07267E-4
-9999 -9999 -9999 -9999 -9999 -9999 -9999 -9999 -9999 8.10329E-2 3.37745E-2 9.91087E-3 1.59488E-2 4.01943E-2 4.82084E-2 3.24772E-2 1.92889E-2 7.60388E-3 3.49232E-4 3.0199E-5 3.9026E-5 2.2806E-5 4.19179E-5 4.77359E-5 1.09075E-4 1.67707E-3 3.27503E-3 1.89266E-3 1.07614E-3 7.56673E-4 5.68927E-4 3.84558E-4 3.82157E-4 4.76772E-4 4.87471E-4 5.53746E-4 5.9053E-4 5.26646E-4 4.35592E-4 3.2287E-4 2.19427E-4 1.83222E-4 1.74533E-4 1.66731E-4 1.37038E-4 1.26758E-4 1.23411E-4 1.16227E-4 1.16279E-4 1.1795E-4 1.15995E-4 1.12554E-4 1.23459E-4 1.42586E-4 1.82469E-4 1.91768E-4 1.84205E-4 1.85411E-4 1.70336E-4 1.80311E-4 1.98429E-4 1.90402E-4 1.92283E-4 1.945E-4 2.03741E-4 2.09536E-4
-9999 -9999 -9999 -9999 -9999 -9999 -9999 -9999 -9999 -9999 3.35101E-2 2.71845E-2 6.67741E-2 4.97915E-2 3.10483E-2 1.5743E-2 8.20062E-3 1.87721E-3 1.18104E-4 1.129E-5 1.06035E-5 3.24466E-5 6.14135E-5 4.65252E-5 7.27325E-5 1.88117E-3 3.27292E-3 1.67946E-3 1.02937E-3 7.04271E-4 5.19227E-4 4.08692E-4 4.04147E-4 5.49076E-4 5.52283E-4 3.74814E-4 2.93361E-4 3.99294E-4 4.02085E-4 3.25273E-4 2.12486E-4 1.84148E-4 1.70512E-4 1.81221E-4 1.44854E-4 1.35237E-4 1.45666E-4 1.37973E-4 1.28801E-4 1.23049E-4 1.23407E-4 1.17221E-4 1.33983E-4 1.46042E-4 1.6253E-4 1.69774E-4 1.73018E-4 1.53951E-4 1.46601E-4 1.62227E-4 1.7583E-4 1.80957E-4 1.79234E-4 1.84468E-4 1.93633E-4 2.16751E-4
-9999 -9999 -9999 -9999 -9999 -9999 -9999 -9999 -9999 -9999 3.69971E-2 1.8191E-2 4.05417E-2 3.44464E-2 2.64155E-2 1.51405E-2 8.09053E-3 1.44149E-3 4.03695E-5 7.71243E-6 6.96876E-6 1.86877E-5 6.46171E-5 6.40592E-5 6.70621E-5 1.23931E-3 2.96745E-3 1.58032E-3 8.81257E-4 6.55574E-4 5.18664E-4 4.17217E-4 4.94409E-4 6.23028E-4 6.9295E-4 4.0248E-4 4.54529E-4 4.25633E-4 3.30677E-4 2.41498E-4 1.79809E-4 1.6003E-4 1.7767E-4 1.84704E-4 2.53219E-4 2.19043E-4 2.1954E-4 1.57541E-4 1.39218E-4 1.3552E-4 1.4068E-4 1.32473E-4 1.31056E-4 1.81609E-4 1.47516E-4 1.51548E-4 1.44424E-4 1.45686E-4 1.48298E-4 1.57759E-4 1.63994E-4 1.74734E-4 1.84687E-4 1.82612E-4 2.14539E-4 2.49559E-4
-9999 -9999 -9999 -9999 -9999 -9999 -9999 -9999 -9999 5.10986E-2 2.12324E-2 2.04735E-2 5.32286E-2 5.01582E-2 3.16481E-2 1.93582E-2 1.15097E-2 4.00041E-3 4.50468E-4 2.39976E-5 9.84527E-6 2.37349E-5 1.31965E-4 6.48502E-5 7.49786E-5 1.49779E-3 2.31125E-3 1.27515E-3 8.18802E-4 6.60245E-4 5.10596E-4 4.13942E-4 5.01429E-4 6.49384E-4 6.32242E-4 6.23266E-4 6.58725E-4 5.37896E-4 3.18893E-4 2.04428E-4 1.79652E-4 1.60101E-4 1.68685E-4 1.81838E-4 2.16487E-4 2.05792E-4 1.91339E-4 1.73355E-4 1.70076E-4 1.61724E-4 1.49314E-4 1.39381E-4 1.29695E-4 1.3377E-4 1.41148E-4 1.31501E-4 1.42283E-4 1.50224E-4 1.4982E-4 1.64986E-4 1.70075E-4 1.85483E-4 1.8554E-4 1.96855E-4 2.18654E-4 2.35355E-4
-9999 -9999 -9999 -9999 -9999 -9999 -9999 -9999 -9999 6.07905E-2 2.46963E-2 1.8162E-2 5.55981E-2 5.02726E-2 2.05317E-2 2.34405E-2 1.00855E-2 2.63792E-3 8.70926E-5 2.55941E-5 1.23562E-5 3.03773E-5 1.23448E-4 2.57537E-4 8.62391E-5 7.41059E-4 2.22686E-3 1.18855E-3 8.95231E-4 6.49255E-4 5.34116E-4 4.16788E-4 4.31874E-4 6.04876E-4 7.25538E-4 7.40172E-4 8.74827E-4 8.45745E-4 5.37201E-4 2.58456E-4 1.69696E-4 1.54322E-4 1.807E-4 1.98851E-4 2.33581E-4 2.35589E-4 2.07683E-4 2.00647E-4 1.96397E-4 1.99348E-4 1.9602E-4 1.63176E-4 1.61582E-4 1.41505E-4 1.44235E-4 1.44379E-4 1.53634E-4 1.50376E-4 1.59561E-4 1.62547E-4 1.59635E-4 1.84559E-4 1.9371E-4 1.98727E-4 2.23384E-4 2.39608E-4
-9999 -9999 -9999 -9999 -9999 -9999 -9999 -9999 -9999 -9999 7.81558E-2 7.41219E-2 6.45981E-2 4.63847E-2 2.95123E-2 1.62146E-2 4.63537E-3 8.57818E-4 8.59E-5 1.24569E-5 3.50951E-5 4.34895E-5 1.65871E-4 2.587E-4 1.5296E-4 1.05655E-4 9.15776E-4 1.32813E-3 8.74E-4 6.48275E-4 5.3097E-4 4.19359E-4 4.33871E-4 5.79875E-4 6.6286E-4 7.32173E-4 7.22272E-4 4.26366E-4 2.85809E-4 1.71144E-4 1.64772E-4 2.0396E-4 2.25696E-4 2.43987E-4 2.75204E-4 2.77481E-4 2.49087E-4 2.27144E-4 2.1459E-4 2.16259E-4 2.10786E-4 2.15778E-4 2.24114E-4 2.1814E-4 1.96391E-4 1.98608E-4 1.87018E-4 1.78059E-4 1.73071E-4 1.64403E-4 1.68271E-4 1.82968E-4 1.81341E-4 1.87205E-4 2.12825E-4 2.36139E-4
-9999 -9999 -9999 -9999 -9999 -9999 -9999 -9999 -9999 -9999 8.9991E-2 4.41924E-2 4.57457E-2 3.78031E-2 2.43034E-2 7.48854E-3 2.03072E-3 6.21826E-4 2.14686E-4 1.41679E-4 5.96442E-5 8.13383E-5 1.77038E-4 5.87067E-4 4.21858E-4 2.56542E-4 5.79305E-4 1.05491E-3 8.76418E-4 6.18662E-4 5.12167E-4 4.48887E-4 4.27028E-4 5.62564E-4 5.53799E-4 7.21472E-4 6.40798E-4 4.05307E-4 2.75197E-4 1.84487E-4 1.63042E-4 1.83077E-4 2.2388E-4 3.19264E-4 3.34102E-4 2.97021E-4 2.48894E-4 2.16307E-4 2.08232E-4 2.10164E-4 2.29723E-4 2.32658E-4 2.50705E-4 2.54788E-4 2.49741E-4 2.49553E-4 2.42342E-4 2.33951E-4 2.22055E-4 1.90492E-4 1.81698E-4 1.73241E-4 1.975E-4 1.95686E-4 2.18541E-4 2.51855E-4
-9999 -9999 -9999 -9999 -9999 -9999 -9999 -9999 -9999 -9999 -9999 4.16319E-2 2.64421E-2 1.77811E-2 9.75297E-3 2.55924E-3 7.08198E-4 3.16085E-4 1.25105E-4 1.17355E-4 7.05147E-5 1.13413E-4 1.71914E-4 7.90609E-4 1.92984E-3 2.61874E-4 2.78615E-4 7.69418E-4 7.67151E-4 6.41068E-4 4.86638E-4 4.56114E-4 4.60969E-4 5.58675E-4 6.19142E-4 6.90827E-4 5.14433E-4 3.48281E-4 2.70835E-4 1.91322E-4 1.69373E-4 1.7414E-4 2.22546E-4 4.09604E-4 4.31837E-4 3.84128E-4 2.97728E-4 2.67383E-4 2.36615E-4 2.49613E-4 2.57661E-4 2.71457E-4 3.15482E-4 3.25684E-4 3.03415E-4 3.07596E-4 2.81495E-4 2.52094E-4 2.38908E-4 2.15845E-4 2.11383E-4 1.92379E-4 1.92076E-4 2.09011E-4 2.20846E-4 2.52208E-4
-9999 -9999 -9999 -9999 -9999 -9999 -9999 -9999 -9999 -9999 -9999 1.64748E-2 7.73929E-3 5.43043E-3 3.0646E-3 1.07322E-3 6.39109E-4 6.92285E-4 2.41438E-4 2.68843E-4 1.78031E-4 2.03111E-4 1.14071E-4 2.56248E-4 2.95779E-3 5.0503E-4 7.34873E-4 7.10571E-4 9.93916E-4 8.47443E-4 6.16114E-4 5.17408E-4 4.56589E-4 4.61211E-4 6.16466E-4 6.36931E-4 5.57721E-4 4.30253E-4 3.62788E-4 3.00721E-4 2.31366E-4 2.14443E-4 2.72146E-4 3.61699E-4 3.88581E-4 3.40455E-4 2.66032E-4 2.25255E-4 2.27477E-4 2.11846E-4 2.44125E-4 2.65657E-4 3.11201E-4 3.81475E-4 3.9895E-4 4.05052E-4 3.04736E-4 2.50495E-4 2.50533E-4 2.31131E-4 2.30144E-4 2.31094E-4 2.04467E-4 2.1008E-4 2.25659E-4 2.36732E-4
-9999 -9999 -9999 -9999 -9999 -9999 -9999 -9999 -9999 -9999 -9999 8.47727E-3 6.06906E-3 4.07119E-3 1.42135E-3 6.77501E-4 2.69296E-4 1.15321E-4 1.26089E-5 9.09391E-5 3.84746E-4 2.45666E-4 3.71364E-4 1.14611E-3 2.16212E-3 1.2669E-3 1.04187E-3 9.43859E-4 1.04562E-3 8.80418E-4 6.30677E-4 5.35456E-4 4.2832E-4 4.28259E-4 4.05451E-4 4.77689E-4 5.51919E-4 4.70851E-4 4.12363E-4 3.22468E-4 2.70383E-4 2.79057E-4 3.28938E-4 3.82513E-4 4.07448E-4 3.64375E-4 2.97895E-4 2.41001E-4 2.27594E-4 2.41935E-4 2.46895E-4 2.70875E-4 2.92411E-4 3.44783E-4 3.60946E-4 4.38631E-4 4.22256E-4 2.99001E-4 2.87159E-4 2.72754E-4 2.54419E-4 2.4714E-4 2.272E-4 2.36029E-4 2.4157E-4 2.44642E-4
-9999 -9999 -9999 -9999 -9999 -9999 -9999 -9999 -9999 -9999 -9999 1.41829E-2 8.24778E-3 2.32638E-3 9.41841E-4 8.39278E-4 8.3412E-4 2.18553E-4 1.30483E-4 4.15722E-5 4.71373E-5 1.7617E-4 4.11119E-4 6.74783E-4 1.67651E-3 1.28233E-3 1.51948E-3 1.05037E-3 1.08599E-3 8.38687E-4 7.35694E-4 5.90303E-4 5.24189E-4 4.26496E-4 5.62158E-4 5.45652E-4 3.22697E-4 3.0037E-4 4.0737E-4 3.40725E-4 3.19967E-4 3.2859E-4 3.46964E-4 4.01114E-4 4.11875E-4 3.69282E-4 3.20679E-4 3.18956E-4 2.88404E-4 2.85858E-4 2.79119E-4 2.9908E-4 2.97083E-4 3.36282E-4 3.71755E-4 3.52231E-4 3.45717E-4 3.28513E-4 3.13371E-4 3.16066E-4 2.89194E-4 2.95998E-4 2.66117E-4 2.58461E-4 2.59647E-4 2.42706E-4
-9999 -9999 -9999 -9999 -9999 -9999 -9999 -9999 -9999 -9999 1.19891E-2 9.70612E-3 8.18343E-3 3.83498E-3 1.17153E-3 7.14654E-4 2.92006E-4 1.54592E-4 2.20649E-4 8.47609E-5 1.4454E-4 1.39403E-4 8.21871E-4 1.65882E-3 2.84375E-3 1.86154E-3 1.57535E-3 9.9742E-4 8.52945E-4 9.7426E-4 7.62177E-4 6.21583E-4 5.76826E-4 4.59831E-4 3.98423E-4 3.5262E-4 2.93599E-4 3.02232E-4 3.76533E-4 3.50588E-4 3.24332E-4 3.21545E-4 3.43453E-4 4.03042E-4 3.99698E-4 3.76007E-4 3.55437E-4 3.26998E-4 3.48133E-4 3.42834E-4 3.38167E-4 3.42775E-4 3.45142E-4 3.94433E-4 3.8185E-4 3.6521E-4 3.44466E-4 3.63248E-4 3.4384E-4 3.29507E-4 3.14852E-4 2.97758E-4 2.98707E-4 2.59958E-4 2.66599E-4 2.64204E-4
-9999 -9999 -9999 -9999 -9999 -9999 -9999 -9999 -9999 1.06903E-2 1.02251E-2 5.06847E-3 2.73035E-3 4.73994E-3 1.69914E-3 2.05665E-4 1.06089E-4 3.32735E-5 7.43786E-5 8.51157E-5 6.58083E-5 9.56676E-5 7.43488E-4 1.91615E-3 3.16153E-3 2.17847E-3 1.10405E-3 1.31501E-3 1.17876E-3 1.10466E-3 9.17811E-4 6.72449E-4 5.64694E-4 4.57155E-4 3.90133E-4 3.77856E-4 3.30764E-4 3.31013E-4 3.38591E-4 3.27968E-4 3.19109E-4 3.3168E-4 3.20391E-4 4.10524E-4 4.09405E-4 4.09643E-4 4.13381E-4 3.78236E-4 3.66577E-4 3.49489E-4 3.67653E-4 3.69645E-4 3.86536E-4 3.91647E-4 3.81992E-4 3.69307E-4 3.57942E-4 3.79089E-4 4.03301E-4 3.72947E-4 3.62483E-4 3.1762E-4 2.97584E-4 3.00914E-4 2.89726E-4 3.08679E-4
