Leopardus emiliae/Leopardus_emiliae.asc
ncols         515
nrows         545
xllcorner     -119.0
yllcorner     -58.333333333333
cellsize      0.166666666667
NODATA_value  -9999
[rows 58 to 86 of 545, columns 66 to 131 of 515]
-9999 -9999 -9999 -9999 -9999 -9999 -9999 -9999 -9999 -9999 -9999 9.43013E-2 9.2651E-2 6.81354E-2 2.11359E-2 7.45276E-3 2.90691E-3 7.20991E-4 1.61231E-2 6.07596E-3 7.84347E-3 1.21893E-2 3.67389E-3 1.24642E-2 7.52259E-3 4.73136E-3 7.2825E-3 7.75502E-3 4.02173E-3 8.99145E-3 1.36825E-2 1.2034E-2 1.63419E-2 1.5382E-2 1.12731E-2 8.97772E-3 7.2962E-3 7.05651E-3 6.61556E-3 6.85205E-3 5.11524E-3 8.42022E-3 7.78597E-3 9.67212E-3 1.32601E-2 1.57974E-2 1.17839E-2 6.95999E-3 1.18834E-2 2.14382E-2 1.10175E-2 4.97541E-3 4.46106E-3 6.92663E-3 1.26389E-2 3.48909E-2 4.21519E-2 3.94682E-2 4.09153E-2 4.20761E-2 6.98971E-2 5.10656E-2 -9999 -9999 -9999 -9999
-9999 -9999 -9999 -9999 -9999 -9999 -9999 -9999 -9999 -9999 -9999 -9999 -9999 6.3722E-2 4.54878E-2 1.32132E-2 9.54774E-3 1.28888E-3 1.5429E-2 4.16058E-3 1.98741E-2 1.03258E-2 2.64777E-3 1.34452E-2 5.93414E-3 5.4113E-3 5.65984E-3 4.90088E-3 4.47985E-3 1.17405E-2 1.51911E-2 1.45825E-2 9.30316E-3 1.55604E-2 1.28766E-2 9.63728E-3 1.27634E-2 1.07901E-2 7.79808E-3 7.02486E-3 6.46155E-3 6.33985E-3 6.5828E-3 9.74292E-3 1.4158E-2 1.98684E-2 1.61104E-2 8.92645E-3 1.73093E-2 3.48746E-2 1.2377E-2 4.2378E-3 4.43105E-3 5.35748E-3 1.23967E-2 2.90071E-2 3.94435E-2 3.74483E-2 4.08502E-2 4.2714E-2 6.15299E-2 -9999 -9999 -9999 -9999 -9999
-9999 -9999 -9999 -9999 -9999 -9999 -9999 -9999 -9999 -9999 -9999 -9999 -9999 7.88984E-2 3.28765E-2 1.98912E-2 1.01292E-2 3.26654E-3 9.46987E-3 3.41246E-3 1.12756E-2 1.41966E-2 3.78247E-3 9.01992E-3 3.24515E-3 4.3376E-3 2.31691E-3 2.55756E-3 6.5304E-3 7.2429E-3 1.0899E-2 1.17105E-2 3.83914E-3 1.19991E-2 1.45756E-2 1.30229E-2 1.51813E-2 1.23464E-2 7.79457E-3 7.08281E-3 7.89044E-3 7.94079E-3 8.85342E-3 9.15309E-3 1.623E-2 1.62269E-2 1.71976E-2 1.88752E-2 1.51893E-2 4.18625E-2 2.25083E-2 4.85219E-3 3.68487E-3 5.40458E-3 9.40541E-3 1.19267E-2 3.26974E-2 3.33217E-2 5.94382E-2 1.08429E-1 1.11856E-1 1.74579E-1 -9999 -9999 -9999 -9999
-9999 -9999 -9999 -9999 -9999 -9999 -9999 -9999 -9999 -9999 -9999 -9999 -9999 -9999 6.82173E-2 2.21605E-2 1.38142E-2 4.29046E-3 2.73776E-2 3.97361E-4 2.07099E-2 1.84893E-2 7.24039E-3 1.06857E-2 1.98817E-3 4.9757E-3 2.33369E-3 3.16169E-3 5.32112E-3 6.90666E-3 7.35154E-3 9.53594E-3 2.34188E-3 1.21923E-2 2.10024E-2 2.31825E-2 1.87484E-2 1.65419E-2 1.33501E-2 1.10494E-2 9.9181E-3 1.15933E-2 9.00218E-3 1.37746E-2 3.59542E-2 2.33119E-2 1.73058E-2 2.12663E-2 1.52408E-2 2.84052E-2 2.89568E-2 8.50179E-3 4.16929E-3 6.8825E-3 9.14982E-3 1.31787E-2 2.72962E-2 4.22786E-2 6.32117E-2 1.01025E-1 1.58101E-1 1.37128E-1 -9999 -9999 -9999 -9999
-9999 -9999 -9999 -9999 -9999 -9999 -9999 -9999 -9999 -9999 -9999 -9999 -9999 -9999 5.28458E-2 4.45508E-2 2.18133E-2 1.20399E-2 9.48279E-3 1.12722E-2 2.93767E-2 9.19157E-3 1.9458E-2 8.78303E-3 1.21828E-3 9.82719E-3 3.74997E-3 4.08184E-3 6.45943E-3 5.53088E-3 1.63132E-2 1.05195E-2 6.3996E-3 1.15078E-2 1.22462E-2 1.43268E-2 2.13809E-2 1.66677E-2 1.05165E-2 1.20195E-2 7.33375E-3 8.32836E-3 1.75747E-2 1.3749E-2 2.82631E-2 3.95928E-2 2.19201E-2 1.76783E-2 1.91758E-2 3.71357E-2 3.22797E-2 1.18153E-2 2.18979E-3 3.87764E-3 8.75799E-3 2.27263E-2 2.7644E-2 3.71279E-2 3.36119E-2 5.09034E-2 6.607E-2 1.59653E-1 -9999 -9999 -9999 -9999
-9999 -9999 -9999 -9999 -9999 -9999 -9999 -9999 -9999 -9999 -9999 -9999 -9999 -9999 9.99214E-2 5.12476E-2 1.98614E-2 1.3331E-2 1.22001E-2 6.06293E-2 5.41878E-2 2.20553E-2 1.02998E-2 7.57675E-3 2.92737E-3 1.22149E-2 4.26498E-3 1.99852E-3 5.1465E-3 4.79426E-3 8.58166E-3 1.50373E-2 1.30714E-2 1.16551E-2 1.81175E-2 1.11223E-2 1.56783E-2 1.58864E-2 1.00164E-2 1.43758E-2 8.45911E-3 9.31827E-3 1.51497E-2 1.84281E-2 2.1627E-2 2.22305E-2 2.60803E-2 2.55206E-2 1.9108E-2 2.50132E-2 2.80295E-2 9.96165E-3 1.18513E-3 2.97474E-3 7.98309E-3 1.8671E-2 2.17561E-2 2.37022E-2 3.4152E-2 4.41717E-2 8.17899E-2 8.21432E-2 1.82079E-1 -9999 -9999 -9999
-9999 -9999 -9999 -9999 -9999 -9999 -9999 6.82729E-1 4.45289E-1 -9999 -9999 -9999 -9999 -9999 4.70019E-2 2.26222E-2 2.53903E-2 2.26251E-2 2.18781E-2 1.24964E-2 8.19863E-2 6.26568E-3 4.42209E-3 7.3192E-3 3.18302E-3 1.4567E-2 1.78612E-3 1.18049E-3 4.71644E-3 5.56347E-3 7.61432E-3 7.96327E-3 7.08515E-3 1.0992E-2 1.13039E-2 8.30946E-3 6.90806E-3 8.18107E-3 7.88777E-3 1.22318E-2 8.18906E-3 1.98548E-2 1.90411E-2 2.1238E-2 2.17998E-2 3.81878E-2 3.89777E-2 4.63514E-2 3.39956E-2 3.30116E-2 1.68037E-2 6.60697E-3 1.61226E-3 2.07904E-3 4.21488E-3 8.57929E-3 1.65622E-2 1.63978E-2 2.69142E-2 4.88436E-2 7.18121E-2 6.72267E-2 1.57188E-1 1.187E-1 -9999 -9999
-9999 -9999 -9999 -9999 -9999 -9999 -9999 -9999 3.23774E-1 -9999 -9999 -9999 -9999 -9999 -9999 2.08747E-2 1.99092E-2 1.21036E-2 3.28814E-3 1.72631E-3 5.80197E-2 1.08839E-2 3.45706E-3 5.13936E-3 9.04831E-3 8.40129E-3 1.26641E-3 1.6431E-3 3.50211E-3 7.25801E-3 6.52041E-3 4.8269E-3 5.33488E-3 5.64423E-3 8.39094E-3 8.07351E-3 5.86302E-3 7.97164E-3 8.78691E-3 9.35354E-3 1.96467E-2 2.80773E-2 2.0257E-2 1.69002E-2 1.91965E-2 2.66057E-2 4.69924E-2 6.2009E-2 2.80804E-2 3.5032E-2 3.23816E-2 7.23341E-3 4.00628E-3 4.67698E-3 1.36638E-3 4.3034E-3 8.18545E-3 1.5547E-2 1.61353E-2 3.62737E-2 6.3901E-2 6.57975E-2 7.76644E-2 9.75686E-2 1.07026E-1 -9999
-9999 -9999 -9999 -9999 -9999 -9999 -9999 -9999 -9999 4.81406E-1 -9999 -9999 -9999 -9999 -9999 -9999 1.72473E-2 8.01391E-3 5.33984E-4 2.76494E-4 9.60363E-3 4.70187E-2 5.71396E-3 3.46906E-3 1.13003E-1 4.93416E-3 2.27471E-3 2.65056E-3 3.58068E-3 7.61495E-3 5.62121E-3 4.45829E-3 2.92622E-3 4.47722E-3 3.5644E-3 4.85133E-3 6.23959E-3 9.90962E-3 4.39701E-3 1.51092E-2 2.7795E-2 3.03247E-2 3.21945E-2 1.45524E-2 9.47243E-3 2.16056E-2 3.54579E-2 4.4334E-2 5.5173E-2 5.19025E-2 1.97812E-2 1.06838E-2 4.15081E-2 6.45919E-3 8.57997E-4 1.45832E-3 3.56596E-3 9.9114E-3 1.53095E-2 2.42918E-2 2.72E-2 7.20116E-2 8.79402E-2 1.09366E-1 -9999 -9999
-9999 -9999 -9999 -9999 -9999 -9999 -9999 -9999 -9999 -9999 3.25573E-1 -9999 -9999 -9999 -9999 -9999 1.30066E-2 1.84352E-2 2.16555E-3 2.34653E-4 2.91586E-3 1.09452E-2 1.49312E-2 1.0345E-2 8.1051E-3 6.339E-3 4.16205E-3 2.9069E-2 4.32064E-2 4.43078E-3 4.06743E-3 2.45603E-3 2.59669E-3 3.97528E-3 4.56952E-3 3.45272E-3 6.02284E-3 7.90946E-3 1.08121E-2 9.9403E-3 1.28108E-2 2.47235E-2 3.2269E-2 1.24243E-2 1.57082E-2 3.11319E-2 4.86544E-2 5.06278E-2 6.77733E-2 6.37954E-2 4.47835E-2 2.4176E-2 3.4697E-2 1.09522E-2 1.38786E-3 9.73948E-4 1.50921E-3 3.94141E-3 7.60454E-3 1.43413E-2 6.49314E-3 2.00159E-2 5.53989E-2 6.19525E-2 -9999 -9999
-9999 -9999 -9999 -9999 -9999 -9999 -9999 -9999 -9999 -9999 -9999 -9999 -9999 -9999 -9999 -9999 2.51848E-2 2.02466E-2 3.47832E-3 4.45676E-3 6.93209E-3 3.7252E-3 9.70847E-3 1.10302E-2 8.74603E-2 6.5868E-2 4.56497E-3 3.72415E-2 3.74614E-2 3.18283E-3 3.06145E-3 3.23804E-3 3.08457E-3 3.50984E-3 2.47681E-3 3.64832E-3 5.17512E-3 8.57967E-3 2.39389E-2 2.02101E-2 9.04617E-3 1.48322E-2 2.53724E-2 2.61422E-2 3.16654E-2 2.90686E-2 5.37388E-2 7.26336E-2 6.24451E-2 8.68781E-2 5.49183E-2 5.3845E-2 2.81176E-2 8.12953E-3 3.4536E-3 1.00915E-3 6.92351E-4 1.46614E-3 3.24889E-3 8.99929E-3 1.37482E-2 2.31649E-2 7.70837E-2 8.01659E-2 1.01138E-1 -9999
-9999 -9999 -9999 -9999 -9999 -9999 -9999 -9999 -9999 -9999 -9999 -9999 -9999 -9999 -9999 4.88996E-2 2.22851E-2 2.6664E-2 9.57913E-3 2.576E-3 1.84728E-2 5.07448E-3 2.74994E-3 3.12991E-3 6.50723E-3 5.32453E-2 7.78821E-2 4.5636E-2 2.94689E-2 1.50869E-3 3.72683E-3 1.45E-3 1.47935E-3 2.31888E-3 2.06873E-3 1.71192E-2 4.14912E-3 2.37219E-2 2.5118E-2 3.1133E-2 3.5037E-2 1.77658E-2 1.92393E-2 2.74442E-2 2.11191E-2 1.97331E-2 2.0386E-2 2.73766E-2 4.53357E-2 3.5675E-2 2.76479E-2 5.95929E-2 3.06848E-2 2.31123E-2 8.301E-3 4.8634E-3 5.34115E-4 3.64329E-4 7.58537E-4 1.21768E-3 1.27887E-2 3.60588E-2 7.60588E-2 7.87469E-2 9.68583E-2 -9999
-9999 -9999 -9999 -9999 -9999 -9999 -9999 -9999 -9999 -9999 -9999 -9999 -9999 -9999 1.70912E-1 6.51752E-2 1.96258E-1 2.32569E-2 7.89292E-4 1.06122E-4 2.32671E-3 4.6334E-3 3.36959E-3 2.41315E-3 4.883E-3 6.904E-3 8.31534E-3 2.69542E-2 4.03486E-2 2.47981E-2 2.61827E-3 2.02551E-3 1.10271E-2 1.44766E-3 8.83811E-3 1.36075E-2 1.66022E-2 2.23068E-2 3.00022E-2 2.96044E-2 3.81441E-2 3.52207E-2 3.30054E-2 3.50387E-2 2.25368E-2 3.42322E-2 4.15041E-2 6.06503E-2 4.61406E-2 3.38603E-2 5.36471E-2 5.20353E-2 2.96977E-2 3.12592E-2 4.59421E-2 9.83479E-3 4.78503E-3 2.13568E-4 2.0982E-4 1.94285E-3 5.17135E-3 1.663E-2 5.44535E-2 1.01505E-1 1.89375E-1 -9999
-9999 -9999 -9999 -9999 -9999 -9999 -9999 -9999 -9999 -9999 -9999 -9999 -9999 -9999 -9999 1.26938E-1 2.48336E-2 1.55741E-3 1.63633E-4 5.03232E-4 3.53208E-4 1.47158E-3 3.55143E-3 3.05463E-3 3.37396E-3 5.62011E-3 4.79244E-3 4.18748E-3 3.26979E-2 2.29174E-2 2.556E-2 2.27864E-2 2.05145E-2 2.4659E-2 1.24902E-2 1.54148E-2 3.17403E-2 2.42883E-2 3.84541E-2 5.68429E-2 1.24211E-2 1.51094E-2 3.64749E-2 3.2941E-2 2.49113E-2 4.23249E-2 2.94526E-2 3.01286E-2 2.64422E-2 3.66715E-2 3.20805E-2 3.11851E-2 3.11513E-2 3.35354E-2 5.54159E-2 3.26248E-2 3.98395E-3 8.38137E-4 1.14153E-4 2.6934E-4 2.51924E-3 1.04659E-2 4.56215E-2 8.38188E-2 1.28621E-1 1.07885E-1
-9999 -9999 -9999 -9999 -9999 -9999 -9999 -9999 -9999 -9999 -9999 -9999 -9999 2.15543E-1 1.3174E-1 2.16953E-2 9.65003E-4 5.3375E-5 5.10742E-5 6.74833E-4 4.80151E-4 1.49293E-3 1.67672E-3 1.85944E-3 3.81033E-3 7.2749E-3 6.51503E-3 2.97766E-2 3.39287E-2 3.90583E-2 5.49605E-2 3.53465E-2 3.11893E-2 4.09578E-2 2.90411E-2 2.89984E-2 3.07634E-2 3.02302E-2 5.83136E-2 4.89582E-2 2.76327E-2 8.95127E-3 4.01772E-2 4.44401E-2 2.88316E-2 1.82354E-2 1.41317E-2 2.05213E-2 2.68734E-2 3.20663E-2 2.69892E-2 2.7687E-2 2.65411E-2 2.92489E-2 3.57113E-2 3.47692E-2 1.63086E-2 1.25791E-3 2.39482E-4 1.99158E-4 6.0648E-4 5.66076E-3 2.49658E-2 3.57535E-2 6.72373E-2 8.94812E-2
-9999 -9999 -9999 -9999 -9999 -9999 -9999 -9999 -9999 -9999 -9999 -9999 -9999 -9999 5.29916E-1 9.54309E-2 4.58118E-3 3.37014E-3 1.06509E-3 1.84857E-4 1.0495E-3 1.26214E-3 1.43489E-3 3.27665E-3 3.12744E-3 3.02229E-3 1.12917E-2 7.26458E-2 3.49402E-2 5.28403E-2 4.90327E-2 3.14453E-2 4.80708E-2 4.51666E-2 3.45894E-2 2.25446E-2 3.37814E-2 3.43296E-2 3.49526E-2 3.01682E-2 2.82268E-2 6.03572E-2 4.67169E-2 4.5933E-2 1.90369E-2 1.22937E-2 4.12916E-3 8.27509E-3 1.39248E-2 1.4427E-2 9.14718E-3 2.53503E-2 2.87306E-2 2.38386E-2 2.65478E-2 9.62532E-3 1.06521E-2 1.40186E-2 2.15448E-3 2.00611E-4 5.38471E-5 1.15053E-3 9.65976E-3 2.18749E-2 2.4294E-2 2.73787E-2
-9999 -9999 -9999 -9999 -9999 -9999 -9999 -9999 -9999 -9999 -9999 -9999 -9999 -9999 3.69204E-1 4.08759E-1 5.06201E-1 1.12023E-1 8.13588E-3 3.85764E-3 6.1119E-4 3.80047E-3 3.66632E-3 8.66683E-3 5.69871E-3 8.89795E-4 9.58117E-3 4.46682E-2 3.2501E-2 3.30564E-2 1.90417E-2 4.16251E-2 3.45212E-2 3.78125E-2 3.72252E-2 2.06764E-2 2.06006E-2 2.80943E-2 2.21347E-2 2.83128E-2 2.29401E-2 4.46306E-2 4.7169E-2 4.39767E-2 2.09564E-2 9.98308E-3 7.75982E-3 4.50705E-3 3.7488E-3 4.62792E-3 4.38206E-3 2.18125E-2 3.79851E-2 2.12623E-2 1.69349E-2 1.43439E-2 2.33031E-3 1.09275E-2 5.34057E-3 1.13819E-3 2.60837E-4 4.24827E-4 2.2082E-3 6.75103E-3 1.52161E-2 2.50196E-2
-9999 -9999 -9999 -9999 -9999 -9999 -9999 -9999 -9999 -9999 -9999 -9999 -9999 -9999 -9999 4.04258E-1 6.20216E-1 1.35951E-1 2.28154E-2 7.14942E-3 1.05377E-3 4.11305E-3 5.4717E-3 1.71495E-2 1.22627E-2 1.87407E-3 1.22876E-2 6.32553E-3 3.30607E-3 5.47054E-3 1.93245E-2 2.43811E-2 2.39621E-2 2.35765E-2 2.4807E-2 1.52797E-2 1.37542E-2 1.96127E-2 1.86285E-2 1.85223E-2 2.9977E-2 5.08405E-2 4.75313E-2 2.55077E-2 1.16518E-2 1.35096E-2 1.01139E-2 3.2356E-3 2.25857E-3 1.908E-3 1.69598E-3 7.48523E-3 1.80546E-2 2.23103E-2 2.08463E-2 1.63693E-2 4.85371E-3 1.18721E-3 9.92721E-4 1.25049E-3 2.06343E-3 1.389E-3 1.12258E-3 6.78684E-4 1.92109E-3 5.94515E-3
-9999 -9999 -9999 -9999 -9999 -9999 -9999 -9999 -9999 -9999 -9999 -9999 -9999 -9999 -9999 3.54117E-1 3.69301E-1 4.13152E-1 2.14568E-2 5.13349E-3 2.5182E-3 1.82288E-2 2.669E-2 4.61318E-2 3.17441E-2 7.68154E-3 4.12246E-3 8.10035E-3 1.42269E-2 1.74382E-2 1.28729E-2 4.94001E-2 3.11764E-2 3.21638E-3 4.41124E-3 8.19704E-3 4.23077E-3 1.26241E-2 1.40231E-2 1.20638E-2 1.61249E-2 2.47048E-2 1.35276E-2 3.89968E-3 3.75384E-3 1.15058E-2 2.29101E-4 9.89675E-4 1.2306E-3 4.72165E-4 7.22904E-4 3.48393E-3 1.00587E-2 2.43756E-2 2.9658E-2 2.74213E-2 1.07355E-2 4.62867E-3 8.09803E-4 1.01108E-3 1.72845E-3 3.1819E-3 2.36986E-3 6.22884E-4 6.51779E-4 4.15964E-4
-9999 -9999 -9999 -9999 -9999 -9999 -9999 -9999 -9999 -9999 -9999 -9999 -9999 -9999 -9999 -9999 3.84355E-1 4.42582E-1 1.00461E-1 1.5937E-2 3.6458E-2 4.06784E-3 1.24281E-3 1.16868E-2 5.47952E-2 1.39333E-2 5.06621E-4 1.73003E-2 2.18036E-2 2.31451E-2 1.29131E-1 1.69542E-1 1.00649E-1 1.11082E-2 3.61859E-3 5.0181E-3 3.65557E-3 7.21955E-3 1.30393E-2 8.65245E-3 1.01823E-2 2.27685E-2 3.80667E-2 6.17867E-3 4.71103E-3 1.01903E-2 7.97276E-5 1.2363E-4 8.83123E-4 7.62446E-5 3.93054E-4 5.45828E-4 1.15174E-2 3.55258E-2 4.28268E-2 6.67131E-3 3.14468E-3 4.42491E-3 3.3811E-3 1.42175E-3 1.59142E-3 2.92856E-3 4.78995E-3 3.92443E-3 1.37232E-3 6.23765E-5
-9999 -9999 -9999 -9999 -9999 -9999 -9999 -9999 -9999 -9999 -9999 -9999 -9999 -9999 -9999 -9999 -9999 5.00215E-1 3.99668E-1 7.40712E-2 9.2012E-3 2.55764E-3 1.2246E-2 1.15883E-2 2.69661E-2 1.43265E-1 2.62714E-2 6.57051E-2 2.47137E-2 4.1669E-2 3.53302E-1 4.77875E-1 1.76263E-1 3.10962E-2 2.56652E-4 1.03926E-2 1.05545E-1 1.54467E-2 3.5875E-3 2.03891E-3 1.32338E-2 3.8854E-2 6.09142E-2 3.23679E-2 5.46775E-2 2.9049E-2 1.83254E-4 1.05272E-4 1.20906E-4 2.48688E-4 1.57124E-3 5.20444E-4 9.51238E-3 5.20126E-2 4.26491E-2 3.35338E-4 8.36683E-4 2.73489E-3 4.13517E-3 5.09978E-3 3.25095E-3 4.57748E-3 4.43965E-3 6.07292E-3 5.26359E-4 2.08886E-4
-9999 -9999 -9999 -9999 -9999 -9999 -9999 -9999 -9999 -9999 -9999 -9999 -9999 -9999 -9999 -9999 -9999 -9999 4.08039E-1 3.62574E-1 2.61255E-1 1.28947E-1 1.05072E-1 2.86232E-2 1.47042E-1 5.12717E-1 3.75497E-1 2.63848E-1 3.81572E-2 7.45375E-2 6.16937E-1 4.50375E-1 5.14721E-1 1.76654E-1 1.13344E-1 1.89151E-1 3.0192E-1 5.25066E-2 1.73215E-2 4.69919E-2 5.33935E-2 7.0136E-2 5.66124E-2 8.05257E-2 1.04255E-1 5.24011E-2 4.51326E-2 2.28096E-3 3.79925E-5 6.23119E-4 1.43709E-3 7.72198E-4 4.50151E-4 1.19614E-2 2.72008E-2 8.8081E-4 3.42293E-4 2.03206E-2 1.25205E-2 7.31369E-4 1.41392E-3 6.17255E-3 6.29535E-3 5.10302E-3 8.5706E-5 6.34276E-4
-9999 -9999 -9999 -9999 -9999 -9999 -9999 -9999 -9999 -9999 -9999 -9999 -9999 -9999 -9999 -9999 -9999 -9999 -9999 -9999 4.22028E-1 3.60956E-1 3.68434E-1 2.75662E-1 3.92249E-1 3.50141E-1 4.74908E-1 4.32465E-1 9.40387E-2 1.04953E-1 5.59514E-1 4.48333E-1 5.82845E-1 6.88248E-1 5.6878E-1 5.926E-1 4.20403E-1 1.58171E-1 6.84207E-2 1.89474E-1 1.9411E-1 1.22688E-1 1.24814E-1 9.84312E-2 1.31808E-1 7.05655E-2 6.2317E-2 1.00013E-2 6.0057E-5 6.70097E-6 1.05184E-3 7.12151E-4 4.90561E-4 6.72601E-4 3.73781E-3 1.67731E-3 8.7977E-5 1.36124E-2 2.89112E-2 6.78955E-3 4.30329E-3 6.81223E-3 6.16807E-3 1.60726E-3 6.22785E-6 4.0518E-4
-9999 -9999 -9999 -9999 -9999 -9999 -9999 -9999 -9999 -9999 -9999 -9999 -9999 -9999 -9999 -9999 -9999 -9999 -9999 -9999 -9999 -9999 3.22237E-1 3.75843E-1 4.93476E-1 4.05632E-1 3.41637E-1 5.31592E-1 1.4225E-1 4.76028E-2 1.17298E-1 5.36311E-1 5.82741E-1 6.77135E-1 7.69318E-1 8.13808E-1 8.1168E-1 4.83931E-1 2.99691E-1 3.65347E-1 3.62523E-1 3.04568E-1 2.1733E-1 2.40499E-1 1.07157E-1 6.77395E-2 3.3515E-2 3.40117E-2 1.48212E-3 7.33037E-3 1.84585E-2 2.72472E-2 7.34282E-2 9.73532E-2 6.74585E-2 1.60749E-2 8.44179E-3 6.5991E-2 3.58683E-2 2.94103E-2 2.39371E-2 2.61781E-2 1.08828E-2 6.15581E-3 2.48252E-4 2.40653E-3
-9999 -9999 -9999 -9999 -9999 -9999 -9999 -9999 -9999 -9999 -9999 -9999 -9999 -9999 -9999 -9999 -9999 -9999 -9999 -9999 -9999 -9999 -9999 -9999 2.61599E-1 4.00976E-1 4.11914E-1 1.96421E-1 5.3763E-2 2.30465E-2 1.44601E-2 4.58597E-1 4.45298E-1 6.98152E-1 8.12805E-1 8.39442E-1 8.27665E-1 9.19607E-1 8.09405E-1 3.22315E-1 5.82127E-1 5.06417E-1 3.82863E-1 3.29179E-1 1.98073E-1 8.13997E-2 6.09395E-2 3.54834E-2 3.55831E-2 5.17264E-2 5.23909E-2 6.3418E-2 7.05434E-2 1.10143E-1 1.40982E-1 9.80001E-2 7.28435E-2 1.26728E-1 1.66897E-1 1.26412E-1 9.34759E-2 7.31242E-2 2.52146E-2 9.60394E-3 3.97723E-3 1.15848E-3
-9999 -9999 -9999 -9999 -9999 -9999 -9999 -9999 -9999 -9999 -9999 -9999 -9999 -9999 -9999 -9999 -9999 -9999 -9999 -9999 -9999 -9999 -9999 -9999 -9999 3.1488E-1 4.35766E-1 2.08066E-1 1.01201E-1 4.34161E-2 7.38628E-2 9.47718E-2 6.92443E-2 5.71078E-1 7.25233E-1 8.91008E-1 5.39352E-1 6.49552E-1 8.99614E-1 7.73923E-1 6.74897E-1 4.88391E-1 3.39135E-1 2.30406E-1 1.81484E-1 1.29253E-1 9.70601E-2 6.44907E-2 7.22405E-2 2.21019E-2 5.58891E-2 6.51295E-2 1.02335E-1 1.50492E-1 1.72859E-1 1.82612E-1 1.83298E-1 2.07793E-1 2.60202E-1 2.36322E-1 9.35489E-2 9.47728E-2 1.03199E-1 3.74402E-2 1.74641E-3 3.27831E-4
-9999 -9999 -9999 -9999 -9999 -9999 -9999 -9999 -9999 -9999 -9999 -9999 -9999 -9999 -9999 -9999 -9999 -9999 -9999 -9999 -9999 -9999 -9999 -9999 -9999 -9999 4.16415E-1 4.16268E-1 1.58623E-1 4.18224E-2 1.7258E-1 3.94574E-1 1.45017E-1 3.39884E-1 3.19573E-1 5.6484E-1 6.03689E-1 5.88973E-1 8.35987E-1 8.16629E-1 7.585E-1 5.09418E-1 3.70438E-1 3.05572E-1 2.10229E-1 1.72433E-1 1.63758E-1 1.07955E-1 7.81279E-2 1.03644E-1 6.91363E-2 5.81883E-2 9.97242E-2 1.40532E-1 2.30033E-1 2.00401E-1 2.69508E-1 2.88972E-1 3.49925E-1 1.94251E-1 9.80142E-2 1.16462E-1 8.02139E-2 8.67498E-2 5.09866E-2 5.5092E-4
-9999 -9999 -9999 -9999 -9999 -9999 -9999 -9999 -9999 -9999 -9999 -9999 -9999 -9999 -9999 -9999 -9999 -9999 -9999 -9999 -9999 -9999 -9999 -9999 -9999 -9999 -9999 4.53774E-1 4.84663E-1 3.36439E-1 2.74365E-1 2.23222E-1 6.10654E-1 5.99884E-1 5.75422E-1 6.42065E-1 6.66661E-1 6.63851E-1 9.17323E-1 2.89362E-1 2.97648E-1 4.57077E-1 3.73387E-1 2.94729E-1 1.86283E-1 1.69342E-1 1.71342E-1 1.53046E-1 1.03764E-1 1.3548E-1 1.17112E-1 1.36934E-1 1.3764E-1 2.16312E-1 2.68498E-1 2.87088E-1 3.36933E-1 2.85767E-1 2.04812E-1 3.67842E-1 5.27454E-1 3.65103E-1 1.22469E-1 1.02628E-1 1.90654E-1 1.21731E-2
-9999 -9999 -9999 -9999 -9999 -9999 -9999 -9999 -9999 -9999 -9999 -9999 -9999 -9999 -9999 -9999 -9999 -9999 -9999 -9999 -9999 -9999 -9999 -9999 -9999 -9999 -9999 -9999 -9999 -9999 2.84522E-1 2.47105E-1 2.41664E-1 2.65548E-1 1.90487E-1 2.33063E-1 6.2468E-1 7.48697E-1 6.07869E-1 7.22374E-1 2.00648E-1 3.40638E-1 2.8997E-1 2.3938E-1 2.06851E-1 1.73659E-1 2.45881E-1 2.967E-1 2.8713E-1 2.42028E-1 2.08289E-1 1.83791E-1 1.76854E-1 2.86338E-1 3.24674E-1 2.46852E-1 2.66418E-1 2.42478E-1 2.67162E-1 2.47791E-1 3.03283E-1 2.18314E-1 8.40392E-2 1.28745E-1 1.23148E-1 4.77056E-2
