Leopardus emiliae/Leopardus_emiliae.asc
ncols         515
nrows         545
xllcorner     -119.0
yllcorner     -58.333333333333
cellsize      0.166666666667
NODATA_value  -9999
[rows 435 to 463 of 545, columns 264 to 329 of 515]
-9999 -9999 -9999 -9999 -9999 -9999 -9999 4.08715E-2 4.5582E-3 1.18133E-3 1.89613E-3 4.50451E-3 5.03264E-3 2.32509E-3 6.74327E-4 2.96186E-4 2.68813E-5 1.19504E-5 2.12589E-5 2.20696E-5 6.29228E-5 1.2628E-4 2.92348E-4 9.00067E-4 1.65393E-3 2.07725E-3 8.21012E-4 6.51311E-4 1.10833E-3 9.55621E-4 7.899E-4 4.0641E-4 3.5746E-4 3.47557E-4 2.93543E-4 3.03077E-4 3.10085E-4 3.10761E-4 3.01613E-4 2.89738E-4 3.48591E-4 5.50496E-4 4.90037E-4 5.83531E-4 7.36789E-4 5.14854E-4 7.42084E-4 7.11422E-4 6.94504E-4 6.71012E-4 4.49914E-4 6.57894E-4 8.82846E-4 8.82837E-4 6.61229E-4 6.26175E-4 9.83129E-4 9.18777E-4 8.80415E-4 8.54098E-4 8.68231E-4 8.43106E-4 7.73275E-4 7.67931E-4 7.93939E-4 8.49415E-4
-9999 -9999 -9999 -9999 -9999 -9999 -9999 6.66311E-3 2.7596E-3 2.69991E-3 1.10669E-2 1.56566E-2 1.28318E-2 4.33603E-3 2.55043E-3 4.20548E-3 6.2793E-4 1.74356E-4 2.06841E-5 1.31315E-5 3.79885E-5 6.99152E-5 2.89193E-5 2.87851E-4 9.50616E-4 2.44341E-3 1.57367E-3 6.92808E-4 6.31316E-4 8.19796E-4 3.75624E-4 2.30121E-4 2.24959E-4 2.10725E-4 2.37242E-4 1.71933E-4 2.85312E-4 2.91164E-4 1.73144E-4 2.70422E-4 2.87167E-4 3.47825E-4 5.48478E-4 4.92122E-4 7.72538E-4 6.45422E-4 6.92311E-4 9.1873E-4 6.67204E-4 6.48697E-4 6.45048E-4 6.9911E-4 6.46218E-4 9.42252E-4 9.94587E-4 7.00958E-4 8.58852E-4 8.56335E-4 1.14389E-3 7.63105E-4 7.84436E-4 8.04462E-4 8.85004E-4 8.28078E-4 8.50932E-4 7.60211E-4
-9999 -9999 -9999 -9999 -9999 -9999 -9999 1.11768E-2 2.7134E-3 2.32327E-2 2.16991E-2 2.00402E-2 1.44678E-2 5.41867E-3 5.94682E-4 3.4957E-5 7.29776E-6 1.88238E-5 1.36252E-5 1.31151E-5 3.66477E-5 3.72833E-5 1.37629E-4 2.66009E-4 9.35553E-4 2.39461E-3 9.49336E-4 6.83985E-4 7.05146E-4 8.34854E-4 2.46922E-4 1.34768E-4 1.38428E-4 1.3988E-4 1.25565E-4 1.49854E-4 1.71195E-4 1.62205E-4 1.68342E-4 1.63345E-4 1.51929E-4 2.55983E-4 3.17654E-4 5.50427E-4 4.78846E-4 8.01469E-4 6.19902E-4 5.8905E-4 6.3364E-4 5.84489E-4 9.20371E-4 1.00075E-3 6.52803E-4 9.4219E-4 8.75008E-4 9.31856E-4 1.29941E-3 2.56247E-4 2.39012E-4 2.32791E-4 8.21955E-4 7.13944E-4 7.85883E-4 8.27608E-4 7.66967E-4 7.69884E-4
-9999 -9999 -9999 -9999 -9999 -9999 -9999 1.48283E-2 1.24206E-2 1.67845E-2 2.02229E-2 1.70942E-2 1.06955E-2 4.04268E-3 6.41206E-4 1.25432E-4 4.92788E-6 2.71391E-6 6.34989E-6 2.34272E-5 3.34476E-5 6.37148E-5 9.80709E-5 2.34315E-4 1.0168E-3 1.58471E-3 1.8406E-3 9.00294E-4 7.89147E-4 4.99563E-4 1.59438E-4 1.41046E-4 1.34309E-4 1.35709E-4 1.33223E-4 1.57748E-4 1.50464E-4 1.42089E-4 1.5758E-4 1.47342E-4 1.5127E-4 2.35845E-4 4.24802E-4 5.47752E-4 4.95266E-4 7.3573E-4 7.09028E-4 5.65192E-4 8.23703E-4 8.35166E-4 6.21304E-4 6.15061E-4 9.56253E-4 9.86688E-4 8.38102E-4 7.66857E-4 1.06427E-3 1.03105E-3 1.46155E-3 1.3056E-3 8.53946E-4 9.00485E-4 1.03227E-3 1.06917E-3 1.08008E-3 1.11046E-3
-9999 -9999 -9999 -9999 -9999 -9999 2.74154E-2 7.86679E-3 3.97116E-3 1.60661E-2 1.72044E-2 1.43044E-2 9.51607E-3 2.75076E-3 9.49956E-4 1.30548E-4 5.11227E-6 3.25113E-6 5.0919E-6 3.36382E-5 3.63196E-5 2.39222E-5 1.59235E-4 5.77869E-4 5.79839E-4 1.30759E-3 6.0113E-4 4.99272E-4 7.19414E-4 3.48156E-4 1.66642E-4 1.48666E-4 1.45977E-4 1.51211E-4 1.47219E-4 1.43903E-4 8.35558E-5 1.11689E-4 1.32007E-4 1.49008E-4 2.16588E-4 2.58081E-4 2.66797E-4 4.23801E-4 4.66195E-4 4.78746E-4 7.16562E-4 7.42592E-4 8.16097E-4 5.62031E-4 8.22614E-4 8.60134E-4 8.04738E-4 8.82293E-4 8.57917E-4 1.13838E-3 1.03762E-3 9.2224E-4 1.42985E-3 1.26364E-3 1.55381E-3 1.17311E-3 1.37946E-3 1.00545E-3 1.05012E-3 1.01147E-3
-9999 -9999 -9999 -9999 -9999 -9999 1.26274E-2 2.01921E-3 5.24112E-3 1.54802E-2 1.40269E-2 1.27895E-2 6.70737E-3 2.47792E-3 2.16163E-4 4.49413E-5 4.54409E-6 3.02235E-6 4.70123E-6 1.06984E-5 1.55277E-4 1.02149E-4 9.05212E-5 4.81582E-4 5.34496E-4 9.07379E-4 5.72888E-4 2.76172E-4 6.93749E-4 3.1892E-4 1.76496E-4 1.70206E-4 1.53876E-4 2.39005E-4 2.42314E-4 1.31417E-4 6.46867E-5 6.44878E-5 1.22878E-4 1.30978E-4 2.06257E-4 2.15283E-4 2.37089E-4 2.71099E-4 4.06946E-4 4.24321E-4 4.81386E-4 4.90886E-4 5.0439E-4 7.85588E-4 6.9839E-4 6.73691E-4 1.05088E-3 8.13825E-4 7.70115E-4 1.11954E-3 9.80608E-4 8.89416E-4 1.16995E-3 1.22005E-3 -9999 9.44164E-4 1.69256E-3 1.8601E-3 1.99413E-3 1.95989E-3
-9999 -9999 -9999 -9999 -9999 -9999 6.79418E-3 3.399E-3 2.36052E-2 1.27072E-2 1.15753E-2 8.33597E-3 1.57878E-2 1.11938E-2 1.8034E-4 4.9805E-6 4.21201E-6 2.01612E-6 2.26741E-6 1.69757E-5 5.0329E-5 4.0254E-4 8.87057E-4 8.8369E-4 6.63034E-4 8.70114E-4 6.43622E-4 5.63339E-4 4.29399E-4 2.15726E-4 1.88784E-4 1.55485E-4 2.21533E-4 2.47761E-4 2.43222E-4 1.39696E-4 1.19461E-4 1.16819E-4 1.19349E-4 1.95895E-4 1.93418E-4 1.99596E-4 2.14006E-4 2.37294E-4 2.32938E-4 2.24371E-4 2.6824E-4 2.9146E-4 2.68141E-4 4.6385E-4 4.86957E-4 5.7129E-4 9.16669E-4 1.11062E-3 1.08412E-3 1.04883E-3 1.37829E-3 1.48427E-3 1.95525E-3 9.15685E-4 -9999 -9999 -9999 -9999 1.74511E-3 1.54571E-3
-9999 -9999 -9999 -9999 -9999 -9999 2.42358E-2 7.88988E-3 1.57221E-2 1.01008E-2 7.58937E-3 7.42481E-3 1.21895E-2 2.32431E-3 2.47833E-4 2.165E-5 1.8822E-6 1.48719E-6 4.31101E-6 1.5789E-5 2.84967E-5 2.98248E-5 1.51617E-4 5.12242E-4 4.36364E-4 5.86266E-4 4.87434E-4 6.67934E-4 3.21838E-4 2.26882E-4 2.09466E-4 1.74758E-4 2.38482E-4 2.46911E-4 2.24087E-4 2.21893E-4 1.87769E-4 1.68387E-4 1.75538E-4 1.22591E-4 1.25686E-4 1.24219E-4 2.04529E-4 1.20046E-4 1.28367E-4 1.40422E-4 1.41334E-4 1.502E-4 1.40905E-4 1.45638E-4 2.50136E-4 4.47193E-4 8.15564E-4 8.3217E-4 1.1424E-3 9.99324E-4 1.46416E-3 1.48665E-3 1.35112E-3 1.98815E-3 -9999 -9999 -9999 -9999 -9999 -9999
-9999 -9999 -9999 -9999 -9999 -9999 6.64966E-2 1.68484E-2 1.30571E-2 1.31902E-2 1.43539E-2 6.41265E-3 3.11957E-3 1.1477E-3 4.0256E-5 1.00159E-5 7.18993E-6 3.15764E-6 9.63849E-6 2.46246E-5 2.80623E-5 3.27397E-5 3.20704E-5 1.42515E-4 4.46885E-4 6.57635E-4 3.74042E-4 3.25999E-4 1.7935E-4 1.6302E-4 2.35723E-4 2.00095E-4 1.70666E-4 2.56005E-4 1.53647E-4 1.41699E-4 1.20426E-4 1.64255E-4 1.2064E-4 1.16842E-4 1.24068E-4 1.17794E-4 1.09173E-4 1.18177E-4 1.21934E-4 1.29376E-4 1.39932E-4 7.62189E-5 7.74867E-5 1.38404E-4 2.35845E-4 4.45727E-4 7.21354E-4 7.79053E-4 1.1979E-3 1.13559E-3 1.64594E-3 1.46167E-3 1.26591E-3 1.97948E-3 -9999 -9999 -9999 -9999 -9999 -9999
-9999 -9999 -9999 -9999 -9999 -9999 -9999 4.46302E-2 3.31224E-2 1.68606E-2 1.06725E-2 9.72288E-3 8.4842E-3 7.75025E-4 3.10409E-5 1.66245E-5 1.66027E-5 6.43268E-6 1.85501E-5 2.35777E-5 1.1874E-4 8.83877E-5 4.04514E-5 6.30199E-5 2.39881E-4 5.54509E-4 4.37317E-4 3.26307E-4 1.66377E-4 1.30205E-4 1.27312E-4 1.28677E-4 1.01693E-4 1.41914E-4 1.18486E-4 7.47373E-5 1.02169E-4 1.22514E-4 1.14483E-4 1.07372E-4 1.0977E-4 1.11014E-4 1.26286E-4 1.41185E-4 1.22573E-4 1.25234E-4 1.3192E-4 1.21725E-4 1.26464E-4 1.63824E-4 2.66774E-4 5.03331E-4 8.08561E-4 8.49187E-4 1.37668E-3 1.26537E-3 1.20468E-3 1.70423E-3 1.50652E-3 2.02975E-3 1.50511E-3 -9999 -9999 -9999 -9999 -9999
-9999 -9999 -9999 -9999 -9999 3.22532E-2 3.75983E-2 2.70068E-2 2.61664E-2 1.73561E-2 1.21983E-2 8.61359E-3 7.49873E-3 1.21721E-3 9.01679E-5 1.26365E-5 1.13113E-5 4.27468E-5 2.4163E-5 1.98243E-5 8.04952E-5 8.62592E-5 3.96464E-5 1.36122E-4 5.15271E-4 4.6076E-4 4.87391E-4 3.60833E-4 2.81349E-4 2.23276E-4 1.19334E-4 1.15343E-4 1.02295E-4 1.01648E-4 8.28414E-5 4.58766E-5 7.12523E-5 1.14181E-4 1.15423E-4 6.70042E-5 6.1479E-5 1.03816E-4 1.19808E-4 1.30619E-4 1.2399E-4 1.26454E-4 2.50255E-4 2.64589E-4 2.41221E-4 2.70997E-4 4.61701E-4 4.85663E-4 7.87933E-4 8.54782E-4 8.72818E-4 1.20601E-3 1.12065E-3 1.22872E-3 1.64701E-3 2.49948E-3 1.30994E-3 -9999 -9999 -9999 -9999 -9999
-9999 -9999 -9999 -9999 -9999 3.71253E-2 1.81406E-2 1.85372E-2 1.57027E-2 2.4235E-2 1.78233E-2 1.54153E-2 6.71293E-3 1.6227E-3 8.32619E-5 4.49375E-5 2.50678E-6 8.95693E-6 9.35171E-5 1.35243E-5 2.91466E-4 2.12538E-4 2.59066E-4 7.69842E-4 8.77963E-4 8.05244E-4 4.11891E-4 6.01491E-4 3.0783E-4 2.64425E-4 2.15874E-4 1.06832E-4 1.05818E-4 9.23589E-5 7.79235E-5 6.93309E-5 7.90638E-5 7.08684E-5 6.78745E-5 6.71572E-5 3.72047E-5 6.5838E-5 1.18522E-4 1.21646E-4 1.17144E-4 1.41662E-4 2.15513E-4 4.06366E-4 4.43524E-4 4.92041E-4 5.14219E-4 7.85004E-4 8.25263E-4 8.25563E-4 1.26938E-3 1.26298E-3 1.21452E-3 1.81935E-3 1.68575E-3 2.40726E-3 -9999 -9999 -9999 -9999 -9999 -9999
-9999 -9999 -9999 -9999 -9999 3.18813E-2 2.06616E-2 1.25997E-2 7.56005E-3 1.39333E-2 -9999 -9999 -9999 3.70591E-3 6.31271E-4 4.64607E-5 5.42905E-6 6.68461E-6 5.78317E-5 6.74949E-5 8.73513E-4 2.40841E-4 3.02326E-4 4.10845E-4 8.04248E-4 9.16875E-4 7.05021E-4 5.80344E-4 2.73684E-4 4.0415E-4 3.78669E-4 1.90679E-4 1.57397E-4 8.01097E-5 5.45533E-5 7.40284E-5 4.80303E-5 3.18183E-5 4.21985E-5 4.27021E-5 3.80465E-5 6.42565E-5 7.50214E-5 1.07693E-4 1.19666E-4 2.43889E-4 3.72919E-4 4.02576E-4 7.22817E-4 4.57023E-4 5.38386E-4 7.93226E-4 8.11861E-4 7.53877E-4 1.26413E-3 1.13244E-3 1.80279E-3 1.84446E-3 1.88123E-3 2.73771E-3 2.30272E-3 -9999 -9999 -9999 -9999 2.5632E-3
-9999 -9999 -9999 -9999 6.45991E-2 5.7287E-3 1.57359E-3 1.10303E-2 6.72864E-3 1.1151E-2 2.08106E-2 1.39585E-2 6.84516E-3 2.13654E-3 1.16219E-4 7.49418E-5 1.5151E-5 1.18338E-5 5.31015E-5 1.58941E-4 6.64832E-5 2.73174E-4 1.2096E-3 7.41139E-4 1.02268E-3 7.44315E-4 1.12023E-3 5.77084E-4 4.00236E-4 2.36391E-4 2.22971E-4 1.97812E-4 2.87293E-4 1.55275E-4 1.23646E-4 6.40686E-5 6.61162E-5 6.85382E-5 3.94469E-5 6.6352E-5 6.7804E-5 3.91887E-5 7.58429E-5 1.24946E-4 2.30473E-4 3.54744E-4 4.48186E-4 4.634E-4 4.4517E-4 4.59938E-4 8.25291E-4 8.59659E-4 8.49435E-4 1.17858E-3 1.20159E-3 1.20205E-3 1.99846E-3 1.98537E-3 1.94222E-3 2.75963E-3 2.34164E-3 2.29516E-3 2.00563E-3 2.97702E-3 2.56552E-3 2.49964E-3
-9999 -9999 -9999 -9999 3.37972E-2 2.05112E-3 1.74648E-3 1.32046E-2 1.84112E-2 2.14915E-2 2.28557E-2 1.55658E-2 -9999 4.51692E-4 5.02619E-5 1.16363E-4 4.51391E-5 9.92913E-6 1.35952E-5 3.95972E-5 1.20179E-4 6.43194E-4 2.3538E-4 9.40425E-4 7.69353E-4 1.10944E-3 1.19963E-3 5.04951E-4 2.0937E-4 1.79313E-4 2.12867E-4 2.73559E-4 1.60782E-4 1.58676E-4 1.55087E-4 1.25617E-4 6.89049E-5 1.31879E-4 1.35676E-4 1.30672E-4 1.31395E-4 1.18402E-4 1.32016E-4 1.31603E-4 1.9789E-4 3.92386E-4 4.33586E-4 4.71694E-4 7.86547E-4 6.76903E-4 6.71233E-4 7.99146E-4 1.18936E-3 1.17667E-3 1.29481E-3 1.28717E-3 1.83057E-3 1.95963E-3 1.84151E-3 1.87099E-3 2.45019E-3 2.09504E-3 1.85233E-3 2.30844E-3 2.28712E-3 2.42129E-3
-9999 -9999 -9999 -9999 4.13893E-2 6.07533E-3 5.99899E-3 1.33375E-2 2.33307E-2 2.32593E-2 2.14161E-2 1.6317E-2 7.49409E-3 5.98786E-4 1.63514E-4 8.65859E-5 2.31803E-5 1.28302E-5 2.61605E-5 4.96495E-5 1.72338E-4 1.49446E-4 1.03805E-4 8.56076E-4 6.13636E-4 5.44317E-4 1.06137E-3 7.98435E-4 3.40794E-4 3.33367E-4 4.72226E-4 4.38856E-4 1.51225E-4 2.44334E-4 2.42752E-4 1.39579E-4 1.21732E-4 7.74495E-5 1.28241E-4 1.45578E-4 2.15002E-4 2.12067E-4 1.3236E-4 1.06134E-4 1.97365E-4 3.85486E-4 4.65542E-4 6.68104E-4 1.07364E-3 1.04557E-3 1.13058E-3 1.09981E-3 1.16209E-3 1.17323E-3 1.86755E-3 1.84482E-3 1.93621E-3 1.91035E-3 2.00954E-3 1.78228E-3 2.42706E-3 1.92721E-3 2.10848E-3 2.44867E-3 2.40285E-3 2.42606E-3
-9999 -9999 -9999 -9999 -9999 1.30337E-2 1.99719E-2 1.0774E-2 1.08764E-2 1.90273E-2 -9999 2.09623E-2 1.51474E-2 1.25487E-3 8.70989E-5 1.58154E-5 5.0775E-5 2.42715E-5 4.70321E-5 9.97501E-5 4.8906E-5 1.67215E-4 6.05696E-5 4.13186E-4 5.61178E-4 5.07711E-4 8.6641E-4 3.93604E-4 3.04678E-4 3.18216E-4 1.69068E-4 4.12631E-4 3.89214E-4 1.48059E-4 1.38849E-4 1.28143E-4 1.16521E-4 7.23992E-5 7.35204E-5 6.89506E-5 1.05783E-4 1.03995E-4 1.14108E-4 1.96405E-4 3.36381E-4 5.85184E-4 9.22696E-4 1.26752E-3 1.14564E-3 1.30814E-3 1.41828E-3 1.13841E-3 1.21334E-3 1.56363E-3 1.83231E-3 1.90773E-3 1.93226E-3 2.07387E-3 1.93754E-3 1.8821E-3 2.39532E-3 -9999 -9999 -9999 2.38177E-3 2.38852E-3
-9999 -9999 -9999 -9999 2.3209E-2 1.22841E-2 6.19068E-3 9.3326E-3 1.09242E-2 2.28311E-2 -9999 -9999 -9999 1.96852E-3 6.02022E-5 4.52697E-5 1.45451E-5 2.5394E-5 1.33428E-5 5.06442E-5 1.56217E-4 4.25323E-4 2.48587E-4 5.90978E-4 2.94348E-4 4.41851E-4 7.94604E-4 5.89419E-4 3.0265E-4 1.61265E-4 1.50675E-4 1.45664E-4 2.35406E-4 3.3253E-4 1.33049E-4 1.81626E-4 1.95358E-4 2.16458E-4 2.06037E-4 1.13332E-4 1.09956E-4 1.83945E-4 3.11206E-4 3.80718E-4 5.91588E-4 8.86941E-4 1.09672E-3 1.09212E-3 1.09126E-3 1.09988E-3 1.14647E-3 1.23857E-3 1.1547E-3 1.18777E-3 1.31657E-3 1.49445E-3 2.21581E-3 2.22687E-3 2.39444E-3 1.96023E-3 2.58287E-3 1.99419E-3 1.60237E-3 1.48169E-3 2.29125E-3 2.57635E-3
-9999 -9999 -9999 1.9775E-2 1.21155E-2 5.9078E-3 3.55396E-3 6.08508E-3 1.0484E-2 2.47707E-2 4.75895E-2 -9999 1.9193E-3 1.97366E-4 2.1041E-4 1.32198E-4 2.27555E-5 2.7579E-5 3.91225E-5 8.60075E-5 2.33269E-4 6.48149E-4 3.77326E-4 5.47021E-4 5.05574E-4 3.70816E-4 6.3494E-4 5.46197E-4 2.98735E-4 2.48858E-4 1.52219E-4 1.4475E-4 1.37183E-4 2.05351E-4 5.04216E-4 3.28764E-4 2.03474E-4 3.22301E-4 1.96915E-4 1.72159E-4 2.86621E-4 3.151E-4 4.60168E-4 4.85909E-4 7.84942E-4 7.01155E-4 1.00135E-3 1.02855E-3 9.88449E-4 1.0671E-3 8.49204E-4 1.06414E-3 1.03283E-3 1.12423E-3 1.28387E-3 1.3724E-3 2.01065E-3 2.10497E-3 2.11387E-3 1.95604E-3 2.59641E-3 1.95389E-3 1.58664E-3 1.43528E-3 -9999 -9999
-9999 -9999 -9999 1.08018E-2 7.57325E-3 5.92817E-3 4.05158E-3 5.47803E-3 1.79883E-2 -9999 -9999 8.40121E-3 2.79947E-3 1.67107E-4 2.45266E-5 1.28276E-4 4.3587E-5 1.60846E-5 9.07975E-5 3.81788E-5 2.59214E-4 4.18296E-4 2.26526E-4 3.24645E-4 4.4694E-4 2.15683E-4 3.13825E-4 4.65015E-4 2.4728E-4 1.50286E-4 2.29888E-4 1.36861E-4 8.15578E-5 1.21937E-4 3.2661E-4 3.51014E-4 3.21785E-4 3.34498E-4 5.32104E-4 3.03818E-4 5.11649E-4 5.4674E-4 7.87859E-4 7.61925E-4 7.63224E-4 7.67892E-4 7.5181E-4 7.70087E-4 7.98952E-4 9.35103E-4 9.54264E-4 9.99853E-4 1.14781E-3 1.163E-3 1.13313E-3 1.77563E-3 1.71284E-3 1.87543E-3 1.88666E-3 1.66656E-3 2.73027E-3 1.4431E-3 -9999 -9999 -9999 -9999
-9999 -9999 -9999 -9999 2.20773E-2 1.15993E-2 1.0028E-2 5.99139E-3 1.34488E-2 -9999 -9999 2.50246E-3 5.84667E-4 4.3909E-5 3.47991E-5 2.7756E-5 8.31384E-5 7.37266E-5 2.8298E-5 5.35701E-5 3.06579E-4 1.86228E-4 1.63622E-4 1.87569E-4 4.39583E-4 2.02815E-4 2.96683E-4 2.92388E-4 1.42728E-4 1.29459E-4 2.06487E-4 2.22075E-4 1.19524E-4 1.13639E-4 3.27784E-4 3.31752E-4 1.91583E-4 3.15968E-4 5.54456E-4 5.32201E-4 7.50574E-4 7.81551E-4 7.41701E-4 7.29275E-4 7.27857E-4 7.90744E-4 7.86604E-4 8.22733E-4 8.30685E-4 9.0905E-4 8.94789E-4 8.87774E-4 8.66695E-4 1.38965E-3 1.48155E-3 1.03135E-3 1.02914E-3 1.19143E-3 1.68443E-3 1.78237E-3 -9999 -9999 -9999 -9999 -9999 -9999
2.18107E-2 2.60051E-2 1.42723E-2 -9999 -9999 -9999 -9999 -9999 -9999 -9999 -9999 3.88848E-3 6.8578E-4 2.15263E-4 1.05708E-5 2.96977E-5 2.07716E-5 1.81088E-4 1.2712E-4 2.3165E-4 1.55712E-4 3.39352E-4 5.29043E-4 4.40077E-4 3.4606E-4 1.8339E-4 2.73193E-4 2.41267E-4 2.31013E-4 2.14836E-4 1.99075E-4 2.07407E-4 1.1901E-4 1.25193E-4 2.00423E-4 5.2807E-4 5.16343E-4 4.9215E-4 4.75865E-4 5.03033E-4 7.48899E-4 7.41884E-4 7.98632E-4 5.32252E-4 7.37382E-4 7.51384E-4 7.15442E-4 7.59165E-4 7.50749E-4 7.61082E-4 7.29285E-4 7.61298E-4 1.19192E-3 1.21935E-3 8.74762E-4 9.75335E-4 9.79088E-4 9.26967E-4 1.47094E-3 -9999 -9999 -9999 -9999 -9999 -9999 -9999
-9999 3.77247E-2 -9999 -9999 -9999 6.48445E-3 5.24002E-3 4.07765E-3 -9999 6.20987E-3 -9999 1.08483E-3 3.58544E-4 1.28231E-4 1.81026E-5 3.43958E-5 9.99741E-5 4.26489E-5 3.79247E-5 1.02361E-4 5.89547E-5 2.23489E-4 4.97807E-4 2.62294E-4 2.08332E-4 1.3234E-4 1.59589E-4 2.13652E-4 2.34451E-4 2.20663E-4 1.96109E-4 3.06541E-4 1.95485E-4 1.75502E-4 2.91399E-4 4.94033E-4 7.36377E-4 7.27548E-4 7.32157E-4 5.17421E-4 7.43322E-4 7.55843E-4 7.46488E-4 7.18529E-4 7.55562E-4 7.35989E-4 6.35742E-4 6.33936E-4 7.14451E-4 7.44828E-4 6.67549E-4 8.94312E-4 7.43158E-4 7.59345E-4 7.48717E-4 7.31967E-4 7.87628E-4 1.10015E-3 1.51065E-3 -9999 -9999 -9999 -9999 -9999 -9999 -9999
-9999 -9999 -9999 -9999 6.31252E-3 6.7011E-3 4.15758E-3 3.75838E-3 5.74148E-3 4.5273E-3 6.51897E-4 9.18456E-4 6.65204E-4 3.31319E-4 4.87047E-5 2.87972E-4 1.6898E-4 2.71754E-5 2.16924E-5 7.67572E-5 1.92181E-4 4.17131E-4 3.44456E-4 2.27458E-4 1.79169E-4 1.42261E-4 2.13584E-4 1.40129E-4 1.28653E-4 1.34675E-4 1.26917E-4 1.88822E-4 1.80881E-4 1.78537E-4 3.16669E-4 4.96237E-4 5.04993E-4 5.26763E-4 5.20342E-4 7.23552E-4 7.27979E-4 7.08415E-4 6.71522E-4 6.8696E-4 7.08811E-4 7.10892E-4 7.43629E-4 6.29616E-4 6.12937E-4 5.82235E-4 5.85012E-4 6.25926E-4 6.0236E-4 7.08055E-4 6.39215E-4 6.1811E-4 6.0318E-4 8.86817E-4 1.20677E-3 -9999 -9999 -9999 -9999 -9999 -9999 -9999
-9999 -9999 -9999 1.88874E-2 5.08783E-3 6.08645E-3 1.97957E-3 4.72158E-3 3.45339E-3 3.13942E-3 1.33381E-3 3.77909E-4 2.99747E-5 3.31411E-5 8.19443E-5 1.26581E-4 2.12511E-4 5.37069E-5 8.5027E-5 5.28596E-5 3.3432E-4 2.86373E-4 3.01711E-4 3.04473E-4 2.53635E-4 2.04918E-4 2.0209E-4 2.11036E-4 1.29023E-4 8.99934E-5 1.24869E-4 1.20914E-4 1.19638E-4 1.75635E-4 2.89092E-4 4.66581E-4 5.01586E-4 4.98308E-4 4.77597E-4 4.68878E-4 4.81455E-4 4.79874E-4 4.55697E-4 6.92027E-4 6.76837E-4 7.56181E-4 7.25128E-4 6.80022E-4 6.17605E-4 5.89113E-4 6.35824E-4 6.34872E-4 6.10862E-4 5.96206E-4 5.74108E-4 5.57046E-4 5.7403E-4 8.11923E-4 1.29314E-3 -9999 -9999 -9999 -9999 -9999 -9999 -9999
-9999 -9999 -9999 6.02683E-3 3.87007E-3 3.1124E-3 2.40446E-3 4.89207E-3 5.30715E-3 7.00593E-3 1.64731E-3 4.69116E-4 1.70481E-4 4.80764E-5 4.53349E-5 4.07484E-5 3.60384E-5 8.06628E-5 4.88943E-4 3.89314E-4 7.51428E-4 1.00255E-3 5.21448E-4 3.31081E-4 2.87077E-4 2.46111E-4 1.88698E-4 3.15682E-4 1.83778E-4 1.18773E-4 1.68604E-4 1.71751E-4 1.13867E-4 1.63378E-4 2.60328E-4 4.30974E-4 2.76828E-4 4.72043E-4 2.71966E-4 2.63989E-4 4.50282E-4 4.54575E-4 4.75422E-4 6.89998E-4 7.03029E-4 7.09398E-4 6.63815E-4 6.15199E-4 5.79724E-4 6.18454E-4 5.88985E-4 5.67463E-4 5.52805E-4 5.81048E-4 5.56408E-4 5.3499E-4 7.48018E-4 1.25467E-3 1.2753E-3 -9999 -9999 -9999 -9999 -9999 -9999 -9999
-9999 -9999 1.19416E-2 4.81346E-3 1.57594E-3 3.37362E-3 2.67961E-3 4.96917E-3 6.23606E-3 -9999 3.98087E-4 4.94981E-4 6.05323E-4 2.9966E-4 3.87441E-4 5.47552E-6 2.04121E-5 3.80665E-5 3.11634E-5 6.22794E-5 2.233E-4 2.92181E-4 3.06835E-4 2.42949E-4 2.83042E-4 2.25753E-4 3.17605E-4 3.1291E-4 2.7972E-4 1.74482E-4 1.83014E-4 1.74266E-4 1.66189E-4 1.69724E-4 2.63934E-4 4.15686E-4 4.16082E-4 2.65272E-4 1.5634E-4 4.35934E-4 4.86688E-4 7.40574E-4 7.23882E-4 7.1811E-4 6.90275E-4 6.77313E-4 6.1309E-4 6.30604E-4 6.11443E-4 5.82737E-4 5.38444E-4 5.85519E-4 5.39753E-4 5.27348E-4 7.95306E-4 8.93642E-4 9.13089E-4 1.34557E-3 1.44705E-3 -9999 -9999 -9999 -9999 -9999 -9999 -9999
-9999 3.61402E-2 1.58165E-2 6.53612E-3 1.83162E-3 2.32895E-3 2.79932E-3 9.58712E-4 3.4858E-3 1.54378E-3 4.44485E-4 1.94883E-4 2.64812E-4 7.71562E-4 9.76067E-5 3.50726E-5 2.18428E-5 4.21946E-5 9.24203E-5 2.69205E-4 3.61322E-4 5.46083E-4 2.76107E-4 2.30527E-4 2.91192E-4 2.17181E-4 2.99732E-4 3.11336E-4 2.85485E-4 2.75192E-4 2.61979E-4 1.65241E-4 1.13756E-4 1.1271E-4 2.52097E-4 4.31273E-4 4.36721E-4 2.62227E-4 1.51177E-4 2.51547E-4 2.58325E-4 4.52291E-4 6.64375E-4 6.60325E-4 6.46892E-4 6.01719E-4 6.30023E-4 5.99515E-4 5.73681E-4 5.34477E-4 5.60175E-4 5.36659E-4 5.47709E-4 6.21907E-4 9.83856E-4 1.53296E-3 1.52158E-3 1.62816E-3 1.6346E-3 -9999 -9999 -9999 -9999 -9999 -9999 -9999
-9999 5.81377E-2 1.37174E-2 3.53792E-3 2.37791E-3 2.84893E-3 2.17651E-3 1.2814E-3 2.0079E-3 4.9735E-4 2.55575E-4 8.32324E-5 4.04273E-4 9.60722E-4 1.15402E-4 3.49929E-5 1.30383E-4 8.64659E-5 7.86013E-5 8.79548E-5 1.07094E-4 8.21635E-5 8.33086E-5 1.14196E-4 1.56217E-4 3.37906E-4 3.17479E-4 3.14745E-4 2.83186E-4 2.80586E-4 2.57006E-4 1.52335E-4 1.13279E-4 1.56681E-4 4.11195E-4 4.42491E-4 4.49085E-4 4.4215E-4 4.3197E-4 3.82242E-4 6.22992E-4 6.04514E-4 5.99557E-4 6.49107E-4 6.45789E-4 6.18112E-4 5.90431E-4 5.79325E-4 5.86759E-4 5.48756E-4 5.4451E-4 9.4847E-4 9.76537E-4 9.8556E-4 1.53001E-3 1.82914E-3 1.34089E-3 -9999 -9999 -9999 -9999 -9999 -9999 -9999 -9999 -9999
