Leopardus emiliae/Leopardus_emiliae_projection 2041-2060_novel.asc
ncols         515
nrows         545
xllcorner     -119.0
yllcorner     -58.333333333333
cellsize      0.166666666667
NODATA_value  -9999
[rows 480 to 509 of 545, columns 268 to 334 of 515]
2.17671E-1 2.17671E-1 2.57247E-1 2.77036E-1 3.56189E-1 5.54071E-1 1.95904E0 5.85733E0 7.30187E0 6.58949E0 6.45097E0 3.99723E0 3.99723E0 5.83754E0 1.04482E1 1.1398E1 8.39022E0 5.79796E0 4.74918E0 3.99723E0 3.64104E0 3.48273E0 3.64104E0 3.99723E0 4.13575E0 4.5513E0 5.69902E0 6.03542E0 7.26229E0 7.61848E0 7.61848E0 7.49975E0 8.01425E0 8.70684E0 8.70684E0 9.14218E0 9.439E0 9.439E0 9.439E0 9.439E0 9.7754E0 9.7754E0 9.439E0 9.26091E0 9.26091E0 9.1026E0 8.84536E0 8.31107E0 8.13298E0 7.87573E0 7.61848E0 -9999 -9999 -9999 -9999 -9999 -9999 -9999 -9999 -9999 -9999 -9999 -9999 -9999 -9999 -9999 -9999
2.77036E-1 3.16612E-1 2.57247E-1 2.77036E-1 2.96824E-1 4.15554E-1 1.58306E0 2.71099E0 2.55269E0 4.74918E0 5.83754E0 5.83754E0 5.83754E0 8.74641E0 5.83754E0 3.99723E0 9.53794E0 6.7478E0 5.14495E0 4.13575E0 3.81914E0 3.64104E0 3.81914E0 4.31384E0 4.31384E0 4.5513E0 4.98664E0 6.47076E0 5.69902E0 7.02483E0 8.01425E0 7.49975E0 8.01425E0 8.70684E0 9.1026E0 9.439E0 9.7754E0 9.7754E0 9.14218E0 9.7754E0 9.7754E0 1.01118E1 1.03493E1 9.7754E0 9.53794E0 9.26091E0 9.26091E0 9.26091E0 9.26091E0 9.26091E0 -9999 -9999 -9999 -9999 -9999 -9999 -9999 -9999 -9999 -9999 -9999 -9999 -9999 -9999 -9999 -9999 -9999
2.77036E-1 2.77036E-1 -9999 -9999 2.96824E-1 4.15554E-1 8.11319E-1 1.36539E0 2.17671E0 4.49194E0 7.30187E0 5.83754E0 7.30187E0 1.04482E1 1.23875E1 8.74641E0 9.7754E0 7.26229E0 5.46156E0 4.5513E0 4.13575E0 3.81914E0 4.13575E0 4.5513E0 4.5513E0 4.31384E0 5.14495E0 5.58029E0 6.03542E0 7.26229E0 8.01425E0 8.01425E0 7.87573E0 8.84536E0 8.56832E0 9.1026E0 9.53794E0 1.01118E1 9.7754E0 9.53794E0 9.7754E0 1.01514E1 1.01514E1 9.7754E0 9.7754E0 9.53794E0 9.53794E0 9.53794E0 1.03888E1 1.03888E1 -9999 -9999 -9999 -9999 -9999 -9999 -9999 -9999 -9999 -9999 -9999 -9999 -9999 -9999 -9999 -9999 -9999
2.77036E-1 2.77036E-1 2.77036E-1 -9999 -9999 3.75977E-1 6.53013E-1 1.36539E0 2.05798E0 3.48273E0 6.45097E0 7.30187E0 7.30187E0 7.30187E0 1.23875E1 1.13585E1 8.84536E0 6.47076E0 5.58029E0 4.98664E0 4.31384E0 3.99723E0 4.31384E0 4.31384E0 4.13575E0 4.31384E0 5.14495E0 5.69902E0 7.26229E0 7.28208E0 7.26229E0 6.47076E0 7.26229E0 7.87573E0 8.56832E0 8.84536E0 8.84536E0 9.1026E0 9.26091E0 9.1026E0 9.26091E0 9.7754E0 9.7754E0 9.7754E0 9.7754E0 9.53794E0 9.7754E0 1.03888E1 1.06461E1 -9999 -9999 -9999 -9999 -9999 -9999 -9999 -9999 -9999 -9999 -9999 -9999 -9999 -9999 -9999 -9999 -9999 -9999
3.56189E-1 3.36401E-1 3.56189E-1 3.75977E-1 3.56189E-1 3.75977E-1 6.92589E-1 1.12793E0 2.05798E0 3.08697E0 5.7386E0 8.37044E0 1.23875E1 5.83754E0 1.04482E1 1.16553E1 9.1026E0 7.02483E0 5.58029E0 4.98664E0 4.31384E0 3.99723E0 3.81914E0 3.81914E0 3.64104E0 3.99723E0 4.78876E0 5.46156E0 5.58029E0 6.03542E0 6.7478E0 7.61848E0 7.26229E0 7.87573E0 8.13298E0 8.84536E0 8.31107E0 8.31107E0 8.56832E0 9.1026E0 9.26091E0 1.01514E1 1.01514E1 1.06461E1 1.03888E1 1.01514E1 1.03888E1 1.06461E1 -9999 -9999 -9999 -9999 -9999 -9999 -9999 -9999 -9999 -9999 -9999 -9999 -9999 -9999 -9999 -9999 -9999 -9999 -9999
3.95765E-1 3.75977E-1 3.75977E-1 4.15554E-1 1.28624E0 1.12793E0 6.92589E-1 9.69625E-1 1.95904E0 3.24528E0 5.4022E0 5.83754E0 8.74641E0 1.23875E1 1.23875E1 1.23875E1 8.74641E0 7.87573E0 5.69902E0 4.98664E0 4.31384E0 4.13575E0 3.99723E0 3.81914E0 3.99723E0 4.13575E0 4.13575E0 4.78876E0 5.28347E0 5.46156E0 5.87711E0 6.47076E0 7.02483E0 7.61848E0 8.31107E0 8.84536E0 8.84536E0 8.56832E0 9.1026E0 9.1026E0 9.53794E0 1.03888E1 1.08835E1 1.11408E1 1.08835E1 -9999 -9999 -9999 -9999 -9999 -9999 -9999 -9999 -9999 -9999 -9999 -9999 -9999 -9999 -9999 -9999 -9999 -9999 -9999 -9999 -9999 -9999
6.92589E-1 6.92589E-1 4.94707E-1 1.42476E0 5.7386E-1 4.5513E-1 5.7386E-1 1.58306E0 1.93925E0 3.93786E0 5.48135E0 5.83754E0 5.83754E0 8.74641E0 7.30187E0 5.83754E0 7.30187E0 8.31107E0 6.03542E0 4.98664E0 4.13575E0 3.99723E0 4.13575E0 3.64104E0 3.48273E0 3.64104E0 3.81914E0 4.31384E0 4.78876E0 5.28347E0 5.69902E0 6.03542E0 6.47076E0 7.02483E0 7.61848E0 7.87573E0 8.31107E0 8.56832E0 8.84536E0 9.26091E0 9.7754E0 1.01514E1 1.06461E1 1.11408E1 -9999 -9999 -9999 -9999 -9999 -9999 -9999 -9999 -9999 -9999 -9999 -9999 -9999 -9999 -9999 -9999 -9999 -9999 -9999 -9999 -9999 -9999 -9999
6.92589E-1 5.54071E-1 6.53013E-1 1.5237E0 5.7386E-1 4.5513E-1 8.90472E-1 1.36539E0 3.68062E0 4.74918E0 5.85733E0 7.14356E0 5.83754E0 3.99723E0 7.30187E0 1.04482E1 9.26091E0 7.26229E0 5.69902E0 4.78876E0 4.13575E0 3.99723E0 3.99723E0 3.81914E0 3.64104E0 3.48273E0 3.48273E0 3.81914E0 4.31384E0 4.98664E0 5.46156E0 5.58029E0 5.87711E0 7.02483E0 7.61848E0 8.56832E0 9.1026E0 9.53794E0 9.53794E0 9.7754E0 1.01514E1 1.03888E1 1.06461E1 -9999 -9999 -9999 -9999 -9999 -9999 -9999 -9999 -9999 -9999 -9999 -9999 -9999 -9999 -9999 -9999 -9999 -9999 -9999 -9999 -9999 -9999 -9999 -9999
9.69625E-1 8.11319E-1 8.90472E-1 1.93925E0 8.90472E-1 8.90472E-1 1.5237E0 1.82052E0 2.45374E0 4.90749E0 8.56832E0 1.23875E1 1.04482E1 5.83754E0 8.74641E0 1.12397E1 8.31107E0 7.26229E0 5.87711E0 4.98664E0 4.13575E0 3.64104E0 3.40358E0 3.40358E0 3.81914E0 3.48273E0 3.81914E0 4.13575E0 4.78876E0 4.98664E0 5.28347E0 5.69902E0 6.47076E0 7.61848E0 7.87573E0 8.31107E0 9.26091E0 9.7754E0 1.06461E1 1.08835E1 1.08835E1 -9999 -9999 -9999 -9999 -9999 -9999 -9999 -9999 -9999 -9999 -9999 -9999 -9999 -9999 -9999 -9999 -9999 -9999 -9999 -9999 -9999 -9999 -9999 -9999 -9999 -9999
9.89413E-1 1.87989E0 1.42476E0 1.82052E0 5.7386E-1 2.96824E-1 5.7386E-1 1.5237E0 2.17671E0 3.99723E0 8.25171E0 1.23875E1 1.37528E1 1.23875E1 1.23875E1 1.04482E1 8.13298E0 5.69902E0 5.28347E0 4.5513E0 3.81914E0 3.48273E0 3.48273E0 3.48273E0 3.64104E0 3.64104E0 3.64104E0 4.31384E0 4.78876E0 5.14495E0 5.28347E0 5.69902E0 6.7478E0 7.61848E0 8.13298E0 8.56832E0 9.53794E0 1.01514E1 1.06461E1 1.11408E1 -9999 -9999 -9999 -9999 -9999 -9999 -9999 -9999 -9999 -9999 -9999 -9999 -9999 -9999 -9999 -9999 -9999 -9999 -9999 -9999 -9999 -9999 -9999 -9999 -9999 -9999 -9999
9.89413E-1 1.40497E0 1.82052E0 2.61205E0 8.90472E-1 1.58306E-1 8.90472E-1 8.90472E-1 7.87573E0 5.83754E0 5.83754E0 8.74641E0 1.04482E1 1.37528E1 1.19323E1 9.1026E0 6.7478E0 5.46156E0 4.78876E0 4.31384E0 3.64104E0 3.48273E0 3.40358E0 3.40358E0 3.48273E0 3.48273E0 3.81914E0 4.13575E0 4.5513E0 5.14495E0 5.69902E0 6.03542E0 6.7478E0 7.02483E0 8.13298E0 8.84536E0 9.53794E0 1.03888E1 1.06461E1 1.08835E1 -9999 -9999 -9999 -9999 -9999 -9999 -9999 -9999 -9999 -9999 -9999 -9999 -9999 -9999 -9999 -9999 -9999 -9999 -9999 -9999 -9999 -9999 -9999 -9999 -9999 -9999 -9999
1.0092E0 -9999 2.71099E0 2.80993E0 5.7386E-1 2.96824E-1 1.5237E0 1.58306E0 9.81498E0 1.37528E1 9.73583E0 5.83754E0 8.74641E0 1.23875E1 1.16553E1 8.56832E0 6.03542E0 5.14495E0 4.5513E0 3.99723E0 3.64104E0 3.40358E0 3.40358E0 3.40358E0 3.48273E0 3.64104E0 3.99723E0 4.31384E0 4.5513E0 4.98664E0 4.98664E0 5.46156E0 6.03542E0 6.7478E0 7.26229E0 7.87573E0 8.84536E0 9.53794E0 1.01514E1 1.06461E1 -9999 -9999 -9999 -9999 -9999 -9999 -9999 -9999 -9999 -9999 -9999 -9999 -9999 -9999 -9999 -9999 -9999 -9999 -9999 -9999 -9999 -9999 -9999 -9999 -9999 -9999 -9999
9.89413E-1 -9999 2.17671E0 3.08697E0 4.5513E-1 5.7386E-1 8.90472E-1 1.58306E0 7.30187E0 1.06857E1 1.23875E1 1.23875E1 1.37528E1 1.19323E1 9.7754E0 7.28208E0 5.69902E0 5.14495E0 4.31384E0 3.81914E0 3.48273E0 3.40358E0 3.40358E0 3.34422E0 3.40358E0 3.40358E0 3.48273E0 3.81914E0 4.31384E0 4.5513E0 4.98664E0 4.98664E0 5.28347E0 5.58029E0 5.87711E0 -1.10072E-1 1.97883E-2 8.56832E0 9.1026E0 -9999 -9999 -9999 -9999 -9999 -9999 -9999 -9999 -9999 -9999 -9999 -9999 -9999 -9999 -9999 -9999 -9999 -9999 -9999 -9999 -9999 -9999 -9999 -9999 -9999 -9999 -9999 -9999
9.89413E-1 1.62264E0 2.55269E0 3.08697E0 5.7386E-1 5.7386E-1 1.5237E0 1.78094E0 3.36401E0 1.04482E1 1.23875E1 1.23875E1 1.23875E1 9.439E0 7.28208E0 6.5697E0 5.58029E0 4.98664E0 4.13575E0 3.81914E0 3.64104E0 3.81914E0 3.48273E0 3.40358E0 3.40358E0 3.48273E0 3.64104E0 3.64104E0 3.81914E0 3.99723E0 4.13575E0 4.5513E0 4.78876E0 5.14495E0 5.46156E0 5.69902E0 6.03542E0 7.26229E0 8.13298E0 -9999 -9999 -9999 -9999 -9999 -9999 -9999 -9999 -9999 -9999 -9999 -9999 -9999 -9999 -9999 -9999 -9999 -9999 -9999 -9999 -9999 -9999 -9999 -9999 -9999 -9999 -9999 -9999
9.89413E-1 2.09756E0 3.58168E0 5.7386E-1 1.58306E-1 5.7386E-1 1.12793E0 1.82052E0 2.25586E0 8.74641E0 1.04482E1 1.23875E1 1.36737E1 9.439E0 9.14218E0 8.39022E0 8.01425E0 6.98526E0 6.98526E0 5.87711E0 4.5513E0 3.81914E0 3.48273E0 3.64104E0 3.81914E0 3.48273E0 3.64104E0 3.99723E0 3.99723E0 3.99723E0 4.13575E0 4.13575E0 4.31384E0 4.5513E0 4.98664E0 5.28347E0 5.46156E0 6.03542E0 7.26229E0 -9999 -9999 -9999 -9999 -9999 -9999 -9999 -9999 -9999 -9999 -9999 -9999 -9999 -9999 -9999 -9999 -9999 -9999 -9999 -9999 -9999 -9999 -9999 -9999 -9999 -9999 -9999 -9999
1.04878E0 2.63184E0 3.99723E0 4.5513E-1 1.58306E-1 5.7386E-1 1.12793E0 1.82052E0 3.58168E0 8.74641E0 8.74641E0 1.04482E1 1.32977E1 9.14218E0 8.39022E0 7.28208E0 6.98526E0 5.69902E0 5.28347E0 3.81914E0 3.34422E0 3.16612E0 3.34422E0 3.40358E0 3.40358E0 3.40358E0 3.48273E0 3.48273E0 3.64104E0 3.81914E0 4.13575E0 4.13575E0 4.13575E0 4.31384E0 4.5513E0 4.5513E0 -9999 -9999 -9999 -9999 -9999 -9999 -9999 -9999 -9999 -9999 -9999 -9999 -9999 -9999 -9999 -9999 -9999 -9999 -9999 -9999 -9999 -9999 -9999 -9999 -9999 -9999 -9999 -9999 -9999 -9999 -9999
1.04878E0 2.43396E0 2.61205E0 8.90472E-1 2.96824E-1 4.5513E-1 1.58306E0 2.05798E0 9.73583E0 1.23875E1 1.23875E1 1.23875E1 7.49975E0 6.25309E0 5.32304E0 4.5513E0 4.5513E0 4.5513E0 4.13575E0 3.81914E0 3.64104E0 3.48273E0 3.48273E0 3.40358E0 3.34422E0 3.40358E0 3.64104E0 3.81914E0 4.31384E0 4.5513E0 4.5513E0 4.5513E0 4.31384E0 -9999 -9999 -9999 -9999 -9999 -9999 -9999 -9999 -9999 -9999 -9999 -9999 -9999 -9999 -9999 -9999 -9999 -9999 -9999 -9999 -9999 -9999 -9999 -9999 -9999 -9999 -9999 -9999 -9999 -9999 -9999 -9999 -9999 -9999
1.16751E0 2.90887E0 3.99723E0 2.61205E0 2.45374E0 5.7386E-1 1.5237E0 1.42476E0 3.68062E0 1.23875E1 1.23875E1 1.04482E1 8.74641E0 1.04482E1 9.439E0 8.70684E0 7.49975E0 5.28347E0 3.99723E0 4.13575E0 3.99723E0 3.81914E0 3.64104E0 3.64104E0 3.81914E0 3.81914E0 3.99723E0 3.99723E0 4.13575E0 4.5513E0 4.98664E0 4.5513E0 -9999 -9999 -9999 -9999 -9999 -9999 -9999 -9999 -9999 -9999 -9999 -9999 -9999 -9999 -9999 -9999 -9999 -9999 -9999 -9999 -9999 -9999 -9999 -9999 -9999 -9999 -9999 -9999 -9999 -9999 -9999 -9999 -9999 -9999 -9999
1.38518E0 3.83892E0 5.48135E0 -9999 3.99723E0 4.5513E-1 2.96824E-1 1.5237E0 2.96824E0 7.30187E0 5.83754E0 5.83754E0 5.83754E0 5.83754E0 6.7478E0 8.74641E0 7.61848E0 4.98664E0 4.31384E0 4.5513E0 4.13575E0 3.81914E0 3.81914E0 3.99723E0 4.13575E0 3.99723E0 4.31384E0 4.31384E0 4.31384E0 4.5513E0 4.78876E0 -9999 -9999 -9999 -9999 -9999 -9999 -9999 -9999 -9999 -9999 -9999 -9999 -9999 -9999 -9999 -9999 -9999 -9999 -9999 -9999 -9999 -9999 -9999 -9999 -9999 -9999 -9999 -9999 -9999 -9999 -9999 -9999 -9999 -9999 -9999 -9999
1.40497E0 3.32443E0 3.58168E0 4.90749E0 1.5237E0 4.5513E-1 4.5513E-1 2.80993E0 3.08697E0 4.31384E0 5.34283E0 5.58029E0 3.99723E0 7.30187E0 6.7478E0 9.22133E0 7.02483E0 5.46156E0 4.98664E0 4.78876E0 4.5513E0 4.31384E0 4.13575E0 4.31384E0 4.31384E0 4.31384E0 4.31384E0 4.5513E0 4.5513E0 4.98664E0 5.58029E0 -9999 -9999 -9999 -9999 -9999 -9999 -9999 -9999 -9999 -9999 -9999 -9999 -9999 -9999 -9999 -9999 -9999 -9999 -9999 -9999 -9999 -9999 -9999 -9999 -9999 -9999 -9999 -9999 -9999 -9999 -9999 -9999 -9999 -9999 -9999 -9999
1.682E0 3.72019E0 2.8693E0 3.79935E0 8.90472E-1 4.5513E-1 2.61205E0 2.71099E0 2.33502E0 7.55912E0 9.81498E0 1.23875E1 1.07252E1 1.11408E1 9.1026E0 8.56832E0 8.31107E0 6.03542E0 5.58029E0 5.14495E0 4.78876E0 4.5513E0 4.13575E0 4.13575E0 4.13575E0 4.13575E0 4.31384E0 5.14495E0 5.28347E0 5.69902E0 6.03542E0 -9999 -9999 -9999 -9999 -9999 -9999 -9999 -9999 -9999 -9999 -9999 -9999 -9999 -9999 -9999 -9999 -9999 -9999 -9999 -9999 -9999 -9999 -9999 -9999 -9999 -9999 -9999 -9999 -9999 -9999 -9999 -9999 -9999 -9999 -9999 -9999
-9999 3.68062E0 3.08697E0 3.48273E0 1.5237E0 8.90472E-1 1.87989E0 2.41417E0 5.34283E0 6.82695E0 9.81498E0 9.97329E0 9.1026E0 9.22133E0 1.03888E1 9.7754E0 8.31107E0 7.02483E0 5.58029E0 5.46156E0 4.98664E0 4.5513E0 4.5513E0 4.5513E0 4.5513E0 4.5513E0 4.98664E0 5.69902E0 6.03542E0 6.7478E0 7.02483E0 -9999 -9999 -9999 -9999 -9999 -9999 -9999 -9999 -9999 -9999 -9999 -9999 -9999 -9999 -9999 -9999 -9999 -9999 -9999 -9999 -9999 -9999 -9999 -9999 -9999 -9999 -9999 -9999 -9999 -9999 -9999 -9999 -9999 -9999 -9999 -9999
-9999 -9999 4.03681E0 4.31384E0 3.99723E0 1.5237E0 1.87989E0 2.45374E0 4.03681E0 8.56832E0 1.23677E1 1.08242E1 1.04482E1 1.04482E1 1.04482E1 1.04482E1 1.04482E1 8.56832E0 6.03542E0 5.58029E0 5.46156E0 5.28347E0 5.14495E0 5.28347E0 5.28347E0 5.46156E0 5.69902E0 6.47076E0 7.26229E0 7.87573E0 8.56832E0 -9999 -9999 -9999 -9999 -9999 -9999 -9999 -9999 -9999 -9999 -9999 -9999 -9999 -9999 -9999 -9999 -9999 -9999 -9999 -9999 -9999 -9999 -9999 -9999 -9999 -9999 -9999 -9999 -9999 -9999 -9999 -9999 -9999 -9999 -9999 -9999
-9999 -9999 -9999 3.79935E0 3.79935E0 1.5237E0 2.41417E0 2.71099E0 2.80993E0 5.58029E0 7.30187E0 8.07361E0 8.74641E0 6.64886E0 7.30187E0 8.74641E0 1.04482E1 8.56832E0 8.13298E0 7.02483E0 6.47076E0 5.87711E0 5.58029E0 5.69902E0 5.69902E0 6.47076E0 6.7478E0 7.61848E0 8.56832E0 9.26091E0 9.53794E0 9.53794E0 -9999 -9999 -9999 -9999 -9999 -9999 -9999 -9999 -9999 -9999 -9999 -9999 -9999 -9999 -9999 -9999 -9999 -9999 -9999 -9999 -9999 -9999 -9999 -9999 -9999 -9999 -9999 -9999 -9999 -9999 -9999 -9999 -9999 -9999 -9999
-9999 -9999 3.58168E0 3.58168E0 2.8693E0 3.58168E0 2.33502E0 2.80993E0 3.08697E0 8.56832E0 1.04482E1 7.14356E0 8.74641E0 7.14356E0 6.64886E0 7.00505E0 6.45097E0 6.64886E0 9.34006E0 8.84536E0 8.31107E0 7.61848E0 7.02483E0 6.7478E0 7.02483E0 7.26229E0 8.31107E0 9.1026E0 9.26091E0 1.03888E1 1.11408E1 1.08835E1 -9999 -9999 -9999 -9999 -9999 -9999 -9999 -9999 -9999 -9999 -9999 -9999 -9999 -9999 -9999 -9999 -9999 -9999 -9999 -9999 -9999 -9999 -9999 -9999 -9999 -9999 -9999 -9999 -9999 -9999 -9999 -9999 -9999 -9999 -9999
-9999 -9999 3.08697E0 -9999 2.49332E0 3.93786E0 2.71099E0 2.96824E0 -9999 -9999 -9999 1.04482E1 8.88493E0 9.1026E0 8.07361E0 6.64886E0 5.58029E0 5.4022E0 6.82695E0 8.56832E0 9.26091E0 8.84536E0 8.13298E0 7.61848E0 8.31107E0 8.31107E0 9.1026E0 9.53794E0 1.03888E1 1.11408E1 1.15168E1 1.19521E1 -9999 -9999 -9999 -9999 -9999 -9999 -9999 -9999 -9999 -9999 -9999 -9999 -9999 -9999 -9999 -9999 -9999 -9999 -9999 -9999 -9999 -9999 -9999 -9999 -9999 -9999 -9999 -9999 -9999 -9999 -9999 -9999 -9999 -9999 -9999
-9999 3.24528E0 -9999 -9999 -9999 3.68062E0 2.80993E0 2.80993E0 -9999 -9999 -9999 1.04482E1 8.56832E0 7.55912E0 7.61848E0 7.14356E0 5.85733E0 5.7386E0 6.2333E0 8.01425E0 1.05076E1 1.11408E1 9.7754E0 8.84536E0 9.53794E0 9.7754E0 1.03888E1 1.08835E1 1.11408E1 1.15168E1 1.19521E1 1.20906E1 1.23281E1 -9999 -9999 -9999 -9999 -9999 -9999 -9999 -9999 -9999 -9999 -9999 -9999 -9999 -9999 -9999 -9999 -9999 -9999 -9999 -9999 -9999 -9999 -9999 -9999 -9999 -9999 -9999 -9999 -9999 -9999 -9999 -9999 -9999 -9999
2.96824E0 2.8693E0 2.8693E0 2.41417E0 -9999 -9999 2.55269E0 2.80993E0 -9999 -9999 5.34283E0 6.58949E0 4.74918E0 6.27288E0 4.41278E0 5.85733E0 5.48135E0 5.7386E0 6.58949E0 8.07361E0 1.04482E1 1.04482E1 1.04482E1 1.15168E1 1.13585E1 1.12397E1 1.11408E1 1.12397E1 1.15168E1 1.21698E1 1.23281E1 1.21698E1 1.20906E1 1.23875E1 -9999 -9999 -9999 -9999 -9999 -9999 -9999 -9999 -9999 -9999 -9999 -9999 -9999 -9999 -9999 -9999 -9999 -9999 -9999 -9999 -9999 -9999 -9999 -9999 -9999 -9999 -9999 -9999 -9999 -9999 -9999 -9999 -9999
2.25586E0 1.82052E0 1.93925E0 1.93925E0 -9999 -9999 2.11734E0 2.49332E0 2.96824E0 3.36401E0 4.03681E0 5.4022E0 5.4022E0 3.99723E0 3.08697E0 4.63045E0 4.74918E0 5.20431E0 6.58949E0 8.88493E0 1.04482E1 8.74641E0 1.04482E1 1.04482E1 1.04482E1 1.04482E1 1.04482E1 1.04482E1 1.23281E1 -9999 -9999 -9999 -9999 1.04482E1 1.04482E1 -9999 -9999 -9999 -9999 -9999 -9999 -9999 -9999 -9999 -9999 -9999 -9999 -9999 -9999 -9999 -9999 -9999 -9999 -9999 -9999 -9999 -9999 -9999 -9999 -9999 -9999 -9999 -9999 -9999 -9999 -9999 -9999
-9999 2.05798E0 -9999 -9999 1.87989E0 2.25586E0 2.11734E0 2.45374E0 2.25586E0 2.71099E0 3.48273E0 3.68062E0 4.41278E0 3.48273E0 5.4022E0 3.99723E0 4.03681E0 5.14495E0 9.22133E0 8.74641E0 8.74641E0 8.74641E0 1.04482E1 1.04482E1 8.74641E0 8.74641E0 1.04482E1 1.23875E1 -9999 -9999 -9999 -9999 -9999 -9999 -9999 -9999 -9999 -9999 -9999 -9999 -9999 -9999 -9999 -9999 -9999 -9999 -9999 -9999 -9999 -9999 -9999 -9999 -9999 -9999 -9999 -9999 -9999 -9999 -9999 -9999 -9999 -9999 -9999 -9999 -9999 -9999 -9999
