Leopardus emiliae/Leopardus_emiliae_projection 2041-2060.asc
ncols         515
nrows         545
xllcorner     -119.0
yllcorner     -58.333333333333
cellsize      0.166666666667
NODATA_value  -9999
[rows 145 to 173 of 545, columns 264 to 329 of 515]
6.97887E-4 2.82022E-4 3.90627E-4 1.581E-3 8.82694E-3 1.15078E-2 4.89953E-4 3.2223E-4 1.19049E-3 1.46471E-2 4.51026E-3 7.81762E-3 8.67072E-3 3.15215E-3 2.59604E-4 1.52634E-4 4.12549E-4 3.38648E-2 7.3691E-3 2.22854E-2 1.73652E-2 3.21733E-2 3.0942E-2 9.47624E-2 1.05766E-1 2.15666E-3 1.31918E-3 1.39128E-3 4.5682E-3 5.78729E-3 5.38474E-3 5.43994E-3 4.77943E-3 4.42958E-3 4.72896E-3 5.03616E-3 6.48211E-3 7.71071E-3 8.65842E-3 9.28049E-3 1.00118E-2 9.92621E-3 1.01623E-2 1.04256E-2 1.12211E-2 1.64204E-2 2.15537E-2 2.42148E-2 1.93605E-2 1.98397E-2 2.60856E-2 2.22691E-2 2.92674E-2 3.34693E-2 3.66972E-2 2.28581E-2 1.42015E-2 1.29425E-2 1.33068E-2 1.2677E-2 1.76291E-2 1.29684E-2 1.18233E-2 9.4948E-3 9.87565E-3 9.12127E-3
3.84417E-4 1.62993E-4 3.48162E-4 1.18378E-3 2.38274E-3 7.36451E-3 4.429E-4 2.52085E-4 3.63414E-4 1.4354E-2 4.25968E-3 4.37732E-3 9.21276E-3 1.46529E-2 1.20936E-3 3.13643E-3 3.44808E-2 4.49287E-2 5.19663E-3 9.51389E-2 1.92784E-2 8.10769E-2 1.21642E-1 2.17736E-1 5.29583E-3 1.34458E-3 1.46251E-3 2.38028E-3 4.59671E-3 5.25137E-3 5.03582E-3 4.36246E-3 3.65972E-3 3.97007E-3 4.05692E-3 4.92683E-3 5.84512E-3 6.98295E-3 7.81585E-3 7.83638E-3 7.94549E-3 8.53007E-3 9.53301E-3 1.00703E-2 1.11173E-2 1.38726E-2 1.73801E-2 2.32611E-2 2.17525E-2 1.76061E-2 1.36359E-2 9.2571E-3 1.68915E-2 1.43112E-2 1.24684E-2 1.47138E-2 1.15979E-2 8.23145E-3 6.82452E-3 6.60465E-3 7.36056E-3 6.18488E-3 6.11981E-3 5.10011E-3 5.03505E-3 4.34233E-3
1.98871E-4 1.26901E-4 5.26636E-4 1.95312E-3 1.4138E-3 2.04516E-3 2.1316E-4 2.72023E-4 3.1629E-4 2.08644E-3 3.01934E-3 1.99731E-3 2.27811E-3 4.28763E-2 3.06371E-3 2.94706E-2 6.349E-2 1.97424E-3 5.35119E-4 1.42097E-1 6.3949E-2 1.93979E-1 3.19906E-2 7.32986E-3 2.1622E-3 3.76595E-3 3.23988E-3 3.01837E-3 2.3868E-3 4.15054E-3 4.72164E-3 4.30108E-3 4.0613E-3 4.59556E-3 4.4752E-3 5.14497E-3 5.21766E-3 5.66444E-3 5.83491E-3 5.41764E-3 5.88677E-3 6.40963E-3 7.98607E-3 8.79087E-3 1.04785E-2 1.33967E-2 1.4902E-2 1.80304E-2 1.60752E-2 1.78977E-2 1.44781E-2 6.64289E-3 8.72375E-3 6.4911E-3 8.67474E-3 1.19889E-2 7.63809E-3 6.16249E-3 5.33598E-3 4.41552E-3 5.49799E-3 2.86337E-3 3.65154E-3 5.10212E-3 4.128E-3 4.48027E-3
1.09036E-4 5.93636E-5 3.98143E-4 1.71093E-3 3.54422E-3 4.72945E-4 1.29394E-4 2.15027E-4 2.15759E-4 2.83681E-4 1.18758E-2 1.83827E-3 9.34636E-4 4.8771E-2 4.96423E-2 6.11936E-2 9.95069E-2 2.1207E-2 5.49149E-2 1.09388E-1 5.00862E-2 1.17601E-2 3.42428E-3 5.88144E-3 3.69067E-3 3.40515E-3 5.89312E-3 5.27212E-3 4.72919E-3 5.44059E-3 6.28632E-3 3.97371E-3 4.54285E-3 4.24107E-3 4.62176E-3 5.19706E-3 5.92998E-3 5.12475E-3 5.70749E-3 5.41584E-3 5.4094E-3 6.10019E-3 6.21778E-3 6.36032E-3 7.20465E-3 9.47147E-3 1.06801E-2 1.27362E-2 1.2412E-2 1.3838E-2 1.35227E-2 1.08888E-2 7.26156E-3 9.067E-3 1.33383E-2 1.1269E-2 7.20713E-3 7.13523E-3 4.46446E-3 4.5908E-3 5.87018E-3 3.78436E-3 2.58388E-3 4.72115E-3 4.57901E-3 5.70491E-3
6.2592E-5 3.82494E-5 3.24344E-4 6.02896E-4 3.03202E-3 2.51827E-4 1.13668E-4 1.61711E-4 2.10506E-4 2.35193E-4 1.1805E-2 4.30061E-3 6.42892E-4 1.74774E-2 3.44828E-2 9.73349E-3 1.22387E-2 6.82386E-2 1.64585E-2 4.74321E-3 4.02037E-3 4.5217E-3 6.33494E-3 8.65191E-3 6.11671E-3 5.62466E-3 5.10917E-3 4.21958E-3 4.09448E-3 5.06646E-3 5.321E-3 5.15166E-3 5.12047E-3 4.3465E-3 7.09519E-3 7.953E-3 8.38176E-3 7.14194E-3 7.40362E-3 6.72129E-3 7.0014E-3 7.88575E-3 8.29584E-3 7.65484E-3 7.97409E-3 6.02704E-3 7.50031E-3 8.13022E-3 8.40636E-3 9.74027E-3 9.89399E-3 9.80952E-3 7.28043E-3 5.03037E-3 6.44932E-3 4.40976E-3 6.61111E-3 6.43211E-3 5.74354E-3 3.78024E-3 3.52315E-3 6.31338E-3 3.74814E-3 7.1208E-3 6.17455E-3 6.72082E-3
1.07189E-4 6.22674E-5 2.45573E-4 1.01895E-3 2.01369E-3 3.96249E-4 1.75898E-4 1.13214E-4 1.77374E-4 3.49498E-4 6.77086E-3 1.28545E-2 3.19913E-4 1.30116E-3 3.09635E-3 2.58963E-4 3.71536E-6 1.02263E-3 6.71988E-3 3.82815E-3 5.23936E-3 1.07329E-2 6.72415E-3 7.77282E-3 5.5094E-3 4.14114E-3 4.09801E-3 4.6614E-3 4.54005E-3 4.76754E-3 4.36015E-3 4.64873E-3 5.251E-3 5.94793E-3 6.93669E-3 6.66927E-3 6.77127E-3 6.72187E-3 6.57288E-3 7.1212E-3 5.85866E-3 5.83445E-3 4.54259E-3 4.21022E-3 4.738E-3 6.66082E-3 5.24533E-3 5.49327E-3 5.65128E-3 6.20117E-3 6.37659E-3 7.38E-3 3.65423E-3 4.0674E-3 6.57505E-3 1.19881E-2 2.0803E-2 7.86279E-3 7.71613E-3 4.34762E-3 6.63161E-3 4.38573E-3 4.30231E-3 3.87104E-3 7.07289E-3 6.47325E-3
2.34943E-4 1.66864E-4 2.38297E-4 5.32017E-4 6.67281E-4 1.40171E-4 1.94677E-4 1.44133E-4 1.38687E-4 3.78114E-4 7.64209E-3 1.45735E-2 2.9352E-4 1.33404E-4 5.5457E-4 5.66502E-3 1.51985E-5 6.40676E-4 6.42022E-3 1.06998E-2 1.00329E-2 1.20888E-2 1.17203E-2 6.56342E-3 5.18293E-3 3.62587E-3 4.11874E-3 4.00723E-3 3.61277E-3 3.22861E-3 4.02031E-3 3.97282E-3 4.68811E-3 5.05873E-3 4.97771E-3 6.21324E-3 6.44088E-3 4.09776E-3 3.77561E-3 4.08088E-3 3.48178E-3 3.09528E-3 2.64064E-3 2.70075E-3 2.95047E-3 2.67885E-3 3.69656E-3 5.11099E-3 4.52706E-3 5.92477E-3 4.9921E-3 3.83769E-3 4.53468E-3 5.95239E-3 4.12705E-3 4.24026E-3 1.23841E-2 4.58434E-2 1.23779E-2 8.98975E-3 9.37975E-3 9.36316E-3 4.73872E-3 6.25156E-3 1.11E-2 9.11636E-3
3.20716E-4 3.87428E-4 3.22897E-4 3.19013E-4 1.68852E-4 1.82136E-4 1.40536E-4 1.61127E-4 1.21449E-4 6.80407E-4 2.28351E-2 1.83046E-2 2.05556E-4 3.16054E-5 1.54973E-5 2.32547E-5 3.84783E-4 6.34612E-3 6.49103E-3 1.11219E-2 1.30096E-2 9.16864E-3 1.30096E-2 8.16215E-3 5.56927E-3 3.56053E-3 3.36588E-3 3.33661E-3 3.64856E-3 4.26771E-3 4.30003E-3 3.76734E-3 4.84173E-3 5.09729E-3 4.66617E-3 3.99327E-3 3.27591E-3 3.01027E-3 2.50048E-3 2.58074E-3 2.26645E-3 1.71341E-3 1.56417E-3 1.7556E-3 1.69293E-3 1.65348E-3 1.97944E-3 3.4337E-3 3.50261E-3 2.88027E-3 4.54008E-3 1.21301E-2 7.90984E-3 4.57857E-3 7.65938E-3 5.80539E-3 8.81692E-3 1.13744E-2 7.2908E-3 8.91359E-3 7.75607E-3 7.99215E-3 4.10408E-3 6.9803E-3 1.11985E-2 1.35553E-2
6.64174E-5 4.48286E-4 2.68387E-4 9.19153E-5 7.8695E-5 1.32544E-4 1.8224E-4 1.28754E-4 2.69221E-4 6.31037E-3 1.66634E-2 1.7561E-2 7.24835E-4 4.49275E-5 2.16465E-5 5.47926E-7 8.33831E-6 4.14572E-4 3.18108E-3 1.22929E-2 1.16939E-2 1.46952E-2 1.27113E-2 8.21804E-3 6.72931E-3 4.11652E-3 3.06034E-3 2.99806E-3 2.94691E-3 2.86754E-3 2.9659E-3 2.85354E-3 3.0236E-3 3.53616E-3 3.28679E-3 2.90702E-3 2.39945E-3 2.25187E-3 1.9074E-3 1.68235E-3 1.39807E-3 1.38667E-3 1.43734E-3 1.35492E-3 1.58367E-3 1.67593E-3 1.50097E-3 2.36497E-3 3.5227E-3 1.19498E-3 4.06671E-3 5.00545E-2 2.37557E-2 3.59438E-3 4.86356E-3 3.90577E-3 5.36125E-3 7.91503E-3 6.07606E-3 7.36114E-3 8.15809E-3 3.22748E-3 4.00077E-3 1.05037E-2 1.09182E-2 1.3417E-2
4.54109E-5 4.68459E-4 2.59353E-4 7.76766E-5 1.50088E-4 2.18055E-4 9.7546E-5 1.79098E-4 5.29953E-4 3.52252E-3 6.91977E-3 5.67175E-3 6.92559E-3 1.76727E-4 8.51948E-5 2.60163E-6 3.15249E-7 5.57378E-7 2.33992E-4 4.22329E-3 1.08287E-2 1.06941E-2 7.36415E-3 6.59447E-3 5.10324E-3 3.29842E-3 3.33534E-3 2.54282E-3 2.25723E-3 2.21028E-3 2.25035E-3 2.51983E-3 2.41831E-3 2.63985E-3 2.56942E-3 2.19286E-3 1.86946E-3 1.63981E-3 1.33604E-3 1.15131E-3 1.19079E-3 1.04718E-3 1.10962E-3 1.21244E-3 1.18055E-3 1.19903E-3 1.27855E-3 1.88205E-3 1.33313E-3 1.58461E-3 7.88712E-3 2.99861E-2 1.57619E-2 6.84046E-3 5.48071E-3 7.93817E-3 1.65736E-2 2.6064E-2 7.47306E-3 5.88837E-3 6.16987E-3 2.72691E-3 4.31241E-3 1.04495E-2 8.37028E-3 7.9749E-3
4.59963E-5 2.43061E-4 1.95025E-4 8.09842E-5 1.43139E-4 1.04961E-4 1.21475E-4 1.85433E-4 1.57225E-3 7.37753E-4 2.8471E-3 2.47881E-3 1.75233E-3 4.54868E-3 5.13765E-4 5.18131E-5 2.37889E-5 8.78239E-6 5.89282E-6 6.90373E-3 8.46324E-3 9.30406E-3 6.76891E-3 5.84095E-3 3.90564E-3 2.62557E-3 2.54785E-3 1.99851E-3 1.89038E-3 1.769E-3 1.94565E-3 2.26923E-3 2.24785E-3 2.09031E-3 1.88432E-3 1.78469E-3 1.61304E-3 1.38302E-3 9.95323E-4 8.97774E-4 9.01874E-4 8.46916E-4 9.07499E-4 8.51815E-4 9.03361E-4 1.09816E-3 9.52272E-4 1.56484E-3 1.89337E-3 4.30863E-3 1.04965E-2 4.05309E-2 1.60927E-2 7.99169E-3 7.03208E-3 8.47723E-3 2.47867E-2 2.5876E-2 1.36083E-2 4.72382E-3 4.22184E-3 4.84108E-3 5.24384E-3 9.45987E-3 6.78425E-3 5.92257E-3
1.81578E-4 2.43625E-4 1.24502E-4 1.44505E-4 6.44533E-5 1.03874E-4 1.68192E-4 6.7565E-4 3.39125E-3 1.84342E-3 5.81737E-4 7.74224E-4 2.87683E-4 4.831E-4 7.91356E-4 1.01681E-4 6.60782E-5 2.28336E-5 1.49074E-3 8.39232E-3 7.22168E-3 1.16699E-2 8.36162E-3 5.12542E-3 2.60703E-3 2.22401E-3 1.94283E-3 1.88331E-3 1.79097E-3 1.59908E-3 1.69507E-3 1.89734E-3 1.98687E-3 1.67843E-3 1.54008E-3 1.35839E-3 1.33872E-3 1.07931E-3 8.8268E-4 7.99432E-4 8.28574E-4 7.44958E-4 8.44221E-4 7.14134E-4 7.18361E-4 6.57552E-4 9.51017E-4 1.45101E-3 4.88454E-3 2.06806E-2 6.84245E-3 1.65408E-2 1.78065E-2 5.46557E-3 5.84196E-3 6.15922E-3 7.726E-3 1.40617E-2 1.63714E-2 8.40058E-3 3.20702E-3 3.73252E-3 3.88288E-3 6.14114E-3 5.94048E-3 4.68476E-3
1.7697E-4 2.88663E-4 1.2802E-4 8.97866E-5 1.01748E-4 8.83525E-5 2.69874E-4 9.26572E-4 1.88741E-3 2.03376E-4 1.67769E-4 1.71347E-4 3.43943E-4 9.03274E-5 4.90268E-4 5.3946E-5 1.55719E-5 1.00034E-5 5.16266E-3 8.06158E-3 5.6876E-3 6.65914E-3 6.18332E-3 3.61925E-3 2.34976E-3 2.19528E-3 1.80876E-3 1.68528E-3 1.5818E-3 1.4305E-3 1.42218E-3 1.40479E-3 1.54325E-3 1.3622E-3 1.38349E-3 1.23838E-3 1.16593E-3 9.04702E-4 7.15655E-4 6.72516E-4 6.36151E-4 6.72226E-4 7.87042E-4 7.01787E-4 6.91426E-4 6.38774E-4 8.50764E-4 1.44287E-3 4.83775E-3 1.17291E-2 1.27164E-2 1.13249E-2 1.1131E-2 8.10528E-3 6.99427E-3 9.39021E-3 9.79612E-3 1.12673E-2 1.28419E-2 1.63702E-2 2.74662E-3 1.67777E-3 3.76802E-3 5.17037E-3 6.26821E-3 4.68729E-3
2.57727E-4 1.48547E-4 1.1508E-4 8.32077E-5 1.24185E-4 2.58371E-4 8.65429E-4 3.09133E-4 2.4051E-4 7.68846E-5 3.00562E-4 2.18333E-4 1.18837E-4 2.08803E-4 1.8462E-4 2.63731E-5 2.52587E-5 1.62751E-3 2.25847E-3 3.56786E-3 3.45247E-3 5.57983E-3 4.36566E-3 2.32596E-3 2.02374E-3 1.87323E-3 1.58337E-3 1.5457E-3 1.31615E-3 1.28351E-3 1.39234E-3 1.36413E-3 1.32014E-3 1.25204E-3 1.13314E-3 1.07582E-3 7.75866E-4 6.96013E-4 7.2198E-4 5.17985E-4 5.33599E-4 5.92282E-4 4.86117E-4 5.63748E-4 3.96773E-4 6.09233E-4 1.17962E-3 1.75703E-3 3.73348E-3 9.85159E-3 8.00763E-3 1.62779E-2 1.15187E-2 1.0804E-2 6.1648E-3 8.15783E-3 9.29782E-3 3.89966E-3 5.86363E-3 1.17283E-2 2.81828E-3 5.37225E-3 5.21754E-3 5.18459E-3 7.07931E-3 4.35393E-3
4.13265E-4 8.90731E-5 1.59941E-4 8.74757E-5 3.00492E-4 8.57355E-4 4.85768E-5 4.62868E-5 4.30897E-5 3.04177E-4 3.8921E-4 1.82538E-4 1.08061E-4 5.92812E-5 2.8898E-5 6.59831E-5 7.98282E-4 4.44314E-3 7.97826E-3 4.35512E-3 3.74594E-3 4.54825E-3 4.13788E-3 2.12596E-3 1.74106E-3 1.52988E-3 1.44915E-3 1.47627E-3 1.07846E-3 9.62188E-4 1.25996E-3 8.82013E-4 9.88005E-4 9.32768E-4 7.4221E-4 6.90333E-4 4.22926E-4 4.6278E-4 4.03993E-4 3.69719E-4 3.39863E-4 4.06053E-4 4.24255E-4 3.98235E-4 4.34709E-4 8.51381E-4 1.86988E-3 2.8204E-3 3.22796E-3 8.41007E-3 9.5843E-3 4.58996E-3 9.7666E-3 1.567E-3 1.89585E-3 4.15651E-3 5.09003E-3 1.8057E-3 3.25985E-3 8.10179E-3 6.28227E-3 3.86674E-3 5.57553E-3 4.0336E-3 5.0391E-3 5.23561E-3
3.82969E-4 1.02269E-4 1.47172E-4 1.20255E-4 5.92564E-4 1.56876E-3 3.16758E-4 3.05442E-4 1.75141E-4 3.45207E-4 2.27546E-4 2.06791E-4 3.3668E-4 4.60977E-5 1.00064E-4 4.59975E-4 7.63524E-3 1.51453E-2 6.65419E-3 3.29351E-3 3.94561E-3 3.69731E-3 4.62798E-3 2.50647E-3 1.70693E-3 1.61315E-3 1.55923E-3 1.19735E-3 1.00088E-3 1.16197E-3 1.01051E-3 9.06147E-4 9.00319E-4 6.10008E-4 6.1627E-4 5.31267E-4 4.56483E-4 3.85717E-4 3.89381E-4 3.64889E-4 3.66463E-4 2.70996E-4 2.48367E-4 3.04591E-4 9.8652E-4 1.74198E-3 3.31936E-3 5.34998E-3 6.78768E-3 5.61245E-3 3.8281E-3 3.92341E-3 3.45637E-3 7.94275E-4 1.38335E-3 2.07589E-3 3.82385E-3 2.12626E-3 2.98991E-3 3.67923E-3 3.31146E-3 1.76101E-3 2.69303E-3 2.68781E-3 2.97089E-3 3.30601E-3
2.45815E-4 9.98047E-5 1.60196E-4 4.7281E-4 2.95062E-4 1.67256E-3 1.88141E-5 2.5982E-4 1.04829E-4 5.55617E-4 7.99027E-4 4.08352E-4 3.22548E-4 4.07993E-5 2.1148E-3 1.15567E-2 2.42644E-2 7.60549E-3 6.59857E-3 5.35049E-3 4.83309E-3 3.32491E-3 2.89317E-3 2.71729E-3 2.39623E-3 1.83848E-3 1.60613E-3 1.7112E-3 1.75313E-3 1.59076E-3 1.06355E-3 8.7212E-4 7.55524E-4 6.66966E-4 4.56318E-4 4.42003E-4 3.09665E-4 3.29528E-4 3.14446E-4 2.96113E-4 2.48215E-4 2.236E-4 1.79959E-4 2.57679E-4 1.10772E-3 1.83761E-3 2.11545E-3 5.25386E-3 7.09528E-3 5.62303E-3 6.11819E-3 2.68524E-3 2.50825E-3 1.96866E-3 9.87754E-4 5.15042E-3 2.38256E-3 1.83051E-3 3.45479E-3 2.06917E-3 1.52432E-3 1.2673E-3 1.44277E-3 1.70629E-3 2.2124E-3 2.12484E-3
1.96835E-4 8.41429E-5 2.08727E-4 1.22702E-4 5.47035E-4 3.79824E-4 6.09736E-5 3.85303E-4 2.0369E-4 6.00883E-4 1.76891E-4 1.0908E-4 4.53159E-5 1.93822E-5 7.03613E-4 1.40279E-2 4.93596E-3 4.65841E-3 3.63457E-3 5.38914E-3 5.28242E-3 3.55127E-3 2.47144E-3 2.18776E-3 1.92779E-3 1.9723E-3 2.31173E-3 1.09476E-3 1.1451E-3 9.63411E-4 8.27291E-4 7.64371E-4 7.41259E-4 5.7734E-4 4.49866E-4 3.92819E-4 3.43727E-4 3.53403E-4 3.2635E-4 2.88217E-4 2.45609E-4 2.36155E-4 2.09714E-4 3.90496E-4 1.36265E-3 1.79469E-3 2.49816E-3 2.61117E-3 3.21972E-3 4.4404E-3 5.00995E-3 3.71811E-3 1.70039E-3 6.98074E-4 6.21193E-4 2.69874E-3 2.94485E-3 4.20143E-4 1.96095E-3 1.29617E-3 1.05373E-3 9.48352E-4 1.1944E-3 1.34932E-3 1.55454E-3 1.4411E-3
2.26919E-4 1.18934E-4 2.73467E-4 8.58339E-4 2.62696E-4 4.60162E-6 1.50503E-5 3.25675E-4 2.31785E-5 5.78386E-4 1.49792E-5 8.42096E-5 7.72153E-5 5.16515E-4 5.63837E-3 2.89235E-3 3.2361E-3 3.36227E-3 2.93277E-3 3.17541E-3 3.33585E-3 3.50333E-3 3.43873E-3 2.15705E-3 1.63368E-3 2.84278E-3 1.39869E-3 9.02383E-4 6.54102E-4 5.76618E-4 5.01614E-4 4.83382E-4 4.89868E-4 5.38909E-4 5.0641E-4 4.269E-4 3.83283E-4 3.12476E-4 2.51321E-4 2.29081E-4 1.94199E-4 2.0541E-4 2.0986E-4 5.0218E-4 1.43367E-3 1.27692E-3 1.45E-3 2.17717E-3 3.47829E-3 4.45955E-3 1.83434E-3 1.1285E-3 1.03115E-3 7.77117E-4 1.14429E-3 1.29186E-3 1.61014E-3 1.49812E-3 3.41795E-4 9.88867E-4 1.05913E-3 9.04836E-4 8.12385E-4 9.43576E-4 9.72916E-4 6.68666E-4
3.1038E-4 1.16315E-4 1.41661E-4 1.459E-3 6.39737E-5 8.02184E-6 1.14979E-4 1.58728E-4 3.1925E-5 2.5245E-4 1.19977E-5 2.38907E-4 5.68325E-5 1.62438E-3 2.53189E-3 2.33173E-3 3.12177E-3 3.67487E-3 2.74518E-3 2.61227E-3 2.37617E-3 2.18067E-3 2.29207E-3 2.5222E-3 2.71602E-3 1.09056E-3 8.6044E-4 7.24294E-4 6.72577E-4 5.76565E-4 5.62923E-4 5.64109E-4 5.18034E-4 4.82492E-4 4.32623E-4 3.25235E-4 3.20351E-4 2.68777E-4 2.32691E-4 1.88535E-4 2.06228E-4 1.71491E-4 1.50151E-4 3.90067E-4 9.46868E-4 2.33737E-3 1.93671E-3 2.56303E-3 3.34003E-3 2.0197E-3 1.56332E-3 7.93426E-4 7.19084E-4 7.38337E-4 9.45257E-4 9.02754E-4 1.11293E-3 8.34678E-4 3.66955E-4 6.33991E-4 7.02934E-4 7.29314E-4 8.45082E-4 6.14887E-4 6.7158E-4 5.79522E-4
2.91514E-4 2.18404E-4 2.32625E-4 9.186E-5 2.17831E-5 1.41036E-4 3.50489E-4 1.22167E-5 1.57629E-6 5.6581E-5 1.68236E-4 8.02519E-4 9.57666E-4 1.29964E-3 1.72641E-3 1.7099E-3 2.77645E-3 2.39194E-3 2.61962E-3 2.58919E-3 2.16633E-3 1.87971E-3 2.43993E-3 3.21684E-3 1.69321E-3 1.18917E-3 9.54816E-4 7.27678E-4 6.9095E-4 6.71785E-4 6.27873E-4 5.9361E-4 5.31354E-4 3.47225E-4 3.70715E-4 3.2534E-4 3.00169E-4 2.90062E-4 2.35973E-4 1.46094E-4 1.44608E-4 2.14356E-4 2.51316E-4 4.95094E-4 6.43623E-4 1.57702E-3 1.88611E-3 5.00596E-4 2.74946E-4 4.1158E-4 1.78154E-3 6.1752E-4 5.52802E-4 3.43087E-4 5.78629E-4 6.16166E-4 7.41698E-4 7.13121E-4 5.28223E-4 1.62564E-4 7.05505E-4 9.02645E-4 1.48953E-3 4.47961E-4 3.50908E-4 5.78766E-4
2.71958E-4 3.99578E-4 4.77918E-4 9.01586E-5 1.06828E-4 1.33142E-4 2.09341E-5 2.46057E-6 3.61153E-5 5.98553E-5 7.50271E-4 1.14534E-3 7.84281E-4 1.00316E-3 9.88182E-4 1.24888E-3 1.68232E-3 1.46186E-3 1.75535E-3 1.82144E-3 2.3645E-3 2.7471E-3 4.00526E-3 1.77034E-3 1.61496E-3 1.32351E-3 1.27762E-3 7.16109E-4 5.80466E-4 7.3678E-4 6.56342E-4 5.50753E-4 4.8264E-4 4.4123E-4 3.99322E-4 3.39686E-4 3.40689E-4 2.55704E-4 2.62508E-4 2.13893E-4 2.37817E-4 2.20933E-4 1.79202E-4 3.18451E-4 2.79863E-4 4.66455E-4 6.42273E-4 7.60521E-4 1.55932E-4 2.11167E-4 1.00912E-3 4.44423E-4 2.95236E-4 2.98769E-4 3.58889E-4 4.82379E-4 4.65426E-4 3.70479E-4 5.4018E-4 2.56483E-4 3.01904E-4 5.01014E-4 6.31994E-4 3.01859E-4 2.45036E-4 2.22966E-4
1.7345E-4 3.02893E-4 6.4285E-4 4.81086E-4 1.05943E-4 3.69168E-5 1.70025E-5 8.39972E-6 5.56689E-6 2.7688E-5 7.96212E-4 6.59514E-4 1.05361E-3 1.31665E-3 9.56142E-4 1.12854E-3 1.06289E-3 1.36038E-3 2.31813E-3 2.99517E-3 3.36249E-3 2.72708E-3 3.08428E-3 2.91285E-3 2.07095E-3 1.57584E-3 1.53142E-3 9.23038E-4 6.37603E-4 6.23625E-4 6.70057E-4 6.19649E-4 4.86413E-4 4.24944E-4 5.61216E-4 5.06365E-4 3.54696E-4 3.2845E-4 3.38044E-4 3.06132E-4 2.84291E-4 2.03823E-4 1.85094E-4 1.66663E-4 1.77054E-4 3.80346E-4 3.42931E-4 5.88898E-4 1.67162E-4 7.94845E-4 2.32427E-4 1.95604E-4 2.14819E-4 2.98761E-4 2.98493E-4 5.5279E-4 3.52853E-4 2.67201E-4 2.21288E-4 2.39206E-4 2.56251E-4 3.56943E-4 5.021E-4 2.57964E-4 2.18201E-4 2.56245E-4
4.03208E-4 1.6324E-4 8.26952E-4 4.91903E-4 8.14099E-6 1.57967E-5 3.50142E-4 5.50928E-6 4.03519E-6 1.38502E-3 1.03628E-3 6.71254E-4 1.17533E-3 1.24209E-3 1.03371E-3 1.604E-3 1.75403E-3 2.20025E-3 2.60001E-3 2.46978E-3 2.37636E-3 3.60032E-3 3.20658E-3 2.32715E-3 2.15837E-3 1.85195E-3 1.50357E-3 1.21494E-3 8.50558E-4 7.62492E-4 8.45096E-4 7.30293E-4 8.41492E-4 6.03165E-4 5.81461E-4 5.0861E-4 4.11762E-4 4.15097E-4 4.39294E-4 3.40078E-4 2.82068E-4 2.47487E-4 1.90966E-4 2.09279E-4 1.8009E-4 2.12871E-4 3.38744E-4 7.34249E-4 5.90771E-4 3.32395E-4 1.49631E-4 1.62016E-4 1.99209E-4 2.03813E-4 2.25955E-4 3.5604E-4 6.17945E-5 4.42743E-5 2.24564E-5 7.56164E-5 1.59972E-4 2.16039E-4 5.57692E-5 5.1084E-5 6.69342E-5 2.12178E-4
1.53695E-4 1.36124E-4 1.87052E-3 7.72786E-4 2.15563E-6 2.71691E-6 1.72247E-4 3.01045E-5 1.37814E-3 1.75602E-3 1.32516E-3 1.02215E-3 1.01484E-3 1.22144E-3 1.39767E-3 1.22554E-3 1.01186E-3 1.90319E-3 2.46064E-3 3.19333E-3 2.78402E-3 3.36485E-3 2.8495E-3 2.67297E-3 2.20315E-3 1.61856E-3 1.53491E-3 1.17861E-3 1.09916E-3 1.36052E-3 1.59465E-3 1.43395E-3 1.18542E-3 8.94951E-4 7.7719E-4 7.40039E-4 6.77988E-4 4.67817E-4 3.81194E-4 3.76109E-4 2.89926E-4 2.11783E-4 1.73151E-4 2.20535E-4 1.83577E-4 1.36755E-4 2.0269E-4 2.64401E-4 1.85152E-4 1.05741E-4 1.26262E-4 1.50494E-4 1.97754E-4 2.61768E-4 2.99372E-4 4.22489E-4 1.63158E-4 1.15588E-4 3.40462E-5 1.26168E-5 9.49382E-6 1.15326E-5 5.44978E-5 9.266E-5 1.0928E-4 1.32473E-4
1.4455E-4 7.81732E-4 7.37527E-3 8.3332E-5 4.27423E-6 3.43815E-6 5.12401E-6 7.99791E-4 1.83061E-3 1.98795E-3 1.56391E-3 1.53156E-3 1.35417E-3 1.12596E-3 1.36764E-3 1.18862E-3 1.39347E-3 2.07374E-3 2.12157E-3 2.2148E-3 2.63128E-3 2.77862E-3 2.59001E-3 2.1142E-3 1.75565E-3 1.56624E-3 1.46028E-3 1.45207E-3 1.48815E-3 1.6866E-3 1.54716E-3 1.52849E-3 1.27876E-3 1.01861E-3 7.91273E-4 7.14657E-4 5.75172E-4 4.25438E-4 3.90035E-4 3.83308E-4 2.68494E-4 2.26809E-4 1.98499E-4 2.08798E-4 1.26768E-4 1.0774E-4 1.77285E-4 2.32816E-4 1.06575E-4 1.7711E-4 2.04761E-4 1.7951E-4 2.22986E-4 2.78023E-4 3.57196E-4 5.15036E-4 2.31812E-4 1.15508E-4 4.62463E-5 2.55731E-5 2.80898E-5 7.04255E-6 4.02396E-5 1.98531E-4 2.942E-4 2.12678E-4
2.29223E-4 3.15306E-3 1.83765E-3 2.30655E-5 5.33831E-6 2.25701E-6 5.39714E-4 6.98884E-4 2.05289E-3 2.87723E-3 2.15859E-3 1.56414E-3 1.47568E-3 1.25776E-3 1.22123E-3 1.04403E-3 1.34194E-3 1.5247E-3 1.88834E-3 1.95405E-3 1.84405E-3 2.56543E-3 2.40529E-3 1.78149E-3 2.20102E-3 1.88619E-3 1.6488E-3 1.76464E-3 1.81275E-3 1.67509E-3 1.64833E-3 1.29637E-3 1.14154E-3 9.32712E-4 7.33753E-4 5.95919E-4 4.9768E-4 4.04759E-4 3.6278E-4 3.07908E-4 3.11451E-4 2.3277E-4 1.91424E-4 1.23268E-4 9.33479E-5 1.03265E-4 1.19933E-4 1.03556E-4 8.57026E-5 1.93246E-4 1.43293E-4 1.46335E-4 2.11595E-4 2.74054E-4 3.3109E-4 3.72588E-4 3.09532E-4 3.69016E-5 8.70083E-5 3.85715E-5 4.01333E-5 1.9144E-5 4.59123E-5 1.50223E-4 4.07272E-4 4.33769E-4
4.18188E-4 1.5048E-2 2.69749E-4 1.34951E-5 8.90059E-6 3.49087E-5 3.98935E-4 1.47098E-3 2.26275E-3 2.38465E-3 2.08138E-3 1.70248E-3 1.65732E-3 1.49467E-3 1.48041E-3 1.25642E-3 1.06188E-3 1.02614E-3 1.47365E-3 1.15807E-3 1.57327E-3 1.78547E-3 1.36948E-3 1.995E-3 2.5354E-3 2.45128E-3 1.98945E-3 1.9558E-3 1.62609E-3 1.73335E-3 1.62257E-3 1.26705E-3 9.9695E-4 8.4536E-4 6.97355E-4 5.41992E-4 4.8559E-4 4.34394E-4 3.34595E-4 3.186E-4 2.8849E-4 2.43546E-4 1.80803E-4 1.20539E-4 9.34492E-5 9.22857E-5 8.30797E-5 7.14897E-5 8.15412E-5 1.49956E-4 1.16119E-4 1.09409E-4 1.22019E-4 2.27116E-4 1.68865E-4 2.42556E-4 4.03491E-5 1.41055E-5 2.73046E-4 6.67314E-5 4.1317E-5 3.86439E-5 8.04342E-5 4.23901E-5 1.60561E-4 4.28837E-4
3.19392E-2 1.24181E-2 1.81229E-4 4.20089E-4 8.75816E-5 1.40569E-3 2.38526E-3 2.59692E-3 2.5546E-3 2.12859E-3 1.68977E-3 1.17575E-3 9.66541E-4 8.1275E-4 5.95805E-4 7.84903E-4 5.21529E-4 4.26596E-4 5.89688E-4 1.1606E-3 1.4335E-3 1.55305E-3 2.48599E-3 2.34768E-3 2.3832E-3 2.17651E-3 2.03912E-3 1.94835E-3 1.76913E-3 1.49148E-3 1.20629E-3 1.12149E-3 1.08228E-3 8.83603E-4 7.16247E-4 6.18553E-4 5.36086E-4 4.68619E-4 4.29975E-4 3.00737E-4 2.48719E-4 1.55364E-4 1.72008E-4 1.00081E-4 1.0514E-4 1.01021E-4 8.29239E-5 7.55547E-5 8.64227E-5 8.3287E-5 8.63992E-5 8.7281E-5 1.04983E-4 1.16108E-4 9.69406E-5 2.63655E-5 1.52245E-5 2.93252E-5 2.01308E-4 1.40757E-4 3.42619E-5 5.98945E-5 5.16255E-5 5.05107E-5 3.49408E-4 5.45247E-4
