Leopardus emiliae/Leopardus_emiliae_projection 2041-2060_novel.asc
ncols         515
nrows         545
xllcorner     -119.0
yllcorner     -58.333333333333
cellsize      0.166666666667
NODATA_value  -9999
[rows 150 to 179 of 545, columns 335 to 401 of 515]
1.23677E1 1.64243E0 1.64243E0 1.64243E0 1.64243E0 1.64243E0 1.64243E0 1.64243E0 1.64243E0 1.64243E0 1.64243E0 1.64243E0 1.64243E0 1.64243E0 1.64243E0 1.64243E0 1.64243E0 1.64243E0 1.64243E0 3.95765E-2 3.95765E-2 3.95765E-2 3.95765E-2 3.95765E-2 3.95765E-2 1.97883E-2 1.97883E-2 -9999 -9999 -9999 -9999 -9999 -9999 -9999 -9999 -9999 -9999 -9999 -9999 -9999 -9999 -9999 -9999 -9999 -9999 -9999 -9999 -9999 -9999 -9999 -9999 -9999 -9999 -9999 -9999 -9999 -9999 -9999 -9999 -9999 -9999 -9999 -9999 -9999 -9999 -9999 -9999
1.64243E0 1.64243E0 1.64243E0 1.64243E0 1.64243E0 1.64243E0 1.64243E0 1.23677E1 1.64243E0 1.64243E0 1.64243E0 1.64243E0 1.64243E0 1.64243E0 1.64243E0 1.64243E0 1.64243E0 1.64243E0 1.64243E0 3.95765E-2 3.95765E-2 3.95765E-2 3.95765E-2 3.95765E-2 3.95765E-2 1.97883E-2 1.97883E-2 1.97883E-2 -9999 -9999 -9999 -9999 -9999 -9999 -9999 -9999 -9999 -9999 -9999 -9999 -9999 -9999 -9999 -9999 -9999 -9999 -9999 -9999 -9999 -9999 -9999 -9999 -9999 -9999 -9999 -9999 -9999 -9999 -9999 -9999 -9999 -9999 -9999 -9999 -9999 -9999 -9999
1.64243E0 1.64243E0 1.64243E0 1.23677E1 1.23677E1 1.64243E0 1.64243E0 1.64243E0 1.64243E0 1.64243E0 1.23677E1 1.64243E0 1.64243E0 1.64243E0 1.64243E0 1.64243E0 1.64243E0 1.64243E0 1.64243E0 1.64243E0 3.95765E-2 3.95765E-2 3.95765E-2 3.95765E-2 3.95765E-2 1.97883E-2 1.97883E-2 1.97883E-2 -9999 -9999 -9999 -9999 -9999 -9999 -9999 -9999 -9999 -9999 -9999 -9999 -9999 -9999 -9999 -9999 -9999 -9999 -9999 -9999 -9999 -9999 -9999 -9999 -9999 -9999 -9999 -9999 -9999 -9999 -9999 -9999 -9999 -9999 -9999 -9999 -9999 -9999 -9999
1.64243E0 1.64243E0 1.64243E0 1.23677E1 1.23677E1 1.64243E0 1.64243E0 1.64243E0 1.64243E0 1.64243E0 1.64243E0 1.64243E0 1.64243E0 1.64243E0 1.64243E0 1.64243E0 1.64243E0 1.64243E0 1.64243E0 1.64243E0 3.95765E-2 3.95765E-2 3.95765E-2 3.95765E-2 3.95765E-2 3.95765E-2 1.97883E-2 1.97883E-2 -9999 -9999 -9999 -9999 -9999 -9999 -9999 -9999 -9999 -9999 -9999 -9999 -9999 -9999 -9999 -9999 -9999 -9999 -9999 -9999 -9999 -9999 -9999 -9999 -9999 -9999 -9999 -9999 -9999 -9999 -9999 -9999 -9999 -9999 -9999 -9999 -9999 -9999 -9999
1.64243E0 1.64243E0 1.64243E0 1.23677E1 1.23677E1 1.64243E0 1.64243E0 1.64243E0 1.64243E0 1.64243E0 1.64243E0 1.64243E0 1.64243E0 1.64243E0 1.23677E1 1.64243E0 1.64243E0 1.64243E0 1.64243E0 3.95765E-2 3.95765E-2 3.95765E-2 3.95765E-2 3.95765E-2 3.95765E-2 3.95765E-2 3.95765E-2 1.97883E-2 1.97883E-2 1.97883E-2 1.97883E-2 -9999 -9999 -9999 -9999 -9999 -9999 -9999 -9999 -9999 -9999 -9999 -9999 -9999 -9999 -9999 -9999 -9999 -9999 -9999 -9999 -9999 -9999 -9999 -9999 -9999 -9999 -9999 -9999 -9999 -9999 -9999 -9999 -9999 -9999 -9999 -9999
1.64243E0 1.23677E1 1.23677E1 1.23677E1 1.23677E1 1.64243E0 1.64243E0 1.64243E0 1.64243E0 1.64243E0 1.64243E0 1.23677E1 1.23677E1 3.20174E1 3.20174E1 1.23677E1 1.64243E0 1.64243E0 1.64243E0 1.64243E0 3.95765E-2 3.95765E-2 3.95765E-2 3.95765E-2 3.95765E-2 3.95765E-2 3.95765E-2 3.95765E-2 3.95765E-2 1.97883E-2 1.97883E-2 1.97883E-2 -9999 -9999 -9999 -9999 -9999 -9999 -9999 -9999 -9999 -9999 -9999 -9999 -9999 -9999 -9999 -9999 -9999 -9999 -9999 -9999 -9999 -9999 -9999 -9999 -9999 -9999 -9999 -9999 -9999 -9999 -9999 -9999 -9999 -9999 -9999
1.64243E0 4.92728E0 1.23677E1 1.23677E1 1.23677E1 1.23677E1 1.23677E1 1.23677E1 1.64243E0 1.64243E0 1.23677E1 1.23677E1 1.23677E1 3.20174E1 4.64628E1 1.23677E1 1.64243E0 1.64243E0 1.64243E0 3.95765E-2 3.95765E-2 3.95765E-2 3.95765E-2 3.95765E-2 3.95765E-2 3.95765E-2 3.95765E-2 3.95765E-2 3.95765E-2 3.95765E-2 3.95765E-2 1.97883E-2 1.97883E-2 -9999 -9999 -9999 -9999 -9999 -9999 -9999 -9999 -9999 -9999 -9999 -9999 -9999 -9999 -9999 -9999 -9999 -9999 -9999 -9999 -9999 -9999 -9999 -9999 -9999 -9999 -9999 -9999 -9999 -9999 -9999 -9999 -9999 -9999
1.64243E0 1.64243E0 1.23677E1 3.20174E1 2.58633E1 3.20174E1 1.23677E1 1.23677E1 1.64243E0 1.64243E0 1.23677E1 1.23677E1 3.20174E1 3.88444E1 3.96953E1 3.20174E1 1.23677E1 1.64243E0 1.64243E0 3.95765E-2 3.95765E-2 3.95765E-2 3.95765E-2 3.95765E-2 3.95765E-2 3.95765E-2 3.95765E-2 3.95765E-2 3.95765E-2 3.95765E-2 3.95765E-2 3.95765E-2 1.97883E-2 1.97883E-2 -9999 -9999 -9999 -9999 -9999 -9999 -9999 -9999 -9999 -9999 -9999 -9999 -9999 -9999 -9999 -9999 -9999 -9999 -9999 -9999 -9999 -9999 -9999 -9999 -9999 -9999 -9999 -9999 -9999 -9999 -9999 -9999 -9999
1.64243E0 1.64243E0 1.23677E1 3.09884E1 3.20174E1 3.20174E1 3.20174E1 2.93658E1 2.87128E1 1.23677E1 1.23677E1 3.20174E1 4.24854E1 3.30266E1 3.30266E1 3.30266E1 3.20174E1 1.23677E1 1.64243E0 3.95765E-2 1.64243E0 1.64243E0 3.95765E-2 3.95765E-2 3.95765E-2 3.95765E-2 3.95765E-2 3.95765E-2 3.95765E-2 3.95765E-2 3.95765E-2 3.95765E-2 1.97883E-2 1.97883E-2 1.97883E-2 1.97883E-2 -9999 -9999 -9999 -9999 -9999 -9999 -9999 -9999 -9999 -9999 -9999 -9999 -9999 -9999 -9999 -9999 -9999 -9999 -9999 -9999 -9999 -9999 -9999 -9999 -9999 -9999 -9999 -9999 -9999 -9999 -9999
1.02899E0 3.77956E0 4.39299E0 3.44316E0 2.43594E1 1.23677E1 2.50124E1 2.2242E1 2.34293E1 2.43594E1 2.2895E1 2.38251E1 3.17206E1 3.30266E1 3.30266E1 3.20174E1 3.20174E1 2.4023E1 3.20174E1 1.64243E0 1.64243E0 3.95765E-2 3.95765E-2 3.95765E-2 3.95765E-2 3.95765E-2 3.95765E-2 3.95765E-2 3.95765E-2 3.95765E-2 3.95765E-2 3.95765E-2 3.95765E-2 3.95765E-2 3.95765E-2 1.97883E-2 -9999 1.97883E-2 1.97883E-2 -9999 -9999 -9999 -9999 -9999 1.97883E-2 1.97883E-2 1.97883E-2 -9999 1.97883E-2 1.97883E-2 1.97883E-2 -9999 -9999 -9999 -9999 -9999 -9999 -9999 -9999 -9999 -9999 -9999 -9999 -9999 -9999 -9999 -9999
4.35342E-1 3.24528E0 9.51816E0 1.15168E1 3.20174E1 1.42278E1 1.42476E1 1.63451E1 1.56129E1 2.17671E1 2.34689E1 2.67735E1 3.30266E1 3.30266E1 3.30266E1 3.20174E1 3.20174E1 3.09093E1 3.09884E1 1.23677E1 1.64243E0 3.95765E-2 3.95765E-2 3.95765E-2 1.64243E0 3.95765E-2 3.95765E-2 3.95765E-2 3.95765E-2 3.95765E-2 3.95765E-2 3.95765E-2 3.95765E-2 3.95765E-2 3.95765E-2 1.97883E-2 1.97883E-2 1.97883E-2 1.97883E-2 1.97883E-2 1.97883E-2 1.97883E-2 1.97883E-2 1.97883E-2 3.95765E-2 3.95765E-2 3.95765E-2 1.97883E-2 1.97883E-2 3.95765E-2 3.95765E-2 3.95765E-2 3.95765E-2 3.95765E-2 3.95765E-2 -9999 -9999 -9999 -9999 -9999 -9999 -9999 -9999 -9999 -9999 -9999 -9999
4.15554E-1 1.22687E0 4.61067E0 4.31384E0 1.27436E1 1.34956E1 2.60018E1 1.45642E1 7.67785E0 9.7754E0 1.39112E1 1.73345E1 2.22024E1 3.30266E1 3.30266E1 3.30266E1 3.20174E1 3.28485E1 2.85149E1 2.58633E1 1.23677E1 1.64243E0 3.95765E-2 3.95765E-2 3.95765E-2 3.95765E-2 3.95765E-2 3.95765E-2 3.95765E-2 3.95765E-2 3.95765E-2 3.95765E-2 3.95765E-2 3.95765E-2 3.95765E-2 3.95765E-2 3.95765E-2 3.95765E-2 3.95765E-2 1.97883E-2 1.97883E-2 1.97883E-2 3.95765E-2 3.95765E-2 3.95765E-2 3.95765E-2 3.95765E-2 3.95765E-2 3.95765E-2 3.95765E-2 3.95765E-2 3.95765E-2 3.95765E-2 3.95765E-2 3.95765E-2 3.95765E-2 3.95765E-2 -9999 -9999 -9999 -9999 -9999 -9999 -9999 -9999 -9999 -9999
4.35342E-1 6.33224E-1 6.86653E0 4.2149E0 1.37133E1 1.05471E1 1.47027E1 9.87434E0 7.28208E0 7.63827E0 1.03691E1 1.39112E1 1.37726E1 2.95241E1 3.20174E1 3.30266E1 3.20174E1 3.30266E1 3.30266E1 1.95904E1 2.32512E1 1.23677E1 1.64243E0 3.95765E-2 3.95765E-2 3.95765E-2 3.95765E-2 3.95765E-2 3.95765E-2 3.95765E-2 3.95765E-2 3.95765E-2 3.95765E-2 3.95765E-2 3.95765E-2 3.95765E-2 3.95765E-2 3.95765E-2 3.95765E-2 3.95765E-2 3.95765E-2 3.95765E-2 3.95765E-2 3.95765E-2 3.95765E-2 3.95765E-2 3.95765E-2 3.95765E-2 3.95765E-2 3.95765E-2 3.95765E-2 3.95765E-2 3.95765E-2 3.95765E-2 3.95765E-2 3.95765E-2 3.95765E-2 3.95765E-2 3.95765E-2 3.95765E-2 -9999 -9999 -9999 -9999 -9999 -9999 -9999
3.95765E-1 4.15554E-1 6.53013E-1 2.84951E0 4.2149E0 1.1873E1 1.1121E1 8.66726E0 6.01563E0 8.35065E0 1.49797E1 1.40101E1 1.8502E1 1.53557E1 2.44979E1 3.30266E1 3.30266E1 2.18858E1 2.68527E1 3.20174E1 2.96428E1 2.65954E1 1.23677E1 1.23677E1 1.64243E0 3.95765E-2 3.95765E-2 3.95765E-2 3.95765E-2 3.95765E-2 3.95765E-2 3.95765E-2 3.95765E-2 3.95765E-2 3.95765E-2 3.95765E-2 3.95765E-2 3.95765E-2 3.95765E-2 3.95765E-2 3.95765E-2 3.95765E-2 3.95765E-2 3.95765E-2 3.95765E-2 3.95765E-2 3.95765E-2 3.95765E-2 3.95765E-2 3.95765E-2 3.95765E-2 3.95765E-2 3.95765E-2 3.95765E-2 3.95765E-2 3.95765E-2 3.95765E-2 3.95765E-2 3.95765E-2 3.95765E-2 3.95765E-2 3.95765E-2 -9999 -9999 -9999 -9999 -9999
3.95765E-1 6.72801E-1 2.13713E0 4.31384E0 8.62768E0 8.54853E0 4.90749E0 7.59869E0 6.78737E0 8.80578E0 1.06065E1 1.40101E1 1.42278E1 1.40695E1 1.51182E1 2.57445E1 3.2433E1 1.56129E1 2.804E1 2.88711E1 2.4023E1 2.08173E1 1.86603E1 1.23677E1 1.64243E0 1.64243E0 3.95765E-2 3.95765E-2 3.95765E-2 3.95765E-2 3.95765E-2 3.95765E-2 3.95765E-2 3.95765E-2 3.95765E-2 3.95765E-2 3.95765E-2 3.95765E-2 3.95765E-2 3.95765E-2 3.95765E-2 3.95765E-2 3.95765E-2 3.95765E-2 3.95765E-2 3.95765E-2 3.95765E-2 3.95765E-2 3.95765E-2 3.95765E-2 3.95765E-2 3.95765E-2 3.95765E-2 3.95765E-2 3.95765E-2 3.95765E-2 3.95765E-2 3.95765E-2 3.95765E-2 3.95765E-2 3.95765E-2 1.64243E0 1.64243E0 -9999 -9999 -9999 -9999
5.34283E-1 4.15554E-1 1.97883E0 6.86653E0 5.65944E0 6.11457E0 6.31246E0 6.39161E0 7.18314E0 6.54992E0 9.9535E0 1.1873E1 1.39112E1 1.42871E1 2.30731E1 2.51707E1 2.00257E1 1.48808E1 2.95241E1 3.30266E1 2.17671E1 2.43198E1 2.24795E1 1.23677E1 3.95765E-2 3.95765E-2 3.95765E-2 3.95765E-2 3.95765E-2 3.95765E-2 3.95765E-2 3.95765E-2 3.95765E-2 3.95765E-2 3.95765E-2 3.95765E-2 3.95765E-2 3.95765E-2 3.95765E-2 3.95765E-2 3.95765E-2 3.95765E-2 3.95765E-2 3.95765E-2 3.95765E-2 3.95765E-2 3.95765E-2 1.64243E0 3.95765E-2 3.95765E-2 3.95765E-2 1.64243E0 3.95765E-2 3.95765E-2 1.64243E0 3.95765E-2 3.95765E-2 3.95765E-2 1.64243E0 1.64243E0 3.95765E-2 1.64243E0 1.64243E0 1.64243E0 -9999 -9999 -9999
6.72801E-1 6.53013E-1 1.682E0 4.68982E0 9.73583E0 7.36123E0 4.45236E0 4.7294E0 6.7478E0 7.06441E0 8.54853E0 1.06659E1 1.63649E1 2.00455E1 2.41219E1 2.69516E1 2.60809E1 2.75651E1 2.77431E1 3.30266E1 2.65954E1 2.43198E1 2.17077E1 1.64243E0 3.95765E-2 3.95765E-2 3.95765E-2 3.95765E-2 3.95765E-2 3.95765E-2 3.95765E-2 3.95765E-2 3.95765E-2 3.95765E-2 3.95765E-2 3.95765E-2 3.95765E-2 3.95765E-2 1.64243E0 3.95765E-2 3.95765E-2 3.95765E-2 3.95765E-2 3.95765E-2 3.95765E-2 3.95765E-2 3.95765E-2 3.95765E-2 3.95765E-2 3.95765E-2 3.95765E-2 1.64243E0 3.95765E-2 1.64243E0 1.64243E0 1.64243E0 3.95765E-2 1.64243E0 1.64243E0 1.64243E0 1.64243E0 3.95765E-2 1.64243E0 1.64243E0 3.95765E-2 3.95765E-2 -9999
2.27565E0 6.53013E-1 1.87989E0 2.47353E0 2.23607E0 4.90749E0 4.63045E0 6.09479E0 6.47076E0 7.757E0 8.54853E0 1.29217E1 1.60285E1 1.42871E1 1.54942E1 2.05402E1 2.56456E1 2.71297E1 1.23677E1 1.23677E1 1.23677E1 2.96428E1 1.64243E0 3.95765E-2 3.95765E-2 3.95765E-2 3.95765E-2 3.95765E-2 1.64243E0 3.95765E-2 3.95765E-2 3.95765E-2 3.95765E-2 3.95765E-2 3.95765E-2 3.95765E-2 1.64243E0 1.64243E0 1.64243E0 3.95765E-2 3.95765E-2 3.95765E-2 3.95765E-2 3.95765E-2 3.95765E-2 3.95765E-2 3.95765E-2 3.95765E-2 3.95765E-2 3.95765E-2 3.95765E-2 3.95765E-2 3.95765E-2 3.95765E-2 3.95765E-2 3.95765E-2 3.95765E-2 1.64243E0 1.64243E0 1.64243E0 1.64243E0 1.64243E0 1.64243E0 3.95765E-2 1.64243E0 1.64243E0 3.95765E-2
4.29405E0 2.21629E0 2.11734E0 2.47353E0 5.10537E0 1.06065E1 7.34145E0 9.9535E0 9.02345E0 1.30603E1 1.49797E1 1.76313E1 1.73345E1 2.04215E1 2.43791E1 1.23677E1 1.23677E1 1.23677E1 1.23677E1 1.23677E1 1.23677E1 1.23677E1 1.64243E0 3.95765E-2 3.95765E-2 3.95765E-2 1.64243E0 3.95765E-2 3.95765E-2 3.95765E-2 3.95765E-2 3.95765E-2 3.95765E-2 3.95765E-2 3.95765E-2 3.95765E-2 1.64243E0 1.64243E0 1.64243E0 3.95765E-2 3.95765E-2 3.95765E-2 3.95765E-2 3.95765E-2 3.95765E-2 3.95765E-2 3.95765E-2 3.95765E-2 3.95765E-2 3.95765E-2 1.64243E0 1.64243E0 3.95765E-2 3.95765E-2 3.95765E-2 1.64243E0 1.64243E0 1.64243E0 1.64243E0 1.64243E0 1.64243E0 1.64243E0 1.64243E0 1.64243E0 1.64243E0 1.64243E0 3.95765E-2
3.64104E0 3.08697E0 2.79015E0 4.67003E0 7.04462E0 6.19373E0 9.16197E0 8.68705E0 8.66726E0 1.13387E1 1.23677E1 1.23677E1 1.64243E0 1.64243E0 1.64243E0 3.95765E-2 1.64243E0 1.64243E0 1.64243E0 1.64243E0 1.64243E0 1.23677E1 1.23677E1 1.23677E1 1.64243E0 3.95765E-2 3.95765E-2 3.95765E-2 3.95765E-2 3.95765E-2 3.95765E-2 3.95765E-2 3.95765E-2 3.95765E-2 3.95765E-2 1.64243E0 1.64243E0 1.64243E0 1.64243E0 3.95765E-2 3.95765E-2 1.64243E0 1.64243E0 3.95765E-2 3.95765E-2 3.95765E-2 3.95765E-2 3.95765E-2 3.95765E-2 3.95765E-2 1.64243E0 1.64243E0 3.95765E-2 3.95765E-2 1.64243E0 1.64243E0 1.64243E0 1.64243E0 1.64243E0 1.64243E0 1.64243E0 1.64243E0 1.64243E0 1.64243E0 1.64243E0 1.64243E0 1.64243E0
4.7294E0 3.08697E0 3.58168E0 3.89829E0 4.39299E0 5.75839E0 6.27288E0 7.87573E0 1.23677E1 1.64243E0 1.64243E0 1.64243E0 3.95765E-2 3.95765E-2 3.95765E-2 3.95765E-2 3.95765E-2 3.95765E-2 3.95765E-2 1.64243E0 1.64243E0 3.95765E-2 1.64243E0 1.64243E0 3.95765E-2 3.95765E-2 3.95765E-2 3.95765E-2 3.95765E-2 3.95765E-2 3.95765E-2 3.95765E-2 3.95765E-2 3.95765E-2 3.95765E-2 1.64243E0 1.64243E0 1.64243E0 1.64243E0 3.95765E-2 3.95765E-2 1.64243E0 3.95765E-2 3.95765E-2 3.95765E-2 3.95765E-2 3.95765E-2 3.95765E-2 3.95765E-2 3.95765E-2 3.95765E-2 3.95765E-2 3.95765E-2 1.64243E0 1.64243E0 1.64243E0 1.64243E0 1.64243E0 1.64243E0 1.64243E0 1.64243E0 1.64243E0 1.64243E0 1.64243E0 1.64243E0 1.64243E0 1.64243E0
4.90749E0 5.48135E0 5.75839E0 6.78737E0 1.64243E0 6.47076E0 1.64243E0 1.64243E0 1.64243E0 1.64243E0 3.95765E-2 3.95765E-2 3.95765E-2 3.95765E-2 3.95765E-2 1.97883E-2 1.97883E-2 3.95765E-2 3.95765E-2 3.95765E-2 1.97883E-2 1.97883E-2 3.95765E-2 1.97883E-2 1.97883E-2 3.95765E-2 3.95765E-2 3.95765E-2 3.95765E-2 3.95765E-2 3.95765E-2 3.95765E-2 3.95765E-2 3.95765E-2 1.64243E0 1.64243E0 1.23677E1 1.64243E0 1.64243E0 1.64243E0 1.64243E0 1.64243E0 1.64243E0 3.95765E-2 3.95765E-2 3.95765E-2 3.95765E-2 1.64243E0 1.64243E0 3.95765E-2 3.95765E-2 1.64243E0 1.64243E0 1.64243E0 1.64243E0 1.64243E0 1.64243E0 1.64243E0 1.64243E0 1.64243E0 1.64243E0 1.64243E0 1.64243E0 1.64243E0 1.64243E0 1.64243E0 1.64243E0
5.34283E0 5.08558E0 5.48135E0 1.64243E0 1.64243E0 1.64243E0 1.64243E0 1.64243E0 1.64243E0 1.64243E0 3.95765E-2 3.95765E-2 3.95765E-2 3.95765E-2 1.97883E-2 1.97883E-2 1.97883E-2 1.97883E-2 1.97883E-2 1.97883E-2 1.97883E-2 1.97883E-2 1.97883E-2 1.97883E-2 1.97883E-2 3.95765E-2 3.95765E-2 3.95765E-2 3.95765E-2 3.95765E-2 3.95765E-2 3.95765E-2 3.95765E-2 3.95765E-2 1.64243E0 1.64243E0 1.64243E0 1.64243E0 1.64243E0 1.23677E1 1.64243E0 1.64243E0 1.64243E0 1.64243E0 3.95765E-2 3.95765E-2 1.64243E0 1.64243E0 1.64243E0 1.64243E0 1.64243E0 1.64243E0 1.64243E0 1.64243E0 1.23677E1 1.64243E0 1.64243E0 1.64243E0 1.23677E1 1.64243E0 1.64243E0 1.64243E0 1.64243E0 1.64243E0 1.64243E0 1.64243E0 1.64243E0
6.01563E0 5.08558E0 5.61987E0 6.54992E0 1.64243E0 1.64243E0 1.64243E0 1.64243E0 3.95765E-2 3.95765E-2 3.95765E-2 3.95765E-2 3.95765E-2 1.97883E-2 1.97883E-2 1.97883E-2 1.97883E-2 1.97883E-2 1.97883E-2 1.97883E-2 1.97883E-2 1.97883E-2 1.97883E-2 1.97883E-2 1.97883E-2 3.95765E-2 3.95765E-2 3.95765E-2 3.95765E-2 3.95765E-2 3.95765E-2 3.95765E-2 3.95765E-2 3.95765E-2 1.64243E0 1.64243E0 1.64243E0 1.64243E0 1.64243E0 1.64243E0 1.64243E0 1.23677E1 1.64243E0 3.95765E-2 3.95765E-2 1.64243E0 1.64243E0 1.64243E0 1.64243E0 1.64243E0 1.64243E0 1.64243E0 1.64243E0 1.64243E0 1.64243E0 1.23677E1 1.64243E0 1.23677E1 1.23677E1 1.23677E1 1.64243E0 1.64243E0 1.64243E0 1.64243E0 1.64243E0 1.64243E0 1.64243E0
8.4298E0 8.27149E0 6.98526E0 6.98526E0 7.18314E0 1.64243E0 1.64243E0 1.64243E0 3.95765E-2 3.95765E-2 3.95765E-2 3.95765E-2 1.97883E-2 1.97883E-2 1.97883E-2 1.97883E-2 1.97883E-2 1.97883E-2 1.97883E-2 1.97883E-2 1.97883E-2 1.97883E-2 3.95765E-2 3.95765E-2 3.95765E-2 3.95765E-2 3.95765E-2 3.95765E-2 3.95765E-2 3.95765E-2 3.95765E-2 3.95765E-2 3.95765E-2 1.64243E0 1.64243E0 1.64243E0 1.64243E0 1.64243E0 1.64243E0 1.64243E0 1.64243E0 1.64243E0 1.64243E0 1.64243E0 1.64243E0 1.64243E0 1.64243E0 1.64243E0 1.64243E0 1.64243E0 1.64243E0 1.64243E0 1.64243E0 1.64243E0 1.64243E0 1.64243E0 1.64243E0 1.64243E0 1.64243E0 1.64243E0 1.64243E0 1.64243E0 1.64243E0 1.64243E0 1.64243E0 1.64243E0 1.64243E0
9.49837E0 1.64243E0 1.64243E0 1.64243E0 1.64243E0 1.64243E0 1.64243E0 1.64243E0 3.95765E-2 3.95765E-2 3.95765E-2 3.95765E-2 3.95765E-2 1.97883E-2 1.97883E-2 1.97883E-2 1.97883E-2 1.97883E-2 1.97883E-2 1.97883E-2 3.95765E-2 1.23677E1 1.64243E0 1.64243E0 1.64243E0 3.95765E-2 3.95765E-2 3.95765E-2 3.95765E-2 3.95765E-2 3.95765E-2 1.64243E0 1.64243E0 1.64243E0 1.64243E0 1.64243E0 1.64243E0 1.64243E0 1.64243E0 1.64243E0 1.64243E0 1.64243E0 1.64243E0 1.64243E0 1.64243E0 1.64243E0 1.64243E0 1.64243E0 1.64243E0 1.64243E0 1.64243E0 1.64243E0 1.64243E0 1.64243E0 1.64243E0 1.64243E0 1.64243E0 1.64243E0 1.64243E0 1.64243E0 1.64243E0 1.64243E0 1.64243E0 1.64243E0 1.64243E0 1.64243E0 1.64243E0
7.93509E0 1.64243E0 1.64243E0 1.64243E0 1.64243E0 1.64243E0 1.64243E0 1.64243E0 3.95765E-2 3.95765E-2 3.95765E-2 3.95765E-2 1.97883E-2 1.97883E-2 1.97883E-2 1.97883E-2 1.97883E-2 1.97883E-2 1.97883E-2 1.97883E-2 1.97883E-2 3.95765E-2 3.95765E-2 3.95765E-2 3.95765E-2 3.95765E-2 3.95765E-2 3.95765E-2 3.95765E-2 3.95765E-2 1.64243E0 1.64243E0 1.64243E0 1.64243E0 1.64243E0 1.64243E0 1.64243E0 1.64243E0 1.64243E0 1.64243E0 1.64243E0 1.64243E0 1.64243E0 1.64243E0 1.64243E0 1.64243E0 1.64243E0 1.64243E0 1.64243E0 1.64243E0 1.64243E0 1.64243E0 1.64243E0 1.64243E0 1.64243E0 1.64243E0 1.64243E0 1.64243E0 1.64243E0 1.64243E0 1.23677E1 1.64243E0 1.64243E0 1.64243E0 1.64243E0 1.64243E0 1.64243E0
1.0844E1 1.64243E0 1.64243E0 1.64243E0 1.64243E0 1.64243E0 1.64243E0 1.64243E0 3.95765E-2 3.95765E-2 3.95765E-2 1.97883E-2 1.97883E-2 1.97883E-2 1.97883E-2 1.97883E-2 1.97883E-2 1.97883E-2 1.97883E-2 1.97883E-2 1.97883E-2 1.97883E-2 1.97883E-2 3.95765E-2 3.95765E-2 3.95765E-2 3.95765E-2 3.95765E-2 3.95765E-2 1.64243E0 1.64243E0 1.64243E0 1.64243E0 1.64243E0 1.64243E0 1.64243E0 1.64243E0 1.64243E0 1.64243E0 1.64243E0 1.64243E0 1.64243E0 1.64243E0 1.64243E0 1.64243E0 1.64243E0 1.64243E0 1.64243E0 1.64243E0 1.64243E0 1.64243E0 1.64243E0 1.64243E0 1.64243E0 1.64243E0 1.64243E0 1.64243E0 1.64243E0 1.64243E0 1.64243E0 1.64243E0 1.64243E0 1.64243E0 1.64243E0 1.64243E0 1.64243E0 1.64243E0
1.64243E0 1.64243E0 1.64243E0 1.64243E0 1.64243E0 1.64243E0 1.64243E0 3.95765E-2 3.95765E-2 3.95765E-2 3.95765E-2 1.97883E-2 1.97883E-2 1.97883E-2 1.97883E-2 1.97883E-2 1.97883E-2 1.97883E-2 1.97883E-2 1.97883E-2 1.97883E-2 1.97883E-2 1.97883E-2 1.97883E-2 3.95765E-2 3.95765E-2 3.95765E-2 3.95765E-2 3.95765E-2 1.64243E0 1.64243E0 1.64243E0 1.64243E0 1.64243E0 1.64243E0 1.64243E0 1.64243E0 1.64243E0 1.64243E0 1.64243E0 1.64243E0 1.64243E0 1.23677E1 1.64243E0 1.64243E0 1.64243E0 1.64243E0 1.64243E0 1.23677E1 1.64243E0 1.64243E0 1.64243E0 1.64243E0 1.64243E0 1.64243E0 1.64243E0 1.64243E0 1.64243E0 1.64243E0 1.64243E0 1.64243E0 1.64243E0 1.64243E0 1.64243E0 1.64243E0 1.64243E0 1.64243E0
1.64243E0 1.64243E0 1.64243E0 1.64243E0 1.64243E0 1.64243E0 3.95765E-2 3.95765E-2 3.95765E-2 3.95765E-2 3.95765E-2 3.95765E-2 1.97883E-2 1.97883E-2 1.97883E-2 1.97883E-2 1.97883E-2 1.97883E-2 1.97883E-2 1.97883E-2 1.97883E-2 1.97883E-2 1.97883E-2 3.95765E-2 3.95765E-2 3.95765E-2 3.95765E-2 3.95765E-2 3.95765E-2 3.95765E-2 1.64243E0 1.64243E0 1.64243E0 1.64243E0 1.64243E0 1.64243E0 1.64243E0 1.64243E0 1.64243E0 1.64243E0 1.64243E0 1.64243E0 1.23677E1 1.64243E0 1.64243E0 1.64243E0 1.64243E0 1.64243E0 1.23677E1 1.23677E1 1.23677E1 1.64243E0 1.64243E0 1.64243E0 1.64243E0 1.64243E0 1.64243E0 1.64243E0 1.64243E0 1.64243E0 1.64243E0 1.64243E0 1.64243E0 1.64243E0 1.64243E0 1.64243E0 1.64243E0
