Leopardus emiliae/Leopardus_emiliae_projection 2041-2060.asc
ncols         515
nrows         545
xllcorner     -119.0
yllcorner     -58.333333333333
cellsize      0.166666666667
NODATA_value  -9999
[rows 261 to 289 of 545, columns 330 to 395 of 515]
4.3255E-2 4.98103E-2 5.6719E-2 6.19218E-2 7.09113E-2 8.30078E-2 8.23111E-2 8.1626E-2 8.23584E-2 1.27681E-1 1.09988E-1 9.62428E-2 9.56759E-2 1.10434E-1 1.29486E-1 1.41422E-1 7.75698E-2 7.56508E-2 6.04792E-2 7.28908E-2 8.87799E-2 9.1496E-2 9.07713E-2 9.52575E-2 9.59037E-2 9.78967E-2 9.91702E-2 9.85242E-2 9.46604E-2 8.80825E-2 8.99149E-2 7.80278E-2 7.15953E-2 7.66317E-2 7.83929E-2 8.50997E-2 7.46699E-2 7.00208E-2 7.36907E-2 8.11354E-2 7.7319E-2 6.44209E-2 6.27962E-2 6.90503E-2 6.93711E-2 4.44256E-2 4.10149E-2 5.8545E-2 5.8512E-2 5.7081E-2 5.66799E-2 5.97028E-2 4.37306E-2 4.71089E-2 3.85699E-2 3.3058E-2 3.54786E-2 3.04905E-2 3.46541E-2 3.25456E-2 3.56612E-2 3.61402E-2 3.56484E-2 3.70935E-2 3.78756E-2 4.02754E-2
4.9566E-2 5.33155E-2 6.10228E-2 6.47065E-2 6.23536E-2 8.10752E-2 9.27113E-2 9.71765E-2 7.82632E-2 1.32338E-1 1.19407E-1 1.17084E-1 1.1569E-1 1.28457E-1 1.31846E-1 1.27532E-1 1.49387E-1 6.09544E-2 6.71564E-2 7.48471E-2 8.90299E-2 9.1256E-2 9.5594E-2 9.3961E-2 9.95583E-2 9.59097E-2 9.63829E-2 9.30971E-2 9.44519E-2 8.26656E-2 8.12419E-2 7.37503E-2 6.77269E-2 7.46025E-2 8.16292E-2 8.72169E-2 7.97951E-2 8.13772E-2 7.80071E-2 7.29262E-2 7.37055E-2 7.43032E-2 6.8361E-2 6.84146E-2 8.89952E-2 7.01636E-2 5.92978E-2 7.53563E-2 7.82988E-2 8.81468E-2 7.73126E-2 7.31327E-2 6.05258E-2 6.84991E-2 6.2251E-2 6.52559E-2 5.84969E-2 4.27496E-2 3.97234E-2 4.2082E-2 4.55713E-2 4.44852E-2 4.42463E-2 4.49121E-2 4.31791E-2 4.88316E-2
5.56441E-2 6.032E-2 6.40361E-2 6.54638E-2 7.25601E-2 8.82469E-2 9.35801E-2 9.45708E-2 9.74229E-2 1.38226E-1 1.33259E-1 1.38646E-1 1.42429E-1 1.41271E-1 1.41673E-1 5.94145E-2 6.12039E-2 5.91671E-2 5.91798E-2 6.54675E-2 8.31855E-2 9.00271E-2 9.44624E-2 9.783E-2 9.81832E-2 9.69155E-2 9.44543E-2 9.4398E-2 8.96326E-2 8.03796E-2 7.46579E-2 6.50999E-2 6.85689E-2 7.85491E-2 8.97286E-2 8.34879E-2 8.2101E-2 8.02776E-2 7.51483E-2 7.55697E-2 7.4963E-2 7.47323E-2 7.49777E-2 6.97022E-2 8.85067E-2 9.07408E-2 8.17175E-2 8.75019E-2 9.84987E-2 8.73145E-2 9.3885E-2 9.24758E-2 9.31365E-2 8.64139E-2 6.02852E-2 6.56391E-2 7.15963E-2 6.05131E-2 5.84114E-2 4.661E-2 4.88105E-2 5.55606E-2 5.31038E-2 4.95857E-2 5.3203E-2 5.51674E-2
5.26103E-2 5.74845E-2 6.78263E-2 7.59892E-2 8.20468E-2 8.28621E-2 9.58346E-2 9.61284E-2 9.45925E-2 8.53256E-2 7.66288E-2 7.16843E-2 1.46456E-1 1.40466E-1 6.68795E-2 6.86491E-2 6.86674E-2 6.18563E-2 5.89772E-2 6.78569E-2 7.53983E-2 8.35961E-2 9.49229E-2 9.75469E-2 9.74079E-2 9.79547E-2 9.52412E-2 9.21389E-2 8.69998E-2 8.03131E-2 7.75187E-2 7.22447E-2 7.21766E-2 7.20082E-2 6.77961E-2 7.74394E-2 7.5275E-2 7.47604E-2 7.56242E-2 7.49013E-2 7.94688E-2 7.41373E-2 8.43489E-2 7.82287E-2 7.66802E-2 8.25497E-2 8.00941E-2 7.4131E-2 7.35956E-2 1.00244E-1 1.02137E-1 9.38136E-2 1.07197E-1 1.04124E-1 7.67856E-2 8.40765E-2 8.14068E-2 7.02378E-2 6.88937E-2 6.80587E-2 6.53756E-2 6.6393E-2 6.26782E-2 6.19216E-2 6.32655E-2 6.85771E-2
6.08131E-2 6.55019E-2 7.14546E-2 7.78375E-2 7.62842E-2 6.69883E-2 7.7767E-2 7.65888E-2 8.41723E-2 8.68029E-2 8.34259E-2 8.19187E-2 7.51581E-2 7.44961E-2 7.5993E-2 7.94453E-2 7.73701E-2 7.42964E-2 7.02304E-2 6.6178E-2 7.14519E-2 8.31343E-2 9.32927E-2 1.00605E-1 1.00774E-1 9.9976E-2 9.37559E-2 8.66936E-2 8.30012E-2 7.89281E-2 7.90507E-2 7.25316E-2 7.59216E-2 7.55384E-2 6.51333E-2 7.14257E-2 7.99475E-2 8.24756E-2 8.04419E-2 8.21249E-2 7.54336E-2 7.08001E-2 7.23856E-2 6.87513E-2 7.22259E-2 8.00672E-2 7.96706E-2 7.3879E-2 9.09716E-2 1.00576E-1 8.69473E-2 7.86839E-2 9.46698E-2 1.21031E-1 1.35093E-1 1.31628E-1 1.05284E-1 9.75184E-2 1.13488E-1 8.69116E-2 8.30929E-2 7.70088E-2 7.23823E-2 7.42383E-2 7.39812E-2 8.12756E-2
5.45201E-2 5.98545E-2 6.34759E-2 6.84994E-2 7.33013E-2 7.26592E-2 8.18539E-2 8.3387E-2 1.07224E-1 9.76214E-2 1.04632E-1 1.02405E-1 9.73728E-2 9.24017E-2 9.07906E-2 8.64908E-2 8.81946E-2 8.91046E-2 7.69033E-2 8.29324E-2 8.49839E-2 9.08278E-2 9.70833E-2 9.53988E-2 9.64654E-2 9.46593E-2 9.31158E-2 8.66029E-2 8.06801E-2 7.81912E-2 7.59904E-2 7.49246E-2 6.75714E-2 6.6415E-2 6.37461E-2 7.6353E-2 8.3371E-2 8.21085E-2 8.41083E-2 8.0504E-2 7.68486E-2 6.89619E-2 6.49927E-2 5.58263E-2 5.24812E-2 5.67082E-2 6.58442E-2 6.74074E-2 8.35176E-2 7.44999E-2 7.7424E-2 8.60618E-2 1.01783E-1 1.28498E-1 1.47276E-1 1.50392E-1 1.38725E-1 1.3307E-1 1.26205E-1 1.1686E-1 9.73407E-2 8.90839E-2 7.52589E-2 8.14703E-2 8.9563E-2 9.47704E-2
6.01088E-2 6.16931E-2 6.24076E-2 6.95019E-2 7.74805E-2 8.51386E-2 8.63797E-2 1.0427E-1 1.07424E-1 1.11701E-1 1.14223E-1 1.11181E-1 1.07992E-1 1.12111E-1 1.08249E-1 1.06809E-1 1.04232E-1 9.87018E-2 9.44075E-2 9.54997E-2 9.20226E-2 9.13763E-2 9.25346E-2 9.69359E-2 9.77202E-2 9.48969E-2 8.76296E-2 8.15778E-2 7.89492E-2 7.20652E-2 7.50623E-2 7.63966E-2 7.58285E-2 7.61175E-2 6.47733E-2 6.53681E-2 6.69613E-2 7.50446E-2 7.57134E-2 7.04673E-2 6.97518E-2 5.63439E-2 5.17219E-2 4.69439E-2 4.6203E-2 4.7412E-2 4.71261E-2 5.65921E-2 6.96343E-2 6.8596E-2 8.69261E-2 9.8264E-2 1.10212E-1 1.61475E-1 1.6616E-1 1.8169E-1 1.6752E-1 1.54674E-1 1.49383E-1 1.35716E-1 1.31568E-1 1.04553E-1 8.95435E-2 8.74292E-2 9.75715E-2 1.11558E-1
7.34878E-2 6.71535E-2 7.12391E-2 7.32522E-2 8.57268E-2 9.29588E-2 9.96169E-2 1.10073E-1 1.05864E-1 1.03972E-1 1.00885E-1 1.00443E-1 1.0396E-1 1.06604E-1 1.04551E-1 1.08077E-1 1.05914E-1 9.78309E-2 9.385E-2 9.70518E-2 9.1723E-2 9.3882E-2 9.31625E-2 9.02571E-2 8.71876E-2 8.84772E-2 7.93868E-2 7.67863E-2 7.3476E-2 6.70372E-2 7.06336E-2 6.61787E-2 7.25825E-2 7.63756E-2 6.72371E-2 6.91378E-2 6.68021E-2 6.26949E-2 6.53248E-2 6.31035E-2 5.81844E-2 5.52834E-2 4.45355E-2 3.45623E-2 3.51842E-2 4.12541E-2 4.50813E-2 5.33973E-2 7.51956E-2 7.53377E-2 9.38171E-2 1.1423E-1 1.18405E-1 1.56285E-1 1.83474E-1 1.80482E-1 1.66998E-1 1.60629E-1 1.65136E-1 1.64025E-1 1.55515E-1 1.54761E-1 1.33501E-1 2.77E-2 1.04867E-1 1.27316E-1
7.92687E-2 8.07313E-2 7.78565E-2 7.49569E-2 7.72596E-2 8.77415E-2 1.03986E-1 1.01615E-1 1.07364E-1 1.04041E-1 1.05444E-1 9.16794E-2 9.969E-2 1.12806E-1 1.11316E-1 1.21783E-1 1.08052E-1 9.43304E-2 9.56649E-2 9.41775E-2 8.85177E-2 8.16937E-2 8.22865E-2 7.66408E-2 7.21994E-2 7.68381E-2 7.16204E-2 7.12663E-2 7.01297E-2 6.1426E-2 6.12058E-2 5.9996E-2 6.35979E-2 7.11764E-2 5.68721E-2 6.12921E-2 7.27848E-2 6.43508E-2 6.50307E-2 6.4942E-2 5.59889E-2 5.58556E-2 4.90922E-2 3.93665E-2 1.27431E-2 1.47171E-2 5.1667E-2 6.14444E-2 6.86487E-2 8.6942E-2 1.01191E-1 1.214E-1 1.32404E-1 1.59554E-1 1.63163E-1 1.77563E-1 1.82218E-1 1.81449E-1 1.62225E-1 1.7119E-1 1.73436E-1 1.61922E-1 4.29026E-2 1.55184E-1 2.96995E-2 1.22856E-1
8.61451E-2 8.72628E-2 8.86898E-2 8.74005E-2 7.86094E-2 8.6629E-2 9.51163E-2 9.48477E-2 1.06869E-1 1.1206E-1 1.1243E-1 1.0291E-1 1.07734E-1 1.18531E-1 1.13977E-1 1.09074E-1 9.54167E-2 9.21757E-2 9.26833E-2 9.53519E-2 8.2841E-2 7.69292E-2 6.31031E-2 4.4001E-2 5.91892E-2 7.07856E-2 6.9572E-2 6.35788E-2 6.481E-2 6.14817E-2 5.70226E-2 5.39702E-2 5.57921E-2 6.38514E-2 4.59809E-2 5.43386E-2 6.44178E-2 7.19838E-2 6.71729E-2 6.74617E-2 6.11135E-2 5.83897E-2 5.70111E-2 4.63912E-2 4.8673E-2 5.89113E-2 6.11493E-2 7.75069E-2 7.67535E-2 8.94077E-2 9.6727E-2 1.21705E-1 1.53454E-1 1.67389E-1 1.81168E-1 1.82615E-1 2.00383E-1 2.06057E-1 1.93029E-1 4.52361E-2 1.90017E-1 4.62715E-2 4.53299E-2 4.25569E-2 1.75314E-1 1.69454E-1
7.85063E-2 9.67252E-2 9.91563E-2 1.02179E-1 9.68534E-2 9.17394E-2 8.49885E-2 9.25243E-2 1.02116E-1 1.08425E-1 1.07291E-1 1.06027E-1 9.78784E-2 1.07158E-1 9.69093E-2 9.12605E-2 9.2589E-2 8.82096E-2 8.34585E-2 8.79731E-2 7.98068E-2 6.66435E-2 5.46566E-2 4.21574E-2 5.8228E-2 6.1242E-2 6.02429E-2 5.86645E-2 6.23533E-2 5.83947E-2 5.48112E-2 4.27591E-2 4.95319E-2 6.00299E-2 4.69939E-2 4.13792E-2 6.26099E-2 6.97377E-2 7.91966E-2 7.35522E-2 6.50439E-2 6.20054E-2 1.75843E-2 1.64288E-2 6.3593E-2 6.13473E-2 6.52197E-2 7.92112E-2 8.37846E-2 9.67643E-2 1.03559E-1 1.23663E-1 1.6755E-1 1.70791E-1 1.92747E-1 1.97431E-1 2.17486E-1 5.59304E-2 2.0417E-1 1.9701E-1 5.3477E-2 5.10277E-2 4.96065E-2 4.89221E-2 4.97435E-2 5.85055E-2
8.09436E-2 1.01708E-1 1.05994E-1 1.0547E-1 9.44042E-2 9.05245E-2 9.37531E-2 8.64368E-2 8.36357E-2 9.78397E-2 9.74677E-2 9.93014E-2 9.63065E-2 9.94674E-2 9.80893E-2 8.29911E-2 7.49394E-2 8.12661E-2 7.40114E-2 7.05518E-2 6.63541E-2 5.96282E-2 5.67068E-2 4.74999E-2 5.61992E-2 5.8262E-2 5.92148E-2 5.48123E-2 5.68637E-2 5.37607E-2 5.1389E-2 4.13768E-2 3.42823E-2 5.70045E-2 5.39771E-2 3.97638E-2 6.88105E-2 7.34223E-2 7.54084E-2 6.53179E-2 7.62475E-2 7.13261E-2 7.35635E-2 1.89453E-2 7.6935E-2 7.50406E-2 7.7515E-2 8.12751E-2 9.35724E-2 1.0371E-1 1.13178E-1 1.24864E-1 1.44056E-1 1.78844E-1 1.79878E-1 5.52333E-2 2.25043E-1 5.84964E-2 1.94282E-1 1.93036E-1 5.25639E-2 1.97753E-1 5.19582E-2 5.30674E-2 5.58485E-2 6.12859E-2
7.06326E-2 9.22354E-2 1.12253E-1 1.06522E-1 9.26117E-2 8.1548E-2 1.01779E-1 9.24308E-2 9.61054E-2 9.50287E-2 9.13531E-2 8.5776E-2 8.05829E-2 8.87711E-2 8.23486E-2 7.82545E-2 6.85515E-2 6.38412E-2 5.8883E-2 5.68466E-2 5.30002E-2 5.32461E-2 5.26434E-2 5.48716E-2 5.22114E-2 5.86714E-2 5.61234E-2 5.73915E-2 5.81686E-2 4.53332E-2 4.81722E-2 3.68601E-2 3.6912E-2 4.72944E-2 5.70416E-2 4.30143E-2 5.31934E-2 5.66944E-2 7.28616E-2 7.7536E-2 8.65909E-2 8.26177E-2 2.35392E-2 2.53654E-2 2.41827E-2 2.66237E-2 2.64169E-2 9.54524E-2 1.10549E-1 1.19865E-1 1.31616E-1 1.27309E-1 1.42619E-1 1.84038E-1 4.78417E-2 5.69515E-2 2.22767E-1 5.81472E-2 2.00508E-1 1.70183E-1 5.04816E-2 4.97261E-2 1.61663E-1 1.68523E-1 1.56493E-1 1.85375E-1
7.08508E-2 7.79162E-2 9.90753E-2 9.82795E-2 7.6002E-2 7.67099E-2 9.37793E-2 9.91788E-2 9.98328E-2 8.64287E-2 8.4291E-2 9.09032E-2 7.53734E-2 6.84801E-2 7.32489E-2 8.46191E-2 7.04415E-2 5.66567E-2 5.18844E-2 4.89682E-2 4.99147E-2 5.04164E-2 5.83176E-2 5.95812E-2 5.73334E-2 5.89693E-2 6.14719E-2 6.08124E-2 5.06127E-2 4.52589E-2 4.35905E-2 3.07939E-2 4.07592E-2 5.02136E-2 6.45819E-2 4.52313E-2 5.21275E-2 5.53075E-2 7.39639E-2 8.55177E-2 9.3602E-2 9.9455E-2 2.80733E-2 2.88437E-2 3.0306E-2 1.11002E-1 3.30294E-2 1.08476E-1 1.17403E-1 1.31607E-1 1.55918E-1 1.42881E-1 1.49043E-1 1.82829E-1 1.97959E-1 2.14929E-1 2.07057E-1 5.73896E-2 2.00951E-1 1.84642E-1 1.8068E-1 1.74793E-1 1.70992E-1 1.66522E-1 1.57904E-1 1.86186E-1
7.25326E-2 6.81868E-2 7.11637E-2 7.21834E-2 7.43086E-2 7.21937E-2 7.20264E-2 9.50473E-2 9.73507E-2 9.25712E-2 8.14064E-2 9.20266E-2 8.54648E-2 6.71216E-2 6.78083E-2 6.6839E-2 6.04803E-2 5.82633E-2 5.52436E-2 4.89651E-2 4.64345E-2 5.00876E-2 5.58004E-2 5.44037E-2 5.33423E-2 5.38908E-2 5.93782E-2 6.10299E-2 4.02829E-2 4.37971E-2 3.23012E-2 3.28002E-2 3.69124E-2 3.93738E-2 6.59929E-2 5.67793E-2 4.29784E-2 5.60439E-2 7.32442E-2 7.86962E-2 1.01007E-1 1.08903E-1 1.01832E-1 1.08452E-1 3.45312E-2 3.58967E-2 1.29529E-1 1.13869E-1 1.32369E-1 1.61397E-1 1.7575E-1 1.91031E-1 1.62563E-1 1.69136E-1 1.87397E-1 1.56596E-1 2.10742E-1 1.75246E-1 1.67099E-1 1.77091E-1 1.56053E-1 4.94542E-2 5.09628E-2 1.70514E-1 1.69887E-1 1.7633E-1
6.83495E-2 7.05048E-2 6.42029E-2 7.09721E-2 8.33484E-2 7.50619E-2 6.5091E-2 7.97054E-2 9.44441E-2 9.33914E-2 8.00348E-2 7.95721E-2 8.30778E-2 7.84329E-2 8.02374E-2 7.95118E-2 7.50787E-2 6.81523E-2 6.23506E-2 5.27176E-2 5.50442E-2 5.65369E-2 5.63465E-2 6.3853E-2 5.39727E-2 4.77425E-2 5.38399E-2 5.69109E-2 3.78203E-2 3.81939E-2 3.20689E-2 3.43535E-2 3.73192E-2 5.86109E-2 5.57639E-2 5.92554E-2 4.45353E-2 6.13984E-2 6.50722E-2 7.9785E-2 1.10681E-1 1.18272E-1 1.16215E-1 3.80996E-2 4.0469E-2 4.26758E-2 3.82417E-2 1.42822E-1 1.46733E-1 1.59031E-1 1.94384E-1 5.06829E-2 2.13802E-1 1.84156E-1 1.76093E-1 1.642E-1 2.21112E-1 2.05181E-1 4.28978E-2 1.64265E-1 1.55822E-1 4.12569E-2 1.59838E-1 1.56627E-1 1.53568E-1 1.82623E-1
7.8933E-2 6.89032E-2 6.90045E-2 7.64901E-2 7.55411E-2 7.64806E-2 6.77933E-2 6.95458E-2 9.08126E-2 8.99539E-2 8.63629E-2 8.28446E-2 8.1222E-2 7.59911E-2 6.84243E-2 6.98581E-2 7.52153E-2 6.94369E-2 7.43718E-2 6.75079E-2 5.99027E-2 5.98751E-2 5.66929E-2 6.24439E-2 6.0044E-2 5.22145E-2 5.1443E-2 5.6862E-2 3.98947E-2 4.31544E-2 3.78223E-2 4.0026E-2 5.13045E-2 6.27243E-2 5.15124E-2 6.33271E-2 5.76267E-2 7.25838E-2 6.20068E-2 7.2847E-2 9.27327E-2 8.73372E-2 1.19754E-1 4.5778E-2 1.48923E-1 4.83558E-2 4.27158E-2 4.5691E-2 1.65561E-1 1.71265E-1 1.9557E-1 2.03153E-1 1.96514E-1 5.55064E-2 1.87353E-1 1.84598E-1 5.72932E-2 4.66434E-2 1.6901E-1 1.55826E-1 1.4192E-1 1.36311E-1 1.36974E-1 1.37132E-1 1.40419E-1 1.57031E-1
6.80689E-2 5.95889E-2 8.16627E-2 8.35055E-2 7.9345E-2 7.89038E-2 7.16334E-2 6.92175E-2 7.91218E-2 8.27971E-2 8.41051E-2 8.17369E-2 8.01157E-2 7.86555E-2 6.38053E-2 7.38497E-2 7.28611E-2 7.12008E-2 7.61489E-2 7.15212E-2 6.59036E-2 6.08928E-2 6.07009E-2 5.2407E-2 6.67718E-2 6.77494E-2 5.86574E-2 5.71803E-2 4.40043E-2 4.43836E-2 4.40068E-2 4.54224E-2 5.87277E-2 5.87771E-2 5.9623E-2 5.93915E-2 5.63678E-2 6.98489E-2 7.11056E-2 6.94249E-2 7.69343E-2 1.00985E-1 1.28283E-1 5.11619E-2 1.56301E-1 3.80167E-2 5.79982E-2 1.68765E-1 1.73377E-1 1.56448E-1 1.78754E-1 1.86542E-1 1.97496E-1 5.59491E-2 6.03015E-2 1.88449E-1 5.05683E-2 3.96088E-2 3.84483E-2 1.4114E-1 1.3235E-1 1.28226E-1 1.23874E-1 1.26334E-1 1.19162E-1 1.43391E-1
6.24354E-2 6.09569E-2 4.12565E-2 8.56409E-2 8.81291E-2 8.71607E-2 8.62447E-2 8.08299E-2 8.00906E-2 7.91738E-2 8.12043E-2 8.07406E-2 7.95635E-2 7.95177E-2 7.34562E-2 6.49961E-2 6.95131E-2 7.06899E-2 7.87509E-2 7.3976E-2 7.29619E-2 6.28842E-2 5.76485E-2 5.71149E-2 5.55389E-2 6.70456E-2 7.30027E-2 5.86165E-2 5.12613E-2 5.60921E-2 4.46108E-2 5.63953E-2 6.19994E-2 6.13643E-2 5.96501E-2 6.23692E-2 6.12214E-2 7.20123E-2 6.9401E-2 7.74579E-2 8.84642E-2 1.15472E-1 1.44445E-1 3.39346E-2 1.53337E-1 3.57525E-2 4.324E-2 4.36698E-2 6.38292E-2 6.87502E-2 6.73797E-2 5.32124E-2 5.09081E-2 6.03801E-2 5.58178E-2 5.07862E-2 4.70508E-2 3.84972E-2 1.3133E-1 1.17084E-1 2.2535E-2 9.56958E-2 2.82079E-2 3.57706E-2 1.27494E-1 1.40803E-1
2.31692E-2 5.25299E-2 3.49775E-2 3.90315E-2 4.29437E-2 8.34863E-2 8.494E-2 8.1431E-2 8.26754E-2 8.10354E-2 7.87859E-2 7.83534E-2 7.91481E-2 7.85126E-2 7.7196E-2 7.13508E-2 6.9271E-2 7.24488E-2 7.53602E-2 6.69522E-2 8.04647E-2 6.40164E-2 5.4246E-2 5.66029E-2 6.04064E-2 5.86837E-2 7.21886E-2 5.70148E-2 5.20899E-2 6.14774E-2 4.76591E-2 5.93115E-2 5.91928E-2 5.98834E-2 6.44598E-2 6.38101E-2 6.80041E-2 6.89193E-2 8.98933E-2 3.22726E-2 3.88053E-2 4.17769E-2 5.11882E-2 4.40877E-2 4.07285E-2 4.30037E-2 5.0621E-2 4.905E-2 7.18528E-2 7.44984E-2 6.45293E-2 6.28066E-2 5.66454E-2 5.48874E-2 5.06222E-2 4.33315E-2 4.08016E-2 3.79133E-2 3.19646E-2 1.80096E-2 1.44048E-2 1.44548E-2 2.0933E-2 1.13502E-1 1.14735E-1 1.28707E-1
2.0024E-2 2.25548E-2 2.83238E-2 3.69E-2 3.75046E-2 4.02505E-2 4.27387E-2 8.09329E-2 8.19971E-2 8.53239E-2 4.13614E-2 8.09227E-2 8.18182E-2 7.92093E-2 7.64143E-2 7.33744E-2 7.09607E-2 7.21809E-2 6.9716E-2 7.03436E-2 7.69497E-2 7.62584E-2 5.96789E-2 5.73355E-2 6.04751E-2 6.00602E-2 6.61381E-2 6.56362E-2 5.71655E-2 6.32152E-2 5.84015E-2 5.60045E-2 6.06935E-2 5.20241E-2 6.25449E-2 7.36548E-2 8.09187E-2 2.93477E-2 3.46334E-2 4.14059E-2 4.93251E-2 5.18555E-2 5.76479E-2 4.09116E-2 4.94416E-2 4.77845E-2 5.14634E-2 5.66576E-2 7.91305E-2 7.40426E-2 7.14091E-2 6.49702E-2 6.04404E-2 5.29695E-2 4.71471E-2 4.13234E-2 3.94545E-2 3.56738E-2 2.77462E-2 1.64164E-2 1.03078E-2 1.07035E-2 1.73253E-2 8.88027E-2 1.03997E-1 1.29836E-1
1.89108E-2 2.22425E-2 2.67126E-2 3.05639E-2 3.4408E-2 3.74793E-2 3.87772E-2 4.09326E-2 4.20968E-2 8.32353E-2 8.48172E-2 4.09337E-2 8.12369E-2 8.10702E-2 7.68801E-2 7.66538E-2 6.99445E-2 7.23857E-2 7.13119E-2 7.36382E-2 7.72073E-2 7.94577E-2 6.85104E-2 5.78216E-2 6.34671E-2 6.54108E-2 6.12267E-2 7.32684E-2 5.81976E-2 5.91986E-2 5.3801E-2 5.1625E-2 6.17657E-2 6.4362E-2 7.67377E-2 8.79733E-2 3.15379E-2 3.43168E-2 3.59828E-2 4.09659E-2 4.94187E-2 5.95853E-2 6.61598E-2 5.48972E-2 5.46557E-2 5.73526E-2 5.98329E-2 6.85343E-2 6.46006E-2 7.53018E-2 7.19318E-2 6.67739E-2 5.65631E-2 5.03025E-2 4.35414E-2 3.8458E-2 3.29421E-2 2.42007E-2 1.54419E-2 7.70958E-3 5.78481E-3 4.6551E-2 1.29826E-2 6.9134E-2 8.29301E-2 1.05002E-1
1.64121E-2 2.03836E-2 2.41476E-2 2.91541E-2 3.41797E-2 3.66971E-2 3.91074E-2 3.96981E-2 3.90029E-2 7.58989E-2 8.37836E-2 4.12348E-2 4.09863E-2 7.84779E-2 8.04333E-2 7.463E-2 7.03535E-2 5.65612E-2 6.41945E-2 7.19716E-2 7.63684E-2 6.63735E-2 7.11235E-2 6.29998E-2 5.46216E-2 6.13364E-2 7.03099E-2 7.34241E-2 7.09685E-2 5.95233E-2 6.11526E-2 5.51442E-2 6.40906E-2 7.06902E-2 8.34274E-2 3.22692E-2 3.2916E-2 3.56888E-2 4.04394E-2 4.85838E-2 5.36167E-2 5.90439E-2 7.87116E-2 6.57843E-2 6.65295E-2 6.91356E-2 6.89264E-2 6.81336E-2 8.2469E-2 7.76023E-2 7.1731E-2 5.96382E-2 5.75208E-2 5.4041E-2 4.5228E-2 3.20271E-2 2.01031E-2 1.03853E-2 6.41122E-3 4.54484E-3 5.73349E-3 6.76755E-3 4.23187E-2 5.14685E-2 8.01041E-2 1.13296E-1
1.30542E-2 1.66356E-2 2.22817E-2 2.56012E-2 3.11666E-2 3.45067E-2 3.7472E-2 3.96514E-2 4.01581E-2 3.96824E-2 4.37538E-2 4.16609E-2 4.18231E-2 3.89431E-2 8.1284E-2 7.82805E-2 6.97171E-2 5.89131E-2 6.30807E-2 7.08739E-2 7.16656E-2 6.97092E-2 7.39524E-2 6.79866E-2 6.05659E-2 6.13849E-2 6.61085E-2 6.54155E-2 6.37111E-2 6.70616E-2 6.74749E-2 6.51676E-2 7.34483E-2 7.54346E-2 2.77596E-2 3.03949E-2 3.43822E-2 3.94135E-2 4.38762E-2 4.78549E-2 5.46907E-2 6.53465E-2 8.10272E-2 4.37035E-2 4.50625E-2 4.54542E-2 4.5422E-2 4.67873E-2 8.23144E-2 8.40784E-2 7.02812E-2 5.86124E-2 5.18054E-2 5.12233E-2 4.17038E-2 2.47412E-2 1.03754E-2 6.75932E-3 5.51151E-3 2.4444E-2 2.53744E-2 5.73748E-3 3.65267E-2 5.21788E-2 8.5475E-2 1.05956E-1
9.7214E-3 1.27596E-2 1.7886E-2 2.23283E-2 2.67976E-2 3.28282E-2 3.60991E-2 3.85171E-2 4.03342E-2 4.30384E-2 4.26649E-2 4.03643E-2 4.07311E-2 4.08078E-2 7.7234E-2 7.81175E-2 7.02344E-2 6.29397E-2 6.7081E-2 7.09794E-2 6.35784E-2 6.35124E-2 5.91861E-2 6.07711E-2 5.5492E-2 5.23928E-2 5.58789E-2 5.20728E-2 5.34606E-2 6.20297E-2 6.84713E-2 6.75045E-2 7.23093E-2 7.63045E-2 2.37538E-2 2.91716E-2 3.24159E-2 4.2415E-2 4.72879E-2 5.06018E-2 5.3909E-2 6.70182E-2 7.18696E-2 3.80506E-2 4.02946E-2 4.53448E-2 3.96492E-2 7.85974E-2 7.24357E-2 7.31333E-2 6.51163E-2 5.84903E-2 4.83446E-2 2.05242E-2 1.59634E-2 1.15606E-2 8.99987E-3 8.23667E-3 6.84245E-3 3.02793E-2 5.67957E-3 7.1523E-3 3.93831E-2 4.55962E-2 7.06577E-2 8.86685E-2
7.18114E-3 9.9531E-3 1.46827E-2 1.88311E-2 2.44308E-2 3.01089E-2 3.50735E-2 3.91464E-2 4.08163E-2 4.05981E-2 4.19222E-2 4.1451E-2 4.07732E-2 7.5682E-2 7.53785E-2 7.27583E-2 6.83694E-2 6.63612E-2 5.38528E-2 6.48295E-2 5.88699E-2 5.07166E-2 5.13197E-2 5.04768E-2 4.77765E-2 4.31219E-2 4.66868E-2 4.75693E-2 5.21817E-2 5.2046E-2 5.20463E-2 5.28491E-2 6.31105E-2 2.46954E-2 2.74577E-2 2.85752E-2 3.22228E-2 4.06784E-2 4.89046E-2 5.18158E-2 5.61025E-2 5.938E-2 7.23938E-2 6.89685E-2 3.32757E-2 3.61542E-2 3.2247E-2 5.5075E-2 6.33366E-2 6.22702E-2 5.5144E-2 5.32983E-2 4.15139E-2 1.93142E-2 1.53003E-2 1.24216E-2 1.1174E-2 8.54733E-3 8.24216E-3 7.86684E-3 8.30065E-3 9.73605E-3 9.7895E-3 1.46224E-2 1.80677E-2 9.11715E-2
5.62383E-3 7.76569E-3 1.08641E-2 1.69339E-2 2.22887E-2 2.89177E-2 3.41604E-2 3.93388E-2 4.31065E-2 4.34272E-2 4.12508E-2 4.26609E-2 4.0138E-2 7.57041E-2 7.13705E-2 7.17309E-2 6.96175E-2 6.52527E-2 5.28401E-2 5.91769E-2 5.82091E-2 5.30722E-2 5.08871E-2 4.35583E-2 3.94614E-2 3.91439E-2 3.83885E-2 4.02745E-2 4.50668E-2 4.68192E-2 4.30301E-2 4.47227E-2 1.95384E-2 2.01201E-2 2.4043E-2 2.94433E-2 3.29046E-2 3.89661E-2 4.87463E-2 5.01882E-2 5.57999E-2 6.26972E-2 6.20034E-2 5.78777E-2 5.20832E-2 4.75246E-2 4.5663E-2 4.36891E-2 4.86226E-2 4.95283E-2 4.86467E-2 4.06827E-2 2.3589E-2 1.66337E-2 1.45204E-2 1.33069E-2 1.19953E-2 9.92254E-3 8.41292E-3 3.73113E-2 9.85586E-3 1.00143E-2 5.13849E-2 1.37511E-2 1.99731E-2 9.05964E-2
3.73633E-3 6.43779E-3 1.03314E-2 1.57147E-2 1.76176E-2 2.33516E-2 3.43112E-2 3.94958E-2 4.14402E-2 4.29778E-2 4.20889E-2 4.18171E-2 4.25425E-2 7.92537E-2 6.94107E-2 7.09987E-2 7.24419E-2 6.30253E-2 5.91387E-2 5.9015E-2 5.30505E-2 4.97199E-2 4.38764E-2 3.72994E-2 3.65374E-2 3.51288E-2 3.89767E-2 4.17152E-2 3.95948E-2 4.03867E-2 3.86481E-2 3.92331E-2 1.76063E-2 1.89184E-2 2.13534E-2 2.85414E-2 3.0989E-2 3.82542E-2 4.93332E-2 5.06164E-2 5.24034E-2 5.90365E-2 5.55418E-2 4.92102E-2 4.89374E-2 4.51089E-2 3.99237E-2 3.40403E-2 3.75387E-2 3.94874E-2 4.39319E-2 2.48058E-2 1.94472E-2 2.33336E-2 2.67279E-2 2.12423E-2 1.60909E-2 1.26798E-2 1.22761E-2 8.76554E-3 1.02546E-2 8.98671E-3 1.15154E-2 1.59643E-2 1.84854E-2 9.02884E-2
2.87303E-3 5.29058E-3 1.01643E-2 1.4219E-2 1.93861E-2 2.38524E-2 3.40976E-2 4.38695E-2 4.85409E-2 4.86378E-2 4.35455E-2 4.14789E-2 3.95714E-2 3.42391E-2 6.2368E-2 6.50988E-2 7.38719E-2 6.02795E-2 5.5179E-2 5.30893E-2 4.7207E-2 3.9757E-2 3.56558E-2 3.48489E-2 3.1995E-2 3.33416E-2 3.2814E-2 3.78432E-2 3.57128E-2 3.35826E-2 3.22365E-2 3.50615E-2 1.48866E-2 1.76258E-2 2.06718E-2 2.35907E-2 2.851E-2 3.90375E-2 4.77113E-2 4.62529E-2 5.31139E-2 5.14714E-2 4.43224E-2 4.78848E-2 4.26758E-2 4.26679E-2 3.64331E-2 3.20418E-2 3.21246E-2 3.45763E-2 4.05956E-2 2.68442E-2 1.61971E-2 2.73629E-2 3.58929E-2 2.49813E-2 1.78367E-2 1.97971E-2 1.57683E-2 9.23023E-3 1.01308E-2 9.67108E-3 1.41704E-2 1.89551E-2 2.27457E-2 9.49638E-2
