Leopardus emiliae/Leopardus_emiliae_projection 2041-2060_novel.asc
ncols         515
nrows         545
xllcorner     -119.0
yllcorner     -58.333333333333
cellsize      0.166666666667
NODATA_value  -9999
[rows 0 to 29 of 545, columns 134 to 200 of 515]
1.48412E0 1.48412E0 1.48412E0 1.48412E0 1.48412E0 3.06718E0 3.06718E0 1.48412E0 3.06718E0 3.06718E0 3.06718E0 3.06718E0 3.06718E0 3.06718E0 6.58949E0 6.58949E0 6.58949E0 3.06718E0 3.06718E0 6.58949E0 6.58949E0 6.58949E0 6.58949E0 6.58949E0 6.58949E0 6.58949E0 6.58949E0 6.58949E0 6.58949E0 6.58949E0 6.58949E0 6.58949E0 6.58949E0 6.58949E0 6.58949E0 6.58949E0 6.58949E0 6.58949E0 6.58949E0 6.58949E0 6.58949E0 6.58949E0 6.58949E0 6.58949E0 6.58949E0 6.58949E0 6.58949E0 6.58949E0 6.58949E0 6.58949E0 5.93648E0 5.93648E0 6.58949E0 6.58949E0 6.58949E0 6.58949E0 6.58949E0 6.58949E0 6.58949E0 6.58949E0 6.58949E0 6.58949E0 6.58949E0 6.58949E0 6.58949E0 6.58949E0 6.58949E0
1.48412E0 1.48412E0 1.48412E0 1.48412E0 1.48412E0 1.48412E0 1.48412E0 3.06718E0 3.06718E0 3.06718E0 3.06718E0 3.06718E0 3.06718E0 3.06718E0 3.06718E0 6.58949E0 6.58949E0 6.58949E0 3.06718E0 3.06718E0 6.58949E0 6.58949E0 6.58949E0 6.58949E0 6.58949E0 6.58949E0 6.58949E0 6.58949E0 6.58949E0 6.58949E0 6.58949E0 6.58949E0 6.58949E0 6.58949E0 6.58949E0 6.58949E0 6.58949E0 6.58949E0 6.58949E0 6.58949E0 6.58949E0 6.58949E0 6.58949E0 6.58949E0 6.58949E0 6.58949E0 6.58949E0 6.58949E0 6.58949E0 6.58949E0 5.93648E0 6.58949E0 6.58949E0 6.58949E0 6.58949E0 6.58949E0 6.58949E0 6.58949E0 6.58949E0 6.58949E0 6.58949E0 6.58949E0 6.58949E0 6.58949E0 6.58949E0 6.58949E0 1.11804E1
1.48412E0 1.48412E0 1.48412E0 1.48412E0 1.48412E0 1.48412E0 3.06718E0 3.06718E0 3.06718E0 3.06718E0 3.06718E0 3.06718E0 3.06718E0 3.06718E0 3.06718E0 3.06718E0 6.58949E0 6.58949E0 3.06718E0 3.06718E0 3.06718E0 6.58949E0 6.58949E0 6.58949E0 6.58949E0 6.58949E0 6.58949E0 6.58949E0 6.58949E0 6.58949E0 6.58949E0 6.58949E0 6.58949E0 6.58949E0 6.58949E0 6.58949E0 6.58949E0 6.58949E0 6.58949E0 6.58949E0 6.58949E0 6.58949E0 8.4298E0 6.58949E0 6.58949E0 6.58949E0 6.58949E0 6.58949E0 6.58949E0 6.58949E0 6.58949E0 6.58949E0 6.58949E0 6.58949E0 6.58949E0 6.58949E0 6.58949E0 6.58949E0 6.58949E0 6.58949E0 6.58949E0 6.58949E0 6.58949E0 6.58949E0 1.11804E1 1.11804E1 1.11804E1
1.48412E0 1.48412E0 1.48412E0 1.48412E0 1.48412E0 3.06718E0 3.06718E0 3.06718E0 3.06718E0 3.06718E0 3.06718E0 3.06718E0 6.58949E0 3.06718E0 3.06718E0 3.06718E0 6.58949E0 6.58949E0 6.58949E0 3.06718E0 3.06718E0 3.06718E0 6.58949E0 6.58949E0 6.58949E0 6.58949E0 6.58949E0 6.58949E0 6.58949E0 6.58949E0 6.58949E0 6.58949E0 6.58949E0 6.58949E0 6.58949E0 6.58949E0 6.58949E0 6.58949E0 6.58949E0 6.58949E0 6.58949E0 6.58949E0 6.58949E0 6.58949E0 6.58949E0 6.58949E0 6.58949E0 6.58949E0 6.58949E0 6.58949E0 6.58949E0 6.58949E0 6.58949E0 6.58949E0 6.58949E0 6.58949E0 6.58949E0 6.58949E0 6.58949E0 6.58949E0 6.58949E0 6.58949E0 1.11804E1 1.11804E1 1.11804E1 1.11804E1 1.11804E1
1.48412E0 1.48412E0 1.48412E0 1.48412E0 1.48412E0 1.48412E0 3.06718E0 3.06718E0 3.06718E0 3.06718E0 3.06718E0 3.06718E0 3.06718E0 3.06718E0 3.06718E0 3.06718E0 6.58949E0 6.58949E0 6.58949E0 6.58949E0 6.58949E0 3.06718E0 3.06718E0 6.58949E0 6.58949E0 6.58949E0 6.58949E0 6.58949E0 6.58949E0 6.58949E0 6.58949E0 6.58949E0 6.58949E0 6.58949E0 6.58949E0 1.11804E1 1.11804E1 6.58949E0 6.58949E0 6.58949E0 6.58949E0 1.11804E1 6.58949E0 6.58949E0 6.58949E0 6.58949E0 6.58949E0 6.58949E0 6.58949E0 6.58949E0 6.58949E0 6.58949E0 6.58949E0 6.58949E0 6.58949E0 6.58949E0 6.58949E0 1.11804E1 6.58949E0 6.58949E0 6.58949E0 6.58949E0 6.58949E0 1.11804E1 1.11804E1 1.44059E1 1.11804E1
1.48412E0 1.48412E0 1.48412E0 1.48412E0 1.48412E0 1.48412E0 3.06718E0 3.06718E0 3.06718E0 3.06718E0 3.06718E0 3.06718E0 3.06718E0 3.06718E0 6.58949E0 6.58949E0 6.58949E0 6.58949E0 6.58949E0 6.58949E0 6.58949E0 6.58949E0 3.06718E0 6.58949E0 6.58949E0 6.58949E0 6.58949E0 6.58949E0 6.58949E0 6.58949E0 6.58949E0 6.58949E0 1.44059E1 1.44059E1 1.11804E1 1.11804E1 1.11804E1 6.58949E0 6.58949E0 6.58949E0 6.58949E0 6.58949E0 6.58949E0 6.58949E0 6.58949E0 6.58949E0 6.58949E0 6.58949E0 6.58949E0 6.58949E0 6.58949E0 6.58949E0 6.58949E0 6.58949E0 6.58949E0 6.58949E0 1.11804E1 1.11804E1 6.58949E0 6.58949E0 6.58949E0 6.58949E0 6.58949E0 1.44059E1 1.44059E1 1.44059E1 1.44059E1
1.48412E0 1.48412E0 1.48412E0 1.48412E0 3.06718E0 1.48412E0 3.06718E0 3.06718E0 3.06718E0 3.06718E0 3.06718E0 3.06718E0 3.06718E0 3.06718E0 6.58949E0 6.58949E0 6.58949E0 6.58949E0 6.58949E0 6.58949E0 6.58949E0 6.58949E0 6.58949E0 6.58949E0 6.58949E0 6.58949E0 6.58949E0 6.58949E0 6.58949E0 6.58949E0 6.58949E0 1.25062E1 1.29217E1 1.34164E1 6.58949E0 1.40892E1 1.11804E1 6.58949E0 6.58949E0 6.58949E0 6.58949E0 6.58949E0 6.58949E0 6.58949E0 6.58949E0 6.58949E0 6.58949E0 6.58949E0 6.58949E0 6.58949E0 6.58949E0 6.58949E0 6.58949E0 6.58949E0 6.58949E0 1.11804E1 1.11804E1 1.11804E1 1.11804E1 6.58949E0 6.58949E0 6.58949E0 1.11804E1 1.44059E1 1.44059E1 1.44059E1 1.44059E1
1.48412E0 1.48412E0 1.48412E0 3.06718E0 3.06718E0 1.48412E0 1.48412E0 3.06718E0 3.06718E0 3.06718E0 3.06718E0 3.06718E0 3.06718E0 3.06718E0 6.58949E0 6.58949E0 6.58949E0 6.58949E0 6.58949E0 6.58949E0 6.58949E0 6.58949E0 6.58949E0 6.58949E0 6.58949E0 6.58949E0 6.58949E0 6.58949E0 6.58949E0 6.58949E0 6.58949E0 9.22133E0 9.81498E0 1.08242E1 1.18136E1 1.17147E1 1.1398E1 6.58949E0 6.58949E0 6.58949E0 6.58949E0 6.58949E0 6.58949E0 6.58949E0 6.58949E0 6.58949E0 6.58949E0 6.58949E0 6.58949E0 6.58949E0 6.58949E0 6.58949E0 6.58949E0 6.58949E0 6.58949E0 1.44059E1 1.44059E1 1.44059E1 1.44059E1 6.58949E0 6.58949E0 6.58949E0 6.58949E0 6.58949E0 1.44059E1 1.44059E1 1.44059E1
1.48412E0 1.48412E0 1.48412E0 1.48412E0 1.48412E0 1.48412E0 1.48412E0 3.06718E0 3.06718E0 3.06718E0 3.06718E0 3.06718E0 3.06718E0 3.06718E0 6.58949E0 6.58949E0 6.58949E0 6.58949E0 6.58949E0 6.58949E0 6.58949E0 6.58949E0 6.58949E0 6.58949E0 6.45097E0 6.27288E0 6.58949E0 6.58949E0 6.58949E0 6.58949E0 6.58949E0 6.64886E0 7.757E0 8.74641E0 9.97329E0 6.58949E0 6.58949E0 6.58949E0 6.58949E0 6.58949E0 6.58949E0 6.58949E0 9.1026E0 6.58949E0 6.58949E0 6.58949E0 6.58949E0 6.58949E0 6.58949E0 6.58949E0 6.58949E0 6.58949E0 6.58949E0 6.58949E0 1.44059E1 1.44059E1 1.44059E1 6.58949E0 1.44059E1 1.44059E1 1.44059E1 1.44059E1 1.44059E1 1.44059E1 1.44059E1 1.44059E1 1.78292E1
1.48412E0 1.48412E0 1.48412E0 1.48412E0 1.48412E0 1.48412E0 1.48412E0 3.06718E0 3.06718E0 3.06718E0 3.06718E0 3.06718E0 3.06718E0 6.58949E0 3.06718E0 6.58949E0 6.58949E0 6.58949E0 6.58949E0 6.58949E0 6.58949E0 6.58949E0 6.58949E0 6.58949E0 5.48135E0 4.90749E0 5.7386E0 5.7386E0 5.4022E0 5.34283E0 5.14495E0 5.20431E0 6.27288E0 7.55912E0 8.37044E0 6.58949E0 6.58949E0 6.58949E0 6.58949E0 6.58949E0 6.58949E0 6.58949E0 9.22133E0 9.34006E0 1.05076E1 6.58949E0 6.58949E0 6.58949E0 6.58949E0 6.58949E0 1.29217E1 6.58949E0 1.12002E1 1.78292E1 1.77699E1 1.78292E1 1.78292E1 1.78292E1 1.78292E1 1.78292E1 1.78292E1 1.44059E1 1.44059E1 1.44059E1 1.44059E1 1.44059E1 1.78292E1
1.48412E0 1.48412E0 1.48412E0 1.48412E0 1.48412E0 3.06718E0 3.06718E0 3.06718E0 3.06718E0 3.06718E0 3.06718E0 6.58949E0 6.58949E0 6.58949E0 6.58949E0 6.58949E0 6.58949E0 6.58949E0 6.58949E0 6.58949E0 6.58949E0 6.58949E0 6.58949E0 6.58949E0 5.14495E0 3.93786E0 3.36401E0 3.36401E0 2.96824E0 3.36401E0 4.19511E0 5.14495E0 5.85733E0 6.58949E0 7.4206E0 6.58949E0 6.58949E0 6.58949E0 6.58949E0 6.58949E0 6.58949E0 6.58949E0 1.0745E1 1.12793E1 1.34164E1 1.52172E1 1.50589E1 1.37924E1 1.23677E1 1.18136E1 1.25062E1 6.58949E0 1.33769E1 1.77699E1 1.89374E1 1.78292E1 1.97091E1 1.78292E1 1.78292E1 1.78292E1 1.78292E1 1.78292E1 1.78292E1 1.78292E1 1.78292E1 1.78292E1 1.78292E1
1.48412E0 1.48412E0 1.48412E0 1.48412E0 1.48412E0 3.06718E0 3.06718E0 3.06718E0 3.06718E0 3.06718E0 3.06718E0 6.58949E0 6.58949E0 6.58949E0 6.58949E0 6.58949E0 6.58949E0 6.58949E0 6.58949E0 6.58949E0 6.58949E0 6.58949E0 6.58949E0 6.58949E0 5.14495E0 3.93786E0 3.08697E0 2.8693E0 2.80993E0 3.08697E0 3.79935E0 5.14495E0 5.97606E0 6.45097E0 6.58949E0 6.58949E0 6.58949E0 6.58949E0 6.58949E0 6.58949E0 1.1398E1 1.40892E1 1.42673E1 1.49006E1 1.58702E1 1.73345E1 1.63649E1 1.44652E1 1.07055E1 1.19917E1 1.26249E1 -9999 -9999 1.77699E1 1.84229E1 1.65232E1 1.65232E1 1.51776E1 1.69585E1 2.04017E1 2.04017E1 2.04017E1 1.78292E1 1.78292E1 1.51776E1 1.73741E1 1.78292E1
1.48412E0 1.48412E0 1.48412E0 1.48412E0 3.06718E0 3.06718E0 3.06718E0 3.06718E0 3.06718E0 6.58949E0 3.06718E0 6.58949E0 6.58949E0 6.58949E0 6.58949E0 6.58949E0 6.58949E0 6.58949E0 1.15761E1 1.08242E1 1.0191E1 9.47858E0 6.58949E0 6.58949E0 6.39161E0 5.97606E0 5.48135E0 4.90749E0 4.96685E0 5.48135E0 6.09479E0 6.58949E0 6.82695E0 6.58949E0 6.58949E0 9.7754E0 6.58949E0 6.58949E0 6.58949E0 6.58949E0 1.17938E1 1.17938E1 1.12002E1 1.17938E1 1.29811E1 -9999 -9999 7.95488E0 4.39299E0 -9999 1.29811E1 -9999 -9999 1.4109E1 1.43861E1 1.07055E1 -9999 -9999 -9999 -9999 -9999 -9999 -9999 1.0191E1 1.22489E1 1.62857E1 1.62857E1
1.48412E0 1.48412E0 1.48412E0 1.48412E0 3.06718E0 3.06718E0 3.06718E0 3.06718E0 6.58949E0 6.58949E0 6.58949E0 6.58949E0 6.58949E0 6.58949E0 6.58949E0 6.58949E0 1.17938E1 1.12002E1 9.7754E0 8.58811E0 7.95488E0 7.14356E0 6.58949E0 6.5697E0 7.14356E0 6.5697E0 6.58949E0 6.58949E0 7.95488E0 6.5697E0 8.58811E0 8.58811E0 6.5697E0 7.14356E0 6.58949E0 5.93648E0 3.70041E0 2.09756E0 8.70684E-1 8.70684E-1 3.70041E0 5.93648E0 5.93648E0 -9999 -9999 -9999 -9999 -9999 -9999 -9999 -9999 -9999 -9999 -9999 -9999 -9999 -9999 -9999 -9999 -9999 -9999 -9999 -9999 -9999 -9999 7.14356E0 1.07055E1
1.48412E0 1.48412E0 1.48412E0 1.48412E0 3.06718E0 3.06718E0 3.06718E0 3.06718E0 6.58949E0 6.58949E0 6.58949E0 6.58949E0 6.58949E0 6.58949E0 6.58949E0 6.58949E0 7.14356E0 5.16474E0 3.70041E0 3.70041E0 4.39299E0 4.39299E0 3.70041E0 2.90887E0 4.39299E0 4.39299E0 5.93648E0 7.14356E0 7.95488E0 5.93648E0 5.93648E0 5.16474E0 5.16474E0 5.16474E0 5.93648E0 5.93648E0 5.16474E0 3.70041E0 8.70684E-1 1.5237E0 2.09756E0 -9999 -9999 -9999 -9999 -9999 -9999 -9999 -9999 -9999 -9999 -9999 -9999 -9999 -9999 -9999 -9999 -9999 -9999 -9999 -9999 -9999 -9999 -9999 -9999 -9999 -9999
1.48412E0 1.48412E0 1.48412E0 1.48412E0 3.06718E0 3.06718E0 3.06718E0 3.06718E0 6.58949E0 6.58949E0 6.58949E0 6.58949E0 6.58949E0 6.58949E0 7.14356E0 4.39299E0 2.90887E0 1.5237E0 2.09756E0 2.09756E0 2.09756E0 2.90887E0 2.09756E0 1.5237E0 1.5237E0 2.90887E0 3.70041E0 4.39299E0 3.70041E0 4.39299E0 5.16474E0 4.39299E0 5.16474E0 5.16474E0 7.14356E0 5.93648E0 3.70041E0 4.39299E0 2.90887E0 3.70041E0 3.70041E0 -9999 -9999 2.09756E0 -9999 -9999 -9999 -9999 -9999 -9999 -9999 -9999 -9999 -9999 -9999 -9999 -9999 -9999 -9999 -9999 -9999 -9999 -9999 -9999 -9999 -9999 -9999
1.48412E0 1.48412E0 1.48412E0 3.06718E0 3.06718E0 3.06718E0 3.06718E0 3.06718E0 6.58949E0 6.58949E0 6.58949E0 -9999 6.5697E0 5.93648E0 3.70041E0 2.90887E0 2.90887E0 -9999 -9999 -9999 -9999 -9999 -9999 2.09756E0 1.5237E0 1.5237E0 2.09756E0 -9999 -9999 -9999 -9999 4.39299E0 4.39299E0 5.93648E0 5.93648E0 5.93648E0 3.70041E0 2.09756E0 8.70684E-1 2.90887E0 1.5237E0 1.5237E0 2.09756E0 -9999 -9999 -9999 -9999 -9999 -9999 -9999 -9999 -9999 -9999 -9999 -9999 -9999 -9999 -9999 -9999 -9999 -9999 -9999 -9999 -9999 -9999 -9999 -9999
1.48412E0 1.48412E0 3.06718E0 3.06718E0 3.06718E0 3.06718E0 6.58949E0 6.58949E0 1.07055E1 6.5697E0 -9999 -9999 -9999 -9999 -9999 -9999 -9999 -9999 -9999 -9999 -9999 -9999 -9999 -9999 -9999 -9999 -9999 -9999 -9999 -9999 -9999 2.90887E0 2.90887E0 3.70041E0 3.70041E0 4.39299E0 3.70041E0 2.90887E0 1.5237E0 1.5237E0 1.5237E0 1.5237E0 -9999 -9999 -9999 -9999 -9999 -9999 -9999 -9999 -9999 -9999 -9999 -9999 -9999 -9999 -9999 -9999 -9999 -9999 -9999 -9999 -9999 -9999 -9999 -9999 -9999
3.06718E0 3.06718E0 3.06718E0 3.06718E0 3.06718E0 3.06718E0 6.58949E0 1.17938E1 9.7754E0 7.14356E0 -9999 -9999 -9999 -9999 -9999 -9999 -9999 -9999 -9999 -9999 -9999 -9999 -9999 -9999 -9999 -9999 -9999 -9999 -9999 -9999 -9999 -9999 -9999 1.5237E0 2.09756E0 2.90887E0 2.09756E0 1.5237E0 2.09756E0 1.5237E0 -9999 1.5237E0 -9999 -9999 -9999 -9999 -9999 -9999 -9999 -9999 -9999 -9999 -9999 -9999 -9999 -9999 -9999 -9999 -9999 -9999 -9999 -9999 -9999 -9999 -9999 -9999 -9999
3.06718E0 3.06718E0 3.06718E0 3.06718E0 6.58949E0 6.58949E0 6.58949E0 9.22133E0 5.93648E0 4.39299E0 -9999 -9999 -9999 -9999 -9999 -9999 -9999 -9999 -9999 -9999 -9999 -9999 -9999 -9999 -9999 -9999 -9999 -9999 -9999 -9999 -9999 -9999 -9999 -9999 8.70684E-1 1.5237E0 -9999 -9999 -9999 1.5237E0 -9999 -9999 -9999 8.70684E-1 8.70684E-1 -9999 -9999 -9999 -9999 -9999 -9999 -9999 -9999 -9999 -9999 -9999 -9999 -9999 -9999 -9999 -9999 -9999 -9999 -9999 -9999 -9999 -9999
3.06718E0 3.06718E0 6.58949E0 6.58949E0 6.58949E0 1.12002E1 9.22133E0 7.14356E0 2.90887E0 -9999 -9999 -9999 -9999 -9999 -9999 -9999 -9999 -9999 -9999 -9999 -9999 -9999 -9999 -9999 -9999 -9999 -9999 -9999 -9999 -9999 -9999 -9999 -9999 -9999 -9999 -9999 -9999 -9999 -9999 -9999 -9999 -9999 -9999 -9999 -9999 -9999 -9999 -9999 -9999 -9999 -9999 -9999 -9999 -9999 -9999 -9999 -9999 -9999 -9999 -9999 -9999 -9999 -9999 -9999 -9999 -9999 -9999
6.58949E0 6.58949E0 6.58949E0 6.58949E0 6.58949E0 8.58811E0 5.93648E0 -9999 -9999 -9999 -9999 -9999 -9999 -9999 -9999 -9999 -9999 -9999 -9999 -9999 -9999 -9999 -9999 -9999 -9999 -9999 -9999 -9999 -9999 -9999 -9999 -9999 -9999 -9999 -9999 -9999 -9999 -9999 -9999 -9999 -9999 -9999 -9999 -9999 -9999 -9999 -9999 -9999 -9999 -9999 -9999 -9999 -9999 -9999 -9999 -9999 -9999 -9999 -9999 -9999 -9999 -9999 -9999 -9999 -9999 -9999 -9999
-9999 7.14356E0 5.93648E0 6.5697E0 -9999 -9999 -9999 -9999 -9999 -9999 -9999 -9999 -9999 -9999 -9999 -9999 -9999 -9999 -9999 -9999 -9999 -9999 -9999 -9999 -9999 -9999 -9999 -9999 -9999 -9999 -9999 -9999 -9999 -9999 -9999 -9999 -9999 -9999 -9999 -9999 -9999 -9999 -9999 -9999 -9999 -9999 -9999 -9999 -9999 -9999 -9999 -9999 -9999 -9999 -9999 -9999 -9999 -9999 -9999 -9999 -9999 -9999 -9999 -9999 -9999 -9999 -9999
-9999 -9999 -9999 -9999 -9999 -9999 -9999 -9999 -9999 -9999 -9999 -9999 -9999 -9999 -9999 -9999 -9999 -9999 -9999 -9999 -9999 -9999 -9999 -9999 -9999 -9999 -9999 -9999 -9999 -9999 -9999 -9999 -9999 -9999 -9999 -9999 -9999 -9999 -9999 -9999 -9999 -9999 -9999 -9999 -9999 -9999 -9999 -9999 -9999 -9999 -9999 -9999 -9999 -9999 -9999 -9999 -9999 -9999 -9999 -9999 -9999 -9999 -9999 -9999 -9999 -9999 -9999
-9999 -9999 -9999 -9999 -9999 -9999 -9999 -9999 -9999 -9999 -9999 -9999 -9999 -9999 -9999 -9999 -9999 -9999 -9999 -9999 -9999 -9999 -9999 -9999 -9999 -9999 -9999 -9999 -9999 -9999 -9999 -9999 -9999 -9999 -9999 -9999 -9999 -9999 -9999 -9999 -9999 -9999 -9999 -9999 -9999 -9999 -9999 -9999 -9999 -9999 -9999 -9999 -9999 -9999 -9999 -9999 -9999 -9999 -9999 -9999 -9999 -9999 -9999 -9999 -9999 -9999 -9999
-9999 -9999 -9999 -9999 -9999 -9999 -9999 -9999 -9999 -9999 -9999 -9999 -9999 -9999 -9999 -9999 -9999 -9999 -9999 -9999 -9999 -9999 -9999 -9999 -9999 -9999 -9999 -9999 -9999 -9999 -9999 -9999 -9999 -9999 -9999 -9999 -9999 -9999 -9999 -9999 -9999 -9999 -9999 -9999 -9999 -9999 -9999 -9999 -9999 -9999 -9999 -9999 -9999 -9999 -9999 -9999 -9999 -9999 -9999 -9999 -9999 -9999 -9999 -9999 -9999 -9999 -9999
-9999 -9999 -9999 -9999 -9999 -9999 -9999 -9999 -9999 -9999 -9999 -9999 -9999 -9999 -9999 -9999 -9999 -9999 -9999 -9999 -9999 -9999 -9999 -9999 -9999 -9999 -9999 -9999 -9999 -9999 -9999 -9999 -9999 -9999 -9999 -9999 -9999 -9999 -9999 -9999 -9999 -9999 -9999 -9999 -9999 -9999 -9999 -9999 -9999 -9999 -9999 -9999 -9999 -9999 -9999 -9999 -9999 -9999 -9999 -9999 -9999 -9999 -9999 -9999 -9999 -9999 -9999
-9999 -9999 -9999 -9999 -9999 -9999 -9999 -9999 -9999 -9999 -9999 -9999 -9999 -9999 -9999 -9999 -9999 -9999 -9999 -9999 -9999 -9999 -9999 -9999 -9999 -9999 -9999 -9999 -9999 -9999 -9999 -9999 -9999 -9999 -9999 -9999 -9999 -9999 -9999 -9999 -9999 -9999 -9999 -9999 -9999 -9999 -9999 -9999 -9999 -9999 -9999 -9999 -9999 -9999 -9999 -9999 -9999 -9999 -9999 -9999 -9999 -9999 -9999 -9999 -9999 -9999 -9999
-9999 -9999 -9999 -9999 -9999 -9999 -9999 -9999 -9999 -9999 -9999 -9999 -9999 -9999 -9999 -9999 -9999 -9999 -9999 -9999 -9999 -9999 -9999 -9999 -9999 -9999 -9999 -9999 -9999 -9999 -9999 -9999 -9999 -9999 -9999 -9999 -9999 -9999 -9999 -9999 -9999 -9999 -9999 -9999 -9999 -9999 -9999 -9999 -9999 -9999 -9999 -9999 -9999 -9999 -9999 -9999 -9999 -9999 -9999 -9999 -9999 -9999 -9999 -9999 -9999 -9999 -9999
-9999 -9999 -9999 -9999 -9999 -9999 -9999 -9999 -9999 -9999 -9999 -9999 -9999 -9999 -9999 -9999 -9999 -9999 -9999 -9999 -9999 -9999 -9999 -9999 -9999 -9999 -9999 -9999 -9999 -9999 -9999 -9999 -9999 -9999 -9999 -9999 -9999 -9999 -9999 -9999 -9999 -9999 -9999 -9999 -9999 -9999 -9999 -9999 -9999 -9999 -9999 -9999 -9999 -9999 -9999 -9999 -9999 -9999 -9999 -9999 -9999 -9999 -9999 -9999 -9999 -9999 -9999
