Leopardus emiliae/Leopardus_emiliae.asc
ncols         515
nrows         545
xllcorner     -119.0
yllcorner     -58.333333333333
cellsize      0.166666666667
NODATA_value  -9999
[rows 203 to 231 of 545, columns 396 to 461 of 515]
5.37435E-1 5.37514E-1 4.4377E-1 2.48459E-1 4.84646E-2 1.61368E-1 1.61524E-1 1.92109E-1 2.11977E-1 1.96893E-1 1.94867E-1 1.80345E-1 1.60631E-1 1.24074E-1 1.24603E-1 1.25915E-1 1.69068E-1 1.97666E-1 2.2602E-1 3.11149E-1 1.25041E-1 9.52161E-2 1.02475E-1 9.11865E-2 9.14225E-2 1.06075E-1 8.22983E-2 6.09685E-2 1.10838E-1 1.47624E-1 1.52674E-1 1.32754E-1 4.18469E-1 4.15189E-1 4.45014E-1 4.95917E-1 5.73188E-1 6.05011E-1 6.60766E-1 7.22429E-1 7.43096E-1 8.41681E-1 8.08799E-1 4.86506E-1 4.95676E-1 6.42401E-1 7.51678E-1 8.41052E-1 9.03598E-1 8.35706E-1 -9999 -9999 -9999 -9999 -9999 -9999 -9999 -9999 -9999 -9999 -9999 -9999 -9999 -9999 -9999 -9999
2.78985E-1 1.53553E-1 1.03559E-1 7.04033E-2 1.90092E-1 1.97142E-1 1.96191E-1 2.05823E-1 2.07929E-1 2.1036E-1 2.00882E-1 1.47657E-1 1.25768E-1 1.83555E-1 1.54109E-1 1.68512E-1 1.42928E-1 1.8172E-1 2.08424E-1 2.10645E-1 9.87336E-2 1.01214E-1 1.14658E-1 1.21208E-1 1.3795E-1 1.02278E-1 8.8744E-2 8.02338E-2 9.29142E-2 1.3308E-1 1.75742E-1 1.24742E-1 4.15429E-1 4.00814E-1 4.56829E-1 4.68628E-1 4.92894E-1 5.38806E-1 5.77146E-1 5.86965E-1 5.81617E-1 5.77248E-1 6.23732E-1 3.94807E-1 4.75711E-1 7.34797E-1 7.84071E-1 8.01073E-1 9.06955E-1 9.33974E-1 9.42768E-1 -9999 -9999 -9999 -9999 -9999 -9999 -9999 -9999 -9999 -9999 -9999 -9999 -9999 -9999 -9999
1.38253E-1 1.09751E-1 8.65205E-2 5.86772E-2 1.45077E-1 2.22526E-1 2.17936E-1 2.24282E-1 2.34584E-1 2.9133E-1 2.0449E-1 1.81105E-1 1.18819E-1 1.5764E-1 1.30543E-1 1.3214E-1 1.05885E-1 1.33072E-1 1.49222E-1 2.28031E-1 8.9757E-2 9.99364E-2 8.4117E-2 1.36631E-1 9.5421E-2 7.73435E-2 8.93426E-2 8.52247E-2 9.26322E-2 1.07464E-1 1.21953E-1 1.5345E-1 3.39759E-1 3.49303E-1 3.60855E-1 3.71908E-1 4.39948E-1 4.71968E-1 5.20752E-1 4.95308E-1 4.91221E-1 4.91573E-1 5.47978E-1 6.90942E-1 7.78728E-1 5.55828E-1 7.47365E-1 7.95045E-1 7.27158E-1 9.62354E-1 9.48715E-1 -9999 -9999 -9999 -9999 -9999 -9999 -9999 -9999 -9999 -9999 -9999 -9999 -9999 -9999 -9999
2.62023E-1 2.28213E-1 4.43355E-1 3.48645E-1 8.61326E-2 2.53471E-1 2.50085E-1 2.44393E-1 2.6237E-1 2.70606E-1 2.16809E-1 1.75517E-1 1.43658E-1 7.73399E-2 7.20689E-2 9.83032E-2 1.23711E-1 1.66238E-1 2.00034E-1 9.02524E-2 9.09059E-2 8.77999E-2 6.75603E-2 1.12854E-1 8.89686E-2 8.76008E-2 6.69845E-2 6.14591E-2 9.36674E-2 8.45258E-2 1.04537E-1 2.54736E-1 2.22212E-1 2.93803E-1 3.1726E-1 3.6217E-1 3.88924E-1 4.17238E-1 4.38906E-1 4.34711E-1 4.3682E-1 4.00866E-1 4.30241E-1 5.38961E-1 8.18139E-1 5.25796E-1 4.54916E-1 5.91529E-1 6.98236E-1 7.43422E-1 8.69566E-1 7.7869E-1 -9999 -9999 -9999 -9999 -9999 -9999 -9999 -9999 -9999 -9999 -9999 -9999 -9999 -9999
5.68426E-1 5.11343E-1 4.32085E-1 3.85266E-1 3.27264E-1 3.0361E-1 2.70916E-1 2.62178E-1 2.74063E-1 2.52325E-1 2.02116E-1 1.70601E-1 1.07825E-1 8.63511E-2 7.55452E-2 1.06271E-1 1.23298E-1 1.44123E-1 1.79247E-1 1.34838E-1 1.45222E-1 7.47382E-2 6.33816E-2 7.47363E-2 6.49202E-2 8.32355E-2 7.38562E-2 6.85028E-2 7.41899E-2 7.87945E-2 1.82655E-1 2.35217E-1 1.99957E-1 2.17651E-1 2.62005E-1 2.97587E-1 3.23631E-1 3.60493E-1 4.90709E-1 5.03569E-1 3.90241E-1 3.56365E-1 3.88507E-1 4.2416E-1 6.66955E-1 3.93693E-1 4.09792E-1 6.01941E-1 6.93697E-1 7.19165E-1 8.58181E-1 8.19901E-1 -9999 -9999 -9999 -9999 -9999 -9999 -9999 -9999 -9999 -9999 -9999 -9999 -9999 -9999
5.34469E-1 4.96908E-1 4.40222E-1 3.97859E-1 3.78037E-1 3.59134E-1 2.85017E-1 2.7306E-1 2.55947E-1 2.39519E-1 1.90371E-1 1.54096E-1 1.22403E-1 1.07345E-1 9.45621E-2 9.19927E-2 1.08794E-1 1.3411E-1 1.53289E-1 1.604E-1 1.64914E-1 6.19025E-2 6.10552E-2 7.0647E-2 6.52821E-2 5.9986E-2 9.03332E-2 7.51037E-2 8.01509E-2 6.48261E-2 2.65867E-1 2.10028E-1 1.8649E-1 1.99048E-1 2.41026E-1 2.4803E-1 2.82091E-1 4.38539E-1 4.59538E-1 3.79954E-1 3.57826E-1 3.37261E-1 3.85291E-1 4.31269E-1 5.94195E-1 3.25878E-1 4.19867E-1 9.33858E-1 6.86705E-1 7.13834E-1 7.92372E-1 7.66429E-1 -9999 -9999 -9999 6.45743E-1 6.63838E-1 -9999 -9999 -9999 -9999 -9999 -9999 -9999 -9999 -9999
5.16768E-1 4.80102E-1 4.41274E-1 4.04296E-1 3.58611E-1 4.06908E-1 2.71564E-1 2.45343E-1 2.61603E-1 2.30415E-1 2.01618E-1 1.54351E-1 1.35641E-1 1.12434E-1 1.051E-1 1.08204E-1 1.21581E-1 1.39903E-1 1.57049E-1 1.63738E-1 1.77984E-1 6.91477E-2 1.54861E-1 2.03829E-1 6.91108E-2 6.75123E-2 6.59811E-2 1.89729E-1 2.07284E-1 2.10636E-1 2.34258E-1 2.43565E-1 1.70407E-1 1.79264E-1 2.00177E-1 2.04185E-1 2.48597E-1 4.19829E-1 4.46377E-1 3.49318E-1 3.24453E-1 3.38381E-1 3.77381E-1 4.45851E-1 4.82702E-1 2.42826E-1 7.84157E-1 5.2295E-1 5.01589E-1 6.21229E-1 6.42307E-1 6.23964E-1 4.42472E-1 3.75292E-1 5.39152E-1 5.84936E-1 6.087E-1 4.34273E-1 4.48428E-1 5.38592E-1 5.57834E-1 -9999 -9999 -9999 -9999 -9999
4.91102E-1 4.39025E-1 4.04244E-1 3.76471E-1 3.61481E-1 3.94582E-1 2.27488E-1 2.60917E-1 2.75936E-1 2.50596E-1 2.16491E-1 1.8509E-1 1.57177E-1 1.43571E-1 1.33278E-1 1.29283E-1 1.3755E-1 1.55095E-1 1.65354E-1 1.65694E-1 7.0902E-2 1.74909E-1 2.145E-1 2.10385E-1 2.03193E-1 2.07295E-1 2.03518E-1 2.17709E-1 2.52473E-1 2.39574E-1 2.52135E-1 2.65832E-1 1.9183E-1 1.79332E-1 1.71772E-1 4.00478E-1 2.92801E-1 3.79091E-1 4.25026E-1 4.357E-1 4.24224E-1 3.21292E-1 3.54199E-1 3.98858E-1 4.61421E-1 5.64741E-1 7.18974E-1 4.73177E-1 9.42785E-1 5.4418E-1 4.86822E-1 3.55934E-1 2.82165E-1 3.69937E-1 3.86346E-1 4.06649E-1 3.96128E-1 4.43397E-1 4.91125E-1 6.13472E-1 6.92361E-1 5.56139E-1 4.48601E-1 -9999 -9999 -9999
4.61201E-1 4.19571E-1 3.8857E-1 3.05028E-1 3.02899E-1 2.65423E-1 2.63093E-1 2.76078E-1 2.57085E-1 2.42819E-1 2.04262E-1 2.14316E-1 1.79761E-1 1.67351E-1 1.55526E-1 1.55087E-1 1.53804E-1 1.67153E-1 1.84503E-1 7.66578E-2 1.7822E-1 1.73473E-1 1.694E-1 1.66492E-1 1.58782E-1 2.18891E-1 2.33121E-1 2.36228E-1 2.71898E-1 2.2515E-1 2.69129E-1 2.07144E-1 1.92413E-1 1.81516E-1 2.72453E-1 3.94481E-1 4.34319E-1 2.65835E-1 4.0141E-1 4.09113E-1 4.41409E-1 4.49383E-1 3.41733E-1 4.11225E-1 4.55753E-1 5.473E-1 6.82187E-1 8.06878E-1 8.46466E-1 2.63144E-1 3.35927E-1 3.04924E-1 3.03399E-1 3.00681E-1 5.60561E-1 6.4795E-1 7.08145E-1 7.6763E-1 8.17699E-1 4.96621E-1 5.82646E-1 6.30496E-1 5.39379E-1 6.60631E-1 6.48328E-1 6.66978E-1
4.54369E-1 4.07465E-1 4.86847E-1 4.5582E-1 2.27265E-1 2.34796E-1 2.7345E-1 2.9317E-1 4.07897E-1 4.19712E-1 3.94061E-1 2.7433E-1 2.32393E-1 1.95957E-1 1.71352E-1 1.83514E-1 1.84116E-1 1.81989E-1 2.01704E-1 8.0223E-2 1.81361E-1 1.79086E-1 1.70485E-1 1.72464E-1 1.63009E-1 1.87305E-1 2.55405E-1 2.64481E-1 2.21984E-1 2.33913E-1 2.47204E-1 2.65074E-1 1.95178E-1 2.29495E-1 3.14897E-1 3.2528E-1 3.30627E-1 3.66426E-1 3.86578E-1 3.93068E-1 5.96694E-1 4.50011E-1 3.82711E-1 3.60591E-1 3.04221E-1 5.23496E-1 6.18177E-1 5.52219E-1 6.1241E-1 1.80746E-1 2.26446E-1 1.92524E-1 5.26207E-1 4.86645E-1 5.03728E-1 4.05212E-1 4.0222E-1 4.61702E-1 6.25497E-1 7.22589E-1 7.97795E-1 8.21667E-1 8.48438E-1 5.91202E-1 6.52631E-1 7.89526E-1
5.55353E-1 4.90986E-1 4.82007E-1 4.29216E-1 2.68843E-1 2.75629E-1 2.21761E-1 2.37617E-1 4.46068E-1 4.54328E-1 4.55689E-1 4.31307E-1 2.97406E-1 2.40229E-1 2.1691E-1 2.08922E-1 2.09346E-1 2.05586E-1 2.14255E-1 8.75781E-2 2.15068E-1 1.88562E-1 1.9103E-1 1.94055E-1 1.87297E-1 2.06777E-1 2.15533E-1 2.23788E-1 2.36825E-1 2.64429E-1 2.78301E-1 2.71719E-1 3.87218E-1 2.88462E-1 2.42141E-1 3.22527E-1 4.44712E-1 4.19943E-1 4.40035E-1 5.69237E-1 4.80354E-1 3.8561E-1 3.94781E-1 2.78112E-1 3.05331E-1 3.07608E-1 3.40287E-1 3.97065E-1 1.34218E-1 3.57622E-1 1.52181E-1 2.98619E-1 5.079E-1 4.76332E-1 2.73609E-1 2.73436E-1 3.27591E-1 4.09653E-1 5.08724E-1 6.53523E-1 7.07745E-1 6.94538E-1 7.29249E-1 8.9006E-1 9.32957E-1 6.63896E-1
5.29014E-1 4.56814E-1 4.12207E-1 2.34323E-1 3.28406E-1 3.40053E-1 3.56909E-1 4.26789E-1 4.67769E-1 4.66749E-1 5.20715E-1 4.94239E-1 4.41409E-1 4.48618E-1 2.6718E-1 2.46155E-1 2.4944E-1 2.16877E-1 2.07463E-1 9.05203E-2 9.61076E-2 2.04294E-1 1.95921E-1 2.10424E-1 2.00312E-1 2.2761E-1 2.36854E-1 2.48608E-1 2.65901E-1 2.72565E-1 2.59648E-1 2.67926E-1 4.23894E-1 3.08326E-1 2.68778E-1 2.93354E-1 3.23386E-1 3.85313E-1 3.87998E-1 3.88889E-1 4.24539E-1 4.8019E-1 5.05476E-1 4.40738E-1 3.09151E-1 3.25624E-1 3.10667E-1 2.75696E-1 1.93582E-1 1.2463E-1 2.51085E-1 3.24119E-1 3.76713E-1 3.15637E-1 2.13085E-1 2.53009E-1 3.3015E-1 4.02585E-1 4.9236E-1 5.86939E-1 5.83624E-1 5.79793E-1 6.29039E-1 8.65401E-1 8.97955E-1 9.36692E-1
4.63937E-1 3.73376E-1 2.9985E-1 3.6078E-1 4.29226E-1 3.58377E-1 3.79225E-1 3.96031E-1 3.80289E-1 4.12886E-1 4.98802E-1 5.04936E-1 4.65462E-1 4.36035E-1 2.60667E-1 2.93406E-1 2.76352E-1 2.57578E-1 2.16847E-1 1.60067E-1 7.06272E-2 2.21133E-1 2.24012E-1 1.60332E-1 2.30142E-1 2.56807E-1 2.49075E-1 2.38565E-1 2.5681E-1 2.68842E-1 2.85169E-1 4.31381E-1 4.08801E-1 3.60564E-1 4.14517E-1 3.69177E-1 4.14152E-1 4.03233E-1 4.00302E-1 4.23613E-1 4.75897E-1 4.03866E-1 4.5721E-1 4.82454E-1 3.74227E-1 2.73863E-1 2.70463E-1 2.63176E-1 2.27341E-1 1.96961E-1 3.0146E-1 3.54668E-1 3.01185E-1 2.41405E-1 2.41843E-1 2.74158E-1 3.28923E-1 3.93061E-1 4.38172E-1 4.23577E-1 5.23481E-1 5.48886E-1 5.74828E-1 6.06945E-1 6.38802E-1 8.18898E-1
4.9234E-1 4.65162E-1 3.30001E-1 4.3428E-1 3.54397E-1 3.36812E-1 3.22108E-1 3.17747E-1 3.49114E-1 4.06987E-1 4.59443E-1 4.77328E-1 4.72177E-1 4.81904E-1 4.76064E-1 2.74574E-1 3.15423E-1 2.74895E-1 2.41721E-1 2.52566E-1 7.11941E-2 1.30631E-1 1.70374E-1 1.31095E-1 1.44596E-1 2.54856E-1 2.46331E-1 2.44598E-1 2.53361E-1 4.19456E-1 4.50911E-1 4.65234E-1 3.69899E-1 3.92371E-1 4.66366E-1 4.44526E-1 4.57769E-1 4.34734E-1 4.26459E-1 5.18258E-1 5.84216E-1 4.9565E-1 4.43503E-1 4.68392E-1 4.34647E-1 2.21002E-1 2.54407E-1 2.22813E-1 2.26392E-1 2.20354E-1 2.9184E-1 3.12976E-1 2.57007E-1 2.1138E-1 2.0113E-1 2.69975E-1 3.48907E-1 4.07623E-1 4.05625E-1 5.91036E-1 5.6172E-1 5.50295E-1 4.38478E-1 4.33696E-1 5.04986E-1 5.51447E-1
4.6386E-1 4.2295E-1 4.10327E-1 3.80421E-1 3.30534E-1 3.79835E-1 3.4059E-1 3.49905E-1 4.17951E-1 4.71461E-1 4.51808E-1 4.33462E-1 4.59166E-1 4.86682E-1 5.21741E-1 4.93199E-1 2.93401E-1 3.12698E-1 2.6283E-1 2.53669E-1 7.32949E-2 1.69331E-1 1.56088E-1 1.59052E-1 1.65796E-1 2.88662E-1 2.9439E-1 2.90722E-1 3.01167E-1 3.9841E-1 4.10014E-1 4.22431E-1 4.4819E-1 4.79498E-1 5.20128E-1 4.99534E-1 5.09477E-1 5.9443E-1 4.76199E-1 5.32833E-1 6.41972E-1 4.78876E-1 4.9108E-1 5.09079E-1 5.15015E-1 4.52733E-1 2.63719E-1 2.6758E-1 2.62086E-1 2.68117E-1 3.25476E-1 3.08502E-1 2.69262E-1 1.93798E-1 2.08388E-1 2.58401E-1 3.26532E-1 5.71119E-1 5.68224E-1 3.96962E-1 3.71414E-1 4.34009E-1 4.2206E-1 5.3904E-1 5.53627E-1 4.25378E-1
5.35053E-1 4.70621E-1 4.23075E-1 4.202E-1 3.86494E-1 3.38691E-1 2.93243E-1 3.27614E-1 3.80214E-1 4.75346E-1 5.62544E-1 5.76434E-1 4.36255E-1 5.03933E-1 5.16528E-1 5.2611E-1 4.6684E-1 2.81022E-1 3.58451E-1 2.52478E-1 9.86986E-2 1.88797E-1 1.85467E-1 1.76044E-1 1.87802E-1 2.8901E-1 3.064E-1 2.67161E-1 4.23447E-1 4.28575E-1 4.54135E-1 4.59827E-1 4.05881E-1 5.19476E-1 5.53756E-1 5.28809E-1 5.49864E-1 6.39059E-1 4.38451E-1 5.03861E-1 6.04765E-1 4.78324E-1 5.08079E-1 5.70043E-1 6.58472E-1 5.52889E-1 3.57225E-1 3.50476E-1 2.998E-1 2.45051E-1 2.13968E-1 2.06873E-1 1.82817E-1 1.6601E-1 1.93273E-1 3.5109E-1 4.97174E-1 5.73275E-1 5.87577E-1 3.78717E-1 3.70334E-1 4.25418E-1 3.96258E-1 5.64195E-1 4.12642E-1 3.56665E-1
5.04783E-1 4.54592E-1 4.14137E-1 4.41539E-1 3.66684E-1 3.15201E-1 3.20813E-1 3.35447E-1 3.65512E-1 4.59782E-1 5.52982E-1 5.0653E-1 4.34228E-1 4.87626E-1 4.89856E-1 5.02805E-1 3.46804E-1 2.1303E-1 2.35439E-1 3.07143E-1 3.28783E-1 1.97551E-1 2.23224E-1 1.68358E-1 2.24808E-1 1.99094E-1 4.24011E-1 3.9781E-1 4.13432E-1 4.30829E-1 4.03667E-1 3.90286E-1 4.26747E-1 4.22568E-1 5.9654E-1 6.05918E-1 4.59032E-1 5.16881E-1 5.49857E-1 5.23359E-1 5.67382E-1 6.85503E-1 7.14766E-1 6.6287E-1 6.87824E-1 5.65985E-1 5.23215E-1 2.49844E-1 2.61284E-1 2.64498E-1 2.71334E-1 2.47556E-1 1.98473E-1 2.52233E-1 3.74923E-1 4.94751E-1 4.17233E-1 4.20555E-1 4.38271E-1 3.79336E-1 3.58246E-1 3.68858E-1 3.8785E-1 3.88772E-1 3.90836E-1 3.50483E-1
4.31534E-1 4.38721E-1 3.80816E-1 4.13835E-1 3.25755E-1 2.82508E-1 2.62064E-1 3.39762E-1 3.74322E-1 4.92781E-1 5.58853E-1 5.54214E-1 4.62751E-1 4.82448E-1 4.83249E-1 4.74797E-1 3.45656E-1 2.54707E-1 2.24908E-1 3.57661E-1 1.54701E-1 2.46096E-1 1.83871E-1 1.402E-1 2.79154E-1 3.79394E-1 4.01716E-1 3.54948E-1 3.47705E-1 3.43979E-1 3.18819E-1 4.08752E-1 4.86901E-1 4.62678E-1 5.98229E-1 5.85001E-1 6.23629E-1 7.05E-1 7.87182E-1 4.9748E-1 7.0591E-1 6.63899E-1 7.07176E-1 7.77842E-1 7.5583E-1 6.43211E-1 5.78182E-1 4.40603E-1 2.90939E-1 3.0479E-1 2.91213E-1 2.95497E-1 4.61342E-1 4.60527E-1 3.79916E-1 3.50909E-1 3.81023E-1 4.04477E-1 3.83552E-1 3.39123E-1 3.11357E-1 3.24547E-1 3.56382E-1 3.80544E-1 3.46842E-1 4.14047E-1
4.38294E-1 4.70515E-1 4.15351E-1 4.4203E-1 4.08343E-1 3.36792E-1 3.32478E-1 3.33114E-1 3.6535E-1 4.61012E-1 3.90346E-1 3.94399E-1 3.68465E-1 4.18956E-1 3.93059E-1 2.84521E-1 2.67828E-1 3.38035E-1 2.53781E-1 2.76702E-1 3.82326E-1 3.13287E-1 2.06327E-1 2.33936E-1 2.20169E-1 3.12125E-1 4.14271E-1 3.82798E-1 3.3587E-1 3.31843E-1 4.37783E-1 4.38594E-1 3.76571E-1 4.17761E-1 5.36031E-1 5.92226E-1 5.33206E-1 6.05543E-1 7.56186E-1 7.7623E-1 7.8867E-1 8.03897E-1 7.53325E-1 7.81654E-1 7.78192E-1 6.40809E-1 5.88734E-1 4.44165E-1 2.9895E-1 2.61333E-1 3.15675E-1 4.57152E-1 4.0039E-1 3.86768E-1 3.91854E-1 3.84141E-1 3.67177E-1 3.60659E-1 3.36813E-1 3.1213E-1 2.73197E-1 2.79012E-1 3.27733E-1 3.60712E-1 3.93953E-1 4.45468E-1
4.62447E-1 5.22803E-1 4.46724E-1 5.0879E-1 4.43936E-1 3.8888E-1 3.94979E-1 4.49556E-1 3.6235E-1 4.02109E-1 4.15432E-1 3.79725E-1 3.4591E-1 3.92987E-1 3.9806E-1 3.42208E-1 3.47473E-1 5.02438E-1 3.89169E-1 2.5498E-1 3.12326E-1 3.36395E-1 1.76342E-1 2.39938E-1 3.14416E-1 3.22222E-1 3.45598E-1 3.61974E-1 3.52778E-1 3.50589E-1 2.57487E-1 2.99154E-1 3.56103E-1 3.69986E-1 3.94434E-1 5.19815E-1 5.42488E-1 6.15756E-1 8.03441E-1 8.4782E-1 7.973E-1 8.38191E-1 7.78604E-1 7.80375E-1 7.03572E-1 6.50992E-1 5.7041E-1 3.33525E-1 3.58714E-1 3.75864E-1 4.38205E-1 4.12235E-1 4.10014E-1 4.42252E-1 4.29332E-1 3.92325E-1 3.4575E-1 3.17862E-1 3.44871E-1 3.25278E-1 2.7925E-1 2.15247E-1 3.47182E-1 2.97327E-1 3.24804E-1 4.47006E-1
4.58914E-1 5.0388E-1 4.41439E-1 4.06659E-1 3.4919E-1 4.09992E-1 4.19026E-1 4.78132E-1 3.97746E-1 4.36676E-1 4.58141E-1 4.1708E-1 3.56825E-1 3.90368E-1 3.6842E-1 2.6613E-1 4.11518E-1 4.55966E-1 3.6413E-1 3.09651E-1 3.32379E-1 3.33647E-1 1.79179E-1 2.84116E-1 3.54274E-1 3.37024E-1 3.42236E-1 2.9398E-1 3.98246E-1 3.94526E-1 3.25689E-1 4.67016E-1 3.20091E-1 4.52316E-1 4.35428E-1 5.17504E-1 5.85707E-1 6.71792E-1 8.33343E-1 8.61131E-1 8.3082E-1 8.84045E-1 8.27625E-1 8.63276E-1 7.46278E-1 5.55224E-1 4.55832E-1 4.02155E-1 2.82113E-1 3.11799E-1 3.93483E-1 3.86911E-1 3.98067E-1 4.20667E-1 4.40904E-1 3.77471E-1 2.34296E-1 3.40182E-1 3.40735E-1 3.00014E-1 2.31554E-1 2.39331E-1 2.72536E-1 4.40014E-1 3.68893E-1 5.09849E-1
4.35681E-1 4.23286E-1 4.17898E-1 3.32133E-1 3.00907E-1 2.64724E-1 2.74384E-1 3.14832E-1 4.3387E-1 4.79568E-1 4.46729E-1 4.23781E-1 3.76854E-1 3.52678E-1 2.01352E-1 3.94844E-1 4.08742E-1 3.02768E-1 2.96777E-1 3.07159E-1 3.3003E-1 1.97886E-1 2.88891E-1 2.42824E-1 2.42182E-1 2.53821E-1 3.61728E-1 3.6135E-1 3.91021E-1 3.93598E-1 3.80787E-1 3.18724E-1 3.73464E-1 3.8599E-1 4.77939E-1 5.381E-1 6.33273E-1 7.82001E-1 8.71951E-1 8.91355E-1 8.87553E-1 7.82012E-1 6.33731E-1 6.41774E-1 6.37188E-1 6.9656E-1 4.53779E-1 3.78167E-1 3.74278E-1 3.04761E-1 3.82098E-1 4.04727E-1 4.30761E-1 4.77635E-1 3.9593E-1 4.03042E-1 3.77621E-1 3.63213E-1 3.26702E-1 2.25047E-1 2.71889E-1 3.3296E-1 3.84861E-1 4.26098E-1 4.94548E-1 5.32605E-1
3.9669E-1 3.31814E-1 3.06226E-1 2.89192E-1 2.90123E-1 2.70669E-1 3.13723E-1 3.48846E-1 3.83483E-1 4.27285E-1 3.92077E-1 3.304E-1 3.15019E-1 2.60176E-1 2.26701E-1 2.48906E-1 3.3287E-1 2.96641E-1 2.96153E-1 3.14382E-1 3.23303E-1 2.23914E-1 2.43283E-1 2.32035E-1 4.50603E-1 2.5841E-1 2.49043E-1 2.90457E-1 3.86006E-1 3.35146E-1 4.6499E-1 4.15934E-1 4.38217E-1 4.40256E-1 4.84544E-1 5.63574E-1 6.54046E-1 7.64795E-1 8.48481E-1 7.51968E-1 7.90246E-1 8.04634E-1 6.81383E-1 6.96225E-1 6.70209E-1 6.14752E-1 5.60862E-1 3.92024E-1 3.80996E-1 5.01823E-1 4.07944E-1 4.0536E-1 3.60726E-1 3.50054E-1 3.82636E-1 3.66601E-1 3.78817E-1 3.69531E-1 3.15338E-1 2.41252E-1 2.7759E-1 3.14911E-1 3.99968E-1 4.0566E-1 4.75671E-1 6.37364E-1
3.14372E-1 3.05164E-1 2.90393E-1 2.77123E-1 2.60336E-1 2.63839E-1 3.00362E-1 3.37287E-1 3.6307E-1 3.98164E-1 3.81005E-1 3.6707E-1 3.25599E-1 2.35528E-1 2.19669E-1 2.32637E-1 2.62723E-1 2.65144E-1 2.49787E-1 1.74749E-1 1.97688E-1 2.18726E-1 2.75556E-1 2.68744E-1 3.8605E-1 3.10193E-1 3.0759E-1 3.56561E-1 3.94353E-1 4.49618E-1 5.03006E-1 4.28464E-1 4.8607E-1 4.02642E-1 4.88792E-1 5.92289E-1 5.64526E-1 7.26288E-1 7.63987E-1 7.98565E-1 8.26807E-1 6.96878E-1 7.02397E-1 6.85809E-1 6.80818E-1 6.33091E-1 5.75901E-1 4.23616E-1 4.44234E-1 3.02962E-1 2.84137E-1 3.06589E-1 3.4421E-1 3.63638E-1 3.48698E-1 3.72013E-1 3.74178E-1 3.60693E-1 3.08246E-1 2.52799E-1 2.3292E-1 2.87198E-1 3.80091E-1 2.87913E-1 4.64189E-1 5.44381E-1
2.8458E-1 2.91821E-1 2.75526E-1 2.70956E-1 2.64444E-1 2.53089E-1 2.74488E-1 2.88021E-1 3.16608E-1 3.52707E-1 2.56449E-1 3.26477E-1 2.07193E-1 2.5702E-1 2.42342E-1 2.35715E-1 1.71787E-1 1.81854E-1 1.7924E-1 1.79528E-1 1.84663E-1 1.88761E-1 2.38788E-1 2.63248E-1 2.85254E-1 3.29834E-1 3.02236E-1 3.67184E-1 3.71668E-1 3.65912E-1 4.42732E-1 4.2144E-1 5.13225E-1 5.21795E-1 4.96138E-1 5.82749E-1 5.12851E-1 5.95483E-1 6.35185E-1 6.88947E-1 7.11187E-1 7.0878E-1 6.64041E-1 6.94066E-1 6.53476E-1 5.3272E-1 5.1786E-1 5.08181E-1 4.86187E-1 3.30273E-1 3.22892E-1 3.37466E-1 3.76173E-1 3.92402E-1 3.93798E-1 3.73102E-1 3.98907E-1 3.6604E-1 3.16882E-1 3.10754E-1 2.50015E-1 3.3747E-1 3.46959E-1 3.51758E-1 4.59718E-1 6.10619E-1
2.39478E-1 2.52369E-1 2.3933E-1 1.82062E-1 1.91407E-1 1.90387E-1 2.0486E-1 2.38149E-1 1.85773E-1 1.91576E-1 1.7567E-1 1.65596E-1 1.87318E-1 2.54511E-1 2.41901E-1 2.41895E-1 2.31379E-1 1.4429E-1 1.91935E-1 1.9914E-1 2.05872E-1 2.12515E-1 1.98438E-1 2.01835E-1 2.22957E-1 2.36651E-1 2.72809E-1 3.15432E-1 3.85499E-1 3.56954E-1 4.25674E-1 3.68098E-1 4.49686E-1 3.27317E-1 4.75258E-1 5.16982E-1 4.6109E-1 5.80089E-1 6.05858E-1 6.58516E-1 5.75601E-1 5.69576E-1 6.77513E-1 6.82223E-1 6.70918E-1 5.78333E-1 5.92966E-1 5.51685E-1 5.36179E-1 5.29592E-1 4.15415E-1 5.50688E-1 4.44216E-1 5.02604E-1 4.108E-1 4.04714E-1 3.84926E-1 3.62768E-1 3.31684E-1 3.41637E-1 3.36308E-1 2.92673E-1 2.87714E-1 3.13988E-1 4.48143E-1 6.01965E-1
1.37434E-1 1.25749E-1 1.37574E-1 1.54299E-1 1.54459E-1 1.45447E-1 1.80652E-1 1.54421E-1 1.6095E-1 1.69173E-1 1.4193E-1 2.09656E-1 1.92866E-1 2.87298E-1 2.43512E-1 2.03658E-1 2.41156E-1 1.34825E-1 1.45196E-1 1.68413E-1 1.49611E-1 1.73404E-1 1.9607E-1 2.22221E-1 2.27031E-1 2.21235E-1 2.05967E-1 2.6736E-1 3.18602E-1 3.51479E-1 3.04777E-1 3.12551E-1 3.48057E-1 3.94221E-1 2.45523E-1 3.08435E-1 3.8094E-1 5.07397E-1 5.04199E-1 6.83224E-1 6.58323E-1 5.56465E-1 6.7717E-1 7.09727E-1 7.16338E-1 7.3454E-1 6.18586E-1 5.47245E-1 5.31134E-1 5.28665E-1 5.17737E-1 5.32524E-1 5.29958E-1 4.17126E-1 3.93062E-1 3.84078E-1 3.78E-1 3.65703E-1 3.42766E-1 3.74216E-1 3.59304E-1 3.75542E-1 3.59338E-1 3.1085E-1 3.96908E-1 5.17253E-1
1.14547E-1 1.15301E-1 1.27049E-1 1.40044E-1 1.31265E-1 1.23274E-1 1.66749E-1 1.00303E-1 9.81318E-2 1.16184E-1 1.56123E-1 1.69053E-1 1.83711E-1 2.1882E-1 2.04205E-1 1.69441E-1 1.54036E-1 1.44235E-1 1.22231E-1 1.55645E-1 1.07207E-1 1.71476E-1 1.45733E-1 2.16234E-1 1.35964E-1 2.23906E-1 2.54759E-1 2.60604E-1 3.41235E-1 3.33472E-1 2.57249E-1 2.41188E-1 2.36366E-1 2.57675E-1 2.60707E-1 2.05265E-1 3.46257E-1 4.30298E-1 5.71947E-1 6.33424E-1 6.84197E-1 6.88712E-1 6.96932E-1 6.87052E-1 6.8939E-1 7.18729E-1 5.78333E-1 4.74648E-1 4.91705E-1 4.71069E-1 4.7334E-1 4.50238E-1 4.7833E-1 4.8702E-1 4.7491E-1 3.52043E-1 3.49389E-1 4.46581E-1 3.50824E-1 3.64711E-1 4.3048E-1 4.32495E-1 3.35039E-1 3.02431E-1 5.19659E-1 4.56252E-1
9.35509E-2 1.10546E-1 1.21704E-1 1.03382E-1 9.42565E-2 8.91162E-2 1.00468E-1 1.15044E-1 1.00437E-1 1.18507E-1 1.17452E-1 2.04787E-1 1.71994E-1 1.70453E-1 1.36682E-1 1.4233E-1 1.42201E-1 1.65607E-1 1.54015E-1 1.11465E-1 1.05832E-1 1.06194E-1 1.13842E-1 1.22085E-1 1.37175E-1 2.0552E-1 1.80685E-1 2.52365E-1 3.19431E-1 3.17853E-1 2.17727E-1 1.88627E-1 2.22779E-1 2.57128E-1 2.20617E-1 2.37779E-1 2.53904E-1 4.45643E-1 5.12618E-1 6.59124E-1 7.08147E-1 6.9463E-1 6.63728E-1 6.06622E-1 6.26628E-1 5.01444E-1 4.94914E-1 4.53971E-1 4.2687E-1 4.23745E-1 3.86529E-1 4.03165E-1 4.23012E-1 4.07878E-1 4.58903E-1 4.55952E-1 4.52381E-1 4.46265E-1 3.49357E-1 3.61709E-1 3.38361E-1 4.43521E-1 4.06843E-1 4.22142E-1 4.85864E-1 4.57987E-1
