Leopardus pardalis/Leopardus_pardalis_projection 2041-2060.asc
ncols         515
nrows         545
xllcorner     -119.0
yllcorner     -58.333333333333
cellsize      0.166666666667
NODATA_value  -9999
[rows 319 to 347 of 545, columns 396 to 461 of 515]
7.94402E-1 7.88321E-1 7.75983E-1 7.81947E-1 7.97641E-1 8.00566E-1 7.8803E-1 7.95421E-1 7.58535E-1 7.93225E-1 8.216E-1 8.04133E-1 7.95357E-1 7.98827E-1 8.07951E-1 8.08435E-1 7.87204E-1 7.64035E-1 7.58749E-1 6.64525E-1 6.66979E-1 6.38113E-1 6.18307E-1 6.30028E-1 6.53371E-1 6.69448E-1 6.74452E-1 6.76686E-1 6.81411E-1 6.74539E-1 6.67431E-1 7.66787E-1 7.17157E-1 7.79953E-1 7.8529E-1 8.09379E-1 8.18613E-1 8.17583E-1 8.31099E-1 7.98523E-1 8.15207E-1 8.33296E-1 8.04853E-1 7.98756E-1 7.28489E-1 7.20233E-1 7.62089E-1 7.95568E-1 8.04538E-1 8.10475E-1 8.09448E-1 8.05719E-1 8.14114E-1 7.90666E-1 7.8658E-1 8.08349E-1 8.0931E-1 8.1009E-1 8.26424E-1 8.31283E-1 8.23594E-1 7.76883E-1 7.45286E-1 7.87342E-1 6.79473E-1 6.97796E-1
7.77167E-1 7.82821E-1 7.83818E-1 7.61088E-1 7.72453E-1 7.97573E-1 7.9449E-1 7.75204E-1 7.74008E-1 8.15081E-1 8.35813E-1 8.19205E-1 8.0155E-1 7.88714E-1 8.17077E-1 8.23789E-1 7.88156E-1 7.81315E-1 7.54711E-1 7.38218E-1 7.41585E-1 7.17847E-1 7.42159E-1 7.3516E-1 7.39026E-1 7.73936E-1 7.75645E-1 6.77272E-1 6.87968E-1 7.27159E-1 7.57372E-1 8.05048E-1 8.20576E-1 8.15803E-1 8.08358E-1 8.22449E-1 8.25233E-1 8.40644E-1 8.53278E-1 8.51849E-1 8.49312E-1 8.42617E-1 8.07603E-1 8.18401E-1 7.81332E-1 7.64373E-1 7.6167E-1 7.99736E-1 8.42667E-1 8.47357E-1 8.38586E-1 8.16145E-1 8.04131E-1 7.93888E-1 7.96128E-1 8.13209E-1 8.13851E-1 8.20559E-1 8.32025E-1 8.38899E-1 8.15377E-1 7.35975E-1 8.08497E-1 7.20629E-1 7.24128E-1 7.08269E-1
7.78966E-1 7.91415E-1 7.90853E-1 7.8521E-1 7.79372E-1 7.80049E-1 7.80316E-1 7.57041E-1 7.76959E-1 8.05088E-1 8.22224E-1 8.23287E-1 8.2459E-1 8.26781E-1 8.34998E-1 8.34291E-1 8.33141E-1 8.32012E-1 7.75157E-1 7.62523E-1 7.63719E-1 7.55163E-1 7.39072E-1 7.54523E-1 7.48732E-1 7.68995E-1 7.88559E-1 7.885E-1 8.13153E-1 7.88915E-1 8.19332E-1 8.46126E-1 8.51025E-1 8.3266E-1 8.30714E-1 8.43595E-1 8.47699E-1 8.59139E-1 8.69606E-1 8.70846E-1 8.55744E-1 8.23359E-1 8.25592E-1 7.54504E-1 7.51487E-1 7.59007E-1 7.98054E-1 8.78601E-1 8.61111E-1 8.67833E-1 8.47763E-1 8.13395E-1 7.89117E-1 7.88188E-1 7.76276E-1 8.06649E-1 8.29757E-1 8.25757E-1 8.30437E-1 8.22719E-1 7.64849E-1 7.33915E-1 7.65087E-1 6.79358E-1 7.01982E-1 7.26091E-1
7.59577E-1 7.74074E-1 7.6456E-1 7.78533E-1 7.80371E-1 7.86614E-1 7.44184E-1 7.80955E-1 7.43901E-1 7.5641E-1 7.89076E-1 8.0364E-1 8.29471E-1 8.47752E-1 8.55448E-1 8.51803E-1 8.52372E-1 8.42961E-1 8.33198E-1 8.34776E-1 8.37406E-1 8.00643E-1 7.92094E-1 7.64205E-1 7.62182E-1 7.91517E-1 7.94159E-1 8.07704E-1 8.04549E-1 8.14872E-1 8.47713E-1 8.67541E-1 8.59118E-1 8.49947E-1 8.56317E-1 8.58013E-1 8.53224E-1 8.53776E-1 8.76429E-1 8.52724E-1 8.26712E-1 8.26865E-1 8.3451E-1 7.65933E-1 7.60421E-1 7.55121E-1 8.34808E-1 8.64737E-1 8.94832E-1 8.47511E-1 8.27703E-1 8.01229E-1 7.97247E-1 7.9208E-1 7.80168E-1 7.94111E-1 8.26081E-1 7.96968E-1 7.94606E-1 7.89974E-1 7.62884E-1 7.93587E-1 7.01961E-1 7.29433E-1 7.50525E-1 7.3969E-1
7.4051E-1 7.55922E-1 7.59505E-1 7.47532E-1 7.62361E-1 7.51931E-1 7.14573E-1 7.92375E-1 8.08607E-1 8.09694E-1 8.03016E-1 7.98309E-1 8.18198E-1 8.52021E-1 8.66236E-1 8.66506E-1 8.72237E-1 8.69897E-1 8.61057E-1 8.74931E-1 8.61577E-1 8.66198E-1 8.34E-1 7.98007E-1 8.1417E-1 7.98763E-1 8.11575E-1 8.19779E-1 8.25348E-1 8.27598E-1 8.4468E-1 8.6212E-1 8.5484E-1 8.49592E-1 8.51558E-1 8.3967E-1 8.76937E-1 8.60279E-1 8.72905E-1 8.70843E-1 8.51016E-1 8.33522E-1 7.78056E-1 7.61297E-1 7.36617E-1 7.91727E-1 8.06551E-1 8.25474E-1 8.53453E-1 8.67055E-1 8.73076E-1 8.02324E-1 7.99078E-1 8.08143E-1 8.05389E-1 8.2006E-1 8.22368E-1 8.12199E-1 7.8282E-1 7.93669E-1 8.09842E-1 7.15812E-1 6.63916E-1 6.64061E-1 7.35471E-1 7.92929E-1
7.25746E-1 7.30811E-1 7.33394E-1 7.30902E-1 7.09096E-1 6.52118E-1 7.26885E-1 7.6821E-1 7.98023E-1 8.17315E-1 8.3058E-1 8.29851E-1 8.34578E-1 8.53608E-1 8.69746E-1 8.71663E-1 8.75364E-1 8.86472E-1 8.71011E-1 8.70564E-1 8.80313E-1 8.93948E-1 8.89883E-1 8.60239E-1 8.33545E-1 8.41635E-1 8.3431E-1 8.35434E-1 8.45898E-1 8.48129E-1 8.50832E-1 8.5978E-1 8.63237E-1 8.63448E-1 8.51759E-1 8.26182E-1 8.69342E-1 8.77171E-1 8.68929E-1 8.4253E-1 8.37318E-1 8.28909E-1 8.61241E-1 7.70268E-1 7.85686E-1 7.60446E-1 7.60135E-1 7.79872E-1 8.3561E-1 8.46705E-1 8.83014E-1 8.23338E-1 8.37988E-1 8.30282E-1 8.27113E-1 8.01272E-1 8.00592E-1 8.0754E-1 7.99671E-1 7.99376E-1 8.16844E-1 7.94686E-1 7.66658E-1 7.12902E-1 7.1691E-1 7.61046E-1
7.27597E-1 7.1502E-1 7.09471E-1 7.04975E-1 6.21433E-1 6.6635E-1 7.52049E-1 7.6698E-1 7.69024E-1 7.843E-1 8.06182E-1 8.39738E-1 8.60573E-1 8.73698E-1 8.7015E-1 8.72629E-1 8.65982E-1 8.69059E-1 8.64069E-1 8.70283E-1 8.56972E-1 8.69075E-1 8.72847E-1 8.63441E-1 8.63686E-1 8.54567E-1 8.60525E-1 8.64431E-1 8.66824E-1 8.71161E-1 8.6564E-1 8.66048E-1 8.59641E-1 8.59291E-1 8.46095E-1 8.40924E-1 8.77892E-1 9.13556E-1 9.43879E-1 8.92385E-1 8.77297E-1 8.81512E-1 8.30736E-1 8.31527E-1 8.01297E-1 7.4527E-1 7.01815E-1 7.30496E-1 8.17042E-1 8.18171E-1 8.44789E-1 8.20806E-1 8.6124E-1 8.62746E-1 8.50482E-1 8.09068E-1 7.98991E-1 8.02841E-1 8.1624E-1 8.38594E-1 8.66982E-1 8.43691E-1 7.6296E-1 7.54257E-1 7.51832E-1 7.39364E-1
7.37228E-1 7.31522E-1 7.15513E-1 6.59397E-1 6.25101E-1 7.14664E-1 7.42471E-1 7.53763E-1 7.4366E-1 7.53964E-1 7.82977E-1 8.10822E-1 8.29213E-1 8.53725E-1 8.67612E-1 8.75844E-1 8.61425E-1 8.51774E-1 8.57046E-1 8.56688E-1 8.58389E-1 8.57649E-1 8.49318E-1 8.62946E-1 8.71931E-1 8.69475E-1 8.69279E-1 8.75546E-1 8.78885E-1 8.79743E-1 8.84907E-1 8.82047E-1 8.78955E-1 8.39219E-1 8.11668E-1 8.48977E-1 8.8159E-1 9.2321E-1 9.41891E-1 9.1699E-1 9.13451E-1 9.28653E-1 9.0832E-1 8.55742E-1 8.2435E-1 8.26187E-1 7.76107E-1 7.46805E-1 7.72454E-1 8.40963E-1 8.6822E-1 8.98431E-1 8.8579E-1 9.05958E-1 8.72607E-1 8.40067E-1 8.17476E-1 7.97075E-1 8.38447E-1 8.62136E-1 8.7503E-1 8.27727E-1 8.53923E-1 8.74167E-1 8.28481E-1 8.44363E-1
7.11327E-1 7.00202E-1 6.77622E-1 6.04112E-1 6.89605E-1 7.20227E-1 7.24558E-1 7.17778E-1 7.18208E-1 7.35012E-1 7.80268E-1 8.07301E-1 8.30673E-1 8.38706E-1 8.48296E-1 8.55475E-1 8.8033E-1 8.78165E-1 8.55233E-1 8.79445E-1 8.85642E-1 8.65546E-1 8.51434E-1 8.5732E-1 8.64552E-1 8.65654E-1 8.86159E-1 8.90931E-1 8.91555E-1 8.93566E-1 8.90164E-1 8.93803E-1 8.93497E-1 8.76078E-1 8.58176E-1 8.75391E-1 9.04778E-1 9.26722E-1 9.34036E-1 9.34667E-1 9.27165E-1 9.50512E-1 9.14973E-1 8.60294E-1 8.53592E-1 8.96832E-1 8.37841E-1 8.09907E-1 8.17401E-1 9.36577E-1 9.51962E-1 9.04205E-1 9.36669E-1 8.81975E-1 8.51853E-1 8.08963E-1 8.29157E-1 8.64093E-1 8.95787E-1 8.97769E-1 9.24976E-1 9.33529E-1 9.27014E-1 9.0865E-1 8.86684E-1 8.91602E-1
6.71184E-1 6.27397E-1 6.24129E-1 6.76759E-1 7.06196E-1 7.05639E-1 7.21644E-1 7.09499E-1 7.23725E-1 7.39321E-1 7.84038E-1 8.06981E-1 8.1715E-1 8.30364E-1 8.41109E-1 8.40986E-1 8.34011E-1 8.6147E-1 8.87461E-1 8.97058E-1 8.92735E-1 8.64146E-1 8.33413E-1 8.19782E-1 8.52853E-1 8.86076E-1 9.05853E-1 9.08001E-1 9.06537E-1 9.07781E-1 9.08961E-1 9.05625E-1 9.01119E-1 9.02637E-1 9.00421E-1 9.02199E-1 9.19775E-1 9.26888E-1 9.34813E-1 9.33791E-1 9.36863E-1 9.44892E-1 9.11525E-1 9.03645E-1 8.92524E-1 9.16872E-1 9.33342E-1 8.48911E-1 8.35605E-1 9.2663E-1 9.68057E-1 9.35547E-1 8.99216E-1 8.83604E-1 8.8031E-1 8.80751E-1 9.03362E-1 9.1808E-1 9.28559E-1 9.41123E-1 9.52206E-1 9.60649E-1 9.55863E-1 9.35893E-1 9.22066E-1 8.61654E-1
6.1045E-1 6.56151E-1 6.6501E-1 6.9528E-1 7.06745E-1 6.78551E-1 6.7733E-1 7.03363E-1 7.35141E-1 7.5313E-1 7.86965E-1 8.09141E-1 8.0627E-1 8.12049E-1 8.06746E-1 8.2511E-1 8.47008E-1 8.62251E-1 8.77326E-1 8.89622E-1 8.56479E-1 8.52584E-1 8.49305E-1 8.26856E-1 8.56079E-1 8.89632E-1 9.05627E-1 9.1122E-1 9.20547E-1 9.21494E-1 9.17529E-1 9.08488E-1 9.01502E-1 9.01708E-1 9.08805E-1 9.13703E-1 9.23411E-1 9.24118E-1 9.30945E-1 9.43998E-1 9.66504E-1 9.61264E-1 9.45839E-1 9.35972E-1 9.14207E-1 9.39145E-1 9.32929E-1 9.33268E-1 9.47406E-1 9.65811E-1 9.7237E-1 9.11488E-1 8.97661E-1 8.98208E-1 9.13301E-1 9.18917E-1 9.25734E-1 9.38745E-1 9.58741E-1 9.66529E-1 9.47332E-1 9.16906E-1 9.31547E-1 9.03343E-1 8.54906E-1 6.58309E-1
6.4091E-1 6.32233E-1 6.34419E-1 6.38018E-1 6.58096E-1 6.45329E-1 6.59296E-1 6.69571E-1 6.91211E-1 7.06137E-1 7.64812E-1 7.90121E-1 7.95368E-1 7.89236E-1 7.86612E-1 7.97937E-1 7.88904E-1 8.17082E-1 8.2455E-1 8.37695E-1 8.39383E-1 8.34837E-1 8.50835E-1 8.45138E-1 8.60799E-1 8.89444E-1 9.0894E-1 8.92971E-1 8.99459E-1 9.05405E-1 9.09184E-1 9.05871E-1 9.02756E-1 8.97509E-1 9.05319E-1 9.12959E-1 9.13472E-1 9.16576E-1 9.46904E-1 9.71404E-1 9.77917E-1 9.68307E-1 9.72096E-1 9.81188E-1 9.84215E-1 9.62441E-1 9.84867E-1 9.57533E-1 9.32617E-1 9.49983E-1 9.50073E-1 9.36833E-1 9.27533E-1 9.23878E-1 9.26066E-1 9.02613E-1 8.89215E-1 9.13722E-1 8.72816E-1 8.86426E-1 6.62921E-1 7.0271E-1 8.03252E-1 6.16276E-1 5.15797E-1 4.68592E-1
6.19004E-1 6.22821E-1 6.23531E-1 6.33476E-1 6.30474E-1 6.34215E-1 6.41844E-1 6.57224E-1 6.70749E-1 7.09811E-1 7.38376E-1 7.60825E-1 7.60507E-1 7.20415E-1 7.59933E-1 7.21953E-1 7.29717E-1 7.45006E-1 7.696E-1 8.18813E-1 8.11851E-1 8.09258E-1 8.19428E-1 8.25842E-1 8.698E-1 8.84025E-1 9.07897E-1 9.01176E-1 8.9411E-1 8.97298E-1 9.01482E-1 8.96976E-1 8.95355E-1 8.98387E-1 8.92725E-1 8.94148E-1 8.9916E-1 9.15152E-1 9.39449E-1 9.63997E-1 9.73426E-1 9.81125E-1 9.5682E-1 9.88697E-1 9.4026E-1 9.7661E-1 9.13844E-1 9.23386E-1 9.48692E-1 9.69541E-1 9.70034E-1 9.77414E-1 9.65675E-1 9.43809E-1 9.28372E-1 7.03407E-1 6.92995E-1 6.93964E-1 4.65314E-1 -9999 5.95822E-1 6.80389E-1 6.85288E-1 5.44174E-1 4.89613E-1 4.50777E-1
6.11215E-1 6.16984E-1 6.14033E-1 6.18105E-1 6.3189E-1 6.46257E-1 6.65876E-1 6.70343E-1 6.70853E-1 6.66533E-1 6.69051E-1 6.81703E-1 7.02712E-1 7.17377E-1 6.94304E-1 6.95199E-1 6.81035E-1 7.32268E-1 7.54785E-1 8.05845E-1 7.96717E-1 7.97007E-1 7.87958E-1 7.91316E-1 8.32913E-1 8.67079E-1 9.08273E-1 9.12079E-1 8.94439E-1 8.87955E-1 8.88775E-1 8.85346E-1 8.90043E-1 8.86921E-1 8.79363E-1 8.76917E-1 8.97409E-1 9.12481E-1 9.30474E-1 9.44746E-1 9.67999E-1 9.83432E-1 9.78376E-1 9.75843E-1 9.3591E-1 9.15938E-1 9.34279E-1 9.63264E-1 9.63689E-1 9.74596E-1 9.71196E-1 9.41814E-1 9.37315E-1 9.05335E-1 -9999 -9999 6.12307E-1 6.1681E-1 -9999 5.64895E-1 6.36751E-1 -9999 -9999 -9999 -9999 -9999
5.62416E-1 5.69141E-1 5.96385E-1 6.26548E-1 6.36729E-1 6.63081E-1 6.77985E-1 6.64633E-1 6.84901E-1 6.60122E-1 6.37103E-1 6.547E-1 6.33314E-1 6.49345E-1 6.36008E-1 6.32627E-1 6.35846E-1 6.79634E-1 7.55167E-1 8.20671E-1 8.31095E-1 8.09287E-1 7.97661E-1 7.77634E-1 8.10144E-1 8.56386E-1 8.94814E-1 9.05836E-1 8.92612E-1 8.94441E-1 8.88158E-1 8.80401E-1 8.84474E-1 8.81803E-1 8.77306E-1 8.82495E-1 8.97369E-1 9.11832E-1 9.24006E-1 9.40072E-1 9.52967E-1 9.44637E-1 9.3718E-1 9.30592E-1 9.32604E-1 9.48821E-1 9.70321E-1 9.71132E-1 9.81101E-1 9.71166E-1 -9999 -9999 -9999 -9999 -9999 -9999 -9999 -9999 -9999 -9999 -9999 -9999 -9999 -9999 -9999 -9999
5.2515E-1 5.41116E-1 5.75553E-1 6.26113E-1 6.66859E-1 6.91544E-1 6.75847E-1 6.9506E-1 6.94652E-1 6.82699E-1 6.36328E-1 6.33927E-1 6.47361E-1 6.19893E-1 6.09317E-1 6.10256E-1 6.15146E-1 6.48654E-1 7.32012E-1 7.86549E-1 8.39751E-1 8.31427E-1 8.31793E-1 8.28286E-1 8.4294E-1 8.68215E-1 8.83076E-1 8.95455E-1 8.99289E-1 9.01119E-1 9.02148E-1 8.91754E-1 8.91133E-1 8.93466E-1 8.98063E-1 9.09034E-1 9.10834E-1 9.13661E-1 9.27798E-1 9.33821E-1 9.3228E-1 9.27681E-1 9.28077E-1 9.41948E-1 9.61633E-1 9.65957E-1 9.7916E-1 9.85959E-1 9.81915E-1 9.35737E-1 -9999 -9999 -9999 -9999 -9999 -9999 -9999 -9999 -9999 -9999 -9999 -9999 -9999 -9999 -9999 -9999
5.78445E-1 6.00428E-1 5.94539E-1 5.9436E-1 6.55874E-1 7.05535E-1 7.05358E-1 6.95249E-1 7.02309E-1 6.72053E-1 6.71397E-1 6.44297E-1 5.97294E-1 5.79165E-1 5.89987E-1 6.15315E-1 6.06448E-1 6.15181E-1 6.72713E-1 7.47467E-1 7.9464E-1 7.97842E-1 7.94781E-1 7.93477E-1 8.33966E-1 8.67502E-1 8.89209E-1 8.91695E-1 8.99334E-1 9.0154E-1 9.00029E-1 8.9364E-1 8.9779E-1 9.06009E-1 9.16092E-1 9.18083E-1 9.17576E-1 9.11905E-1 9.1773E-1 9.23172E-1 9.26782E-1 9.28388E-1 9.41596E-1 9.53481E-1 9.5992E-1 9.72051E-1 9.798E-1 9.37342E-1 -9999 -9999 -9999 -9999 -9999 -9999 -9999 -9999 -9999 -9999 -9999 -9999 -9999 -9999 -9999 -9999 -9999 -9999
6.39851E-1 6.41486E-1 6.73285E-1 6.39783E-1 6.4667E-1 6.65376E-1 7.0951E-1 7.22288E-1 7.17694E-1 7.02219E-1 6.51092E-1 6.44089E-1 6.39485E-1 6.0346E-1 6.51721E-1 6.29364E-1 6.24568E-1 6.33411E-1 6.88113E-1 7.31982E-1 7.69959E-1 7.52292E-1 7.69703E-1 8.0139E-1 8.36186E-1 8.65605E-1 8.83685E-1 8.85286E-1 8.83985E-1 8.81454E-1 8.84333E-1 8.81129E-1 8.87723E-1 9.08965E-1 9.29526E-1 9.3452E-1 9.27659E-1 9.18713E-1 9.16407E-1 9.15858E-1 9.20809E-1 9.28861E-1 9.41357E-1 9.70542E-1 9.58762E-1 9.26745E-1 -9999 -9999 -9999 -9999 -9999 -9999 -9999 -9999 -9999 -9999 -9999 -9999 -9999 -9999 -9999 -9999 -9999 -9999 -9999 -9999
6.77705E-1 6.80297E-1 6.95898E-1 7.08589E-1 6.97747E-1 7.16659E-1 7.68095E-1 7.50806E-1 7.09866E-1 6.85197E-1 6.77494E-1 6.24526E-1 6.88712E-1 6.86099E-1 7.29389E-1 6.42892E-1 6.39004E-1 6.55385E-1 7.22592E-1 7.30383E-1 7.28865E-1 7.29075E-1 7.57352E-1 7.81809E-1 8.16241E-1 8.41717E-1 8.69882E-1 8.75326E-1 8.75466E-1 8.81342E-1 8.83015E-1 8.82996E-1 8.97119E-1 9.25956E-1 9.36178E-1 9.36382E-1 9.35138E-1 9.24676E-1 9.20265E-1 9.40658E-1 9.64547E-1 9.71966E-1 -9999 -9999 -9999 -9999 -9999 -9999 -9999 -9999 -9999 -9999 -9999 -9999 -9999 -9999 -9999 -9999 -9999 -9999 -9999 -9999 -9999 -9999 -9999 -9999
6.80459E-1 6.99294E-1 7.16732E-1 7.30453E-1 7.25665E-1 7.64838E-1 7.5497E-1 7.29629E-1 6.81234E-1 6.97088E-1 7.34777E-1 7.51841E-1 7.11654E-1 7.15754E-1 6.86482E-1 6.56887E-1 6.69882E-1 6.96321E-1 7.32266E-1 7.31791E-1 7.37222E-1 7.4026E-1 7.49764E-1 7.79599E-1 7.83745E-1 8.26705E-1 8.65738E-1 8.81909E-1 8.75716E-1 8.84677E-1 8.90915E-1 8.94026E-1 9.08855E-1 9.17308E-1 9.37197E-1 9.45678E-1 9.59572E-1 9.61644E-1 9.75224E-1 8.96461E-1 8.70674E-1 -9999 -9999 -9999 -9999 -9999 -9999 -9999 -9999 -9999 -9999 -9999 -9999 -9999 -9999 -9999 -9999 -9999 -9999 -9999 -9999 -9999 -9999 -9999 -9999 -9999
6.9575E-1 6.96051E-1 7.30389E-1 7.52339E-1 7.39534E-1 7.44479E-1 7.38091E-1 7.17009E-1 7.0786E-1 7.18129E-1 7.16359E-1 7.48395E-1 7.36426E-1 7.07895E-1 7.06446E-1 6.9774E-1 6.87167E-1 7.03294E-1 7.24251E-1 7.53781E-1 7.62694E-1 7.74123E-1 7.9572E-1 8.11166E-1 8.17707E-1 8.53817E-1 8.91589E-1 9.06987E-1 9.01764E-1 8.97924E-1 8.82796E-1 8.79197E-1 9.08474E-1 9.3566E-1 9.53005E-1 9.68516E-1 9.63405E-1 9.00007E-1 -9999 -9999 -9999 -9999 -9999 -9999 -9999 -9999 -9999 -9999 -9999 -9999 -9999 -9999 -9999 -9999 -9999 -9999 -9999 -9999 -9999 -9999 -9999 -9999 -9999 -9999 -9999 -9999
7.19778E-1 7.27669E-1 7.53312E-1 7.66041E-1 7.43671E-1 7.29928E-1 7.38623E-1 7.29034E-1 7.30121E-1 7.41592E-1 7.03211E-1 7.21537E-1 7.17518E-1 7.17824E-1 7.03004E-1 7.38497E-1 7.19685E-1 7.09892E-1 7.61608E-1 8.02995E-1 8.33977E-1 8.3868E-1 8.40093E-1 8.4123E-1 8.43414E-1 8.60316E-1 8.89966E-1 9.06561E-1 8.95775E-1 8.46241E-1 7.55088E-1 7.82535E-1 8.11184E-1 8.77793E-1 9.16031E-1 9.32867E-1 -9999 -9999 -9999 -9999 -9999 -9999 -9999 -9999 -9999 -9999 -9999 -9999 -9999 -9999 -9999 -9999 -9999 -9999 -9999 -9999 -9999 -9999 -9999 -9999 -9999 -9999 -9999 -9999 -9999 -9999
7.63808E-1 7.87983E-1 7.92821E-1 7.86819E-1 7.68002E-1 7.2765E-1 7.46781E-1 7.56533E-1 7.42893E-1 7.50246E-1 7.72215E-1 7.50427E-1 7.44574E-1 7.43932E-1 7.2222E-1 7.01182E-1 6.83151E-1 7.59304E-1 8.09618E-1 8.13726E-1 8.19839E-1 8.21057E-1 7.97117E-1 7.87209E-1 8.54239E-1 8.64792E-1 8.37156E-1 8.57088E-1 8.47064E-1 7.38416E-1 7.082E-1 7.39624E-1 8.30213E-1 9.06419E-1 9.64668E-1 -9999 -9999 -9999 -9999 -9999 -9999 -9999 -9999 -9999 -9999 -9999 -9999 -9999 -9999 -9999 -9999 -9999 -9999 -9999 -9999 -9999 -9999 -9999 -9999 -9999 -9999 -9999 -9999 -9999 -9999 -9999
8.15438E-1 8.45753E-1 8.49671E-1 8.3003E-1 8.07447E-1 7.8029E-1 7.95078E-1 8.19316E-1 7.92406E-1 7.71981E-1 7.79432E-1 7.88189E-1 7.81016E-1 7.79004E-1 7.5024E-1 6.96142E-1 7.93594E-1 8.27165E-1 8.3464E-1 8.25652E-1 8.18409E-1 7.79292E-1 7.21308E-1 7.07332E-1 7.5847E-1 7.8789E-1 7.75004E-1 8.09016E-1 7.5709E-1 7.63308E-1 7.4003E-1 6.1631E-1 7.65373E-1 7.52685E-1 -9999 -9999 -9999 -9999 -9999 -9999 -9999 -9999 -9999 -9999 -9999 -9999 -9999 -9999 -9999 -9999 -9999 -9999 -9999 -9999 -9999 -9999 -9999 -9999 -9999 -9999 -9999 -9999 -9999 -9999 -9999 -9999
8.3092E-1 8.44231E-1 8.53579E-1 8.36634E-1 8.08906E-1 8.13853E-1 8.4649E-1 8.65222E-1 8.13842E-1 7.9329E-1 8.00757E-1 7.95259E-1 8.04064E-1 7.86583E-1 7.75913E-1 7.65427E-1 8.16108E-1 8.52912E-1 8.47565E-1 8.41783E-1 8.1205E-1 7.39909E-1 6.8089E-1 7.21119E-1 7.44414E-1 7.79505E-1 7.98684E-1 8.35313E-1 8.9202E-1 8.40493E-1 8.6556E-1 8.24319E-1 -9999 -9999 -9999 -9999 -9999 -9999 -9999 -9999 -9999 -9999 -9999 -9999 -9999 -9999 -9999 -9999 -9999 -9999 -9999 -9999 -9999 -9999 -9999 -9999 -9999 -9999 -9999 -9999 -9999 -9999 -9999 -9999 -9999 -9999
8.14897E-1 8.25511E-1 8.2718E-1 8.22502E-1 8.28853E-1 8.31265E-1 8.39785E-1 8.45982E-1 8.33206E-1 8.17499E-1 7.97628E-1 7.88248E-1 7.90348E-1 7.95473E-1 7.93967E-1 7.8587E-1 7.92159E-1 8.52309E-1 8.5716E-1 8.42436E-1 7.87106E-1 7.30284E-1 7.49678E-1 7.91923E-1 7.9484E-1 7.94774E-1 8.1026E-1 8.73796E-1 9.38484E-1 9.38658E-1 9.04317E-1 -9999 -9999 -9999 -9999 -9999 -9999 -9999 -9999 -9999 -9999 -9999 -9999 -9999 -9999 -9999 -9999 -9999 -9999 -9999 -9999 -9999 -9999 -9999 -9999 -9999 -9999 -9999 -9999 -9999 -9999 -9999 -9999 -9999 -9999 -9999
8.00667E-1 8.24983E-1 8.26218E-1 8.31768E-1 8.42937E-1 8.51103E-1 8.51707E-1 8.56188E-1 8.55382E-1 8.4629E-1 8.33176E-1 8.04886E-1 7.88911E-1 8.01145E-1 7.95978E-1 7.92524E-1 8.00567E-1 8.28009E-1 8.53784E-1 8.34247E-1 8.08363E-1 8.07648E-1 8.05581E-1 8.26309E-1 8.2385E-1 8.2062E-1 8.89082E-1 9.48154E-1 9.70615E-1 9.35687E-1 -9999 -9999 -9999 -9999 -9999 -9999 -9999 -9999 -9999 -9999 -9999 -9999 -9999 -9999 -9999 -9999 -9999 -9999 -9999 -9999 -9999 -9999 -9999 -9999 -9999 -9999 -9999 -9999 -9999 -9999 -9999 -9999 -9999 -9999 -9999 -9999
7.51316E-1 8.25319E-1 8.39328E-1 8.54281E-1 8.58873E-1 8.59241E-1 8.57316E-1 8.61084E-1 8.62502E-1 8.66727E-1 8.67045E-1 8.23624E-1 8.0636E-1 8.07587E-1 7.98419E-1 8.00054E-1 8.07932E-1 8.17187E-1 8.42173E-1 8.45378E-1 8.29858E-1 8.4467E-1 8.45366E-1 8.33499E-1 8.32337E-1 9.07275E-1 9.23458E-1 9.32532E-1 9.46879E-1 -9999 -9999 -9999 -9999 -9999 -9999 -9999 -9999 -9999 -9999 -9999 -9999 -9999 -9999 -9999 -9999 -9999 -9999 -9999 -9999 -9999 -9999 -9999 -9999 -9999 -9999 -9999 -9999 -9999 -9999 -9999 -9999 -9999 -9999 -9999 -9999 -9999
6.67643E-1 7.52404E-1 8.03404E-1 8.44453E-1 8.52616E-1 8.55886E-1 8.67036E-1 8.68397E-1 8.63347E-1 8.66175E-1 8.74394E-1 8.47016E-1 8.1952E-1 8.08609E-1 7.96375E-1 8.12759E-1 8.19306E-1 8.26619E-1 8.26887E-1 8.4851E-1 8.39754E-1 8.46344E-1 8.27204E-1 8.29359E-1 8.55691E-1 8.26635E-1 -9999 -9999 -9999 -9999 -9999 -9999 -9999 -9999 -9999 -9999 -9999 -9999 -9999 -9999 -9999 -9999 -9999 -9999 -9999 -9999 -9999 -9999 -9999 -9999 -9999 -9999 -9999 -9999 -9999 -9999 -9999 -9999 -9999 -9999 -9999 -9999 -9999 -9999 -9999 -9999
