Leopardus pardalis/Leopardus_pardalis_projection 2041-2060_novel.asc
ncols         515
nrows         545
xllcorner     -119.0
yllcorner     -58.333333333333
cellsize      0.166666666667
NODATA_value  -9999
[rows 420 to 449 of 545, columns 276 to 344 of 515]
1.45369E1 1.33406E1 1.19086E1 1.26881E1 1.51894E1 1.83614E1 1.83614E1 2.11347E1 1.96846E1 1.17636E1 8.44662E0 8.44662E0 1.17636E1 1.11292E1 8.91789E0 6.83342E0 4.6402E0 3.78829E0 3.78829E0 4.16893E0 4.6402E0 5.70962E0 5.00272E0 3.95142E0 3.95142E0 4.71271E0 5.43774E0 3.55266E0 3.55266E0 3.55266E0 3.55266E0 3.55266E0 3.55266E0 3.55266E0 3.55266E0 3.55266E0 3.55266E0 2.06634E0 2.06634E0 2.06634E0 2.882E0 2.882E0 2.882E0 2.882E0 3.55266E0 3.55266E0 5.43774E0 5.43774E0 5.43774E0 5.43774E0 5.43774E0 5.43774E0 5.43774E0 5.43774E0 5.43774E0 5.43774E0 7.73971E0 7.73971E0 7.73971E0 1.02773E1 1.02773E1 1.325E1 1.325E1 1.325E1 1.325E1 1.325E1 1.325E1 1.325E1 1.63857E1
1.58782E1 1.46638E1 1.24524E1 1.39206E1 1.65488E1 1.98477E1 2.16059E1 2.51767E1 1.96846E1 1.96846E1 1.17636E1 8.44662E0 8.44662E0 1.16368E1 9.44354E0 7.30469E0 4.87584E0 3.78829E0 3.78829E0 3.96955E0 4.35019E0 5.70962E0 4.71271E0 3.78829E0 4.83959E0 4.5677E0 5.22023E0 5.43774E0 3.55266E0 3.55266E0 3.55266E0 3.55266E0 3.55266E0 3.55266E0 3.55266E0 2.06634E0 2.06634E0 2.06634E0 3.55266E0 2.06634E0 2.882E0 3.55266E0 3.55266E0 3.55266E0 3.55266E0 3.55266E0 5.43774E0 5.43774E0 5.43774E0 5.43774E0 5.43774E0 5.43774E0 5.43774E0 5.43774E0 5.43774E0 7.73971E0 7.73971E0 7.73971E0 7.73971E0 1.02773E1 1.02773E1 1.325E1 1.325E1 1.325E1 1.63857E1 1.63857E1 1.63857E1 1.63857E1 1.63857E1
1.58782E1 1.45369E1 1.4845E1 1.65488E1 1.87602E1 2.11347E1 2.31104E1 2.03371E1 2.32191E1 1.17636E1 1.17636E1 8.44662E0 8.44662E0 1.2253E1 9.80605E0 7.30469E0 5.29273E0 4.16893E0 3.96955E0 3.96955E0 4.35019E0 4.38644E0 4.5677E0 4.16893E0 3.66141E0 4.16893E0 5.11147E0 5.43774E0 3.55266E0 3.55266E0 3.55266E0 3.55266E0 3.55266E0 3.55266E0 3.55266E0 3.55266E0 3.55266E0 3.55266E0 3.55266E0 2.06634E0 2.882E0 2.882E0 5.43774E0 5.43774E0 5.43774E0 5.43774E0 5.43774E0 5.43774E0 5.43774E0 5.43774E0 5.43774E0 5.43774E0 5.43774E0 5.43774E0 5.43774E0 5.43774E0 7.73971E0 7.73971E0 7.73971E0 1.02773E1 1.02773E1 1.325E1 1.325E1 1.325E1 1.63857E1 1.63857E1 1.63857E1 1.63857E1 1.63857E1
1.51894E1 1.4845E1 1.69114E1 1.91408E1 2.11347E1 2.43792E1 1.70201E1 1.50082E1 1.58419E1 1.96846E1 1.58419E1 8.44662E0 8.44662E0 1.24524E1 1.00417E1 7.30469E0 4.87584E0 3.96955E0 3.96955E0 3.96955E0 4.16893E0 3.49828E0 3.49828E0 5.00272E0 5.43774E0 5.00272E0 5.43774E0 5.43774E0 5.43774E0 3.55266E0 3.55266E0 3.55266E0 3.55266E0 3.55266E0 3.55266E0 3.55266E0 3.55266E0 3.55266E0 3.55266E0 3.55266E0 3.55266E0 3.55266E0 5.43774E0 5.43774E0 5.43774E0 3.55266E0 3.55266E0 5.43774E0 5.43774E0 5.43774E0 5.43774E0 5.43774E0 5.43774E0 5.43774E0 5.43774E0 7.73971E0 7.73971E0 7.73971E0 1.02773E1 1.02773E1 1.02773E1 1.325E1 1.325E1 1.325E1 1.63857E1 1.63857E1 1.93221E1 1.63857E1 1.93221E1
1.5425E1 1.62951E1 1.83614E1 2.09715E1 2.31104E1 2.77687E1 1.9739E1 1.58419E1 1.58419E1 1.58419E1 1.58419E1 8.44662E0 8.44662E0 1.21987E1 9.80605E0 6.83342E0 4.6402E0 3.78829E0 3.78829E0 3.96955E0 3.95142E0 3.11764E0 3.06326E0 3.66141E0 3.78829E0 4.83959E0 5.43774E0 5.43774E0 5.43774E0 5.43774E0 5.43774E0 3.55266E0 7.73971E0 5.43774E0 5.43774E0 3.55266E0 3.55266E0 3.55266E0 3.55266E0 3.55266E0 3.55266E0 7.73971E0 3.55266E0 3.55266E0 3.55266E0 3.55266E0 5.43774E0 5.43774E0 5.43774E0 5.43774E0 5.43774E0 5.43774E0 5.43774E0 6.85155E0 6.85155E0 7.73971E0 7.73971E0 7.73971E0 1.02773E1 1.02773E1 1.02773E1 1.325E1 1.325E1 1.325E1 1.63857E1 1.63857E1 1.93221E1 1.93221E1 1.93221E1
1.4845E1 1.60957E1 1.91408E1 2.20953E1 2.51767E1 2.92369E1 2.93275E1 2.45061E1 1.58419E1 1.58419E1 1.91408E1 8.44662E0 8.44662E0 1.19086E1 8.62788E0 5.70962E0 3.96955E0 3.69766E0 3.55266E0 3.69766E0 3.49828E0 2.90013E0 2.90013E0 3.06326E0 3.49828E0 4.83959E0 6.1809E0 5.43774E0 5.43774E0 5.43774E0 5.43774E0 5.43774E0 5.43774E0 3.55266E0 3.55266E0 3.55266E0 3.55266E0 3.55266E0 3.55266E0 3.55266E0 3.55266E0 3.55266E0 5.43774E0 3.55266E0 3.55266E0 5.43774E0 5.43774E0 5.43774E0 5.43774E0 5.43774E0 5.43774E0 5.43774E0 6.85155E0 6.85155E0 6.85155E0 7.73971E0 7.73971E0 7.73971E0 1.02773E1 1.02773E1 1.02773E1 1.02773E1 1.325E1 1.325E1 1.63857E1 1.63857E1 1.63857E1 1.93221E1 1.93221E1
1.60957E1 1.74733E1 2.12434E1 2.4633E1 2.92369E1 2.93275E1 2.2476E1 1.96846E1 1.58419E1 1.58419E1 1.58419E1 1.58419E1 8.44662E0 1.11292E1 7.64908E0 4.35019E0 3.78829E0 3.55266E0 3.3714E0 3.69766E0 3.78829E0 2.90013E0 2.68262E0 2.68262E0 3.19014E0 4.71271E0 6.97843E0 9.51604E0 5.43774E0 5.43774E0 5.43774E0 5.43774E0 5.43774E0 5.43774E0 3.55266E0 3.55266E0 3.55266E0 3.55266E0 5.43774E0 3.55266E0 3.55266E0 3.55266E0 3.55266E0 5.43774E0 5.43774E0 5.43774E0 5.43774E0 5.43774E0 5.43774E0 5.43774E0 5.43774E0 5.43774E0 6.85155E0 6.85155E0 7.73971E0 7.73971E0 7.73971E0 1.02773E1 1.02773E1 5.67337E0 1.325E1 1.325E1 1.325E1 1.325E1 1.63857E1 1.63857E1 1.63857E1 1.93221E1 1.93221E1
1.79264E1 1.99746E1 2.31104E1 2.90013E1 2.93275E1 2.54849E1 2.2476E1 1.58419E1 1.58419E1 1.17636E1 1.58419E1 1.17636E1 8.44662E0 6.1809E0 8.33786E0 4.87584E0 3.78829E0 3.55266E0 3.3714E0 3.55266E0 3.69766E0 3.06326E0 2.71887E0 2.71887E0 3.06326E0 3.95142E0 7.4497E0 5.43774E0 5.43774E0 7.73971E0 7.73971E0 5.43774E0 5.43774E0 5.43774E0 5.43774E0 5.43774E0 5.43774E0 5.43774E0 5.43774E0 5.43774E0 5.43774E0 5.43774E0 5.43774E0 5.43774E0 5.43774E0 5.43774E0 5.43774E0 5.43774E0 5.43774E0 5.43774E0 5.43774E0 5.43774E0 6.85155E0 6.85155E0 7.73971E0 7.73971E0 7.73971E0 1.02773E1 1.02773E1 1.02773E1 1.81258E-2 1.325E1 1.325E1 5.67337E0 1.44644E1 1.63857E1 1.93221E1 1.93221E1 1.93221E1
2.20953E1 2.40892E1 2.853E1 2.93275E1 2.88381E1 2.54849E1 2.54849E1 2.47055E1 1.58419E1 1.58419E1 1.58419E1 1.43194E1 1.17636E1 8.44662E0 7.9391E0 4.87584E0 3.78829E0 3.69766E0 3.55266E0 3.3714E0 3.55266E0 3.33515E0 3.19014E0 2.71887E0 3.06326E0 4.71271E0 6.97843E0 7.73971E0 7.73971E0 7.73971E0 7.73971E0 5.43774E0 5.43774E0 5.43774E0 5.43774E0 5.43774E0 5.43774E0 5.43774E0 5.43774E0 5.43774E0 5.43774E0 5.43774E0 5.43774E0 5.43774E0 5.43774E0 5.43774E0 5.43774E0 5.43774E0 5.43774E0 5.43774E0 5.43774E0 5.43774E0 6.85155E0 7.73971E0 7.73971E0 7.73971E0 7.73971E0 1.02773E1 1.02773E1 1.02773E1 1.02773E1 1.325E1 1.325E1 7.63096E0 -9999 -9999 -9999 1.70564E1 1.70564E1
2.2476E1 2.54849E1 2.54849E1 2.53942E1 1.65851E1 1.72195E1 2.2476E1 1.99928E1 1.58419E1 1.58419E1 1.17636E1 1.29237E1 1.0658E1 8.44662E0 6.1809E0 4.87584E0 3.96955E0 3.69766E0 3.55266E0 3.3714E0 3.3714E0 3.11764E0 2.90013E0 2.71887E0 3.06326E0 4.5677E0 7.4497E0 7.73971E0 5.43774E0 5.43774E0 5.43774E0 6.1809E0 5.00272E0 5.52837E0 7.4497E0 7.73971E0 7.73971E0 7.73971E0 7.73971E0 7.73971E0 7.73971E0 7.73971E0 5.43774E0 5.43774E0 5.43774E0 5.43774E0 5.43774E0 5.43774E0 5.43774E0 5.43774E0 7.73971E0 6.85155E0 6.85155E0 7.73971E0 7.73971E0 1.02773E1 1.02773E1 1.02773E1 1.02773E1 1.02773E1 1.02773E1 1.325E1 1.23255E1 8.22911E0 -9999 -9999 -9999 -9999 -9999
1.99928E1 2.2476E1 2.2476E1 1.65126E1 1.1963E1 1.27424E1 2.2476E1 2.2476E1 1.96846E1 1.58419E1 8.44662E0 8.44662E0 9.44354E0 8.44662E0 6.65217E0 4.87584E0 3.96955E0 3.78829E0 3.69766E0 3.55266E0 3.55266E0 3.33515E0 2.8095E0 2.59199E0 2.71887E0 3.78829E0 5.52837E0 7.61283E0 7.73971E0 7.73971E0 7.73971E0 5.43774E0 5.38336E0 6.43466E0 5.43774E0 7.73971E0 7.73971E0 7.73971E0 7.73971E0 7.73971E0 7.73971E0 7.73971E0 7.73971E0 7.73971E0 5.43774E0 5.43774E0 5.43774E0 5.43774E0 7.73971E0 7.73971E0 5.43774E0 6.85155E0 7.73971E0 7.73971E0 7.73971E0 1.02773E1 1.02773E1 1.02773E1 1.02773E1 1.02773E1 1.02773E1 1.325E1 1.03317E1 6.85155E0 -9999 -9999 -9999 -9999 -9999
1.99928E1 2.23491E1 1.7437E1 1.35762E1 1.18361E1 1.7437E1 1.58419E1 1.96846E1 2.2476E1 1.58419E1 1.5425E1 1.2543E1 1.03861E1 7.9391E0 6.38028E0 4.6402E0 4.16893E0 3.96955E0 3.78829E0 3.69766E0 3.55266E0 3.55266E0 3.19014E0 2.71887E0 2.8095E0 3.66141E0 4.71271E0 5.11147E0 6.43466E0 7.4497E0 7.61283E0 6.43466E0 6.1809E0 5.43774E0 7.73971E0 7.73971E0 7.73971E0 7.73971E0 7.73971E0 7.73971E0 7.73971E0 7.73971E0 7.73971E0 7.73971E0 1.02773E1 7.73971E0 7.73971E0 7.73971E0 7.73971E0 7.73971E0 7.73971E0 7.73971E0 7.73971E0 7.73971E0 7.73971E0 1.02773E1 1.02773E1 1.02773E1 1.02773E1 1.325E1 1.325E1 1.30143E1 9.47979E0 6.85155E0 4.15081E0 -9999 -9999 -9999 -9999
2.2476E1 1.71107E1 1.45731E1 1.2543E1 1.23074E1 1.95034E1 1.99928E1 1.58419E1 1.17636E1 1.58419E1 1.5425E1 1.17636E1 1.14374E1 8.62788E0 6.65217E0 4.87584E0 4.35019E0 4.35019E0 3.96955E0 3.78829E0 3.69766E0 3.55266E0 3.66141E0 3.06326E0 3.06326E0 3.78829E0 4.16893E0 4.83959E0 5.92713E0 6.97843E0 6.65217E0 6.1809E0 6.97843E0 7.73971E0 7.73971E0 7.73971E0 7.73971E0 7.73971E0 7.73971E0 7.73971E0 7.73971E0 7.73971E0 7.73971E0 7.73971E0 7.73971E0 7.73971E0 7.73971E0 7.73971E0 7.73971E0 7.73971E0 7.73971E0 7.73971E0 7.73971E0 7.73971E0 7.73971E0 1.02773E1 1.02773E1 1.02773E1 1.02773E1 1.325E1 1.30143E1 1.19449E1 9.87856E0 6.85155E0 4.15081E0 -9999 -9999 -9999 -9999
1.79989E1 1.45731E1 1.34675E1 1.43194E1 1.9739E1 1.99928E1 1.99928E1 1.82345E1 1.58419E1 1.17636E1 1.6422E1 1.412E1 1.24524E1 9.80605E0 8.33786E0 5.99964E0 4.6402E0 4.87584E0 4.6402E0 4.16893E0 4.16893E0 3.96955E0 3.96955E0 3.49828E0 3.19014E0 3.66141E0 3.95142E0 4.83959E0 5.38336E0 6.1809E0 6.1809E0 6.97843E0 7.4497E0 7.73971E0 7.73971E0 7.73971E0 7.73971E0 7.73971E0 7.73971E0 7.73971E0 7.73971E0 7.73971E0 7.73971E0 7.73971E0 7.73971E0 7.73971E0 7.73971E0 7.73971E0 7.73971E0 7.73971E0 7.73971E0 7.73971E0 7.73971E0 7.73971E0 1.02773E1 1.02773E1 1.02773E1 1.02773E1 1.02773E1 1.325E1 1.19449E1 1.08392E1 7.63096E0 5.67337E0 2.75512E0 -9999 -9999 -9999 -9999
1.82345E1 1.53163E1 1.60595E1 1.82345E1 1.82345E1 1.62226E1 1.82345E1 1.62226E1 1.17636E1 1.17636E1 1.69114E1 1.52438E1 1.33406E1 1.14374E1 8.33786E0 7.30469E0 5.70962E0 5.99964E0 5.99964E0 4.6402E0 4.35019E0 4.35019E0 4.35019E0 3.78829E0 3.49828E0 3.78829E0 3.95142E0 4.71271E0 5.11147E0 5.52837E0 6.1809E0 6.65217E0 7.61283E0 7.73971E0 7.73971E0 7.73971E0 7.73971E0 7.73971E0 7.73971E0 7.73971E0 7.73971E0 7.73971E0 1.02773E1 1.02773E1 1.02773E1 1.02773E1 1.02773E1 1.02773E1 1.02773E1 7.73971E0 7.73971E0 7.73971E0 7.73971E0 1.02773E1 1.02773E1 1.02773E1 1.02773E1 1.02773E1 1.325E1 1.325E1 1.325E1 1.23255E1 9.87856E0 6.28965E0 -9999 -9999 -9999 -9999 -9999
1.99928E1 2.2476E1 2.2476E1 1.99928E1 1.62226E1 1.62226E1 1.62226E1 1.58419E1 1.58419E1 1.82345E1 1.77814E1 1.57151E1 1.43194E1 1.2543E1 9.22603E0 7.64908E0 7.30469E0 6.65217E0 5.99964E0 4.87584E0 4.6402E0 4.6402E0 4.87584E0 4.38644E0 3.95142E0 4.16893E0 4.38644E0 4.71271E0 5.11147E0 5.38336E0 6.1809E0 6.97843E0 7.73971E0 7.73971E0 7.73971E0 7.73971E0 7.73971E0 7.73971E0 7.73971E0 7.73971E0 1.02773E1 1.02773E1 1.02773E1 1.02773E1 1.02773E1 1.02773E1 1.02773E1 1.02773E1 1.02773E1 1.02773E1 9.96919E0 9.96919E0 1.02773E1 1.02773E1 1.02773E1 1.02773E1 1.325E1 1.325E1 1.325E1 1.325E1 1.61501E1 1.56244E1 1.23255E1 7.63096E0 -9999 -9999 -9999 -9999 -9999
2.2476E1 2.2476E1 2.2476E1 2.54849E1 2.2476E1 2.2476E1 1.82345E1 1.17636E1 1.58419E1 1.58419E1 8.44662E0 1.39206E1 1.37394E1 1.31593E1 1.14374E1 7.64908E0 6.83342E0 6.83342E0 5.99964E0 5.29273E0 4.87584E0 5.29273E0 5.52837E0 5.00272E0 4.5677E0 4.38644E0 4.5677E0 5.00272E0 5.22023E0 5.38336E0 6.43466E0 6.97843E0 7.61283E0 8.48287E0 9.29853E0 9.51604E0 9.96919E0 1.02048E1 1.02773E1 1.02773E1 1.02773E1 1.02773E1 1.02773E1 1.02773E1 9.47979E0 1.06761E1 1.05492E1 1.05492E1 1.04042E1 1.02773E1 1.02773E1 1.02773E1 1.02773E1 1.12924E1 1.1673E1 1.23437E1 1.31412E1 1.325E1 1.325E1 1.54976E1 1.62588E1 1.69295E1 1.34493E1 6.85155E0 -9999 -9999 -9999 -9999 -9999
2.2476E1 2.2476E1 2.2476E1 1.82345E1 1.62226E1 1.99928E1 1.62226E1 1.42831E1 1.58419E1 1.17636E1 1.17636E1 1.43194E1 1.412E1 1.34312E1 1.14374E1 8.62788E0 8.33786E0 7.64908E0 5.99964E0 5.29273E0 5.29273E0 5.70962E0 5.99964E0 5.52837E0 5.11147E0 4.83959E0 4.83959E0 5.22023E0 5.38336E0 5.92713E0 6.65217E0 7.21407E0 7.61283E0 8.33786E0 8.73663E0 9.29853E0 9.75168E0 9.96919E0 1.02773E1 1.02773E1 1.02773E1 1.02773E1 1.05492E1 1.06761E1 1.10749E1 1.81258E-2 -5.68703E-1 -3.4856E-1 8.22911E0 1.10749E1 1.0948E1 1.10749E1 1.11474E1 1.14374E1 1.1818E1 1.24343E1 1.29781E1 1.37937E1 1.45731E1 1.54976E1 1.14736E1 1.47906E1 1.26518E1 -9999 -9999 -9999 -9999 -9999 -9999
1.99928E1 2.2476E1 2.2476E1 1.99928E1 1.62226E1 1.42831E1 1.42831E1 1.62226E1 1.17636E1 1.58419E1 1.17636E1 1.17636E1 1.412E1 1.29237E1 1.19086E1 1.00417E1 8.91789E0 6.83342E0 5.99964E0 5.70962E0 5.70962E0 6.38028E0 6.65217E0 6.43466E0 5.52837E0 5.38336E0 5.38336E0 5.52837E0 5.92713E0 6.1809E0 6.97843E0 7.21407E0 7.61283E0 8.48287E0 8.48287E0 8.95414E0 9.29853E0 9.75168E0 1.02048E1 1.02773E1 1.02773E1 1.02773E1 1.12924E1 1.05492E1 1.04042E1 1.05492E1 1.0948E1 1.11474E1 1.12924E1 1.11474E1 1.11474E1 1.11474E1 1.12924E1 1.14736E1 1.1818E1 1.25249E1 1.31412E1 1.383E1 1.47181E1 1.55882E1 1.61863E1 1.23255E1 1.03317E1 5.67337E0 3.5164E0 -9999 -9999 -9999 -9999
1.99928E1 1.99928E1 2.2476E1 2.2476E1 1.62226E1 1.62226E1 1.17636E1 1.82345E1 1.58419E1 8.44662E0 1.58419E1 1.46638E1 1.24524E1 1.19086E1 9.80605E0 8.62788E0 8.91789E0 7.30469E0 5.99964E0 5.99964E0 5.99964E0 6.65217E0 7.30469E0 7.4497E0 6.65217E0 5.92713E0 6.1809E0 6.1809E0 6.43466E0 6.97843E0 7.21407E0 7.4497E0 7.61283E0 8.33786E0 8.10223E0 8.33786E0 8.73663E0 9.29853E0 9.75168E0 9.96919E0 1.02955E1 1.04042E1 1.04042E1 1.04042E1 1.04042E1 1.06761E1 1.10749E1 -9999 -9999 1.14374E1 1.14374E1 1.12924E1 1.14374E1 1.1528E1 1.18724E1 1.24343E1 1.31412E1 1.19449E1 1.23255E1 1.44644E1 1.64582E1 1.44644E1 1.03317E1 5.67337E0 -9999 -9999 -9999 -9999 -9999
1.99928E1 1.99928E1 1.99928E1 1.82345E1 1.82345E1 1.62226E1 1.42831E1 1.17636E1 1.82345E1 1.58419E1 8.44662E0 1.39206E1 1.19086E1 1.08574E1 9.22603E0 7.64908E0 8.33786E0 7.30469E0 6.38028E0 6.38028E0 6.65217E0 7.30469E0 7.9391E0 8.10223E0 7.84847E0 6.65217E0 6.43466E0 6.97843E0 7.21407E0 7.21407E0 7.21407E0 7.4497E0 7.61283E0 7.84847E0 7.84847E0 7.84847E0 8.10223E0 8.48287E0 8.73663E0 9.29853E0 9.75168E0 9.96919E0 1.02048E1 1.02048E1 1.02955E1 1.04042E1 1.06761E1 -9999 -9999 -9999 -9999 -9999 1.14736E1 1.1673E1 1.21805E1 1.26337E1 1.31412E1 1.37937E1 1.45731E1 1.44644E1 7.63096E0 1.40112E1 -9999 -9999 -9999 -9999 -9999 -9999 -9999
1.82345E1 1.99928E1 1.82345E1 1.62226E1 7.99347E0 1.39387E1 1.42831E1 1.42831E1 1.58419E1 1.99928E1 1.65488E1 1.34312E1 1.14374E1 9.80605E0 8.62788E0 8.33786E0 7.64908E0 6.65217E0 6.38028E0 6.38028E0 6.83342E0 8.33786E0 8.91789E0 9.22603E0 7.21407E0 6.97843E0 7.4497E0 7.4497E0 7.61283E0 7.4497E0 7.4497E0 7.61283E0 7.4497E0 7.61283E0 7.4497E0 7.4497E0 7.84847E0 8.10223E0 8.33786E0 8.73663E0 8.95414E0 9.51604E0 9.75168E0 9.75168E0 9.96919E0 1.02048E1 1.05492E1 -9999 -9999 -9999 -9999 -9999 -9999 -9999 -9999 1.27606E1 1.32862E1 1.383E1 1.44644E1 1.49719E1 -9999 -9999 -9999 -9999 -9999 -9999 -9999 -9999 -9999
1.82345E1 1.82345E1 1.82345E1 1.82345E1 1.62226E1 1.62226E1 1.17636E1 1.17636E1 1.17636E1 8.44662E0 1.17636E1 1.26881E1 1.08574E1 9.22603E0 8.33786E0 7.9391E0 7.30469E0 6.65217E0 6.38028E0 6.38028E0 6.83342E0 7.9391E0 8.91789E0 9.80605E0 8.95414E0 8.33786E0 8.33786E0 7.4497E0 7.61283E0 7.4497E0 7.4497E0 7.21407E0 7.21407E0 7.4497E0 7.4497E0 7.61283E0 8.10223E0 8.10223E0 8.48287E0 8.48287E0 8.48287E0 8.73663E0 8.95414E0 9.29853E0 9.51604E0 9.75168E0 1.02048E1 -9999 -9999 -9999 -9999 -9999 -9999 -9999 -9999 -9999 -9999 -9999 -9999 -9999 -9999 -9999 -9999 -9999 -9999 -9999 -9999 -9999 -9999
1.82345E1 1.82345E1 1.42831E1 1.62226E1 1.62226E1 1.42831E1 1.42831E1 1.42831E1 1.17636E1 8.44662E0 6.1809E0 8.44662E0 1.0658E1 9.22603E0 7.9391E0 7.30469E0 6.38028E0 5.70962E0 6.65217E0 6.83342E0 6.83342E0 7.9391E0 8.62788E0 9.22603E0 9.96919E0 8.73663E0 8.33786E0 7.61283E0 7.84847E0 7.21407E0 6.97843E0 6.97843E0 7.21407E0 7.21407E0 7.21407E0 7.61283E0 8.10223E0 7.84847E0 8.33786E0 8.33786E0 8.10223E0 8.33786E0 8.73663E0 8.73663E0 8.95414E0 9.29853E0 9.51604E0 -9999 -9999 -9999 -9999 -9999 -9999 -9999 -9999 -9999 -9999 -9999 -9999 -9999 -9999 -9999 -9999 -9999 -9999 -9999 -9999 -9999 -9999
-9999 -9999 1.42831E1 1.62226E1 1.82345E1 1.42831E1 1.62226E1 1.58419E1 1.82345E1 1.17636E1 6.1809E0 6.1809E0 8.44662E0 9.22603E0 8.62788E0 7.30469E0 6.38028E0 5.70962E0 5.99964E0 6.38028E0 6.38028E0 7.30469E0 7.64908E0 7.9391E0 8.62788E0 9.29853E0 8.48287E0 7.61283E0 7.21407E0 6.97843E0 6.65217E0 6.65217E0 6.65217E0 6.97843E0 6.97843E0 7.21407E0 7.4497E0 7.61283E0 8.10223E0 7.84847E0 7.84847E0 7.84847E0 8.33786E0 8.33786E0 8.33786E0 8.48287E0 8.73663E0 9.29853E0 -9999 -9999 -9999 -9999 -9999 -9999 -9999 -9999 -9999 -9999 -9999 -9999 -9999 -9999 -9999 -9999 -9999 -9999 -9999 -9999 -9999
-9999 -9999 1.42831E1 1.42831E1 1.42831E1 1.82345E1 1.62226E1 1.17636E1 1.58419E1 1.17636E1 6.1809E0 8.44662E0 1.0658E1 9.44354E0 8.33786E0 7.30469E0 6.65217E0 6.38028E0 5.99964E0 5.99964E0 6.38028E0 6.83342E0 7.30469E0 6.1809E0 7.9391E0 8.91789E0 8.73663E0 8.10223E0 8.33786E0 6.97843E0 6.65217E0 6.43466E0 6.43466E0 6.43466E0 6.97843E0 6.65217E0 6.65217E0 7.21407E0 7.4497E0 7.4497E0 7.4497E0 7.61283E0 7.61283E0 7.61283E0 7.84847E0 7.84847E0 7.84847E0 8.33786E0 -9999 -9999 -9999 -9999 -9999 -9999 -9999 -9999 -9999 -9999 -9999 -9999 -9999 -9999 -9999 -9999 -9999 -9999 -9999 -9999 -9999
-9999 1.62226E1 1.42831E1 1.42831E1 1.14192E1 1.26699E1 1.82345E1 8.44662E0 1.82345E1 1.58419E1 1.17636E1 1.29237E1 1.14374E1 9.80605E0 8.33786E0 7.30469E0 6.65217E0 6.65217E0 6.38028E0 5.70962E0 5.99964E0 6.38028E0 6.1809E0 6.83342E0 7.64908E0 7.9391E0 8.33786E0 8.44662E0 6.1809E0 6.97843E0 6.43466E0 6.1809E0 6.1809E0 5.92713E0 6.1809E0 6.65217E0 6.97843E0 6.65217E0 6.97843E0 6.97843E0 7.21407E0 7.21407E0 7.4497E0 7.4497E0 7.21407E0 6.97843E0 7.21407E0 -9999 -9999 -9999 -9999 -9999 -9999 -9999 -9999 -9999 -9999 -9999 -9999 -9999 -9999 -9999 -9999 -9999 -9999 -9999 -9999 -9999 -9999
-9999 -9999 -9999 1.42831E1 1.14192E1 1.14192E1 1.62226E1 1.42831E1 2.22947E1 1.58419E1 1.45369E1 1.17636E1 1.11292E1 1.00417E1 8.91789E0 7.30469E0 6.38028E0 6.38028E0 6.38028E0 5.70962E0 5.99964E0 5.70962E0 5.70962E0 5.99964E0 6.1809E0 4.71271E0 6.1809E0 6.1809E0 6.1809E0 6.1809E0 5.92713E0 5.92713E0 5.52837E0 5.92713E0 5.92713E0 5.92713E0 6.97843E0 6.1809E0 6.43466E0 6.43466E0 6.65217E0 6.65217E0 6.65217E0 6.65217E0 6.65217E0 6.43466E0 6.1809E0 -9999 -9999 -9999 -9999 -9999 -9999 -9999 -9999 -9999 -9999 -9999 -9999 -9999 -9999 -9999 -9999 -9999 -9999 -9999 -9999 -9999 -9999
-9999 -9999 -9999 -9999 1.26699E1 1.14192E1 1.42831E1 1.62226E1 1.17636E1 1.58419E1 1.50807E1 1.26881E1 1.14374E1 9.44354E0 8.91789E0 7.64908E0 6.38028E0 5.29273E0 5.29273E0 5.70962E0 5.99964E0 5.70962E0 5.70962E0 5.70962E0 5.99964E0 6.38028E0 6.1809E0 6.83342E0 6.1809E0 6.1809E0 5.38336E0 5.38336E0 5.22023E0 5.52837E0 5.92713E0 5.92713E0 5.92713E0 5.92713E0 6.1809E0 6.1809E0 6.43466E0 6.1809E0 6.1809E0 6.43466E0 6.1809E0 5.52837E0 5.52837E0 5.52837E0 6.1809E0 -9999 -9999 -9999 -9999 -9999 9.44354E0 9.80605E0 -9999 -9999 -9999 -9999 -9999 -9999 -9999 -9999 -9999 -9999 -9999 -9999 -9999
-9999 -9999 1.14192E1 1.42831E1 1.42831E1 9.58854E0 1.14192E1 1.17636E1 1.58419E1 1.75458E1 1.17636E1 1.31593E1 1.08574E1 9.80605E0 9.22603E0 7.30469E0 5.29273E0 4.6402E0 4.87584E0 4.87584E0 4.6402E0 4.87584E0 5.70962E0 5.29273E0 5.29273E0 6.38028E0 6.43466E0 6.43466E0 6.43466E0 6.1809E0 5.92713E0 6.1809E0 5.22023E0 5.38336E0 5.38336E0 5.92713E0 5.92713E0 6.1809E0 5.92713E0 5.92713E0 6.1809E0 6.1809E0 5.92713E0 5.52837E0 5.38336E0 5.22023E0 5.11147E0 5.11147E0 5.38336E0 6.43466E0 -9999 -9999 -9999 -9999 8.91789E0 8.62788E0 -9999 -9999 -9999 -9999 -9999 -9999 -9999 -9999 -9999 -9999 -9999 -9999 -9999
