Leopardus pardalis/Leopardus_pardalis_projection 2041-2060_novel.asc
ncols         515
nrows         545
xllcorner     -119.0
yllcorner     -58.333333333333
cellsize      0.166666666667
NODATA_value  -9999
[rows 330 to 359 of 545, columns 345 to 413 of 515]
8.15661E-1 1.37756E0 1.37756E0 1.37756E0 1.37756E0 1.37756E0 1.37756E0 1.37756E0 1.37756E0 1.37756E0 1.37756E0 1.37756E0 1.37756E0 1.37756E0 1.37756E0 1.37756E0 2.882E0 2.882E0 2.882E0 2.882E0 2.882E0 2.882E0 2.882E0 6.85155E0 2.0464E1 2.0464E1 2.0464E1 6.85155E0 6.85155E0 2.0464E1 2.0464E1 4.08918E1 4.08918E1 4.08918E1 4.74715E1 4.72721E1 4.69458E1 4.67464E1 4.69458E1 4.7689E1 4.93022E1 5.2021E1 5.34892E1 5.2021E1 5.12779E1 5.1441E1 5.4758E1 4.08918E1 4.08918E1 4.08918E1 4.08918E1 4.08918E1 5.54287E1 5.58093E1 5.70237E1 5.83469E1 5.93438E1 5.86369E1 5.91263E1 4.08918E1 5.48668E1 4.70183E1 3.86623E1 4.04568E1 4.54776E1 4.93565E1 5.04622E1 5.10604E1 4.93565E1
1.37756E0 1.37756E0 1.37756E0 1.37756E0 1.37756E0 1.37756E0 1.37756E0 1.37756E0 1.37756E0 1.37756E0 1.37756E0 1.37756E0 1.37756E0 1.37756E0 1.37756E0 2.882E0 2.882E0 2.882E0 2.882E0 2.882E0 2.882E0 2.882E0 2.882E0 6.85155E0 6.85155E0 6.85155E0 6.85155E0 6.85155E0 6.85155E0 2.0464E1 2.0464E1 4.08918E1 4.08918E1 4.08918E1 4.08918E1 4.6547E1 4.62208E1 4.55864E1 4.59308E1 4.69458E1 4.8124E1 4.93022E1 5.2021E1 5.45768E1 5.50299E1 4.08918E1 4.08918E1 4.08918E1 4.08918E1 4.08918E1 5.58093E1 5.44861E1 5.26011E1 5.16585E1 5.15316E1 5.22204E1 5.16585E1 5.2021E1 5.33623E1 5.67881E1 5.92351E1 5.24742E1 4.41907E1 4.52239E1 5.54831E1 5.28186E1 6.17546E1 5.60812E1 5.37611E1
1.37756E0 1.37756E0 1.37756E0 1.37756E0 1.37756E0 1.37756E0 1.37756E0 1.37756E0 1.37756E0 1.37756E0 1.37756E0 1.37756E0 1.37756E0 1.37756E0 1.37756E0 1.37756E0 2.882E0 2.882E0 2.882E0 2.882E0 2.882E0 2.882E0 2.882E0 2.882E0 6.85155E0 6.85155E0 6.85155E0 6.85155E0 6.85155E0 2.0464E1 2.0464E1 4.08918E1 4.08918E1 4.08918E1 4.08918E1 4.60214E1 4.54595E1 4.49701E1 4.51151E1 4.08918E1 4.08918E1 4.08918E1 4.08918E1 5.04622E1 5.2021E1 5.26011E1 4.08918E1 4.08918E1 4.08918E1 4.08918E1 5.38517E1 5.10604E1 4.8414E1 4.74715E1 4.72721E1 4.72721E1 4.67464E1 4.67464E1 4.87403E1 5.2021E1 5.4758E1 5.10604E1 5.37611E1 5.64437E1 5.42505E1 5.81657E1 6.02139E1 6.07033E1 5.77125E1
1.37756E0 1.37756E0 1.37756E0 1.37756E0 1.37756E0 1.37756E0 1.37756E0 1.37756E0 1.37756E0 1.37756E0 1.37756E0 1.37756E0 1.37756E0 1.37756E0 1.37756E0 2.882E0 1.37756E0 2.882E0 2.882E0 2.882E0 2.882E0 2.882E0 2.882E0 2.882E0 6.85155E0 6.85155E0 6.85155E0 6.85155E0 6.85155E0 2.0464E1 2.0464E1 2.0464E1 4.08918E1 4.08918E1 4.08918E1 4.52239E1 4.48432E1 4.44444E1 4.44444E1 4.51151E1 4.08918E1 4.08918E1 4.08918E1 4.08918E1 4.08918E1 4.08918E1 4.08918E1 4.08918E1 4.08918E1 4.08918E1 4.08918E1 4.6547E1 4.42632E1 4.33932E1 4.30306E1 4.26319E1 4.27587E1 4.42632E1 4.59308E1 4.7979E1 4.96284E1 5.2021E1 4.75258E1 5.12779E1 5.52293E1 5.38517E1 5.33623E1 5.18398E1 5.45768E1
1.37756E0 1.37756E0 1.37756E0 1.37756E0 1.37756E0 1.37756E0 1.37756E0 1.37756E0 1.37756E0 1.37756E0 1.37756E0 1.37756E0 1.37756E0 1.37756E0 2.882E0 2.882E0 2.882E0 2.882E0 2.882E0 2.882E0 2.882E0 2.882E0 2.882E0 2.882E0 6.85155E0 6.85155E0 6.85155E0 6.85155E0 2.0464E1 2.0464E1 2.0464E1 2.0464E1 2.0464E1 2.0464E1 4.08918E1 4.48432E1 4.40457E1 4.31213E1 4.08918E1 4.08918E1 4.08918E1 4.41544E1 4.45895E1 4.49701E1 4.42632E1 4.08918E1 4.08918E1 4.08918E1 4.08918E1 4.08918E1 4.08918E1 4.14537E1 4.00399E1 3.9043E1 3.93511E1 3.9913E1 4.0928E1 4.24506E1 4.37738E1 4.45895E1 4.51151E1 4.09099E1 4.24144E1 4.88671E1 4.6547E1 4.37738E1 4.40457E1 4.22512E1 4.37738E1
1.37756E0 1.37756E0 1.37756E0 1.37756E0 2.882E0 1.37756E0 1.37756E0 1.37756E0 1.37756E0 1.37756E0 1.37756E0 1.37756E0 1.37756E0 1.37756E0 1.37756E0 1.37756E0 1.37756E0 2.882E0 2.882E0 2.882E0 2.882E0 2.882E0 2.882E0 2.882E0 2.882E0 6.85155E0 6.85155E0 6.85155E0 6.85155E0 2.0464E1 2.0464E1 2.0464E1 4.08918E1 4.08918E1 4.08918E1 4.31213E1 4.08918E1 4.08918E1 4.08918E1 4.08918E1 4.08918E1 4.26319E1 4.26319E1 4.08918E1 4.08918E1 4.0348E1 3.87711E1 3.76291E1 3.6886E1 3.76291E1 3.78648E1 3.76291E1 3.6886E1 3.67591E1 3.77198E1 3.81367E1 4.0348E1 4.27587E1 4.26319E1 4.24506E1 4.14537E1 3.86623E1 4.09099E1 4.22512E1 3.81367E1 3.63422E1 3.59797E1 3.50734E1 3.58347E1
2.882E0 1.37756E0 2.882E0 2.882E0 2.882E0 2.882E0 2.882E0 1.37756E0 1.37756E0 1.37756E0 2.882E0 1.37756E0 2.882E0 2.882E0 1.37756E0 1.37756E0 1.37756E0 2.882E0 2.882E0 2.882E0 2.882E0 2.882E0 2.882E0 2.882E0 2.882E0 2.882E0 6.85155E0 6.85155E0 2.0464E1 6.85155E0 2.0464E1 2.0464E1 2.0464E1 2.0464E1 4.08918E1 4.08918E1 4.08918E1 4.08918E1 4.07649E1 4.08918E1 4.08918E1 4.08918E1 4.12724E1 4.0348E1 3.93511E1 3.81367E1 3.61428E1 3.30796E1 3.22639E1 3.34058E1 3.42759E1 3.4874E1 3.4874E1 3.4874E1 3.63422E1 3.86442E1 4.19793E1 4.33932E1 4.14537E1 3.95505E1 3.84629E1 3.87711E1 3.9043E1 3.81367E1 3.4729E1 3.22639E1 3.15208E1 3.28439E1 3.4729E1
2.882E0 2.882E0 2.882E0 2.882E0 2.882E0 2.882E0 2.882E0 2.882E0 1.37756E0 1.37756E0 2.882E0 1.37756E0 2.882E0 2.882E0 2.882E0 2.882E0 2.882E0 2.882E0 2.882E0 2.882E0 2.882E0 2.882E0 2.882E0 2.882E0 2.882E0 2.882E0 6.85155E0 6.85155E0 6.85155E0 6.85155E0 6.85155E0 6.85155E0 2.0464E1 2.0464E1 2.0464E1 4.02574E1 4.00399E1 3.95505E1 3.9043E1 3.95505E1 4.0348E1 4.0348E1 4.01486E1 3.93511E1 3.82817E1 3.74298E1 3.42759E1 3.05601E1 2.85844E1 3.08501E1 3.12307E1 3.2427E1 3.26083E1 3.28439E1 3.4004E1 3.9043E1 4.45895E1 4.6547E1 4.16531E1 3.92423E1 3.74298E1 3.4729E1 3.46021E1 3.4729E1 3.31702E1 3.09951E1 3.17564E1 3.43665E1 3.95505E1
2.882E0 2.882E0 2.882E0 2.882E0 2.882E0 2.882E0 2.882E0 2.882E0 2.882E0 2.882E0 1.37756E0 1.37756E0 1.37756E0 2.882E0 2.882E0 2.882E0 2.882E0 2.882E0 2.882E0 2.882E0 2.882E0 2.882E0 2.882E0 2.882E0 2.882E0 2.882E0 2.882E0 6.85155E0 6.85155E0 6.85155E0 6.85155E0 6.85155E0 2.0464E1 2.0464E1 2.0464E1 2.0464E1 3.82817E1 3.78648E1 3.79554E1 3.84629E1 3.92423E1 3.95505E1 4.00399E1 3.82817E1 3.62516E1 3.58347E1 3.28439E1 2.99438E1 2.72974E1 2.80406E1 2.77143E1 2.8965E1 3.08501E1 3.15208E1 3.20464E1 3.74298E1 4.33932E1 4.32119E1 4.18162E1 3.84629E1 3.46021E1 3.11945E1 3.12307E1 3.09951E1 2.97988E1 2.97988E1 3.2427E1 3.56353E1 4.07649E1
2.882E0 2.882E0 2.882E0 2.882E0 2.882E0 2.882E0 2.882E0 2.882E0 2.882E0 2.882E0 2.882E0 2.882E0 1.37756E0 1.37756E0 2.882E0 2.882E0 2.882E0 2.882E0 2.882E0 2.882E0 2.882E0 2.882E0 2.882E0 2.882E0 2.882E0 2.882E0 2.882E0 6.85155E0 6.85155E0 6.85155E0 6.85155E0 6.85155E0 2.0464E1 2.0464E1 2.0464E1 2.0464E1 3.66141E1 3.59797E1 3.61428E1 3.67591E1 3.72666E1 3.78648E1 3.86442E1 3.6886E1 3.4874E1 3.34058E1 3.19376E1 3.02157E1 2.83669E1 2.93819E1 3.04151E1 3.17564E1 3.28439E1 3.16476E1 3.12307E1 3.36233E1 3.77198E1 3.9478E1 3.53815E1 3.47109E1 3.41309E1 3.42759E1 2.99438E1 2.74968E1 2.71343E1 2.8965E1 3.15208E1 3.46021E1 3.87711E1
2.882E0 2.882E0 2.882E0 2.882E0 2.882E0 2.882E0 2.882E0 2.882E0 2.882E0 2.882E0 2.882E0 2.882E0 2.882E0 2.882E0 2.882E0 2.882E0 2.882E0 2.882E0 2.882E0 2.882E0 2.882E0 2.882E0 2.882E0 2.882E0 2.882E0 6.85155E0 6.85155E0 6.85155E0 6.85155E0 6.85155E0 6.85155E0 6.85155E0 2.0464E1 2.0464E1 2.0464E1 2.0464E1 3.4149E1 3.36233E1 3.37865E1 3.4149E1 3.4004E1 3.46021E1 3.52003E1 3.46021E1 3.43665E1 3.37865E1 3.22639E1 3.02157E1 2.86206E1 2.78231E1 2.89831E1 3.30796E1 3.60159E1 3.28077E1 3.28077E1 3.50734E1 3.74298E1 3.53815E1 2.9255E1 2.86206E1 2.99619E1 3.23545E1 3.17564E1 2.61918E1 2.46873E1 2.71343E1 2.99982E1 3.14301E1 3.37502E1
2.882E0 2.882E0 2.882E0 2.882E0 2.882E0 2.882E0 2.882E0 2.882E0 2.882E0 2.882E0 2.882E0 2.882E0 2.882E0 2.882E0 2.882E0 2.882E0 2.882E0 2.882E0 2.882E0 2.882E0 2.882E0 2.882E0 6.85155E0 6.85155E0 6.85155E0 6.85155E0 6.85155E0 6.85155E0 6.85155E0 6.85155E0 6.85155E0 6.85155E0 2.0464E1 2.0464E1 2.0464E1 2.0464E1 2.0464E1 3.27533E1 3.27533E1 3.2427E1 3.17564E1 3.15208E1 3.21733E1 3.34058E1 3.50734E1 3.46021E1 3.28439E1 3.06507E1 2.74243E1 2.68987E1 2.882E1 3.08864E1 3.51822E1 3.37684E1 3.08864E1 3.82817E1 3.59797E1 3.21008E1 2.86206E1 2.84212E1 2.97988E1 2.882E1 3.16476E1 2.68443E1 2.34367E1 2.60286E1 2.85844E1 3.15208E1 2.8095E1
2.882E0 2.882E0 2.882E0 2.882E0 2.882E0 2.882E0 2.882E0 2.882E0 2.882E0 2.882E0 2.882E0 2.882E0 2.882E0 2.882E0 2.882E0 2.882E0 2.882E0 2.882E0 2.882E0 2.882E0 2.882E0 2.882E0 6.85155E0 6.85155E0 6.85155E0 6.85155E0 6.85155E0 6.85155E0 6.85155E0 6.85155E0 6.85155E0 6.85155E0 2.0464E1 2.0464E1 2.0464E1 2.0464E1 3.34058E1 3.26083E1 3.20464E1 3.06688E1 2.83669E1 2.80406E1 3.06688E1 3.3569E1 3.26083E1 3.44028E1 3.37865E1 3.23545E1 2.824E1 2.61193E1 2.78231E1 3.01794E1 3.30796E1 3.13576E1 3.26083E1 2.80225E1 3.04151E1 2.71162E1 2.66449E1 2.86206E1 2.882E1 2.882E1 2.99438E1 2.68443E1 2.40711E1 2.48686E1 2.71343E1 2.79681E1 2.72612E1
2.882E0 2.882E0 2.882E0 2.882E0 2.882E0 2.882E0 2.882E0 2.882E0 2.882E0 2.882E0 2.882E0 2.882E0 2.882E0 2.882E0 2.882E0 2.882E0 2.882E0 2.882E0 2.882E0 2.882E0 2.882E0 6.85155E0 6.85155E0 6.85155E0 6.85155E0 6.85155E0 6.85155E0 6.85155E0 6.85155E0 6.85155E0 6.85155E0 2.0464E1 2.0464E1 2.0464E1 2.0464E1 2.0464E1 2.0464E1 3.34058E1 3.21733E1 2.99982E1 2.76418E1 2.76418E1 3.16476E1 3.21008E1 3.23545E1 3.3569E1 3.4149E1 3.08864E1 2.58111E1 2.35635E1 2.52492E1 2.882E1 3.01794E1 2.99619E1 3.10857E1 2.80225E1 2.22947E1 2.0319E1 2.09534E1 2.3781E1 2.3781E1 2.28204E1 2.64455E1 2.70256E1 2.52855E1 2.52855E1 2.63912E1 2.61918E1 2.29835E1
2.882E0 2.882E0 2.882E0 2.882E0 2.882E0 2.882E0 2.882E0 2.882E0 2.882E0 2.882E0 2.882E0 2.882E0 2.882E0 2.882E0 2.882E0 2.882E0 2.882E0 2.882E0 2.882E0 6.85155E0 6.85155E0 6.85155E0 6.85155E0 6.85155E0 6.85155E0 6.85155E0 6.85155E0 6.85155E0 6.85155E0 6.85155E0 6.85155E0 2.0464E1 2.0464E1 3.67591E1 2.0464E1 2.0464E1 2.0464E1 3.4149E1 3.26083E1 2.99438E1 2.74968E1 2.87656E1 3.06507E1 2.99619E1 2.882E1 2.86206E1 2.80225E1 2.44517E1 2.12978E1 2.05728E1 2.15878E1 2.44517E1 2.52492E1 2.4778E1 2.19866E1 1.96665E1 1.88508E1 1.83977E1 1.85246E1 1.96665E1 2.15878E1 2.40348E1 2.61193E1 2.61918E1 2.46873E1 2.44336E1 2.51042E1 2.63912E1 2.42342E1
2.882E0 2.882E0 2.882E0 2.882E0 2.882E0 2.882E0 2.882E0 2.882E0 2.882E0 2.882E0 2.882E0 2.882E0 2.882E0 2.882E0 2.882E0 2.882E0 2.882E0 2.882E0 2.882E0 6.85155E0 6.85155E0 6.85155E0 6.85155E0 6.85155E0 6.85155E0 6.85155E0 6.85155E0 6.85155E0 6.85155E0 6.85155E0 6.85155E0 2.0464E1 2.0464E1 2.0464E1 2.0464E1 2.0464E1 2.0464E1 3.4874E1 2.0464E1 2.882E1 2.61193E1 2.66449E1 2.74243E1 2.61193E1 2.40348E1 2.12978E1 1.95577E1 1.86514E1 1.87421E1 1.78358E1 1.83977E1 1.94671E1 1.92677E1 2.09534E1 2.0174E1 1.82164E1 1.68207E1 1.70564E1 1.73826E1 1.80895E1 1.96665E1 2.12978E1 2.46148E1 2.55392E1 2.51042E1 2.48686E1 2.42342E1 2.5793E1 2.71343E1
2.882E0 2.882E0 2.882E0 2.882E0 6.85155E0 6.85155E0 6.85155E0 6.85155E0 6.85155E0 2.882E0 2.882E0 2.882E0 6.85155E0 2.882E0 2.882E0 2.882E0 2.882E0 2.882E0 6.85155E0 6.85155E0 6.85155E0 6.85155E0 6.85155E0 6.85155E0 6.85155E0 2.0464E1 2.0464E1 2.0464E1 6.85155E0 6.85155E0 2.0464E1 2.0464E1 2.0464E1 2.0464E1 2.0464E1 3.6886E1 3.6886E1 3.56353E1 3.13757E1 2.0464E1 2.41979E1 2.3781E1 2.3491E1 2.17691E1 1.95577E1 1.86514E1 1.80895E1 1.68207E1 1.70564E1 1.68207E1 1.83977E1 1.91046E1 1.80895E1 1.70564E1 1.58601E1 1.53888E1 1.60776E1 1.67664E1 1.67664E1 1.72558E1 1.77089E1 1.76364E1 2.16966E1 2.42342E1 2.55392E1 2.61918E1 2.61918E1 2.72974E1 3.12307E1
2.882E0 2.882E0 2.882E0 2.882E0 6.85155E0 6.85155E0 6.85155E0 6.85155E0 6.85155E0 6.85155E0 6.85155E0 6.85155E0 6.85155E0 6.85155E0 6.85155E0 6.85155E0 6.85155E0 6.85155E0 6.85155E0 6.85155E0 6.85155E0 6.85155E0 6.85155E0 6.85155E0 2.0464E1 2.0464E1 2.0464E1 2.0464E1 2.0464E1 2.0464E1 2.0464E1 2.0464E1 2.0464E1 2.0464E1 2.0464E1 3.66866E1 2.0464E1 2.0464E1 2.95994E1 2.0464E1 2.0464E1 2.14247E1 2.03915E1 1.92677E1 1.85246E1 1.75458E1 1.71833E1 1.66757E1 1.60051E1 1.66032E1 1.82708E1 1.83977E1 1.75458E1 1.60776E1 1.45731E1 1.53525E1 1.60776E1 1.56426E1 1.62407E1 1.71833E1 1.72558E1 1.73826E1 1.99746E1 2.3636E1 2.74968E1 2.92913E1 2.83669E1 2.93819E1 3.16476E1
2.882E0 2.882E0 2.882E0 2.882E0 6.85155E0 6.85155E0 6.85155E0 6.85155E0 6.85155E0 6.85155E0 6.85155E0 6.85155E0 6.85155E0 6.85155E0 6.85155E0 6.85155E0 6.85155E0 6.85155E0 6.85155E0 6.85155E0 6.85155E0 6.85155E0 6.85155E0 2.0464E1 2.0464E1 2.0464E1 2.0464E1 2.0464E1 2.0464E1 2.0464E1 2.0464E1 2.0464E1 2.0464E1 3.57259E1 3.51822E1 3.47109E1 2.0464E1 2.0464E1 2.0464E1 2.0464E1 2.0464E1 2.0464E1 1.99746E1 1.94671E1 1.85246E1 1.77089E1 1.70564E1 1.64401E1 1.57513E1 1.52619E1 1.60776E1 1.82708E1 1.71833E1 1.54976E1 1.44281E1 1.48632E1 1.44281E1 1.49175E1 1.54976E1 1.67664E1 1.71833E1 1.75458E1 1.94671E1 2.23672E1 2.52855E1 2.80406E1 2.85844E1 2.92913E1 2.99438E1
2.882E0 2.882E0 6.85155E0 6.85155E0 6.85155E0 6.85155E0 6.85155E0 6.85155E0 6.85155E0 6.85155E0 6.85155E0 6.85155E0 6.85155E0 6.85155E0 6.85155E0 6.85155E0 6.85155E0 6.85155E0 6.85155E0 6.85155E0 6.85155E0 6.85155E0 2.0464E1 2.0464E1 2.0464E1 2.0464E1 2.0464E1 2.0464E1 2.0464E1 2.0464E1 2.0464E1 3.52003E1 2.0464E1 3.47109E1 3.37684E1 3.26083E1 3.13757E1 2.95994E1 2.58111E1 2.32554E1 2.0464E1 2.19866E1 2.10803E1 1.96665E1 1.83977E1 1.78358E1 1.66757E1 1.60051E1 1.46456E1 1.41744E1 1.37031E1 1.52619E1 1.46456E1 1.38662E1 1.37394E1 1.37394E1 1.38662E1 1.40656E1 1.45731E1 1.57513E1 1.60051E1 1.77089E1 2.0174E1 2.04459E1 2.16966E1 2.40711E1 2.80406E1 2.92913E1 2.87656E1
2.882E0 6.85155E0 6.85155E0 6.85155E0 6.85155E0 6.85155E0 6.85155E0 6.85155E0 6.85155E0 6.85155E0 6.85155E0 6.85155E0 6.85155E0 6.85155E0 6.85155E0 6.85155E0 6.85155E0 6.85155E0 6.85155E0 6.85155E0 6.85155E0 6.85155E0 2.0464E1 2.0464E1 2.0464E1 2.0464E1 2.0464E1 3.72666E1 3.61428E1 2.0464E1 2.0464E1 3.62516E1 3.53815E1 3.37684E1 3.28077E1 3.15751E1 3.01794E1 2.84212E1 2.0464E1 2.3491E1 2.3491E1 2.3636E1 2.27479E1 2.12978E1 1.86514E1 1.67664E1 1.53525E1 1.49175E1 1.29781E1 1.24343E1 1.21262E1 1.29056E1 1.29781E1 1.1963E1 1.17455E1 1.1963E1 1.27787E1 1.28149E1 1.24705E1 1.28149E1 1.31049E1 1.72558E1 1.90502E1 1.77089E1 1.91771E1 2.06634E1 2.63912E1 2.77143E1 2.72974E1
2.882E0 6.85155E0 6.85155E0 6.85155E0 6.85155E0 6.85155E0 6.85155E0 6.85155E0 6.85155E0 6.85155E0 6.85155E0 6.85155E0 6.85155E0 6.85155E0 6.85155E0 6.85155E0 6.85155E0 6.85155E0 6.85155E0 6.85155E0 6.85155E0 2.0464E1 2.0464E1 2.0464E1 2.0464E1 2.0464E1 2.0464E1 2.0464E1 3.53997E1 2.0464E1 2.0464E1 2.0464E1 2.0464E1 2.0464E1 3.23545E1 3.04151E1 2.86206E1 2.74243E1 2.58111E1 2.49411E1 2.60286E1 2.52855E1 2.32554E1 2.04459E1 1.82164E1 1.57513E1 1.30324E1 1.29781E1 1.1963E1 1.06761E1 1.11474E1 1.12199E1 1.13649E1 1.14192E1 1.06217E1 1.06217E1 1.15461E1 1.16911E1 1.24705E1 1.03317E1 9.02664E0 1.07305E1 1.40294E1 1.45731E1 1.54976E1 1.75458E1 2.11347E1 2.38535E1 2.38535E1
2.882E0 6.85155E0 6.85155E0 6.85155E0 6.85155E0 6.85155E0 6.85155E0 6.85155E0 6.85155E0 6.85155E0 6.85155E0 6.85155E0 6.85155E0 6.85155E0 6.85155E0 6.85155E0 6.85155E0 6.85155E0 6.85155E0 6.85155E0 2.0464E1 2.0464E1 2.0464E1 2.0464E1 2.0464E1 2.0464E1 2.0464E1 2.0464E1 2.0464E1 2.0464E1 2.0464E1 2.0464E1 2.0464E1 2.0464E1 2.0464E1 2.0464E1 2.882E1 2.78231E1 2.74968E1 2.72974E1 2.76418E1 2.80406E1 2.55392E1 2.14247E1 1.77089E1 1.45731E1 1.16911E1 1.01867E1 1.00598E1 9.78793E0 9.84231E0 9.84231E0 1.00598E1 1.00054E1 9.29853E0 9.37103E0 1.11292E1 1.20537E1 1.26881E1 1.1383E1 9.49792E0 8.44662E0 8.10223E0 9.6248E0 1.3685E1 1.56063E1 1.77089E1 1.95034E1 2.14247E1
2.882E0 6.85155E0 6.85155E0 6.85155E0 6.85155E0 6.85155E0 6.85155E0 6.85155E0 6.85155E0 6.85155E0 6.85155E0 6.85155E0 6.85155E0 6.85155E0 6.85155E0 6.85155E0 6.85155E0 6.85155E0 6.85155E0 2.0464E1 2.0464E1 2.0464E1 2.0464E1 2.0464E1 2.0464E1 2.0464E1 2.0464E1 2.0464E1 2.0464E1 2.0464E1 2.0464E1 2.0464E1 2.0464E1 2.0464E1 3.2427E1 3.08864E1 2.99438E1 2.85844E1 2.72974E1 2.74968E1 2.87656E1 3.02157E1 2.64999E1 1.96846E1 1.62045E1 1.33043E1 1.1963E1 1.04948E1 1.01504E1 9.02664E0 8.5735E0 8.79101E0 8.70038E0 8.35599E0 7.55846E0 8.02973E0 1.07848E1 1.28149E1 1.27062E1 1.1383E1 9.6248E0 9.02664E0 9.49792E0 1.03861E1 1.33587E1 1.52075E1 1.5425E1 1.6567E1 1.82708E1
2.882E0 6.85155E0 6.85155E0 6.85155E0 6.85155E0 6.85155E0 6.85155E0 6.85155E0 6.85155E0 6.85155E0 6.85155E0 2.0464E1 6.85155E0 6.85155E0 2.0464E1 2.0464E1 2.0464E1 2.0464E1 2.0464E1 2.0464E1 2.0464E1 2.0464E1 2.0464E1 2.0464E1 2.0464E1 2.0464E1 2.0464E1 2.0464E1 2.0464E1 2.0464E1 2.0464E1 2.0464E1 2.0464E1 2.0464E1 2.99982E1 2.95269E1 2.92913E1 2.0464E1 2.0464E1 2.0464E1 2.76418E1 2.66812E1 2.42342E1 1.81258E1 1.43556E1 1.1383E1 1.20718E1 1.03317E1 1.04042E1 9.49792E0 7.95722E0 7.81222E0 7.68534E0 8.02973E0 7.08718E0 7.59471E0 1.00598E1 1.23437E1 1.26518E1 1.22168E1 1.03317E1 9.49792E0 1.0948E1 1.07305E1 1.1383E1 1.35037E1 1.42106E1 1.52075E1 1.52075E1
6.85155E0 6.85155E0 6.85155E0 6.85155E0 6.85155E0 6.85155E0 6.85155E0 6.85155E0 6.85155E0 2.0464E1 2.0464E1 2.0464E1 2.0464E1 2.0464E1 2.0464E1 2.0464E1 2.0464E1 2.0464E1 2.0464E1 2.0464E1 2.0464E1 2.0464E1 2.0464E1 2.0464E1 2.0464E1 2.0464E1 2.0464E1 2.0464E1 2.0464E1 2.0464E1 2.0464E1 2.0464E1 2.0464E1 2.0464E1 2.74968E1 2.74968E1 2.0464E1 2.0464E1 2.0464E1 2.0464E1 2.51042E1 2.29835E1 1.87964E1 1.58057E1 1.42106E1 1.22168E1 1.0948E1 9.49792E0 9.6248E0 8.44662E0 7.4497E0 7.4497E0 7.4497E0 7.95722E0 6.67029E0 7.03281E0 8.62788E0 1.06217E1 1.17455E1 1.23437E1 1.1238E1 1.1383E1 1.22168E1 1.14918E1 1.03861E1 1.03861E1 1.1238E1 1.28693E1 1.22168E1
6.85155E0 6.85155E0 6.85155E0 6.85155E0 6.85155E0 6.85155E0 6.85155E0 6.85155E0 6.85155E0 2.0464E1 2.0464E1 2.0464E1 2.0464E1 2.0464E1 2.0464E1 2.0464E1 2.0464E1 2.0464E1 2.0464E1 2.0464E1 2.0464E1 2.0464E1 2.0464E1 2.0464E1 2.0464E1 2.0464E1 2.0464E1 2.0464E1 2.0464E1 2.0464E1 2.0464E1 2.0464E1 2.0464E1 2.66812E1 2.61918E1 2.0464E1 2.0464E1 2.0464E1 2.0464E1 2.3636E1 2.21135E1 1.99928E1 1.69657E1 1.56063E1 1.42106E1 1.28693E1 1.1383E1 9.6248E0 9.6248E0 8.28349E0 7.75784E0 7.81222E0 7.32282E0 7.12344E0 6.57966E0 7.05093E0 8.17473E0 9.66105E0 1.11474E1 1.21262E1 1.31412E1 1.40656E1 1.38481E1 1.20718E1 1.23437E1 1.20718E1 1.07305E1 9.6248E0 9.82418E0
6.85155E0 6.85155E0 6.85155E0 6.85155E0 6.85155E0 6.85155E0 2.0464E1 2.0464E1 2.0464E1 2.0464E1 2.0464E1 2.0464E1 2.0464E1 2.0464E1 2.0464E1 2.0464E1 2.0464E1 2.0464E1 2.0464E1 2.0464E1 2.0464E1 2.0464E1 2.0464E1 2.0464E1 2.0464E1 2.0464E1 2.0464E1 2.0464E1 2.0464E1 2.0464E1 2.0464E1 2.0464E1 2.0464E1 2.0464E1 2.0464E1 2.0464E1 2.0464E1 2.0464E1 2.34367E1 2.14247E1 1.93221E1 1.81258E1 1.59326E1 1.56063E1 1.40294E1 1.34675E1 1.23437E1 1.03861E1 1.01142E1 9.42541E0 8.5735E0 7.95722E0 7.75784E0 7.68534E0 7.59471E0 7.50408E0 8.42849E0 9.95106E0 1.11474E1 1.1963E1 1.26881E1 1.29056E1 1.32318E1 1.1383E1 1.1238E1 1.03861E1 8.5735E0 7.55846E0 7.68534E0
6.85155E0 6.85155E0 6.85155E0 6.85155E0 6.85155E0 2.0464E1 2.0464E1 2.0464E1 2.0464E1 2.0464E1 2.0464E1 2.0464E1 2.0464E1 2.0464E1 2.0464E1 2.0464E1 2.0464E1 2.0464E1 2.0464E1 2.0464E1 2.0464E1 2.0464E1 2.0464E1 2.0464E1 2.0464E1 2.0464E1 2.0464E1 2.0464E1 2.0464E1 2.0464E1 2.0464E1 2.0464E1 2.0464E1 2.0464E1 2.52492E1 2.0464E1 2.38535E1 2.23672E1 2.08628E1 1.99928E1 1.91771E1 1.75458E1 1.59326E1 1.54976E1 1.46456E1 1.32318E1 1.25249E1 1.1383E1 1.01142E1 9.6248E0 8.5735E0 8.28349E0 7.81222E0 8.10223E0 8.5735E0 9.15353E0 1.00054E1 1.10749E1 1.25249E1 1.33043E1 1.35943E1 1.32318E1 1.26337E1 1.10567E1 1.0948E1 9.02664E0 7.68534E0 6.57966E0 7.01468E0
6.85155E0 6.85155E0 6.85155E0 6.85155E0 2.0464E1 2.0464E1 2.0464E1 2.0464E1 2.0464E1 2.0464E1 2.0464E1 2.0464E1 2.0464E1 2.0464E1 2.0464E1 2.0464E1 2.0464E1 2.0464E1 2.0464E1 2.0464E1 2.0464E1 2.0464E1 2.0464E1 2.0464E1 2.0464E1 2.0464E1 2.0464E1 2.0464E1 2.0464E1 2.99982E1 2.83669E1 2.66812E1 2.0464E1 2.0464E1 2.0464E1 2.40711E1 2.25485E1 2.11347E1 1.96846E1 1.87964E1 1.7872E1 1.6567E1 1.58057E1 1.53525E1 1.40294E1 1.26337E1 1.1238E1 1.07305E1 9.42541E0 9.02664E0 8.28349E0 7.75784E0 7.55846E0 7.12344E0 7.01468E0 7.68534E0 1.01142E1 1.24343E1 1.36668E1 1.48632E1 1.40112E1 1.36668E1 1.17093E1 1.04586E1 9.82418E0 8.10223E0 7.26844E0 6.76092E0 6.39841E0
