Leopardus pardalis/Leopardus_pardalis_projection 2041-2060_novel.asc
ncols         515
nrows         545
xllcorner     -119.0
yllcorner     -58.333333333333
cellsize      0.166666666667
NODATA_value  -9999
[rows 360 to 389 of 545, columns 276 to 344 of 515]
-9999 -9999 -9999 -9999 -9999 -9999 -9999 -9999 -9999 -9999 -9999 -9999 -9999 7.79409E-1 7.79409E-1 7.79409E-1 7.79409E-1 7.79409E-1 1.17818E0 1.26881E0 1.63132E0 1.86696E0 1.28693E0 3.08138E-1 1.08755E-1 9.96919E-1 1.74008E0 5.80025E-1 1.32318E0 3.86079E0 6.50716E0 5.92713E0 6.92405E0 6.28965E0 6.28965E0 7.54033E0 7.54033E0 8.60975E0 1.02411E1 2.882E0 1.25793E1 1.25793E1 1.57513E1 2.0464E1 6.85155E0 6.85155E0 1.93221E1 2.0464E1 2.0464E1 1.93221E1 6.85155E0 6.85155E0 6.85155E0 6.85155E0 6.85155E0 6.85155E0 6.85155E0 6.85155E0 6.85155E0 6.85155E0 6.85155E0 6.85155E0 6.85155E0 6.85155E0 6.85155E0 6.85155E0 6.85155E0 6.85155E0 6.85155E0
-9999 -9999 -9999 -9999 -9999 -9999 -9999 -9999 -9999 -9999 -9999 -9999 7.79409E-1 7.79409E-1 7.79409E-1 7.79409E-1 7.79409E-1 1.0513E0 1.23255E0 1.34131E0 1.6132E0 2.10259E0 5.98151E-1 1.26881E-1 3.62516E-2 1.81258E-2 2.1751E-1 1.10567E0 3.58891E0 6.05401E0 6.85155E0 5.51024E0 6.28965E0 6.28965E0 6.92405E0 6.85155E0 2.882E0 2.882E0 1.37756E0 1.37756E0 2.882E0 1.02411E1 1.48994E1 1.93221E1 6.85155E0 6.85155E0 6.85155E0 6.85155E0 1.93221E1 1.93221E1 6.85155E0 6.85155E0 6.85155E0 6.85155E0 6.85155E0 6.85155E0 6.85155E0 6.85155E0 6.85155E0 6.85155E0 6.85155E0 6.85155E0 6.85155E0 6.85155E0 6.85155E0 6.85155E0 6.85155E0 6.85155E0 6.85155E0
-9999 -9999 -9999 -9999 -9999 -9999 -9999 -9999 -9999 -9999 -9999 -9999 7.79409E-1 7.79409E-1 7.79409E-1 7.79409E-1 7.79409E-1 1.0513E0 1.23255E0 1.41381E0 1.81258E0 2.03009E0 2.3201E0 3.62516E-1 1.81258E-2 1.81258E-2 9.0629E-1 1.34131E0 2.93638E0 6.36215E0 6.92405E0 5.51024E0 6.28965E0 5.51024E0 6.92405E0 2.882E0 1.37756E0 1.37756E0 1.37756E0 1.37756E0 1.37756E0 9.6973E0 1.63857E1 1.63857E1 1.63857E1 6.85155E0 6.85155E0 6.85155E0 1.93221E1 1.93221E1 1.74189E1 6.85155E0 6.85155E0 6.85155E0 6.85155E0 6.85155E0 6.85155E0 6.85155E0 6.85155E0 6.85155E0 6.85155E0 6.85155E0 6.85155E0 6.85155E0 6.85155E0 6.85155E0 6.85155E0 6.85155E0 6.85155E0
-9999 -9999 -9999 -9999 -9999 -9999 -9999 -9999 -9999 -9999 -9999 7.79409E-1 7.79409E-1 7.79409E-1 7.79409E-1 7.79409E-1 7.79409E-1 1.26881E0 1.26881E0 1.6132E0 2.13884E0 2.3201E0 1.95759E0 5.25648E-1 5.43774E-2 3.62516E-2 2.882E0 2.61011E0 3.71579E0 5.25648E0 5.51024E0 6.28965E0 3.4439E0 6.92405E0 6.92405E0 2.882E0 1.37756E0 1.37756E0 1.37756E0 1.37756E0 2.882E0 8.60975E0 1.43375E1 1.63857E1 1.93221E1 6.85155E0 1.63857E1 6.85155E0 1.63857E1 1.83796E1 1.74189E1 6.85155E0 6.85155E0 6.85155E0 6.85155E0 6.85155E0 6.85155E0 6.85155E0 6.85155E0 6.85155E0 6.85155E0 6.85155E0 6.85155E0 6.85155E0 6.85155E0 6.85155E0 6.85155E0 6.85155E0 6.85155E0
-9999 -9999 -9999 -9999 -9999 -9999 -9999 -9999 -9999 -9999 -9999 7.79409E-1 7.79409E-1 7.79409E-1 7.79409E-1 7.79409E-1 8.15661E-1 1.46819E0 1.64945E0 1.64945E0 2.48323E0 1.21443E0 2.61011E0 1.16005E0 1.01504E0 1.17818E0 5.11147E0 5.49212E0 7.12344E0 6.10839E0 6.23527E0 6.92405E0 6.28965E0 6.85155E0 7.73971E0 2.882E0 1.37756E0 1.37756E0 1.37756E0 1.37756E0 2.882E0 8.24724E0 1.24887E1 1.63857E1 1.93221E1 1.93221E1 1.9304E1 1.63857E1 1.63857E1 1.74189E1 1.63857E1 6.85155E0 6.85155E0 6.85155E0 6.85155E0 6.85155E0 6.85155E0 6.85155E0 6.85155E0 2.0464E1 6.85155E0 6.85155E0 6.85155E0 6.85155E0 6.85155E0 6.85155E0 6.85155E0 6.85155E0 6.85155E0
-9999 -9999 -9999 -9999 -9999 -9999 -9999 -9999 -9999 -9999 -9999 7.79409E-1 7.79409E-1 7.79409E-1 7.79409E-1 7.79409E-1 8.15661E-1 2.13884E0 2.3201E0 1.81258E0 1.45006E-1 2.50136E0 2.8095E0 3.04513E0 1.32318E0 2.53761E0 6.56154E0 7.54033E0 7.54033E0 7.54033E0 7.17781E0 6.92405E0 6.28965E0 5.00272E0 5.43774E0 7.54033E0 6.85155E0 1.37756E0 1.37756E0 1.37756E0 6.85155E0 7.30469E0 1.25793E1 6.85155E0 1.50263E1 1.66032E1 1.66032E1 1.63857E1 1.63857E1 1.63857E1 6.85155E0 6.85155E0 6.85155E0 6.85155E0 6.85155E0 6.85155E0 6.85155E0 6.85155E0 2.0464E1 2.0464E1 2.0464E1 2.0464E1 6.85155E0 6.85155E0 6.85155E0 6.85155E0 6.85155E0 6.85155E0 2.0464E1
-9999 -9999 -9999 -9999 -9999 -9999 -9999 -9999 -9999 -9999 -9999 7.79409E-1 7.79409E-1 7.79409E-1 7.79409E-1 8.15661E-1 8.15661E-1 2.50136E0 2.90013E0 3.98767E-1 8.15661E-1 2.1751E0 2.71887E0 3.4439E0 1.95759E0 6.38028E0 8.12036E0 7.54033E0 6.92405E0 8.12036E0 6.27152E0 7.54033E0 6.92405E0 5.43774E0 6.28965E0 6.92405E0 9.24415E0 2.882E0 1.37756E0 2.882E0 8.60975E0 1.02411E1 1.29781E1 6.85155E0 1.43375E1 1.50263E1 1.56788E1 6.85155E0 6.85155E0 6.85155E0 6.85155E0 6.85155E0 6.85155E0 6.85155E0 6.85155E0 6.85155E0 6.85155E0 6.85155E0 2.0464E1 2.0464E1 2.0464E1 2.0464E1 2.0464E1 2.0464E1 6.85155E0 2.0464E1 2.0464E1 2.0464E1 2.0464E1
-9999 -9999 -9999 -9999 -9999 -9999 -9999 -9999 -9999 -9999 7.79409E-1 7.79409E-1 7.79409E-1 7.79409E-1 7.79409E-1 8.15661E-1 8.15661E-1 2.3201E0 2.3201E0 9.0629E-1 1.43194E0 1.28693E0 3.06326E0 3.66141E0 3.75204E0 6.9603E0 8.12036E0 8.10223E0 7.54033E0 8.12036E0 6.05401E0 8.0841E0 6.92405E0 6.92405E0 6.92405E0 6.63404E0 8.60975E0 6.85155E0 2.882E0 1.02411E1 1.10024E1 6.85155E0 2.882E0 6.85155E0 1.43375E1 1.50263E1 6.85155E0 6.85155E0 6.85155E0 6.85155E0 6.85155E0 6.85155E0 6.85155E0 6.85155E0 6.85155E0 6.85155E0 6.85155E0 2.0464E1 2.0464E1 2.0464E1 2.0464E1 2.0464E1 2.0464E1 2.0464E1 2.0464E1 2.0464E1 2.0464E1 2.0464E1 2.0464E1
-9999 -9999 -9999 -9999 -9999 -9999 -9999 -9999 -9999 7.79409E-1 7.79409E-1 7.79409E-1 7.79409E-1 7.79409E-1 8.15661E-1 8.15661E-1 8.15661E-1 2.04821E0 2.68262E0 1.39569E0 2.1751E0 2.8095E0 3.11764E0 3.95142E0 5.11147E0 6.19902E0 6.45278E0 8.60975E0 7.54033E0 7.54033E0 5.2021E0 3.96955E0 7.54033E0 6.85155E0 7.99347E0 6.9603E0 8.60975E0 9.24415E0 6.85155E0 6.85155E0 2.882E0 2.882E0 2.882E0 6.85155E0 1.35762E1 1.43375E1 6.85155E0 6.85155E0 6.85155E0 6.85155E0 6.85155E0 6.85155E0 6.85155E0 6.85155E0 6.85155E0 2.0464E1 2.0464E1 2.0464E1 2.0464E1 2.0464E1 2.0464E1 2.0464E1 2.0464E1 2.0464E1 2.0464E1 2.0464E1 2.0464E1 2.0464E1 2.0464E1
-9999 -9999 -9999 -9999 -9999 -9999 -9999 -9999 -9999 7.79409E-1 7.79409E-1 7.79409E-1 7.79409E-1 7.79409E-1 8.15661E-1 8.15661E-1 8.15661E-1 2.35635E0 2.3926E0 1.23255E0 1.7582E0 2.8095E0 3.11764E0 4.16893E0 3.57078E0 8.0841E0 7.17781E0 9.24415E0 8.12036E0 8.12036E0 4.93022E0 4.16893E0 7.54033E0 6.85155E0 8.12036E0 8.12036E0 8.60975E0 9.6973E0 2.882E0 2.882E0 2.882E0 2.882E0 2.882E0 2.882E0 1.29781E1 1.35762E1 6.85155E0 6.85155E0 6.85155E0 6.85155E0 6.85155E0 6.85155E0 6.85155E0 2.0464E1 2.0464E1 2.0464E1 2.0464E1 2.0464E1 2.0464E1 2.0464E1 2.0464E1 2.0464E1 2.0464E1 2.0464E1 2.0464E1 2.0464E1 2.0464E1 2.0464E1 2.0464E1
-9999 -9999 -9999 -9999 -9999 -9999 -9999 -9999 -9999 -9999 7.79409E-1 7.79409E-1 7.79409E-1 7.79409E-1 8.15661E-1 8.15661E-1 8.15661E-1 2.3926E0 1.90321E0 1.90321E0 2.50136E0 2.90013E0 3.19014E0 4.16893E0 5.65525E0 8.10223E0 9.24415E0 8.60975E0 8.12036E0 7.54033E0 8.60975E0 8.60975E0 7.54033E0 5.43774E0 8.12036E0 7.54033E0 8.60975E0 6.85155E0 2.882E0 2.882E0 2.882E0 1.37756E0 1.37756E0 2.882E0 1.25793E1 6.85155E0 6.85155E0 6.85155E0 6.85155E0 6.85155E0 6.85155E0 6.85155E0 6.85155E0 2.0464E1 2.3491E1 2.3491E1 2.3491E1 2.0464E1 2.0464E1 2.0464E1 2.0464E1 2.0464E1 2.0464E1 2.0464E1 2.0464E1 2.0464E1 2.0464E1 2.0464E1 2.0464E1
-9999 -9999 -9999 -9999 -9999 -9999 -9999 -9999 -9999 -9999 7.79409E-1 7.79409E-1 7.79409E-1 7.79409E-1 8.15661E-1 8.15661E-1 8.15661E-1 1.39569E0 1.88508E0 1.17818E0 2.59199E0 2.90013E0 3.11764E0 4.16893E0 6.27152E0 7.4497E0 7.4497E0 8.12036E0 9.24415E0 8.60975E0 8.12036E0 8.12036E0 7.54033E0 5.43774E0 6.85155E0 8.12036E0 9.6973E0 2.882E0 2.882E0 2.882E0 2.882E0 2.882E0 1.37756E0 2.882E0 6.85155E0 6.85155E0 6.85155E0 6.85155E0 6.85155E0 6.85155E0 6.85155E0 6.85155E0 2.0464E1 2.0464E1 2.3491E1 2.3491E1 2.3491E1 2.3491E1 2.0464E1 2.0464E1 2.0464E1 2.0464E1 2.0464E1 2.0464E1 2.0464E1 2.0464E1 2.0464E1 2.0464E1 2.0464E1
-9999 -9999 -9999 -9999 -9999 -9999 -9999 -9999 -9999 -9999 7.79409E-1 7.79409E-1 7.79409E-1 7.79409E-1 8.15661E-1 8.15661E-1 8.15661E-1 3.3714E0 1.14192E0 1.23255E0 3.11764E0 1.99384E-1 3.11764E0 4.71271E0 6.41653E0 9.75168E0 8.48287E0 8.60975E0 9.24415E0 1.02773E1 9.24415E0 8.12036E0 8.12036E0 5.43774E0 2.882E0 8.12036E0 6.85155E0 2.882E0 2.882E0 2.882E0 2.882E0 2.882E0 6.85155E0 2.882E0 2.882E0 2.882E0 2.882E0 6.85155E0 6.85155E0 6.85155E0 6.85155E0 6.85155E0 2.01921E1 2.3491E1 2.3491E1 2.3491E1 2.3491E1 2.3491E1 2.0464E1 2.0464E1 2.0464E1 2.0464E1 2.0464E1 2.0464E1 2.0464E1 2.0464E1 2.88381E1 2.88381E1 2.0464E1
-9999 -9999 -9999 -9999 -9999 -9999 -9999 -9999 -9999 -9999 7.79409E-1 7.79409E-1 7.79409E-1 8.15661E-1 8.15661E-1 8.15661E-1 8.15661E-1 2.3201E0 1.26881E0 2.3201E0 1.70382E0 1.55882E0 3.66141E0 4.38644E0 6.34403E0 8.84539E0 9.6973E0 1.10024E1 8.12036E0 7.73971E0 7.73971E0 8.12036E0 8.12036E0 8.60975E0 6.85155E0 8.12036E0 6.85155E0 2.882E0 2.882E0 2.882E0 2.882E0 2.882E0 6.85155E0 2.882E0 2.882E0 2.882E0 6.85155E0 6.85155E0 6.85155E0 6.85155E0 1.74189E1 1.83796E1 2.01921E1 2.3491E1 2.3491E1 2.3491E1 2.3491E1 2.3491E1 2.0464E1 2.0464E1 2.0464E1 2.88381E1 2.88381E1 2.88381E1 2.88381E1 2.88381E1 2.3491E1 2.88381E1 2.88381E1
-9999 -9999 -9999 -9999 -9999 -9999 -9999 -9999 -9999 -9999 -9999 7.79409E-1 7.79409E-1 7.79409E-1 1.41381E0 1.95759E0 2.10259E0 2.68262E0 8.15661E-1 2.15697E0 8.15661E-1 3.11764E0 2.8095E0 3.78829E0 6.94218E0 9.75168E0 9.24415E0 9.6973E0 6.85155E0 8.60975E0 1.02773E1 7.73971E0 8.12036E0 8.12036E0 9.6973E0 6.85155E0 2.882E0 2.882E0 2.882E0 2.882E0 2.882E0 2.882E0 6.85155E0 2.882E0 2.882E0 2.882E0 6.85155E0 6.85155E0 6.85155E0 6.85155E0 1.66032E1 1.74189E1 2.20591E1 2.3491E1 2.3491E1 2.3491E1 2.3491E1 2.3491E1 2.3491E1 2.3491E1 2.88381E1 2.88381E1 2.88381E1 2.88381E1 2.88381E1 2.3491E1 2.88381E1 2.88381E1 2.88381E1
-9999 -9999 -9999 -9999 -9999 -9999 -9999 -9999 -9999 -9999 7.79409E-1 7.79409E-1 7.79409E-1 7.79409E-1 1.41381E0 1.86696E0 2.51949E0 2.90013E0 8.15661E-1 8.15661E-1 2.3201E0 2.71887E0 2.68262E0 3.33515E0 7.61283E0 8.60975E0 8.12036E0 8.12036E0 6.85155E0 9.24415E0 9.24415E0 7.73971E0 8.12036E0 7.73971E0 8.12036E0 6.85155E0 2.882E0 2.882E0 2.882E0 2.882E0 2.882E0 2.882E0 2.882E0 2.882E0 2.882E0 6.85155E0 6.85155E0 6.85155E0 6.85155E0 6.85155E0 1.66032E1 1.74189E1 2.20591E1 2.71343E1 2.88381E1 2.3491E1 2.3491E1 2.3491E1 2.3491E1 2.3491E1 2.3491E1 2.88381E1 2.88381E1 2.88381E1 2.88381E1 2.88381E1 2.88381E1 2.88381E1 2.88381E1
-9999 -9999 -9999 -9999 -9999 -9999 -9999 -9999 -9999 7.79409E-1 7.79409E-1 7.79409E-1 7.79409E-1 1.0513E0 1.79445E0 2.04821E0 2.90013E0 3.3714E0 5.25648E-1 3.08138E-1 3.06326E0 2.68262E0 2.90013E0 3.49828E0 6.1809E0 9.24415E0 8.60975E0 8.12036E0 6.85155E0 6.85155E0 8.12036E0 8.12036E0 7.73971E0 7.73971E0 8.60975E0 6.85155E0 2.882E0 2.882E0 6.85155E0 6.85155E0 6.85155E0 6.85155E0 2.882E0 2.882E0 6.85155E0 6.85155E0 6.85155E0 6.85155E0 1.66032E1 1.56788E1 1.56788E1 1.74189E1 2.28385E1 2.71343E1 2.88381E1 2.3491E1 2.3491E1 2.3491E1 2.3491E1 2.3491E1 2.3491E1 2.88381E1 3.26627E1 3.22458E1 3.26627E1 2.88381E1 2.88381E1 2.88381E1 2.88381E1
-9999 -9999 -9999 -9999 -9999 -9999 -9999 -9999 7.79409E-1 7.79409E-1 7.79409E-1 7.79409E-1 7.79409E-1 1.0513E0 1.86696E0 2.35635E0 1.39569E0 1.39569E0 8.15661E-1 3.62516E-2 3.11764E0 2.68262E0 3.11764E0 4.38644E0 8.73663E0 9.24415E0 8.60975E0 7.73971E0 2.882E0 2.882E0 6.85155E0 8.60975E0 7.73971E0 7.73971E0 6.85155E0 6.85155E0 2.882E0 2.882E0 6.85155E0 1.43375E1 6.85155E0 6.85155E0 6.85155E0 6.85155E0 6.85155E0 6.85155E0 6.85155E0 1.74189E1 1.74189E1 1.74189E1 1.74189E1 2.01921E1 2.48686E1 2.71343E1 2.3491E1 2.3491E1 2.3491E1 2.3491E1 2.88381E1 2.88381E1 3.22458E1 3.22458E1 3.22458E1 3.22458E1 3.26627E1 2.88381E1 2.88381E1 2.88381E1 2.88381E1
-9999 -9999 -9999 -9999 -9999 -9999 -9999 -9999 7.79409E-1 7.79409E-1 7.79409E-1 7.79409E-1 7.79409E-1 1.52257E0 1.99384E0 2.3201E0 2.3201E0 2.3201E0 3.55266E0 3.4439E-1 3.55266E0 2.8095E0 3.33515E0 5.00272E0 9.29853E0 9.6973E0 7.73971E0 6.85155E0 2.882E0 2.882E0 2.882E0 8.60975E0 8.12036E0 6.85155E0 6.85155E0 6.85155E0 6.85155E0 6.85155E0 1.18543E1 1.43375E1 1.9304E1 6.85155E0 6.85155E0 6.85155E0 6.85155E0 6.85155E0 1.93221E1 1.93221E1 1.9304E1 2.01921E1 2.20591E1 2.48686E1 2.71343E1 2.83487E1 2.3491E1 2.3491E1 2.3491E1 2.3491E1 2.88381E1 3.26627E1 3.22458E1 3.22458E1 3.22458E1 3.22458E1 3.42759E1 2.88381E1 2.88381E1 2.88381E1 2.3491E1
-9999 -9999 -9999 -9999 -9999 -9999 -9999 -9999 7.79409E-1 7.79409E-1 7.79409E-1 7.79409E-1 7.79409E-1 1.25068E0 1.70382E0 2.22947E0 2.3201E0 3.13576E0 3.55266E0 3.95142E0 2.59199E0 2.68262E0 3.33515E0 5.22023E0 9.51604E0 9.6973E0 5.43774E0 6.85155E0 2.882E0 1.37756E0 1.37756E0 8.60975E0 9.24415E0 8.60975E0 6.85155E0 2.882E0 6.85155E0 6.85155E0 1.35762E1 1.50263E1 1.93221E1 6.85155E0 6.85155E0 6.85155E0 6.85155E0 2.0464E1 2.3491E1 2.3491E1 2.28385E1 2.20591E1 2.39623E1 2.31104E1 2.71343E1 2.88381E1 2.88381E1 2.3491E1 2.3491E1 2.3491E1 2.3491E1 2.88381E1 3.3859E1 3.22458E1 3.22458E1 3.22458E1 3.3424E1 2.88381E1 2.88381E1 2.88381E1 2.88381E1
-9999 -9999 -9999 -9999 -9999 -9999 -9999 -9999 7.79409E-1 7.79409E-1 7.79409E-1 7.79409E-1 1.0513E0 1.41381E0 1.79445E0 2.10259E0 2.68262E0 3.00888E0 3.19014E0 3.96955E0 2.26572E0 2.71887E0 3.49828E0 5.92713E0 1.02048E1 1.10024E1 7.73971E0 5.43774E0 2.882E0 1.37756E0 1.37756E0 1.37756E0 8.60975E0 9.6973E0 6.85155E0 2.882E0 6.85155E0 1.25793E1 1.43375E1 1.63857E1 1.63857E1 6.85155E0 6.85155E0 6.85155E0 6.85155E0 2.0464E1 2.3491E1 2.3491E1 2.88381E1 2.83487E1 2.83487E1 2.02103E1 2.83487E1 2.88381E1 2.88381E1 2.3491E1 2.3491E1 2.3491E1 2.3491E1 2.3491E1 2.88381E1 2.88381E1 2.88381E1 2.88381E1 2.88381E1 2.3491E1 2.3491E1 2.88381E1 2.88381E1
-9999 -9999 -9999 -9999 -9999 -9999 -9999 -9999 7.79409E-1 7.79409E-1 7.79409E-1 7.79409E-1 1.0513E0 1.57694E0 1.86696E0 2.10259E0 2.3201E0 3.00888E0 1.63132E0 4.6402E0 2.3926E0 2.90013E0 3.66141E0 6.1809E0 8.95414E0 1.02773E1 7.73971E0 2.882E0 2.882E0 5.43774E0 9.24415E0 2.882E0 7.73971E0 9.6973E0 6.85155E0 2.882E0 2.882E0 1.325E1 1.56788E1 1.93221E1 6.85155E0 6.85155E0 6.85155E0 6.85155E0 6.85155E0 2.3491E1 2.3491E1 2.3491E1 2.55755E1 2.3346E1 2.70074E1 2.55574E1 3.05057E1 2.88381E1 2.88381E1 2.88381E1 2.3491E1 2.3491E1 2.3491E1 2.3491E1 2.3491E1 2.3491E1 2.3491E1 2.3491E1 2.3491E1 2.3491E1 2.3491E1 2.88381E1 2.3491E1
-9999 -9999 -9999 -9999 -9999 -9999 -9999 -9999 7.79409E-1 7.79409E-1 7.79409E-1 7.79409E-1 1.41381E0 1.86696E0 1.99384E0 2.10259E0 1.39569E0 8.15661E-1 8.15661E-1 4.6402E0 2.42886E0 3.19014E0 4.16893E0 6.43466E0 9.51604E0 1.02773E1 7.73971E0 2.882E0 1.37756E0 7.73971E0 8.44662E0 7.73971E0 2.882E0 9.24415E0 2.882E0 1.37756E0 2.882E0 6.85155E0 1.63857E1 1.63857E1 6.85155E0 6.85155E0 6.85155E0 6.85155E0 6.85155E0 2.3491E1 2.3491E1 2.3491E1 1.91227E1 1.62407E1 2.88381E1 3.35146E1 2.94544E1 2.88381E1 2.88381E1 2.88381E1 2.3491E1 2.3491E1 2.3491E1 2.3491E1 2.3491E1 2.3491E1 2.3491E1 2.3491E1 2.3491E1 2.3491E1 2.3491E1 2.3491E1 2.88381E1
-9999 -9999 -9999 -9999 -9999 -9999 -9999 -9999 -9999 7.79409E-1 7.79409E-1 1.0513E0 1.52257E0 1.86696E0 2.04821E0 2.10259E0 2.3201E0 5.25648E-1 8.15661E-1 3.78829E0 2.50136E0 3.49828E0 3.49828E0 7.4497E0 1.05492E1 7.73971E0 5.43774E0 2.882E0 2.882E0 9.6973E0 1.10024E1 2.882E0 1.37756E0 2.882E0 1.37756E0 1.37756E0 1.37756E0 2.882E0 2.882E0 6.85155E0 6.85155E0 2.882E0 2.882E0 6.85155E0 6.85155E0 2.3491E1 2.3491E1 2.3491E1 1.60232E1 1.62226E1 2.88381E1 2.88381E1 2.88381E1 2.88381E1 2.88381E1 2.88381E1 2.3491E1 2.3491E1 2.3491E1 2.3491E1 2.3491E1 2.3491E1 2.3491E1 2.3491E1 2.3491E1 2.3491E1 2.3491E1 2.3491E1 2.88381E1
-9999 -9999 -9999 -9999 -9999 -9999 -9999 -9999 -9999 7.79409E-1 7.79409E-1 7.79409E-1 1.41381E0 1.86696E0 2.04821E0 2.22947E0 2.3201E0 2.68262E0 5.25648E-1 4.35019E0 2.59199E0 3.49828E0 3.33515E0 6.1809E0 1.14736E1 1.02773E1 2.882E0 2.882E0 2.882E0 9.6973E0 8.60975E0 1.37756E0 1.37756E0 1.37756E0 1.37756E0 1.37756E0 1.37756E0 1.37756E0 2.882E0 2.882E0 6.85155E0 2.882E0 2.882E0 2.882E0 6.85155E0 1.93221E1 2.3491E1 2.3491E1 1.5135E1 1.45369E1 2.88381E1 2.88381E1 2.88381E1 2.88381E1 2.88381E1 2.3491E1 2.3491E1 2.3491E1 2.3491E1 2.3491E1 2.3491E1 2.3491E1 2.3491E1 2.3491E1 2.3491E1 2.3491E1 2.3491E1 2.3491E1 2.3491E1
-9999 -9999 -9999 -9999 -9999 -9999 -9999 -9999 -9999 7.79409E-1 7.79409E-1 7.79409E-1 1.41381E0 1.79445E0 1.95759E0 1.39569E0 1.63132E0 2.51949E0 5.43774E-1 4.16893E0 2.71887E0 3.33515E0 3.19014E0 3.55266E0 1.05673E1 1.325E1 5.43774E0 1.37756E0 1.37756E0 2.882E0 2.882E0 1.37756E0 1.37756E0 1.37756E0 1.37756E0 1.37756E0 1.37756E0 1.37756E0 1.37756E0 2.882E0 6.85155E0 2.882E0 2.882E0 2.882E0 6.85155E0 6.85155E0 2.3491E1 2.3491E1 1.85608E1 1.499E1 2.88381E1 2.3491E1 2.3491E1 2.3491E1 2.3491E1 2.3491E1 2.3491E1 2.3491E1 2.3491E1 2.3491E1 1.93221E1 1.93221E1 1.93221E1 1.93221E1 2.3491E1 2.3491E1 2.3491E1 2.3491E1 2.3491E1
-9999 -9999 -9999 -9999 -9999 -9999 -9999 -9999 -9999 7.79409E-1 7.79409E-1 1.25068E0 1.52257E0 1.70382E0 1.95759E0 2.10259E0 5.43774E-1 2.90013E-1 3.13576E0 3.95142E0 2.8095E0 3.49828E0 3.11764E0 3.55266E0 1.1528E1 1.02773E1 2.882E0 2.882E0 1.37756E0 8.15661E-1 1.37756E0 1.37756E0 1.37756E0 1.37756E0 2.882E0 1.37756E0 1.37756E0 1.37756E0 1.37756E0 2.882E0 2.882E0 2.882E0 2.882E0 6.85155E0 6.85155E0 1.63857E1 1.93221E1 2.3491E1 1.52619E1 2.17691E1 2.3491E1 2.88381E1 2.3491E1 2.3491E1 2.3491E1 2.3491E1 2.3491E1 2.3491E1 2.3491E1 1.93221E1 1.93221E1 1.93221E1 1.93221E1 1.93221E1 1.93221E1 2.3491E1 2.3491E1 2.3491E1 2.3491E1
-9999 -9999 -9999 -9999 -9999 -9999 -9999 -9999 -9999 7.79409E-1 1.0513E0 1.52257E0 1.70382E0 1.79445E0 1.99384E0 2.04821E0 1.63132E0 9.0629E-2 9.96919E-1 3.69766E0 2.3201E0 2.8095E0 3.66141E0 5.52837E0 1.27606E1 7.73971E0 2.882E0 1.37756E0 1.37756E0 1.37756E0 1.37756E0 1.37756E0 1.37756E0 1.37756E0 1.37756E0 2.882E0 1.37756E0 1.37756E0 1.37756E0 2.882E0 2.882E0 2.882E0 2.882E0 6.85155E0 6.85155E0 1.93221E1 1.93221E1 1.93221E1 1.48269E1 2.3491E1 2.3491E1 2.3491E1 2.3491E1 2.3491E1 2.3491E1 2.3491E1 2.3491E1 1.93221E1 1.93221E1 1.93221E1 1.93221E1 1.93221E1 1.93221E1 1.93221E1 1.93221E1 2.3491E1 2.3491E1 2.3491E1 2.88381E1
-9999 -9999 -9999 -9999 -9999 -9999 -9999 -9999 -9999 1.25068E0 1.25068E0 1.41381E0 1.57694E0 1.86696E0 1.99384E0 1.99384E0 9.96919E-1 2.10259E0 1.63132E0 2.3201E0 5.43774E-1 3.11764E0 3.95142E0 5.00272E0 1.29056E1 2.882E0 1.37756E0 1.37756E0 1.37756E0 1.37756E0 1.37756E0 1.37756E0 1.37756E0 1.37756E0 1.37756E0 2.882E0 2.882E0 1.37756E0 1.37756E0 2.882E0 2.882E0 6.85155E0 6.85155E0 1.93221E1 1.93221E1 1.93221E1 1.93221E1 1.93221E1 1.55157E1 2.3491E1 2.3491E1 2.3491E1 1.93221E1 1.93221E1 1.93221E1 1.93221E1 1.93221E1 1.93221E1 1.93221E1 1.93221E1 1.93221E1 1.93221E1 1.93221E1 1.93221E1 1.93221E1 2.3491E1 2.3491E1 2.88381E1 2.88381E1
-9999 -9999 -9999 -9999 -9999 -9999 -9999 -9999 -9999 -9999 1.41381E0 1.41381E0 1.57694E0 1.86696E0 2.10259E0 2.04821E0 9.96919E-1 9.96919E-1 1.63132E0 2.90013E-1 9.96919E-1 3.66141E0 3.66141E0 4.83959E0 1.27606E1 2.882E0 2.882E0 1.37756E0 1.37756E0 1.37756E0 1.37756E0 1.37756E0 1.37756E0 1.37756E0 1.37756E0 2.882E0 2.882E0 1.37756E0 1.37756E0 2.882E0 6.85155E0 6.85155E0 2.3491E1 2.3491E1 1.93221E1 1.93221E1 1.63857E1 1.93221E1 1.70745E1 2.3491E1 2.3491E1 2.3491E1 2.3491E1 1.93221E1 2.3491E1 2.3491E1 2.3491E1 1.93221E1 1.93221E1 1.93221E1 1.93221E1 1.63857E1 1.93221E1 1.93221E1 1.93221E1 1.93221E1 2.3491E1 2.3491E1 2.88381E1
