Leopardus pardalis/Leopardus_pardalis.asc
ncols         515
nrows         545
xllcorner     -119.0
yllcorner     -58.333333333333
cellsize      0.166666666667
NODATA_value  -9999
[rows 174 to 202 of 545, columns 330 to 395 of 515]
4.74694E-1 5.13961E-1 4.95752E-1 5.0268E-1 5.10824E-1 4.9368E-1 5.04699E-1 5.14161E-1 5.53373E-1 5.15075E-1 5.33121E-1 5.25248E-1 5.30019E-1 5.44665E-1 5.64981E-1 6.16219E-1 5.77091E-1 5.57752E-1 6.19815E-1 6.10973E-1 6.89972E-1 6.80773E-1 7.25879E-1 6.83873E-1 7.36676E-1 7.62142E-1 6.50967E-1 7.73521E-1 7.67943E-1 7.73957E-1 7.55595E-1 7.31742E-1 6.46955E-1 6.32339E-1 5.14875E-1 4.88755E-1 4.38899E-1 4.03089E-1 3.91565E-1 3.82319E-1 3.74644E-1 3.41279E-1 3.39295E-1 3.26811E-1 3.24734E-1 3.41526E-1 3.29081E-1 3.37578E-1 3.46977E-1 3.37087E-1 3.27134E-1 3.56651E-1 3.54156E-1 3.58331E-1 3.55832E-1 3.59549E-1 3.25634E-1 3.28228E-1 3.41637E-1 3.52099E-1 3.5526E-1 3.54326E-1 3.59578E-1 3.66995E-1 3.85557E-1 3.97496E-1
4.5908E-1 4.98226E-1 5.13063E-1 5.46652E-1 5.2295E-1 5.03548E-1 4.95672E-1 5.07515E-1 5.19269E-1 5.27859E-1 5.46977E-1 5.36449E-1 5.50355E-1 5.76814E-1 5.82955E-1 6.32851E-1 6.01761E-1 6.25326E-1 6.19506E-1 6.91426E-1 6.83267E-1 7.16524E-1 6.86985E-1 6.82821E-1 7.28187E-1 6.3426E-1 5.63285E-1 7.0184E-1 6.8568E-1 6.52404E-1 7.52576E-1 7.23121E-1 6.51136E-1 6.10027E-1 5.90641E-1 4.79048E-1 4.5142E-1 4.02635E-1 4.00066E-1 3.80751E-1 3.65364E-1 3.31994E-1 3.68733E-1 3.66616E-1 3.25406E-1 3.94418E-1 3.90819E-1 3.94436E-1 3.91289E-1 3.77293E-1 3.60594E-1 3.56609E-1 3.46764E-1 3.4595E-1 3.59002E-1 3.58845E-1 3.241E-1 3.27579E-1 3.26745E-1 3.32351E-1 3.41254E-1 3.45587E-1 3.46662E-1 3.60189E-1 3.78043E-1 3.8807E-1
4.01678E-1 4.43187E-1 4.95052E-1 5.55365E-1 5.31634E-1 4.86722E-1 5.35144E-1 5.46474E-1 5.48375E-1 5.39502E-1 5.6507E-1 5.78414E-1 5.68804E-1 6.04007E-1 6.00529E-1 6.23341E-1 6.04493E-1 5.79709E-1 6.52356E-1 6.7441E-1 7.08101E-1 7.27679E-1 6.73319E-1 7.11183E-1 7.19822E-1 5.92495E-1 5.75726E-1 6.60892E-1 6.02641E-1 6.50182E-1 6.76953E-1 6.49421E-1 6.4095E-1 5.99187E-1 5.77311E-1 5.37278E-1 4.57378E-1 4.19235E-1 4.1045E-1 3.81266E-1 3.65916E-1 3.60306E-1 3.62448E-1 3.71499E-1 3.64532E-1 3.58626E-1 3.71999E-1 3.74115E-1 3.7105E-1 3.78238E-1 3.67192E-1 3.51099E-1 3.57542E-1 3.62684E-1 3.86406E-1 3.64742E-1 3.19931E-1 3.22099E-1 3.21375E-1 3.25666E-1 3.39116E-1 3.39612E-1 3.40368E-1 3.56877E-1 3.61458E-1 3.84165E-1
3.91025E-1 4.51712E-1 4.82467E-1 5.46657E-1 5.32893E-1 5.29683E-1 5.47191E-1 5.64187E-1 5.61221E-1 5.73639E-1 5.88382E-1 6.16169E-1 6.07738E-1 6.15646E-1 6.47832E-1 6.43787E-1 6.37569E-1 7.0743E-1 6.94758E-1 6.84238E-1 7.13665E-1 6.78746E-1 5.95197E-1 6.37974E-1 7.20796E-1 6.41291E-1 6.48729E-1 6.2739E-1 5.39187E-1 6.05847E-1 6.6035E-1 6.50778E-1 6.29582E-1 5.74913E-1 5.46859E-1 5.26742E-1 4.9875E-1 4.28716E-1 4.01452E-1 3.75617E-1 3.65878E-1 3.57052E-1 3.57868E-1 3.67801E-1 3.6459E-1 3.54405E-1 3.79565E-1 4.67027E-1 4.60487E-1 4.39416E-1 3.66604E-1 3.57618E-1 3.5629E-1 3.76575E-1 3.6965E-1 3.61764E-1 3.55439E-1 3.19707E-1 3.22041E-1 3.25452E-1 3.32618E-1 3.32539E-1 3.38484E-1 3.52998E-1 3.61638E-1 3.64615E-1
3.93493E-1 3.93472E-1 4.05615E-1 4.90121E-1 5.17503E-1 5.15341E-1 5.26457E-1 5.21187E-1 5.39517E-1 5.65558E-1 5.71495E-1 5.83389E-1 5.99363E-1 6.09196E-1 6.49612E-1 6.38217E-1 6.35633E-1 7.10205E-1 6.94311E-1 7.22041E-1 7.19879E-1 6.06209E-1 6.07847E-1 6.1557E-1 5.87359E-1 6.64439E-1 6.72351E-1 6.38734E-1 5.86795E-1 5.98772E-1 6.48007E-1 6.34729E-1 6.10584E-1 5.71752E-1 5.46419E-1 5.22537E-1 4.97537E-1 4.15322E-1 3.91354E-1 3.76384E-1 3.63786E-1 3.58544E-1 3.56544E-1 3.54559E-1 3.50716E-1 3.52433E-1 3.52853E-1 4.48081E-1 4.56383E-1 4.40757E-1 4.29297E-1 3.57707E-1 3.42902E-1 3.71381E-1 3.56768E-1 3.55293E-1 3.54196E-1 3.23715E-1 3.25554E-1 3.27137E-1 3.24789E-1 3.37006E-1 3.3338E-1 3.4096E-1 3.49085E-1 3.53127E-1
3.72193E-1 3.87384E-1 4.51536E-1 4.57036E-1 4.94685E-1 5.44906E-1 5.36961E-1 5.22377E-1 5.62166E-1 5.9369E-1 5.94699E-1 6.01296E-1 6.01614E-1 6.31313E-1 6.40669E-1 6.40919E-1 6.31737E-1 6.19833E-1 6.91916E-1 6.05656E-1 6.08781E-1 6.27987E-1 6.30601E-1 7.08082E-1 7.06526E-1 6.94657E-1 6.77362E-1 6.0789E-1 5.41144E-1 6.49494E-1 6.32655E-1 6.16466E-1 5.67778E-1 5.56208E-1 5.40532E-1 5.139E-1 4.74955E-1 4.49345E-1 3.86429E-1 3.75641E-1 3.65676E-1 3.59227E-1 3.51648E-1 3.48796E-1 3.48511E-1 3.37439E-1 3.45308E-1 4.31604E-1 4.62698E-1 4.63345E-1 4.30497E-1 3.57863E-1 3.55995E-1 3.52686E-1 3.72478E-1 3.75161E-1 3.51265E-1 3.53796E-1 3.19993E-1 3.22564E-1 3.2306E-1 3.26422E-1 3.33063E-1 3.382E-1 3.40583E-1 3.54116E-1
3.65449E-1 4.19633E-1 4.39385E-1 4.28301E-1 4.74253E-1 5.42909E-1 5.48602E-1 5.52754E-1 5.30774E-1 5.59455E-1 5.68021E-1 5.78392E-1 5.80709E-1 5.96653E-1 6.40735E-1 5.90612E-1 6.28334E-1 6.12661E-1 5.9295E-1 6.18066E-1 6.30619E-1 6.73062E-1 6.75212E-1 6.27214E-1 7.2371E-1 7.00955E-1 6.33669E-1 6.12768E-1 5.92318E-1 6.19404E-1 6.25487E-1 5.67421E-1 5.53437E-1 5.44393E-1 5.32556E-1 5.07758E-1 4.67414E-1 4.5034E-1 3.93849E-1 3.74809E-1 3.70177E-1 3.62417E-1 3.53613E-1 3.52554E-1 3.46048E-1 3.4806E-1 3.51549E-1 4.43941E-1 4.31237E-1 4.29855E-1 4.52456E-1 3.79253E-1 3.66198E-1 3.59859E-1 3.41103E-1 3.66368E-1 3.54416E-1 3.51008E-1 3.53099E-1 3.16665E-1 3.153E-1 3.30587E-1 3.27938E-1 3.28834E-1 3.38105E-1 3.4867E-1
4.45726E-1 4.47058E-1 4.7263E-1 4.13101E-1 4.83872E-1 5.26036E-1 5.42529E-1 5.36109E-1 5.44895E-1 5.66566E-1 5.54097E-1 5.63506E-1 6.08336E-1 6.18724E-1 6.25091E-1 6.19644E-1 6.17984E-1 5.91341E-1 5.94706E-1 6.11798E-1 6.29751E-1 6.59819E-1 6.35704E-1 6.4211E-1 6.55647E-1 6.15938E-1 5.84426E-1 5.98904E-1 6.12881E-1 6.02941E-1 5.89052E-1 5.63702E-1 5.50977E-1 5.36599E-1 5.28505E-1 5.05776E-1 4.79735E-1 4.54567E-1 3.90382E-1 3.77805E-1 3.74204E-1 3.68251E-1 3.58653E-1 3.51634E-1 3.46857E-1 3.45587E-1 3.47218E-1 3.51887E-1 3.20607E-1 3.17745E-1 4.36446E-1 3.75789E-1 3.70762E-1 3.64425E-1 3.61909E-1 3.6767E-1 3.6799E-1 3.67806E-1 3.53623E-1 3.56588E-1 3.65862E-1 3.30542E-1 3.30797E-1 3.33606E-1 3.38703E-1 3.3495E-1
4.5679E-1 4.91968E-1 4.8465E-1 4.66547E-1 4.94474E-1 5.40446E-1 5.40815E-1 5.47866E-1 5.49947E-1 5.46053E-1 5.661E-1 5.73267E-1 5.92182E-1 6.20604E-1 6.25505E-1 6.22253E-1 6.13958E-1 5.98626E-1 6.13824E-1 6.29806E-1 6.34964E-1 6.57891E-1 6.77289E-1 6.44177E-1 6.33334E-1 6.01329E-1 6.42988E-1 6.2585E-1 6.01476E-1 5.90239E-1 5.82561E-1 5.67332E-1 5.46696E-1 5.38388E-1 5.27568E-1 5.0054E-1 4.79659E-1 4.51238E-1 3.87474E-1 3.84707E-1 3.83766E-1 3.73054E-1 3.65531E-1 3.53595E-1 3.54379E-1 3.50115E-1 3.47397E-1 3.17508E-1 3.20338E-1 3.24618E-1 3.26672E-1 3.59785E-1 3.74187E-1 3.68989E-1 3.61433E-1 3.63811E-1 3.63787E-1 3.64482E-1 3.66923E-1 3.66477E-1 3.65785E-1 3.65931E-1 3.64359E-1 3.31474E-1 3.69957E-1 3.75511E-1
4.73073E-1 4.53023E-1 4.4329E-1 4.59695E-1 4.73936E-1 5.04078E-1 5.00277E-1 5.23668E-1 5.40134E-1 5.42457E-1 5.60727E-1 5.77169E-1 5.93992E-1 5.93587E-1 6.2664E-1 6.17946E-1 6.08153E-1 6.03243E-1 6.35435E-1 6.19802E-1 6.40438E-1 6.82687E-1 6.9264E-1 6.55405E-1 6.49255E-1 6.82525E-1 6.32408E-1 6.1947E-1 5.96648E-1 5.94468E-1 5.84575E-1 5.69698E-1 5.51322E-1 5.42669E-1 5.29676E-1 5.0542E-1 4.81758E-1 4.16554E-1 4.00356E-1 4.09535E-1 3.87735E-1 3.74066E-1 3.67305E-1 3.62177E-1 3.60672E-1 3.71743E-1 3.73913E-1 3.34097E-1 3.31675E-1 3.20095E-1 3.28194E-1 3.66324E-1 3.73601E-1 3.66154E-1 3.64349E-1 3.65193E-1 3.62673E-1 3.64452E-1 3.63857E-1 3.656E-1 3.63227E-1 3.62052E-1 3.64461E-1 3.62882E-1 3.67319E-1 3.77918E-1
4.3869E-1 4.29073E-1 4.40583E-1 4.56256E-1 4.70463E-1 4.67589E-1 4.79497E-1 5.07543E-1 5.38544E-1 5.34525E-1 5.56767E-1 5.8223E-1 5.21265E-1 5.0107E-1 6.18849E-1 6.08675E-1 6.00237E-1 6.06368E-1 6.42096E-1 6.56912E-1 6.72031E-1 6.82894E-1 6.96181E-1 6.31636E-1 6.51728E-1 6.44572E-1 6.30259E-1 6.15435E-1 6.03786E-1 5.99631E-1 5.88342E-1 5.65457E-1 5.46484E-1 5.39513E-1 5.33841E-1 5.1298E-1 4.89821E-1 4.30944E-1 4.17599E-1 4.02106E-1 3.87816E-1 3.77079E-1 3.69448E-1 3.6417E-1 3.64715E-1 3.77847E-1 3.79167E-1 3.44202E-1 3.41304E-1 3.25688E-1 3.34102E-1 3.70158E-1 3.72391E-1 3.67726E-1 3.65449E-1 3.66817E-1 3.54554E-1 3.52126E-1 3.52528E-1 3.52471E-1 3.62806E-1 3.60188E-1 3.61427E-1 3.6106E-1 3.64683E-1 3.71034E-1
4.45844E-1 4.34363E-1 4.5259E-1 4.51295E-1 4.64178E-1 4.79346E-1 5.07661E-1 5.05292E-1 5.13992E-1 5.23377E-1 5.71453E-1 5.28616E-1 5.00179E-1 5.50309E-1 6.04746E-1 6.08212E-1 6.11977E-1 6.38963E-1 6.51431E-1 6.6955E-1 6.97687E-1 6.86437E-1 6.98146E-1 6.8285E-1 6.78499E-1 6.72021E-1 6.39391E-1 6.1853E-1 6.0399E-1 5.98388E-1 5.83266E-1 5.63075E-1 5.45501E-1 5.25631E-1 4.83426E-1 5.11384E-1 4.99865E-1 4.38469E-1 4.23275E-1 4.08008E-1 3.92408E-1 3.84601E-1 3.7407E-1 3.72643E-1 3.72164E-1 3.81774E-1 3.81898E-1 3.48525E-1 3.22498E-1 3.43814E-1 3.36905E-1 3.70992E-1 3.75202E-1 3.74365E-1 3.72605E-1 3.71707E-1 3.59663E-1 3.55905E-1 3.53577E-1 3.51496E-1 3.53026E-1 3.53212E-1 3.55959E-1 3.63225E-1 3.6302E-1 3.66549E-1
4.37831E-1 4.50922E-1 4.42429E-1 4.47043E-1 4.59104E-1 4.64177E-1 4.7206E-1 4.73524E-1 4.9902E-1 5.4982E-1 5.40633E-1 5.28823E-1 5.29696E-1 5.66829E-1 5.64135E-1 6.1578E-1 6.16228E-1 6.38022E-1 6.49964E-1 6.78566E-1 6.68722E-1 6.67117E-1 6.25308E-1 6.46322E-1 6.78172E-1 6.59477E-1 6.36036E-1 6.12176E-1 5.58977E-1 5.82313E-1 5.80686E-1 5.57467E-1 5.41787E-1 5.32969E-1 5.17099E-1 5.13024E-1 4.73069E-1 4.54486E-1 4.37048E-1 4.06058E-1 3.95385E-1 3.88893E-1 3.81248E-1 3.8191E-1 3.76699E-1 3.78358E-1 3.91502E-1 3.45159E-1 3.52036E-1 3.46352E-1 3.85836E-1 3.79008E-1 3.80402E-1 3.79231E-1 3.76971E-1 3.75562E-1 3.71861E-1 3.70107E-1 3.68482E-1 3.65516E-1 3.54898E-1 3.54716E-1 3.53947E-1 3.63442E-1 3.65944E-1 3.69386E-1
4.80348E-1 4.70845E-1 4.43899E-1 4.53615E-1 4.40904E-1 4.44644E-1 4.56823E-1 4.68557E-1 5.08708E-1 5.27809E-1 5.21829E-1 5.50106E-1 5.53238E-1 5.63604E-1 5.73763E-1 5.77805E-1 6.31038E-1 6.37379E-1 6.51717E-1 6.64972E-1 6.83833E-1 6.76021E-1 6.6823E-1 6.88869E-1 6.79268E-1 6.58599E-1 6.46965E-1 5.90255E-1 5.73737E-1 5.62265E-1 5.33913E-1 5.63361E-1 5.32895E-1 5.21172E-1 4.67901E-1 4.62124E-1 4.68543E-1 4.82518E-1 4.44767E-1 4.15776E-1 4.02524E-1 3.93455E-1 3.90447E-1 3.867E-1 3.89883E-1 3.9808E-1 4.01656E-1 3.59379E-1 3.54655E-1 3.88956E-1 3.93632E-1 3.89913E-1 3.84336E-1 3.83915E-1 3.83537E-1 3.81136E-1 3.76686E-1 3.76054E-1 3.73305E-1 3.6922E-1 3.69212E-1 3.65548E-1 3.55993E-1 3.57425E-1 3.60459E-1 3.71499E-1
4.50422E-1 5.07085E-1 4.50769E-1 4.1729E-1 4.58369E-1 4.40721E-1 4.41436E-1 4.74503E-1 4.89083E-1 5.02022E-1 5.18348E-1 5.28782E-1 5.37151E-1 5.45233E-1 5.65661E-1 5.70846E-1 5.83363E-1 5.91955E-1 6.51198E-1 6.6111E-1 6.98875E-1 6.89819E-1 6.80408E-1 6.70485E-1 6.72477E-1 6.58565E-1 6.19402E-1 5.99392E-1 6.0632E-1 5.5235E-1 5.68872E-1 5.50707E-1 5.16269E-1 5.12623E-1 4.81968E-1 4.50159E-1 4.42636E-1 4.82366E-1 4.74098E-1 4.4672E-1 4.19951E-1 4.00408E-1 3.9604E-1 3.92855E-1 3.98768E-1 3.97965E-1 4.00831E-1 3.69066E-1 3.64865E-1 3.63225E-1 4.01825E-1 3.97389E-1 3.93794E-1 3.89992E-1 3.89134E-1 3.85961E-1 3.82005E-1 3.80764E-1 3.66311E-1 3.61446E-1 3.65933E-1 3.68134E-1 3.67546E-1 3.5878E-1 3.59718E-1 3.60937E-1
4.36547E-1 4.5813E-1 4.81256E-1 3.92745E-1 4.04142E-1 4.45348E-1 4.3633E-1 4.65261E-1 4.69937E-1 4.8929E-1 5.03471E-1 5.11427E-1 5.31961E-1 5.42355E-1 5.66461E-1 6.21764E-1 5.89128E-1 5.99291E-1 6.44482E-1 6.64947E-1 6.86364E-1 6.70647E-1 6.83198E-1 6.71947E-1 6.66622E-1 6.61405E-1 6.45635E-1 6.18521E-1 5.99338E-1 5.65609E-1 5.45287E-1 5.29952E-1 5.34912E-1 5.07636E-1 4.88327E-1 4.76799E-1 4.67731E-1 4.89426E-1 4.55532E-1 4.39266E-1 4.41427E-1 4.17977E-1 4.09587E-1 4.04216E-1 4.07346E-1 4.25627E-1 4.13492E-1 4.22203E-1 3.78643E-1 4.15651E-1 4.12156E-1 4.09036E-1 4.06738E-1 4.01356E-1 3.97335E-1 3.96132E-1 3.89866E-1 3.85766E-1 3.83307E-1 3.69901E-1 3.66426E-1 3.68051E-1 3.70943E-1 3.6249E-1 3.72674E-1 3.62602E-1
4.50566E-1 4.50843E-1 4.45332E-1 4.41015E-1 4.57914E-1 4.32263E-1 4.51441E-1 4.52632E-1 4.48761E-1 4.76611E-1 4.85407E-1 4.95889E-1 5.51081E-1 5.18938E-1 5.77722E-1 6.19653E-1 5.78682E-1 5.8877E-1 6.33953E-1 6.78635E-1 6.87295E-1 6.73831E-1 6.84038E-1 6.93338E-1 6.87405E-1 6.54181E-1 6.35985E-1 6.13375E-1 6.03931E-1 5.90249E-1 5.54336E-1 5.33221E-1 5.26624E-1 5.05352E-1 5.00859E-1 4.83973E-1 4.80908E-1 4.67847E-1 4.54454E-1 4.51015E-1 4.34938E-1 4.30061E-1 4.26454E-1 4.23028E-1 4.23791E-1 4.29457E-1 4.42336E-1 4.2629E-1 4.22475E-1 3.90922E-1 3.83617E-1 4.20003E-1 4.16264E-1 4.1462E-1 4.08732E-1 4.04496E-1 4.00739E-1 3.94757E-1 3.88453E-1 3.69595E-1 3.8543E-1 3.77824E-1 3.76188E-1 3.75501E-1 3.65551E-1 3.63793E-1
4.60964E-1 4.5397E-1 4.31201E-1 4.26196E-1 4.43842E-1 4.34296E-1 4.31022E-1 4.34403E-1 4.48025E-1 4.54808E-1 4.66405E-1 4.81832E-1 5.35873E-1 5.47253E-1 5.76621E-1 5.95111E-1 6.03518E-1 5.6076E-1 5.77705E-1 6.48499E-1 6.61624E-1 6.4836E-1 6.65986E-1 6.74843E-1 6.66397E-1 6.49563E-1 6.3435E-1 6.16019E-1 6.0054E-1 5.7124E-1 5.5574E-1 5.14213E-1 5.20527E-1 5.03528E-1 4.90392E-1 4.78918E-1 4.82221E-1 4.72335E-1 4.72352E-1 4.68683E-1 4.52991E-1 4.61993E-1 4.4812E-1 4.43618E-1 4.43749E-1 4.48257E-1 4.45527E-1 4.46485E-1 4.43162E-1 4.08959E-1 4.01254E-1 4.3541E-1 4.29592E-1 4.05641E-1 4.23385E-1 4.16299E-1 4.08001E-1 4.05735E-1 3.95741E-1 3.89302E-1 3.83878E-1 3.7582E-1 3.7158E-1 3.80202E-1 3.69589E-1 3.681E-1
4.67807E-1 4.53503E-1 4.36156E-1 4.20925E-1 4.1544E-1 4.30211E-1 4.23789E-1 4.32171E-1 4.30026E-1 4.85843E-1 4.53743E-1 4.68191E-1 5.12617E-1 5.39367E-1 5.66381E-1 5.65201E-1 5.79839E-1 5.34595E-1 5.59383E-1 5.80927E-1 6.16769E-1 6.31211E-1 6.91775E-1 6.44544E-1 6.36325E-1 6.30481E-1 6.13435E-1 6.01959E-1 5.69203E-1 5.46953E-1 5.35881E-1 5.19281E-1 5.13461E-1 5.06254E-1 4.9464E-1 4.85112E-1 4.84318E-1 4.65017E-1 4.68313E-1 4.86417E-1 4.77356E-1 4.72493E-1 4.72862E-1 4.70195E-1 4.65954E-1 4.66812E-1 4.64197E-1 4.62729E-1 4.64744E-1 4.68027E-1 4.61966E-1 4.57607E-1 4.38052E-1 4.19593E-1 4.07036E-1 4.29585E-1 4.2172E-1 4.13075E-1 4.06219E-1 3.97645E-1 3.90263E-1 3.90502E-1 3.78316E-1 3.70998E-1 3.69401E-1 3.67754E-1
4.81096E-1 4.54124E-1 4.34649E-1 4.21255E-1 4.09685E-1 4.28226E-1 4.21452E-1 4.35015E-1 4.28095E-1 4.89675E-1 4.91002E-1 4.4855E-1 5.01114E-1 5.35207E-1 5.50133E-1 5.4494E-1 5.59618E-1 5.16845E-1 5.83813E-1 5.63927E-1 6.28821E-1 6.50975E-1 6.65774E-1 6.61675E-1 6.03579E-1 6.03103E-1 5.97388E-1 5.88787E-1 5.88886E-1 5.47963E-1 5.36127E-1 5.27251E-1 5.21447E-1 5.10292E-1 5.33064E-1 5.00551E-1 4.99321E-1 4.8532E-1 4.90841E-1 4.98844E-1 4.9206E-1 4.92272E-1 5.00315E-1 4.92901E-1 4.87135E-1 4.88135E-1 4.86321E-1 4.85374E-1 4.88288E-1 4.79744E-1 4.88352E-1 4.80351E-1 4.66809E-1 4.45321E-1 4.14292E-1 4.18146E-1 4.37368E-1 4.29658E-1 4.11958E-1 4.10219E-1 4.01424E-1 3.96539E-1 3.78623E-1 3.71783E-1 3.71825E-1 3.68983E-1
4.66202E-1 4.53708E-1 4.26614E-1 4.15699E-1 4.0717E-1 4.02045E-1 4.35198E-1 4.58251E-1 4.34253E-1 4.75674E-1 4.88018E-1 4.89652E-1 4.95882E-1 5.52216E-1 5.36264E-1 5.26486E-1 5.34908E-1 5.37746E-1 4.94563E-1 5.28898E-1 6.15306E-1 6.27557E-1 6.29011E-1 6.28032E-1 6.27604E-1 5.73847E-1 5.67671E-1 5.7254E-1 5.74216E-1 5.42447E-1 5.39777E-1 5.40344E-1 5.26192E-1 5.221E-1 5.17128E-1 5.30097E-1 5.17723E-1 5.0718E-1 5.01929E-1 5.08205E-1 5.04437E-1 5.11026E-1 5.18785E-1 5.08845E-1 5.06265E-1 5.10064E-1 5.14347E-1 5.03018E-1 5.04762E-1 5.08896E-1 5.02944E-1 4.9675E-1 4.89892E-1 4.60241E-1 4.35817E-1 4.4436E-1 4.51228E-1 4.44093E-1 4.33919E-1 4.10204E-1 4.00573E-1 4.0054E-1 3.83842E-1 3.72782E-1 3.70975E-1 3.71673E-1
4.37825E-1 4.30792E-1 4.13549E-1 4.09583E-1 4.00369E-1 4.06888E-1 4.13046E-1 4.65628E-1 4.88286E-1 4.87586E-1 4.93387E-1 4.92598E-1 5.0289E-1 5.51795E-1 5.27308E-1 5.15746E-1 5.39055E-1 5.38744E-1 5.51917E-1 5.42706E-1 5.97286E-1 6.03166E-1 6.02169E-1 6.08282E-1 6.03112E-1 6.06523E-1 5.52046E-1 5.57814E-1 5.56026E-1 5.52575E-1 5.28392E-1 5.28362E-1 5.23415E-1 5.2387E-1 5.16248E-1 5.50311E-1 5.1328E-1 5.278E-1 5.31632E-1 5.27773E-1 5.2512E-1 5.31061E-1 5.35341E-1 5.24943E-1 5.2269E-1 5.23763E-1 5.31829E-1 5.21965E-1 5.18766E-1 5.10903E-1 5.15956E-1 5.08867E-1 4.91901E-1 4.77621E-1 4.67215E-1 4.74047E-1 4.68292E-1 4.61536E-1 4.3449E-1 4.18807E-1 4.0547E-1 3.92483E-1 3.82139E-1 3.793E-1 3.76172E-1 3.72965E-1
4.38762E-1 4.32372E-1 3.89286E-1 3.94024E-1 3.96794E-1 4.40801E-1 4.56364E-1 4.68893E-1 4.67205E-1 4.71967E-1 5.00439E-1 5.03052E-1 5.34524E-1 5.56404E-1 5.34106E-1 5.30157E-1 5.40877E-1 5.4082E-1 5.4743E-1 5.62415E-1 5.72854E-1 5.82839E-1 5.8992E-1 5.83105E-1 5.89374E-1 5.94246E-1 5.94544E-1 5.46419E-1 5.41384E-1 5.44265E-1 5.23427E-1 5.25792E-1 5.18627E-1 5.20762E-1 5.2647E-1 5.30848E-1 5.44398E-1 5.35419E-1 5.56459E-1 5.62028E-1 5.4591E-1 5.48788E-1 5.54457E-1 5.43324E-1 5.41137E-1 5.36395E-1 5.42241E-1 5.32321E-1 5.29274E-1 5.31689E-1 5.25393E-1 5.20107E-1 4.94674E-1 4.92089E-1 4.76586E-1 4.89804E-1 4.79678E-1 4.78361E-1 4.51995E-1 4.34022E-1 4.10496E-1 4.00603E-1 3.87343E-1 3.73654E-1 3.67871E-1 3.72185E-1
4.27937E-1 4.22355E-1 4.12103E-1 4.07915E-1 4.15556E-1 4.33565E-1 4.44059E-1 4.57296E-1 4.67521E-1 4.72712E-1 4.79579E-1 5.14536E-1 5.52585E-1 5.69406E-1 5.48003E-1 5.41808E-1 5.36297E-1 5.28428E-1 5.32493E-1 5.41043E-1 5.56879E-1 5.63087E-1 5.79929E-1 5.76859E-1 5.86793E-1 5.87846E-1 5.85421E-1 5.59392E-1 5.36507E-1 5.48897E-1 5.26989E-1 5.19911E-1 5.4348E-1 5.25176E-1 5.30383E-1 5.65703E-1 5.33762E-1 5.6279E-1 5.56127E-1 5.61324E-1 5.62468E-1 6.01906E-1 5.98095E-1 6.00426E-1 5.57183E-1 5.49944E-1 5.51452E-1 5.4469E-1 5.44801E-1 5.45881E-1 5.36842E-1 5.28952E-1 5.13069E-1 5.00639E-1 4.8044E-1 5.04038E-1 4.96613E-1 4.96393E-1 4.84964E-1 4.63472E-1 4.40267E-1 4.13159E-1 3.93556E-1 3.85096E-1 3.74717E-1 3.69753E-1
3.89018E-1 3.85311E-1 4.18052E-1 4.03296E-1 4.02399E-1 4.10762E-1 4.26199E-1 4.31875E-1 4.50131E-1 4.64768E-1 4.73678E-1 5.25558E-1 5.66461E-1 5.72337E-1 5.51078E-1 5.41617E-1 5.36257E-1 5.4493E-1 5.32169E-1 5.3112E-1 5.5255E-1 5.59568E-1 5.70572E-1 5.49817E-1 5.51935E-1 5.7258E-1 5.77756E-1 5.56429E-1 5.88393E-1 5.99934E-1 5.22309E-1 5.44319E-1 5.4635E-1 5.53721E-1 5.38035E-1 5.73434E-1 5.75144E-1 5.8523E-1 5.96495E-1 6.07633E-1 5.82562E-1 6.26941E-1 6.16679E-1 6.17531E-1 5.74503E-1 5.6613E-1 5.59791E-1 5.60858E-1 5.51791E-1 5.56716E-1 5.49069E-1 5.35146E-1 5.29344E-1 5.16033E-1 4.90134E-1 5.08813E-1 5.09786E-1 5.11086E-1 4.99529E-1 4.9832E-1 4.62061E-1 4.27506E-1 4.01256E-1 3.81272E-1 3.70375E-1 3.89212E-1
3.89227E-1 3.82088E-1 3.75944E-1 4.08931E-1 4.00062E-1 4.05329E-1 4.10982E-1 4.16281E-1 4.2438E-1 4.45137E-1 4.65385E-1 5.53717E-1 5.87136E-1 5.74166E-1 5.57443E-1 5.45017E-1 5.14439E-1 5.3585E-1 5.20549E-1 5.32278E-1 5.38467E-1 5.49813E-1 5.46079E-1 5.61184E-1 5.38823E-1 5.79939E-1 5.86387E-1 5.87021E-1 5.3495E-1 5.39569E-1 5.50291E-1 5.61466E-1 5.51398E-1 5.60314E-1 5.69569E-1 5.78772E-1 5.81269E-1 6.04161E-1 6.14587E-1 6.23059E-1 6.35664E-1 6.42955E-1 6.43837E-1 6.35414E-1 6.18457E-1 6.10929E-1 5.77673E-1 5.66869E-1 5.61013E-1 5.65173E-1 5.46875E-1 5.37746E-1 5.42679E-1 5.36182E-1 5.28024E-1 5.36016E-1 5.23941E-1 5.12898E-1 5.07404E-1 5.10966E-1 4.6995E-1 4.4409E-1 4.17187E-1 4.14506E-1 4.03381E-1 3.71223E-1
4.4111E-1 4.35659E-1 4.28985E-1 4.10841E-1 3.98798E-1 3.973E-1 4.0904E-1 4.36982E-1 4.28866E-1 4.48675E-1 5.05261E-1 5.36773E-1 5.79947E-1 5.59202E-1 5.52814E-1 5.37989E-1 5.07039E-1 5.205E-1 5.20769E-1 5.29482E-1 5.32518E-1 5.41027E-1 5.38634E-1 5.36179E-1 5.72606E-1 5.8419E-1 5.83696E-1 5.85962E-1 5.96953E-1 6.00399E-1 6.03553E-1 5.64225E-1 5.70712E-1 5.69459E-1 5.79781E-1 5.84435E-1 5.79528E-1 5.94573E-1 6.31351E-1 6.1417E-1 6.56042E-1 6.61617E-1 6.5771E-1 6.12637E-1 6.30954E-1 5.92515E-1 5.89044E-1 5.79163E-1 5.66656E-1 5.64635E-1 5.67778E-1 5.51976E-1 5.54201E-1 5.45892E-1 5.31531E-1 5.32362E-1 5.43633E-1 5.09813E-1 5.14968E-1 4.85234E-1 5.02945E-1 4.46654E-1 4.29692E-1 4.10638E-1 3.62505E-1 3.39428E-1
4.42911E-1 4.39687E-1 4.3109E-1 4.19462E-1 4.07123E-1 3.97601E-1 3.98133E-1 4.12767E-1 4.99054E-1 5.01169E-1 5.04984E-1 5.19176E-1 5.4531E-1 5.29178E-1 5.38348E-1 5.37763E-1 5.09034E-1 5.21133E-1 5.39476E-1 5.38964E-1 5.26377E-1 5.40663E-1 5.45625E-1 5.59039E-1 5.79154E-1 5.7502E-1 5.90757E-1 5.98675E-1 6.02016E-1 6.14326E-1 6.13879E-1 5.66046E-1 5.70752E-1 5.95E-1 5.99069E-1 6.00551E-1 6.02397E-1 5.854E-1 6.07397E-1 6.59921E-1 6.65005E-1 6.73663E-1 6.61956E-1 6.42308E-1 6.34423E-1 6.26274E-1 6.22516E-1 6.19698E-1 5.70984E-1 5.63049E-1 5.73245E-1 5.52842E-1 5.48323E-1 5.38266E-1 5.43093E-1 5.43531E-1 5.41138E-1 5.21782E-1 5.05457E-1 4.65714E-1 3.91316E-1 4.13005E-1 4.22207E-1 3.74339E-1 3.40689E-1 3.09216E-1
4.73124E-1 4.46888E-1 4.42896E-1 4.32845E-1 4.19376E-1 4.14161E-1 4.11892E-1 4.14723E-1 4.43948E-1 4.93775E-1 4.90866E-1 5.25321E-1 5.77197E-1 5.0251E-1 5.26883E-1 5.22617E-1 5.10795E-1 5.42023E-1 5.48414E-1 5.36857E-1 5.38265E-1 5.58895E-1 5.82674E-1 5.777E-1 5.84316E-1 6.14008E-1 6.20126E-1 6.16372E-1 6.10824E-1 6.17044E-1 5.60536E-1 5.58367E-1 5.91587E-1 5.93782E-1 5.69299E-1 6.0078E-1 6.12841E-1 6.20266E-1 6.33525E-1 6.59521E-1 6.55899E-1 6.53756E-1 6.55307E-1 6.32019E-1 6.19551E-1 6.08549E-1 5.99602E-1 5.9789E-1 5.82756E-1 5.86836E-1 5.54313E-1 5.49083E-1 5.45651E-1 5.54896E-1 5.56935E-1 5.7163E-1 5.72154E-1 5.23594E-1 4.88813E-1 4.61446E-1 4.14501E-1 3.96221E-1 3.84502E-1 3.63192E-1 3.34251E-1 3.05392E-1
