Leopardus pardalis/Leopardus_pardalis.asc
ncols         515
nrows         545
xllcorner     -119.0
yllcorner     -58.333333333333
cellsize      0.166666666667
NODATA_value  -9999
[rows 348 to 376 of 545, columns 264 to 329 of 515]
-9999 -9999 -9999 -9999 -9999 -9999 -9999 -9999 -9999 -9999 -9999 -9999 -9999 -9999 -9999 -9999 -9999 -9999 -9999 -9999 -9999 -9999 -9999 -9999 -9999 6.0472E-3 5.05101E-3 3.36796E-3 3.62176E-3 3.36437E-3 3.26086E-3 2.28384E-3 2.03856E-3 1.10575E-3 2.1424E-3 8.70233E-4 9.18972E-4 7.33651E-4 6.55333E-4 1.09789E-3 8.89158E-4 8.01619E-4 4.62767E-4 1.54472E-3 1.73208E-3 8.50912E-4 1.01174E-3 1.03498E-3 1.46456E-3 1.67014E-3 5.80171E-3 1.56798E-2 2.04453E-2 2.17405E-2 1.62338E-2 5.77826E-2 4.34035E-1 2.7359E-1 2.76415E-1 5.74988E-1 5.08357E-1 4.83982E-1 6.14774E-1 6.29417E-1 5.89989E-1 4.20447E-1
-9999 -9999 -9999 -9999 -9999 -9999 -9999 -9999 -9999 -9999 -9999 -9999 -9999 -9999 -9999 -9999 -9999 -9999 -9999 -9999 -9999 -9999 -9999 -9999 -9999 5.91204E-3 4.08615E-3 3.37933E-3 3.84306E-3 3.01685E-3 5.03412E-3 3.53671E-3 2.18826E-3 1.7652E-3 2.33663E-3 9.0171E-4 1.50449E-3 7.56281E-4 1.02776E-3 8.54266E-4 1.09217E-3 1.6681E-3 1.64625E-3 3.18269E-3 1.54896E-3 1.76729E-3 1.0369E-3 6.21728E-4 1.05331E-3 1.37763E-3 4.80158E-3 7.40688E-3 1.34434E-2 2.86963E-2 2.16481E-2 4.10626E-2 1.34856E-1 2.83282E-1 4.82483E-1 6.84623E-1 5.35376E-1 5.94809E-1 5.88333E-1 6.00716E-1 4.79884E-1 4.39752E-1
-9999 -9999 -9999 -9999 -9999 -9999 -9999 -9999 -9999 -9999 -9999 -9999 -9999 -9999 -9999 -9999 -9999 -9999 -9999 -9999 -9999 -9999 -9999 -9999 -9999 5.93074E-3 4.72367E-3 4.06557E-3 4.19249E-3 3.45557E-3 5.38416E-3 4.44329E-3 2.97836E-3 2.13139E-3 2.60366E-3 1.23682E-3 8.71211E-4 7.19518E-4 6.6919E-4 7.53095E-4 1.28919E-3 2.36471E-3 1.67805E-3 1.17121E-3 2.0463E-3 1.54006E-3 1.22999E-3 9.1348E-4 7.41682E-4 1.05624E-3 2.52989E-3 1.31816E-2 7.85938E-3 1.73949E-2 3.4634E-2 4.90299E-2 1.04106E-1 4.6412E-1 7.04434E-1 5.95856E-1 6.30679E-1 7.24211E-1 6.10056E-1 6.66861E-1 4.87918E-1 4.14694E-1
-9999 -9999 -9999 -9999 -9999 -9999 -9999 -9999 -9999 -9999 -9999 -9999 -9999 -9999 -9999 -9999 -9999 -9999 -9999 -9999 -9999 -9999 -9999 -9999 -9999 3.41192E-3 4.99397E-3 4.59698E-3 4.18109E-3 2.77059E-3 5.52606E-3 4.89613E-3 2.52937E-3 2.197E-3 2.27808E-3 1.64252E-3 7.50403E-4 5.48283E-4 5.15448E-4 5.53686E-4 6.56492E-4 2.04099E-3 1.57286E-3 1.88736E-3 1.61092E-3 2.13909E-3 2.16274E-3 1.34745E-3 1.16555E-3 8.65239E-4 1.99088E-3 5.50357E-3 4.00992E-3 1.59794E-2 4.75028E-2 5.14654E-2 3.3469E-1 7.3206E-1 6.34948E-1 5.68768E-1 4.74865E-1 8.424E-1 6.03948E-1 6.88701E-1 4.77868E-1 4.18272E-1
-9999 -9999 -9999 -9999 -9999 -9999 -9999 -9999 -9999 -9999 -9999 -9999 -9999 -9999 -9999 -9999 -9999 -9999 -9999 -9999 -9999 -9999 -9999 -9999 -9999 4.83658E-3 4.46572E-3 5.22623E-3 4.01359E-3 3.23082E-3 8.50032E-3 5.987E-3 4.0192E-3 4.31249E-3 2.70058E-3 2.61161E-3 1.23822E-3 5.44501E-4 6.31288E-4 4.39718E-4 5.36799E-4 3.38485E-3 2.57332E-3 3.10341E-3 6.94481E-3 2.77013E-3 2.76369E-3 1.72446E-3 2.04245E-3 1.67258E-3 1.47235E-3 2.19083E-3 4.48758E-3 1.07367E-2 6.43818E-2 4.13045E-2 3.21086E-1 6.86589E-1 6.20452E-1 6.46511E-1 6.72221E-1 7.44501E-1 6.69982E-1 5.37339E-1 4.86997E-1 4.34918E-1
-9999 -9999 -9999 -9999 -9999 -9999 -9999 -9999 -9999 -9999 -9999 -9999 -9999 -9999 -9999 -9999 -9999 -9999 -9999 -9999 -9999 -9999 -9999 -9999 -9999 6.08803E-3 4.43108E-3 5.09376E-3 4.60744E-3 4.68422E-3 1.23561E-2 6.62128E-3 3.6339E-3 4.35494E-3 2.55435E-3 2.14427E-3 9.92969E-4 6.22291E-4 3.92667E-4 4.13428E-4 6.83006E-4 2.2378E-3 9.38068E-4 3.00976E-3 3.68737E-3 2.21383E-3 4.45856E-3 1.59886E-3 5.51099E-3 3.58163E-3 2.27118E-3 2.88161E-3 9.75331E-3 2.21525E-2 4.90518E-2 3.05394E-2 1.9563E-1 5.78828E-1 6.68488E-1 6.40368E-1 7.37171E-1 6.96246E-1 4.70546E-1 4.92407E-1 4.5826E-1 4.38799E-1
-9999 -9999 -9999 -9999 -9999 -9999 -9999 -9999 -9999 -9999 -9999 -9999 -9999 -9999 -9999 -9999 -9999 -9999 -9999 -9999 -9999 -9999 -9999 -9999 -9999 8.02557E-3 4.7667E-3 3.92857E-3 3.94851E-3 3.53883E-3 9.28802E-3 4.41792E-3 2.21256E-3 1.92231E-3 1.3457E-3 1.93165E-3 1.27613E-3 6.73474E-4 5.0629E-4 5.14005E-4 8.87196E-4 1.1085E-3 1.06459E-3 2.95686E-3 2.88806E-3 4.31847E-3 3.49225E-3 1.71672E-3 6.39453E-3 3.67867E-3 2.34757E-3 1.00142E-2 1.3008E-2 2.71778E-2 2.80778E-2 1.16743E-2 1.4618E-1 4.49958E-1 8.10238E-1 8.23821E-1 8.45359E-1 5.2294E-1 3.99229E-1 4.415E-1 4.07777E-1 4.01985E-1
-9999 -9999 -9999 -9999 -9999 -9999 -9999 -9999 -9999 -9999 -9999 -9999 -9999 -9999 -9999 -9999 -9999 -9999 -9999 -9999 -9999 -9999 -9999 -9999 -9999 8.15319E-3 4.06461E-3 4.1724E-3 2.68471E-3 3.76295E-3 5.56757E-3 3.29549E-3 2.59924E-3 2.42321E-3 1.11546E-3 1.5046E-3 8.94341E-4 6.25457E-4 5.26603E-4 5.30759E-4 6.7026E-4 6.24099E-4 1.55939E-3 2.26776E-3 1.38624E-3 3.27759E-3 3.99239E-3 4.41699E-3 4.72474E-3 4.44796E-3 5.76607E-3 1.17016E-2 1.9801E-2 3.04454E-2 2.04182E-2 1.63901E-2 1.41639E-1 5.45639E-1 7.63976E-1 6.46161E-1 5.81094E-1 3.84466E-1 2.84752E-1 2.72579E-1 3.08902E-1 3.67326E-1
-9999 -9999 -9999 -9999 -9999 -9999 -9999 -9999 -9999 -9999 -9999 -9999 -9999 -9999 -9999 -9999 -9999 -9999 -9999 -9999 -9999 -9999 -9999 -9999 -9999 9.41544E-3 3.53632E-3 2.95422E-3 2.19468E-3 2.49501E-3 4.38223E-3 4.32643E-3 3.27399E-3 2.26947E-3 1.5546E-3 1.90371E-3 7.6161E-4 6.28723E-4 5.36511E-4 7.94287E-4 8.68056E-4 1.78904E-3 3.29358E-3 1.11849E-2 2.30732E-3 2.58935E-3 2.52194E-3 5.4335E-3 1.28032E-2 1.22316E-2 1.04351E-2 3.95522E-3 1.33983E-2 2.73609E-2 7.21512E-3 4.39539E-2 2.48998E-1 7.36164E-1 6.07017E-1 4.9196E-1 3.5236E-1 2.93293E-1 2.59817E-1 2.58658E-1 3.46409E-1 3.24913E-1
-9999 -9999 -9999 -9999 -9999 -9999 -9999 -9999 -9999 -9999 -9999 -9999 -9999 -9999 -9999 -9999 -9999 -9999 -9999 -9999 -9999 -9999 -9999 -9999 5.72305E-2 2.97185E-2 5.8632E-3 2.95329E-3 2.01043E-3 2.62953E-3 4.88373E-3 5.95815E-3 3.39938E-3 2.7772E-3 1.08442E-3 1.4406E-3 7.49628E-4 2.49295E-4 1.92703E-4 3.85146E-4 9.9727E-4 2.07614E-3 6.3303E-3 2.62582E-2 1.26511E-2 6.53165E-3 5.01878E-3 8.31233E-3 1.63831E-2 1.45669E-2 9.48499E-3 4.16064E-3 7.31829E-3 1.0344E-2 2.13544E-2 1.88881E-1 6.28854E-1 4.94446E-1 4.58453E-1 3.28933E-1 2.29182E-1 1.77515E-1 1.84816E-1 2.35867E-1 2.82644E-1 3.0864E-1
-9999 -9999 -9999 -9999 -9999 -9999 -9999 -9999 -9999 -9999 -9999 -9999 -9999 -9999 -9999 -9999 -9999 -9999 -9999 -9999 -9999 -9999 -9999 -9999 3.92217E-2 1.52526E-2 7.5653E-3 4.53273E-3 2.20852E-3 2.82584E-3 5.05E-3 2.6791E-3 3.44612E-3 1.24676E-3 8.21413E-4 7.8744E-4 6.50004E-4 8.35701E-4 2.92553E-4 8.45824E-4 1.32244E-3 2.11231E-3 6.95729E-3 6.4914E-3 1.22297E-2 2.13467E-2 6.61672E-3 1.63985E-2 8.53789E-3 1.21166E-2 1.07349E-2 8.76684E-3 7.13111E-3 8.23E-3 8.58184E-2 4.37123E-1 3.92041E-1 4.10506E-1 3.46138E-1 2.44594E-1 1.56104E-1 1.59699E-1 1.78392E-1 2.51287E-1 2.0829E-1 2.02201E-1
-9999 -9999 -9999 -9999 -9999 -9999 -9999 -9999 -9999 -9999 -9999 -9999 -9999 -9999 -9999 -9999 -9999 -9999 -9999 -9999 -9999 -9999 -9999 -9999 3.11068E-2 1.68445E-2 1.10423E-2 4.55029E-3 3.35996E-3 2.26029E-3 4.474E-3 3.32283E-3 1.35875E-3 1.55822E-3 5.50827E-4 5.73187E-4 5.47999E-4 9.11542E-4 9.09196E-4 8.56695E-4 1.80016E-3 2.78445E-3 9.85281E-3 6.13637E-3 2.45149E-3 1.25026E-2 5.81881E-3 1.38781E-2 7.96977E-3 1.43208E-2 1.79099E-2 2.75318E-2 2.46972E-2 3.18352E-2 1.04888E-1 3.73401E-1 2.10587E-1 2.39994E-1 2.70596E-1 3.18345E-1 2.6833E-1 1.38024E-1 1.41738E-1 1.77569E-1 1.86399E-1 1.8388E-1
-9999 -9999 -9999 -9999 -9999 -9999 -9999 -9999 -9999 -9999 -9999 -9999 -9999 -9999 -9999 -9999 -9999 -9999 -9999 -9999 -9999 -9999 -9999 3.62556E-2 3.03803E-2 1.63602E-2 1.22114E-2 2.20004E-3 2.21689E-3 1.87484E-3 5.75467E-3 2.27922E-3 1.29188E-3 1.755E-3 5.34631E-4 3.91237E-4 4.47368E-4 9.63548E-4 1.27281E-3 1.00932E-3 1.56229E-3 3.40592E-3 1.01901E-2 5.39705E-3 2.95389E-3 1.63992E-2 2.27861E-2 1.11013E-2 9.73894E-3 9.8469E-3 1.4108E-2 1.25973E-2 2.36266E-2 1.36292E-2 4.20293E-2 2.18941E-1 1.59239E-1 1.64093E-1 1.81665E-1 3.05093E-1 2.86446E-1 1.37176E-1 1.33532E-1 1.32951E-1 1.44406E-1 1.70841E-1
-9999 -9999 -9999 -9999 -9999 -9999 -9999 -9999 -9999 -9999 -9999 -9999 -9999 -9999 -9999 -9999 -9999 -9999 -9999 -9999 -9999 -9999 -9999 1.20433E-2 1.38052E-2 1.45205E-2 1.09342E-2 2.19865E-3 1.28423E-3 1.22249E-3 3.55193E-3 2.48562E-3 1.92446E-3 8.87553E-4 4.5436E-4 3.22852E-4 2.00744E-4 3.05762E-4 6.88696E-4 1.20845E-3 3.08801E-3 8.21245E-3 1.27218E-2 5.86522E-3 6.04492E-3 1.99097E-2 1.1093E-2 3.43706E-3 4.04176E-3 7.26919E-3 7.35421E-3 1.21191E-2 2.19767E-2 2.90393E-2 3.33034E-2 1.00035E-1 1.39996E-1 1.26182E-1 1.40972E-1 1.31829E-1 1.42162E-1 1.37148E-1 9.42723E-2 1.10353E-1 1.11663E-1 1.28136E-1
-9999 -9999 -9999 -9999 -9999 -9999 -9999 -9999 -9999 -9999 -9999 -9999 -9999 -9999 -9999 -9999 -9999 -9999 -9999 -9999 -9999 -9999 -9999 1.08558E-2 1.05366E-2 1.14268E-2 8.513E-3 2.09606E-3 5.8707E-4 7.40688E-4 3.01055E-3 2.12171E-3 1.44904E-3 1.48213E-3 9.00588E-4 4.47521E-4 1.91217E-4 2.00234E-4 1.10244E-3 1.4776E-3 2.90569E-3 9.83625E-3 1.54752E-2 6.89773E-3 5.14165E-3 6.32717E-3 5.82745E-3 2.08182E-3 3.28638E-3 4.58418E-3 5.90089E-3 8.78391E-3 1.44606E-2 2.85882E-2 2.28797E-2 4.55697E-2 1.01808E-1 8.54503E-2 7.09167E-2 7.76817E-2 1.09131E-1 1.10801E-1 7.78864E-2 9.92076E-2 9.66562E-2 1.19167E-1
-9999 -9999 -9999 -9999 -9999 -9999 -9999 -9999 -9999 -9999 -9999 -9999 -9999 -9999 -9999 -9999 -9999 -9999 -9999 -9999 -9999 -9999 1.21544E-2 8.0012E-3 7.72696E-3 8.71272E-3 5.32877E-3 1.42766E-3 6.79319E-4 9.24142E-4 3.00972E-3 1.81186E-3 1.01738E-3 5.63099E-4 6.62647E-4 4.6533E-4 3.59882E-4 5.19012E-4 1.99539E-3 2.31806E-3 3.50005E-3 5.92561E-3 8.21009E-3 1.47584E-2 1.61024E-3 3.47384E-3 7.63455E-3 2.46216E-3 3.23208E-3 5.07566E-3 7.00357E-3 7.07692E-3 1.90858E-2 3.48315E-2 2.85884E-2 5.09698E-2 1.05343E-1 6.87068E-2 7.12103E-2 6.87157E-2 7.93648E-2 1.05182E-1 7.0393E-2 9.68919E-2 9.02141E-2 1.10354E-1
-9999 -9999 -9999 -9999 -9999 -9999 -9999 -9999 -9999 -9999 -9999 -9999 -9999 -9999 -9999 -9999 -9999 -9999 -9999 -9999 -9999 -9999 1.17338E-2 7.83877E-3 6.61427E-3 6.79517E-3 3.39171E-3 1.23597E-3 1.05598E-3 7.0771E-4 1.89486E-3 1.70955E-3 4.54465E-4 3.50911E-4 9.21323E-4 7.22697E-4 8.67953E-4 1.13299E-3 3.77338E-3 5.17518E-3 1.77323E-2 1.27255E-2 1.39967E-2 1.41328E-2 2.14759E-3 2.3001E-3 5.23592E-3 4.30073E-3 4.83676E-3 6.20297E-3 7.54345E-3 8.45513E-3 1.15775E-2 3.37352E-2 3.47228E-2 5.41384E-2 7.71223E-2 8.42154E-2 1.05249E-1 7.19696E-2 7.58019E-2 8.01247E-2 8.24707E-2 8.57944E-2 8.10866E-2 1.06386E-1
-9999 -9999 -9999 -9999 -9999 -9999 -9999 -9999 -9999 -9999 -9999 -9999 -9999 -9999 -9999 -9999 -9999 -9999 -9999 -9999 -9999 -9999 1.08353E-2 8.68472E-3 5.71529E-3 3.52473E-3 1.70059E-3 9.83552E-4 8.47925E-4 3.82485E-4 9.95595E-4 3.16999E-4 1.74923E-4 5.92649E-4 1.15051E-3 1.47436E-3 9.83459E-4 2.28484E-3 1.08469E-2 2.50527E-2 1.68508E-2 1.47666E-2 1.77581E-2 1.82698E-2 2.55118E-3 1.51849E-3 2.08433E-3 6.26232E-3 4.69332E-3 7.64452E-3 8.87058E-3 1.01803E-2 1.5864E-2 1.7823E-2 3.42473E-2 7.65951E-2 6.07959E-2 6.6479E-2 1.07353E-1 7.23378E-2 7.62935E-2 7.0056E-2 8.76401E-2 8.09173E-2 7.48109E-2 1.00808E-1
-9999 -9999 -9999 -9999 -9999 -9999 -9999 -9999 -9999 -9999 -9999 -9999 -9999 -9999 -9999 -9999 -9999 -9999 -9999 -9999 -9999 -9999 8.06274E-3 5.91271E-3 6.77937E-3 3.9211E-3 1.38259E-3 8.08181E-4 4.67334E-4 2.12067E-4 5.72884E-4 1.99529E-4 2.61217E-4 5.3669E-4 9.38889E-4 1.55654E-3 1.36362E-3 8.81634E-3 1.89666E-2 7.21444E-3 9.19118E-3 6.98312E-3 1.15317E-2 1.44403E-2 4.4955E-3 2.23836E-3 5.74264E-3 1.77909E-2 8.73484E-3 8.96803E-3 1.43064E-2 1.28595E-2 2.20833E-2 2.79873E-2 5.25328E-2 6.65539E-2 4.44398E-2 8.2218E-2 7.19822E-2 6.20567E-2 6.72014E-2 7.97411E-2 8.49244E-2 7.67829E-2 7.2987E-2 9.40566E-2
-9999 -9999 -9999 -9999 -9999 -9999 -9999 -9999 -9999 -9999 -9999 -9999 -9999 -9999 -9999 -9999 -9999 -9999 -9999 -9999 -9999 8.55226E-3 4.44164E-3 2.34534E-3 2.95886E-3 2.4018E-3 1.38936E-3 1.33281E-3 5.6046E-4 1.6843E-4 5.29322E-4 1.75322E-4 2.92988E-4 3.61209E-4 1.60337E-3 2.13674E-3 1.9717E-3 7.71732E-3 1.0972E-2 7.10664E-3 4.54862E-3 3.54905E-3 1.0854E-2 1.14218E-2 1.25069E-2 3.39479E-3 1.35295E-2 1.75617E-2 6.82449E-3 8.339E-3 1.78805E-2 2.3189E-2 4.20318E-2 4.04559E-2 6.20417E-2 5.57314E-2 3.92509E-2 7.18772E-2 5.97634E-2 6.96382E-2 9.04602E-2 9.26181E-2 8.2364E-2 7.47038E-2 7.19607E-2 8.9751E-2
-9999 -9999 -9999 -9999 -9999 -9999 -9999 -9999 -9999 -9999 -9999 -9999 -9999 -9999 -9999 -9999 -9999 -9999 -9999 -9999 1.48406E-2 8.64723E-3 5.46446E-3 2.69502E-3 2.59454E-3 1.73134E-3 9.35597E-4 8.62281E-4 8.1351E-4 7.33487E-4 7.05465E-4 2.42751E-4 3.83493E-4 6.69638E-4 1.91435E-3 2.09811E-3 2.71257E-3 5.27961E-3 6.65902E-3 1.45659E-2 2.98499E-3 8.72335E-3 4.53544E-3 4.43391E-3 9.19804E-3 2.88997E-3 1.21893E-2 1.34979E-2 6.91217E-3 1.5527E-2 2.40671E-2 3.42675E-2 3.9492E-2 3.97256E-2 5.8297E-2 6.82425E-2 5.65388E-2 7.27834E-2 6.60233E-2 8.22312E-2 8.71457E-2 8.84865E-2 8.00665E-2 9.07631E-2 1.16879E-1 1.1526E-1
-9999 -9999 -9999 -9999 -9999 -9999 -9999 -9999 -9999 -9999 -9999 -9999 -9999 -9999 -9999 -9999 -9999 -9999 -9999 -9999 1.45474E-2 1.02633E-2 6.35392E-3 3.38632E-3 3.86779E-3 1.81348E-3 5.34143E-4 3.26039E-4 1.56767E-4 3.40511E-4 3.48422E-4 2.44824E-4 2.81029E-4 6.78383E-4 1.39395E-3 3.16061E-3 1.78984E-3 8.11705E-3 7.99234E-3 1.08325E-2 2.94339E-3 9.6279E-3 5.61338E-3 4.59829E-3 9.59839E-3 3.97093E-3 1.37473E-2 1.43252E-2 1.27915E-2 2.50526E-2 3.15116E-2 2.82645E-2 5.10507E-2 5.48798E-2 7.60082E-2 8.19795E-2 6.30134E-2 7.68108E-2 6.62854E-2 8.17397E-2 8.19034E-2 8.28629E-2 1.20607E-1 1.16516E-1 1.20761E-1 1.06436E-1
-9999 -9999 -9999 -9999 -9999 -9999 -9999 -9999 -9999 -9999 -9999 -9999 -9999 -9999 -9999 -9999 -9999 -9999 -9999 -9999 8.98408E-3 1.13505E-2 6.35884E-3 3.17295E-3 3.38904E-3 2.11291E-3 3.25409E-4 1.03199E-4 2.55241E-5 4.45863E-5 2.8252E-4 2.70691E-4 4.72653E-4 6.87022E-4 1.46052E-3 3.35586E-3 3.23685E-3 8.59354E-3 8.59587E-3 1.06255E-2 3.55667E-3 4.57244E-3 1.29321E-2 1.51706E-2 6.92481E-3 4.05133E-3 1.12973E-2 1.28557E-2 2.34807E-2 3.6644E-2 3.07298E-2 3.8113E-2 5.42816E-2 5.25886E-2 5.19566E-2 9.36916E-2 8.44764E-2 8.61515E-2 8.78718E-2 8.40417E-2 8.71312E-2 1.03304E-1 1.18981E-1 1.14733E-1 1.41394E-1 1.57817E-1
-9999 -9999 -9999 -9999 -9999 -9999 -9999 -9999 -9999 -9999 -9999 -9999 -9999 -9999 -9999 -9999 -9999 -9999 -9999 -9999 -9999 1.46579E-2 9.10665E-3 4.69066E-3 4.37171E-3 2.02529E-3 2.63553E-4 7.88685E-5 9.34756E-5 3.69386E-5 2.15415E-4 2.28658E-4 3.83597E-4 6.58549E-4 2.0323E-3 2.43331E-3 3.05077E-3 6.61279E-3 3.10224E-3 7.56155E-3 2.47014E-3 2.58629E-3 5.33661E-3 1.19531E-2 1.07085E-2 4.49225E-3 5.94908E-3 1.50412E-2 2.86009E-2 3.32155E-2 3.06646E-2 5.79883E-2 5.84985E-2 5.68429E-2 5.63622E-2 9.17134E-2 1.20093E-1 9.86513E-2 8.39198E-2 7.76666E-2 7.57535E-2 1.11307E-1 1.16396E-1 1.17456E-1 1.11681E-1 1.29168E-1
-9999 -9999 -9999 -9999 -9999 -9999 -9999 -9999 -9999 -9999 -9999 -9999 -9999 -9999 -9999 -9999 -9999 -9999 -9999 -9999 1.82171E-2 2.53102E-2 7.25608E-3 3.71676E-3 3.14567E-3 2.56563E-3 2.72994E-4 2.71622E-5 3.19469E-5 6.71206E-5 1.75328E-4 1.85614E-4 3.13916E-4 1.57036E-4 2.08206E-3 1.5013E-3 2.97205E-3 6.56027E-3 2.60327E-3 2.1663E-3 1.71062E-3 1.73342E-3 2.69315E-3 8.3589E-3 1.58815E-2 5.45484E-3 7.52561E-3 1.67044E-2 3.65555E-2 3.19173E-2 4.05123E-2 5.68385E-2 5.95274E-2 8.01713E-2 6.50246E-2 9.95143E-2 9.28593E-2 9.05191E-2 7.89307E-2 7.0701E-2 1.15346E-1 8.9636E-2 1.15634E-1 1.18666E-1 1.45344E-1 1.32923E-1
-9999 -9999 -9999 -9999 -9999 -9999 -9999 -9999 -9999 -9999 -9999 -9999 -9999 -9999 -9999 -9999 -9999 -9999 -9999 -9999 -9999 2.4544E-2 1.11351E-2 5.68858E-3 3.44867E-3 3.121E-3 2.80794E-4 1.87787E-4 2.55014E-5 2.77699E-5 1.76924E-4 2.66526E-4 2.54056E-4 2.57314E-4 2.1793E-3 3.04674E-3 2.55938E-3 4.07152E-3 6.51912E-3 2.50622E-3 2.00599E-3 1.54266E-3 1.88825E-3 4.01702E-3 1.06712E-2 1.28402E-2 1.03944E-2 1.80946E-2 3.58417E-2 4.10423E-2 6.03425E-2 5.69788E-2 7.3974E-2 6.97701E-2 1.18091E-1 9.48366E-2 8.68026E-2 8.76793E-2 9.94084E-2 1.20902E-1 1.21946E-1 1.15626E-1 1.07423E-1 1.05672E-1 1.42426E-1 9.98362E-2
-9999 -9999 -9999 -9999 -9999 -9999 -9999 -9999 -9999 -9999 -9999 -9999 -9999 -9999 -9999 -9999 -9999 -9999 -9999 -9999 -9999 4.52953E-2 1.87536E-2 1.05573E-2 7.90693E-3 3.74673E-3 1.94083E-3 3.65774E-4 3.81339E-4 2.36234E-4 1.90606E-4 2.77253E-4 1.45537E-4 1.24095E-3 2.73242E-3 3.72951E-3 2.56124E-3 4.67194E-3 6.74776E-3 2.50699E-3 2.60297E-3 3.8272E-3 2.13104E-3 2.64414E-3 6.80474E-3 1.02289E-2 2.27873E-2 2.0775E-2 3.30028E-2 4.6238E-2 5.93292E-2 8.46164E-2 1.04366E-1 8.74237E-2 1.20045E-1 9.16358E-2 7.78399E-2 9.63369E-2 1.24164E-1 1.29583E-1 1.45729E-1 1.99074E-1 1.52094E-1 1.25101E-1 1.05766E-1 7.52003E-2
-9999 -9999 -9999 -9999 -9999 -9999 -9999 -9999 -9999 -9999 -9999 -9999 -9999 -9999 -9999 -9999 -9999 -9999 -9999 -9999 -9999 6.43883E-2 5.18231E-2 3.19333E-2 2.40088E-2 2.56737E-2 8.17924E-3 1.80883E-3 4.64537E-4 7.74857E-4 1.50612E-4 1.49422E-4 2.19926E-4 1.76903E-3 1.59956E-3 2.29522E-3 3.91345E-3 2.54283E-3 3.55125E-3 1.94389E-3 1.98837E-3 4.44461E-3 2.71143E-3 2.88228E-3 8.06166E-3 7.18411E-3 1.61284E-2 2.56463E-2 3.40641E-2 6.19569E-2 6.90706E-2 8.6611E-2 1.06579E-1 9.52455E-2 1.05319E-1 8.22387E-2 1.12476E-1 1.46387E-1 1.55068E-1 1.30523E-1 1.29577E-1 1.69379E-1 1.49877E-1 1.43526E-1 1.06385E-1 6.21021E-2
-9999 -9999 -9999 -9999 -9999 -9999 -9999 -9999 -9999 -9999 -9999 -9999 -9999 -9999 -9999 -9999 -9999 -9999 -9999 -9999 5.70121E-2 5.32796E-2 4.73885E-2 2.13311E-2 1.89189E-2 1.46639E-2 2.34439E-3 9.51455E-4 2.95418E-4 3.22662E-4 1.07204E-4 9.6896E-5 4.09239E-4 1.20342E-3 1.51809E-3 1.65564E-3 2.33327E-3 1.32664E-3 2.29212E-3 1.9882E-3 1.96227E-3 2.90731E-3 6.28905E-3 7.16461E-3 6.23013E-3 8.98261E-3 1.53191E-2 2.46763E-2 4.51499E-2 6.8983E-2 1.11101E-1 1.09525E-1 1.26483E-1 1.13971E-1 1.00066E-1 1.1623E-1 1.45434E-1 1.58536E-1 1.55235E-1 1.0968E-1 1.43885E-1 1.45401E-1 1.23318E-1 1.07563E-1 1.07148E-1 1.10074E-1
