Leopardus pardalis/Leopardus_pardalis_projection 2041-2060_novel.asc
ncols         515
nrows         545
xllcorner     -119.0
yllcorner     -58.333333333333
cellsize      0.166666666667
NODATA_value  -9999
[rows 360 to 389 of 545, columns 345 to 413 of 515]
6.85155E0 6.85155E0 6.85155E0 6.85155E0 2.0464E1 2.0464E1 2.0464E1 2.0464E1 2.0464E1 2.0464E1 2.0464E1 2.0464E1 2.0464E1 2.0464E1 2.0464E1 2.0464E1 2.0464E1 2.0464E1 2.0464E1 2.0464E1 2.0464E1 2.0464E1 2.0464E1 2.0464E1 2.0464E1 2.0464E1 2.0464E1 2.0464E1 2.0464E1 2.0464E1 2.80406E1 2.0464E1 2.0464E1 2.51042E1 2.0464E1 2.3491E1 2.22947E1 2.03915E1 1.86514E1 1.70564E1 1.60051E1 1.53888E1 1.51894E1 1.42106E1 1.35037E1 1.23437E1 1.10567E1 1.03317E1 9.42541E0 8.28349E0 7.95722E0 7.32282E0 7.01468E0 6.57966E0 6.38028E0 7.01468E0 8.5735E0 1.14918E1 1.37394E1 1.45731E1 1.47E1 1.35037E1 1.07305E1 9.6248E0 8.44662E0 7.32282E0 6.19902E0 6.19902E0 6.3259E0
6.85155E0 6.85155E0 6.85155E0 6.85155E0 2.0464E1 2.0464E1 2.0464E1 2.0464E1 2.0464E1 2.0464E1 2.0464E1 2.0464E1 2.0464E1 2.0464E1 2.0464E1 2.0464E1 2.0464E1 2.0464E1 2.0464E1 2.0464E1 2.0464E1 2.0464E1 2.0464E1 2.0464E1 2.0464E1 2.0464E1 2.0464E1 2.0464E1 2.0464E1 2.0464E1 2.0464E1 2.0464E1 2.0464E1 2.46873E1 2.40348E1 2.28204E1 2.09534E1 1.89958E1 1.73826E1 1.60776E1 1.49175E1 1.47E1 1.42106E1 1.37394E1 1.33587E1 1.27787E1 1.1383E1 1.03861E1 9.17165E0 7.81222E0 7.55846E0 6.8878E0 6.19902E0 6.03589E0 6.14464E0 6.38028E0 7.55846E0 9.42541E0 1.1383E1 1.20718E1 1.17093E1 1.0948E1 9.02664E0 7.68534E0 7.26844E0 6.39841E0 6.19902E0 6.19902E0 6.03589E0
6.85155E0 6.85155E0 6.85155E0 2.0464E1 2.0464E1 2.0464E1 2.0464E1 2.0464E1 2.0464E1 2.0464E1 2.0464E1 2.0464E1 2.0464E1 2.0464E1 2.0464E1 2.0464E1 2.0464E1 2.0464E1 2.0464E1 2.0464E1 2.0464E1 2.0464E1 2.0464E1 2.0464E1 2.0464E1 2.0464E1 2.0464E1 2.0464E1 2.0464E1 2.0464E1 2.0464E1 2.0464E1 2.0464E1 2.48686E1 2.0464E1 2.25304E1 1.9884E1 1.73826E1 1.57513E1 1.47E1 1.38662E1 1.33043E1 1.32137E1 1.30506E1 1.29781E1 1.26518E1 1.18724E1 1.07305E1 9.42541E0 7.81222E0 7.12344E0 6.38028E0 5.60087E0 5.60087E0 5.72775E0 5.99964E0 7.01468E0 7.81222E0 8.89976E0 9.42541E0 9.02664E0 8.28349E0 7.68534E0 6.8878E0 6.19902E0 5.83651E0 5.25648E0 5.25648E0 4.98459E0
6.85155E0 2.0464E1 2.0464E1 2.0464E1 2.0464E1 2.0464E1 2.0464E1 2.0464E1 2.0464E1 2.0464E1 2.0464E1 2.0464E1 2.0464E1 2.0464E1 2.0464E1 2.0464E1 2.0464E1 2.0464E1 2.0464E1 2.0464E1 2.0464E1 2.0464E1 2.0464E1 2.0464E1 2.0464E1 2.0464E1 2.0464E1 2.0464E1 2.0464E1 2.0464E1 2.0464E1 2.0464E1 2.0464E1 2.0464E1 2.0464E1 2.0464E1 1.82708E1 1.60051E1 1.44281E1 1.30324E1 1.27062E1 1.27062E1 1.26518E1 1.24705E1 1.26156E1 1.24343E1 1.20537E1 1.1238E1 9.42541E0 7.75784E0 6.76092E0 5.99964E0 5.11147E0 4.98459E0 5.34711E0 5.83651E0 6.14464E0 6.57966E0 7.32282E0 7.68534E0 7.55846E0 7.01468E0 6.38028E0 5.99964E0 5.16585E0 4.45895E0 4.45895E0 4.76708E0 5.34711E0
6.85155E0 2.0464E1 2.0464E1 2.0464E1 2.0464E1 2.0464E1 2.0464E1 2.0464E1 2.0464E1 2.0464E1 2.0464E1 2.0464E1 2.0464E1 2.0464E1 2.04278E1 2.0464E1 2.0464E1 2.0464E1 2.0464E1 2.0464E1 2.0464E1 2.0464E1 2.0464E1 2.0464E1 2.0464E1 2.0464E1 2.0464E1 2.0464E1 2.0464E1 2.0464E1 2.0464E1 2.0464E1 2.0464E1 2.0464E1 2.0464E1 1.91046E1 1.66757E1 1.46456E1 1.26881E1 1.17999E1 1.16911E1 1.18905E1 1.21262E1 1.23437E1 1.26156E1 1.26881E1 1.27787E1 1.23437E1 1.03861E1 8.28349E0 7.01468E0 5.60087E0 4.71271E0 4.33206E0 4.71271E0 5.11147E0 5.49212E0 6.19902E0 6.57966E0 6.8878E0 6.57966E0 6.14464E0 5.49212E0 4.93022E0 4.45895E0 4.04205E0 4.04205E0 4.5677E0 4.45895E0
2.0464E1 2.0464E1 2.0464E1 2.0464E1 2.0464E1 2.0464E1 2.0464E1 2.0464E1 2.84394E1 2.79681E1 2.71343E1 2.0464E1 2.0464E1 2.0464E1 2.08628E1 2.0464E1 2.0464E1 2.0464E1 2.0464E1 2.0464E1 2.0464E1 2.0464E1 2.0464E1 2.0464E1 2.0464E1 2.0464E1 2.0464E1 2.0464E1 2.0464E1 2.0464E1 2.0464E1 2.0464E1 2.0464E1 2.0464E1 2.0464E1 1.85246E1 1.58601E1 1.33043E1 1.17455E1 1.08211E1 1.08574E1 1.0948E1 1.16911E1 1.20537E1 1.24343E1 1.27787E1 1.29056E1 1.29056E1 1.17093E1 9.02664E0 7.01468E0 5.60087E0 4.5677E0 3.80642E0 3.4439E0 3.4439E0 4.45895E0 5.16585E0 5.99964E0 6.3259E0 5.83651E0 5.49212E0 4.93022E0 4.25956E0 3.80642E0 3.08138E0 3.08138E0 3.35327E0 3.80642E0
2.0464E1 2.0464E1 2.0464E1 2.0464E1 2.0464E1 2.0464E1 2.0464E1 2.79681E1 2.79681E1 2.84394E1 2.0464E1 2.0464E1 2.0464E1 2.00834E1 2.35817E1 2.0464E1 2.0464E1 2.0464E1 2.0464E1 2.0464E1 2.0464E1 2.0464E1 2.0464E1 2.0464E1 2.0464E1 2.0464E1 2.0464E1 2.0464E1 2.0464E1 2.0464E1 2.0464E1 2.0464E1 2.0464E1 2.0464E1 2.0464E1 1.77089E1 1.53525E1 1.32318E1 1.1383E1 1.0948E1 1.03861E1 1.04586E1 1.0948E1 1.17093E1 1.23437E1 1.26518E1 1.30506E1 1.34675E1 1.31049E1 9.49792E0 7.55846E0 6.19902E0 5.49212E0 4.16893E0 3.08138E0 2.51949E0 3.19014E0 4.45895E0 5.72775E0 5.99964E0 5.16585E0 4.93022E0 4.45895E0 3.67954E0 2.90013E0 2.26572E0 2.22947E0 2.51949E0 2.79137E0
2.0464E1 2.0464E1 2.0464E1 2.0464E1 2.0464E1 2.0464E1 2.0464E1 2.75693E1 2.882E1 2.882E1 2.0464E1 2.0464E1 2.04278E1 1.89415E1 2.0464E1 2.0464E1 2.0464E1 2.0464E1 2.0464E1 2.0464E1 2.0464E1 2.0464E1 2.0464E1 2.0464E1 2.0464E1 2.0464E1 2.0464E1 2.0464E1 2.0464E1 2.0464E1 2.0464E1 2.0464E1 2.0464E1 2.0464E1 1.99746E1 1.75458E1 1.52619E1 1.31049E1 1.0948E1 1.03861E1 9.6248E0 9.49792E0 1.03317E1 1.07305E1 1.14918E1 1.26518E1 1.31412E1 1.35037E1 1.14918E1 9.17165E0 7.81222E0 7.55846E0 7.12344E0 4.98459E0 3.35327E0 2.64637E0 3.08138E0 4.25956E0 5.16585E0 6.03589E0 4.93022E0 4.93022E0 4.5677E0 3.89705E0 3.53453E0 2.70074E0 2.26572E0 2.26572E0 2.37448E0
2.0464E1 2.0464E1 2.0464E1 2.0464E1 2.0464E1 2.0464E1 2.71343E1 2.84394E1 2.882E1 2.84394E1 2.0464E1 2.0464E1 1.86333E1 1.86333E1 2.0464E1 2.0464E1 2.0464E1 2.0464E1 2.0464E1 2.0464E1 2.0464E1 2.0464E1 2.0464E1 2.0464E1 2.0464E1 2.0464E1 2.0464E1 2.0464E1 2.0464E1 2.0464E1 2.0464E1 2.0464E1 2.0464E1 2.16966E1 1.94671E1 1.71289E1 1.46638E1 1.23437E1 1.07305E1 9.82418E0 9.17165E0 9.17165E0 9.42541E0 9.42541E0 9.6248E0 1.03317E1 1.07305E1 1.03317E1 9.42541E0 8.44662E0 8.44662E0 8.44662E0 8.44662E0 7.12344E0 5.49212E0 4.25956E0 3.80642E0 3.89705E0 4.04205E0 4.71271E0 4.16893E0 4.5677E0 4.71271E0 4.5677E0 3.80642E0 3.4439E0 3.08138E0 2.79137E0 2.64637E0
2.0464E1 2.0464E1 2.0464E1 2.0464E1 2.0464E1 2.63187E1 2.79681E1 2.882E1 2.882E1 2.67718E1 2.0464E1 2.00834E1 1.84702E1 1.92677E1 2.0464E1 2.0464E1 2.0464E1 2.0464E1 2.0464E1 2.0464E1 2.0464E1 2.0464E1 2.0464E1 2.0464E1 2.0464E1 2.0464E1 2.0464E1 2.0464E1 2.0464E1 2.0464E1 2.63912E1 2.44336E1 2.21135E1 2.01015E1 1.86514E1 1.62045E1 1.43556E1 1.22168E1 1.03861E1 9.42541E0 8.79101E0 8.44662E0 8.10223E0 7.95722E0 7.95722E0 8.10223E0 8.5735E0 8.10223E0 7.81222E0 7.95722E0 9.82418E0 1.20718E1 1.22168E1 1.58057E1 1.71289E1 1.56063E1 8.89976E0 6.39841E0 4.16893E0 3.19014E0 3.67954E0 4.93022E0 5.16585E0 4.45895E0 4.25956E0 4.45895E0 4.25956E0 3.67954E0 3.35327E0
2.0464E1 2.0464E1 2.0464E1 2.0464E1 2.67718E1 2.63187E1 2.75693E1 2.84394E1 2.79681E1 2.0464E1 2.0464E1 1.80533E1 1.80533E1 2.38717E1 2.0464E1 2.0464E1 2.0464E1 2.0464E1 2.0464E1 2.0464E1 2.0464E1 2.0464E1 2.0464E1 2.0464E1 2.0464E1 2.0464E1 2.0464E1 2.0464E1 2.98351E1 2.80406E1 2.63912E1 2.38535E1 2.16241E1 1.93221E1 1.71289E1 1.54976E1 1.35037E1 1.1383E1 9.6248E0 8.44662E0 7.95722E0 7.68534E0 7.26844E0 7.01468E0 6.8878E0 6.76092E0 6.39841E0 6.39841E0 6.76092E0 7.55846E0 1.03861E1 1.48269E1 1.96846E1 2.63912E1 3.09951E1 3.46021E1 2.77143E1 1.67664E1 7.12344E0 3.08138E0 3.35327E0 4.25956E0 4.16893E0 4.33206E0 4.76708E0 5.25648E0 5.60087E0 4.76708E0 4.45895E0
2.88381E1 2.88381E1 2.882E1 2.75693E1 2.67718E1 2.63187E1 2.75693E1 2.84394E1 2.71343E1 2.51042E1 1.97571E1 1.74914E1 1.74914E1 2.0464E1 2.0464E1 2.0464E1 2.0464E1 2.0464E1 2.0464E1 2.0464E1 2.0464E1 2.0464E1 2.0464E1 2.0464E1 2.0464E1 2.0464E1 3.26627E1 2.0464E1 2.71343E1 2.67718E1 2.5793E1 2.27479E1 2.04459E1 1.84702E1 1.62045E1 1.43556E1 1.22168E1 1.03861E1 8.79101E0 7.68534E0 7.32282E0 6.8878E0 6.3259E0 5.99964E0 5.60087E0 5.49212E0 5.34711E0 5.16585E0 5.72775E0 7.32282E0 1.03317E1 1.50444E1 2.44336E1 3.37684E1 4.0348E1 4.03661E1 3.66141E1 2.51042E1 1.35037E1 4.98459E0 4.04205E0 3.53453E0 3.80642E0 4.33206E0 4.93022E0 5.99964E0 6.14464E0 5.34711E0 5.34711E0
2.0464E1 2.88381E1 2.79681E1 2.71343E1 2.55574E1 2.71343E1 2.79681E1 2.79681E1 2.59924E1 2.0464E1 1.77814E1 1.66395E1 1.77814E1 2.0464E1 2.04278E1 2.04278E1 2.0464E1 2.0464E1 2.0464E1 2.0464E1 2.0464E1 2.0464E1 2.0464E1 2.0464E1 2.0464E1 2.0464E1 3.07413E1 2.63187E1 2.99982E1 2.71343E1 2.40711E1 2.16241E1 1.93221E1 1.7872E1 1.58057E1 1.40294E1 1.14918E1 9.49792E0 8.10223E0 7.32282E0 6.39841E0 5.83651E0 5.34711E0 5.11147E0 4.5677E0 4.33206E0 4.25956E0 4.04205E0 4.71271E0 6.03589E0 8.44662E0 1.5425E1 2.46873E1 3.31702E1 4.03661E1 3.84629E1 2.55574E1 2.42342E1 1.50444E1 7.32282E0 4.76708E0 3.53453E0 3.80642E0 4.76708E0 5.72775E0 6.19902E0 6.39841E0 6.14464E0 6.19902E0
2.88381E1 2.88381E1 2.84394E1 2.67718E1 2.55574E1 2.59924E1 2.71343E1 2.75693E1 2.0464E1 1.89415E1 1.66395E1 1.61863E1 1.77814E1 1.92677E1 2.0464E1 2.00834E1 2.0464E1 2.0464E1 2.0464E1 2.0464E1 2.0464E1 2.0464E1 2.0464E1 2.0464E1 2.0464E1 2.79681E1 2.79681E1 3.28439E1 2.97988E1 2.68443E1 2.29835E1 2.01015E1 1.82708E1 1.6567E1 1.50444E1 1.23437E1 9.82418E0 8.28349E0 7.12344E0 6.3259E0 5.72775E0 5.16585E0 4.76708E0 4.45895E0 3.89705E0 3.4439E0 3.08138E0 2.90013E0 3.53453E0 4.5677E0 6.39841E0 1.04586E1 1.67664E1 2.32554E1 3.02157E1 3.02157E1 2.32554E1 1.74914E1 1.14918E1 6.39841E0 4.5677E0 3.80642E0 4.71271E0 5.99964E0 7.32282E0 8.10223E0 7.95722E0 7.26844E0 6.23527E0
2.88381E1 2.882E1 2.79681E1 2.71343E1 2.63187E1 2.59924E1 2.67718E1 2.0464E1 1.97571E1 1.74914E1 1.59326E1 1.56244E1 1.89415E1 1.97571E1 1.97571E1 2.0464E1 2.0464E1 2.0464E1 2.0464E1 2.0464E1 2.0464E1 2.0464E1 2.0464E1 2.0464E1 2.0464E1 2.84394E1 3.3424E1 3.22639E1 2.93819E1 2.5793E1 2.16966E1 1.87964E1 1.63676E1 1.45731E1 1.31049E1 1.04586E1 8.5735E0 7.12344E0 6.03589E0 5.25648E0 4.76708E0 4.25956E0 3.80642E0 3.53453E0 3.19014E0 2.79137E0 2.51949E0 2.3201E0 2.51949E0 3.35327E0 4.76708E0 6.8878E0 1.03861E1 1.50444E1 1.77089E1 1.84702E1 1.56063E1 1.10567E1 7.32282E0 5.34711E0 4.71271E0 5.11147E0 6.03589E0 7.4497E0 9.42541E0 1.03861E1 9.82418E0 8.68225E0 -9999
2.88381E1 2.88381E1 2.84394E1 2.63187E1 2.55574E1 2.59924E1 2.63187E1 2.0464E1 1.61863E1 1.61863E1 1.51894E1 1.61863E1 1.89415E1 1.86333E1 1.92677E1 2.0464E1 2.0464E1 2.0464E1 2.0464E1 2.0464E1 2.0464E1 2.0464E1 2.0464E1 2.0464E1 2.71343E1 3.47834E1 3.07413E1 3.21733E1 2.97988E1 2.5793E1 2.11347E1 1.81258E1 1.50444E1 1.26337E1 1.04586E1 8.5735E0 7.12344E0 5.99964E0 5.16585E0 4.45895E0 4.04205E0 3.4439E0 3.19014E0 3.19014E0 2.90013E0 2.37448E0 2.22947E0 2.08447E0 2.15697E0 2.26572E0 2.90013E0 4.04205E0 5.49212E0 6.8878E0 7.81222E0 8.44662E0 7.68534E0 6.38028E0 5.11147E0 4.5677E0 4.76708E0 -9999 6.8878E0 9.49792E0 1.22168E1 1.20718E1 9.47979E0 7.14156E0 -9999
2.88381E1 2.88381E1 2.88381E1 2.63187E1 2.48867E1 2.48867E1 2.0464E1 2.0464E1 1.56244E1 1.40112E1 1.44644E1 1.56244E1 1.77814E1 1.92677E1 2.0464E1 2.0464E1 2.0464E1 2.0464E1 2.0464E1 2.0464E1 2.0464E1 2.0464E1 2.0464E1 2.35817E1 2.67718E1 2.71343E1 2.0464E1 2.0464E1 2.0464E1 2.5793E1 2.11347E1 1.73283E1 1.42106E1 1.10567E1 8.89976E0 7.55846E0 6.19902E0 5.16585E0 4.33206E0 3.53453E0 2.79137E0 2.51949E0 2.51949E0 2.3201E0 2.01196E0 1.90321E0 1.81258E0 1.95759E0 1.90321E0 1.74008E0 1.90321E0 2.08447E0 2.51949E0 3.19014E0 3.53453E0 3.53453E0 3.35327E0 3.08138E0 2.90013E0 3.08138E0 4.25956E0 -9999 -9999 9.49792E0 3.5164E0 -9999 8.06598E0 -9999 -9999
2.88381E1 2.88381E1 2.88381E1 2.75693E1 2.51042E1 2.43611E1 2.0464E1 1.66395E1 1.51894E1 1.37575E1 1.40112E1 1.44644E1 1.80533E1 2.0464E1 2.0464E1 2.0464E1 2.0464E1 2.0464E1 2.0464E1 2.0464E1 2.0464E1 2.0464E1 2.32554E1 2.0464E1 2.0464E1 2.0464E1 2.0464E1 2.0464E1 2.95269E1 2.61918E1 2.16241E1 1.75458E1 1.3685E1 1.03317E1 8.10223E0 7.26844E0 6.14464E0 4.76708E0 3.80642E0 2.90013E0 2.37448E0 2.15697E0 1.95759E0 1.6857E0 1.57694E0 1.64945E0 1.64945E0 1.64945E0 1.81258E0 1.79445E0 1.64945E0 1.79445E0 1.79445E0 1.81258E0 1.74008E0 1.6857E0 1.6857E0 1.81258E0 2.22947E0 3.19014E0 4.5677E0 -9999 -9999 -9999 -9999 -9999 7.14156E0 -9999 -9999
2.88381E1 2.88381E1 2.88381E1 2.55574E1 2.48867E1 2.38717E1 1.89415E1 1.47906E1 1.44644E1 1.37575E1 1.37575E1 1.47906E1 2.0464E1 2.0464E1 2.0464E1 2.0464E1 2.0464E1 2.0464E1 2.0464E1 2.0464E1 2.0464E1 2.1896E1 2.0464E1 2.0464E1 2.0464E1 2.0464E1 2.0464E1 2.0464E1 2.97263E1 2.63912E1 2.16241E1 1.77089E1 1.45731E1 1.0948E1 8.5735E0 7.4497E0 6.19902E0 4.93022E0 3.53453E0 2.64637E0 2.22947E0 1.90321E0 1.46819E0 1.45006E0 1.37756E0 1.46819E0 1.64945E0 1.46819E0 1.6857E0 1.74008E0 1.74008E0 2.15697E0 3.53453E0 4.45895E0 4.25956E0 2.70074E0 2.3201E0 2.70074E0 2.90013E0 4.04205E0 5.25648E0 -9999 -9999 -9999 -9999 4.89396E0 -9999 -9999 -9999
2.88381E1 2.88381E1 2.67718E1 2.35817E1 2.26935E1 2.0464E1 1.70564E1 1.37575E1 1.37575E1 1.26518E1 1.34493E1 2.0464E1 2.0464E1 2.0464E1 2.0464E1 2.0464E1 2.0464E1 2.0464E1 2.0464E1 2.0464E1 2.0464E1 2.48867E1 2.35817E1 2.0464E1 2.0464E1 2.0464E1 3.34058E1 3.1412E1 2.87656E1 2.52855E1 2.08628E1 1.7872E1 1.50444E1 1.17093E1 9.42541E0 8.10223E0 6.76092E0 5.34711E0 4.25956E0 2.70074E0 2.01196E0 1.74008E0 1.37756E0 1.1963E0 1.32318E0 1.46819E0 1.79445E0 1.74008E0 1.90321E0 2.01196E0 2.64637E0 3.53453E0 4.5677E0 5.11147E0 5.25648E0 4.5677E0 4.45895E0 4.45895E0 4.93022E0 5.83651E0 -9999 -9999 -9999 -9999 -9999 -9999 -9999 -9999 -9999
2.88381E1 2.88381E1 2.51042E1 2.32554E1 2.26935E1 2.08628E1 1.37575E1 1.26518E1 1.34493E1 1.14736E1 2.04278E1 2.0464E1 2.0464E1 2.0464E1 2.0464E1 2.0464E1 2.0464E1 2.0464E1 2.0464E1 2.0464E1 2.0464E1 2.04278E1 2.32554E1 2.0464E1 2.0464E1 2.0464E1 2.0464E1 2.88381E1 2.71343E1 2.38535E1 1.99928E1 1.73283E1 1.5425E1 1.33587E1 1.1383E1 1.04586E1 9.02664E0 6.19902E0 4.33206E0 2.79137E0 1.95759E0 1.57694E0 1.1963E0 1.14192E0 1.45006E0 1.64945E0 1.95759E0 2.01196E0 2.15697E0 2.64637E0 4.71271E0 5.11147E0 5.72775E0 6.38028E0 6.39841E0 6.14464E0 6.03589E0 5.83651E0 6.3259E0 6.85155E0 -9999 -9999 -9999 -9999 7.14156E0 -9999 -9999 -9999 -9999
2.88381E1 2.88381E1 2.51042E1 2.1896E1 1.97571E1 1.56244E1 1.23255E1 1.23255E1 1.19449E1 1.40112E1 2.00834E1 2.0464E1 2.0464E1 2.0464E1 2.0464E1 2.0464E1 2.0464E1 2.75693E1 2.0464E1 2.0464E1 2.51042E1 2.22222E1 2.0464E1 2.0464E1 2.0464E1 2.0464E1 2.0464E1 2.0464E1 2.63912E1 2.27479E1 1.95034E1 1.71289E1 1.48269E1 1.28693E1 1.1383E1 1.1383E1 1.03861E1 7.26844E0 4.98459E0 3.19014E0 2.08447E0 1.46819E0 1.1963E0 1.14192E0 1.57694E0 1.95759E0 2.26572E0 2.37448E0 2.51949E0 3.80642E0 4.98459E0 5.72775E0 6.19902E0 6.38028E0 6.57966E0 6.8878E0 7.01468E0 7.12344E0 7.68534E0 -9999 -9999 -9999 -9999 6.28965E0 -9999 -9999 -9999 -9999 -9999
2.88381E1 2.882E1 2.26935E1 1.84702E1 1.74914E1 1.30143E1 1.08392E1 1.19449E1 1.51894E1 2.48867E1 2.0464E1 2.0464E1 2.0464E1 2.0464E1 2.79681E1 2.67718E1 2.88381E1 2.88381E1 2.88381E1 2.32554E1 2.14066E1 1.86333E1 2.0464E1 2.0464E1 2.88381E1 2.0464E1 2.0464E1 2.0464E1 2.48686E1 2.16241E1 1.91771E1 1.63676E1 1.3685E1 1.1238E1 1.01142E1 9.6248E0 8.5735E0 7.12344E0 5.16585E0 3.4439E0 1.95759E0 1.45006E0 1.26881E0 1.1963E0 1.6857E0 1.90321E0 2.51949E0 2.79137E0 3.4439E0 4.04205E0 4.5677E0 5.34711E0 6.14464E0 6.39841E0 7.26844E0 7.12344E0 7.32282E0 7.81222E0 -9999 -9999 -9999 -9999 6.28965E0 -9999 -9999 -9999 -9999 -9999 -9999
2.88381E1 2.71343E1 2.35817E1 1.74914E1 1.30143E1 1.08392E1 1.08392E1 1.19449E1 2.32554E1 2.88381E1 2.88381E1 2.88381E1 2.88381E1 2.882E1 2.55574E1 2.75693E1 2.882E1 2.88381E1 2.79681E1 2.1896E1 1.56244E1 1.84702E1 2.0464E1 2.0464E1 2.88381E1 2.88381E1 2.88381E1 2.0464E1 2.42342E1 2.04459E1 1.82708E1 1.54976E1 1.17093E1 1.01142E1 9.02664E0 8.28349E0 7.26844E0 6.14464E0 4.76708E0 3.19014E0 2.15697E0 1.57694E0 1.26881E0 1.32318E0 1.57694E0 1.74008E0 2.22947E0 2.79137E0 3.67954E0 4.16893E0 4.71271E0 5.60087E0 6.57966E0 7.01468E0 7.55846E0 8.10223E0 8.89976E0 -9999 -9999 -9999 -9999 -9999 -9999 -9999 -9999 -9999 -9999 -9999 -9999
2.88381E1 2.48867E1 2.22222E1 1.80533E1 1.23255E1 9.47979E0 1.19449E1 2.59924E1 2.88381E1 2.88381E1 2.88381E1 2.88381E1 2.882E1 2.67718E1 2.38717E1 2.84394E1 2.88381E1 2.88381E1 2.59924E1 2.26935E1 1.70564E1 1.97571E1 2.0464E1 2.0464E1 2.88381E1 2.88381E1 2.85844E1 2.5793E1 2.23672E1 1.97934E1 1.6567E1 1.40294E1 1.07305E1 8.89976E0 7.68534E0 7.01468E0 6.38028E0 5.25648E0 4.04205E0 2.79137E0 2.08447E0 1.45006E0 1.14192E0 1.14192E0 1.26881E0 1.57694E0 1.95759E0 2.3201E0 3.08138E0 3.89705E0 4.5677E0 5.34711E0 6.14464E0 6.8878E0 8.10223E0 8.89976E0 4.15081E0 -9999 -9999 -9999 -9999 -9999 -9999 -9999 -9999 -9999 -9999 -9999 -9999
2.67718E1 2.14066E1 2.00834E1 1.44644E1 9.87856E0 1.51894E1 2.26935E1 2.38717E1 2.88381E1 2.88381E1 2.88381E1 2.88381E1 2.71343E1 2.43611E1 2.35817E1 2.55574E1 2.84394E1 2.88381E1 2.22222E1 2.00834E1 1.44644E1 2.14066E1 2.88381E1 2.88381E1 2.88381E1 2.88381E1 2.71343E1 2.44336E1 2.06634E1 1.86514E1 1.56969E1 1.28693E1 1.01142E1 8.10223E0 7.01468E0 6.03589E0 5.34711E0 4.71271E0 3.67954E0 2.51949E0 2.01196E0 1.57694E0 1.26881E0 1.14192E0 1.45006E0 1.6857E0 1.90321E0 2.08447E0 2.70074E0 3.4439E0 4.45895E0 5.34711E0 6.3259E0 7.4497E0 9.02664E0 -9999 -9999 -9999 -9999 -9999 -9999 -9999 -9999 -9999 -9999 -9999 -9999 -9999 -9999
2.55574E1 2.67718E1 1.80533E1 1.08392E1 9.47979E0 3.12489E1 3.50372E1 2.88381E1 2.88381E1 2.88381E1 2.88381E1 2.88381E1 2.882E1 2.51042E1 2.04278E1 2.51042E1 2.882E1 2.79681E1 2.35817E1 1.47906E1 1.84702E1 2.35817E1 2.88381E1 2.88381E1 2.88381E1 2.83669E1 2.61918E1 2.34367E1 2.0319E1 1.73283E1 1.48269E1 1.22168E1 9.6248E0 7.81222E0 6.57966E0 5.60087E0 4.98459E0 4.16893E0 3.4439E0 2.64637E0 2.08447E0 1.81258E0 1.6857E0 1.74008E0 1.74008E0 1.81258E0 2.01196E0 2.51949E0 2.90013E0 3.67954E0 4.5677E0 5.60087E0 6.76092E0 7.95722E0 3.5164E0 -9999 -9999 -9999 -9999 -9999 -9999 -9999 -9999 -9999 -9999 -9999 -9999 -9999 -9999
2.22222E1 2.32554E1 1.66395E1 8.89976E0 7.63096E0 2.14066E1 2.88381E1 2.88381E1 2.88381E1 2.88381E1 2.88381E1 2.88381E1 2.88381E1 2.71343E1 2.00834E1 2.59924E1 2.67718E1 2.35817E1 2.22222E1 1.47906E1 1.19449E1 1.89415E1 2.48867E1 2.84394E1 2.55574E1 2.68443E1 2.51042E1 2.21135E1 1.93221E1 1.63676E1 1.46638E1 1.20718E1 9.49792E0 7.81222E0 6.76092E0 5.72775E0 4.98459E0 4.16893E0 3.4439E0 2.70074E0 2.3201E0 2.26572E0 2.22947E0 2.3201E0 2.26572E0 2.37448E0 2.51949E0 2.70074E0 3.35327E0 4.04205E0 4.93022E0 5.72775E0 6.76092E0 4.15081E0 3.5164E0 4.89396E0 -9999 -9999 -9999 -9999 -9999 -9999 -9999 -9999 -9999 -9999 -9999 -9999 -9999
2.63187E1 2.00834E1 1.70564E1 1.03317E1 6.85155E0 1.30143E1 2.88381E1 2.88381E1 2.88381E1 2.88381E1 2.55574E1 2.88381E1 2.88381E1 2.48867E1 1.86333E1 2.59924E1 2.48867E1 2.00834E1 2.00834E1 1.51894E1 1.30143E1 2.35817E1 2.71343E1 2.67718E1 2.63187E1 2.55392E1 2.34367E1 2.06634E1 1.87964E1 1.59326E1 1.45731E1 1.23437E1 1.03317E1 8.5735E0 7.12344E0 5.99964E0 5.16585E0 4.45895E0 3.4439E0 2.70074E0 2.64637E0 2.64637E0 3.08138E0 3.53453E0 3.53453E0 3.08138E0 3.19014E0 3.4439E0 3.53453E0 4.16893E0 4.98459E0 6.14464E0 1.99384E0 4.89396E0 6.85155E0 -9999 -9999 -9999 -9999 -9999 -9999 -9999 -9999 -9999 -9999 -9999 -9999 -9999 -9999
2.88381E1 2.32554E1 1.66395E1 1.40112E1 7.63096E0 6.28965E0 1.59326E1 2.88381E1 2.88381E1 2.88381E1 2.32554E1 2.88381E1 2.88381E1 2.67718E1 1.77814E1 2.43611E1 2.14066E1 1.86333E1 1.80533E1 1.03317E1 1.47906E1 2.43611E1 2.88381E1 2.77143E1 2.60286E1 2.32554E1 2.14247E1 1.97934E1 1.82708E1 1.62045E1 1.46638E1 1.35037E1 1.14918E1 9.82418E0 7.75784E0 6.39841E0 5.25648E0 4.45895E0 3.80642E0 3.35327E0 3.4439E0 3.53453E0 3.80642E0 4.45895E0 4.71271E0 4.25956E0 3.89705E0 4.04205E0 4.25956E0 4.71271E0 5.34711E0 4.15081E0 1.43194E0 4.89396E0 6.28965E0 -9999 -9999 -9999 -9999 -9999 -9999 -9999 -9999 -9999 -9999 -9999 -9999 -9999 -9999
