Leopardus pardalis/Leopardus_pardalis.asc
ncols         515
nrows         545
xllcorner     -119.0
yllcorner     -58.333333333333
cellsize      0.166666666667
NODATA_value  -9999
[rows 319 to 347 of 545, columns 330 to 395 of 515]
4.80658E-1 4.89242E-1 4.54634E-1 3.98133E-1 3.70107E-1 3.49507E-1 3.56539E-1 3.4872E-1 3.39824E-1 3.37168E-1 3.26328E-1 4.46758E-1 4.53804E-1 4.40084E-1 3.88987E-1 3.85504E-1 4.09053E-1 4.03823E-1 4.10869E-1 3.75687E-1 3.76308E-1 3.8522E-1 3.95501E-1 4.06673E-1 4.16261E-1 4.34981E-1 4.60649E-1 4.78933E-1 5.09022E-1 5.41707E-1 5.97945E-1 6.45694E-1 5.42176E-1 5.86974E-1 6.33625E-1 6.5739E-1 6.41806E-1 6.47632E-1 5.81153E-1 6.35153E-1 6.47127E-1 6.73037E-1 7.79179E-1 7.84111E-1 7.72915E-1 7.66945E-1 7.48579E-1 7.30385E-1 7.33387E-1 7.55247E-1 7.87152E-1 7.53213E-1 7.54975E-1 7.6502E-1 7.71926E-1 7.83023E-1 7.89935E-1 7.82834E-1 8.23501E-1 8.32604E-1 8.32426E-1 8.35891E-1 8.36722E-1 8.46093E-1 8.53041E-1 8.52369E-1
4.67417E-1 4.37708E-1 4.42941E-1 3.89104E-1 4.15737E-1 4.09439E-1 3.48251E-1 3.36532E-1 3.30123E-1 4.54495E-1 4.43311E-1 4.37135E-1 4.20701E-1 4.19175E-1 3.86875E-1 3.85988E-1 3.93818E-1 3.94782E-1 3.98682E-1 3.8815E-1 3.98125E-1 3.97396E-1 3.76522E-1 3.76731E-1 4.02775E-1 4.20044E-1 4.40807E-1 4.67505E-1 4.78442E-1 5.15951E-1 5.78728E-1 6.35955E-1 5.40936E-1 5.81043E-1 6.22914E-1 6.47926E-1 6.59319E-1 6.70281E-1 6.08579E-1 6.22319E-1 6.44787E-1 6.49606E-1 7.56029E-1 7.82397E-1 8.10069E-1 7.51295E-1 7.27177E-1 7.11535E-1 7.26866E-1 7.54581E-1 7.68231E-1 7.92745E-1 7.99779E-1 7.51637E-1 7.9658E-1 7.95423E-1 7.73508E-1 8.13253E-1 8.15994E-1 8.2101E-1 8.26446E-1 8.25292E-1 8.25508E-1 8.2834E-1 8.31588E-1 8.42947E-1
4.4308E-1 4.15595E-1 4.08995E-1 3.76018E-1 3.58368E-1 3.65816E-1 2.90734E-1 4.06935E-1 4.02465E-1 3.92798E-1 3.90352E-1 3.86788E-1 4.21247E-1 4.21194E-1 3.88933E-1 3.80726E-1 3.8049E-1 3.83166E-1 3.89412E-1 3.88789E-1 3.91971E-1 3.87292E-1 4.08638E-1 4.06492E-1 4.18575E-1 4.24518E-1 4.18346E-1 4.418E-1 4.70319E-1 5.09946E-1 5.68737E-1 6.21061E-1 5.4052E-1 5.83195E-1 6.20354E-1 6.37924E-1 6.46294E-1 6.46693E-1 6.58536E-1 6.19936E-1 7.12244E-1 6.85848E-1 7.37502E-1 7.76168E-1 7.96127E-1 7.28435E-1 7.03989E-1 7.13897E-1 7.17313E-1 7.39795E-1 7.7369E-1 7.82776E-1 8.01291E-1 7.79862E-1 7.93456E-1 7.85553E-1 7.87607E-1 8.07522E-1 8.08734E-1 8.10679E-1 8.14662E-1 8.1396E-1 8.15691E-1 8.24711E-1 8.15643E-1 8.20216E-1
4.21389E-1 4.71897E-1 4.0034E-1 5.34983E-1 4.74099E-1 3.72988E-1 4.62514E-1 3.92217E-1 3.85659E-1 3.79165E-1 3.77691E-1 3.71884E-1 3.65816E-1 3.58258E-1 3.42468E-1 3.23994E-1 3.63535E-1 3.6878E-1 3.71536E-1 3.95131E-1 3.99783E-1 4.01801E-1 4.13127E-1 4.18614E-1 4.14646E-1 4.26244E-1 4.34295E-1 4.60105E-1 4.55427E-1 4.99216E-1 5.40198E-1 5.95492E-1 5.13915E-1 6.86978E-1 5.91179E-1 6.2093E-1 6.31054E-1 6.33584E-1 6.53063E-1 5.91632E-1 6.49943E-1 6.67972E-1 7.36751E-1 7.70656E-1 7.76985E-1 7.06784E-1 6.90879E-1 7.21258E-1 7.16523E-1 7.30483E-1 7.8672E-1 7.82371E-1 7.96643E-1 7.66185E-1 7.78633E-1 7.84689E-1 7.73606E-1 7.97565E-1 7.99862E-1 8.02618E-1 8.00553E-1 8.02281E-1 8.01156E-1 8.13683E-1 8.10574E-1 7.99204E-1
4.59297E-1 3.99345E-1 4.0428E-1 5.31241E-1 4.26545E-1 5.35315E-1 4.96675E-1 4.02921E-1 3.07419E-1 2.95462E-1 3.54548E-1 3.56332E-1 3.41205E-1 3.34631E-1 3.46082E-1 3.43092E-1 3.35263E-1 3.21886E-1 3.34523E-1 3.9866E-1 4.0881E-1 4.17081E-1 4.1599E-1 4.07573E-1 4.02306E-1 4.02163E-1 4.25004E-1 4.39379E-1 4.58149E-1 5.05909E-1 5.7039E-1 5.86085E-1 5.02976E-1 5.40145E-1 5.79882E-1 5.93961E-1 6.25822E-1 6.35034E-1 6.4584E-1 5.96239E-1 7.156E-1 6.89074E-1 7.29806E-1 7.65866E-1 7.28755E-1 6.79801E-1 6.8E-1 6.94744E-1 7.16036E-1 7.38148E-1 7.73597E-1 7.73616E-1 7.87026E-1 7.9106E-1 7.5642E-1 7.54772E-1 7.69564E-1 7.91338E-1 8.00454E-1 7.98834E-1 8.05376E-1 8.00551E-1 8.00074E-1 8.00337E-1 8.02229E-1 7.87098E-1
4.55343E-1 4.15498E-1 3.8113E-1 3.25214E-1 4.39639E-1 4.49887E-1 3.96976E-1 3.71921E-1 3.51476E-1 3.30733E-1 2.94203E-1 3.55689E-1 3.37506E-1 3.30193E-1 3.40068E-1 3.40221E-1 3.6317E-1 3.65365E-1 3.58845E-1 4.15917E-1 4.22975E-1 4.07585E-1 4.04115E-1 3.99598E-1 3.86303E-1 3.77632E-1 3.99968E-1 4.25321E-1 4.5127E-1 4.94585E-1 5.6502E-1 4.86016E-1 5.32174E-1 5.62101E-1 5.49263E-1 5.78445E-1 6.17288E-1 6.2213E-1 5.92053E-1 6.35715E-1 7.18969E-1 6.82793E-1 7.05624E-1 7.5789E-1 7.31945E-1 6.77231E-1 6.89713E-1 6.81471E-1 7.02986E-1 7.60828E-1 7.82207E-1 7.55949E-1 7.48972E-1 7.41289E-1 7.76974E-1 7.4509E-1 7.46412E-1 7.55819E-1 7.78069E-1 7.90621E-1 7.87207E-1 7.9174E-1 7.88048E-1 7.82356E-1 7.79598E-1 7.74455E-1
4.6046E-1 4.36213E-1 3.53706E-1 3.68625E-1 4.63847E-1 4.47012E-1 4.22855E-1 3.80529E-1 3.61541E-1 3.43547E-1 3.26599E-1 3.17605E-1 2.78745E-1 3.32688E-1 3.36965E-1 3.49983E-1 3.6297E-1 3.7808E-1 3.89238E-1 4.02979E-1 3.98947E-1 3.74437E-1 3.4401E-1 3.88233E-1 3.23897E-1 3.69274E-1 3.67502E-1 3.93074E-1 4.40034E-1 4.81025E-1 5.33976E-1 6.07257E-1 5.21867E-1 5.48963E-1 5.80599E-1 6.17025E-1 6.11543E-1 6.31968E-1 6.98434E-1 6.32202E-1 6.7635E-1 6.61184E-1 7.47048E-1 7.41403E-1 6.48827E-1 6.6305E-1 7.28882E-1 7.25323E-1 7.50998E-1 7.70241E-1 7.67845E-1 7.43947E-1 7.34056E-1 7.32895E-1 7.25869E-1 7.43181E-1 7.11465E-1 7.53439E-1 7.6318E-1 7.70828E-1 7.77779E-1 7.82054E-1 7.81332E-1 7.79364E-1 8.19336E-1 8.17472E-1
5.50354E-1 4.79153E-1 4.48104E-1 4.39194E-1 3.92804E-1 4.77824E-1 4.37003E-1 4.00176E-1 3.79378E-1 3.51056E-1 3.21913E-1 3.1329E-1 2.976E-1 2.5838E-1 2.59509E-1 3.72901E-1 3.53276E-1 3.69091E-1 3.88882E-1 3.90595E-1 4.13022E-1 3.9476E-1 3.50134E-1 3.49452E-1 3.03179E-1 2.97167E-1 3.02646E-1 3.70952E-1 3.97873E-1 4.43006E-1 5.11242E-1 5.74998E-1 4.99424E-1 5.31374E-1 5.85547E-1 6.12697E-1 6.38296E-1 6.32856E-1 6.1979E-1 6.35387E-1 6.31129E-1 6.66384E-1 6.74839E-1 6.57843E-1 6.30041E-1 6.30661E-1 6.5831E-1 7.38447E-1 7.26358E-1 7.49682E-1 7.59057E-1 7.74718E-1 7.2911E-1 7.17175E-1 7.16549E-1 7.19065E-1 6.90335E-1 7.3496E-1 7.58909E-1 7.69648E-1 7.71259E-1 7.68412E-1 7.73833E-1 8.11709E-1 8.09226E-1 8.05192E-1
5.7882E-1 5.42058E-1 5.43135E-1 4.93531E-1 5.6752E-1 5.18918E-1 4.6381E-1 4.24535E-1 3.18262E-1 3.57865E-1 3.27989E-1 3.02952E-1 2.91485E-1 2.56348E-1 3.46257E-1 3.53157E-1 3.8116E-1 3.61517E-1 3.73631E-1 3.07617E-1 3.86933E-1 3.66039E-1 3.46338E-1 3.26062E-1 3.14433E-1 3.01835E-1 3.04502E-1 3.16311E-1 3.20331E-1 4.28773E-1 4.88048E-1 5.62077E-1 5.06392E-1 5.40388E-1 5.76761E-1 6.02631E-1 6.42863E-1 6.45514E-1 6.19374E-1 6.18759E-1 6.17978E-1 6.36199E-1 6.52415E-1 6.25749E-1 6.17544E-1 6.11814E-1 6.98515E-1 7.29394E-1 7.50268E-1 7.46986E-1 7.57659E-1 7.511E-1 7.58775E-1 7.38782E-1 7.02126E-1 7.22616E-1 7.3078E-1 7.72182E-1 7.50425E-1 8.23281E-1 8.29324E-1 8.09108E-1 7.99306E-1 8.11459E-1 7.92708E-1 7.89643E-1
6.21792E-1 5.91216E-1 5.65443E-1 5.05482E-1 4.72374E-1 5.96522E-1 5.30697E-1 3.90176E-1 3.56668E-1 3.3034E-1 2.95017E-1 2.54431E-1 2.9188E-1 3.61398E-1 3.46217E-1 3.58359E-1 3.66682E-1 2.77267E-1 2.81333E-1 2.83608E-1 2.89303E-1 2.89671E-1 2.67932E-1 3.53919E-1 3.29355E-1 3.89543E-1 4.0169E-1 3.08632E-1 3.53559E-1 4.23295E-1 4.92828E-1 5.80005E-1 5.02153E-1 5.28542E-1 5.69502E-1 6.04427E-1 6.46454E-1 6.55608E-1 6.25655E-1 6.17625E-1 6.11301E-1 6.20794E-1 6.26363E-1 6.17807E-1 6.07868E-1 6.32999E-1 7.01735E-1 7.15954E-1 7.47449E-1 7.43192E-1 7.49107E-1 7.48356E-1 7.35333E-1 7.26306E-1 7.40607E-1 7.25343E-1 7.33444E-1 7.68156E-1 7.59007E-1 8.30369E-1 8.35122E-1 8.19459E-1 7.88498E-1 7.90235E-1 7.70109E-1 7.56496E-1
7.20469E-1 6.45437E-1 6.03176E-1 5.69407E-1 5.10689E-1 6.21843E-1 5.59678E-1 4.29406E-1 3.51573E-1 4.2011E-1 3.19525E-1 2.82487E-1 2.28332E-1 3.66422E-1 3.21201E-1 3.44024E-1 3.57017E-1 3.67186E-1 2.61338E-1 2.69004E-1 2.76312E-1 3.6513E-1 3.59989E-1 3.48146E-1 3.04064E-1 3.01769E-1 3.1405E-1 3.03736E-1 3.48662E-1 4.07284E-1 5.39499E-1 5.58874E-1 4.62484E-1 4.93001E-1 5.5559E-1 5.92934E-1 6.28091E-1 6.46921E-1 6.17132E-1 6.44408E-1 6.31688E-1 6.37673E-1 6.36342E-1 6.21727E-1 6.16619E-1 6.40407E-1 7.23149E-1 7.31865E-1 7.56751E-1 7.39848E-1 7.46306E-1 7.40683E-1 7.27702E-1 7.28635E-1 7.26017E-1 7.08318E-1 7.22292E-1 7.77744E-1 8.08097E-1 8.1685E-1 8.26303E-1 8.15011E-1 7.8177E-1 7.52891E-1 7.29898E-1 7.19256E-1
7.82387E-1 6.43201E-1 5.59167E-1 5.3757E-1 5.82919E-1 6.80972E-1 5.71253E-1 5.08676E-1 4.50635E-1 3.17183E-1 3.87615E-1 2.82177E-1 2.54939E-1 2.98687E-1 3.68035E-1 2.94139E-1 2.95989E-1 3.74704E-1 3.85092E-1 3.83198E-1 2.81468E-1 3.82534E-1 3.72485E-1 3.28365E-1 3.15157E-1 3.08761E-1 3.17756E-1 2.46489E-1 3.58189E-1 4.08021E-1 4.81518E-1 5.78019E-1 4.45752E-1 4.78359E-1 5.25545E-1 5.71154E-1 6.18536E-1 6.45547E-1 6.19625E-1 6.62229E-1 6.61408E-1 6.50562E-1 6.29094E-1 6.20135E-1 6.11254E-1 6.4985E-1 7.02417E-1 7.08454E-1 7.3084E-1 7.53441E-1 7.45994E-1 7.36116E-1 7.35644E-1 7.22586E-1 7.30281E-1 7.57768E-1 7.6221E-1 8.13488E-1 7.87753E-1 7.93684E-1 7.92796E-1 7.81088E-1 7.46657E-1 7.24841E-1 7.00799E-1 6.99902E-1
8.01379E-1 4.83106E-1 5.04733E-1 6.00396E-1 6.78855E-1 6.38008E-1 5.78356E-1 5.10182E-1 4.50008E-1 3.18859E-1 3.10853E-1 2.56053E-1 2.65961E-1 2.23612E-1 3.08741E-1 2.97842E-1 2.95453E-1 3.05448E-1 2.6668E-1 2.69827E-1 2.68781E-1 3.59915E-1 3.54428E-1 3.5051E-1 3.42807E-1 2.24407E-1 2.41647E-1 2.57341E-1 3.64357E-1 4.2329E-1 4.73915E-1 5.67986E-1 6.11182E-1 4.99992E-1 5.13191E-1 5.61077E-1 6.01421E-1 6.2976E-1 6.59935E-1 6.22941E-1 6.38918E-1 6.3272E-1 6.21919E-1 6.18432E-1 6.11977E-1 6.27874E-1 7.28371E-1 7.26454E-1 7.15759E-1 7.24434E-1 7.45259E-1 7.46557E-1 7.39433E-1 7.43681E-1 7.30509E-1 7.64464E-1 7.73183E-1 7.92594E-1 8.02988E-1 8.03411E-1 7.96933E-1 7.78099E-1 7.18299E-1 6.99315E-1 6.76316E-1 7.0038E-1
7.62132E-1 6.92532E-1 6.88627E-1 7.07724E-1 6.75761E-1 6.23754E-1 5.73367E-1 5.04641E-1 4.49666E-1 3.18936E-1 3.08325E-1 3.3708E-1 2.71781E-1 2.52457E-1 2.44416E-1 2.42097E-1 2.15051E-1 2.16348E-1 2.04805E-1 2.10865E-1 2.65831E-1 2.69367E-1 2.69304E-1 2.5887E-1 2.6556E-1 2.633E-1 2.73278E-1 2.78657E-1 3.7395E-1 4.20072E-1 4.65578E-1 4.93232E-1 5.85493E-1 4.75185E-1 5.19329E-1 5.44378E-1 5.73855E-1 6.14619E-1 6.37368E-1 5.97433E-1 6.0805E-1 6.22316E-1 6.20211E-1 6.14063E-1 6.11578E-1 6.4186E-1 7.30813E-1 6.85208E-1 7.01917E-1 7.09052E-1 7.45846E-1 7.51011E-1 7.4361E-1 7.37239E-1 7.30989E-1 7.34761E-1 7.35647E-1 7.5474E-1 7.74884E-1 7.75273E-1 7.65609E-1 7.41779E-1 6.95073E-1 6.8894E-1 6.25351E-1 6.23506E-1
6.0201E-1 5.5029E-1 5.56088E-1 5.39595E-1 6.36076E-1 5.85946E-1 5.53743E-1 4.9983E-1 4.51046E-1 4.06695E-1 2.99473E-1 3.48377E-1 3.18404E-1 2.63517E-1 2.53688E-1 2.48071E-1 2.47065E-1 2.36159E-1 2.14347E-1 2.13099E-1 2.5883E-1 2.50282E-1 2.52998E-1 2.60357E-1 2.65011E-1 2.70859E-1 2.84426E-1 3.28636E-1 3.64663E-1 3.75712E-1 4.59419E-1 4.76565E-1 5.189E-1 5.92209E-1 5.02441E-1 5.34407E-1 5.67377E-1 6.12957E-1 6.36135E-1 6.52685E-1 5.95015E-1 6.05543E-1 6.08644E-1 6.12274E-1 6.31701E-1 6.88557E-1 6.77699E-1 7.01725E-1 6.94059E-1 6.93248E-1 7.48234E-1 7.38487E-1 7.36033E-1 7.40866E-1 7.45661E-1 7.43375E-1 7.34977E-1 7.28398E-1 7.31922E-1 7.32311E-1 7.16639E-1 6.90055E-1 6.73618E-1 5.9418E-1 5.6088E-1 5.62731E-1
5.75191E-1 6.05576E-1 5.42438E-1 6.87066E-1 6.07863E-1 5.79209E-1 5.26817E-1 3.91395E-1 4.40176E-1 4.1012E-1 3.01398E-1 3.51356E-1 3.41755E-1 2.77871E-1 2.63088E-1 2.54832E-1 2.50911E-1 2.41089E-1 2.37774E-1 2.23803E-1 2.19961E-1 2.57133E-1 2.56675E-1 2.58239E-1 2.75834E-1 2.8862E-1 3.0329E-1 3.44615E-1 3.66663E-1 3.93563E-1 4.98473E-1 4.81255E-1 5.02993E-1 4.60399E-1 5.04259E-1 5.10342E-1 5.64059E-1 6.02514E-1 6.23709E-1 6.5171E-1 5.89572E-1 5.96758E-1 6.14716E-1 6.76862E-1 6.6658E-1 6.69206E-1 6.43655E-1 6.60136E-1 6.64125E-1 6.82725E-1 7.44862E-1 7.35184E-1 7.377E-1 7.37926E-1 7.3849E-1 7.35479E-1 7.33064E-1 7.32789E-1 7.29875E-1 7.11479E-1 6.81878E-1 6.53901E-1 6.0965E-1 5.70212E-1 5.45975E-1 5.36207E-1
5.05206E-1 5.83502E-1 5.88801E-1 6.84752E-1 6.41411E-1 5.85853E-1 4.51891E-1 4.13265E-1 3.7628E-1 4.00112E-1 3.76012E-1 3.5682E-1 3.14947E-1 3.09227E-1 2.98172E-1 2.69873E-1 2.62859E-1 2.56103E-1 2.41537E-1 2.33943E-1 2.22096E-1 2.22427E-1 2.28234E-1 2.64994E-1 2.90657E-1 3.22125E-1 3.51366E-1 3.87726E-1 3.84415E-1 3.81324E-1 3.94506E-1 4.01553E-1 4.67327E-1 5.32733E-1 4.79087E-1 5.1441E-1 5.53698E-1 5.9559E-1 6.14607E-1 6.39329E-1 6.5767E-1 5.66684E-1 5.9234E-1 6.00311E-1 6.45179E-1 6.46707E-1 6.76267E-1 6.79105E-1 6.63832E-1 7.08705E-1 7.40413E-1 7.45236E-1 7.50555E-1 7.33084E-1 7.26875E-1 7.30158E-1 7.26156E-1 7.21958E-1 7.09149E-1 6.95298E-1 6.756E-1 6.32493E-1 6.10222E-1 6.20517E-1 5.89631E-1 6.07519E-1
5.593E-1 6.11983E-1 5.49811E-1 5.21629E-1 6.2817E-1 4.7457E-1 4.43807E-1 4.00929E-1 3.70409E-1 3.19123E-1 3.00145E-1 3.44705E-1 3.35681E-1 3.26147E-1 3.09968E-1 3.1548E-1 2.73462E-1 2.60542E-1 2.55793E-1 2.38513E-1 2.25743E-1 2.22268E-1 2.30917E-1 2.421E-1 3.02365E-1 3.39337E-1 3.73349E-1 4.0662E-1 3.94407E-1 3.8491E-1 3.77667E-1 3.96534E-1 4.81161E-1 5.19645E-1 4.70896E-1 5.2416E-1 5.27488E-1 5.80418E-1 6.10817E-1 6.27914E-1 6.36522E-1 5.77708E-1 6.50671E-1 6.6551E-1 6.36437E-1 6.65546E-1 6.66409E-1 6.65872E-1 6.4321E-1 6.7382E-1 7.50914E-1 7.40128E-1 7.51695E-1 7.4127E-1 7.35964E-1 7.18638E-1 7.23311E-1 7.55669E-1 7.46197E-1 6.93435E-1 6.72836E-1 6.48465E-1 6.07444E-1 6.16776E-1 6.09556E-1 6.62795E-1
6.07795E-1 5.77852E-1 5.20003E-1 6.27941E-1 5.02396E-1 5.63067E-1 4.34497E-1 3.87447E-1 3.62998E-1 3.41934E-1 3.73554E-1 3.46052E-1 3.50767E-1 3.38572E-1 3.25367E-1 3.21368E-1 3.2449E-1 2.87333E-1 2.63088E-1 2.58615E-1 2.38278E-1 2.45412E-1 2.42853E-1 2.55634E-1 2.72122E-1 3.46322E-1 3.70626E-1 3.98105E-1 4.0074E-1 3.95239E-1 3.9391E-1 4.04337E-1 5.19893E-1 5.27829E-1 4.80723E-1 5.2673E-1 5.6444E-1 5.55128E-1 6.0503E-1 6.15673E-1 6.31478E-1 6.84256E-1 6.26669E-1 6.23709E-1 6.19917E-1 6.24859E-1 6.21902E-1 6.43698E-1 6.34183E-1 6.52896E-1 6.77286E-1 7.53092E-1 7.48369E-1 7.42438E-1 7.32937E-1 7.21486E-1 7.15315E-1 7.45244E-1 7.29072E-1 6.93168E-1 7.05453E-1 6.30599E-1 6.08264E-1 6.16693E-1 6.69473E-1 7.21664E-1
5.60182E-1 5.58886E-1 5.05624E-1 5.21442E-1 4.70653E-1 4.25006E-1 5.2181E-1 4.00116E-1 3.55009E-1 3.37586E-1 3.73738E-1 3.54903E-1 3.4829E-1 3.51005E-1 3.33112E-1 3.2405E-1 3.19844E-1 3.08056E-1 3.04962E-1 2.8671E-1 2.76399E-1 2.78193E-1 2.76358E-1 2.91169E-1 3.18E-1 3.10984E-1 3.04171E-1 3.7518E-1 3.86401E-1 3.87115E-1 3.98084E-1 4.14353E-1 5.34625E-1 5.31323E-1 4.81959E-1 5.22918E-1 5.62173E-1 5.94027E-1 6.26946E-1 6.50025E-1 6.77063E-1 6.71984E-1 7.08087E-1 6.18641E-1 6.14051E-1 6.11221E-1 6.04113E-1 6.14706E-1 6.33086E-1 6.44336E-1 6.665E-1 7.57006E-1 7.60444E-1 7.82781E-1 7.68306E-1 7.59629E-1 7.52542E-1 7.33765E-1 7.38375E-1 6.98077E-1 6.75347E-1 6.03218E-1 5.88118E-1 6.39728E-1 6.74513E-1 7.31866E-1
6.07901E-1 5.76064E-1 4.97498E-1 3.73413E-1 4.57754E-1 4.07622E-1 3.86919E-1 3.97512E-1 3.78044E-1 3.51711E-1 3.06114E-1 3.50027E-1 3.491E-1 3.4805E-1 3.45424E-1 3.27411E-1 3.25909E-1 3.21525E-1 3.28024E-1 3.66393E-1 3.60066E-1 3.05638E-1 4.19334E-1 4.28123E-1 4.3105E-1 4.37739E-1 4.33816E-1 3.87773E-1 3.84482E-1 3.92567E-1 4.08244E-1 4.33428E-1 5.42868E-1 4.36493E-1 5.53666E-1 5.11341E-1 5.58776E-1 5.99876E-1 6.39108E-1 6.74934E-1 7.10166E-1 7.06044E-1 7.20688E-1 6.30876E-1 6.23977E-1 6.12646E-1 6.05182E-1 6.17786E-1 6.20643E-1 6.31477E-1 6.64525E-1 6.89799E-1 7.56382E-1 7.90415E-1 7.82732E-1 7.72681E-1 7.45235E-1 7.45069E-1 7.5035E-1 7.16035E-1 6.47024E-1 6.05016E-1 6.03131E-1 6.62737E-1 7.03792E-1 7.66422E-1
4.82735E-1 4.59777E-1 3.98778E-1 3.56519E-1 4.22431E-1 4.0121E-1 3.7517E-1 3.55166E-1 3.43071E-1 3.33062E-1 3.22675E-1 3.55017E-1 3.53152E-1 3.53119E-1 3.47577E-1 3.40152E-1 3.34522E-1 3.28431E-1 3.4012E-1 3.75976E-1 4.85022E-1 4.93024E-1 4.53546E-1 4.60901E-1 4.5961E-1 4.62141E-1 4.67077E-1 4.31526E-1 4.22654E-1 4.17032E-1 4.17148E-1 4.38834E-1 5.56985E-1 4.47593E-1 4.43329E-1 5.45508E-1 5.88931E-1 6.22885E-1 6.67402E-1 7.23343E-1 7.10036E-1 6.46039E-1 6.39726E-1 6.64338E-1 6.56736E-1 6.19845E-1 6.13474E-1 6.24595E-1 6.52568E-1 6.8351E-1 6.6405E-1 7.12883E-1 7.28278E-1 7.29549E-1 7.5208E-1 7.49439E-1 7.39635E-1 7.49162E-1 7.28784E-1 6.84695E-1 6.32526E-1 6.2548E-1 6.49135E-1 7.01295E-1 7.26265E-1 7.72863E-1
4.9059E-1 4.7003E-1 4.23492E-1 3.68942E-1 3.16382E-1 2.92557E-1 3.74506E-1 3.55008E-1 3.41479E-1 3.29082E-1 3.19182E-1 2.93833E-1 3.64963E-1 3.49897E-1 3.52599E-1 3.53521E-1 3.50496E-1 3.42162E-1 3.74776E-1 3.92497E-1 4.96387E-1 5.23142E-1 5.24803E-1 3.73034E-1 4.92828E-1 4.78282E-1 4.78527E-1 4.76443E-1 4.38818E-1 4.37563E-1 4.41209E-1 4.53846E-1 4.27407E-1 4.6797E-1 4.96014E-1 4.87077E-1 5.84751E-1 6.346E-1 6.914E-1 7.44467E-1 6.60117E-1 6.86191E-1 6.75491E-1 6.44772E-1 6.55494E-1 6.30114E-1 6.26703E-1 6.26079E-1 6.33912E-1 6.78665E-1 6.81358E-1 6.94966E-1 7.08688E-1 7.68856E-1 7.35888E-1 7.46437E-1 7.5427E-1 7.39307E-1 7.4082E-1 7.08712E-1 6.80986E-1 6.81861E-1 7.13078E-1 7.80819E-1 7.53431E-1 7.4694E-1
3.70658E-1 4.28413E-1 4.10671E-1 3.85163E-1 3.52566E-1 2.94865E-1 2.72461E-1 3.50527E-1 3.40534E-1 3.35138E-1 3.20388E-1 2.90632E-1 3.62384E-1 3.62244E-1 3.69495E-1 2.54466E-1 3.71018E-1 3.7255E-1 4.20773E-1 4.27301E-1 5.31716E-1 4.04389E-1 5.28128E-1 3.96277E-1 5.2745E-1 5.02357E-1 4.83579E-1 4.74991E-1 4.87628E-1 4.88312E-1 4.82631E-1 4.53723E-1 4.82909E-1 4.69229E-1 5.09546E-1 5.65333E-1 5.99537E-1 6.43663E-1 6.03974E-1 6.60116E-1 6.66448E-1 6.70572E-1 6.54E-1 6.18417E-1 5.93417E-1 6.32408E-1 6.28996E-1 6.48001E-1 6.31702E-1 6.62126E-1 6.83734E-1 7.06439E-1 7.12365E-1 7.65628E-1 7.19928E-1 7.26083E-1 7.32236E-1 7.21421E-1 6.97679E-1 6.84098E-1 6.93397E-1 6.72254E-1 7.04118E-1 7.52036E-1 7.91536E-1 8.19513E-1
3.38863E-1 3.19887E-1 4.08705E-1 3.79669E-1 3.35502E-1 3.82598E-1 3.74678E-1 3.36801E-1 3.43388E-1 3.30507E-1 2.8578E-1 2.90147E-1 3.60273E-1 2.57669E-1 2.64712E-1 2.79398E-1 2.69551E-1 2.86815E-1 3.22175E-1 4.1211E-1 5.67097E-1 5.53283E-1 4.12742E-1 4.01784E-1 4.0729E-1 5.41727E-1 3.83396E-1 5.01435E-1 5.03661E-1 5.04516E-1 5.00324E-1 4.70948E-1 4.54904E-1 4.85595E-1 5.26417E-1 5.83743E-1 6.09252E-1 6.29056E-1 5.87801E-1 5.90332E-1 6.23939E-1 6.30428E-1 6.18172E-1 6.03004E-1 5.67778E-1 6.07735E-1 6.47831E-1 6.50126E-1 6.75426E-1 6.83765E-1 6.83632E-1 6.72477E-1 6.90327E-1 7.54396E-1 6.80915E-1 6.48276E-1 6.73501E-1 7.52903E-1 6.77172E-1 6.70301E-1 6.73458E-1 6.45881E-1 7.23572E-1 7.60448E-1 8.0546E-1 8.11284E-1
3.17493E-1 3.02484E-1 3.66837E-1 3.38767E-1 3.08195E-1 2.80423E-1 2.81161E-1 3.53058E-1 3.40629E-1 3.29085E-1 2.8791E-1 2.89285E-1 2.07061E-1 2.60824E-1 2.67749E-1 2.77283E-1 2.86107E-1 2.81629E-1 4.03943E-1 4.133E-1 4.3784E-1 4.35524E-1 4.31385E-1 4.19312E-1 4.18297E-1 4.32864E-1 4.18401E-1 3.98008E-1 5.22153E-1 4.84188E-1 4.852E-1 4.93517E-1 4.83418E-1 5.20739E-1 5.62716E-1 6.39738E-1 6.16818E-1 5.54088E-1 5.67738E-1 5.58113E-1 5.89809E-1 5.94412E-1 5.87664E-1 5.79968E-1 5.84633E-1 5.87568E-1 6.3489E-1 7.09292E-1 7.10167E-1 6.85078E-1 6.62379E-1 6.56423E-1 7.07612E-1 6.86033E-1 6.47795E-1 6.51049E-1 6.58337E-1 6.89358E-1 6.25728E-1 6.77359E-1 6.9442E-1 7.0147E-1 7.26142E-1 7.76903E-1 8.01907E-1 8.02441E-1
3.33044E-1 3.09935E-1 3.63598E-1 3.40798E-1 3.06434E-1 2.94144E-1 2.82282E-1 3.69275E-1 3.35341E-1 3.25904E-1 2.86193E-1 2.89024E-1 2.04461E-1 2.07238E-1 2.67506E-1 2.82528E-1 2.68629E-1 2.85851E-1 4.07079E-1 4.28084E-1 4.41956E-1 4.36752E-1 4.42607E-1 4.42004E-1 4.4E-1 4.43467E-1 4.5129E-1 4.18555E-1 4.04849E-1 3.92734E-1 5.18998E-1 5.16008E-1 4.89126E-1 5.42238E-1 5.88739E-1 5.6633E-1 5.28987E-1 5.3747E-1 5.5237E-1 5.61588E-1 5.85357E-1 5.89002E-1 5.69391E-1 5.51959E-1 5.77221E-1 5.93228E-1 6.12617E-1 7.05591E-1 7.05311E-1 6.80463E-1 6.71406E-1 6.71655E-1 7.05175E-1 6.56208E-1 6.43437E-1 6.54598E-1 6.63033E-1 6.92193E-1 5.7659E-1 7.40109E-1 7.1392E-1 7.78013E-1 7.7165E-1 7.68634E-1 8.06126E-1 8.12432E-1
3.2367E-1 3.87881E-1 3.58039E-1 3.26639E-1 3.10372E-1 2.82156E-1 2.7182E-1 3.60442E-1 3.26335E-1 3.21688E-1 2.7891E-1 2.85273E-1 2.00157E-1 2.03994E-1 2.64258E-1 2.79905E-1 2.92914E-1 2.90382E-1 3.99294E-1 4.19383E-1 4.50197E-1 4.62937E-1 4.56789E-1 4.56894E-1 4.43695E-1 4.48274E-1 4.58204E-1 5.31324E-1 5.36136E-1 5.33706E-1 5.22189E-1 5.27224E-1 5.52001E-1 5.68668E-1 5.8836E-1 5.52433E-1 5.10264E-1 5.23781E-1 5.66013E-1 5.53852E-1 6.3729E-1 6.28412E-1 6.16094E-1 5.74664E-1 5.87857E-1 6.07847E-1 6.2076E-1 6.78783E-1 7.02788E-1 6.7811E-1 6.73807E-1 6.73755E-1 6.87386E-1 7.12007E-1 6.19603E-1 6.35777E-1 6.79201E-1 7.38395E-1 5.89293E-1 6.72478E-1 7.54347E-1 8.27953E-1 7.59223E-1 7.71906E-1 7.69143E-1 7.73138E-1
4.02684E-1 2.88821E-1 3.41329E-1 3.31385E-1 3.11263E-1 2.86123E-1 2.69499E-1 3.63481E-1 3.40393E-1 3.17241E-1 2.83833E-1 2.86418E-1 2.00411E-1 2.07483E-1 2.71214E-1 2.80957E-1 2.85831E-1 2.85023E-1 3.75633E-1 4.22857E-1 4.41262E-1 4.54178E-1 4.74932E-1 4.74621E-1 4.66956E-1 4.76826E-1 4.8422E-1 4.86376E-1 5.47973E-1 5.57132E-1 5.6386E-1 5.68403E-1 6.23182E-1 6.25779E-1 6.28507E-1 5.45847E-1 5.09803E-1 5.20761E-1 5.55694E-1 6.0494E-1 6.09958E-1 6.68559E-1 6.15612E-1 5.92671E-1 6.02438E-1 6.20398E-1 6.35055E-1 7.01183E-1 7.00472E-1 6.79844E-1 6.69097E-1 6.75022E-1 6.81537E-1 7.08039E-1 6.45499E-1 6.39621E-1 7.29997E-1 6.94611E-1 6.00037E-1 6.37161E-1 6.79752E-1 7.95783E-1 6.61695E-1 7.10159E-1 6.94565E-1 6.77108E-1
