Leopardus pardalis/Leopardus_pardalis_projection 2041-2060.asc
ncols         515
nrows         545
xllcorner     -119.0
yllcorner     -58.333333333333
cellsize      0.166666666667
NODATA_value  -9999
[rows 435 to 463 of 545, columns 264 to 329 of 515]
-9999 -9999 -9999 -9999 -9999 -9999 -9999 -9999 3.32805E-1 1.97366E-1 2.89137E-1 3.66556E-1 3.98341E-1 4.10138E-1 4.263E-1 3.86415E-1 1.31863E-1 7.60562E-2 8.52505E-2 4.95994E-2 5.02269E-2 4.84296E-2 3.66319E-2 2.19628E-2 1.30352E-2 8.82541E-3 4.27005E-3 2.41106E-3 2.05428E-3 1.63017E-3 1.45003E-3 7.9554E-4 6.1511E-4 5.57107E-4 3.71933E-4 3.93449E-4 3.41442E-4 3.41837E-4 3.46413E-4 3.62081E-4 3.45875E-4 3.63131E-4 4.00681E-4 4.12249E-4 4.69926E-4 5.45197E-4 5.57693E-4 5.9039E-4 6.77865E-4 7.42934E-4 8.62014E-4 9.65496E-4 1.11759E-3 1.15039E-3 1.23797E-3 1.344E-3 1.32052E-3 1.27487E-3 1.29188E-3 1.23069E-3 1.21369E-3 1.12787E-3 1.0998E-3 1.00042E-3 1.09564E-3 1.12741E-3
-9999 -9999 -9999 -9999 -9999 -9999 -9999 -9999 2.77349E-1 2.41255E-1 3.47237E-1 3.69955E-1 3.83998E-1 4.13474E-1 4.86484E-1 6.03632E-1 5.02656E-1 4.36106E-1 1.27754E-1 3.42702E-2 4.38858E-2 3.75269E-2 8.69908E-3 1.08948E-2 8.85932E-3 7.10139E-3 5.63391E-3 2.51434E-3 1.66664E-3 2.69732E-3 1.57635E-3 8.61777E-4 5.91697E-4 4.23027E-4 4.15868E-4 3.67209E-4 3.5951E-4 3.56534E-4 3.11507E-4 3.37607E-4 3.67597E-4 3.45396E-4 3.99473E-4 4.29344E-4 4.54814E-4 5.58561E-4 6.35155E-4 6.60797E-4 6.84975E-4 7.41453E-4 7.97901E-4 9.23144E-4 1.07048E-3 1.22602E-3 1.35202E-3 1.49748E-3 1.16329E-3 1.81296E-3 1.92962E-3 1.75184E-3 1.65451E-3 1.34155E-3 1.21473E-3 1.04171E-3 1.26641E-3 1.59408E-3
-9999 -9999 -9999 -9999 -9999 -9999 -9999 -9999 2.18559E-1 3.38127E-1 3.62404E-1 3.5094E-1 3.63809E-1 3.95793E-1 3.95178E-1 1.90439E-1 8.51261E-2 1.92919E-1 8.75325E-2 4.63072E-2 3.95468E-2 2.63012E-2 2.37181E-2 1.39003E-2 1.08164E-2 7.8418E-3 7.48161E-3 2.91301E-3 3.30633E-3 3.90961E-3 1.47476E-3 8.23695E-4 5.46146E-4 4.36042E-4 3.89969E-4 3.47883E-4 3.2957E-4 3.59334E-4 3.6509E-4 3.52012E-4 3.55385E-4 3.97834E-4 4.36127E-4 4.55881E-4 5.03652E-4 5.47202E-4 6.42265E-4 6.75226E-4 7.12064E-4 8.09578E-4 8.91746E-4 9.8215E-4 1.11372E-3 1.42098E-3 1.4572E-3 1.55878E-3 1.725E-3 2.90649E-4 6.66775E-4 4.47679E-4 1.2284E-3 1.83451E-3 1.63141E-3 1.49606E-3 1.62686E-3 1.75043E-3
-9999 -9999 -9999 -9999 -9999 -9999 -9999 -9999 3.25865E-1 3.07225E-1 3.2221E-1 3.26419E-1 3.4174E-1 3.8516E-1 4.16941E-1 3.33411E-1 9.0255E-2 5.11146E-2 4.92699E-2 7.8088E-2 3.90314E-2 3.63096E-2 2.16768E-2 1.31279E-2 1.43866E-2 7.76392E-3 7.4935E-3 4.9791E-3 3.62636E-3 1.66478E-3 1.02577E-3 7.52821E-4 5.11853E-4 3.87908E-4 3.45619E-4 3.07876E-4 3.18587E-4 3.65132E-4 3.55921E-4 3.34145E-4 3.73808E-4 4.32483E-4 4.7235E-4 4.92818E-4 5.30361E-4 6.0163E-4 6.17436E-4 6.93533E-4 7.43308E-4 8.40397E-4 8.77059E-4 9.31718E-4 1.0607E-3 1.23487E-3 1.657E-3 1.58547E-3 1.96865E-3 2.18884E-3 2.37817E-3 2.83668E-3 3.05327E-3 3.18594E-3 2.59551E-3 2.49326E-3 2.48466E-3 2.30248E-3
-9999 -9999 -9999 -9999 -9999 -9999 -9999 3.2886E-1 2.507E-1 2.76726E-1 3.12382E-1 3.27237E-1 3.56072E-1 4.03356E-1 4.86063E-1 4.72526E-1 1.0029E-1 6.47214E-2 3.70998E-2 1.09761E-1 4.73975E-2 1.62576E-2 2.30045E-2 2.27773E-2 9.25018E-3 8.05484E-3 4.9718E-3 3.36668E-3 2.80988E-3 1.5104E-3 9.24315E-4 6.17847E-4 4.60113E-4 3.86195E-4 3.43581E-4 3.18604E-4 3.23251E-4 3.8896E-4 3.50068E-4 3.48961E-4 4.14793E-4 4.13728E-4 4.4127E-4 4.82999E-4 5.09397E-4 6.03046E-4 6.47416E-4 7.37609E-4 7.60214E-4 9.17801E-4 1.00907E-3 1.03872E-3 1.27551E-3 1.25116E-3 1.51226E-3 1.73867E-3 2.15412E-3 2.58311E-3 3.16989E-3 -9999 -9999 5.47382E-3 4.0852E-3 3.43958E-3 3.71243E-3 3.88797E-3
-9999 -9999 -9999 -9999 -9999 -9999 -9999 1.79136E-1 2.90715E-1 2.83234E-1 3.1144E-1 3.2251E-1 3.58035E-1 4.05793E-1 4.08506E-1 3.61538E-1 1.78073E-1 1.02987E-1 4.40701E-2 3.30611E-2 1.39168E-1 4.24645E-2 1.23899E-2 1.49094E-2 8.08119E-3 7.57572E-3 5.07084E-3 3.11799E-3 2.7638E-3 1.54212E-3 8.69023E-4 6.55664E-4 5.03611E-4 4.59094E-4 4.06403E-4 3.77257E-4 3.2598E-4 3.65108E-4 4.35729E-4 3.92046E-4 4.39775E-4 4.17838E-4 4.41883E-4 4.58986E-4 5.13969E-4 5.86436E-4 6.40625E-4 6.49673E-4 7.44916E-4 8.87887E-4 1.00311E-3 1.12907E-3 1.4266E-3 1.53198E-3 1.72209E-3 1.8175E-3 2.13048E-3 2.76692E-3 3.92629E-3 -9999 -9999 -9999 -9999 -9999 6.74567E-3 5.71165E-3
-9999 -9999 -9999 -9999 -9999 -9999 -9999 2.38617E-1 3.77174E-1 2.77837E-1 2.89535E-1 3.07925E-1 3.89448E-1 4.8197E-1 2.97609E-1 1.68354E-1 3.13887E-1 1.86855E-1 4.43789E-2 4.84005E-2 6.61146E-2 1.131E-1 7.19885E-2 1.91869E-2 9.21604E-3 6.98333E-3 5.21357E-3 3.75587E-3 2.53985E-3 1.38628E-3 9.61451E-4 7.11354E-4 6.79892E-4 7.51284E-4 4.31143E-4 4.02771E-4 3.77812E-4 4.47924E-4 4.89482E-4 4.67466E-4 4.90276E-4 4.81862E-4 4.68123E-4 5.38708E-4 5.58192E-4 5.5022E-4 5.47817E-4 5.08895E-4 5.3857E-4 6.58436E-4 7.56527E-4 9.04222E-4 1.2245E-3 1.45863E-3 1.67033E-3 1.80124E-3 2.22812E-3 2.89599E-3 4.23995E-3 -9999 -9999 -9999 -9999 -9999 -9999 -9999
-9999 -9999 -9999 -9999 -9999 -9999 -9999 3.14376E-1 3.85158E-1 3.00247E-1 2.67584E-1 2.92957E-1 3.76377E-1 3.89425E-1 3.57903E-1 2.55631E-1 1.27757E-1 8.81551E-2 3.04441E-2 3.42429E-2 2.31463E-2 1.77837E-2 1.67783E-2 1.12678E-2 7.65768E-3 5.6567E-3 4.29785E-3 3.47859E-3 2.32065E-3 1.59049E-3 1.08737E-3 8.58052E-4 6.90982E-4 6.34051E-4 4.72277E-4 4.66062E-4 4.53311E-4 4.72777E-4 4.64235E-4 4.4601E-4 4.92088E-4 5.0551E-4 5.09344E-4 5.12952E-4 5.26358E-4 5.17549E-4 4.99133E-4 4.84403E-4 5.17778E-4 6.10135E-4 7.35228E-4 8.79469E-4 1.23339E-3 1.5114E-3 2.00137E-3 2.14264E-3 2.26547E-3 2.94649E-3 3.97553E-3 -9999 -9999 -9999 -9999 -9999 -9999 -9999
-9999 -9999 -9999 -9999 -9999 -9999 -9999 3.67013E-1 4.14619E-1 3.35566E-1 2.91564E-1 2.93404E-1 3.41546E-1 3.44745E-1 1.92701E-1 1.70966E-1 1.88871E-1 5.4299E-2 4.65366E-2 4.7286E-2 2.63445E-2 1.66732E-2 7.36489E-3 6.26205E-3 5.97665E-3 5.06628E-3 3.50808E-3 2.61148E-3 1.79355E-3 1.57128E-3 1.13044E-3 8.25993E-4 7.34463E-4 6.19217E-4 4.94552E-4 4.69997E-4 5.53123E-4 4.43419E-4 4.61563E-4 4.24018E-4 4.6078E-4 4.51089E-4 4.82106E-4 5.04398E-4 4.52408E-4 4.56219E-4 4.46775E-4 4.36139E-4 4.8526E-4 6.2155E-4 8.36889E-4 8.94328E-4 1.24617E-3 1.71616E-3 1.89965E-3 2.16831E-3 2.55412E-3 2.90782E-3 3.94561E-3 -9999 -9999 -9999 -9999 -9999 -9999 -9999
-9999 -9999 -9999 -9999 -9999 -9999 -9999 -9999 4.52057E-1 4.10868E-1 3.24281E-1 -9999 -9999 -9999 1.59079E-1 1.73994E-1 2.10768E-1 6.05673E-2 7.38413E-2 4.67095E-2 6.89477E-2 2.77181E-2 8.398E-3 4.79849E-3 4.23597E-3 4.42815E-3 4.01439E-3 2.26837E-3 1.46858E-3 1.20617E-3 1.05695E-3 8.1399E-4 7.60995E-4 6.2157E-4 5.48578E-4 5.21736E-4 5.49705E-4 4.5799E-4 4.48806E-4 3.81006E-4 4.43782E-4 4.67274E-4 4.51647E-4 4.04832E-4 4.35797E-4 4.57511E-4 4.52765E-4 4.88154E-4 5.86863E-4 7.31973E-4 9.37763E-4 1.18876E-3 1.42197E-3 1.65566E-3 1.97193E-3 2.28739E-3 2.58807E-3 3.359E-3 4.39786E-3 5.59875E-3 -9999 -9999 -9999 -9999 -9999 -9999
-9999 -9999 -9999 -9999 -9999 -9999 -9999 -9999 4.58913E-1 -9999 -9999 -9999 -9999 -9999 2.47622E-1 1.38081E-1 1.0838E-1 2.05783E-1 7.827E-2 2.6549E-2 3.61886E-2 2.38832E-2 8.33642E-3 6.4955E-3 5.38311E-3 4.14214E-3 3.25217E-3 2.66601E-3 1.77569E-3 1.37118E-3 9.46779E-4 7.61381E-4 6.7413E-4 5.65982E-4 4.8527E-4 4.70853E-4 5.3164E-4 4.67589E-4 4.35014E-4 3.9283E-4 4.40968E-4 4.38905E-4 4.13651E-4 3.97742E-4 4.6027E-4 5.12611E-4 7.95317E-4 7.90093E-4 8.16911E-4 9.98016E-4 1.17516E-3 1.27368E-3 1.44945E-3 1.72756E-3 1.98451E-3 2.38376E-3 3.02671E-3 3.78814E-3 4.74547E-3 6.19883E-3 -9999 -9999 -9999 -9999 -9999 -9999
-9999 -9999 -9999 -9999 -9999 -9999 3.73891E-1 4.56525E-1 4.95419E-1 -9999 -9999 -9999 -9999 4.04369E-1 1.88342E-1 1.93492E-1 2.82429E-2 5.26321E-2 1.7331E-1 2.17559E-2 5.79521E-2 2.86037E-2 1.66245E-2 1.01183E-2 7.02151E-3 4.80707E-3 3.09845E-3 2.80055E-3 2.02746E-3 1.4933E-3 1.10289E-3 8.70639E-4 7.06858E-4 5.92624E-4 5.17328E-4 5.23833E-4 4.61406E-4 4.55086E-4 4.71971E-4 3.89468E-4 4.09819E-4 4.01644E-4 3.7049E-4 3.99111E-4 4.45181E-4 5.79563E-4 7.36865E-4 9.46345E-4 1.01041E-3 1.05125E-3 1.09849E-3 1.32711E-3 1.62507E-3 1.8382E-3 2.33592E-3 2.53506E-3 3.08841E-3 3.73121E-3 4.58867E-3 -9999 -9999 -9999 -9999 -9999 -9999 -9999
-9999 -9999 -9999 -9999 -9999 -9999 3.71995E-1 4.49819E-1 4.52662E-1 -9999 -9999 -9999 -9999 -9999 -9999 1.6222E-1 3.27359E-2 2.97847E-2 7.85226E-2 5.66009E-2 1.32309E-1 3.34433E-2 1.7772E-2 8.99449E-3 6.9439E-3 5.66826E-3 3.76804E-3 2.88399E-3 1.932E-3 1.57032E-3 1.20399E-3 9.92787E-4 7.84239E-4 6.1952E-4 5.76895E-4 5.00192E-4 4.06026E-4 4.21091E-4 4.36989E-4 4.00315E-4 3.75858E-4 3.63314E-4 4.09825E-4 4.59832E-4 6.22379E-4 6.77407E-4 8.03847E-4 1.04877E-3 1.16599E-3 1.06827E-3 1.12225E-3 1.23248E-3 1.55405E-3 1.96655E-3 2.25367E-3 2.67887E-3 3.15349E-3 3.63002E-3 4.44152E-3 -9999 -9999 -9999 -9999 -9999 -9999 -9999
-9999 -9999 -9999 -9999 -9999 1.96103E-1 1.78605E-1 3.73211E-1 4.28084E-1 5.13443E-1 -9999 -9999 -9999 -9999 -9999 -9999 6.03975E-2 2.92097E-2 5.94575E-2 7.94687E-2 3.80962E-2 4.55719E-2 2.93809E-2 1.41067E-2 9.83924E-3 6.06337E-3 4.83748E-3 3.65566E-3 2.27107E-3 1.69122E-3 1.31288E-3 1.17207E-3 9.4696E-4 7.46311E-4 6.38642E-4 5.08175E-4 4.43437E-4 4.27479E-4 4.16982E-4 4.37676E-4 3.72603E-4 3.67255E-4 4.66987E-4 5.23265E-4 7.23665E-4 7.70335E-4 9.23076E-4 1.11315E-3 1.00739E-3 1.09013E-3 1.23836E-3 1.58392E-3 1.82628E-3 1.98975E-3 2.24578E-3 2.6168E-3 3.01663E-3 3.40814E-3 3.82265E-3 4.84858E-3 7.61893E-3 -9999 -9999 -9999 -9999 -9999
-9999 -9999 -9999 -9999 -9999 1.32433E-1 1.57435E-1 3.84211E-1 4.37305E-1 -9999 -9999 -9999 -9999 -9999 1.18681E-1 2.29802E-1 1.11354E-1 2.03762E-2 2.21244E-2 3.01965E-2 4.08428E-2 4.95203E-2 1.41641E-2 1.64119E-2 9.70592E-3 8.10358E-3 6.62602E-3 3.95579E-3 1.94037E-3 1.60936E-3 1.38369E-3 1.2079E-3 8.51941E-4 7.79934E-4 6.21463E-4 5.67654E-4 5.13117E-4 4.62089E-4 4.31966E-4 4.48123E-4 4.58457E-4 4.77546E-4 4.68876E-4 5.13156E-4 7.57564E-4 8.78516E-4 9.1653E-4 1.06751E-3 1.55212E-3 1.59495E-3 1.49139E-3 1.55163E-3 1.89152E-3 2.01649E-3 2.15652E-3 2.39395E-3 2.82701E-3 3.02785E-3 3.37729E-3 4.55078E-3 6.46092E-3 9.66804E-3 -9999 -9999 -9999 -9999
-9999 -9999 -9999 -9999 -9999 -9999 2.14675E-1 3.61084E-1 -9999 -9999 -9999 -9999 -9999 4.11355E-1 2.34252E-1 1.38381E-1 5.74495E-2 2.96127E-2 3.31886E-2 2.80187E-2 4.94443E-2 2.80667E-2 1.08635E-2 1.30267E-2 8.99248E-3 6.59958E-3 5.77698E-3 5.14181E-3 3.32544E-3 3.01814E-3 2.43149E-3 1.95992E-3 1.02588E-3 8.3187E-4 7.51951E-4 6.41607E-4 5.76526E-4 5.29639E-4 5.1302E-4 5.14091E-4 5.59771E-4 5.71359E-4 5.18257E-4 5.92692E-4 9.2579E-4 1.0309E-3 1.12193E-3 1.60242E-3 1.61039E-3 1.58639E-3 1.84608E-3 1.96698E-3 1.96471E-3 1.9732E-3 2.16981E-3 2.3965E-3 2.78435E-3 2.86668E-3 3.40135E-3 4.82366E-3 -9999 -9999 -9999 -9999 -9999 3.29585E-2
-9999 -9999 -9999 -9999 -9999 -9999 2.384E-1 2.94702E-1 -9999 -9999 -9999 -9999 -9999 4.65335E-1 1.89625E-1 6.00662E-2 9.59908E-2 3.57136E-2 4.62093E-2 5.0525E-2 2.29337E-2 2.66326E-2 7.71818E-3 1.17153E-2 8.54761E-3 6.4911E-3 6.11619E-3 3.51999E-3 2.44682E-3 2.40773E-3 1.67401E-3 1.91433E-3 2.01983E-3 1.04153E-3 7.77477E-4 7.05207E-4 7.70324E-4 6.82409E-4 6.08135E-4 5.6063E-4 5.86693E-4 6.22067E-4 7.42439E-4 8.57726E-4 1.05901E-3 1.51297E-3 2.09121E-3 1.53739E-3 1.37418E-3 1.50918E-3 1.69709E-3 1.88742E-3 1.81182E-3 1.93159E-3 2.25488E-3 2.39964E-3 2.44323E-3 2.79522E-3 3.28307E-3 5.4473E-3 -9999 -9999 -9999 -9999 -9999 3.40494E-2
-9999 -9999 -9999 -9999 -9999 1.47175E-1 1.7793E-1 2.4015E-1 3.28325E-1 -9999 -9999 -9999 -9999 -9999 1.51996E-1 1.05165E-1 3.6967E-2 4.01575E-2 2.09504E-2 3.24207E-2 4.63642E-2 5.53317E-2 2.29049E-2 1.76756E-2 7.54465E-3 7.93527E-3 6.1547E-3 3.86303E-3 2.35914E-3 1.61793E-3 1.28186E-3 1.14123E-3 1.28786E-3 1.67613E-3 1.02693E-3 9.5519E-4 8.15786E-4 8.54873E-4 7.34174E-4 6.9119E-4 7.4396E-4 9.07399E-4 1.02624E-3 1.12587E-3 1.62668E-3 1.85691E-3 1.62856E-3 1.74567E-3 1.64776E-3 1.61837E-3 1.59865E-3 1.88557E-3 2.22718E-3 2.11684E-3 2.31296E-3 2.43747E-3 2.6218E-3 2.94824E-3 3.49807E-3 4.72568E-3 7.39351E-3 -9999 -9999 -9999 -9999 -9999
-9999 -9999 -9999 -9999 -9999 1.22981E-1 1.58762E-1 2.1173E-1 3.18442E-1 -9999 -9999 -9999 -9999 2.75461E-1 2.98003E-1 2.22663E-1 5.39353E-2 4.87686E-2 3.99529E-2 5.30462E-2 6.77797E-2 1.06321E-1 3.93143E-2 2.57349E-2 1.39779E-2 8.19835E-3 5.98355E-3 4.62217E-3 2.49618E-3 1.68228E-3 1.27991E-3 1.06476E-3 9.49038E-4 1.40098E-3 1.99562E-3 1.20276E-3 1.01541E-3 1.07431E-3 9.50592E-4 1.11982E-3 1.24859E-3 1.38925E-3 1.75139E-3 1.85719E-3 1.97718E-3 1.6464E-3 1.74748E-3 1.78513E-3 1.69376E-3 1.8794E-3 1.96897E-3 2.15883E-3 2.2321E-3 2.20102E-3 2.30639E-3 2.69718E-3 2.83205E-3 3.09325E-3 4.1055E-3 5.11696E-3 7.28544E-3 1.07196E-2 -9999 -9999 -9999 -9999
-9999 -9999 -9999 -9999 6.89917E-2 1.01935E-1 1.45912E-1 1.90002E-1 -9999 -9999 -9999 -9999 -9999 2.35319E-1 9.76014E-2 2.12516E-1 9.06349E-2 3.28153E-2 9.48946E-2 2.6004E-2 7.17763E-2 6.56075E-2 2.00974E-2 2.01116E-2 1.60411E-2 6.24551E-3 5.4038E-3 4.24776E-3 2.66633E-3 1.75457E-3 1.65832E-3 1.11771E-3 8.60226E-4 1.23053E-3 1.655E-3 1.52526E-3 1.10364E-3 1.22205E-3 1.31177E-3 1.37462E-3 1.57348E-3 1.68611E-3 1.8639E-3 1.96727E-3 2.08511E-3 1.90961E-3 2.01022E-3 1.933E-3 2.08062E-3 2.16599E-3 2.28375E-3 2.38667E-3 2.4487E-3 2.65848E-3 2.83313E-3 3.48073E-3 3.37865E-3 3.68775E-3 4.07458E-3 4.81193E-3 -9999 -9999 -9999 -9999 -9999 -9999
-9999 -9999 -9999 -9999 -9999 -9999 -9999 -9999 -9999 -9999 -9999 -9999 3.09338E-1 1.52764E-1 1.19178E-1 9.36417E-2 1.38794E-1 7.96578E-2 2.58194E-2 2.89588E-2 7.50712E-2 3.11522E-2 1.58665E-2 1.32584E-2 1.56816E-2 6.50579E-3 4.51078E-3 3.55009E-3 2.22652E-3 1.7635E-3 1.57505E-3 1.43609E-3 1.02855E-3 1.32639E-3 1.65613E-3 1.5053E-3 1.1761E-3 1.20798E-3 1.41878E-3 1.90324E-3 2.13663E-3 1.86814E-3 2.16502E-3 2.21646E-3 2.18171E-3 2.36804E-3 2.37528E-3 2.22453E-3 2.3812E-3 2.40467E-3 2.62005E-3 2.52586E-3 2.90401E-3 3.19045E-3 3.30483E-3 3.66204E-3 3.91823E-3 4.67335E-3 6.0952E-3 -9999 -9999 -9999 -9999 -9999 -9999 -9999
-9999 -9999 -9999 -9999 -9999 -9999 -9999 -9999 -9999 -9999 -9999 -9999 3.0582E-1 2.65445E-1 6.45865E-2 8.55171E-2 4.50302E-2 1.2877E-1 6.92416E-2 9.5724E-2 4.47767E-2 5.27851E-2 3.03693E-2 2.2077E-2 1.37672E-2 6.20077E-3 5.21424E-3 3.30251E-3 2.70442E-3 2.16695E-3 1.76723E-3 1.48768E-3 1.23877E-3 1.33128E-3 1.47452E-3 2.09317E-3 2.25015E-3 1.78281E-3 1.62407E-3 1.97368E-3 2.13267E-3 2.11556E-3 2.29264E-3 2.22139E-3 3.05976E-3 3.02147E-3 2.58299E-3 2.69404E-3 2.84858E-3 2.85497E-3 3.06727E-3 3.85374E-3 3.90675E-3 3.61519E-3 3.94499E-3 4.23576E-3 4.93552E-3 6.51808E-3 -9999 -9999 -9999 -9999 -9999 -9999 -9999 -9999
-9999 -9999 -9999 -9999 -9999 -9999 -9999 -9999 -9999 -9999 -9999 -9999 2.39741E-1 2.02521E-1 9.64967E-2 8.96958E-2 1.18164E-1 5.17757E-2 2.96073E-2 3.64806E-2 1.23713E-2 2.90584E-2 3.35259E-2 1.65199E-2 1.04158E-2 5.68721E-3 4.4618E-3 3.39515E-3 2.73655E-3 2.20154E-3 1.99754E-3 2.18881E-3 1.90385E-3 1.79752E-3 1.78834E-3 1.97137E-3 2.43409E-3 2.23856E-3 2.09095E-3 2.1463E-3 2.49113E-3 2.38757E-3 2.64321E-3 2.95886E-3 3.25792E-3 3.38975E-3 4.07422E-3 3.60306E-3 3.69878E-3 4.18603E-3 4.9236E-3 5.96617E-3 4.57655E-3 4.95784E-3 4.93439E-3 5.51128E-3 6.28961E-3 8.25246E-3 -9999 -9999 -9999 -9999 -9999 -9999 -9999 -9999
-9999 -9999 -9999 -9999 -9999 -9999 -9999 -9999 -9999 -9999 -9999 -9999 2.40744E-1 2.53145E-1 1.33729E-1 2.80972E-1 1.60108E-1 3.47084E-2 1.59216E-2 1.68424E-2 2.23361E-2 3.0388E-2 2.14977E-2 1.57396E-2 8.36358E-3 4.81992E-3 4.60438E-3 3.05674E-3 2.45324E-3 2.111E-3 2.04681E-3 2.05366E-3 1.708E-3 2.05303E-3 2.07818E-3 2.14959E-3 2.34862E-3 2.38486E-3 2.22701E-3 2.38731E-3 2.54403E-3 2.80006E-3 3.17071E-3 3.28391E-3 3.06354E-3 3.06273E-3 4.08689E-3 5.45779E-3 5.38219E-3 5.9392E-3 6.12239E-3 6.29264E-3 5.59743E-3 6.1373E-3 6.62431E-3 7.3969E-3 8.2518E-3 1.03467E-2 -9999 -9999 -9999 -9999 -9999 -9999 -9999 -9999
-9999 -9999 -9999 -9999 -9999 -9999 -9999 -9999 -9999 -9999 -9999 1.80566E-1 7.71245E-2 8.97178E-2 1.45721E-1 1.81791E-1 1.88927E-1 4.595E-2 3.61417E-2 1.42765E-2 3.14372E-2 2.45032E-2 1.87805E-2 1.52875E-2 9.17893E-3 6.27494E-3 4.85198E-3 4.47931E-3 2.8966E-3 2.29225E-3 2.04921E-3 1.69156E-3 1.42806E-3 1.93456E-3 1.77294E-3 2.05621E-3 2.19335E-3 1.9493E-3 1.73733E-3 2.10659E-3 2.53708E-3 2.45822E-3 3.17668E-3 3.39926E-3 3.26564E-3 3.60986E-3 3.62364E-3 4.56294E-3 5.41256E-3 5.85536E-3 6.47619E-3 6.57062E-3 7.21046E-3 7.68892E-3 8.20553E-3 9.66605E-3 1.10742E-2 1.22526E-2 -9999 -9999 -9999 -9999 -9999 -9999 -9999 -9999
-9999 -9999 -9999 -9999 -9999 7.5337E-2 9.50367E-2 1.33356E-1 -9999 -9999 -9999 1.77963E-1 1.32365E-1 9.92072E-2 1.00967E-1 7.44608E-2 5.83123E-2 6.37478E-2 1.11006E-1 5.10439E-2 6.17822E-2 5.20414E-2 3.32854E-2 1.69409E-2 1.04502E-2 6.73983E-3 5.37537E-3 5.19427E-3 3.56561E-3 2.58322E-3 2.39015E-3 1.94425E-3 1.59078E-3 1.79625E-3 2.27469E-3 2.46377E-3 2.33321E-3 2.34621E-3 1.91934E-3 2.09134E-3 2.58723E-3 2.76283E-3 3.47509E-3 3.93753E-3 4.12462E-3 4.64869E-3 4.73343E-3 5.31852E-3 6.11831E-3 6.85917E-3 7.30009E-3 8.07614E-3 9.13692E-3 1.0002E-2 1.13031E-2 1.26799E-2 1.43564E-2 1.5437E-2 -9999 -9999 -9999 -9999 -9999 -9999 -9999 -9999
-9999 -9999 -9999 -9999 6.80598E-2 8.35727E-2 1.03852E-1 1.29955E-1 -9999 -9999 -9999 1.68919E-1 1.77421E-1 1.6292E-1 1.95204E-1 2.30684E-2 3.94258E-2 3.68924E-2 1.73994E-2 1.37907E-2 2.7056E-2 2.00122E-2 1.71229E-2 1.36156E-2 9.8246E-3 8.10472E-3 6.98616E-3 5.41215E-3 4.39607E-3 3.57891E-3 2.8797E-3 2.53514E-3 1.98112E-3 2.24857E-3 2.45714E-3 2.80406E-3 2.85238E-3 2.0705E-3 1.73616E-3 3.08976E-3 3.13577E-3 3.65601E-3 3.92521E-3 4.11598E-3 5.43134E-3 6.17693E-3 5.15918E-3 6.28606E-3 7.0305E-3 7.55083E-3 8.64076E-3 9.60839E-3 1.09099E-2 1.28129E-2 1.55085E-2 1.67692E-2 1.85654E-2 2.07392E-2 -9999 -9999 -9999 -9999 -9999 -9999 -9999 -9999
-9999 -9999 -9999 -9999 6.3384E-2 8.44428E-2 -9999 1.10193E-1 -9999 -9999 -9999 1.30679E-1 1.44964E-1 1.77176E-1 1.02313E-1 7.02847E-2 4.20422E-2 3.26775E-2 2.99463E-2 3.76926E-2 3.02247E-2 3.06721E-2 2.21649E-2 1.45037E-2 9.45525E-3 6.94662E-3 7.08272E-3 6.01149E-3 4.96962E-3 3.96177E-3 3.50042E-3 2.43859E-3 1.79572E-3 2.2834E-3 2.45854E-3 2.72576E-3 2.49594E-3 2.04448E-3 1.90186E-3 2.8272E-3 3.10572E-3 3.76227E-3 4.58173E-3 4.93863E-3 5.50091E-3 5.66362E-3 6.44674E-3 7.59897E-3 8.3374E-3 8.72227E-3 9.89201E-3 1.1883E-2 1.3852E-2 1.61679E-2 1.9563E-2 2.23415E-2 -9999 -9999 -9999 -9999 -9999 -9999 -9999 -9999 -9999 -9999
-9999 -9999 -9999 6.55768E-2 7.40824E-2 8.67617E-2 1.11861E-1 1.17951E-1 -9999 -9999 1.2712E-1 8.9978E-2 1.39638E-1 1.78765E-1 1.09217E-1 5.98899E-2 8.39386E-2 4.94526E-2 2.40573E-2 1.68375E-2 1.18206E-2 6.79689E-3 7.043E-3 7.64968E-3 7.60821E-3 8.30802E-3 6.4232E-3 6.41661E-3 4.81001E-3 4.11174E-3 3.12534E-3 2.25426E-3 2.16459E-3 2.43688E-3 4.01963E-3 3.2806E-3 3.15343E-3 3.2499E-3 3.80492E-3 3.76452E-3 4.94369E-3 5.02598E-3 5.14317E-3 5.9105E-3 6.00351E-3 6.75557E-3 7.64591E-3 8.60076E-3 9.60314E-3 1.05876E-2 1.32055E-2 1.61827E-2 1.92856E-2 2.18858E-2 2.44721E-2 2.83694E-2 -9999 -9999 -9999 -9999 -9999 -9999 -9999 -9999 -9999 -9999
