Leopardus pardalis/Leopardus_pardalis_projection 2041-2060.asc
ncols         515
nrows         545
xllcorner     -119.0
yllcorner     -58.333333333333
cellsize      0.166666666667
NODATA_value  -9999
[rows 290 to 318 of 545, columns 330 to 395 of 515]
9.38255E-1 9.35439E-1 9.33419E-1 9.2343E-1 9.24528E-1 9.22368E-1 8.91665E-1 8.74712E-1 8.29452E-1 8.34857E-1 8.33615E-1 8.47068E-1 8.78974E-1 8.91261E-1 8.47763E-1 9.16101E-1 8.50796E-1 9.05558E-1 8.73588E-1 8.86803E-1 9.29037E-1 9.56772E-1 9.55105E-1 9.63693E-1 9.64265E-1 9.63222E-1 9.59816E-1 8.13141E-1 8.89973E-1 9.51607E-1 9.44101E-1 9.35415E-1 9.33246E-1 9.54103E-1 9.48852E-1 9.20775E-1 9.1237E-1 9.02993E-1 8.94473E-1 8.81495E-1 8.69405E-1 8.88272E-1 8.87472E-1 8.9579E-1 9.02189E-1 9.12469E-1 9.17182E-1 9.12983E-1 9.17009E-1 9.01183E-1 8.70102E-1 7.17072E-1 5.81412E-1 7.00778E-1 7.6622E-1 7.56384E-1 6.8226E-1 6.92371E-1 7.10708E-1 6.88964E-1 6.69577E-1 5.67361E-1 6.16769E-1 6.867E-1 5.97387E-1 6.09267E-1
9.53782E-1 9.26832E-1 9.06274E-1 9.00478E-1 8.93306E-1 8.93062E-1 8.68925E-1 7.67595E-1 7.77076E-1 8.29924E-1 7.98106E-1 8.63167E-1 8.78708E-1 8.84846E-1 8.86955E-1 9.00842E-1 9.1158E-1 9.27389E-1 9.16096E-1 8.78861E-1 9.19188E-1 9.56421E-1 9.64807E-1 9.73935E-1 9.71563E-1 9.70013E-1 9.5357E-1 8.51368E-1 9.57893E-1 9.83863E-1 9.58263E-1 9.81442E-1 9.489E-1 9.70728E-1 9.59923E-1 9.43775E-1 9.37885E-1 9.14853E-1 9.10117E-1 8.92464E-1 9.14356E-1 9.03342E-1 9.08321E-1 9.01805E-1 9.23767E-1 9.26043E-1 9.29458E-1 9.31172E-1 9.063E-1 9.05862E-1 8.98305E-1 8.61801E-1 6.37648E-1 6.87727E-1 7.95722E-1 7.8724E-1 7.46524E-1 7.41639E-1 7.56096E-1 7.34156E-1 6.96159E-1 6.29687E-1 6.72997E-1 7.02566E-1 5.85307E-1 6.1989E-1
9.397E-1 9.24007E-1 8.99509E-1 8.79004E-1 8.84551E-1 8.6008E-1 8.37359E-1 7.68922E-1 7.44029E-1 8.14838E-1 7.79203E-1 8.2095E-1 8.71928E-1 8.64543E-1 8.72618E-1 8.9553E-1 8.97412E-1 9.19451E-1 9.2764E-1 9.44993E-1 9.38553E-1 9.52872E-1 9.66935E-1 9.8871E-1 9.88931E-1 9.72113E-1 9.69922E-1 9.67927E-1 9.89932E-1 9.73439E-1 9.88778E-1 9.8569E-1 9.64388E-1 9.53835E-1 9.71453E-1 9.57363E-1 9.49782E-1 9.33792E-1 9.19472E-1 9.25096E-1 9.29353E-1 9.27746E-1 9.27217E-1 9.25524E-1 9.3805E-1 9.40202E-1 9.35729E-1 9.28394E-1 8.95087E-1 8.95568E-1 9.00061E-1 7.53484E-1 6.73531E-1 7.36849E-1 8.20039E-1 7.96026E-1 7.99481E-1 7.73216E-1 7.75362E-1 7.68475E-1 7.40169E-1 6.42446E-1 6.74956E-1 4.40918E-1 4.86698E-1 6.09873E-1
9.17832E-1 9.08543E-1 8.91736E-1 8.72481E-1 8.57482E-1 8.74718E-1 8.48097E-1 8.2483E-1 8.25696E-1 8.44771E-1 7.99132E-1 7.40746E-1 8.43901E-1 8.5258E-1 8.8876E-1 8.95961E-1 9.0474E-1 9.06851E-1 9.27687E-1 9.5097E-1 9.62714E-1 9.70259E-1 9.7812E-1 9.57998E-1 9.68541E-1 9.68679E-1 9.74482E-1 9.91149E-1 9.77537E-1 9.78573E-1 9.91874E-1 9.92314E-1 9.75458E-1 9.63717E-1 9.77215E-1 9.76873E-1 9.63953E-1 9.46108E-1 9.29418E-1 9.3035E-1 9.33948E-1 9.39065E-1 9.30719E-1 9.274E-1 9.27631E-1 9.34604E-1 9.24201E-1 9.12847E-1 9.11437E-1 9.31341E-1 9.13172E-1 9.01459E-1 8.2573E-1 8.37419E-1 8.55673E-1 8.15201E-1 8.06036E-1 8.08224E-1 7.92007E-1 7.72083E-1 7.70683E-1 6.78028E-1 6.49655E-1 5.09664E-1 4.56243E-1 4.83464E-1
8.9055E-1 8.78441E-1 8.63267E-1 8.51291E-1 8.1655E-1 8.10137E-1 8.34781E-1 8.52304E-1 8.46644E-1 8.08653E-1 8.07514E-1 7.70705E-1 8.59303E-1 8.85975E-1 8.8656E-1 8.75637E-1 8.99281E-1 9.33019E-1 9.44359E-1 9.52274E-1 9.68221E-1 9.75346E-1 9.83518E-1 9.86571E-1 9.87341E-1 9.79251E-1 9.91681E-1 9.91914E-1 9.91738E-1 9.79407E-1 9.93273E-1 9.94137E-1 9.93414E-1 9.88936E-1 9.79037E-1 9.8034E-1 9.71033E-1 9.54437E-1 9.44929E-1 9.34521E-1 9.48426E-1 9.4186E-1 9.34581E-1 9.33307E-1 9.17952E-1 9.10863E-1 9.08233E-1 9.1065E-1 9.33025E-1 9.36617E-1 9.27108E-1 9.23149E-1 8.9549E-1 8.84971E-1 8.36984E-1 8.29165E-1 8.25418E-1 8.12545E-1 8.09112E-1 7.85339E-1 7.31082E-1 6.32975E-1 6.04688E-1 5.53326E-1 5.11892E-1 4.69007E-1
8.65146E-1 8.54216E-1 8.39205E-1 8.3299E-1 8.18187E-1 7.95278E-1 7.98822E-1 8.27607E-1 8.37041E-1 8.09637E-1 8.01778E-1 8.37934E-1 8.91164E-1 8.8987E-1 8.7958E-1 9.05862E-1 9.40052E-1 9.5138E-1 9.48654E-1 9.67717E-1 9.79311E-1 9.86169E-1 9.8394E-1 9.84007E-1 9.85244E-1 9.88444E-1 9.88261E-1 9.89876E-1 9.92028E-1 9.92579E-1 9.9256E-1 9.91274E-1 9.93161E-1 9.89667E-1 9.86794E-1 9.86099E-1 9.73441E-1 9.57253E-1 9.44782E-1 9.31194E-1 9.44843E-1 9.38724E-1 9.39051E-1 9.24968E-1 9.26026E-1 9.1024E-1 9.20278E-1 9.19854E-1 9.21139E-1 9.13718E-1 9.2233E-1 9.21664E-1 9.14865E-1 8.93455E-1 8.64939E-1 7.9774E-1 7.98814E-1 8.24734E-1 8.27174E-1 6.90929E-1 6.07506E-1 4.72457E-1 4.72699E-1 5.36677E-1 5.45946E-1 5.77227E-1
8.92325E-1 8.50269E-1 8.19361E-1 8.09699E-1 7.98818E-1 7.78036E-1 7.62942E-1 7.72053E-1 8.05102E-1 8.24144E-1 8.51306E-1 8.37723E-1 8.6525E-1 8.92116E-1 8.9117E-1 9.16462E-1 9.29322E-1 9.49844E-1 9.67297E-1 9.73015E-1 9.84423E-1 9.87797E-1 9.81472E-1 9.86695E-1 9.87774E-1 9.87723E-1 9.89676E-1 9.91326E-1 9.92825E-1 9.93731E-1 9.94468E-1 9.94018E-1 9.92248E-1 9.84624E-1 9.89813E-1 9.87846E-1 9.80321E-1 9.59581E-1 9.33655E-1 9.22917E-1 9.43587E-1 9.37922E-1 9.33022E-1 9.177E-1 9.16965E-1 9.11253E-1 9.14461E-1 9.3099E-1 9.2082E-1 9.21624E-1 9.31972E-1 9.37972E-1 9.1797E-1 9.11164E-1 8.76175E-1 8.06888E-1 8.22352E-1 8.34849E-1 8.01199E-1 5.58432E-1 5.96411E-1 4.75436E-1 4.4659E-1 4.93339E-1 5.60705E-1 6.43453E-1
8.55711E-1 8.60638E-1 8.42252E-1 8.42931E-1 8.05184E-1 7.59211E-1 7.20451E-1 7.33959E-1 7.63452E-1 8.17925E-1 8.54427E-1 8.70299E-1 8.68541E-1 8.72852E-1 8.99481E-1 9.15094E-1 9.43703E-1 9.57049E-1 9.65094E-1 9.76451E-1 9.82064E-1 9.81975E-1 9.81045E-1 9.83452E-1 9.87669E-1 9.88002E-1 9.86174E-1 9.91902E-1 9.92941E-1 9.93524E-1 9.92523E-1 9.91527E-1 9.8708E-1 9.68534E-1 9.84921E-1 9.86143E-1 9.8219E-1 9.69244E-1 9.42253E-1 9.2698E-1 9.34282E-1 9.27157E-1 9.24662E-1 9.17184E-1 9.18833E-1 9.21337E-1 9.14965E-1 9.24078E-1 9.3148E-1 9.37688E-1 9.34501E-1 9.31192E-1 9.16942E-1 9.12764E-1 9.00507E-1 8.17731E-1 7.73212E-1 7.83788E-1 6.89086E-1 6.61531E-1 6.67211E-1 6.22855E-1 4.98263E-1 4.37751E-1 4.69605E-1 6.14351E-1
8.45407E-1 8.27878E-1 8.12179E-1 8.16226E-1 8.06916E-1 7.67749E-1 6.94866E-1 6.92884E-1 7.48656E-1 8.02733E-1 8.43958E-1 8.7934E-1 8.9347E-1 8.8388E-1 9.12042E-1 9.23827E-1 9.41962E-1 9.56745E-1 9.70065E-1 9.73503E-1 9.81473E-1 9.8053E-1 9.79953E-1 9.81225E-1 9.8486E-1 9.85276E-1 9.89322E-1 9.922E-1 9.88528E-1 9.90485E-1 9.8641E-1 9.87521E-1 9.89057E-1 9.90959E-1 9.83077E-1 9.83468E-1 9.8031E-1 9.67842E-1 9.18245E-1 9.10688E-1 9.29349E-1 9.3144E-1 9.28494E-1 9.14224E-1 9.27003E-1 9.28695E-1 9.30948E-1 9.40032E-1 9.40875E-1 9.40555E-1 9.30724E-1 9.31557E-1 9.22938E-1 9.18299E-1 8.95826E-1 8.16229E-1 7.90848E-1 7.61589E-1 7.44053E-1 7.04734E-1 6.6865E-1 6.13207E-1 5.27105E-1 4.9794E-1 5.10632E-1 5.09297E-1
8.01814E-1 7.95431E-1 7.85661E-1 7.85574E-1 7.85208E-1 7.52254E-1 7.09314E-1 6.89478E-1 7.43177E-1 7.96966E-1 8.2651E-1 8.62611E-1 8.86412E-1 8.94801E-1 9.12194E-1 9.29267E-1 9.4592E-1 9.6292E-1 9.63465E-1 9.77514E-1 9.85639E-1 9.81477E-1 9.8231E-1 9.80917E-1 9.80731E-1 9.77889E-1 9.84902E-1 9.88269E-1 9.85285E-1 9.86414E-1 9.85501E-1 9.88617E-1 9.84981E-1 9.89843E-1 9.87049E-1 9.61424E-1 9.46774E-1 9.15508E-1 8.98465E-1 8.92767E-1 9.20418E-1 9.16839E-1 9.11966E-1 9.18045E-1 9.26634E-1 9.50947E-1 9.58147E-1 9.52916E-1 9.50495E-1 9.45718E-1 9.3361E-1 9.42408E-1 9.377E-1 9.28064E-1 8.93226E-1 8.27742E-1 8.14E-1 7.61136E-1 7.30322E-1 6.85347E-1 6.54492E-1 6.39375E-1 6.6767E-1 5.59142E-1 4.90285E-1 5.07248E-1
6.9098E-1 6.977E-1 7.20226E-1 7.21183E-1 7.46793E-1 7.68107E-1 7.4598E-1 6.83287E-1 7.58067E-1 7.99458E-1 8.22197E-1 8.47227E-1 8.55563E-1 8.84231E-1 8.96285E-1 9.03906E-1 9.41975E-1 9.59356E-1 9.73283E-1 9.78455E-1 9.84319E-1 9.84896E-1 9.76565E-1 9.80539E-1 9.8272E-1 9.78125E-1 9.83946E-1 9.83744E-1 9.77626E-1 9.83322E-1 9.83771E-1 9.85085E-1 9.79278E-1 9.76924E-1 9.74343E-1 9.6549E-1 9.40871E-1 9.01762E-1 8.83551E-1 9.07618E-1 9.33466E-1 9.17618E-1 9.30287E-1 9.4131E-1 9.46261E-1 9.53627E-1 9.60737E-1 9.66454E-1 9.62173E-1 9.59563E-1 9.5887E-1 9.51183E-1 9.40699E-1 9.2894E-1 9.20054E-1 8.6845E-1 8.02736E-1 7.88847E-1 7.72978E-1 7.52202E-1 7.32828E-1 6.91885E-1 6.28345E-1 5.49847E-1 5.27647E-1 5.18869E-1
6.31279E-1 6.15893E-1 6.36688E-1 6.52491E-1 6.88296E-1 7.45089E-1 7.50545E-1 7.30165E-1 7.80645E-1 7.91544E-1 8.23862E-1 8.08359E-1 8.19469E-1 8.60995E-1 9.09693E-1 9.1161E-1 9.30978E-1 9.46822E-1 9.66699E-1 9.78867E-1 9.80934E-1 9.8148E-1 9.79659E-1 9.80736E-1 9.84078E-1 9.71393E-1 9.71405E-1 9.72943E-1 9.70497E-1 9.75936E-1 9.79891E-1 9.80867E-1 9.77021E-1 9.72304E-1 9.67579E-1 9.58356E-1 9.41207E-1 8.97179E-1 8.78865E-1 8.85619E-1 9.06646E-1 9.1609E-1 9.49142E-1 9.61479E-1 9.58063E-1 9.61344E-1 9.63855E-1 9.59965E-1 9.65686E-1 9.65373E-1 9.62025E-1 9.61482E-1 9.55287E-1 9.47573E-1 9.3047E-1 8.89392E-1 8.96301E-1 8.68005E-1 8.34233E-1 8.71185E-1 8.54149E-1 7.91242E-1 7.34597E-1 5.04356E-1 4.94871E-1 5.51768E-1
5.66329E-1 5.76075E-1 5.75878E-1 6.13638E-1 6.51718E-1 7.36851E-1 7.63927E-1 7.57153E-1 7.78028E-1 7.73172E-1 7.80322E-1 7.86922E-1 8.08786E-1 8.3963E-1 8.65945E-1 8.72508E-1 9.04996E-1 9.34522E-1 9.50184E-1 9.58385E-1 9.68603E-1 9.73374E-1 9.75662E-1 9.78628E-1 9.7696E-1 9.77242E-1 9.6503E-1 9.02169E-1 8.93855E-1 8.89783E-1 9.58167E-1 9.7835E-1 9.71342E-1 9.74994E-1 9.61226E-1 9.47463E-1 9.42862E-1 9.29221E-1 9.11513E-1 8.76645E-1 9.0362E-1 9.40727E-1 9.55845E-1 9.59921E-1 9.64455E-1 9.67313E-1 9.65914E-1 9.63096E-1 9.6533E-1 9.66894E-1 9.58215E-1 9.60733E-1 9.60729E-1 9.48748E-1 9.44447E-1 9.27704E-1 9.25384E-1 9.15634E-1 8.98197E-1 8.88272E-1 8.69348E-1 8.65432E-1 7.91529E-1 5.75597E-1 5.37269E-1 5.34767E-1
4.74113E-1 5.21841E-1 5.26587E-1 6.23739E-1 6.11134E-1 7.99899E-1 7.94386E-1 7.4507E-1 7.66477E-1 7.29567E-1 7.33134E-1 7.50957E-1 7.93736E-1 8.09488E-1 8.26548E-1 8.57304E-1 8.88862E-1 9.16078E-1 9.40429E-1 9.5349E-1 9.51181E-1 9.4612E-1 9.41525E-1 9.53054E-1 9.64532E-1 9.7452E-1 9.74311E-1 9.70411E-1 9.66937E-1 9.57839E-1 9.49673E-1 9.68767E-1 9.71057E-1 9.67283E-1 9.61653E-1 9.46871E-1 9.25767E-1 9.08522E-1 8.66773E-1 8.63764E-1 8.97002E-1 9.31851E-1 9.44188E-1 9.45097E-1 9.50091E-1 9.53148E-1 9.56469E-1 9.66015E-1 9.65172E-1 9.66295E-1 9.58877E-1 9.62058E-1 9.61955E-1 9.61277E-1 9.49576E-1 9.33393E-1 9.31338E-1 9.28047E-1 9.16273E-1 9.04466E-1 8.79382E-1 8.80265E-1 8.58696E-1 7.83776E-1 6.04732E-1 5.39388E-1
4.37164E-1 4.90299E-1 5.04329E-1 5.5518E-1 6.71097E-1 7.91869E-1 7.36253E-1 7.08849E-1 7.25528E-1 7.25486E-1 7.25391E-1 7.17707E-1 7.44891E-1 7.91084E-1 8.17308E-1 8.43253E-1 8.60844E-1 8.89239E-1 9.20567E-1 9.35129E-1 9.44678E-1 9.48178E-1 9.55839E-1 9.409E-1 9.59634E-1 9.26432E-1 9.55432E-1 9.69902E-1 9.72116E-1 9.69712E-1 9.48725E-1 9.42413E-1 9.47028E-1 9.37357E-1 9.49533E-1 9.38709E-1 9.11168E-1 8.85998E-1 8.71013E-1 8.6589E-1 8.52428E-1 8.46505E-1 8.28072E-1 8.30789E-1 8.43812E-1 8.6284E-1 8.9665E-1 9.14163E-1 9.34521E-1 9.53272E-1 9.55335E-1 9.57844E-1 9.60301E-1 9.57501E-1 9.52082E-1 9.3564E-1 9.43469E-1 9.30033E-1 9.07662E-1 8.99992E-1 8.94035E-1 8.81969E-1 8.34047E-1 7.5533E-1 5.97063E-1 6.74775E-1
5.18411E-1 4.97179E-1 4.82914E-1 5.09853E-1 6.55123E-1 7.73318E-1 7.10014E-1 6.93539E-1 7.10559E-1 7.05702E-1 7.26143E-1 6.91566E-1 7.18274E-1 7.64348E-1 7.89845E-1 8.23049E-1 8.57084E-1 8.76125E-1 8.98377E-1 9.07972E-1 9.20538E-1 9.27176E-1 9.41609E-1 9.35824E-1 9.4945E-1 9.5992E-1 9.52202E-1 9.53028E-1 9.57395E-1 9.60514E-1 9.61633E-1 9.46443E-1 9.36875E-1 9.19753E-1 9.06569E-1 8.94536E-1 8.87051E-1 8.76286E-1 8.44115E-1 8.42814E-1 8.2464E-1 8.56861E-1 8.77836E-1 9.1019E-1 9.21879E-1 9.09445E-1 9.18159E-1 9.46351E-1 9.61051E-1 9.68726E-1 9.66894E-1 9.65604E-1 9.63487E-1 9.64304E-1 9.47214E-1 9.45646E-1 9.40637E-1 9.32125E-1 9.13545E-1 9.10203E-1 8.99844E-1 8.89326E-1 8.59015E-1 7.3056E-1 6.635E-1 6.80204E-1
5.07681E-1 4.71385E-1 4.51177E-1 5.87573E-1 6.91341E-1 7.33989E-1 6.99734E-1 6.89823E-1 7.01519E-1 7.0162E-1 7.03479E-1 7.28909E-1 7.22397E-1 7.52753E-1 7.72633E-1 7.9333E-1 8.03572E-1 8.25172E-1 8.63288E-1 8.80027E-1 8.97945E-1 9.02758E-1 9.12388E-1 9.25229E-1 9.31811E-1 9.34887E-1 9.53357E-1 9.5786E-1 9.61151E-1 9.60033E-1 9.517E-1 9.43792E-1 9.41505E-1 9.39176E-1 9.17132E-1 9.01265E-1 8.85097E-1 8.50261E-1 8.45722E-1 8.3378E-1 8.69589E-1 9.17519E-1 9.22792E-1 9.33039E-1 9.36965E-1 9.42437E-1 9.53542E-1 9.53834E-1 9.58564E-1 9.62964E-1 9.65201E-1 9.67649E-1 9.61845E-1 9.58796E-1 9.3769E-1 9.42661E-1 9.46999E-1 9.29729E-1 9.20943E-1 9.16522E-1 8.91821E-1 8.80435E-1 8.68191E-1 7.94051E-1 7.37308E-1 7.10969E-1
4.5484E-1 4.34944E-1 5.5874E-1 5.81996E-1 7.33758E-1 7.22829E-1 6.99291E-1 6.96754E-1 7.00982E-1 7.00853E-1 7.06888E-1 7.32237E-1 6.94237E-1 7.26916E-1 7.4806E-1 7.69388E-1 7.66182E-1 7.94946E-1 8.115E-1 8.40519E-1 8.54099E-1 8.77793E-1 8.92068E-1 9.0553E-1 9.11198E-1 9.21038E-1 9.29672E-1 9.3606E-1 9.45922E-1 9.4908E-1 9.50213E-1 9.46364E-1 9.34554E-1 9.29317E-1 9.07501E-1 9.03509E-1 8.57425E-1 8.52131E-1 8.19652E-1 8.1177E-1 8.43595E-1 8.90676E-1 8.88849E-1 9.26166E-1 9.51501E-1 9.60842E-1 9.55071E-1 9.54196E-1 9.59072E-1 9.62514E-1 9.63134E-1 9.66462E-1 9.62373E-1 9.51507E-1 9.1969E-1 9.29785E-1 9.38596E-1 9.36252E-1 9.19062E-1 9.09566E-1 8.85074E-1 8.39732E-1 7.91825E-1 7.47325E-1 7.23846E-1 7.21257E-1
4.23463E-1 4.39093E-1 5.65055E-1 6.35537E-1 7.11676E-1 7.0882E-1 7.07864E-1 6.9817E-1 6.95918E-1 6.73745E-1 7.09119E-1 7.12545E-1 6.79754E-1 6.89305E-1 7.00722E-1 6.85954E-1 7.15182E-1 7.38219E-1 7.68154E-1 7.8561E-1 8.30294E-1 8.45908E-1 8.73E-1 8.73692E-1 8.9641E-1 9.00155E-1 9.02978E-1 9.17234E-1 9.29788E-1 9.37868E-1 9.33486E-1 9.26848E-1 9.26542E-1 9.25163E-1 9.07338E-1 8.9207E-1 8.55314E-1 7.98034E-1 8.09928E-1 8.14831E-1 8.66161E-1 8.98321E-1 9.16277E-1 9.42749E-1 9.4749E-1 9.45958E-1 9.44487E-1 9.49661E-1 9.52866E-1 9.55684E-1 9.61064E-1 9.63932E-1 9.61508E-1 9.39985E-1 8.89367E-1 9.12322E-1 8.98703E-1 9.2926E-1 9.09357E-1 9.0387E-1 8.74077E-1 8.16859E-1 7.6369E-1 7.35545E-1 7.45578E-1 7.37499E-1
4.20381E-1 4.6845E-1 5.23324E-1 5.30065E-1 6.21052E-1 6.70572E-1 7.22999E-1 6.99733E-1 7.0567E-1 6.79484E-1 6.93602E-1 7.06404E-1 7.18339E-1 6.7577E-1 6.84101E-1 6.70949E-1 7.13294E-1 7.38563E-1 7.59929E-1 7.76198E-1 7.97585E-1 8.28907E-1 8.37108E-1 8.49193E-1 8.74299E-1 8.85956E-1 9.00476E-1 9.07925E-1 9.13029E-1 9.21883E-1 9.25067E-1 9.19191E-1 9.16765E-1 9.14859E-1 8.97367E-1 8.82954E-1 8.37187E-1 8.51056E-1 8.30453E-1 8.17886E-1 8.68563E-1 8.95914E-1 9.30796E-1 9.45513E-1 9.38386E-1 9.35919E-1 9.38945E-1 9.44199E-1 9.51967E-1 9.55393E-1 9.606E-1 9.58159E-1 9.53052E-1 9.22864E-1 8.80576E-1 8.50374E-1 8.28725E-1 9.04433E-1 9.16206E-1 8.98986E-1 8.71697E-1 8.15935E-1 7.9024E-1 7.609E-1 7.51739E-1 7.43395E-1
4.32377E-1 4.43212E-1 4.41834E-1 4.53609E-1 5.56536E-1 6.19224E-1 6.8478E-1 6.88985E-1 6.88639E-1 6.93731E-1 6.75207E-1 6.7722E-1 7.00187E-1 7.16576E-1 7.20096E-1 6.63684E-1 7.18112E-1 7.5106E-1 7.4305E-1 7.61472E-1 7.67374E-1 7.83636E-1 8.0144E-1 8.38021E-1 8.54275E-1 8.78057E-1 8.86183E-1 9.00582E-1 9.04987E-1 9.03093E-1 9.22842E-1 9.17907E-1 9.14097E-1 9.04513E-1 8.92992E-1 8.72327E-1 8.65604E-1 8.56974E-1 8.1856E-1 8.46788E-1 8.72319E-1 9.04682E-1 9.36338E-1 9.41378E-1 9.37895E-1 9.34922E-1 9.32393E-1 9.37163E-1 9.45636E-1 9.48483E-1 9.4549E-1 9.27567E-1 9.23948E-1 9.05216E-1 9.09663E-1 7.95812E-1 7.80426E-1 8.23755E-1 8.9575E-1 8.79027E-1 8.22179E-1 7.92444E-1 8.03453E-1 7.48887E-1 7.5848E-1 7.34723E-1
4.51264E-1 4.49246E-1 4.73918E-1 4.42438E-1 4.57556E-1 6.08227E-1 6.7013E-1 7.07358E-1 7.22923E-1 7.14352E-1 6.88196E-1 6.76663E-1 6.80291E-1 6.8718E-1 6.9686E-1 6.77606E-1 6.98488E-1 7.16837E-1 7.36451E-1 7.32987E-1 7.93499E-1 8.0057E-1 7.80628E-1 8.13779E-1 8.23851E-1 8.49058E-1 8.76961E-1 8.87214E-1 9.00185E-1 9.08615E-1 9.17418E-1 9.13942E-1 9.04781E-1 9.02137E-1 8.9753E-1 9.19234E-1 9.05506E-1 9.25404E-1 8.90935E-1 8.87486E-1 9.11967E-1 9.18785E-1 9.2645E-1 8.97395E-1 9.14775E-1 9.10119E-1 9.06601E-1 9.20087E-1 9.233E-1 9.25611E-1 9.13599E-1 9.18026E-1 9.05756E-1 8.99139E-1 8.93795E-1 8.06061E-1 7.76492E-1 7.82241E-1 8.64107E-1 8.51386E-1 7.90048E-1 7.61242E-1 7.91238E-1 7.61446E-1 7.52828E-1 7.39722E-1
4.66645E-1 4.66226E-1 4.94789E-1 4.53863E-1 4.66058E-1 6.27755E-1 6.72567E-1 7.01685E-1 7.29328E-1 7.18893E-1 6.98177E-1 6.90044E-1 6.94928E-1 6.72177E-1 6.77055E-1 6.64692E-1 6.85102E-1 6.81962E-1 7.08821E-1 7.31128E-1 7.54142E-1 7.80722E-1 8.04702E-1 8.11035E-1 8.25299E-1 8.32012E-1 8.6052E-1 8.85661E-1 8.95364E-1 8.92955E-1 9.0654E-1 9.23529E-1 9.11963E-1 9.18287E-1 9.28532E-1 9.35285E-1 9.30371E-1 9.252E-1 9.07972E-1 9.02324E-1 9.31908E-1 9.24075E-1 9.21244E-1 8.82677E-1 8.80067E-1 9.02098E-1 8.79636E-1 8.91775E-1 9.03495E-1 8.97034E-1 9.00446E-1 9.0387E-1 8.61886E-1 8.87579E-1 8.59013E-1 8.70958E-1 7.58426E-1 7.49555E-1 7.57249E-1 7.96262E-1 7.5939E-1 7.63895E-1 7.69393E-1 7.71194E-1 7.64793E-1 7.654E-1
4.78222E-1 4.77841E-1 4.70492E-1 4.59449E-1 4.65659E-1 6.70601E-1 6.98021E-1 7.11733E-1 7.13901E-1 7.12519E-1 7.08414E-1 6.96272E-1 6.93181E-1 6.82732E-1 6.71926E-1 6.42176E-1 6.55972E-1 6.69892E-1 6.89803E-1 6.96828E-1 7.38007E-1 7.55151E-1 7.76263E-1 8.00895E-1 8.17715E-1 8.32934E-1 8.54396E-1 8.73728E-1 8.91145E-1 8.98192E-1 9.06193E-1 9.20278E-1 9.17239E-1 9.30721E-1 9.40682E-1 9.31387E-1 9.3377E-1 9.29978E-1 9.00642E-1 9.24475E-1 9.21257E-1 8.95156E-1 8.92086E-1 8.87831E-1 8.56498E-1 8.99086E-1 9.03497E-1 9.08603E-1 8.73881E-1 8.8808E-1 8.98448E-1 8.71619E-1 8.47199E-1 8.60815E-1 8.43263E-1 8.80895E-1 8.44631E-1 7.38018E-1 7.50475E-1 7.49237E-1 7.57591E-1 7.61799E-1 7.8674E-1 7.87247E-1 7.77191E-1 7.90239E-1
4.91095E-1 4.86346E-1 4.72813E-1 5.59383E-1 5.54004E-1 7.05654E-1 7.11814E-1 7.06728E-1 6.95639E-1 6.98396E-1 6.98834E-1 6.88024E-1 6.91375E-1 6.9646E-1 6.20477E-1 6.25229E-1 6.41025E-1 6.3291E-1 6.53624E-1 6.93807E-1 7.11416E-1 7.29029E-1 7.60573E-1 7.73854E-1 8.01516E-1 8.27441E-1 8.46795E-1 8.54107E-1 8.76306E-1 9.01003E-1 9.08775E-1 9.09939E-1 9.07658E-1 9.04315E-1 9.26185E-1 9.32881E-1 9.23411E-1 9.13052E-1 9.12278E-1 9.12352E-1 8.99327E-1 8.79018E-1 8.79635E-1 8.79383E-1 8.75473E-1 8.69028E-1 8.94297E-1 9.00667E-1 8.75176E-1 8.61019E-1 8.65033E-1 8.21624E-1 8.34313E-1 7.92701E-1 8.53536E-1 8.42337E-1 8.13415E-1 7.20778E-1 7.30603E-1 7.41156E-1 7.5122E-1 7.52008E-1 7.607E-1 7.8835E-1 8.04577E-1 7.73302E-1
4.86607E-1 4.81212E-1 5.316E-1 6.35755E-1 6.1374E-1 6.99269E-1 7.03886E-1 7.2062E-1 7.13469E-1 7.00482E-1 7.26257E-1 7.08279E-1 6.31512E-1 6.34872E-1 6.44136E-1 6.33746E-1 6.40222E-1 6.39651E-1 6.63226E-1 6.59921E-1 6.77997E-1 7.10353E-1 7.45573E-1 7.56171E-1 7.84616E-1 8.12483E-1 8.26849E-1 8.45462E-1 8.63855E-1 8.79682E-1 8.90596E-1 8.88548E-1 8.98758E-1 8.95852E-1 9.08815E-1 9.08734E-1 9.14174E-1 9.217E-1 9.07472E-1 9.00763E-1 8.82665E-1 8.53885E-1 8.13621E-1 8.71234E-1 8.6215E-1 8.5972E-1 8.70757E-1 8.72302E-1 8.76925E-1 8.6072E-1 8.48383E-1 8.37385E-1 7.89796E-1 8.13629E-1 8.30539E-1 8.0643E-1 7.79272E-1 6.95871E-1 7.20141E-1 7.29409E-1 7.41154E-1 7.48329E-1 7.58968E-1 7.71552E-1 8.03267E-1 8.26326E-1
4.79065E-1 5.09002E-1 4.76589E-1 5.67941E-1 5.68533E-1 6.605E-1 7.10034E-1 7.13979E-1 7.03595E-1 7.25683E-1 7.29814E-1 7.19657E-1 6.33014E-1 6.38961E-1 6.44827E-1 6.35971E-1 6.51655E-1 6.47357E-1 6.53184E-1 6.76715E-1 6.92374E-1 7.03943E-1 7.25747E-1 7.41618E-1 7.74397E-1 7.85723E-1 8.14249E-1 8.37145E-1 8.54751E-1 8.65744E-1 8.79612E-1 8.91424E-1 8.89966E-1 8.98902E-1 8.94106E-1 8.87395E-1 9.09779E-1 9.13144E-1 8.85618E-1 8.85188E-1 8.68146E-1 8.66151E-1 8.09121E-1 8.4769E-1 8.6147E-1 8.65089E-1 8.70169E-1 8.67794E-1 8.65495E-1 8.35785E-1 8.29713E-1 8.42654E-1 7.76449E-1 8.08831E-1 7.92554E-1 7.63941E-1 6.62928E-1 6.85309E-1 7.00006E-1 7.16472E-1 7.25384E-1 7.40958E-1 7.40674E-1 8.06056E-1 7.63769E-1 8.23484E-1
4.71857E-1 4.6185E-1 4.3741E-1 5.27124E-1 5.93848E-1 6.42153E-1 6.68389E-1 6.90476E-1 6.98172E-1 7.09706E-1 7.07688E-1 6.26719E-1 6.38016E-1 6.37403E-1 6.40343E-1 6.55802E-1 6.72709E-1 6.5479E-1 6.73487E-1 6.73461E-1 6.85393E-1 7.04731E-1 7.19433E-1 7.32842E-1 7.67811E-1 7.64209E-1 7.93521E-1 8.03791E-1 8.27665E-1 8.32281E-1 8.5854E-1 8.68036E-1 8.79987E-1 8.79476E-1 8.85747E-1 8.81674E-1 9.09231E-1 9.00052E-1 8.82635E-1 8.71723E-1 8.53371E-1 8.33201E-1 7.9452E-1 8.44583E-1 8.67564E-1 8.70525E-1 8.59031E-1 8.61435E-1 8.66384E-1 8.58531E-1 7.72469E-1 8.15876E-1 8.04942E-1 8.05758E-1 7.55442E-1 6.90563E-1 6.45116E-1 7.20265E-1 7.40723E-1 7.5162E-1 7.58305E-1 7.75019E-1 7.80298E-1 7.93474E-1 7.99467E-1 7.9827E-1
4.84226E-1 4.48084E-1 4.43318E-1 4.46559E-1 5.77106E-1 6.27917E-1 6.79312E-1 6.9228E-1 6.97278E-1 6.96982E-1 6.15737E-1 6.15262E-1 6.30138E-1 6.32131E-1 6.29301E-1 6.50212E-1 6.60442E-1 6.68129E-1 6.71691E-1 6.8047E-1 6.96651E-1 7.14033E-1 7.20907E-1 7.38155E-1 7.5287E-1 7.6762E-1 7.80552E-1 7.89186E-1 8.02991E-1 8.11649E-1 8.38448E-1 8.72248E-1 8.7069E-1 8.71899E-1 8.77108E-1 8.83141E-1 8.99183E-1 9.00559E-1 8.73996E-1 8.63793E-1 8.35755E-1 8.2357E-1 7.84611E-1 8.22063E-1 8.61633E-1 8.62962E-1 8.38701E-1 8.55679E-1 8.53443E-1 8.36375E-1 8.18725E-1 8.10589E-1 7.86804E-1 7.63141E-1 7.32041E-1 6.99161E-1 6.88658E-1 7.09072E-1 7.26407E-1 7.34147E-1 7.53702E-1 7.58668E-1 7.63022E-1 7.75343E-1 7.80995E-1 7.98802E-1
