Leopardus pardalis/Leopardus_pardalis.asc
ncols         515
nrows         545
xllcorner     -119.0
yllcorner     -58.333333333333
cellsize      0.166666666667
NODATA_value  -9999
[rows 232 to 260 of 545, columns 264 to 329 of 515]
3.74328E-1 3.682E-1 3.53202E-1 3.62092E-1 3.61376E-1 3.68058E-1 3.77099E-1 3.79514E-1 3.80868E-1 3.92665E-1 3.96001E-1 4.52116E-1 4.62403E-1 4.6487E-1 4.69004E-1 4.68367E-1 4.70857E-1 4.68706E-1 4.76687E-1 4.7019E-1 4.68753E-1 4.75315E-1 4.67925E-1 4.75538E-1 4.77301E-1 4.8234E-1 4.40709E-1 4.53383E-1 4.64317E-1 4.64702E-1 4.64689E-1 4.66634E-1 4.6773E-1 4.71944E-1 4.76286E-1 4.77327E-1 4.85133E-1 4.88302E-1 4.95004E-1 4.94741E-1 4.91039E-1 4.80915E-1 4.77336E-1 4.79769E-1 4.78925E-1 4.3451E-1 4.34751E-1 4.36368E-1 4.54248E-1 4.5568E-1 4.58412E-1 4.60838E-1 4.63394E-1 4.66221E-1 4.70061E-1 4.76348E-1 4.81416E-1 4.87753E-1 4.93906E-1 5.01641E-1 4.97071E-1 4.81524E-1 4.52002E-1 4.222E-1 4.14912E-1 3.645E-1
3.55225E-1 3.54438E-1 3.60223E-1 3.57102E-1 3.57787E-1 3.65874E-1 3.75645E-1 3.75674E-1 3.8291E-1 3.97046E-1 4.46577E-1 4.53402E-1 4.67374E-1 4.68628E-1 4.70831E-1 4.77043E-1 4.77795E-1 4.76523E-1 4.8323E-1 4.73911E-1 4.79302E-1 4.78088E-1 4.77991E-1 4.79913E-1 4.84988E-1 4.89427E-1 4.49405E-1 4.62005E-1 4.66484E-1 4.71025E-1 4.71992E-1 4.72448E-1 4.53681E-1 4.48175E-1 4.46922E-1 4.47225E-1 4.55492E-1 4.66176E-1 4.76837E-1 4.95728E-1 4.88636E-1 4.63997E-1 4.61693E-1 4.63402E-1 4.62244E-1 4.61202E-1 4.77781E-1 4.35882E-1 4.50468E-1 4.53764E-1 4.56844E-1 4.61202E-1 4.65034E-1 4.6812E-1 4.70362E-1 4.72534E-1 4.79338E-1 4.85799E-1 4.97596E-1 5.03101E-1 5.00237E-1 4.66773E-1 4.36161E-1 4.20125E-1 4.03125E-1 3.49394E-1
3.38961E-1 3.48223E-1 3.55796E-1 3.57195E-1 3.59627E-1 3.6609E-1 3.72299E-1 3.80915E-1 3.95796E-1 4.44842E-1 4.50042E-1 4.63212E-1 4.70687E-1 4.71428E-1 4.80348E-1 4.86003E-1 4.87146E-1 4.87006E-1 4.84751E-1 4.8369E-1 4.87167E-1 4.8656E-1 4.86479E-1 4.88451E-1 4.91708E-1 5.00811E-1 4.58316E-1 4.64668E-1 4.6746E-1 4.54314E-1 4.56117E-1 4.51835E-1 4.45477E-1 4.39361E-1 4.32009E-1 4.32327E-1 4.4325E-1 4.54556E-1 4.66518E-1 4.70253E-1 4.65222E-1 4.62842E-1 4.63047E-1 4.61708E-1 4.61588E-1 4.61114E-1 4.61609E-1 4.6268E-1 4.77631E-1 4.53479E-1 4.53859E-1 4.57652E-1 4.60132E-1 4.64667E-1 4.71166E-1 4.75782E-1 4.81711E-1 4.686E-1 4.76629E-1 4.77441E-1 4.72656E-1 4.57301E-1 4.31132E-1 4.05731E-1 4.10175E-1 3.50713E-1
3.22202E-1 3.399E-1 3.49224E-1 3.50815E-1 3.60321E-1 3.82946E-1 3.84841E-1 3.92826E-1 4.47064E-1 4.52582E-1 4.60554E-1 4.73506E-1 4.76136E-1 4.76813E-1 4.91957E-1 4.97496E-1 4.96402E-1 4.92283E-1 4.90109E-1 4.98692E-1 4.96507E-1 4.91223E-1 4.88462E-1 4.85989E-1 4.91328E-1 4.96317E-1 4.99812E-1 4.48935E-1 4.34526E-1 4.41818E-1 4.49538E-1 4.47883E-1 4.4721E-1 4.41668E-1 4.37283E-1 4.38157E-1 4.44329E-1 4.51558E-1 4.58724E-1 4.62038E-1 4.63576E-1 4.63477E-1 4.61505E-1 4.58504E-1 4.57466E-1 4.55182E-1 4.55366E-1 4.57494E-1 4.73309E-1 4.76404E-1 4.3709E-1 4.40108E-1 4.46737E-1 4.50411E-1 4.5297E-1 4.57136E-1 4.60453E-1 4.63396E-1 4.70236E-1 4.66088E-1 4.60396E-1 4.47121E-1 4.26615E-1 4.16153E-1 4.1612E-1 3.54844E-1
3.24904E-1 3.35817E-1 3.43018E-1 3.49177E-1 3.61682E-1 4.24362E-1 4.5312E-1 4.49678E-1 4.62247E-1 4.68445E-1 4.74723E-1 4.82768E-1 4.80912E-1 4.88125E-1 5.00439E-1 5.04318E-1 5.00359E-1 4.99839E-1 5.01715E-1 4.99282E-1 4.95957E-1 4.83735E-1 4.77961E-1 4.80827E-1 4.83131E-1 4.89729E-1 4.97488E-1 4.84779E-1 4.34158E-1 4.413E-1 4.45926E-1 4.45215E-1 4.49566E-1 4.89195E-1 4.90666E-1 4.90198E-1 4.90653E-1 4.53437E-1 4.58608E-1 4.60756E-1 4.59583E-1 4.56159E-1 4.53383E-1 4.50655E-1 4.49842E-1 4.49856E-1 4.53936E-1 4.7036E-1 4.7324E-1 4.76926E-1 4.8009E-1 4.83656E-1 4.86274E-1 4.47269E-1 4.50985E-1 4.52018E-1 4.53929E-1 4.5991E-1 4.59799E-1 4.56912E-1 4.50996E-1 4.39711E-1 4.2808E-1 4.29136E-1 4.21162E-1 4.1915E-1
3.26251E-1 3.25665E-1 3.89801E-1 3.3864E-1 3.52437E-1 3.80918E-1 4.65402E-1 4.77038E-1 4.75387E-1 4.7929E-1 4.83998E-1 4.85453E-1 4.85147E-1 4.86998E-1 4.92909E-1 5.03939E-1 5.07905E-1 5.05062E-1 4.98569E-1 4.91319E-1 4.856E-1 4.82633E-1 4.84703E-1 4.92554E-1 4.96983E-1 4.94508E-1 5.31258E-1 5.38992E-1 5.422E-1 4.82567E-1 4.87684E-1 4.39664E-1 4.91574E-1 4.94907E-1 4.89584E-1 4.87623E-1 4.92299E-1 4.96839E-1 4.99784E-1 4.9889E-1 4.97201E-1 4.95909E-1 4.50067E-1 4.47728E-1 4.45949E-1 4.4779E-1 4.5149E-1 4.67483E-1 4.71976E-1 4.75619E-1 4.79148E-1 4.81454E-1 4.84011E-1 4.87358E-1 4.88721E-1 4.91364E-1 4.49458E-1 4.54767E-1 4.53706E-1 4.49228E-1 4.43442E-1 4.33933E-1 4.34229E-1 4.34396E-1 4.29968E-1 4.68124E-1
3.30803E-1 3.24378E-1 3.9073E-1 3.96648E-1 3.95098E-1 4.13136E-1 4.46392E-1 4.81461E-1 4.89603E-1 4.88835E-1 4.88541E-1 4.8535E-1 4.83048E-1 4.8581E-1 4.91246E-1 4.9976E-1 5.00687E-1 4.94955E-1 4.9281E-1 4.93887E-1 4.90173E-1 5.35736E-1 5.36875E-1 5.38883E-1 5.34521E-1 5.27061E-1 5.4241E-1 5.43852E-1 5.37174E-1 5.46065E-1 4.75499E-1 4.81339E-1 4.86531E-1 4.90497E-1 4.86768E-1 4.88372E-1 4.89644E-1 4.89356E-1 4.92297E-1 4.96232E-1 4.94395E-1 4.91345E-1 4.88032E-1 4.86328E-1 4.417E-1 4.43912E-1 4.48367E-1 4.53666E-1 4.69269E-1 4.74018E-1 4.76938E-1 4.78983E-1 4.82011E-1 4.83816E-1 4.85635E-1 4.87111E-1 4.87349E-1 4.92015E-1 4.4531E-1 4.40875E-1 4.33107E-1 4.29995E-1 4.35122E-1 4.79714E-1 4.7777E-1 4.84193E-1
3.00758E-1 3.12693E-1 3.25129E-1 3.8384E-1 3.97736E-1 4.21491E-1 4.49774E-1 4.80332E-1 4.78365E-1 4.92636E-1 4.90354E-1 4.87379E-1 4.84164E-1 4.86654E-1 4.89699E-1 4.93105E-1 4.97965E-1 4.99649E-1 4.97206E-1 5.41071E-1 5.34654E-1 5.35647E-1 5.4095E-1 5.35243E-1 5.28447E-1 5.37075E-1 5.3777E-1 5.38968E-1 5.42403E-1 5.37066E-1 5.42819E-1 5.51168E-1 5.53835E-1 5.5806E-1 5.58733E-1 4.89413E-1 5.04519E-1 5.0833E-1 5.02797E-1 4.98726E-1 4.96242E-1 4.82474E-1 4.78738E-1 4.76353E-1 4.79498E-1 4.81334E-1 4.45204E-1 4.52147E-1 4.69447E-1 4.71055E-1 4.73306E-1 4.74892E-1 4.78054E-1 4.80462E-1 4.81796E-1 4.81352E-1 4.84627E-1 4.8214E-1 4.35855E-1 4.33209E-1 4.21041E-1 4.8327E-1 4.85584E-1 4.897E-1 4.87399E-1 4.83579E-1
3.11026E-1 3.09098E-1 3.23734E-1 3.72994E-1 3.89374E-1 4.18086E-1 4.48746E-1 4.73088E-1 4.76482E-1 4.79043E-1 4.96453E-1 4.9801E-1 4.65994E-1 4.61752E-1 4.8191E-1 4.9152E-1 5.49464E-1 5.52119E-1 5.42411E-1 5.46294E-1 5.44284E-1 5.40362E-1 5.36407E-1 5.43215E-1 5.40248E-1 5.41415E-1 5.41695E-1 5.37557E-1 5.41141E-1 5.43029E-1 5.53045E-1 5.53087E-1 5.60031E-1 5.73713E-1 5.74681E-1 5.74349E-1 5.80598E-1 5.01171E-1 5.01295E-1 5.00051E-1 5.01447E-1 4.98027E-1 4.91904E-1 4.87682E-1 4.80822E-1 4.71153E-1 4.81759E-1 4.62013E-1 4.69846E-1 4.68836E-1 4.66807E-1 4.6716E-1 4.70271E-1 4.74294E-1 4.77415E-1 4.7717E-1 4.80004E-1 4.74585E-1 4.72219E-1 4.69192E-1 4.65925E-1 4.79799E-1 4.82524E-1 4.85192E-1 4.84681E-1 4.83223E-1
3.17685E-1 3.10467E-1 3.21288E-1 3.72063E-1 3.88767E-1 4.12038E-1 4.37237E-1 4.73517E-1 4.77216E-1 4.76914E-1 4.82271E-1 5.02522E-1 4.8161E-1 5.19588E-1 4.91953E-1 5.26648E-1 5.53914E-1 5.52768E-1 5.49526E-1 5.55366E-1 5.49162E-1 5.45104E-1 5.31237E-1 5.39169E-1 5.36371E-1 5.37914E-1 5.37234E-1 5.50442E-1 5.50841E-1 5.49948E-1 5.58395E-1 5.59999E-1 5.76918E-1 5.74556E-1 5.80955E-1 5.80345E-1 5.78785E-1 6.31735E-1 5.84883E-1 5.81898E-1 5.01151E-1 4.97346E-1 4.91785E-1 4.86709E-1 4.86421E-1 4.88297E-1 4.92119E-1 4.63209E-1 4.57441E-1 4.60467E-1 4.62902E-1 4.64466E-1 4.67432E-1 4.67496E-1 4.68037E-1 4.73701E-1 4.7243E-1 4.70622E-1 4.79931E-1 4.75883E-1 4.76497E-1 4.76512E-1 4.79608E-1 4.80953E-1 4.81804E-1 4.8242E-1
3.30499E-1 3.27778E-1 3.17479E-1 3.69041E-1 3.85115E-1 4.0523E-1 4.38726E-1 4.58837E-1 4.71608E-1 4.7531E-1 4.79214E-1 4.85246E-1 4.88245E-1 5.07295E-1 5.08255E-1 5.40035E-1 5.63989E-1 5.55824E-1 5.60391E-1 5.43099E-1 5.35508E-1 5.3524E-1 5.44693E-1 5.45452E-1 5.38285E-1 5.45345E-1 5.46984E-1 5.59696E-1 5.56529E-1 5.5468E-1 5.60203E-1 6.27016E-1 6.2313E-1 6.29912E-1 6.27487E-1 6.34321E-1 6.29633E-1 6.39193E-1 6.33151E-1 6.2453E-1 6.23043E-1 4.96892E-1 4.92761E-1 4.90483E-1 4.89274E-1 4.89761E-1 4.93001E-1 5.03899E-1 4.66342E-1 4.72102E-1 4.6346E-1 4.64028E-1 4.65853E-1 4.65908E-1 4.66634E-1 4.71027E-1 4.81435E-1 4.81802E-1 4.77586E-1 4.753E-1 4.74801E-1 4.72455E-1 4.74013E-1 4.78113E-1 4.79775E-1 4.80448E-1
3.31339E-1 3.32591E-1 3.20018E-1 3.65444E-1 3.82268E-1 4.08056E-1 4.32602E-1 4.43908E-1 4.73363E-1 4.74548E-1 4.83555E-1 4.93464E-1 5.01639E-1 5.0397E-1 5.53879E-1 5.55389E-1 5.56891E-1 5.46169E-1 5.49671E-1 5.4877E-1 5.43006E-1 5.48459E-1 5.46451E-1 5.43156E-1 5.45948E-1 5.38866E-1 5.53534E-1 5.60452E-1 5.69084E-1 6.14348E-1 6.23041E-1 6.30305E-1 6.31242E-1 6.3532E-1 6.31912E-1 6.4026E-1 6.31597E-1 6.37473E-1 6.24868E-1 6.19375E-1 6.15983E-1 6.17387E-1 5.70585E-1 4.93272E-1 4.92889E-1 4.94071E-1 4.93972E-1 5.05489E-1 5.11555E-1 5.1565E-1 4.71739E-1 4.69896E-1 4.69156E-1 4.72335E-1 4.73668E-1 4.82649E-1 4.81489E-1 4.76635E-1 4.72462E-1 4.73827E-1 4.73835E-1 4.71319E-1 4.71644E-1 4.74879E-1 4.7819E-1 4.76412E-1
3.57149E-1 3.24981E-1 3.23177E-1 3.65061E-1 3.72777E-1 3.9402E-1 4.15165E-1 4.33416E-1 4.55919E-1 4.66368E-1 4.77282E-1 4.90282E-1 5.06019E-1 5.19895E-1 5.62947E-1 5.59436E-1 5.61207E-1 5.51819E-1 5.57928E-1 5.55834E-1 5.53431E-1 5.57391E-1 5.54266E-1 5.47666E-1 5.44291E-1 5.4574E-1 6.04999E-1 5.66077E-1 6.22698E-1 6.29526E-1 6.27091E-1 6.35867E-1 6.38189E-1 6.37938E-1 6.39814E-1 6.39515E-1 6.37125E-1 6.36544E-1 6.28629E-1 6.21245E-1 6.22001E-1 6.17359E-1 6.15328E-1 5.75496E-1 4.98678E-1 4.99176E-1 5.02436E-1 5.07245E-1 5.10855E-1 5.12665E-1 5.12504E-1 4.6672E-1 4.66147E-1 4.67233E-1 4.70439E-1 4.7552E-1 4.73165E-1 4.73386E-1 4.70517E-1 4.68883E-1 4.68659E-1 4.66937E-1 4.67916E-1 4.69425E-1 4.74745E-1 5.29655E-1
3.49081E-1 3.27098E-1 3.56036E-1 3.6614E-1 3.71446E-1 3.83319E-1 4.07139E-1 4.31041E-1 4.55963E-1 4.72065E-1 4.8385E-1 4.92766E-1 5.02741E-1 5.59E-1 5.61375E-1 5.61855E-1 5.62679E-1 5.5916E-1 5.66491E-1 5.63319E-1 5.63887E-1 5.55943E-1 5.5016E-1 5.57107E-1 5.56152E-1 5.55969E-1 5.5823E-1 6.09678E-1 6.30984E-1 6.32543E-1 6.31556E-1 6.3983E-1 6.46898E-1 6.45311E-1 6.50243E-1 6.61278E-1 6.54721E-1 6.45473E-1 6.37188E-1 6.38882E-1 6.32051E-1 6.16879E-1 6.17505E-1 6.17309E-1 5.02574E-1 4.97458E-1 4.96862E-1 5.09491E-1 5.10351E-1 5.10028E-1 5.07609E-1 4.63394E-1 4.64779E-1 4.66581E-1 4.65293E-1 4.63923E-1 4.6525E-1 4.67481E-1 4.65835E-1 4.64764E-1 4.62969E-1 4.63175E-1 4.62329E-1 5.09136E-1 5.26999E-1 5.25713E-1
3.90588E-1 3.53916E-1 3.4843E-1 3.68806E-1 3.68809E-1 3.83838E-1 4.0483E-1 4.27863E-1 4.48224E-1 4.65892E-1 4.80281E-1 4.87552E-1 4.91862E-1 5.44775E-1 5.55495E-1 5.58381E-1 5.64561E-1 5.66554E-1 5.73604E-1 5.72891E-1 5.61878E-1 5.6102E-1 5.6636E-1 6.08124E-1 5.53753E-1 6.08678E-1 6.05229E-1 6.29998E-1 6.3589E-1 6.34275E-1 6.34092E-1 6.43445E-1 6.50965E-1 6.72814E-1 7.18866E-1 7.10116E-1 7.02957E-1 6.95303E-1 6.32988E-1 6.27309E-1 6.2726E-1 6.25874E-1 6.16544E-1 6.18444E-1 5.72195E-1 4.97964E-1 4.9806E-1 5.11383E-1 5.08912E-1 5.0536E-1 5.0701E-1 5.05769E-1 4.62036E-1 4.63459E-1 4.64731E-1 4.65308E-1 4.61252E-1 4.62326E-1 4.58641E-1 4.57353E-1 4.65747E-1 4.58745E-1 4.60465E-1 5.17422E-1 5.20826E-1 5.21734E-1
4.04857E-1 3.96613E-1 3.85324E-1 3.52194E-1 3.8558E-1 3.91627E-1 4.04643E-1 4.2672E-1 4.44208E-1 4.55532E-1 4.74716E-1 5.31542E-1 4.83936E-1 5.33826E-1 5.46055E-1 5.5618E-1 5.64762E-1 5.70724E-1 5.73461E-1 5.64545E-1 5.65868E-1 5.72121E-1 5.62007E-1 5.57674E-1 6.07965E-1 6.18604E-1 6.22936E-1 6.32355E-1 6.31647E-1 6.35446E-1 6.41169E-1 6.49011E-1 6.71116E-1 7.18638E-1 7.16964E-1 7.49091E-1 7.38512E-1 6.7797E-1 6.75107E-1 6.66726E-1 6.23512E-1 6.30215E-1 6.33056E-1 6.19733E-1 6.19837E-1 5.05044E-1 5.13881E-1 5.05581E-1 5.15906E-1 5.0586E-1 5.06895E-1 5.02277E-1 4.55182E-1 4.56336E-1 4.62673E-1 4.62535E-1 4.59457E-1 4.59915E-1 4.52998E-1 4.48932E-1 5.02099E-1 4.52151E-1 4.97179E-1 5.13758E-1 5.16587E-1 5.16718E-1
4.54384E-1 4.39402E-1 4.03854E-1 3.76886E-1 3.68917E-1 4.0749E-1 4.13255E-1 4.24929E-1 4.40521E-1 4.55426E-1 4.6601E-1 4.77681E-1 5.2666E-1 5.24157E-1 5.39937E-1 5.48468E-1 5.59991E-1 5.7197E-1 5.68618E-1 5.70218E-1 5.6805E-1 5.62216E-1 5.61751E-1 6.13206E-1 6.2122E-1 6.25211E-1 6.23531E-1 6.36666E-1 6.38137E-1 6.4055E-1 6.4636E-1 6.49838E-1 7.0987E-1 7.56216E-1 7.55111E-1 7.52881E-1 7.32134E-1 7.10145E-1 6.53584E-1 6.67913E-1 6.68063E-1 6.20824E-1 6.16865E-1 6.00411E-1 5.57674E-1 4.89195E-1 5.07967E-1 5.15536E-1 5.02239E-1 5.04267E-1 5.03631E-1 5.04139E-1 4.55468E-1 4.55023E-1 4.60872E-1 4.57598E-1 4.53781E-1 4.5161E-1 4.49464E-1 4.57504E-1 4.49459E-1 4.49662E-1 5.03437E-1 5.06177E-1 5.10757E-1 5.1062E-1
4.72218E-1 4.2973E-1 4.42897E-1 3.95672E-1 3.83387E-1 4.23484E-1 4.2431E-1 4.30911E-1 4.40682E-1 4.5304E-1 4.63119E-1 4.72591E-1 5.24692E-1 5.24002E-1 5.36646E-1 5.49829E-1 5.56414E-1 5.68553E-1 5.69103E-1 5.74158E-1 5.67271E-1 6.15006E-1 6.31761E-1 6.29684E-1 6.24579E-1 6.22297E-1 6.28806E-1 6.38184E-1 6.36671E-1 6.33729E-1 6.35418E-1 7.00356E-1 7.48901E-1 7.55837E-1 7.56118E-1 7.403E-1 7.19785E-1 6.53806E-1 6.02226E-1 6.3881E-1 5.97208E-1 5.95942E-1 6.02973E-1 6.12366E-1 6.01829E-1 4.93447E-1 5.0701E-1 4.94003E-1 4.91511E-1 4.94217E-1 5.02473E-1 5.02453E-1 5.10959E-1 5.06503E-1 4.58759E-1 4.53737E-1 4.52086E-1 4.47211E-1 4.48637E-1 4.49691E-1 4.96375E-1 4.90102E-1 4.99146E-1 5.00477E-1 5.00574E-1 5.07063E-1
4.70714E-1 4.70891E-1 4.39802E-1 4.11819E-1 3.95614E-1 3.91323E-1 4.35782E-1 4.43043E-1 4.52261E-1 4.66118E-1 4.72456E-1 5.26139E-1 5.29398E-1 5.3111E-1 5.39856E-1 5.52044E-1 5.61528E-1 5.68806E-1 5.83034E-1 5.88452E-1 5.8188E-1 6.33414E-1 6.32657E-1 6.27687E-1 6.20269E-1 6.30069E-1 6.34409E-1 6.31403E-1 6.32069E-1 6.37284E-1 6.49115E-1 7.01866E-1 7.48228E-1 7.4519E-1 7.38257E-1 7.33374E-1 7.15789E-1 6.96473E-1 6.3581E-1 6.4088E-1 6.40161E-1 5.91954E-1 5.94101E-1 6.0112E-1 6.00667E-1 4.9323E-1 5.04297E-1 4.85859E-1 4.85156E-1 4.87509E-1 4.88283E-1 4.9122E-1 4.53395E-1 5.02729E-1 4.47592E-1 4.35618E-1 4.43078E-1 4.50145E-1 5.08496E-1 4.48506E-1 4.91152E-1 4.85923E-1 4.93102E-1 4.93795E-1 5.03141E-1 5.05164E-1
4.6848E-1 4.40251E-1 4.71588E-1 4.21183E-1 4.03032E-1 3.98549E-1 4.44805E-1 4.55491E-1 4.70032E-1 4.80854E-1 4.83171E-1 5.32201E-1 5.36777E-1 5.35807E-1 5.4541E-1 5.55472E-1 5.67539E-1 5.8612E-1 5.8886E-1 6.39994E-1 6.35888E-1 6.31044E-1 6.2138E-1 6.22351E-1 6.31564E-1 6.3681E-1 6.30697E-1 6.30728E-1 6.42025E-1 6.49353E-1 6.94398E-1 7.45522E-1 7.3742E-1 7.3604E-1 6.86335E-1 6.79583E-1 6.6202E-1 6.50216E-1 6.49416E-1 6.33469E-1 6.22566E-1 5.70896E-1 5.71036E-1 5.85572E-1 5.8787E-1 4.94219E-1 4.99822E-1 4.8536E-1 4.78071E-1 4.72225E-1 4.7599E-1 4.74367E-1 4.80405E-1 4.83468E-1 4.74753E-1 4.24068E-1 4.28384E-1 4.40342E-1 4.47442E-1 4.44983E-1 4.37627E-1 4.88129E-1 4.9102E-1 4.97429E-1 4.99915E-1 5.04486E-1
4.44741E-1 4.90832E-1 4.30982E-1 4.39942E-1 4.08857E-1 4.04012E-1 4.52282E-1 4.61852E-1 4.78625E-1 4.90192E-1 5.42558E-1 5.40716E-1 5.41047E-1 5.41493E-1 5.51097E-1 5.59568E-1 5.82771E-1 5.91952E-1 6.43504E-1 6.40249E-1 6.33577E-1 6.25981E-1 6.32533E-1 6.31244E-1 6.37438E-1 6.31813E-1 6.28227E-1 6.37079E-1 6.47075E-1 6.43823E-1 6.96161E-1 6.87206E-1 7.35074E-1 6.88897E-1 6.87762E-1 6.73262E-1 6.60925E-1 6.4936E-1 6.45128E-1 6.19477E-1 5.97065E-1 5.53458E-1 5.48242E-1 5.53516E-1 5.25545E-1 5.48331E-1 5.04885E-1 4.89463E-1 4.80177E-1 4.64743E-1 4.75788E-1 4.58741E-1 4.11395E-1 3.96641E-1 4.01039E-1 4.15867E-1 4.05045E-1 4.20975E-1 4.27813E-1 4.34494E-1 4.44789E-1 4.90567E-1 4.93185E-1 4.95098E-1 4.93176E-1 4.90727E-1
4.22152E-1 4.68944E-1 4.79038E-1 4.58429E-1 4.80437E-1 4.07958E-1 4.57742E-1 4.66423E-1 4.86691E-1 4.92695E-1 5.48391E-1 5.44511E-1 5.46765E-1 5.44164E-1 5.53649E-1 5.62243E-1 5.87413E-1 5.95664E-1 5.90268E-1 5.83777E-1 5.83877E-1 6.33872E-1 6.35977E-1 6.39499E-1 6.37122E-1 6.29625E-1 6.37037E-1 6.50688E-1 6.49334E-1 6.44635E-1 6.94303E-1 6.91244E-1 6.93731E-1 6.85901E-1 6.76661E-1 6.65304E-1 6.61599E-1 6.51528E-1 6.39674E-1 6.17226E-1 5.45534E-1 5.24651E-1 5.13091E-1 5.14767E-1 5.37017E-1 5.29796E-1 4.93257E-1 5.07925E-1 5.08775E-1 5.01863E-1 4.73251E-1 4.5555E-1 4.03651E-1 3.78463E-1 3.71496E-1 3.79768E-1 4.03169E-1 3.92803E-1 4.27056E-1 4.40643E-1 4.44122E-1 4.93758E-1 4.96094E-1 4.95554E-1 4.89557E-1 4.86175E-1
4.5727E-1 4.73705E-1 4.82375E-1 4.9259E-1 4.53765E-1 4.12228E-1 4.57301E-1 4.76117E-1 4.90723E-1 4.94732E-1 5.50805E-1 5.53955E-1 5.51024E-1 5.51617E-1 5.55676E-1 5.75439E-1 5.85066E-1 5.93864E-1 5.85927E-1 5.89653E-1 6.39253E-1 6.41592E-1 6.42725E-1 6.40451E-1 6.31231E-1 6.37934E-1 6.40554E-1 6.50714E-1 6.47858E-1 6.47832E-1 6.93819E-1 6.94475E-1 6.84491E-1 6.77445E-1 6.71519E-1 6.72196E-1 6.60973E-1 6.56967E-1 6.35702E-1 6.12985E-1 5.39388E-1 5.13345E-1 4.67968E-1 4.55521E-1 5.06741E-1 5.03476E-1 4.87392E-1 5.02481E-1 5.10255E-1 4.93188E-1 4.16998E-1 3.9241E-1 3.72282E-1 3.66778E-1 3.72187E-1 3.74579E-1 3.83068E-1 3.9726E-1 4.31445E-1 4.39126E-1 4.41515E-1 4.91678E-1 5.00228E-1 4.94647E-1 4.86236E-1 4.99889E-1
4.61803E-1 4.78858E-1 4.75915E-1 5.00742E-1 4.79767E-1 4.63264E-1 4.63181E-1 4.81972E-1 4.91765E-1 4.94718E-1 5.53499E-1 5.58056E-1 5.52283E-1 5.58901E-1 5.62659E-1 5.78298E-1 5.87622E-1 5.95085E-1 5.90626E-1 6.46127E-1 6.44692E-1 6.47267E-1 6.41614E-1 6.38628E-1 6.40169E-1 6.44373E-1 6.56869E-1 6.49509E-1 6.48269E-1 6.96208E-1 6.94678E-1 6.84059E-1 6.79382E-1 6.78781E-1 6.70694E-1 6.67512E-1 6.70208E-1 6.09988E-1 5.92972E-1 5.72886E-1 5.46533E-1 5.10566E-1 4.64257E-1 4.49252E-1 4.6714E-1 4.53788E-1 4.78544E-1 4.9837E-1 4.9534E-1 4.53181E-1 4.26033E-1 4.03063E-1 3.84782E-1 3.74248E-1 3.77891E-1 3.77487E-1 3.86855E-1 3.94026E-1 4.95486E-1 4.37716E-1 4.86678E-1 4.90961E-1 4.97119E-1 4.86838E-1 4.77017E-1 5.74768E-1
5.61826E-1 4.84271E-1 5.08281E-1 5.13336E-1 4.9919E-1 4.80751E-1 4.6755E-1 4.85884E-1 4.9897E-1 4.97777E-1 5.57697E-1 5.63255E-1 5.57967E-1 5.64774E-1 5.70085E-1 5.95447E-1 5.98477E-1 5.99135E-1 6.51663E-1 6.49721E-1 6.49546E-1 6.44738E-1 6.47466E-1 6.43812E-1 6.49608E-1 6.63468E-1 6.53031E-1 6.55418E-1 6.98632E-1 6.96278E-1 6.90824E-1 6.8904E-1 6.77852E-1 6.71724E-1 6.76337E-1 6.77398E-1 6.75981E-1 6.20265E-1 6.11365E-1 5.90596E-1 5.72104E-1 5.40538E-1 5.10123E-1 4.97601E-1 4.7889E-1 4.57593E-1 4.75854E-1 4.82101E-1 4.9601E-1 4.60574E-1 4.38127E-1 4.11509E-1 3.90388E-1 3.88646E-1 3.84585E-1 3.89527E-1 4.01992E-1 3.99986E-1 4.93804E-1 4.24192E-1 5.62521E-1 5.61769E-1 4.80323E-1 4.78613E-1 4.94324E-1 6.26022E-1
6.0678E-1 4.81565E-1 4.94692E-1 5.15315E-1 5.02621E-1 5.54206E-1 4.69861E-1 4.93529E-1 5.55765E-1 4.99275E-1 5.50701E-1 5.02851E-1 5.59456E-1 5.65039E-1 5.74336E-1 5.91013E-1 6.42418E-1 6.51296E-1 6.56518E-1 6.54795E-1 6.5285E-1 6.5215E-1 6.4781E-1 6.50958E-1 6.51835E-1 6.60808E-1 6.59633E-1 6.61944E-1 7.06086E-1 7.00335E-1 6.91984E-1 6.74636E-1 6.57897E-1 6.60782E-1 6.71113E-1 6.75693E-1 6.32668E-1 6.33656E-1 6.25155E-1 6.18506E-1 5.83764E-1 5.56793E-1 5.33204E-1 5.35955E-1 5.42202E-1 4.70226E-1 4.72464E-1 4.88808E-1 5.00978E-1 4.62151E-1 4.51318E-1 4.24822E-1 4.06375E-1 3.95294E-1 3.91433E-1 3.91461E-1 4.0959E-1 4.87013E-1 5.02847E-1 4.90193E-1 5.38393E-1 5.51986E-1 4.67409E-1 4.72238E-1 4.81485E-1 5.0365E-1
5.19659E-1 4.88891E-1 4.9133E-1 4.88461E-1 4.98492E-1 5.3048E-1 4.70894E-1 4.92334E-1 5.54473E-1 4.90093E-1 4.9278E-1 4.98722E-1 5.5895E-1 5.67306E-1 5.75127E-1 5.93914E-1 5.97616E-1 6.08541E-1 6.60209E-1 6.55986E-1 6.51654E-1 6.50919E-1 6.55931E-1 6.57977E-1 6.7103E-1 6.68874E-1 6.66212E-1 7.11343E-1 7.07077E-1 6.95977E-1 6.84437E-1 6.62789E-1 6.50157E-1 6.40809E-1 6.39525E-1 6.04515E-1 6.0983E-1 6.1557E-1 6.19E-1 6.20657E-1 6.05729E-1 5.84233E-1 5.74556E-1 5.63561E-1 5.22102E-1 5.1765E-1 4.85049E-1 4.96026E-1 4.62258E-1 4.66581E-1 4.58219E-1 4.40015E-1 4.14834E-1 3.92818E-1 3.95842E-1 4.68106E-1 4.74604E-1 4.93035E-1 4.94488E-1 4.069E-1 3.96943E-1 4.66228E-1 4.78974E-1 4.9391E-1 4.9527E-1 5.60142E-1
5.70246E-1 5.10571E-1 5.43487E-1 5.28716E-1 5.25352E-1 5.04857E-1 5.47384E-1 5.46344E-1 4.86477E-1 4.86957E-1 4.93358E-1 5.04096E-1 5.64482E-1 5.77621E-1 5.85304E-1 5.88721E-1 5.97928E-1 6.10803E-1 6.06304E-1 6.05583E-1 6.59196E-1 6.62535E-1 6.72183E-1 6.69616E-1 6.76249E-1 6.70782E-1 6.67363E-1 7.0736E-1 7.03237E-1 7.04283E-1 6.93687E-1 6.6376E-1 6.26033E-1 6.17268E-1 6.43353E-1 6.47307E-1 6.06032E-1 6.14107E-1 6.08414E-1 6.21351E-1 6.13987E-1 6.05681E-1 5.39391E-1 5.28361E-1 5.30194E-1 5.39935E-1 4.97467E-1 5.01667E-1 4.65853E-1 4.68372E-1 4.60056E-1 4.42013E-1 4.13349E-1 4.18686E-1 4.18488E-1 4.68291E-1 4.7224E-1 5.07399E-1 5.01287E-1 4.73913E-1 3.85271E-1 3.82859E-1 4.31556E-1 4.71768E-1 5.58185E-1 5.64017E-1
5.40242E-1 5.41562E-1 5.65991E-1 5.18785E-1 5.30261E-1 4.79753E-1 5.39292E-1 5.48907E-1 4.94696E-1 4.97328E-1 4.96442E-1 5.02239E-1 5.63435E-1 5.77139E-1 5.84815E-1 5.85209E-1 6.02846E-1 6.1391E-1 6.14204E-1 6.66725E-1 6.69221E-1 6.69196E-1 6.67759E-1 6.7489E-1 6.8783E-1 7.3273E-1 7.24433E-1 7.19776E-1 7.17778E-1 7.05468E-1 6.96729E-1 6.84513E-1 6.3383E-1 6.13917E-1 6.31811E-1 6.02439E-1 6.18558E-1 6.14047E-1 6.1787E-1 6.33085E-1 6.28923E-1 6.08245E-1 5.51047E-1 5.54127E-1 5.52305E-1 5.54054E-1 5.02813E-1 5.0785E-1 4.62939E-1 4.65277E-1 4.58612E-1 4.45939E-1 4.38493E-1 4.16245E-1 4.22898E-1 4.67601E-1 4.61222E-1 4.96453E-1 4.6031E-1 4.34273E-1 3.61224E-1 3.97722E-1 4.10202E-1 4.48657E-1 4.86577E-1 5.65896E-1
