Leopardus pardalis/Leopardus_pardalis_projection 2041-2060.asc
ncols         515
nrows         545
xllcorner     -119.0
yllcorner     -58.333333333333
cellsize      0.166666666667
NODATA_value  -9999
[rows 203 to 231 of 545, columns 396 to 461 of 515]
5.45374E-1 5.50127E-1 5.53109E-1 5.42166E-1 4.24976E-1 4.39745E-1 4.84388E-1 5.32469E-1 5.55464E-1 5.68476E-1 5.4618E-1 5.27951E-1 4.91568E-1 5.01382E-1 5.09974E-1 5.41007E-1 5.67548E-1 5.73207E-1 6.04282E-1 6.43065E-1 6.35447E-1 5.72461E-1 5.80083E-1 5.48285E-1 6.22714E-1 5.3099E-1 6.95286E-1 8.00738E-1 8.46459E-1 8.22903E-1 7.28133E-1 6.66517E-1 5.75432E-1 5.00659E-1 4.70332E-1 3.98496E-1 4.1226E-1 3.42016E-1 3.55527E-1 3.75383E-1 3.51901E-1 3.75579E-1 3.98706E-1 3.87533E-1 4.29507E-1 -9999 -9999 -9999 -9999 -9999 -9999 -9999 -9999 -9999 -9999 -9999 -9999 -9999 -9999 -9999 -9999 -9999 -9999 -9999 -9999 -9999
5.61953E-1 4.631E-1 3.68182E-1 3.75313E-1 3.63935E-1 5.17731E-1 5.23794E-1 5.76509E-1 5.68106E-1 5.46945E-1 5.05172E-1 5.40562E-1 5.47143E-1 5.06348E-1 4.67044E-1 5.30372E-1 5.2584E-1 5.69235E-1 5.9241E-1 5.64796E-1 5.60542E-1 5.77785E-1 6.3254E-1 6.18507E-1 5.4099E-1 7.52199E-1 8.47301E-1 8.79295E-1 8.85515E-1 8.40158E-1 7.36293E-1 7.04229E-1 6.32235E-1 5.67672E-1 5.00085E-1 4.64403E-1 4.59715E-1 4.52967E-1 4.46766E-1 4.36305E-1 4.52999E-1 5.39128E-1 5.03604E-1 5.9395E-1 5.36875E-1 4.85815E-1 -9999 3.47534E-1 -9999 -9999 -9999 -9999 -9999 -9999 -9999 -9999 -9999 -9999 -9999 -9999 -9999 -9999 -9999 -9999 -9999 -9999
3.48482E-1 3.60234E-1 3.76006E-1 3.97845E-1 4.29259E-1 6.2175E-1 5.88735E-1 5.78212E-1 5.58528E-1 5.42687E-1 4.57008E-1 5.57452E-1 5.5193E-1 5.00855E-1 4.59819E-1 4.90843E-1 4.68454E-1 4.52815E-1 4.88821E-1 4.94777E-1 5.23675E-1 5.66827E-1 5.45889E-1 6.14752E-1 6.2837E-1 7.50622E-1 8.54325E-1 8.63085E-1 8.55714E-1 8.05099E-1 7.71863E-1 7.23643E-1 6.45811E-1 5.98143E-1 5.42172E-1 5.12721E-1 4.90118E-1 4.56668E-1 4.52058E-1 4.70574E-1 4.85489E-1 5.79538E-1 5.6211E-1 6.36477E-1 6.28432E-1 4.97907E-1 3.43509E-1 3.86143E-1 2.99645E-1 -9999 -9999 -9999 -9999 -9999 -9999 -9999 -9999 -9999 -9999 -9999 -9999 -9999 -9999 -9999 -9999 -9999
5.33548E-1 5.77059E-1 5.95033E-1 5.85018E-1 4.14683E-1 5.96634E-1 5.81326E-1 5.7329E-1 5.59623E-1 5.03166E-1 5.75542E-1 5.82472E-1 5.52237E-1 4.67124E-1 5.27009E-1 4.43708E-1 4.94966E-1 5.76194E-1 5.2938E-1 5.18288E-1 5.83903E-1 5.43006E-1 5.40738E-1 6.77914E-1 6.38306E-1 7.50019E-1 7.96971E-1 7.9402E-1 8.12339E-1 7.84041E-1 7.46601E-1 7.08949E-1 6.6002E-1 6.17162E-1 5.76482E-1 5.44155E-1 4.99392E-1 4.8307E-1 4.71082E-1 4.79829E-1 5.24231E-1 5.70005E-1 6.08353E-1 6.16542E-1 6.07269E-1 4.55441E-1 3.29973E-1 2.79506E-1 2.42732E-1 2.12091E-1 -9999 -9999 -9999 -9999 -9999 -9999 -9999 -9999 -9999 -9999 -9999 -9999 -9999 -9999 -9999 -9999
5.10839E-1 5.54657E-1 5.43323E-1 5.80376E-1 4.90755E-1 5.87357E-1 5.80058E-1 5.7273E-1 5.79962E-1 5.92311E-1 6.1229E-1 6.30362E-1 6.3224E-1 6.3107E-1 6.53243E-1 6.37757E-1 6.59396E-1 6.51993E-1 6.14364E-1 5.74611E-1 5.54216E-1 5.28226E-1 5.5072E-1 6.58753E-1 6.78347E-1 7.4596E-1 7.72614E-1 7.96934E-1 7.97787E-1 7.60596E-1 7.38508E-1 7.13136E-1 6.70528E-1 6.41733E-1 6.02064E-1 5.56575E-1 5.14919E-1 4.98859E-1 4.98466E-1 5.06044E-1 5.3673E-1 5.51029E-1 5.36465E-1 5.75939E-1 5.62024E-1 4.76934E-1 2.7917E-1 2.64826E-1 1.96538E-1 1.84778E-1 -9999 -9999 -9999 -9999 -9999 -9999 -9999 -9999 -9999 -9999 -9999 -9999 -9999 -9999 -9999 -9999
5.33552E-1 5.49289E-1 5.54669E-1 5.71803E-1 5.75375E-1 5.69011E-1 5.89444E-1 5.87175E-1 5.88839E-1 6.14879E-1 6.41083E-1 6.72398E-1 6.7327E-1 6.75867E-1 7.00531E-1 6.90219E-1 6.97664E-1 6.72061E-1 6.5785E-1 6.41873E-1 6.06797E-1 5.18615E-1 5.77134E-1 6.66461E-1 6.82314E-1 7.25726E-1 7.67076E-1 7.74218E-1 7.64358E-1 7.35353E-1 7.20187E-1 7.16044E-1 6.78508E-1 6.51627E-1 6.1403E-1 5.56291E-1 5.26805E-1 5.12757E-1 5.11584E-1 5.37603E-1 5.3525E-1 5.73897E-1 5.68859E-1 5.46283E-1 5.25098E-1 4.15232E-1 2.86108E-1 2.33172E-1 1.79902E-1 1.55901E-1 1.83627E-1 -9999 -9999 -9999 -9999 -9999 -9999 -9999 -9999 -9999 -9999 -9999 -9999 -9999 -9999 -9999
5.17005E-1 5.48759E-1 5.68951E-1 5.73461E-1 5.80042E-1 5.604E-1 5.95033E-1 5.90658E-1 5.89481E-1 6.09637E-1 6.39701E-1 6.58864E-1 6.83953E-1 6.79497E-1 6.89394E-1 6.98131E-1 6.84105E-1 6.76738E-1 6.65744E-1 6.61236E-1 6.19689E-1 5.77608E-1 6.4106E-1 6.68158E-1 7.1521E-1 7.19677E-1 7.3823E-1 7.06262E-1 7.19754E-1 7.1241E-1 7.07709E-1 7.06801E-1 7.00137E-1 6.44793E-1 6.18437E-1 5.78971E-1 5.62677E-1 5.45451E-1 5.32451E-1 5.37382E-1 5.35372E-1 5.60933E-1 5.62341E-1 5.53916E-1 4.82653E-1 4.18531E-1 3.25764E-1 2.18425E-1 1.37698E-1 1.43319E-1 2.01698E-1 -9999 -9999 -9999 -9999 -9999 -9999 -9999 -9999 -9999 -9999 -9999 -9999 -9999 -9999 -9999
5.32902E-1 5.37627E-1 5.40788E-1 5.62294E-1 5.68751E-1 6.04312E-1 6.08828E-1 5.90859E-1 5.88562E-1 6.02328E-1 6.19963E-1 6.2753E-1 6.64865E-1 6.80764E-1 6.86645E-1 6.8434E-1 6.66686E-1 6.67154E-1 6.63994E-1 6.79956E-1 6.27881E-1 6.498E-1 6.5549E-1 6.59083E-1 6.62213E-1 6.94331E-1 7.21269E-1 7.15211E-1 7.13352E-1 7.0198E-1 7.01892E-1 6.85959E-1 6.9993E-1 6.4612E-1 5.95526E-1 5.71355E-1 5.53182E-1 5.51764E-1 5.47099E-1 5.46208E-1 5.13218E-1 5.16962E-1 5.53186E-1 5.66991E-1 5.46847E-1 4.9382E-1 3.51405E-1 2.07027E-1 1.98421E-1 1.5231E-1 1.72759E-1 2.0563E-1 3.41846E-1 -9999 -9999 2.68619E-1 2.49992E-1 2.55487E-1 2.73303E-1 3.0558E-1 2.9505E-1 -9999 -9999 -9999 -9999 -9999
5.43088E-1 5.2882E-1 5.30416E-1 5.42372E-1 5.53904E-1 5.94801E-1 6.07402E-1 5.71716E-1 6.059E-1 5.84793E-1 5.89558E-1 6.10886E-1 6.26061E-1 6.51621E-1 6.64886E-1 6.54921E-1 6.51655E-1 6.53275E-1 6.43795E-1 6.49167E-1 6.51866E-1 6.63889E-1 6.61848E-1 6.67059E-1 6.90216E-1 6.67148E-1 7.11898E-1 7.19377E-1 7.13515E-1 6.94202E-1 6.78031E-1 6.92025E-1 6.94576E-1 6.49375E-1 6.2978E-1 5.76649E-1 5.52642E-1 5.97833E-1 5.65036E-1 5.34691E-1 5.31996E-1 5.06825E-1 5.55439E-1 5.66309E-1 5.91821E-1 5.2093E-1 4.52257E-1 3.21483E-1 2.9621E-1 2.11518E-1 1.86357E-1 2.57917E-1 3.23616E-1 -9999 3.67333E-1 3.77556E-1 3.91574E-1 3.85771E-1 3.60052E-1 3.58719E-1 3.30463E-1 2.48118E-1 2.21112E-1 -9999 -9999 -9999
5.45963E-1 5.30841E-1 5.27944E-1 5.49945E-1 6.17085E-1 6.54868E-1 6.11019E-1 6.19414E-1 5.62234E-1 6.24141E-1 6.29565E-1 5.87861E-1 6.04427E-1 6.20545E-1 6.46604E-1 6.46947E-1 6.42331E-1 6.26011E-1 6.50276E-1 6.4189E-1 6.43624E-1 6.51997E-1 6.6243E-1 6.93032E-1 7.04143E-1 7.28091E-1 7.07027E-1 7.10803E-1 7.06616E-1 7.00864E-1 6.86159E-1 6.89564E-1 6.64671E-1 6.55409E-1 6.01254E-1 5.91256E-1 6.06819E-1 6.15818E-1 5.81481E-1 5.52983E-1 5.25377E-1 5.3307E-1 5.5739E-1 5.89344E-1 5.81063E-1 5.50561E-1 5.20808E-1 4.69034E-1 4.20509E-1 3.24985E-1 2.85802E-1 3.27381E-1 4.78576E-1 4.84147E-1 5.01932E-1 4.90617E-1 4.84E-1 4.66998E-1 4.33884E-1 3.97824E-1 3.94577E-1 3.75401E-1 3.62063E-1 3.45279E-1 3.30823E-1 3.41486E-1
5.6303E-1 5.4963E-1 5.55327E-1 5.52885E-1 6.21226E-1 6.84707E-1 6.45295E-1 6.37009E-1 6.09947E-1 5.92824E-1 6.09759E-1 6.38584E-1 6.57279E-1 6.63724E-1 6.11152E-1 6.30902E-1 6.34268E-1 6.21649E-1 6.3949E-1 6.26498E-1 6.53879E-1 6.48777E-1 6.46721E-1 6.75885E-1 6.94967E-1 6.68856E-1 7.20908E-1 7.21318E-1 7.02376E-1 6.87801E-1 6.89648E-1 6.77689E-1 6.41188E-1 6.47055E-1 6.08748E-1 5.75051E-1 5.60169E-1 6.00822E-1 5.83378E-1 5.44769E-1 5.4808E-1 5.65181E-1 5.71263E-1 5.98201E-1 5.98091E-1 6.01505E-1 5.8484E-1 6.14647E-1 4.7204E-1 4.25112E-1 4.03251E-1 4.936E-1 6.17901E-1 5.80265E-1 6.03325E-1 5.90789E-1 5.97145E-1 5.46458E-1 4.96032E-1 4.20172E-1 4.29842E-1 4.41971E-1 3.77303E-1 3.69645E-1 3.47114E-1 3.38753E-1
5.56732E-1 5.50514E-1 5.58615E-1 5.92934E-1 5.9231E-1 5.68487E-1 5.54631E-1 6.02798E-1 6.20949E-1 5.94733E-1 6.14315E-1 6.3599E-1 6.47965E-1 6.44837E-1 5.87444E-1 6.06533E-1 6.33088E-1 6.34005E-1 6.50875E-1 6.78369E-1 6.71119E-1 6.50761E-1 6.68402E-1 6.85384E-1 7.0008E-1 6.65963E-1 7.26068E-1 7.27341E-1 7.01117E-1 7.05951E-1 6.51289E-1 6.3717E-1 6.14404E-1 6.0493E-1 5.93881E-1 5.79465E-1 6.06215E-1 6.16065E-1 5.77842E-1 5.58966E-1 5.94656E-1 6.0566E-1 6.17813E-1 6.247E-1 6.65131E-1 6.14257E-1 6.11781E-1 5.60052E-1 5.39756E-1 5.00455E-1 5.45844E-1 6.83497E-1 6.64995E-1 6.73135E-1 6.89058E-1 6.47111E-1 5.75388E-1 5.72205E-1 5.10853E-1 4.91738E-1 5.23025E-1 5.13196E-1 4.50509E-1 3.96211E-1 4.02251E-1 3.86882E-1
5.34801E-1 4.90735E-1 5.13072E-1 5.32172E-1 5.87938E-1 5.37103E-1 5.4725E-1 5.69527E-1 5.49967E-1 5.53082E-1 6.02368E-1 6.18587E-1 6.28006E-1 6.28851E-1 6.46599E-1 6.62889E-1 6.13792E-1 6.36214E-1 6.40714E-1 6.68196E-1 6.81887E-1 6.53411E-1 6.56159E-1 6.95913E-1 6.89446E-1 7.24076E-1 6.3175E-1 6.8944E-1 6.70213E-1 6.62195E-1 6.51864E-1 6.0602E-1 5.85882E-1 6.01921E-1 6.49772E-1 6.39376E-1 6.17495E-1 5.80367E-1 5.39692E-1 5.68366E-1 6.06324E-1 6.21924E-1 6.10105E-1 6.34751E-1 6.99242E-1 7.10752E-1 6.50524E-1 6.03163E-1 5.63843E-1 6.03048E-1 6.98934E-1 6.9578E-1 7.54776E-1 7.13814E-1 7.16944E-1 6.56235E-1 6.22048E-1 6.32928E-1 6.16956E-1 6.11138E-1 5.64767E-1 5.42994E-1 5.28715E-1 5.25591E-1 4.98019E-1 4.15811E-1
4.52682E-1 4.41597E-1 5.37366E-1 5.38647E-1 5.15005E-1 4.93615E-1 5.03573E-1 5.07092E-1 5.15744E-1 5.20171E-1 5.70518E-1 5.86301E-1 5.97137E-1 6.41967E-1 6.50199E-1 6.34919E-1 6.73434E-1 6.3694E-1 6.39246E-1 6.38342E-1 6.90998E-1 6.91199E-1 6.74655E-1 6.92459E-1 6.91946E-1 6.1854E-1 5.97418E-1 5.73886E-1 6.2817E-1 6.2044E-1 6.19252E-1 6.02807E-1 5.62413E-1 6.01821E-1 6.15404E-1 6.17301E-1 5.79661E-1 5.32771E-1 5.24862E-1 5.65303E-1 5.83982E-1 6.06025E-1 6.29423E-1 6.38931E-1 6.88313E-1 7.33724E-1 6.97051E-1 7.20159E-1 6.86053E-1 6.60096E-1 8.01277E-1 7.99282E-1 8.26086E-1 7.60862E-1 7.97013E-1 7.44797E-1 6.84887E-1 6.25919E-1 6.12514E-1 6.34549E-1 6.55253E-1 6.43775E-1 6.30139E-1 5.92399E-1 5.79707E-1 5.57228E-1
4.79853E-1 4.75654E-1 5.34503E-1 4.69289E-1 4.60737E-1 4.4747E-1 4.27007E-1 4.28992E-1 4.80862E-1 4.72781E-1 5.29778E-1 5.32404E-1 5.60126E-1 6.17154E-1 6.44711E-1 6.47025E-1 6.69484E-1 6.05896E-1 6.23567E-1 6.19251E-1 6.9798E-1 7.04033E-1 6.75394E-1 6.97827E-1 6.6794E-1 6.26226E-1 6.82274E-1 6.52691E-1 6.48746E-1 6.58771E-1 6.49983E-1 6.13117E-1 5.94561E-1 6.24952E-1 5.91291E-1 5.96164E-1 5.33848E-1 4.55793E-1 4.95315E-1 5.02519E-1 5.2779E-1 5.63012E-1 6.02734E-1 6.23995E-1 6.50995E-1 7.41293E-1 7.71029E-1 7.44805E-1 6.53487E-1 6.79766E-1 8.3845E-1 8.48657E-1 8.56666E-1 8.43101E-1 8.02416E-1 7.68888E-1 7.37877E-1 7.07079E-1 6.71975E-1 7.24655E-1 7.00552E-1 7.317E-1 6.931E-1 6.3966E-1 6.05274E-1 6.7236E-1
4.98984E-1 4.92354E-1 4.83874E-1 4.15532E-1 4.14517E-1 4.05682E-1 3.98974E-1 4.20671E-1 4.4623E-1 4.80104E-1 4.92207E-1 4.93937E-1 5.11753E-1 5.85856E-1 6.20945E-1 6.38237E-1 6.67109E-1 6.91083E-1 6.28478E-1 6.58855E-1 6.67108E-1 6.87752E-1 7.15139E-1 6.59407E-1 6.40731E-1 5.79065E-1 5.67713E-1 6.76138E-1 6.43954E-1 6.49646E-1 6.45803E-1 6.02367E-1 5.69331E-1 5.58418E-1 5.52007E-1 5.68461E-1 4.61585E-1 4.03278E-1 4.33208E-1 4.55927E-1 5.47897E-1 5.34569E-1 5.51916E-1 6.0056E-1 6.20998E-1 6.62685E-1 7.3755E-1 8.08771E-1 7.53167E-1 7.57346E-1 8.5069E-1 8.76275E-1 8.98296E-1 8.96513E-1 8.2661E-1 7.99728E-1 7.01669E-1 6.86104E-1 7.00079E-1 7.07756E-1 7.36008E-1 7.46982E-1 7.1364E-1 6.03929E-1 6.75516E-1 7.62485E-1
4.90584E-1 4.73135E-1 4.77611E-1 4.4984E-1 4.17171E-1 3.92086E-1 4.13954E-1 4.19424E-1 4.28528E-1 4.69837E-1 4.80932E-1 4.31875E-1 4.84455E-1 5.58551E-1 5.7897E-1 6.35185E-1 5.74205E-1 5.83429E-1 6.38944E-1 6.80829E-1 6.54224E-1 6.58319E-1 6.87244E-1 6.86839E-1 6.33173E-1 6.15461E-1 5.58301E-1 6.33693E-1 6.05711E-1 5.92593E-1 6.03627E-1 5.74025E-1 5.47426E-1 5.80983E-1 5.60085E-1 4.76622E-1 3.83557E-1 4.02079E-1 4.48088E-1 5.11549E-1 4.94064E-1 4.60543E-1 5.40089E-1 5.72009E-1 5.8986E-1 6.4283E-1 7.41406E-1 8.43144E-1 8.46733E-1 8.09826E-1 8.72235E-1 8.70305E-1 8.93843E-1 8.45116E-1 7.94458E-1 7.70353E-1 7.75338E-1 7.0797E-1 7.47638E-1 7.49909E-1 8.23042E-1 7.74347E-1 7.12691E-1 7.14842E-1 7.81298E-1 7.30578E-1
4.76116E-1 4.90694E-1 4.74655E-1 4.56783E-1 4.3987E-1 4.26691E-1 3.84644E-1 4.18711E-1 4.2598E-1 4.80783E-1 4.78968E-1 4.58553E-1 4.92475E-1 5.32725E-1 5.75491E-1 6.20014E-1 6.74049E-1 5.99923E-1 6.49217E-1 6.6063E-1 6.38329E-1 6.48982E-1 6.7818E-1 7.12547E-1 6.85024E-1 5.75258E-1 5.5397E-1 5.52754E-1 5.69391E-1 5.51748E-1 5.97945E-1 5.25233E-1 5.3298E-1 5.60813E-1 4.69092E-1 3.98493E-1 4.04432E-1 4.02182E-1 4.59939E-1 4.5252E-1 3.96393E-1 4.37802E-1 4.94571E-1 5.21342E-1 5.46219E-1 6.05425E-1 7.34244E-1 8.24092E-1 8.69393E-1 8.75565E-1 8.7418E-1 8.56309E-1 8.46266E-1 8.19136E-1 8.39318E-1 7.96046E-1 8.07451E-1 7.84182E-1 7.79324E-1 8.14991E-1 8.75597E-1 8.37664E-1 7.61128E-1 7.90547E-1 8.60728E-1 7.93669E-1
4.93281E-1 5.05056E-1 4.7281E-1 4.58508E-1 4.58425E-1 4.15775E-1 4.18389E-1 4.15585E-1 4.34462E-1 4.70924E-1 4.87607E-1 4.72349E-1 4.77603E-1 5.35154E-1 5.81648E-1 6.24412E-1 6.38157E-1 6.87366E-1 6.10037E-1 6.32895E-1 6.43963E-1 6.47488E-1 6.85586E-1 7.13961E-1 6.87282E-1 6.06825E-1 5.33872E-1 6.13617E-1 5.32441E-1 4.75621E-1 5.13574E-1 4.65323E-1 5.32129E-1 5.44229E-1 4.11134E-1 4.29655E-1 4.95014E-1 4.55402E-1 4.11685E-1 4.25002E-1 3.80193E-1 3.63606E-1 4.1373E-1 4.24475E-1 4.43007E-1 5.9882E-1 7.533E-1 8.18418E-1 8.47868E-1 8.62714E-1 8.65872E-1 8.43012E-1 8.3062E-1 8.1673E-1 8.88956E-1 8.64978E-1 8.57324E-1 8.14925E-1 7.85372E-1 8.46842E-1 8.98486E-1 9.01796E-1 8.37616E-1 8.68231E-1 8.66345E-1 7.69428E-1
4.97668E-1 5.08162E-1 4.90808E-1 4.60306E-1 4.60416E-1 4.28951E-1 4.45121E-1 4.77434E-1 4.95491E-1 4.84852E-1 4.84019E-1 4.70509E-1 4.76514E-1 5.38761E-1 5.80582E-1 6.08266E-1 5.11301E-1 5.43191E-1 5.6078E-1 6.32306E-1 6.39147E-1 6.55432E-1 7.21274E-1 7.16292E-1 6.45273E-1 5.82747E-1 5.02108E-1 4.9178E-1 5.24101E-1 4.44101E-1 5.31671E-1 4.81144E-1 5.24148E-1 5.67982E-1 4.29614E-1 4.20967E-1 4.63345E-1 3.96357E-1 3.5664E-1 3.86032E-1 3.49495E-1 3.73088E-1 4.2261E-1 3.77942E-1 3.85792E-1 5.70405E-1 7.19296E-1 8.06028E-1 8.54924E-1 8.61457E-1 8.50526E-1 8.38515E-1 7.98903E-1 8.41114E-1 8.51642E-1 8.84708E-1 9.04114E-1 8.68057E-1 8.3127E-1 8.45968E-1 9.08576E-1 9.38951E-1 8.82199E-1 9.06834E-1 8.78114E-1 7.84833E-1
5.38052E-1 5.15952E-1 4.8331E-1 4.80752E-1 4.65776E-1 4.4892E-1 4.47817E-1 4.62764E-1 4.81118E-1 4.96804E-1 5.15624E-1 4.90439E-1 4.93274E-1 5.55681E-1 5.82647E-1 5.05188E-1 5.94168E-1 5.10555E-1 5.43607E-1 6.03368E-1 6.55485E-1 6.6284E-1 7.07849E-1 7.06643E-1 6.12617E-1 5.27219E-1 4.86036E-1 4.52506E-1 4.9462E-1 4.93505E-1 5.45341E-1 4.12053E-1 4.71159E-1 5.3343E-1 3.99497E-1 4.33353E-1 4.18375E-1 3.38883E-1 3.52257E-1 3.29409E-1 3.00472E-1 3.60946E-1 3.95759E-1 3.37974E-1 4.42029E-1 5.66663E-1 6.19328E-1 7.08008E-1 8.54209E-1 8.6798E-1 8.63478E-1 8.03152E-1 8.16647E-1 8.20125E-1 8.25221E-1 8.12873E-1 9.10575E-1 8.7761E-1 8.71166E-1 8.86578E-1 9.20267E-1 9.31658E-1 8.94845E-1 8.6876E-1 8.78113E-1 8.11529E-1
5.68751E-1 5.47986E-1 5.26452E-1 5.08592E-1 4.90272E-1 4.80952E-1 4.78242E-1 4.83228E-1 4.99982E-1 5.22343E-1 5.19039E-1 5.27256E-1 5.3494E-1 5.76457E-1 6.02214E-1 5.96665E-1 4.8605E-1 5.29862E-1 5.83689E-1 6.37788E-1 6.67254E-1 7.04836E-1 7.15469E-1 7.47533E-1 6.63062E-1 6.3962E-1 5.62085E-1 5.13127E-1 4.41754E-1 4.16763E-1 4.06202E-1 4.53743E-1 4.66486E-1 5.36644E-1 4.07025E-1 4.0522E-1 4.15612E-1 3.3848E-1 3.02457E-1 2.75026E-1 2.79121E-1 3.42932E-1 3.77381E-1 3.92161E-1 4.81276E-1 5.22138E-1 5.86702E-1 6.65617E-1 8.20364E-1 8.57229E-1 8.52792E-1 7.87826E-1 7.98137E-1 7.99977E-1 7.80606E-1 7.71006E-1 8.4702E-1 8.55175E-1 8.72052E-1 9.1975E-1 9.41453E-1 9.20626E-1 8.37478E-1 8.14578E-1 8.15234E-1 8.18186E-1
6.02273E-1 5.61127E-1 5.42172E-1 5.24464E-1 5.42304E-1 5.28729E-1 5.3832E-1 5.43595E-1 5.38098E-1 5.25907E-1 5.11736E-1 5.24099E-1 5.37604E-1 5.97398E-1 6.22967E-1 5.45563E-1 5.37002E-1 6.82894E-1 6.45776E-1 6.5098E-1 6.68461E-1 7.31792E-1 7.63874E-1 7.83351E-1 5.97291E-1 7.33448E-1 7.1905E-1 6.69268E-1 5.48418E-1 5.31279E-1 4.34271E-1 4.68345E-1 4.16681E-1 4.90625E-1 4.47927E-1 4.68015E-1 4.41608E-1 3.39677E-1 2.74699E-1 2.6764E-1 3.06701E-1 3.51095E-1 3.96568E-1 4.42607E-1 4.67182E-1 4.72822E-1 5.51923E-1 6.58505E-1 7.606E-1 7.61575E-1 8.22475E-1 7.68806E-1 7.69487E-1 7.80894E-1 7.48466E-1 7.52647E-1 7.91129E-1 8.29244E-1 8.49328E-1 8.81471E-1 9.37826E-1 9.46703E-1 8.09143E-1 8.05799E-1 7.81797E-1 7.24589E-1
6.32517E-1 5.93807E-1 5.88367E-1 5.74992E-1 5.78192E-1 5.64988E-1 5.71053E-1 5.76123E-1 5.64973E-1 5.74736E-1 5.65088E-1 5.72314E-1 5.81087E-1 6.24002E-1 6.63287E-1 6.16248E-1 6.27554E-1 6.22683E-1 6.79081E-1 6.96076E-1 7.15114E-1 7.66205E-1 7.98018E-1 8.18309E-1 6.72835E-1 7.47023E-1 6.98827E-1 6.45251E-1 6.00836E-1 5.53158E-1 6.27413E-1 5.77649E-1 5.20723E-1 4.7835E-1 4.41187E-1 4.66457E-1 4.68914E-1 3.6438E-1 2.9507E-1 2.974E-1 3.28419E-1 3.6899E-1 4.16559E-1 4.23387E-1 4.3595E-1 4.25E-1 5.04054E-1 6.2919E-1 6.4699E-1 7.34546E-1 8.0848E-1 7.86672E-1 7.38198E-1 7.43228E-1 7.4766E-1 7.48943E-1 7.48774E-1 7.52273E-1 7.91451E-1 8.23629E-1 8.8841E-1 9.14524E-1 8.727E-1 8.68749E-1 8.04583E-1 6.96427E-1
6.41556E-1 6.38727E-1 6.40933E-1 6.26579E-1 6.32354E-1 6.23147E-1 6.13502E-1 6.03901E-1 6.08447E-1 6.12728E-1 6.12266E-1 6.1951E-1 6.12981E-1 6.69015E-1 7.23191E-1 6.23594E-1 6.63474E-1 6.70065E-1 7.08749E-1 7.28738E-1 7.44649E-1 7.90347E-1 8.05586E-1 8.03439E-1 7.67925E-1 7.39942E-1 7.07787E-1 6.21218E-1 6.04719E-1 7.30892E-1 6.67696E-1 5.85002E-1 6.1128E-1 5.90815E-1 4.88235E-1 4.81837E-1 4.6302E-1 3.84312E-1 3.64713E-1 3.67675E-1 3.8698E-1 4.43433E-1 4.16405E-1 4.03407E-1 4.63289E-1 4.77407E-1 5.17585E-1 5.59902E-1 5.92762E-1 6.77677E-1 7.16025E-1 7.02675E-1 6.86418E-1 6.86469E-1 7.19789E-1 6.81224E-1 6.64456E-1 6.79135E-1 7.24903E-1 7.87277E-1 8.93217E-1 8.53461E-1 8.75854E-1 8.56786E-1 7.95551E-1 7.36848E-1
6.55007E-1 6.68884E-1 6.62308E-1 6.56707E-1 6.69925E-1 6.46497E-1 6.53238E-1 6.72901E-1 7.03279E-1 7.13536E-1 7.13458E-1 7.10761E-1 6.44518E-1 6.44423E-1 6.67496E-1 7.18845E-1 6.74624E-1 6.9118E-1 7.09573E-1 7.1479E-1 7.30264E-1 7.76342E-1 8.00823E-1 8.0846E-1 7.77947E-1 7.74775E-1 7.21224E-1 6.63208E-1 7.55856E-1 7.48334E-1 7.00348E-1 5.88139E-1 6.06151E-1 6.46729E-1 5.68872E-1 5.29147E-1 4.86854E-1 4.4508E-1 3.95672E-1 4.2487E-1 4.30974E-1 4.39703E-1 4.28621E-1 4.29535E-1 4.36431E-1 4.68329E-1 4.93695E-1 5.1848E-1 5.25838E-1 5.6554E-1 6.0349E-1 5.90746E-1 6.22091E-1 6.22017E-1 6.35661E-1 6.41357E-1 6.75635E-1 6.82976E-1 6.92247E-1 7.86624E-1 7.94931E-1 7.39681E-1 8.22669E-1 8.48615E-1 8.13753E-1 7.78203E-1
6.58316E-1 7.0093E-1 7.01471E-1 6.62294E-1 6.64226E-1 6.54739E-1 6.7629E-1 7.01421E-1 7.31047E-1 7.35677E-1 7.19409E-1 6.60332E-1 6.02971E-1 6.16167E-1 5.86617E-1 6.35671E-1 7.22901E-1 6.96825E-1 6.92634E-1 7.26331E-1 7.04372E-1 7.6901E-1 8.10049E-1 8.00979E-1 7.59201E-1 7.43062E-1 7.22071E-1 7.23272E-1 7.68074E-1 7.49175E-1 6.65291E-1 6.07502E-1 6.21861E-1 6.56956E-1 6.61476E-1 6.38613E-1 5.31124E-1 5.07648E-1 4.68863E-1 4.22684E-1 4.16628E-1 4.32757E-1 4.32756E-1 4.46985E-1 4.53667E-1 4.12897E-1 4.51077E-1 4.41444E-1 4.79315E-1 4.96276E-1 5.22718E-1 5.29934E-1 5.60152E-1 6.26844E-1 6.18156E-1 6.40342E-1 6.55542E-1 6.61665E-1 6.71119E-1 7.39258E-1 7.04157E-1 6.63376E-1 6.93723E-1 7.3479E-1 7.38185E-1 7.5287E-1
7.39389E-1 7.29494E-1 7.40562E-1 7.53248E-1 7.00193E-1 6.72372E-1 7.10952E-1 7.22505E-1 7.31308E-1 7.18648E-1 6.96521E-1 7.0613E-1 6.01437E-1 6.05514E-1 5.8405E-1 6.3805E-1 6.36882E-1 6.69724E-1 7.20011E-1 6.62043E-1 6.89466E-1 7.9444E-1 8.20693E-1 8.00415E-1 8.04721E-1 7.12232E-1 6.7461E-1 6.75136E-1 7.83158E-1 7.42459E-1 7.10679E-1 6.37841E-1 6.42988E-1 6.7376E-1 6.98031E-1 7.24066E-1 5.76547E-1 4.99594E-1 4.48909E-1 4.18609E-1 4.04178E-1 4.17327E-1 4.08208E-1 3.9841E-1 3.97195E-1 4.19459E-1 4.98047E-1 5.34828E-1 4.84847E-1 4.70519E-1 5.05897E-1 5.01906E-1 5.68659E-1 5.84591E-1 5.71515E-1 6.30189E-1 6.29323E-1 5.70884E-1 6.20181E-1 6.87114E-1 6.4888E-1 6.05343E-1 7.14549E-1 7.14204E-1 6.39598E-1 7.32056E-1
7.41845E-1 7.47007E-1 7.82945E-1 7.96646E-1 7.94671E-1 7.54954E-1 7.45463E-1 7.6625E-1 7.71483E-1 7.55409E-1 7.19472E-1 6.86051E-1 6.99642E-1 6.84566E-1 5.07359E-1 4.46712E-1 3.69457E-1 4.82428E-1 6.69929E-1 7.14589E-1 8.03684E-1 8.52129E-1 8.47584E-1 8.14361E-1 8.1994E-1 7.80414E-1 7.08394E-1 8.21349E-1 8.19307E-1 7.58019E-1 7.13054E-1 7.0984E-1 6.86559E-1 6.82291E-1 6.85309E-1 6.77418E-1 6.19437E-1 5.30755E-1 4.56876E-1 4.08886E-1 4.31021E-1 4.07161E-1 4.15825E-1 4.24707E-1 4.52493E-1 4.77035E-1 5.45639E-1 5.61756E-1 5.25387E-1 5.27453E-1 5.44051E-1 5.59938E-1 5.83897E-1 5.11204E-1 5.47868E-1 5.4318E-1 5.60852E-1 5.33206E-1 6.36012E-1 6.34619E-1 6.88785E-1 6.61544E-1 6.7391E-1 6.12418E-1 5.87152E-1 6.63452E-1
