Leopardus colocola/Leopardus_colocola_projection 2041-2060_novel.asc
ncols         515
nrows         545
xllcorner     -119.0
yllcorner     -58.333333333333
cellsize      0.166666666667
NODATA_value  -9999
[rows 0 to 29 of 545, columns 68 to 135 of 515]
1.59776E-1 -1.25E0 1.59776E-1 -6.25002E-1 1.59776E-1 -6.25002E-1 1.43799E0 -3.12495E-1 -2.1875E0 1.59776E-1 1.59776E-1 6.19133E-1 6.19133E-1 1.43799E0 1.43799E0 2.27681E0 3.91452E0 2.27681E0 1.43799E0 1.43799E0 1.59776E-1 -3.12495E-1 -9.37498E-1 1.59776E-1 1.59776E-1 1.59776E-1 6.19133E-1 6.19133E-1 6.19133E-1 6.19133E-1 1.43799E0 6.19133E-1 6.19133E-1 6.19133E-1 6.19133E-1 6.19133E-1 6.19133E-1 6.19133E-1 1.43799E0 6.19133E-1 6.19133E-1 1.43799E0 2.27681E0 2.27681E0 3.09567E0 1.4979E0 1.4979E0 1.4979E0 1.4979E0 3.09567E0 1.4979E0 1.4979E0 1.4979E0 1.4979E0 1.4979E0 1.4979E0 1.4979E0 1.4979E0 8.7877E-1 8.7877E-1 1.4979E0 1.4979E0 1.4979E0 1.4979E0 1.4979E0 1.4979E0 1.4979E0 1.4979E0
-3.12495E-1 -1.875E0 -2.1875E0 -1.875E0 -1.5625E0 1.59776E-1 1.43799E0 1.59776E-1 -1.25E0 1.59776E-1 6.19133E-1 6.19133E-1 1.59776E-1 1.59776E-1 6.19133E-1 1.59776E-1 3.91452E0 5.99161E0 3.91452E0 2.27681E0 1.59776E-1 1.59776E-1 1.59776E-1 1.59776E-1 1.59776E-1 1.59776E-1 1.59776E-1 1.59776E-1 6.19133E-1 6.19133E-1 1.43799E0 6.19133E-1 6.19133E-1 6.19133E-1 6.19133E-1 6.19133E-1 6.19133E-1 1.43799E0 1.43799E0 1.43799E0 6.19133E-1 1.43799E0 2.27681E0 2.27681E0 2.27681E0 3.09567E0 3.09567E0 3.09567E0 3.09567E0 2.27681E0 3.09567E0 3.09567E0 2.27681E0 1.4979E0 1.4979E0 3.09567E0 1.4979E0 1.4979E0 1.4979E0 8.7877E-1 8.7877E-1 8.7877E-1 1.4979E0 1.4979E0 1.4979E0 1.4979E0 1.4979E0 1.4979E0
6.19133E-1 -1.5625E0 -6.25002E-1 1.59776E-1 -1.5625E0 -3.12495E-1 1.59776E-1 -9.37498E-1 -1.5625E0 1.59776E-1 1.43799E0 6.19133E-1 1.43799E0 6.19133E-1 1.59776E-1 1.59776E-1 3.91452E0 1.12842E1 3.91452E0 6.19133E-1 1.59776E-1 -1.875E0 -1.25E0 -6.25002E-1 1.59776E-1 1.59776E-1 1.59776E-1 1.59776E-1 6.19133E-1 6.19133E-1 6.19133E-1 6.19133E-1 6.19133E-1 6.19133E-1 6.19133E-1 6.19133E-1 6.19133E-1 1.43799E0 1.43799E0 1.43799E0 1.43799E0 1.43799E0 2.27681E0 2.27681E0 2.27681E0 1.4979E0 1.4979E0 2.27681E0 2.27681E0 1.4979E0 1.4979E0 2.27681E0 3.09567E0 1.4979E0 1.4979E0 1.4979E0 1.4979E0 1.4979E0 1.4979E0 1.4979E0 8.7877E-1 1.4979E0 1.4979E0 1.4979E0 1.4979E0 1.4979E0 1.4979E0 1.4979E0
1.59776E-1 -6.25002E-1 1.59776E-1 1.59776E-1 -6.25002E-1 -1.5625E0 6.19133E-1 6.19133E-1 -6.25002E-1 6.19133E-1 1.43799E0 6.19133E-1 6.19133E-1 6.19133E-1 1.59776E-1 1.59776E-1 3.91452E0 5.99161E0 1.43799E0 6.19133E-1 6.19133E-1 1.59776E-1 -2.1875E0 -1.875E0 -6.25002E-1 1.59776E-1 1.59776E-1 1.59776E-1 1.59776E-1 6.19133E-1 6.19133E-1 1.43799E0 1.43799E0 1.43799E0 6.19133E-1 1.43799E0 1.43799E0 1.43799E0 1.43799E0 1.43799E0 1.43799E0 2.27681E0 1.43799E0 1.43799E0 1.43799E0 1.43799E0 1.43799E0 1.4979E0 3.09567E0 1.4979E0 1.4979E0 1.4979E0 3.09567E0 3.09567E0 1.4979E0 1.4979E0 1.4979E0 1.4979E0 1.4979E0 1.4979E0 1.4979E0 1.4979E0 1.4979E0 1.4979E0 1.4979E0 1.4979E0 1.4979E0 1.4979E0
1.59776E-1 1.59776E-1 1.59776E-1 1.59776E-1 -9.37498E-1 -9.37498E-1 1.59776E-1 3.59497E-1 -6.25002E-1 -3.12495E-1 6.19133E-1 6.19133E-1 1.59776E-1 1.59776E-1 1.59776E-1 1.59776E-1 6.19133E-1 3.91452E0 2.27681E0 1.43799E0 6.19133E-1 1.59776E-1 -9.37498E-1 -2.5E0 -1.5625E0 -3.12495E-1 1.59776E-1 1.59776E-1 1.59776E-1 1.59776E-1 6.19133E-1 1.43799E0 1.43799E0 1.43799E0 1.43799E0 1.43799E0 1.43799E0 1.43799E0 1.43799E0 1.43799E0 1.43799E0 1.43799E0 2.27681E0 1.4979E0 1.43799E0 1.43799E0 1.43799E0 1.4979E0 1.4979E0 1.4979E0 1.4979E0 1.4979E0 1.4979E0 3.09567E0 3.09567E0 3.09567E0 1.4979E0 1.4979E0 1.4979E0 1.4979E0 1.4979E0 1.4979E0 8.7877E-1 1.4979E0 1.4979E0 1.4979E0 1.4979E0 1.4979E0
1.59776E-1 1.59776E-1 1.59776E-1 1.59776E-1 1.59776E-1 1.59776E-1 1.59776E-1 1.59776E-1 -3.12495E-1 -2.8125E0 -1.25E0 6.19133E-1 6.19133E-1 1.59776E-1 1.59776E-1 6.19133E-1 1.59776E-1 2.27681E0 3.91452E0 1.43799E0 1.43799E0 6.19133E-1 1.59776E-1 1.59776E-1 -9.37498E-1 -3.12495E-1 1.59776E-1 -6.25002E-1 -6.25002E-1 1.59776E-1 1.59776E-1 6.19133E-1 1.43799E0 1.43799E0 1.43799E0 1.43799E0 1.43799E0 1.43799E0 1.43799E0 1.43799E0 1.43799E0 1.43799E0 1.43799E0 1.4979E0 1.43799E0 1.43799E0 1.43799E0 1.4979E0 1.4979E0 1.4979E0 1.4979E0 1.4979E0 1.4979E0 3.09567E0 3.09567E0 3.09567E0 3.09567E0 1.4979E0 1.4979E0 1.4979E0 1.4979E0 1.4979E0 1.4979E0 1.4979E0 1.4979E0 1.4979E0 1.4979E0 1.4979E0
6.19133E-1 1.59776E-1 1.59776E-1 1.59776E-1 1.59776E-1 1.59776E-1 1.59776E-1 1.59776E-1 1.59776E-1 -1.25E0 -2.8125E0 -3.12495E-1 6.19133E-1 6.19133E-1 6.19133E-1 1.43799E0 3.91452E0 6.19133E-1 2.27681E0 2.27681E0 1.43799E0 6.19133E-1 1.59776E-1 1.59776E-1 1.59776E-1 -9.37498E-1 -3.12495E-1 -1.25E0 -1.875E0 -9.37498E-1 1.59776E-1 6.19133E-1 1.43799E0 1.43799E0 1.43799E0 1.43799E0 1.43799E0 1.43799E0 1.43799E0 1.43799E0 1.43799E0 1.43799E0 1.43799E0 1.43799E0 1.43799E0 1.4979E0 1.4979E0 1.4979E0 1.4979E0 1.4979E0 1.4979E0 1.4979E0 1.4979E0 1.4979E0 3.09567E0 3.09567E0 3.09567E0 3.09567E0 1.4979E0 1.4979E0 1.4979E0 1.4979E0 1.4979E0 1.4979E0 1.4979E0 1.4979E0 1.4979E0 1.4979E0
8.7877E-1 6.19133E-1 1.43799E0 6.19133E-1 1.59776E-1 1.59776E-1 1.59776E-1 1.59776E-1 6.19133E-1 1.59776E-1 1.59776E-1 -2.8125E0 1.59776E-1 1.43799E0 6.19133E-1 1.43799E0 3.91452E0 1.43799E0 1.43799E0 2.27681E0 1.43799E0 6.19133E-1 6.19133E-1 1.59776E-1 1.59776E-1 -3.12495E-1 1.59776E-1 -3.12495E-1 -9.37498E-1 -3.12495E-1 1.59776E-1 6.19133E-1 1.4979E0 1.4979E0 1.4979E0 1.4979E0 1.43799E0 2.27681E0 2.27681E0 2.27681E0 2.27681E0 2.27681E0 1.4979E0 1.4979E0 1.4979E0 1.4979E0 1.4979E0 1.4979E0 1.4979E0 1.4979E0 1.4979E0 1.4979E0 1.4979E0 1.4979E0 3.09567E0 3.09567E0 3.09567E0 1.4979E0 1.4979E0 1.4979E0 3.09567E0 1.4979E0 1.4979E0 1.4979E0 1.4979E0 1.4979E0 1.4979E0 1.4979E0
1.43799E0 6.19133E-1 6.19133E-1 6.19133E-1 6.19133E-1 1.59776E-1 6.19133E-1 6.19133E-1 1.43799E0 1.59776E-1 1.43799E0 1.59776E-1 1.59776E-1 1.43799E0 6.19133E-1 6.19133E-1 2.27681E0 6.19133E-1 6.19133E-1 2.27681E0 2.27681E0 2.27681E0 1.43799E0 6.19133E-1 1.59776E-1 1.59776E-1 1.59776E-1 1.59776E-1 1.59776E-1 6.19133E-1 6.19133E-1 8.7877E-1 8.7877E-1 1.4979E0 2.27681E0 1.4979E0 2.27681E0 2.27681E0 2.27681E0 2.27681E0 2.27681E0 3.09567E0 3.09567E0 2.27681E0 3.09567E0 3.09567E0 3.09567E0 3.09567E0 1.4979E0 1.4979E0 1.4979E0 1.4979E0 3.09567E0 3.09567E0 3.09567E0 3.09567E0 3.09567E0 1.4979E0 3.09567E0 1.4979E0 1.4979E0 1.4979E0 1.4979E0 1.4979E0 1.4979E0 1.4979E0 1.4979E0 1.4979E0
1.43799E0 6.19133E-1 6.19133E-1 6.19133E-1 6.19133E-1 6.19133E-1 1.43799E0 6.19133E-1 6.19133E-1 1.43799E0 6.19133E-1 1.43799E0 6.19133E-1 1.43799E0 6.19133E-1 2.27681E0 6.19133E-1 6.19133E-1 6.19133E-1 2.27681E0 5.99161E0 8.50809E0 2.27681E0 1.43799E0 6.19133E-1 6.19133E-1 6.19133E-1 6.19133E-1 8.7877E-1 8.7877E-1 1.4979E0 1.4979E0 1.4979E0 1.4979E0 1.4979E0 2.27681E0 2.27681E0 2.27681E0 2.27681E0 2.27681E0 2.27681E0 2.27681E0 3.09567E0 3.09567E0 3.09567E0 3.09567E0 2.27681E0 2.27681E0 2.27681E0 3.09567E0 3.09567E0 3.09567E0 3.09567E0 3.09567E0 3.09567E0 3.09567E0 3.09567E0 3.09567E0 1.4979E0 1.4979E0 1.4979E0 1.4979E0 1.4979E0 1.4979E0 1.4979E0 1.4979E0 1.4979E0 1.4979E0
1.43799E0 6.19133E-1 6.19133E-1 6.19133E-1 1.59776E-1 1.43799E0 6.19133E-1 1.59776E-1 6.19133E-1 6.19133E-1 6.19133E-1 1.43799E0 2.27681E0 2.27681E0 6.19133E-1 1.59776E-1 6.19133E-1 6.19133E-1 6.19133E-1 2.27681E0 8.50809E0 1.12842E1 1.12842E1 5.99161E0 3.91452E0 1.43799E0 1.43799E0 1.4979E0 2.27681E0 1.4979E0 2.27681E0 3.09567E0 3.09567E0 3.09567E0 1.4979E0 1.4979E0 2.27681E0 2.27681E0 2.27681E0 2.27681E0 3.09567E0 3.09567E0 3.09567E0 3.09567E0 3.09567E0 3.09567E0 3.09567E0 3.09567E0 3.09567E0 3.09567E0 3.09567E0 1.4979E0 1.4979E0 1.4979E0 1.4979E0 3.09567E0 3.09567E0 3.09567E0 3.09567E0 3.09567E0 1.4979E0 1.4979E0 1.4979E0 1.4979E0 1.4979E0 3.09567E0 1.4979E0 1.4979E0
2.27681E0 6.19133E-1 6.19133E-1 6.19133E-1 6.19133E-1 6.19133E-1 6.19133E-1 6.19133E-1 1.43799E0 1.43799E0 1.43799E0 1.43799E0 1.43799E0 1.43799E0 6.19133E-1 1.59776E-1 1.59776E-1 6.19133E-1 1.59776E-1 6.19133E-1 5.99161E0 1.12842E1 5.99161E0 5.99161E0 3.91452E0 2.27681E0 2.27681E0 3.91452E0 3.91452E0 3.09567E0 3.09567E0 3.09567E0 3.09567E0 2.27681E0 1.4979E0 1.4979E0 2.27681E0 2.27681E0 2.27681E0 3.09567E0 3.09567E0 3.09567E0 3.09567E0 3.09567E0 5.99161E0 3.09567E0 3.09567E0 3.09567E0 3.09567E0 3.09567E0 3.09567E0 3.09567E0 1.4979E0 1.4979E0 3.09567E0 1.4979E0 1.4979E0 3.09567E0 3.09567E0 3.09567E0 1.4979E0 1.4979E0 1.4979E0 1.4979E0 3.09567E0 3.09567E0 1.4979E0 1.4979E0
1.43799E0 6.19133E-1 6.19133E-1 6.19133E-1 6.19133E-1 6.19133E-1 6.19133E-1 6.19133E-1 1.43799E0 6.19133E-1 2.27681E0 6.19133E-1 6.19133E-1 6.19133E-1 1.59776E-1 1.59776E-1 6.19133E-1 6.19133E-1 1.43799E0 4.59357E-1 1.43799E0 2.27681E0 3.91452E0 5.99161E0 3.91452E0 5.99161E0 8.50809E0 8.50809E0 5.99161E0 5.99161E0 5.99161E0 3.91452E0 3.09567E0 2.27681E0 1.4979E0 1.4979E0 2.27681E0 2.27681E0 2.27681E0 3.09567E0 3.09567E0 3.09567E0 3.09567E0 3.09567E0 3.09567E0 3.09567E0 3.09567E0 3.09567E0 3.09567E0 3.09567E0 3.09567E0 3.09567E0 6.65069E0 3.09567E0 3.09567E0 3.09567E0 1.4979E0 1.4979E0 3.09567E0 3.09567E0 1.4979E0 1.4979E0 1.4979E0 1.4979E0 1.4979E0 1.4979E0 1.4979E0 1.4979E0
6.19133E-1 6.19133E-1 6.19133E-1 1.43799E0 6.19133E-1 6.19133E-1 6.19133E-1 6.19133E-1 6.19133E-1 6.19133E-1 6.19133E-1 6.19133E-1 1.59776E-1 1.43799E0 6.19133E-1 -9.37498E-1 1.43799E0 3.59497E-1 6.19133E-1 1.43799E0 1.13841E0 6.39105E-1 2.27681E0 5.99161E0 8.50809E0 8.50809E0 5.99161E0 5.99161E0 8.50809E0 5.99161E0 5.99161E0 5.99161E0 3.09567E0 1.4979E0 1.4979E0 1.4979E0 1.4979E0 1.4979E0 1.4979E0 3.09567E0 3.09567E0 3.09567E0 3.09567E0 3.09567E0 3.09567E0 3.09567E0 3.09567E0 3.09567E0 3.09567E0 3.09567E0 5.99161E0 6.65069E0 3.09567E0 3.09567E0 3.09567E0 3.09567E0 3.09567E0 3.09567E0 3.09567E0 1.4979E0 1.4979E0 1.4979E0 1.4979E0 1.4979E0 1.4979E0 1.4979E0 1.4979E0 1.4979E0
6.39105E-1 1.13841E0 1.01857E0 6.19133E-1 1.43799E0 2.27681E0 2.27681E0 6.19133E-1 1.59776E-1 6.19133E-1 1.59776E-1 1.59776E-1 1.59776E-1 6.19133E-1 1.43799E0 1.39804E-1 1.43799E0 3.59497E-1 8.7877E-1 3.91452E0 2.27681E0 1.43799E0 2.27681E0 5.99161E0 5.99161E0 5.99161E0 3.91452E0 5.99161E0 8.50809E0 5.99161E0 5.99161E0 3.09567E0 3.09567E0 1.4979E0 1.4979E0 1.4979E0 1.4979E0 1.4979E0 1.4979E0 3.09567E0 3.09567E0 3.09567E0 3.09567E0 5.99161E0 6.65069E0 6.65069E0 5.99161E0 5.99161E0 5.99161E0 5.99161E0 6.65069E0 6.65069E0 6.65069E0 6.65069E0 6.65069E0 3.09567E0 3.09567E0 3.09567E0 1.4979E0 1.4979E0 1.4979E0 1.4979E0 1.4979E0 1.4979E0 1.4979E0 1.4979E0 1.4979E0 1.4979E0
1.43799E0 2.27681E0 1.41801E0 1.43799E0 1.43799E0 1.13841E0 1.43799E0 2.59637E-1 6.19133E-1 6.19133E-1 6.19133E-1 1.59776E-1 5.39245E-1 1.43799E0 2.27681E0 6.19133E-1 1.43799E0 8.7877E-1 3.59497E-1 3.09567E0 2.27681E0 1.43799E0 2.27681E0 2.27681E0 2.27681E0 3.91452E0 3.09567E0 5.99161E0 3.09567E0 3.09567E0 1.4979E0 1.4979E0 8.7877E-1 8.7877E-1 8.7877E-1 8.7877E-1 8.7877E-1 8.7877E-1 8.7877E-1 1.4979E0 1.4979E0 3.09567E0 6.65069E0 6.65069E0 6.65069E0 6.65069E0 6.65069E0 6.65069E0 6.65069E0 6.65069E0 6.65069E0 6.65069E0 6.65069E0 3.09567E0 3.09567E0 3.09567E0 3.09567E0 3.09567E0 1.4979E0 1.4979E0 1.4979E0 1.4979E0 1.4979E0 1.4979E0 1.4979E0 1.4979E0 1.4979E0 1.4979E0
3.91452E0 2.27681E0 2.27681E0 2.27681E0 2.27681E0 1.01857E0 1.41801E0 6.19133E-1 6.19133E-1 1.59776E-1 6.19133E-1 1.59776E-1 4.59357E-1 1.43799E0 6.19133E-1 1.43799E0 8.7877E-1 8.7877E-1 1.9972E-2 9.98602E-2 8.7877E-1 8.7877E-1 1.43799E0 6.19133E-1 1.4979E0 3.09567E0 3.09567E0 8.7877E-1 1.4979E0 1.4979E0 1.4979E0 1.4979E0 1.4979E0 8.7877E-1 8.7877E-1 8.7877E-1 8.7877E-1 8.7877E-1 8.7877E-1 1.4979E0 1.4979E0 3.09567E0 3.09567E0 6.65069E0 6.65069E0 6.65069E0 6.65069E0 6.65069E0 6.65069E0 6.65069E0 3.09567E0 3.09567E0 6.65069E0 6.65069E0 3.09567E0 3.09567E0 3.09567E0 3.09567E0 1.4979E0 1.4979E0 1.4979E0 1.4979E0 1.4979E0 1.4979E0 1.4979E0 1.4979E0 1.4979E0 1.4979E0
3.91452E0 2.27681E0 3.91452E0 2.27681E0 3.91452E0 3.91452E0 1.43799E0 9.18714E-1 1.01857E0 1.59776E-1 1.59776E-1 6.19133E-1 4.59357E-1 1.43799E0 1.43799E0 8.7877E-1 9.98602E-2 3.59497E-1 1.9972E-2 1.9972E-2 1.9972E-2 3.59497E-1 1.4979E0 1.4979E0 1.4979E0 1.4979E0 1.4979E0 1.4979E0 1.4979E0 1.4979E0 3.09567E0 3.09567E0 1.4979E0 8.7877E-1 8.7877E-1 8.7877E-1 8.7877E-1 8.7877E-1 8.7877E-1 8.7877E-1 1.4979E0 1.4979E0 1.4979E0 3.09567E0 3.09567E0 3.09567E0 3.09567E0 3.09567E0 3.09567E0 3.09567E0 3.09567E0 3.09567E0 6.65069E0 6.65069E0 3.09567E0 3.09567E0 3.09567E0 1.4979E0 1.4979E0 1.4979E0 1.4979E0 1.4979E0 1.4979E0 1.4979E0 1.4979E0 3.09567E0 1.4979E0 1.4979E0
2.05712E0 1.01857E0 2.27681E0 1.75754E0 1.01857E0 3.91452E0 5.99161E0 2.27681E0 1.01857E0 2.59637E-1 3.99441E-2 1.59776E-1 6.19133E-1 1.43799E0 1.43799E0 6.19133E-1 9.98602E-2 8.7877E-1 9.98602E-2 1.9972E-2 1.9972E-2 3.59497E-1 1.4979E0 3.09567E0 8.7877E-1 1.4979E0 1.4979E0 1.4979E0 3.09567E0 8.7877E-1 1.4979E0 1.4979E0 6.65069E0 1.4979E0 8.7877E-1 8.7877E-1 8.7877E-1 8.7877E-1 8.7877E-1 8.7877E-1 8.7877E-1 1.4979E0 1.4979E0 1.4979E0 3.09567E0 1.4979E0 3.09567E0 1.4979E0 1.4979E0 1.4979E0 1.4979E0 1.4979E0 3.09567E0 3.09567E0 3.09567E0 3.09567E0 3.09567E0 1.4979E0 3.09567E0 1.4979E0 1.4979E0 1.4979E0 1.4979E0 3.09567E0 3.09567E0 3.09567E0 3.09567E0 3.09567E0
2.79609E0 5.39245E-1 1.13841E0 6.39105E-1 2.59637E-1 9.18714E-1 5.99161E0 3.91452E0 6.39105E-1 2.27681E0 7.98882E-2 1.39804E-1 1.59776E-1 6.19133E-1 6.19133E-1 3.59497E-1 3.59497E-1 8.7877E-1 1.4979E0 9.98602E-2 3.59497E-1 1.4979E0 8.7877E-1 3.59497E-1 3.59497E-1 1.4979E0 1.12842E1 3.59497E-1 8.7877E-1 6.65069E0 3.09567E0 1.4979E0 3.09567E0 3.09567E0 1.4979E0 1.4979E0 8.7877E-1 8.7877E-1 8.7877E-1 8.7877E-1 8.7877E-1 8.7877E-1 1.4979E0 1.4979E0 1.4979E0 1.4979E0 1.4979E0 1.4979E0 1.4979E0 1.4979E0 1.4979E0 1.4979E0 1.4979E0 1.4979E0 3.09567E0 3.09567E0 3.09567E0 1.4979E0 1.4979E0 1.4979E0 1.4979E0 1.4979E0 1.4979E0 3.09567E0 3.09567E0 3.09567E0 3.09567E0 3.09567E0
1.13841E0 3.39525E-1 3.79469E0 1.13841E0 6.39105E-1 6.39105E-1 5.99161E0 3.91452E0 6.39105E-1 2.27681E0 9.98602E-2 6.19133E-1 6.19133E-1 1.43799E0 8.7877E-1 9.98602E-2 6.19133E-1 3.59497E-1 8.7877E-1 8.7877E-1 3.09567E0 5.99161E0 1.4979E0 3.59497E-1 8.7877E-1 3.59497E-1 3.59497E-1 3.59497E-1 3.59497E-1 6.65069E0 1.77352E1 3.09567E0 1.45396E1 1.77751E1 6.65069E0 3.09567E0 3.09567E0 1.4979E0 8.7877E-1 8.7877E-1 8.7877E-1 8.7877E-1 8.7877E-1 1.4979E0 1.4979E0 1.4979E0 8.7877E-1 8.7877E-1 1.4979E0 1.4979E0 1.4979E0 1.4979E0 1.4979E0 1.4979E0 1.4979E0 1.4979E0 1.4979E0 1.4979E0 1.4979E0 1.4979E0 1.4979E0 1.4979E0 1.4979E0 3.09567E0 3.09567E0 3.09567E0 3.09567E0 3.09567E0
4.59357E-1 2.59637E-1 2.79609E0 2.79609E0 2.05712E0 6.39105E-1 5.99161E0 5.99161E0 1.01857E0 2.27681E0 4.59357E-1 3.39525E-1 8.7877E-1 8.7877E-1 8.7877E-1 3.59497E-1 3.59497E-1 3.39525E-1 8.7877E-1 1.4979E0 5.99161E0 3.91452E0 3.09567E0 1.4979E0 3.59497E-1 9.98602E-2 9.98602E-2 8.7877E-1 8.7877E-1 8.7877E-1 1.68963E1 1.45396E1 1.45396E1 1.94927E1 1.75954E1 6.65069E0 3.09567E0 3.09567E0 8.7877E-1 8.7877E-1 8.7877E-1 8.7877E-1 8.7877E-1 8.7877E-1 8.7877E-1 8.7877E-1 8.7877E-1 1.4979E0 8.7877E-1 1.4979E0 1.4979E0 1.4979E0 1.4979E0 1.4979E0 1.4979E0 1.4979E0 1.4979E0 1.4979E0 1.4979E0 1.4979E0 1.4979E0 1.4979E0 3.09567E0 3.09567E0 3.09567E0 3.09567E0 6.65069E0 6.65069E0
1.9972E-1 2.39664E0 2.05712E0 6.39105E-1 6.39105E-1 4.3539E0 7.82904E0 8.26842E0 3.2155E0 1.4979E0 1.41801E0 3.39525E-1 3.59497E-1 8.7877E-1 1.43799E0 1.4979E0 8.7877E-1 8.7877E-1 8.7877E-1 1.4979E0 5.99161E0 3.91452E0 3.09567E0 6.65069E0 3.09567E0 3.59497E-1 3.59497E-1 3.59497E-1 8.7877E-1 8.7877E-1 3.09567E0 6.65069E0 3.09567E0 1.98522E1 3.09567E0 6.65069E0 6.65069E0 3.09567E0 1.4979E0 8.7877E-1 8.7877E-1 8.7877E-1 8.7877E-1 8.7877E-1 8.7877E-1 8.7877E-1 8.7877E-1 8.7877E-1 8.7877E-1 8.7877E-1 8.7877E-1 8.7877E-1 8.7877E-1 8.7877E-1 8.7877E-1 1.4979E0 1.4979E0 1.4979E0 1.4979E0 1.4979E0 1.4979E0 3.09567E0 3.09567E0 3.09567E0 3.09567E0 6.65069E0 -9999 7.26982E0
1.59776E-1 2.59637E-1 9.18714E-1 3.2155E0 4.59357E-1 3.79469E0 1.41801E0 4.81326E0 3.79469E0 3.09567E0 2.27681E0 8.7877E-1 3.39525E-1 3.59497E-1 1.4979E0 1.4979E0 1.43799E0 1.4979E0 2.27681E0 1.4979E0 3.09567E0 3.09567E0 3.09567E0 5.99161E0 1.45396E1 3.09567E0 8.7877E-1 3.59497E-1 3.59497E-1 8.7877E-1 1.45396E1 6.65069E0 1.45396E1 1.4979E0 1.4979E0 3.09567E0 3.09567E0 3.09567E0 1.4979E0 8.7877E-1 8.7877E-1 8.7877E-1 8.7877E-1 8.7877E-1 8.7877E-1 8.7877E-1 8.7877E-1 8.7877E-1 8.7877E-1 8.7877E-1 8.7877E-1 8.7877E-1 8.7877E-1 8.7877E-1 8.7877E-1 8.7877E-1 1.4979E0 1.4979E0 1.4979E0 3.09567E0 3.09567E0 3.09567E0 3.09567E0 6.65069E0 6.65069E0 6.65069E0 -9999 -9999
5.39245E-1 9.98602E-2 1.9972E-1 6.39105E-1 1.9972E-1 5.39245E-1 9.18714E-1 6.39105E-1 9.18714E-1 5.51228E0 3.09567E0 1.4979E0 8.7877E-1 8.7877E-1 8.7877E-1 1.4979E0 3.09567E0 2.27681E0 3.09567E0 3.09567E0 3.09567E0 3.09567E0 3.09567E0 5.99161E0 3.09567E0 1.4979E0 8.7877E-1 3.09567E0 8.7877E-1 8.7877E-1 1.57779E1 6.65069E0 1.17236E1 2.12103E1 6.65069E0 3.09567E0 1.4979E0 3.09567E0 1.4979E0 8.7877E-1 8.7877E-1 8.7877E-1 8.7877E-1 8.7877E-1 8.7877E-1 8.7877E-1 8.7877E-1 8.7877E-1 8.7877E-1 8.7877E-1 8.7877E-1 3.59497E-1 3.59497E-1 8.7877E-1 8.7877E-1 8.7877E-1 1.4979E0 1.4979E0 1.4979E0 3.09567E0 3.09567E0 3.09567E0 3.09567E0 6.65069E0 6.65069E0 -9999 -9999 -9999
1.75754E0 1.59776E-1 9.18714E-1 7.98882E-2 1.39804E-1 1.01857E0 1.9972E-1 2.59637E-1 5.39245E-1 3.2155E0 1.4979E0 1.4979E0 1.4979E0 1.4979E0 1.4979E0 1.4979E0 1.4979E0 5.99161E0 5.99161E0 3.09567E0 6.65069E0 6.65069E0 3.09567E0 3.09567E0 3.09567E0 3.09567E0 6.39105E-1 1.57779E1 1.4979E0 3.09567E0 6.65069E0 1.03455E1 6.65069E0 2.11704E1 2.05113E1 6.65069E0 1.4979E0 1.4979E0 1.4979E0 1.4979E0 1.4979E0 1.4979E0 1.4979E0 1.4979E0 8.7877E-1 8.7877E-1 8.7877E-1 8.7877E-1 8.7877E-1 8.7877E-1 8.7877E-1 8.7877E-1 8.7877E-1 8.7877E-1 8.7877E-1 8.7877E-1 8.7877E-1 1.4979E0 1.4979E0 1.4979E0 3.09567E0 3.09567E0 6.65069E0 8.08868E0 5.31256E0 -9999 -9999 -9999
9.18714E-1 1.01857E0 5.39245E-1 1.9972E-1 1.9972E-1 5.39245E-1 6.39105E-1 2.59637E-1 9.18714E-1 2.39664E0 3.09567E0 1.4979E0 1.4979E0 1.4979E0 1.4979E0 8.7877E-1 3.09567E0 3.09567E0 3.09567E0 3.09567E0 3.09567E0 3.09567E0 1.4979E0 3.09567E0 3.09567E0 3.09567E0 1.01857E0 6.65069E0 6.65069E0 6.65069E0 6.65069E0 6.65069E0 6.65069E0 6.65069E0 6.65069E0 1.4979E0 1.4979E0 1.4979E0 1.4979E0 1.4979E0 3.09567E0 3.09567E0 1.4979E0 1.4979E0 8.7877E-1 8.7877E-1 8.7877E-1 8.7877E-1 8.7877E-1 8.7877E-1 3.59497E-1 3.59497E-1 8.7877E-1 8.7877E-1 8.7877E-1 8.7877E-1 1.4979E0 1.4979E0 1.4979E0 1.4979E0 3.09567E0 6.65069E0 6.65069E0 -9999 -9999 -9999 -9999 -9999
4.59357E-1 9.18714E-1 1.13841E0 1.59776E-1 1.13841E0 7.98882E-2 9.98602E-2 4.59357E-1 1.13841E0 2.39664E0 3.09567E0 1.4979E0 1.4979E0 8.7877E-1 8.7877E-1 1.4979E0 1.4979E0 3.09567E0 3.09567E0 3.09567E0 5.99161E0 3.09567E0 1.4979E0 6.65069E0 3.09567E0 1.01857E0 6.39105E-1 1.4979E0 3.09567E0 6.55083E0 3.09567E0 6.65069E0 1.34412E1 6.65069E0 2.14899E1 6.65069E0 3.09567E0 1.4979E0 8.7877E-1 1.4979E0 1.4979E0 3.09567E0 3.09567E0 1.4979E0 1.4979E0 8.7877E-1 8.7877E-1 8.7877E-1 8.7877E-1 8.7877E-1 8.7877E-1 3.59497E-1 3.59497E-1 8.7877E-1 8.7877E-1 1.4979E0 1.4979E0 1.4979E0 1.4979E0 1.4979E0 3.09567E0 6.65069E0 6.65069E0 -9999 -9999 -9999 -9999 -9999
5.39245E-1 6.39105E-1 1.01857E0 2.59637E-1 1.75754E0 6.39105E-1 1.59776E-1 1.41801E0 1.13841E0 2.05712E0 3.09567E0 3.09567E0 1.4979E0 1.4979E0 1.4979E0 1.4979E0 1.4979E0 1.4979E0 3.09567E0 3.09567E0 3.09567E0 3.09567E0 3.09567E0 3.09567E0 6.65069E0 1.4979E0 6.39105E-1 8.7877E-1 1.4979E0 1.03455E1 6.65069E0 3.09567E0 1.23627E1 1.57779E1 6.65069E0 3.09567E0 6.65069E0 3.09567E0 1.4979E0 8.7877E-1 8.7877E-1 1.4979E0 1.4979E0 1.4979E0 8.7877E-1 8.7877E-1 8.7877E-1 3.59497E-1 8.7877E-1 8.7877E-1 3.59497E-1 3.59497E-1 8.7877E-1 8.7877E-1 8.7877E-1 8.7877E-1 1.4979E0 1.4979E0 1.4979E0 1.4979E0 3.09567E0 -9999 -9999 -9999 -9999 -9999 -9999 -9999
1.41801E0 1.13841E0 6.39105E-1 4.59357E-1 2.59637E-1 3.39525E-1 5.39245E-1 1.01857E0 2.05712E0 2.39664E0 3.09567E0 1.4979E0 3.09567E0 1.4979E0 8.7877E-1 8.7877E-1 8.7877E-1 1.4979E0 3.09567E0 3.09567E0 3.09567E0 1.4979E0 1.45396E1 1.4979E0 3.09567E0 3.09567E0 1.4979E0 1.4979E0 1.4979E0 1.50589E1 1.57779E1 6.65069E0 1.34412E1 1.57779E1 6.65069E0 1.4979E0 3.09567E0 1.4979E0 8.7877E-1 8.7877E-1 8.7877E-1 8.7877E-1 8.7877E-1 8.7877E-1 8.7877E-1 8.7877E-1 8.7877E-1 3.59497E-1 3.59497E-1 3.59497E-1 8.7877E-1 8.7877E-1 8.7877E-1 8.7877E-1 1.4979E0 8.7877E-1 1.4979E0 1.4979E0 3.09567E0 3.09567E0 3.09567E0 6.65069E0 -9999 -9999 -9999 -9999 -9999 -9999
