Leopardus colocola/Leopardus_colocola_projection 2041-2060_novel.asc
ncols         515
nrows         545
xllcorner     -119.0
yllcorner     -58.333333333333
cellsize      0.166666666667
NODATA_value  -9999
[rows 420 to 449 of 545, columns 272 to 339 of 515]
-9999 2.19493E1 1.80947E1 1.69363E1 1.61574E1 1.48991E1 1.33813E1 1.42201E1 1.68764E1 2.03515E1 2.03515E1 2.32874E1 2.16697E1 1.29619E1 9.30697E0 9.30697E0 1.29619E1 1.25225E1 1.00859E1 7.80907E0 5.39245E0 4.45376E0 4.45376E0 4.87318E0 5.39245E0 6.5708E0 5.59217E0 4.41382E0 4.41382E0 5.27262E0 5.99161E0 3.91452E0 3.91452E0 3.91452E0 3.91452E0 3.91452E0 3.91452E0 3.91452E0 3.91452E0 3.91452E0 3.91452E0 2.27681E0 2.27681E0 2.27681E0 3.09567E0 3.09567E0 3.09567E0 3.09567E0 3.91452E0 3.91452E0 5.99161E0 5.99161E0 5.99161E0 5.99161E0 5.99161E0 5.99161E0 5.99161E0 5.99161E0 5.99161E0 5.99161E0 8.50809E0 8.50809E0 8.50809E0 1.12842E1 1.12842E1 1.45396E1 1.45396E1 1.45396E1
-9999 2.34072E1 1.98922E1 1.56581E1 1.76353E1 1.62972E1 1.39804E1 1.55183E1 1.83743E1 2.19692E1 2.38067E1 2.76613E1 2.16697E1 2.16697E1 1.29619E1 9.30697E0 9.30697E0 1.30817E1 1.06651E1 8.32834E0 5.65209E0 4.45376E0 4.45376E0 4.65349E0 5.0729E0 6.5708E0 5.27262E0 4.23407E0 5.41242E0 5.11284E0 5.83184E0 5.99161E0 3.91452E0 3.91452E0 3.91452E0 3.91452E0 3.91452E0 3.91452E0 3.91452E0 2.27681E0 2.27681E0 2.27681E0 3.91452E0 2.27681E0 3.09567E0 3.91452E0 3.91452E0 3.91452E0 3.91452E0 3.91452E0 5.99161E0 5.99161E0 5.99161E0 5.99161E0 5.99161E0 5.99161E0 5.99161E0 5.99161E0 5.99161E0 8.50809E0 8.50809E0 8.50809E0 8.50809E0 1.12842E1 1.12842E1 1.45396E1 1.45396E1 1.45396E1
-9999 2.40463E1 2.19493E1 1.89934E1 1.76353E1 1.61574E1 1.64969E1 1.83743E1 2.07909E1 2.32874E1 2.51448E1 2.00919E1 2.29079E1 1.29619E1 1.29619E1 9.30697E0 9.30697E0 1.34412E1 1.10645E1 8.32834E0 6.11144E0 4.87318E0 4.65349E0 4.65349E0 5.0729E0 4.89315E0 5.11284E0 4.65349E0 4.09427E0 4.65349E0 5.712E0 5.99161E0 3.91452E0 3.91452E0 3.91452E0 3.91452E0 3.91452E0 3.91452E0 3.91452E0 3.91452E0 3.91452E0 3.91452E0 3.91452E0 2.27681E0 3.09567E0 3.09567E0 5.99161E0 5.99161E0 5.99161E0 5.99161E0 5.99161E0 5.99161E0 5.99161E0 5.99161E0 5.99161E0 5.99161E0 5.99161E0 5.99161E0 5.99161E0 5.99161E0 8.50809E0 8.50809E0 8.50809E0 1.12842E1 1.12842E1 1.45396E1 1.45396E1 1.45396E1
-9999 -9999 2.2109E1 1.94727E1 1.68764E1 1.64969E1 1.87737E1 2.12103E1 2.32874E1 2.68025E1 1.67366E1 1.46794E1 1.74356E1 2.16697E1 1.74356E1 9.30697E0 9.30697E0 1.39804E1 1.13241E1 8.32834E0 5.65209E0 4.65349E0 4.65349E0 4.65349E0 4.87318E0 3.91452E0 3.91452E0 5.59217E0 5.99161E0 5.59217E0 5.99161E0 5.99161E0 5.99161E0 3.91452E0 3.91452E0 3.91452E0 3.91452E0 3.91452E0 3.91452E0 3.91452E0 3.91452E0 3.91452E0 3.91452E0 3.91452E0 3.91452E0 3.91452E0 5.99161E0 5.99161E0 5.99161E0 3.91452E0 3.91452E0 5.99161E0 5.99161E0 5.99161E0 5.99161E0 5.99161E0 5.99161E0 5.99161E0 5.99161E0 8.50809E0 8.50809E0 8.50809E0 1.12842E1 1.12842E1 1.12842E1 1.45396E1 1.45396E1 1.45396E1
-9999 -9999 2.07909E1 1.93929E1 1.7136E1 1.80947E1 2.03515E1 2.31076E1 2.54444E1 3.04773E1 1.95327E1 1.74356E1 1.74356E1 1.74356E1 1.74356E1 9.30697E0 9.30697E0 1.37008E1 1.10645E1 7.80907E0 5.39245E0 4.45376E0 4.45376E0 4.65349E0 4.41382E0 3.49511E0 3.43519E0 4.09427E0 4.23407E0 5.41242E0 5.99161E0 5.99161E0 5.99161E0 5.99161E0 5.99161E0 3.91452E0 8.50809E0 5.99161E0 5.99161E0 3.91452E0 3.91452E0 3.91452E0 3.91452E0 3.91452E0 3.91452E0 8.50809E0 3.91452E0 3.91452E0 3.91452E0 3.91452E0 5.99161E0 5.99161E0 5.99161E0 5.99161E0 5.99161E0 5.99161E0 5.99161E0 6.65069E0 6.65069E0 8.50809E0 8.50809E0 8.50809E0 1.12842E1 1.12842E1 1.12842E1 1.45396E1 1.45396E1 1.45396E1
-9999 1.9972E1 1.9972E1 1.91732E1 1.64969E1 1.7875E1 2.12103E1 2.43259E1 2.76613E1 3.10166E1 2.98582E1 2.42061E1 1.74356E1 1.74356E1 2.09507E1 9.30697E0 9.30697E0 1.33813E1 9.76633E0 6.5708E0 4.65349E0 4.3539E0 4.19413E0 4.3539E0 3.91452E0 3.25544E0 3.25544E0 3.43519E0 3.91452E0 5.41242E0 6.89035E0 5.99161E0 5.99161E0 5.99161E0 5.99161E0 5.99161E0 5.99161E0 3.91452E0 3.91452E0 3.91452E0 3.91452E0 3.91452E0 3.91452E0 3.91452E0 3.91452E0 3.91452E0 5.99161E0 3.91452E0 3.91452E0 5.99161E0 5.99161E0 5.99161E0 5.99161E0 5.99161E0 5.99161E0 5.99161E0 6.65069E0 6.65069E0 6.65069E0 8.50809E0 8.50809E0 8.50809E0 1.12842E1 1.12842E1 1.12842E1 1.12842E1 1.45396E1 1.45396E1
-9999 1.9972E1 1.9972E1 2.05912E1 1.7875E1 1.93929E1 2.34072E1 2.70821E1 3.10166E1 3.10166E1 2.46255E1 2.16697E1 1.74356E1 1.74356E1 1.74356E1 1.74356E1 9.30697E0 1.25225E1 8.70781E0 5.0729E0 4.45376E0 4.19413E0 3.99441E0 4.3539E0 4.41382E0 3.25544E0 3.01578E0 3.01578E0 3.575E0 5.27262E0 7.76912E0 1.06052E1 5.99161E0 5.99161E0 5.99161E0 5.99161E0 5.99161E0 5.99161E0 3.91452E0 3.91452E0 3.91452E0 3.91452E0 5.99161E0 3.91452E0 3.91452E0 3.91452E0 3.91452E0 5.99161E0 5.99161E0 5.99161E0 5.99161E0 5.99161E0 5.99161E0 5.99161E0 5.99161E0 5.99161E0 6.65069E0 6.65069E0 8.50809E0 8.50809E0 8.50809E0 1.12842E1 1.12842E1 6.09147E0 1.45396E1 1.45396E1 1.45396E1 1.45396E1
-9999 -9999 2.07909E1 1.89934E1 1.98922E1 2.2109E1 2.54444E1 3.10166E1 3.10166E1 2.76413E1 2.46255E1 1.74356E1 1.74356E1 1.29619E1 1.74356E1 1.29619E1 9.30697E0 6.81047E0 9.46675E0 5.65209E0 4.45376E0 4.19413E0 3.99441E0 4.19413E0 4.3539E0 3.43519E0 3.05572E0 3.05572E0 3.43519E0 4.41382E0 8.30837E0 5.99161E0 5.99161E0 8.50809E0 8.50809E0 5.99161E0 5.99161E0 5.99161E0 5.99161E0 5.99161E0 5.99161E0 5.99161E0 5.99161E0 5.99161E0 5.99161E0 5.99161E0 5.99161E0 5.99161E0 5.99161E0 5.99161E0 5.99161E0 5.99161E0 5.99161E0 5.99161E0 5.99161E0 5.99161E0 6.65069E0 6.65069E0 8.50809E0 8.50809E0 8.50809E0 1.12842E1 1.12842E1 1.12842E1 1.9972E-2 1.45396E1 1.42401E1 6.09147E0
-9999 -9999 2.45456E1 2.40463E1 2.43259E1 2.64829E1 3.10166E1 3.10166E1 2.85201E1 2.53245E1 2.76413E1 2.72019E1 1.74356E1 1.74356E1 1.74356E1 1.59577E1 1.29619E1 9.30697E0 9.02736E0 5.65209E0 4.45376E0 4.3539E0 4.19413E0 3.99441E0 4.19413E0 3.73477E0 3.575E0 3.05572E0 3.43519E0 5.27262E0 7.76912E0 8.50809E0 8.50809E0 8.50809E0 8.50809E0 5.99161E0 5.99161E0 5.99161E0 5.99161E0 5.99161E0 5.99161E0 5.99161E0 5.99161E0 5.99161E0 5.99161E0 5.99161E0 5.99161E0 5.99161E0 5.99161E0 5.99161E0 5.99161E0 5.99161E0 5.99161E0 5.99161E0 5.99161E0 5.99161E0 6.65069E0 8.50809E0 8.50809E0 8.50809E0 8.50809E0 1.12842E1 1.12842E1 1.12842E1 1.12842E1 1.45396E1 1.44997E1 8.08868E0
-9999 -9999 -9999 2.46255E1 2.46255E1 2.76413E1 2.76413E1 2.51448E1 1.62572E1 1.69563E1 2.46255E1 2.19493E1 1.74356E1 1.74356E1 1.29619E1 1.44598E1 1.20032E1 9.30697E0 6.81047E0 5.65209E0 4.65349E0 4.3539E0 4.19413E0 3.99441E0 3.99441E0 3.49511E0 3.25544E0 3.05572E0 3.43519E0 5.11284E0 8.30837E0 8.50809E0 5.99161E0 5.99161E0 5.99161E0 6.89035E0 5.59217E0 6.17136E0 8.30837E0 8.50809E0 8.50809E0 8.50809E0 8.50809E0 8.50809E0 8.50809E0 8.50809E0 5.99161E0 5.99161E0 5.99161E0 5.99161E0 5.99161E0 5.99161E0 5.99161E0 5.99161E0 8.50809E0 6.65069E0 6.65069E0 8.50809E0 8.50809E0 1.12842E1 1.12842E1 1.12842E1 1.12842E1 1.12842E1 1.12842E1 1.45396E1 1.27422E1 8.72778E0
-9999 -9999 -9999 2.19493E1 2.19493E1 2.46255E1 2.46255E1 1.61774E1 1.17835E1 1.25025E1 2.37468E1 2.46255E1 2.16697E1 1.74356E1 9.30697E0 9.30697E0 1.06651E1 9.30697E0 7.60935E0 5.65209E0 4.65349E0 4.45376E0 4.3539E0 4.19413E0 4.19413E0 3.73477E0 3.15558E0 2.91592E0 3.05572E0 4.23407E0 6.17136E0 8.48812E0 8.50809E0 8.50809E0 8.50809E0 5.99161E0 5.99161E0 7.16996E0 5.99161E0 8.50809E0 8.50809E0 8.50809E0 8.50809E0 8.50809E0 8.50809E0 8.50809E0 8.50809E0 8.50809E0 5.99161E0 5.99161E0 5.99161E0 5.99161E0 8.50809E0 8.50809E0 5.99161E0 6.65069E0 8.50809E0 8.50809E0 8.50809E0 1.12842E1 1.12842E1 1.12842E1 1.12842E1 1.12842E1 1.12842E1 1.39205E1 1.08448E1 7.26982E0
-9999 -9999 -9999 1.9972E1 2.19493E1 2.2109E1 1.7176E1 1.33613E1 1.16437E1 1.7176E1 1.74356E1 2.16697E1 2.46255E1 1.74356E1 1.7136E1 1.40803E1 1.17036E1 9.02736E0 7.30977E0 5.39245E0 4.87318E0 4.65349E0 4.45376E0 4.3539E0 4.19413E0 4.19413E0 3.575E0 3.05572E0 3.15558E0 4.09427E0 5.27262E0 5.712E0 7.16996E0 8.30837E0 8.48812E0 7.16996E0 6.89035E0 5.99161E0 8.50809E0 8.50809E0 8.50809E0 8.50809E0 8.50809E0 8.50809E0 8.50809E0 8.50809E0 8.50809E0 8.50809E0 1.12842E1 8.50809E0 8.50809E0 8.50809E0 8.50809E0 8.50809E0 8.50809E0 8.50809E0 8.50809E0 8.50809E0 8.50809E0 1.12842E1 1.12842E1 1.12842E1 1.12842E1 1.45396E1 1.45396E1 1.35011E1 9.9261E0 7.26982E0
-9999 -9999 -9999 2.19493E1 2.26283E1 1.68364E1 1.428E1 1.23227E1 1.2123E1 1.9273E1 2.19493E1 1.74356E1 1.29619E1 1.74356E1 1.7136E1 1.29619E1 1.2862E1 9.76633E0 7.60935E0 5.65209E0 5.0729E0 5.0729E0 4.65349E0 4.45376E0 4.3539E0 4.19413E0 4.09427E0 3.43519E0 3.43519E0 4.23407E0 4.65349E0 5.41242E0 6.61074E0 7.76912E0 7.40963E0 6.89035E0 7.76912E0 8.50809E0 8.50809E0 8.50809E0 8.50809E0 8.50809E0 8.50809E0 8.50809E0 8.50809E0 8.50809E0 8.50809E0 8.50809E0 8.50809E0 8.50809E0 8.50809E0 8.50809E0 8.50809E0 8.50809E0 8.50809E0 8.50809E0 8.50809E0 8.50809E0 8.50809E0 1.12842E1 1.12842E1 1.12842E1 1.12842E1 1.45396E1 1.35011E1 1.23827E1 1.03455E1 7.26982E0
-9999 -9999 1.89535E1 1.94128E1 1.77551E1 1.428E1 1.32415E1 1.40603E1 1.95327E1 2.19493E1 2.19493E1 1.9972E1 1.74356E1 1.29619E1 1.82345E1 1.5738E1 1.39804E1 1.10645E1 9.46675E0 6.89035E0 5.39245E0 5.65209E0 5.39245E0 4.87318E0 4.87318E0 4.65349E0 4.65349E0 3.91452E0 3.575E0 4.09427E0 4.41382E0 5.41242E0 6.01158E0 6.89035E0 6.89035E0 7.76912E0 8.30837E0 8.50809E0 8.50809E0 8.50809E0 8.50809E0 8.50809E0 8.50809E0 8.50809E0 8.50809E0 8.50809E0 8.50809E0 8.50809E0 8.50809E0 8.50809E0 8.50809E0 8.50809E0 8.50809E0 8.50809E0 8.50809E0 8.50809E0 8.50809E0 8.50809E0 1.12842E1 1.12842E1 1.12842E1 1.12842E1 1.12842E1 1.44997E1 1.23827E1 1.13441E1 8.08868E0 6.09147E0
-9999 1.56581E1 1.9972E1 1.94128E1 1.89535E1 1.5019E1 1.57579E1 1.9972E1 1.9972E1 1.77951E1 1.9972E1 1.77951E1 1.29619E1 1.29619E1 1.87737E1 1.69363E1 1.48991E1 1.2862E1 9.46675E0 8.32834E0 6.5708E0 6.89035E0 6.89035E0 5.39245E0 5.0729E0 5.0729E0 5.0729E0 4.23407E0 3.91452E0 4.23407E0 4.41382E0 5.27262E0 5.712E0 6.17136E0 6.89035E0 7.40963E0 8.48812E0 8.50809E0 8.50809E0 8.50809E0 8.50809E0 8.50809E0 8.50809E0 8.50809E0 8.50809E0 8.50809E0 1.12842E1 1.12842E1 1.12842E1 1.12842E1 1.12842E1 1.12842E1 1.12842E1 8.50809E0 8.50809E0 8.50809E0 8.50809E0 1.12842E1 1.12842E1 1.12842E1 1.12842E1 1.12842E1 1.45396E1 1.45396E1 1.45396E1 1.27422E1 1.03455E1 6.71061E0
1.38806E1 1.38806E1 1.56581E1 1.9972E1 2.19493E1 2.46255E1 2.45656E1 2.19493E1 1.77951E1 1.77951E1 1.77951E1 1.74356E1 1.74356E1 1.9972E1 1.97324E1 1.74556E1 1.59577E1 1.40803E1 1.04254E1 8.70781E0 8.32834E0 7.60935E0 6.89035E0 5.65209E0 5.39245E0 5.39245E0 5.59217E0 4.89315E0 4.41382E0 4.65349E0 4.89315E0 5.27262E0 5.712E0 6.01158E0 6.89035E0 7.76912E0 8.50809E0 8.50809E0 8.50809E0 8.50809E0 8.50809E0 8.50809E0 8.50809E0 8.50809E0 1.12842E1 1.12842E1 1.12842E1 1.12842E1 1.12842E1 1.12842E1 1.12842E1 1.12842E1 1.12842E1 1.12842E1 1.11045E1 1.11045E1 1.12842E1 1.12842E1 1.12842E1 1.12842E1 1.45396E1 1.45396E1 1.45396E1 1.45396E1 1.79149E1 1.60975E1 1.27422E1 8.08868E0
1.25025E1 1.38806E1 1.9972E1 2.19493E1 2.46255E1 2.46255E1 2.46255E1 2.76413E1 2.46255E1 2.46255E1 1.9972E1 1.29619E1 1.74356E1 1.74356E1 9.30697E0 1.55183E1 1.53186E1 1.46994E1 1.2862E1 8.70781E0 7.80907E0 7.80907E0 6.89035E0 6.11144E0 5.65209E0 6.11144E0 6.17136E0 5.59217E0 5.11284E0 4.89315E0 5.11284E0 5.59217E0 5.83184E0 6.01158E0 7.16996E0 7.76912E0 8.48812E0 9.44677E0 1.03655E1 1.06052E1 1.11045E1 1.12842E1 1.12842E1 1.12842E1 1.12842E1 1.12842E1 1.12842E1 1.12842E1 9.9261E0 1.18834E1 1.17436E1 1.17436E1 1.15838E1 1.12842E1 1.12842E1 1.12842E1 1.12842E1 1.25624E1 1.29818E1 1.37208E1 1.45396E1 1.45396E1 1.45396E1 1.71959E1 1.79948E1 1.78949E1 1.39205E1 7.26982E0
1.25025E1 1.77951E1 1.9972E1 2.19493E1 2.46255E1 2.46255E1 2.46255E1 1.9972E1 1.77951E1 2.19493E1 1.77951E1 1.56581E1 1.74356E1 1.29619E1 1.29619E1 1.59577E1 1.5738E1 1.4979E1 1.2862E1 9.76633E0 9.46675E0 8.70781E0 6.89035E0 6.11144E0 6.11144E0 6.5708E0 6.89035E0 6.17136E0 5.712E0 5.41242E0 5.41242E0 5.83184E0 6.01158E0 6.61074E0 7.40963E0 8.04873E0 8.48812E0 9.287E0 9.72638E0 1.03655E1 1.08648E1 1.11045E1 1.12842E1 1.12842E1 1.12842E1 1.12842E1 1.17436E1 1.18834E1 1.23227E1 1.9972E-2 -5.68703E-1 -3.4856E-1 8.72778E0 1.23227E1 1.21829E1 1.23227E1 1.24026E1 1.27222E1 1.31416E1 1.38207E1 1.44198E1 1.53186E1 1.61774E1 1.63771E1 1.19433E1 1.52986E1 1.31017E1 -9999
1.36609E1 1.77951E1 1.9972E1 2.19493E1 2.19493E1 2.46255E1 2.46255E1 2.19493E1 1.77951E1 1.56581E1 1.56581E1 1.77951E1 1.29619E1 1.74356E1 1.29619E1 1.29619E1 1.5738E1 1.44598E1 1.33813E1 1.13241E1 1.00859E1 7.80907E0 6.89035E0 6.5708E0 6.5708E0 7.30977E0 7.60935E0 7.16996E0 6.17136E0 6.01158E0 6.01158E0 6.17136E0 6.61074E0 6.89035E0 7.76912E0 8.04873E0 8.48812E0 9.44677E0 9.44677E0 9.98602E0 1.03655E1 1.08648E1 1.12842E1 1.12842E1 1.12842E1 1.12842E1 1.25624E1 1.17436E1 1.15838E1 1.17436E1 1.21829E1 1.24026E1 1.25624E1 1.24026E1 1.24026E1 1.24026E1 1.25624E1 1.27621E1 1.31416E1 1.39205E1 1.45996E1 1.53585E1 1.63371E1 1.72958E1 1.65968E1 1.27422E1 1.08448E1 6.09147E0
1.20431E1 1.56581E1 1.9972E1 1.9972E1 2.19493E1 2.19493E1 2.46255E1 2.31676E1 1.77951E1 1.77951E1 1.29619E1 1.9972E1 1.74356E1 9.30697E0 1.74356E1 1.62972E1 1.39804E1 1.33813E1 1.10645E1 9.76633E0 1.00859E1 8.32834E0 6.89035E0 6.89035E0 6.89035E0 7.60935E0 8.32834E0 8.30837E0 7.40963E0 6.61074E0 6.89035E0 6.89035E0 7.16996E0 7.76912E0 8.04873E0 8.30837E0 8.48812E0 9.287E0 9.02736E0 9.287E0 9.72638E0 1.03655E1 1.08648E1 1.11045E1 1.1464E1 1.15838E1 1.15838E1 1.15838E1 1.15838E1 1.18834E1 1.23227E1 -9999 -9999 1.27222E1 1.27222E1 1.25624E1 1.27222E1 1.2822E1 1.32015E1 1.38207E1 1.45996E1 1.23827E1 1.27422E1 1.49591E1 1.82145E1 1.49591E1 1.08448E1 6.09147E0
1.20431E1 1.56581E1 1.9972E1 1.9972E1 2.19493E1 2.19493E1 2.19493E1 1.92331E1 1.84142E1 1.77951E1 1.56581E1 1.29619E1 1.9972E1 1.74356E1 9.30697E0 1.55183E1 1.33813E1 1.22229E1 1.04254E1 8.70781E0 9.46675E0 8.32834E0 7.30977E0 7.30977E0 7.60935E0 8.32834E0 9.02736E0 9.02736E0 8.74775E0 7.40963E0 7.16996E0 7.76912E0 8.04873E0 8.04873E0 8.04873E0 8.30837E0 8.48812E0 8.74775E0 8.74775E0 8.74775E0 9.02736E0 9.44677E0 9.72638E0 1.03655E1 1.08648E1 1.11045E1 1.13641E1 1.13641E1 1.1464E1 1.15838E1 1.18834E1 -9999 -9999 -9999 -9999 -9999 1.27621E1 1.29818E1 1.3541E1 1.40403E1 1.45996E1 1.53186E1 1.61774E1 1.49591E1 8.08868E0 1.44997E1 -9999 -9999
1.26623E1 1.56581E1 1.77951E1 1.9972E1 1.9972E1 2.19493E1 1.9972E1 1.77951E1 7.98882E0 1.37208E1 1.56581E1 1.56581E1 1.74356E1 2.19493E1 1.83743E1 1.4979E1 1.2862E1 1.10645E1 9.76633E0 9.46675E0 8.70781E0 7.60935E0 7.30977E0 7.30977E0 7.80907E0 9.46675E0 1.00859E1 1.03655E1 8.04873E0 7.76912E0 8.30837E0 8.30837E0 8.48812E0 8.30837E0 8.30837E0 8.48812E0 8.30837E0 8.48812E0 8.30837E0 8.30837E0 8.74775E0 9.02736E0 9.287E0 9.72638E0 9.98602E0 1.06052E1 1.08648E1 1.08648E1 1.11045E1 1.13641E1 1.17436E1 -9999 -9999 -9999 -9999 -9999 -9999 -9999 -9999 1.41801E1 1.47593E1 1.53585E1 1.60575E1 1.66167E1 -9999 -9999 -9999 -9999
1.20431E1 1.56581E1 1.77951E1 1.77951E1 1.9972E1 1.9972E1 1.9972E1 1.9972E1 1.77951E1 1.77951E1 1.29619E1 1.29619E1 1.29619E1 9.30697E0 1.29619E1 1.42201E1 1.22229E1 1.04254E1 9.46675E0 9.02736E0 8.32834E0 7.60935E0 7.30977E0 7.30977E0 7.80907E0 9.02736E0 1.00859E1 1.10645E1 9.98602E0 9.287E0 9.287E0 8.30837E0 8.48812E0 8.30837E0 8.30837E0 8.04873E0 8.04873E0 8.30837E0 8.30837E0 8.48812E0 9.02736E0 9.02736E0 9.44677E0 9.44677E0 9.44677E0 9.72638E0 9.98602E0 1.03655E1 1.06052E1 1.08648E1 1.13641E1 -9999 -9999 -9999 -9999 -9999 -9999 -9999 -9999 -9999 -9999 -9999 -9999 -9999 -9999 -9999 -9999 -9999
1.12642E1 1.56581E1 1.77951E1 1.77951E1 1.9972E1 1.9972E1 1.56581E1 1.77951E1 1.77951E1 1.56581E1 1.56581E1 1.56581E1 1.29619E1 9.30697E0 6.81047E0 9.30697E0 1.20032E1 1.04254E1 9.02736E0 8.32834E0 7.30977E0 6.5708E0 7.60935E0 7.80907E0 7.80907E0 9.02736E0 9.76633E0 1.04254E1 1.11045E1 9.72638E0 9.287E0 8.48812E0 8.74775E0 8.04873E0 7.76912E0 7.76912E0 8.04873E0 8.04873E0 8.04873E0 8.48812E0 9.02736E0 8.74775E0 9.287E0 9.287E0 9.02736E0 9.287E0 9.72638E0 9.72638E0 9.98602E0 1.03655E1 1.06052E1 -9999 -9999 -9999 -9999 -9999 -9999 -9999 -9999 -9999 -9999 -9999 -9999 -9999 -9999 -9999 -9999 -9999
8.4282E0 1.36609E1 1.56581E1 -9999 -9999 -9999 1.56581E1 1.77951E1 1.9972E1 1.56581E1 1.77951E1 1.74356E1 1.9972E1 1.29619E1 6.81047E0 6.81047E0 9.30697E0 1.04254E1 9.76633E0 8.32834E0 7.30977E0 6.5708E0 6.89035E0 7.30977E0 7.30977E0 8.32834E0 8.70781E0 9.02736E0 9.76633E0 1.03655E1 9.44677E0 8.48812E0 8.04873E0 7.76912E0 7.40963E0 7.40963E0 7.40963E0 7.76912E0 7.76912E0 8.04873E0 8.30837E0 8.48812E0 9.02736E0 8.74775E0 8.74775E0 8.74775E0 9.287E0 9.287E0 9.287E0 9.44677E0 9.72638E0 1.03655E1 -9999 -9999 -9999 -9999 -9999 -9999 -9999 -9999 -9999 -9999 -9999 -9999 -9999 -9999 -9999 -9999
7.90893E0 -9999 -9999 -9999 -9999 -9999 1.56581E1 1.56581E1 1.56581E1 1.9972E1 1.77951E1 1.29619E1 1.74356E1 1.29619E1 6.81047E0 9.30697E0 1.20032E1 1.06651E1 9.46675E0 8.32834E0 7.60935E0 7.30977E0 6.89035E0 6.89035E0 7.30977E0 7.80907E0 8.32834E0 6.81047E0 9.02736E0 1.00859E1 9.72638E0 9.02736E0 9.287E0 7.76912E0 7.40963E0 7.16996E0 7.16996E0 7.16996E0 7.76912E0 7.40963E0 7.40963E0 8.04873E0 8.30837E0 8.30837E0 8.30837E0 8.48812E0 8.48812E0 8.48812E0 8.74775E0 8.74775E0 8.74775E0 9.287E0 -9999 -9999 -9999 -9999 -9999 -9999 -9999 -9999 -9999 -9999 -9999 -9999 -9999 -9999 -9999 -9999
7.90893E0 -9999 -9999 -9999 -9999 1.77951E1 1.56581E1 1.56581E1 1.25025E1 1.38806E1 1.9972E1 9.30697E0 1.9972E1 1.74356E1 1.29619E1 1.44598E1 1.2862E1 1.10645E1 9.46675E0 8.32834E0 7.60935E0 7.60935E0 7.30977E0 6.5708E0 6.89035E0 7.30977E0 6.81047E0 7.80907E0 8.70781E0 9.02736E0 9.30697E0 9.30697E0 6.81047E0 7.76912E0 7.16996E0 6.89035E0 6.89035E0 6.61074E0 6.89035E0 7.40963E0 7.76912E0 7.40963E0 7.76912E0 7.76912E0 8.04873E0 8.04873E0 8.30837E0 8.30837E0 8.04873E0 7.76912E0 8.04873E0 -9999 -9999 -9999 -9999 -9999 -9999 -9999 -9999 -9999 -9999 -9999 -9999 -9999 -9999 -9999 -9999 -9999
6.59077E0 -9999 -9999 -9999 -9999 -9999 -9999 1.56581E1 1.25025E1 1.25025E1 1.77951E1 1.56581E1 2.45456E1 1.74356E1 1.61574E1 1.29619E1 1.25225E1 1.13241E1 1.00859E1 8.32834E0 7.30977E0 7.30977E0 7.30977E0 6.5708E0 6.89035E0 6.5708E0 6.5708E0 6.81047E0 6.81047E0 5.19273E0 6.81047E0 6.81047E0 6.81047E0 6.81047E0 6.61074E0 6.61074E0 6.17136E0 6.61074E0 6.61074E0 6.61074E0 7.76912E0 6.89035E0 7.16996E0 7.16996E0 7.40963E0 7.40963E0 7.40963E0 7.40963E0 7.40963E0 7.16996E0 6.89035E0 -9999 -9999 -9999 -9999 -9999 -9999 -9999 -9999 -9999 -9999 -9999 -9999 -9999 -9999 -9999 -9999 -9999
6.59077E0 7.46954E0 -9999 -9999 -9999 -9999 -9999 -9999 1.38806E1 1.25025E1 1.56581E1 1.77951E1 1.29619E1 1.74356E1 1.67565E1 1.42201E1 1.2862E1 1.06651E1 1.00859E1 8.70781E0 7.30977E0 6.11144E0 6.11144E0 6.5708E0 6.89035E0 6.5708E0 6.5708E0 6.5708E0 6.81047E0 7.30977E0 6.81047E0 7.80907E0 6.81047E0 6.81047E0 6.01158E0 6.01158E0 5.83184E0 6.17136E0 6.61074E0 6.61074E0 6.61074E0 6.61074E0 6.89035E0 6.89035E0 7.16996E0 6.89035E0 6.89035E0 7.16996E0 6.89035E0 6.17136E0 6.17136E0 6.17136E0 6.89035E0 -9999 -9999 -9999 -9999 -9999 1.06651E1 1.10645E1 -9999 -9999 -9999 -9999 -9999 -9999 -9999 -9999
5.31256E0 -9999 -9999 -9999 -9999 -9999 1.25025E1 1.56581E1 1.56581E1 1.05452E1 1.25025E1 1.29619E1 1.74356E1 1.94727E1 1.29619E1 1.46994E1 1.22229E1 1.10645E1 1.04254E1 8.32834E0 6.11144E0 5.39245E0 5.65209E0 5.65209E0 5.39245E0 5.65209E0 6.5708E0 6.11144E0 6.11144E0 7.30977E0 7.16996E0 7.16996E0 7.16996E0 6.89035E0 6.61074E0 6.89035E0 5.83184E0 6.01158E0 6.01158E0 6.61074E0 6.61074E0 6.89035E0 6.61074E0 6.61074E0 6.89035E0 6.89035E0 6.61074E0 6.17136E0 6.01158E0 5.83184E0 5.712E0 5.712E0 6.01158E0 7.16996E0 -9999 -9999 -9999 -9999 1.00859E1 9.76633E0 -9999 -9999 -9999 -9999 -9999 -9999 -9999 -9999
