Leopardus colocola/Leopardus_colocola.asc
ncols         515
nrows         545
xllcorner     -119.0
yllcorner     -58.333333333333
cellsize      0.166666666667
NODATA_value  -9999
[rows 145 to 173 of 545, columns 330 to 395 of 515]
2.00944E-5 1.96137E-5 1.80558E-5 1.47299E-5 1.35205E-5 2.16735E-5 2.10469E-5 1.89032E-5 2.85843E-5 2.82876E-5 1.68169E-5 5.80304E-6 3.50714E-6 4.68237E-6 2.80504E-6 1.70641E-6 1.88652E-6 1.51117E-6 1.23178E-6 1.07215E-6 1.02907E-6 8.93805E-7 1.11208E-6 1.01476E-6 8.44414E-7 4.5812E-7 6.09858E-7 1.21533E-6 -9999 -9999 -9999 -9999 -9999 -9999 -9999 -9999 -9999 -9999 -9999 -9999 -9999 -9999 -9999 -9999 -9999 -9999 -9999 -9999 -9999 -9999 -9999 -9999 -9999 -9999 -9999 -9999 -9999 -9999 -9999 -9999 -9999 -9999 -9999 -9999 -9999 -9999
1.61221E-5 1.39052E-5 1.5952E-5 2.62212E-5 2.64967E-5 2.38646E-5 1.46228E-5 2.31237E-5 2.82732E-5 2.80883E-5 2.70029E-5 1.64805E-5 4.68398E-6 3.89861E-6 3.92224E-6 2.28272E-6 1.98844E-6 1.68805E-6 1.6162E-6 1.46584E-6 1.51522E-6 1.50758E-6 1.32206E-6 1.3243E-6 1.01974E-6 4.13759E-7 4.68166E-7 5.59307E-7 8.75755E-7 1.22393E-6 -9999 -9999 -9999 -9999 -9999 -9999 -9999 -9999 -9999 -9999 -9999 -9999 -9999 -9999 -9999 -9999 -9999 -9999 -9999 -9999 -9999 -9999 -9999 -9999 -9999 -9999 -9999 -9999 -9999 -9999 -9999 -9999 -9999 -9999 -9999 -9999
1.67067E-5 1.73499E-5 2.76646E-5 2.64045E-5 2.34614E-5 1.98406E-5 1.68857E-5 1.75946E-5 2.10653E-5 3.07858E-5 2.24993E-5 2.16446E-5 1.44498E-5 4.14303E-6 3.86548E-6 3.928E-6 2.30841E-6 1.8741E-6 1.70239E-6 1.62152E-6 1.54555E-6 1.41601E-6 1.43203E-6 1.27792E-6 1.04016E-6 5.67718E-7 4.80919E-7 5.38958E-7 5.72988E-7 7.24557E-7 1.47323E-6 -9999 -9999 -9999 -9999 -9999 -9999 -9999 -9999 -9999 -9999 -9999 -9999 -9999 -9999 -9999 -9999 -9999 -9999 -9999 -9999 -9999 -9999 -9999 -9999 -9999 -9999 -9999 -9999 -9999 -9999 -9999 -9999 -9999 -9999 -9999
1.52868E-5 2.13545E-5 2.61018E-5 2.35489E-5 2.1972E-5 1.36163E-5 5.14892E-6 7.19611E-6 1.13829E-5 2.49731E-5 2.37457E-5 2.10976E-5 1.70589E-5 6.56384E-6 4.00582E-6 3.92318E-6 3.66434E-6 3.37244E-6 2.21242E-6 1.95863E-6 1.91955E-6 1.76541E-6 1.74786E-6 1.62482E-6 1.39346E-6 7.72518E-7 5.21152E-7 5.19766E-7 5.7739E-7 8.70599E-7 8.51752E-7 1.66056E-6 -9999 -9999 -9999 -9999 -9999 -9999 -9999 -9999 -9999 -9999 -9999 -9999 -9999 -9999 -9999 -9999 -9999 -9999 -9999 -9999 -9999 -9999 -9999 -9999 -9999 -9999 -9999 -9999 -9999 -9999 -9999 -9999 -9999 -9999
2.09716E-5 1.8539E-5 2.43912E-5 2.11321E-5 1.76433E-5 7.88134E-6 4.21546E-6 3.76574E-6 1.31162E-5 3.0167E-5 2.21029E-5 2.1226E-5 1.89658E-5 1.7849E-5 3.42554E-6 3.5406E-6 3.39689E-6 3.80031E-6 3.28449E-6 2.19935E-6 2.1869E-6 2.20835E-6 2.45956E-6 2.28242E-6 2.0443E-6 8.89613E-7 1.13344E-6 7.84558E-7 5.07871E-7 5.59581E-7 6.85527E-7 8.87249E-7 1.79686E-6 -9999 -9999 -9999 -9999 -9999 -9999 -9999 -9999 -9999 -9999 -9999 -9999 -9999 -9999 -9999 -9999 -9999 -9999 -9999 -9999 -9999 -9999 -9999 -9999 -9999 -9999 -9999 -9999 -9999 -9999 -9999 -9999 -9999
1.64206E-5 1.63192E-5 1.88743E-5 1.64276E-5 1.97429E-5 1.57429E-5 5.60006E-6 4.3277E-6 1.95739E-5 2.70255E-5 2.15938E-5 1.5159E-5 1.70335E-5 1.65714E-5 8.59856E-6 4.51333E-6 4.33408E-6 4.75553E-6 3.65193E-6 3.22307E-6 2.1139E-6 2.01977E-6 1.97494E-6 1.91931E-6 2.09806E-6 9.49614E-7 7.23005E-7 9.82611E-7 6.51808E-7 4.84933E-7 4.30012E-7 7.82566E-7 9.09051E-7 2.51599E-6 -9999 -9999 -9999 -9999 -9999 -9999 -9999 -9999 -9999 -9999 -9999 -9999 -9999 -9999 -9999 -9999 -9999 -9999 -9999 -9999 -9999 -9999 -9999 -9999 -9999 -9999 -9999 -9999 -9999 -9999 -9999 -9999
1.35236E-5 1.39113E-5 1.47966E-5 2.39808E-5 2.3938E-5 1.74404E-5 5.87903E-6 8.00402E-6 1.96164E-5 2.27519E-5 2.81438E-5 1.73675E-5 1.27577E-5 1.73895E-5 9.45629E-6 4.93356E-6 5.00773E-6 4.84528E-6 4.46186E-6 3.41736E-6 3.26828E-6 2.31179E-6 2.72466E-6 2.41317E-6 1.67102E-6 1.01044E-6 9.14384E-7 1.17132E-6 7.75889E-7 5.42411E-7 4.21035E-7 6.86016E-7 7.99214E-7 1.86346E-6 -9999 -9999 -9999 -9999 -9999 -9999 -9999 -9999 -9999 -9999 -9999 -9999 -9999 -9999 -9999 -9999 -9999 -9999 -9999 -9999 -9999 -9999 -9999 -9999 -9999 -9999 -9999 -9999 -9999 -9999 -9999 -9999
1.4505E-5 1.68014E-5 1.92063E-5 1.94849E-5 1.15994E-5 4.13925E-6 3.56921E-6 8.27591E-6 1.46002E-5 1.44722E-5 1.87787E-5 1.61338E-5 1.10569E-5 1.56573E-5 9.75738E-6 7.13297E-6 5.10801E-6 5.14572E-6 4.8143E-6 4.78298E-6 3.26123E-6 3.24353E-6 2.57232E-6 2.9003E-6 2.50243E-6 1.72132E-6 1.03705E-6 1.25141E-6 6.78582E-7 5.54295E-7 8.94501E-7 7.2511E-7 9.40328E-7 2.50403E-6 -9999 -9999 -9999 -9999 -9999 -9999 -9999 -9999 -9999 -9999 -9999 -9999 -9999 -9999 -9999 -9999 -9999 -9999 -9999 -9999 -9999 -9999 -9999 -9999 -9999 -9999 -9999 -9999 -9999 -9999 -9999 -9999
1.08772E-5 1.41034E-5 1.52321E-5 1.45175E-5 1.64573E-5 7.83393E-6 5.2982E-6 5.46385E-6 7.8859E-6 8.70886E-6 1.13674E-5 1.0762E-5 7.91026E-6 7.80633E-6 8.17701E-6 8.28594E-6 5.85448E-6 5.47386E-6 4.52518E-6 5.04437E-6 3.70774E-6 3.54455E-6 3.50335E-6 3.5237E-6 2.97977E-6 2.42864E-6 1.20293E-6 8.2137E-7 6.39601E-7 6.86387E-7 8.35915E-7 1.04393E-6 1.07541E-6 2.11993E-6 2.02857E-6 -9999 -9999 -9999 -9999 -9999 -9999 -9999 -9999 -9999 -9999 -9999 -9999 -9999 -9999 -9999 -9999 -9999 -9999 -9999 -9999 -9999 -9999 -9999 -9999 -9999 -9999 -9999 -9999 -9999 -9999 -9999
8.97904E-6 1.40399E-5 1.3379E-5 1.83263E-5 1.44569E-5 5.46904E-6 5.68308E-6 5.14008E-6 6.90941E-6 1.01497E-5 9.50345E-6 7.29939E-6 6.94193E-6 7.41812E-6 7.54255E-6 7.11988E-6 4.973E-6 3.13669E-6 3.75949E-6 4.18691E-6 3.16765E-6 2.69669E-6 2.94708E-6 2.67113E-6 2.06853E-6 2.19016E-6 1.33643E-6 1.06644E-6 1.49076E-6 1.28747E-6 9.04228E-7 1.01356E-6 1.51741E-6 1.97416E-6 2.88391E-6 1.71785E-6 2.60401E-6 -9999 -9999 -9999 -9999 -9999 -9999 -9999 -9999 -9999 -9999 -9999 -9999 -9999 -9999 -9999 -9999 -9999 -9999 -9999 -9999 -9999 -9999 -9999 -9999 -9999 -9999 -9999 -9999 -9999
7.30457E-6 8.56443E-6 8.98788E-6 2.14904E-5 6.19714E-6 5.00169E-6 5.63132E-6 4.674E-6 4.659E-6 8.5498E-6 7.52866E-6 5.78147E-6 5.72194E-6 6.73193E-6 4.18047E-6 3.53288E-6 4.6375E-6 7.168E-6 7.56991E-6 7.06064E-6 3.33614E-6 3.1066E-6 2.05051E-6 1.63307E-6 1.58269E-6 1.46541E-6 1.69868E-6 1.08006E-6 1.12184E-6 1.54842E-6 1.21193E-6 2.27162E-6 3.22181E-6 2.18917E-6 2.46558E-6 1.90634E-6 2.00262E-6 3.0004E-6 -9999 -9999 -9999 -9999 -9999 -9999 -9999 -9999 -9999 -9999 -9999 -9999 -9999 -9999 -9999 -9999 -9999 -9999 -9999 -9999 -9999 -9999 -9999 -9999 -9999 -9999 -9999 -9999
5.92621E-6 4.81431E-6 6.38952E-6 6.7046E-6 6.86385E-6 6.02985E-6 6.65353E-6 6.76856E-6 5.8258E-6 6.43029E-6 4.83759E-6 4.53206E-6 3.41721E-6 3.13747E-6 4.45738E-6 5.4847E-6 7.20581E-6 6.21293E-6 7.31025E-6 7.96171E-6 5.59265E-6 2.69879E-6 2.50511E-6 2.05174E-6 1.35047E-6 1.28735E-6 1.47097E-6 1.35643E-6 8.90352E-7 1.1117E-6 1.78164E-6 3.96922E-6 3.50133E-6 2.10627E-6 3.28097E-6 3.81408E-6 1.86981E-6 2.70805E-6 3.8141E-6 4.01556E-6 -9999 -9999 -9999 -9999 -9999 -9999 -9999 -9999 -9999 -9999 -9999 -9999 -9999 -9999 -9999 -9999 -9999 -9999 -9999 -9999 -9999 -9999 -9999 -9999 -9999 -9999
5.0005E-6 4.31357E-6 4.59452E-6 6.72181E-6 7.34335E-6 5.57033E-6 6.43071E-6 9.12798E-6 5.94885E-6 6.78416E-6 7.75766E-6 5.56184E-6 2.72373E-6 2.54685E-6 4.37839E-6 4.51926E-6 4.84853E-6 5.19358E-6 7.73822E-6 4.94174E-6 7.20277E-6 7.67312E-6 2.46934E-6 2.06568E-6 2.09412E-6 1.61329E-6 1.47171E-6 1.25126E-6 1.28349E-6 1.87965E-6 2.22771E-6 4.58817E-6 5.37901E-6 2.55214E-6 2.92056E-6 4.36634E-6 3.30934E-6 2.42166E-6 3.00102E-6 2.66576E-6 3.0312E-6 -9999 -9999 -9999 -9999 -9999 -9999 -9999 -9999 -9999 -9999 -9999 -9999 -9999 -9999 -9999 -9999 -9999 -9999 -9999 -9999 -9999 -9999 -9999 -9999 -9999
4.71271E-6 3.69904E-6 3.437E-6 6.76535E-6 3.32701E-6 4.80789E-6 6.39127E-6 6.04101E-6 4.3328E-6 3.75269E-6 3.32471E-6 4.3576E-6 4.49644E-6 3.83874E-6 2.53079E-6 3.81939E-6 4.38479E-6 6.22491E-6 5.60404E-6 6.98414E-6 8.4309E-6 6.08679E-6 5.41585E-6 2.49582E-6 2.03255E-6 1.53448E-6 1.19068E-6 1.12175E-6 1.00289E-6 2.13822E-6 2.28621E-6 4.06614E-6 5.19245E-6 3.00516E-6 3.46263E-6 3.10883E-6 3.93363E-6 4.15454E-6 2.75035E-6 2.33172E-6 3.23204E-6 5.59696E-6 6.7334E-6 -9999 -9999 -9999 -9999 -9999 -9999 -9999 -9999 -9999 -9999 -9999 -9999 -9999 -9999 -9999 -9999 -9999 -9999 -9999 -9999 -9999 -9999 -9999
3.72053E-6 7.44745E-6 6.35708E-6 4.75186E-6 3.82373E-6 4.04016E-6 4.44696E-6 5.42156E-6 5.5717E-7 2.78611E-6 3.11867E-6 2.88162E-6 2.71753E-6 3.40422E-6 5.61887E-6 6.72253E-6 5.8352E-6 6.6104E-6 6.7372E-6 6.35729E-6 4.93876E-6 8.70204E-6 9.47547E-6 9.66601E-6 2.39677E-6 2.03797E-6 1.4503E-6 1.61976E-6 1.56533E-6 2.40981E-6 2.52439E-6 3.78272E-6 4.12972E-6 6.10681E-6 3.76639E-6 3.89334E-6 4.2164E-6 5.7524E-6 4.66066E-6 5.38538E-6 3.65364E-6 3.96279E-6 3.94151E-6 3.98018E-6 4.43758E-6 4.87023E-6 4.91543E-6 4.20921E-6 4.15985E-6 3.56232E-6 3.63099E-6 3.38267E-6 3.28317E-6 2.76281E-6 2.77199E-6 2.71789E-6 2.80578E-6 4.15092E-6 4.35179E-6 6.38505E-6 -9999 -9999 -9999 -9999 -9999 -9999
4.61073E-6 8.28854E-6 4.95439E-6 4.33096E-6 3.44519E-6 3.62935E-6 5.1067E-6 6.82599E-6 7.65633E-6 4.53629E-6 3.65946E-6 2.30822E-6 2.59882E-6 4.19061E-6 4.86234E-6 5.52291E-6 5.72095E-6 7.17846E-6 8.31952E-6 7.26784E-6 5.77554E-6 5.74159E-6 8.53393E-6 1.64207E-5 1.18254E-5 2.19464E-6 2.10231E-6 1.87763E-6 1.572E-6 2.33476E-6 1.76681E-6 5.07191E-6 4.92684E-6 5.62283E-6 8.56603E-6 7.94215E-6 4.75416E-6 5.68076E-6 5.09165E-6 7.01736E-6 7.18115E-6 6.94836E-6 4.2033E-6 3.8661E-6 3.85487E-6 4.68513E-6 4.66577E-6 4.03794E-6 2.65711E-6 3.74685E-6 3.54363E-6 4.21203E-6 2.67947E-6 2.59316E-6 3.3576E-6 3.42292E-6 3.72315E-6 4.03121E-6 4.21514E-6 4.4015E-6 4.85016E-6 4.8084E-6 -9999 -9999 -9999 -9999
2.40021E-6 2.64999E-6 2.83098E-6 4.43487E-6 2.75859E-6 3.04062E-6 3.29616E-6 4.0636E-6 3.61335E-6 3.24853E-6 4.0032E-6 3.38984E-6 3.03097E-6 3.79179E-6 5.23128E-6 4.32318E-6 6.34398E-6 4.88612E-6 5.2653E-6 7.30643E-6 8.59684E-6 6.33028E-6 1.12237E-5 1.21485E-5 1.58171E-5 3.95927E-6 2.58662E-6 1.89276E-6 1.71275E-6 1.79255E-6 1.6307E-6 3.02274E-6 4.57282E-6 7.86173E-6 8.77705E-6 7.78378E-6 8.82044E-6 8.66882E-6 4.82579E-6 6.6161E-6 7.12464E-6 6.91905E-6 6.25229E-6 6.66747E-6 6.56269E-6 6.47839E-6 6.13206E-6 5.48361E-6 3.88942E-6 3.52204E-6 3.06393E-6 3.12219E-6 4.01503E-6 3.40697E-6 3.11326E-6 2.68005E-6 2.81821E-6 3.13979E-6 3.80611E-6 4.2083E-6 4.28903E-6 3.80232E-6 5.19737E-6 7.02148E-6 6.03728E-6 5.0201E-6
2.68784E-6 2.74048E-6 2.28917E-6 1.55447E-6 2.08399E-6 2.10861E-6 2.36355E-6 1.76724E-5 1.5277E-5 4.81291E-6 2.10485E-6 3.85677E-6 3.35364E-6 2.70198E-6 4.84991E-6 4.61798E-6 6.80707E-6 9.55441E-6 1.10882E-5 8.53739E-6 7.24457E-6 7.28479E-6 1.22738E-5 1.24865E-5 2.01179E-5 1.52304E-5 5.18614E-6 3.30909E-6 2.16082E-6 2.02752E-6 1.70314E-6 2.34156E-6 6.604E-6 7.59474E-6 9.14184E-6 8.92182E-6 9.71067E-6 8.84735E-6 1.00134E-5 7.04426E-6 7.17509E-6 6.7143E-6 6.24264E-6 5.48082E-6 5.75424E-6 5.97075E-6 5.19288E-6 4.63993E-6 4.01632E-6 3.97622E-6 3.71535E-6 3.59311E-6 4.03783E-6 3.89342E-6 3.56033E-6 3.0268E-6 2.57594E-6 2.45948E-6 2.81869E-6 2.70605E-6 2.73231E-6 2.98108E-6 3.68233E-6 4.32325E-6 4.79216E-6 5.88629E-6
1.55224E-6 1.56552E-6 2.3657E-6 1.27634E-6 1.33299E-6 1.30414E-6 1.53333E-5 1.76817E-5 1.98453E-5 2.01892E-5 2.21367E-6 2.76535E-6 3.20345E-6 2.84341E-6 4.20038E-6 4.39065E-6 6.34913E-6 6.3962E-6 9.86239E-6 1.43737E-5 1.06327E-5 1.06639E-5 1.5141E-5 1.53558E-5 1.90093E-5 1.48888E-5 1.7303E-5 5.95711E-6 5.02808E-6 2.44817E-6 3.13498E-6 7.18319E-6 7.67751E-6 6.54146E-6 7.37187E-6 1.09255E-5 1.04547E-5 1.00629E-5 1.05692E-5 7.44402E-6 7.33943E-6 6.59857E-6 6.00071E-6 5.72396E-6 5.89337E-6 6.54821E-6 5.95254E-6 5.22698E-6 4.77187E-6 4.02421E-6 3.68225E-6 3.72887E-6 3.52849E-6 3.54663E-6 3.46914E-6 3.06601E-6 2.72004E-6 2.75033E-6 3.08467E-6 2.13159E-6 3.14989E-6 3.66238E-6 4.31469E-6 5.20672E-6 5.53991E-6 6.23249E-6
3.58716E-6 1.30707E-6 1.0283E-6 1.60195E-6 2.09398E-6 7.12797E-6 9.7808E-6 1.65956E-5 1.28625E-5 1.57501E-5 1.99748E-6 5.11282E-6 3.99586E-6 6.15199E-6 5.04324E-6 6.76852E-6 7.17064E-6 5.4857E-6 1.14195E-5 8.60226E-6 6.81258E-6 9.92169E-6 1.39217E-5 1.41699E-5 1.69437E-5 1.98033E-5 1.40584E-5 9.10969E-6 1.39639E-5 3.32449E-6 3.40947E-6 8.82795E-6 8.43801E-6 7.96367E-6 1.02961E-5 9.32997E-6 1.2247E-5 1.1351E-5 1.12001E-5 8.05424E-6 7.98852E-6 7.69465E-6 6.76071E-6 6.66466E-6 6.82101E-6 6.69121E-6 6.4803E-6 5.34105E-6 4.97709E-6 4.90213E-6 4.909E-6 4.00564E-6 3.98904E-6 3.84576E-6 3.53888E-6 3.23114E-6 3.04794E-6 3.39557E-6 3.25423E-6 4.76232E-6 3.31273E-6 3.7918E-6 4.24136E-6 4.33312E-6 5.04734E-6 4.97184E-6
2.97567E-6 2.04711E-6 7.86059E-7 7.20088E-7 7.45767E-6 6.74984E-6 7.33751E-6 1.16762E-5 1.73063E-5 1.48272E-5 1.94967E-6 2.97557E-6 3.069E-6 3.89203E-6 2.35309E-5 2.10925E-5 2.06997E-5 3.6285E-5 9.85392E-6 7.8076E-6 1.06765E-5 1.51907E-5 1.62205E-5 1.79325E-5 1.44717E-5 1.389E-5 1.14609E-5 2.0957E-5 1.09767E-5 8.49886E-6 1.1924E-5 9.29978E-6 9.68295E-6 9.74814E-6 9.38232E-6 1.01122E-5 1.11209E-5 7.86217E-6 1.30003E-5 8.53493E-6 8.36462E-6 7.86468E-6 7.60494E-6 7.64969E-6 7.37455E-6 7.04908E-6 6.64961E-6 6.15991E-6 5.15367E-6 5.57697E-6 5.6168E-6 6.81052E-6 5.65995E-6 5.17475E-6 4.28603E-6 3.73052E-6 5.10728E-6 3.3556E-6 5.356E-6 4.43267E-6 3.63404E-6 3.87439E-6 4.03052E-6 3.84304E-6 4.00655E-6 4.50402E-6
3.25687E-6 1.78934E-6 1.41679E-6 1.2327E-6 3.86447E-6 5.77337E-6 5.31899E-6 8.26867E-6 9.56023E-6 1.23788E-5 1.16295E-5 2.9869E-6 3.39487E-6 5.13064E-6 2.47818E-5 2.37054E-5 3.22566E-5 1.98942E-5 3.31943E-5 9.41071E-6 1.12918E-5 1.07854E-5 1.23076E-5 1.0501E-5 1.92037E-5 2.06924E-5 1.4888E-5 1.82779E-5 1.46203E-5 9.36238E-6 7.0949E-6 6.57184E-6 1.04067E-5 1.06581E-5 9.5139E-6 1.20606E-5 8.5839E-6 1.18206E-5 1.35184E-5 1.3244E-5 1.29706E-5 1.24322E-5 1.14532E-5 9.97183E-6 1.06633E-5 7.91445E-6 7.89122E-6 6.81815E-6 6.52889E-6 5.67447E-6 6.23406E-6 4.93474E-6 4.72921E-6 5.63348E-6 5.11876E-6 4.54387E-6 5.58938E-6 3.67628E-6 4.90528E-6 5.17284E-6 4.79027E-6 5.83332E-6 4.28195E-6 3.83058E-6 4.24005E-6 4.56044E-6
7.17397E-7 1.13641E-6 1.65399E-6 1.63105E-6 1.01896E-6 2.81248E-6 3.8449E-6 4.51503E-6 8.66763E-6 1.01371E-5 9.59941E-6 1.45956E-5 1.57318E-5 1.69827E-5 2.36534E-5 2.57608E-5 3.14428E-5 3.06272E-5 2.72052E-5 2.62097E-5 1.64949E-5 1.78732E-5 1.47404E-5 2.04453E-5 2.09904E-5 1.3973E-5 1.73087E-5 1.25891E-5 9.4954E-6 8.12937E-6 8.31419E-6 8.82064E-6 7.58393E-6 1.21593E-5 1.11544E-5 1.37982E-5 8.98882E-6 1.30414E-5 1.43746E-5 1.39781E-5 1.40086E-5 1.14334E-5 1.03565E-5 1.03295E-5 7.80414E-6 7.98414E-6 8.29527E-6 7.66302E-6 1.11777E-5 1.09704E-5 1.04089E-5 6.03209E-6 5.1787E-6 5.48812E-6 4.9464E-6 4.62538E-6 6.22329E-6 4.19164E-6 6.41091E-6 6.36563E-6 5.98509E-6 6.19093E-6 5.8301E-6 4.18219E-6 5.02694E-6 5.68728E-6
4.43641E-7 1.41897E-6 3.64122E-6 2.31018E-6 1.08505E-6 2.38427E-6 3.63501E-6 6.00317E-6 6.28392E-6 6.74409E-6 9.91845E-6 9.68816E-6 9.44079E-6 1.30308E-5 1.2837E-5 1.8252E-5 1.69648E-5 2.40244E-5 1.99004E-5 2.15355E-5 1.55085E-5 1.4986E-5 2.35333E-5 2.98586E-5 2.20657E-5 2.57275E-5 1.66402E-5 1.83215E-5 1.57238E-5 1.10342E-5 9.62649E-6 1.45205E-5 9.65755E-6 9.00617E-6 8.7074E-6 1.0318E-5 1.08372E-5 1.59785E-5 1.63539E-5 1.51523E-5 1.40868E-5 1.18864E-5 1.13867E-5 1.22337E-5 1.31798E-5 1.31828E-5 1.33646E-5 1.28918E-5 1.28352E-5 1.23588E-5 1.16316E-5 7.01662E-6 5.86349E-6 5.33644E-6 4.89352E-6 6.47955E-6 6.63939E-6 6.78217E-6 6.58058E-6 6.58502E-6 6.1838E-6 6.27777E-6 6.17394E-6 4.87316E-6 7.68785E-6 8.44431E-6
7.51863E-7 1.27631E-6 2.63532E-6 2.17943E-6 2.45035E-6 9.37984E-7 2.4302E-6 2.59043E-6 5.33164E-6 8.51273E-6 8.8356E-6 9.10378E-6 8.49418E-6 1.06407E-5 1.14869E-5 1.16251E-5 1.14218E-5 1.94843E-5 2.24278E-5 2.26221E-5 1.62872E-5 1.97655E-5 3.37916E-5 2.74988E-5 2.92469E-5 1.80601E-5 1.52592E-5 1.88085E-5 1.80394E-5 1.55956E-5 1.29945E-5 1.65633E-5 1.21813E-5 1.0699E-5 1.01514E-5 1.05137E-5 1.15941E-5 1.68963E-5 1.61706E-5 1.67594E-5 1.35339E-5 1.31464E-5 1.27354E-5 1.32452E-5 1.50816E-5 1.43908E-5 1.36243E-5 1.20351E-5 1.32208E-5 1.27813E-5 1.24014E-5 7.38169E-6 9.90762E-6 9.24523E-6 8.35475E-6 7.0271E-6 7.12102E-6 7.42245E-6 7.23713E-6 6.96816E-6 6.43122E-6 6.5497E-6 6.60843E-6 8.41722E-6 7.24285E-6 8.44162E-6
7.96327E-7 7.63458E-7 2.20781E-6 2.18934E-6 9.63125E-7 3.75364E-6 5.1789E-6 6.71564E-6 5.07734E-6 5.37635E-6 7.26747E-6 7.81001E-6 9.17213E-6 8.67848E-6 8.46141E-6 9.16041E-6 2.38059E-5 2.51394E-5 3.73972E-5 4.58251E-5 2.0934E-5 2.37183E-5 2.21242E-5 2.0265E-5 1.92429E-5 1.9315E-5 2.2001E-5 1.51986E-5 1.41931E-5 1.38459E-5 1.35964E-5 1.32149E-5 1.29533E-5 1.23248E-5 1.21813E-5 1.27996E-5 1.84539E-5 1.86191E-5 2.05926E-5 1.94473E-5 1.59305E-5 1.40811E-5 1.37242E-5 1.54931E-5 1.5647E-5 1.61328E-5 1.45791E-5 1.50054E-5 1.41963E-5 1.38815E-5 1.38838E-5 1.31356E-5 1.05666E-5 9.90542E-6 9.33148E-6 9.46347E-6 7.84609E-6 7.71349E-6 7.08141E-6 1.03932E-5 6.85289E-6 9.87381E-6 6.56957E-6 9.58127E-6 8.22177E-6 9.32497E-6
1.52942E-6 9.82217E-7 1.44441E-6 1.5365E-6 2.06415E-6 2.99533E-6 4.43959E-6 4.39666E-6 3.24136E-6 4.45002E-6 5.07304E-6 6.60221E-6 6.93206E-6 8.86712E-6 6.5054E-6 1.9182E-5 3.75609E-5 4.77557E-5 3.6542E-5 1.77827E-5 1.65527E-5 2.4158E-5 2.32521E-5 2.67403E-5 2.31522E-5 2.60934E-5 2.72918E-5 2.17964E-5 1.68142E-5 1.75648E-5 1.60254E-5 1.54849E-5 1.63913E-5 1.33266E-5 1.36683E-5 1.32336E-5 1.40505E-5 1.98339E-5 2.01584E-5 1.88852E-5 1.71821E-5 2.24334E-5 1.64389E-5 1.66392E-5 1.70471E-5 1.67899E-5 1.56639E-5 1.64631E-5 1.54037E-5 1.54452E-5 1.43773E-5 1.40414E-5 1.21519E-5 1.09142E-5 1.06152E-5 9.50483E-6 8.87029E-6 7.95015E-6 1.13146E-5 1.13908E-5 1.13251E-5 1.19674E-5 1.20305E-5 1.15546E-5 1.09345E-5 9.94961E-6
1.28901E-6 1.09686E-6 5.57488E-7 2.15382E-6 4.10177E-6 4.51789E-6 7.05534E-6 3.25702E-6 2.79433E-6 3.52036E-6 4.28743E-6 6.67855E-6 5.37978E-6 1.14283E-5 1.12461E-5 2.2515E-5 1.97578E-5 3.5578E-5 4.0131E-5 1.15733E-5 1.28097E-5 1.69021E-5 1.92303E-5 2.29656E-5 3.38131E-5 1.96569E-5 3.367E-5 3.01161E-5 2.11147E-5 2.05689E-5 1.89161E-5 1.77899E-5 1.77565E-5 1.49984E-5 1.37489E-5 1.40835E-5 1.65811E-5 2.25523E-5 2.12125E-5 1.87834E-5 1.88473E-5 1.80819E-5 1.6966E-5 2.44981E-5 2.15799E-5 2.51572E-5 1.72605E-5 1.68658E-5 1.61789E-5 1.66858E-5 1.62155E-5 1.5153E-5 1.43614E-5 1.24808E-5 1.23689E-5 1.13174E-5 9.62774E-6 8.31292E-6 1.24925E-5 1.22536E-5 1.29067E-5 1.24603E-5 1.2887E-5 1.07305E-5 1.1946E-5 1.01153E-5
1.18275E-6 1.73948E-6 1.82618E-6 2.46928E-6 3.49205E-6 5.10643E-6 4.33179E-6 3.98799E-6 3.78234E-6 2.28141E-6 3.27662E-6 5.68307E-6 5.07734E-6 5.65472E-6 1.66632E-5 1.51073E-5 1.8071E-5 2.66602E-5 3.51698E-5 1.58703E-5 1.38852E-5 2.15969E-5 1.67418E-5 1.2085E-5 1.93127E-5 2.26559E-5 2.45808E-5 2.8894E-5 2.7885E-5 2.296E-5 2.34264E-5 2.14418E-5 1.93609E-5 1.77519E-5 1.80976E-5 1.55785E-5 2.58634E-5 2.56925E-5 2.31028E-5 2.22201E-5 2.12248E-5 2.09158E-5 1.92668E-5 1.93315E-5 2.69923E-5 1.71276E-5 2.54014E-5 1.84139E-5 1.81736E-5 1.80463E-5 1.8345E-5 1.64787E-5 1.59079E-5 1.39906E-5 1.3402E-5 1.24886E-5 1.14919E-5 9.9404E-6 1.4167E-5 1.48349E-5 1.37596E-5 1.46687E-5 1.77325E-5 1.23004E-5 1.2505E-5 1.44068E-5
