Leopardus colocola/Leopardus_colocola.asc
ncols         515
nrows         545
xllcorner     -119.0
yllcorner     -58.333333333333
cellsize      0.166666666667
NODATA_value  -9999
[rows 290 to 318 of 545, columns 396 to 461 of 515]
1.989E-5 9.15668E-5 9.19748E-5 7.37611E-5 6.93527E-5 5.07338E-5 4.89219E-5 4.51084E-5 4.34059E-5 4.19803E-5 4.15529E-5 3.00534E-5 2.79968E-5 2.96048E-5 2.75255E-5 2.74103E-5 2.73314E-5 2.22413E-5 2.59714E-5 2.85192E-5 2.99E-5 2.87768E-5 3.00741E-5 2.85881E-5 2.25657E-5 2.53857E-5 2.57573E-5 3.20746E-5 4.46878E-5 3.85595E-5 5.36282E-5 7.14483E-5 8.13092E-5 1.07155E-4 1.14798E-4 1.2075E-4 1.2411E-4 1.05274E-4 1.0587E-4 1.17472E-4 1.29148E-4 1.0857E-4 1.50315E-4 1.64744E-4 1.70419E-4 1.94573E-4 2.19658E-4 2.42775E-4 1.90013E-4 1.9978E-4 2.23643E-4 1.69361E-4 1.62141E-4 2.02158E-4 1.80672E-4 1.52554E-4 1.52802E-4 7.90695E-5 9.63957E-5 1.06888E-4 1.08739E-4 1.25261E-4 1.20417E-4 1.28189E-4 1.36755E-4 1.31055E-4
1.65258E-5 9.04904E-5 8.96273E-5 6.80356E-5 6.49326E-5 6.34702E-5 4.78453E-5 4.57314E-5 4.29753E-5 3.81811E-5 3.78287E-5 2.8708E-5 2.71921E-5 2.69818E-5 2.70036E-5 2.45119E-5 2.29157E-5 2.62837E-5 2.53586E-5 2.61772E-5 2.49571E-5 2.67508E-5 2.68283E-5 2.69681E-5 2.14971E-5 2.26728E-5 3.11582E-5 3.37896E-5 4.49609E-5 4.94793E-5 6.57471E-5 8.24601E-5 8.23562E-5 1.05284E-4 1.28631E-4 1.38871E-4 1.2063E-4 1.20044E-4 1.12859E-4 1.28886E-4 1.3823E-4 1.55591E-4 1.63331E-4 1.75949E-4 2.05417E-4 1.97151E-4 2.14757E-4 2.29239E-4 2.3526E-4 1.86815E-4 1.78379E-4 1.62119E-4 1.43121E-4 1.71029E-4 1.53749E-4 9.54933E-5 1.01746E-4 9.44836E-5 1.07899E-4 1.36679E-4 1.38713E-4 1.24405E-4 1.12086E-4 1.03419E-4 1.12889E-4 1.26803E-4
1.81114E-5 8.0138E-5 8.73369E-5 6.12935E-5 5.29127E-5 5.93744E-5 4.78468E-5 4.43403E-5 4.08382E-5 3.81522E-5 3.11174E-5 3.44207E-5 2.69947E-5 2.59794E-5 2.95197E-5 3.11656E-5 2.81888E-5 2.49115E-5 2.37345E-5 2.5325E-5 2.44704E-5 2.49733E-5 2.28855E-5 2.14686E-5 2.03846E-5 2.27248E-5 3.37775E-5 3.89918E-5 4.00827E-5 6.28187E-5 7.90631E-5 8.41174E-5 8.86213E-5 1.10671E-4 1.39328E-4 1.38969E-4 1.41495E-4 1.39502E-4 1.22986E-4 1.22705E-4 1.44566E-4 1.46828E-4 1.78889E-4 1.845E-4 1.96246E-4 2.09492E-4 2.30741E-4 2.33061E-4 2.60903E-4 2.2465E-4 1.92434E-4 1.95994E-4 4.21597E-5 3.598E-5 7.02725E-5 9.03578E-5 9.6422E-5 8.32434E-5 9.82533E-5 1.6153E-4 1.60505E-4 1.28315E-4 9.36298E-5 1.1045E-4 1.18917E-4 1.34737E-4
2.04476E-5 7.67563E-5 7.05281E-5 6.16891E-5 6.53473E-5 6.0534E-5 5.43804E-5 4.13267E-5 3.71681E-5 3.36123E-5 3.16266E-5 3.04752E-5 3.38686E-5 2.37239E-5 3.04308E-5 2.31985E-5 2.85989E-5 2.58675E-5 2.59763E-5 2.93343E-5 2.7053E-5 2.74069E-5 2.66461E-5 2.6295E-5 2.09551E-5 3.02466E-5 3.40565E-5 3.72374E-5 5.32616E-5 6.70453E-5 8.3575E-5 9.10958E-5 1.02205E-4 1.14929E-4 1.43067E-4 1.30322E-4 1.45405E-4 1.59919E-4 1.54093E-4 1.50267E-4 1.44592E-4 1.63246E-4 1.89333E-4 1.82761E-4 1.96253E-4 2.07097E-4 6.40338E-5 7.03857E-5 2.59121E-4 2.06181E-4 2.05536E-4 3.47726E-5 4.51471E-5 9.11137E-5 8.35E-5 9.22025E-5 1.00477E-4 9.77125E-5 1.18391E-4 1.50048E-4 1.60552E-4 1.17469E-4 1.21104E-4 1.17159E-4 1.28541E-4 1.39662E-4
1.70117E-5 7.88129E-5 7.94355E-5 7.43593E-5 6.32994E-5 5.23683E-5 4.42349E-5 4.75038E-5 4.18566E-5 3.99945E-5 3.15684E-5 2.98367E-5 3.035E-5 2.91192E-5 3.01743E-5 3.07788E-5 2.91232E-5 2.87867E-5 2.92102E-5 3.09583E-5 2.93204E-5 2.82076E-5 2.96581E-5 2.66311E-5 2.54475E-5 3.31508E-5 3.97902E-5 5.69867E-5 5.64311E-5 6.86725E-5 9.51835E-5 1.04495E-4 9.64149E-5 1.16411E-4 1.23518E-4 1.25316E-4 1.37294E-4 1.62818E-4 1.68481E-4 1.63022E-4 1.70512E-4 1.72858E-4 1.94521E-4 2.06781E-4 2.21966E-4 5.96791E-5 5.98729E-5 5.88986E-5 2.21146E-4 4.002E-5 4.23547E-5 4.12754E-5 7.11567E-5 7.99093E-5 8.22386E-5 9.33824E-5 1.05377E-4 1.13407E-4 1.22335E-4 1.39532E-4 1.25691E-4 1.27383E-4 1.49876E-4 1.20496E-4 1.25543E-4 1.56887E-4
1.97948E-5 1.77578E-5 6.84079E-5 6.69258E-5 6.23037E-5 6.03477E-5 5.49439E-5 5.22766E-5 3.89856E-5 3.86173E-5 3.0734E-5 3.21823E-5 2.84868E-5 2.79821E-5 2.4419E-5 2.97264E-5 2.99352E-5 2.98843E-5 3.06112E-5 3.3236E-5 2.99212E-5 2.75571E-5 2.96551E-5 3.286E-5 3.02457E-5 3.52534E-5 5.02461E-5 5.69064E-5 6.65543E-5 7.34163E-5 8.42259E-5 9.16827E-5 1.02009E-4 1.41357E-4 1.24483E-4 1.54071E-4 1.33053E-4 1.60872E-4 1.64152E-4 1.75167E-4 1.73202E-4 1.59166E-4 1.54729E-4 4.51262E-5 5.34229E-5 4.6324E-5 4.65301E-5 5.17675E-5 3.79764E-5 3.40324E-5 3.7803E-5 3.40109E-5 5.00824E-5 5.54268E-5 6.22861E-5 7.54983E-5 1.10916E-4 9.51678E-5 1.16283E-4 1.30309E-4 1.1804E-4 1.29152E-4 1.29597E-4 1.40073E-4 1.45715E-4 1.43148E-4
1.90768E-5 1.80924E-5 1.65913E-5 6.62689E-5 6.08844E-5 5.90992E-5 4.77109E-5 4.73445E-5 3.57346E-5 3.67813E-5 3.90458E-5 3.16156E-5 3.015E-5 2.56694E-5 2.45802E-5 2.53203E-5 3.07981E-5 3.18043E-5 3.20555E-5 3.41269E-5 3.14088E-5 2.95028E-5 3.10441E-5 3.68651E-5 4.28075E-5 3.97268E-5 5.69827E-5 6.06468E-5 7.09472E-5 8.06279E-5 1.1018E-4 9.28142E-5 1.16686E-4 1.4464E-4 1.2285E-4 1.27676E-4 1.31735E-4 1.55319E-4 1.59518E-4 1.6158E-4 1.69434E-4 1.62615E-4 1.74504E-4 1.63019E-4 4.07445E-5 4.77047E-5 4.63996E-5 5.07428E-5 4.45811E-5 3.75843E-5 3.82466E-5 5.54543E-5 4.43461E-5 4.70995E-5 5.47485E-5 7.47913E-5 8.07641E-5 9.09448E-5 9.67742E-5 1.07272E-4 1.12126E-4 1.21174E-4 1.33212E-4 1.20183E-4 1.30774E-4 1.39971E-4
1.92522E-5 1.88816E-5 1.76592E-5 1.6549E-5 6.20159E-5 5.20207E-5 4.69767E-5 4.6637E-5 3.46433E-5 3.6284E-5 3.41141E-5 3.03339E-5 2.9944E-5 3.09975E-5 3.31208E-5 2.7589E-5 3.09672E-5 3.28921E-5 3.27114E-5 3.51877E-5 3.33279E-5 4.11225E-5 4.60292E-5 5.13972E-5 5.00449E-5 6.08511E-5 6.8248E-5 6.77392E-5 1.01171E-4 9.09968E-5 1.20003E-4 1.14907E-4 1.14168E-4 1.21789E-4 1.33097E-4 1.30129E-4 1.29896E-4 1.5094E-4 3.09651E-5 1.4027E-4 1.30341E-4 1.59165E-4 1.75372E-4 1.72952E-4 4.5795E-5 4.94517E-5 5.51012E-5 5.29992E-5 5.54908E-5 4.32129E-5 8.44183E-5 6.58855E-5 5.61534E-5 5.69838E-5 6.63725E-5 7.95597E-5 9.30206E-5 8.18878E-5 8.64314E-5 1.10679E-4 1.08251E-4 1.07041E-4 1.26755E-4 1.15013E-4 1.15015E-4 1.28985E-4
1.99941E-5 1.92563E-5 1.68108E-5 6.71948E-5 5.45244E-5 5.08409E-5 4.34724E-5 3.71044E-5 4.31449E-5 3.48606E-5 3.55148E-5 3.637E-5 2.93157E-5 3.28364E-5 2.80214E-5 2.78476E-5 3.18145E-5 3.43054E-5 3.39547E-5 3.60083E-5 3.95009E-5 3.49596E-5 5.21518E-5 5.38567E-5 5.56812E-5 6.67166E-5 7.93803E-5 8.14943E-5 1.18808E-4 1.27608E-4 1.11924E-4 1.05559E-4 1.21103E-4 1.25935E-4 1.26389E-4 2.23188E-5 1.31734E-4 1.35308E-4 2.72214E-5 9.45146E-5 8.93309E-5 1.36955E-4 1.50158E-4 1.64867E-4 3.88844E-5 4.17604E-5 7.08532E-5 8.07017E-5 7.89498E-5 8.02787E-5 7.65145E-5 6.59861E-5 6.30121E-5 6.35016E-5 7.23E-5 8.69953E-5 9.07253E-5 9.15177E-5 9.53884E-5 9.06129E-5 1.02108E-4 9.8332E-5 1.00065E-4 1.22779E-4 1.14453E-4 1.13845E-4
1.97819E-5 2.34829E-5 1.75679E-5 5.76922E-5 5.6963E-5 1.19381E-5 4.99659E-5 4.54429E-5 4.12355E-5 4.07281E-5 3.27389E-5 3.52209E-5 2.75066E-5 3.10924E-5 2.93206E-5 3.05139E-5 3.36671E-5 3.54755E-5 3.59429E-5 3.8019E-5 4.1535E-5 4.81192E-5 5.57679E-5 5.33654E-5 7.68286E-5 7.95222E-5 8.57689E-5 1.56644E-5 2.26607E-5 1.88807E-5 1.34808E-4 1.44404E-4 1.58548E-5 1.25816E-4 1.05231E-4 1.53432E-4 1.98469E-5 2.34634E-5 2.25249E-5 2.01013E-5 9.56763E-5 9.88276E-5 1.4244E-4 1.52014E-4 4.18147E-5 4.48365E-5 5.91153E-5 7.89513E-5 7.2405E-5 8.5868E-5 7.90352E-5 7.5111E-5 6.53192E-5 7.03672E-5 8.02886E-5 7.46577E-5 8.55037E-5 8.4859E-5 7.82045E-5 8.59503E-5 1.00396E-4 1.06281E-4 9.96195E-5 9.46415E-5 9.92147E-5 9.7963E-5
2.17696E-5 1.88278E-5 2.19767E-5 1.62963E-5 1.57886E-5 5.78643E-5 4.35245E-5 4.06956E-5 4.45692E-5 4.19351E-5 3.19679E-5 3.26201E-5 2.77362E-5 3.08421E-5 2.92696E-5 3.1486E-5 3.40621E-5 3.65333E-5 3.81053E-5 4.11258E-5 3.92172E-5 5.43585E-5 5.83602E-5 5.77377E-5 8.51214E-5 8.69293E-5 1.63745E-5 1.88318E-5 2.059E-5 2.07323E-5 1.85684E-5 1.75522E-5 1.59546E-5 1.05009E-4 1.02249E-4 1.08249E-4 1.96729E-5 1.87363E-5 1.92837E-5 2.00859E-5 1.0271E-4 1.13261E-4 1.18066E-4 3.21689E-5 3.57984E-5 4.45075E-5 5.1299E-5 7.51785E-5 7.13674E-5 7.85258E-5 8.9999E-5 7.54315E-5 5.86984E-5 8.63828E-5 6.88087E-5 4.62199E-5 7.28712E-5 7.57255E-5 7.04824E-5 7.69689E-5 8.32382E-5 8.34689E-5 8.05393E-5 9.42161E-5 8.93336E-5 8.68583E-5
2.19716E-5 2.23025E-5 1.80732E-5 1.76018E-5 1.85528E-5 1.54304E-5 1.26181E-5 1.02365E-5 3.76729E-5 3.59675E-5 3.45306E-5 3.36719E-5 2.7612E-5 3.09613E-5 3.63376E-5 3.24131E-5 3.6606E-5 3.89021E-5 3.85159E-5 4.90642E-5 4.85064E-5 6.37981E-5 5.38618E-5 7.3195E-5 8.5479E-5 8.55496E-5 1.78756E-5 1.85308E-5 2.15887E-5 2.34599E-5 1.69573E-5 1.47172E-5 1.45571E-5 1.13792E-4 1.41068E-5 1.51766E-5 1.94912E-5 1.5032E-5 1.82265E-5 2.01331E-5 1.0117E-4 2.12711E-5 2.52166E-5 2.93237E-5 3.23259E-5 4.14642E-5 5.44607E-5 6.10553E-5 7.65278E-5 7.46032E-5 7.68678E-5 6.58383E-5 5.55188E-5 8.43253E-5 7.51389E-5 4.02752E-5 5.50615E-5 4.90747E-5 5.59078E-5 6.88937E-5 7.2262E-5 7.14659E-5 8.94687E-5 8.00758E-5 8.24657E-5 6.7837E-5
2.08088E-5 2.28872E-5 1.78158E-5 1.76156E-5 1.60141E-5 1.49226E-5 1.52821E-5 1.1867E-5 9.69952E-6 8.79779E-6 8.0635E-6 7.06302E-6 3.15988E-5 3.40595E-5 4.06603E-5 3.53174E-5 3.91818E-5 3.88048E-5 4.92416E-5 4.62219E-5 5.46541E-5 6.08637E-5 5.90059E-5 7.84561E-5 1.6475E-5 1.71992E-5 1.83749E-5 1.70505E-5 2.34079E-5 1.4659E-5 1.43018E-5 1.36033E-5 1.16707E-5 1.60798E-5 1.3713E-5 1.37935E-5 1.49061E-5 1.3271E-5 1.50126E-5 1.48873E-5 1.50984E-5 1.79646E-5 2.15806E-5 2.55196E-5 3.52493E-5 3.94118E-5 5.46495E-5 5.21289E-5 6.28065E-5 6.89286E-5 7.77739E-5 5.94017E-5 7.16523E-5 9.15746E-5 4.26674E-5 3.13168E-5 4.71963E-5 4.55114E-5 5.06721E-5 6.27112E-5 5.76765E-5 6.24293E-5 7.00038E-5 7.41949E-5 8.68839E-5 7.41628E-5
2.11585E-5 2.17311E-5 2.27082E-5 1.80268E-5 1.76082E-5 1.35881E-5 1.51307E-5 1.27023E-5 1.20693E-5 1.08941E-5 9.87233E-6 6.56264E-6 8.01249E-6 6.38141E-6 4.0438E-5 4.78327E-5 4.15833E-5 4.25561E-5 5.52047E-5 5.15626E-5 5.59136E-5 5.79221E-5 7.91063E-5 7.76324E-5 1.72878E-5 1.81004E-5 1.94145E-5 1.78927E-5 1.86715E-5 1.40906E-5 1.28623E-5 1.35446E-5 1.212E-5 1.25134E-5 1.17205E-5 9.86429E-6 9.14644E-6 9.3268E-6 9.96449E-6 1.2066E-5 1.36619E-5 1.84607E-5 1.9599E-5 2.3121E-5 2.74832E-5 3.45622E-5 4.81193E-5 5.65848E-5 5.62864E-5 7.35834E-5 8.64825E-5 6.94772E-5 1.03203E-4 6.9046E-5 3.35245E-5 2.73136E-5 3.79038E-5 4.68189E-5 4.94829E-5 3.9668E-5 5.38888E-5 5.45656E-5 7.13622E-5 6.71604E-5 6.17804E-5 6.18327E-5
2.18274E-5 2.14015E-5 2.30732E-5 1.84408E-5 1.80774E-5 1.68023E-5 1.3174E-5 1.38903E-5 1.32587E-5 1.25621E-5 9.22825E-6 8.6809E-6 7.77114E-6 7.50143E-6 8.583E-6 9.56692E-6 1.15207E-5 4.70365E-5 5.98937E-5 5.83163E-5 6.79958E-5 6.05631E-5 9.42842E-5 1.7045E-5 1.44918E-5 1.49691E-5 1.49466E-5 1.87924E-5 1.49913E-5 1.34961E-5 1.34702E-5 1.33381E-5 1.38306E-5 1.1396E-5 1.00225E-5 9.1007E-6 8.55697E-6 8.2824E-6 8.79035E-6 1.19146E-5 1.65158E-5 1.76883E-5 2.24538E-5 2.59161E-5 2.80238E-5 3.34848E-5 4.18195E-5 4.71891E-5 6.35197E-5 6.11466E-5 9.44089E-5 1.04103E-4 1.06257E-4 7.6229E-5 3.73596E-5 2.40966E-5 2.08049E-5 2.72206E-5 3.03128E-5 4.72337E-5 5.33815E-5 6.37088E-5 6.34993E-5 5.90171E-5 4.99794E-5 6.15305E-5
2.20928E-5 2.1109E-5 2.09841E-5 1.81343E-5 1.79024E-5 1.69384E-5 1.66886E-5 1.55993E-5 1.19696E-5 1.10754E-5 1.08928E-5 1.02545E-5 1.02218E-5 1.09342E-5 1.10439E-5 1.13884E-5 1.27659E-5 1.10088E-5 6.75238E-5 6.7374E-5 1.55604E-5 7.20309E-5 1.54353E-5 1.64766E-5 1.46249E-5 1.4007E-5 1.52163E-5 1.41311E-5 1.09612E-5 1.14516E-5 1.07456E-5 1.09398E-5 1.26966E-5 1.01831E-5 9.03947E-6 8.83448E-6 8.40271E-6 8.50267E-6 1.01198E-5 1.11478E-5 1.52024E-5 1.54265E-5 2.55774E-5 2.29733E-5 3.04922E-5 3.47461E-5 3.84021E-5 4.16083E-5 5.59626E-5 5.77001E-5 8.19483E-5 8.74281E-5 9.20824E-5 6.42682E-5 3.26038E-5 2.71934E-5 2.6569E-5 2.57523E-5 4.15433E-5 5.24571E-5 5.88771E-5 5.90606E-5 6.80697E-5 5.42145E-5 4.91536E-5 4.35375E-5
2.27194E-5 2.17702E-5 2.15683E-5 2.16693E-5 2.12666E-5 1.74793E-5 1.74435E-5 1.72029E-5 1.74744E-5 8.50354E-6 8.4312E-6 1.26973E-5 1.21852E-5 1.24593E-5 1.26858E-5 1.47386E-5 1.58585E-5 1.27918E-5 1.67945E-5 1.70955E-5 1.72584E-5 1.78922E-5 2.17108E-5 1.96683E-5 1.90848E-5 1.61688E-5 1.69439E-5 1.5102E-5 8.18669E-5 1.10363E-5 8.31959E-6 1.20192E-5 1.04278E-5 9.79374E-6 9.40224E-6 7.74771E-6 8.67145E-6 7.55994E-6 1.06581E-5 1.07185E-5 1.5363E-5 1.93443E-5 2.49743E-5 2.54096E-5 2.90865E-5 3.17816E-5 3.73543E-5 4.65752E-5 4.44598E-5 5.705E-5 6.69849E-5 7.11885E-5 7.89355E-5 6.81616E-5 3.06068E-5 3.2805E-5 2.26054E-5 3.25856E-5 4.43674E-5 4.17204E-5 4.41729E-5 5.10417E-5 5.51232E-5 4.91431E-5 5.23031E-5 3.99352E-5
2.41629E-5 2.3119E-5 2.2611E-5 2.37539E-5 6.835E-6 6.39803E-6 6.38791E-6 6.75478E-6 6.7526E-6 8.57188E-6 9.07526E-6 9.32359E-6 8.74563E-6 1.10435E-5 9.79444E-6 9.74887E-6 1.86385E-5 1.93529E-5 1.90549E-5 1.80085E-5 1.74423E-5 2.28017E-5 2.12585E-5 2.22787E-5 2.04951E-5 1.85073E-5 1.76792E-5 1.40755E-5 1.12377E-5 9.46068E-6 7.86921E-6 1.09085E-5 1.08271E-5 1.09109E-5 8.98385E-6 7.75737E-6 7.88259E-6 1.03094E-5 1.10085E-5 1.50881E-5 1.56478E-5 2.16525E-5 1.94774E-5 1.96067E-5 2.65704E-5 3.50996E-5 3.32522E-5 4.61625E-5 5.00387E-5 5.30152E-5 7.08019E-5 7.36675E-5 6.50865E-5 5.85915E-5 4.0131E-5 2.40096E-5 2.17008E-5 3.5646E-5 4.01672E-5 4.05602E-5 4.08759E-5 4.65047E-5 4.91356E-5 4.47972E-5 4.44048E-5 3.30162E-5
2.19736E-5 2.70682E-5 7.4241E-6 7.36948E-6 7.34202E-6 7.30224E-6 7.28635E-6 6.71228E-6 1.16095E-5 5.77459E-6 9.11787E-6 9.74575E-6 1.058E-5 9.85837E-6 9.87382E-6 1.05177E-5 2.01697E-5 2.06655E-5 2.12559E-5 2.08988E-5 2.55873E-5 2.3537E-5 2.06547E-5 2.45599E-5 2.22739E-5 2.01637E-5 1.79528E-5 1.22711E-5 1.08366E-5 9.33527E-6 8.1178E-6 8.9615E-6 8.88509E-6 8.97118E-6 9.59417E-6 1.01247E-5 9.3934E-6 1.04306E-5 1.38794E-5 1.46713E-5 1.61814E-5 1.48226E-5 1.85755E-5 1.93131E-5 2.65163E-5 3.12549E-5 3.75485E-5 4.18043E-5 4.30234E-5 4.79411E-5 5.98845E-5 5.52831E-5 6.14212E-5 5.10466E-5 5.16857E-5 2.36574E-5 2.87199E-5 3.84519E-5 3.48557E-5 3.93572E-5 3.83914E-5 4.49954E-5 4.12554E-5 3.88956E-5 3.29497E-5 3.66228E-5
8.88896E-6 8.38653E-6 8.25427E-6 8.44852E-6 7.91464E-6 7.86752E-6 7.90682E-6 8.04508E-6 8.1199E-6 8.19025E-6 1.2625E-5 1.07873E-5 1.03415E-5 1.0669E-5 1.14711E-5 1.12428E-5 1.08108E-5 1.04665E-5 3.0453E-5 2.97549E-5 2.81246E-5 2.39093E-5 2.20178E-5 2.49818E-5 2.29934E-5 2.14819E-5 1.50077E-5 1.36842E-5 1.14546E-5 1.08352E-5 8.70522E-6 7.66392E-6 7.35134E-6 8.07299E-6 8.27096E-6 1.05894E-5 9.54779E-6 1.04473E-5 1.28136E-5 1.20917E-5 1.25044E-5 1.49862E-5 1.51254E-5 2.13404E-5 2.35078E-5 2.72609E-5 3.12988E-5 4.03492E-5 5.03684E-5 4.93219E-5 4.73024E-5 4.32315E-5 4.93807E-5 5.48831E-5 4.56656E-5 3.10761E-5 2.2688E-5 3.34178E-5 3.77262E-5 3.02114E-5 3.93088E-5 4.55515E-5 4.01311E-5 3.98546E-5 3.39483E-5 3.43216E-5
9.69595E-6 9.6335E-6 9.10988E-6 9.31032E-6 8.92421E-6 8.51666E-6 7.73535E-6 6.88878E-6 7.63719E-6 8.8665E-6 1.31835E-5 1.48363E-5 1.20889E-5 1.24039E-5 1.60144E-5 1.59293E-5 1.5649E-5 1.49107E-5 1.29748E-5 2.9959E-5 3.05247E-5 2.84634E-5 2.53349E-5 2.68411E-5 7.29924E-6 1.22178E-5 9.26989E-6 8.98099E-6 7.98533E-6 8.63063E-6 8.83938E-6 8.27245E-6 8.82073E-6 8.97037E-6 9.94132E-6 1.10167E-5 1.11114E-5 1.39142E-5 1.15609E-5 1.26586E-5 1.39558E-5 1.28601E-5 1.69118E-5 1.98925E-5 2.69029E-5 3.10873E-5 3.80452E-5 4.89602E-5 4.60913E-5 4.92081E-5 4.36604E-5 4.19468E-5 4.08717E-5 3.90398E-5 4.19875E-5 3.72111E-5 2.44463E-5 2.9137E-5 3.51164E-5 3.92697E-5 3.96209E-5 3.56672E-5 3.51074E-5 3.11385E-5 3.13288E-5 3.6861E-5
9.98133E-6 1.02315E-5 8.1458E-6 8.51592E-6 9.80998E-6 8.15804E-6 8.11952E-6 7.17818E-6 8.33051E-6 8.27821E-6 1.39814E-5 1.58984E-5 1.27908E-5 1.25905E-5 1.04092E-5 1.64916E-5 1.72971E-5 1.70134E-5 1.49338E-5 1.38386E-5 1.23313E-5 1.24075E-5 2.71233E-5 2.36381E-5 5.98149E-6 9.02885E-6 8.63643E-6 8.00954E-6 7.93632E-6 7.13178E-6 8.11339E-6 7.73789E-6 8.093E-6 9.65647E-6 8.52225E-6 1.0423E-5 1.189E-5 1.22313E-5 1.2505E-5 1.41777E-5 1.12769E-5 1.33339E-5 1.93386E-5 2.21092E-5 2.61823E-5 3.15431E-5 3.83547E-5 4.03784E-5 4.48281E-5 3.96523E-5 4.5098E-5 4.3887E-5 3.50105E-5 4.17883E-5 3.66394E-5 3.84276E-5 2.3232E-5 2.38345E-5 3.34889E-5 3.49449E-5 3.1686E-5 3.24817E-5 2.82977E-5 3.02261E-5 3.84819E-5 4.07008E-5
8.64695E-6 9.20504E-6 9.6157E-6 9.23681E-6 9.01702E-6 8.98809E-6 8.71021E-6 7.7281E-6 8.73664E-6 8.80334E-6 9.00892E-6 1.0242E-5 1.3802E-5 1.20354E-5 1.19144E-5 1.2142E-5 1.21024E-5 1.27523E-5 1.20537E-5 1.10302E-5 9.98508E-6 8.67092E-6 7.51126E-6 6.47254E-6 5.339E-6 4.95188E-6 8.22978E-6 7.67869E-6 7.7098E-6 7.386E-6 8.22387E-6 7.41028E-6 7.34475E-6 7.76791E-6 1.01333E-5 1.1988E-5 1.08626E-5 1.05794E-5 1.43746E-5 1.41219E-5 1.31266E-5 1.64379E-5 2.04545E-5 3.07981E-5 3.30148E-5 3.12639E-5 3.51778E-5 3.59418E-5 3.85101E-5 3.29138E-5 3.73137E-5 3.76295E-5 2.88839E-5 3.75896E-5 3.35067E-5 3.02715E-5 2.249E-5 3.36512E-5 3.41229E-5 3.48558E-5 3.20366E-5 4.03317E-5 3.39947E-5 3.50752E-5 4.00994E-5 4.92142E-5
9.9881E-6 1.00043E-5 9.80518E-6 9.79697E-6 9.7539E-6 1.04685E-5 9.44817E-6 9.30877E-6 9.43096E-6 9.54478E-6 1.04631E-5 1.184E-5 1.16892E-5 1.26823E-5 1.37986E-5 1.53481E-5 1.52081E-5 1.53191E-5 1.40808E-5 1.25948E-5 1.11343E-5 9.22947E-6 7.51436E-6 6.37627E-6 5.10306E-6 2.03314E-5 8.37706E-6 8.59946E-6 8.77888E-6 7.59233E-6 6.84253E-6 6.58839E-6 7.69334E-6 7.35848E-6 8.89514E-6 8.89275E-6 9.40324E-6 9.98515E-6 1.25929E-5 1.33714E-5 1.6324E-5 2.08986E-5 2.41381E-5 3.07859E-5 3.45637E-5 3.71416E-5 3.51221E-5 3.59688E-5 2.92241E-5 3.04323E-5 3.15085E-5 3.0504E-5 2.6347E-5 2.37631E-5 2.6751E-5 2.2765E-5 2.10348E-5 3.22401E-5 2.92195E-5 3.67626E-5 3.56962E-5 3.51885E-5 3.54313E-5 4.23675E-5 4.12896E-5 4.86775E-5
1.10416E-5 1.00315E-5 1.03139E-5 1.0518E-5 9.04327E-6 1.13757E-5 1.14916E-5 1.0516E-5 1.06474E-5 1.08478E-5 1.12154E-5 1.33758E-5 1.40484E-5 1.57168E-5 1.64776E-5 1.65207E-5 1.75217E-5 1.37968E-5 1.30932E-5 1.18378E-5 1.01859E-5 8.40924E-6 8.64949E-6 6.45129E-6 5.22936E-6 2.22829E-5 2.29553E-5 1.0347E-5 9.42488E-6 8.8532E-6 7.83125E-6 7.87138E-6 7.63171E-6 6.87091E-6 8.02225E-6 8.41607E-6 7.85102E-6 7.81271E-6 1.13125E-5 1.42204E-5 1.57944E-5 3.18334E-5 3.93573E-5 3.83463E-5 3.37142E-5 3.21168E-5 3.05581E-5 3.30149E-5 2.80601E-5 2.7138E-5 2.30876E-5 2.56436E-5 1.99511E-5 1.70574E-5 1.63512E-5 2.11101E-5 1.9718E-5 2.62379E-5 2.83321E-5 3.96969E-5 4.13347E-5 4.47074E-5 4.55943E-5 4.59252E-5 5.68336E-5 4.80135E-5
1.18355E-5 8.55611E-6 9.2609E-6 9.2572E-6 9.69247E-6 9.89467E-6 1.25884E-5 1.26889E-5 1.29247E-5 1.328E-5 1.38882E-5 1.54267E-5 1.63699E-5 2.34283E-5 1.83966E-5 1.80118E-5 1.81904E-5 1.97526E-5 1.85678E-5 1.68929E-5 1.39407E-5 1.19191E-5 4.19151E-5 3.17869E-5 2.55287E-5 2.64613E-5 9.51229E-6 8.97683E-6 8.79222E-6 7.9047E-6 7.47452E-6 7.67086E-6 7.97159E-6 7.5241E-6 7.58993E-6 6.84061E-6 7.52841E-6 7.61175E-6 1.11894E-5 1.56636E-5 2.22144E-5 3.24687E-5 3.87838E-5 4.00426E-5 3.2338E-5 3.0405E-5 3.21091E-5 2.84066E-5 3.26619E-5 2.59044E-5 2.20069E-5 1.96681E-5 2.16193E-5 1.79492E-5 1.56493E-5 1.91869E-5 1.82637E-5 2.45304E-5 2.98687E-5 3.64358E-5 4.79402E-5 5.12778E-5 4.16701E-5 4.56733E-5 5.20511E-5 5.23318E-5
9.40026E-6 9.41138E-6 9.86059E-6 1.01677E-5 1.06078E-5 1.09473E-5 1.42039E-5 1.40279E-5 1.47484E-5 1.53517E-5 1.62704E-5 1.73257E-5 1.91644E-5 2.4794E-5 2.53973E-5 2.35609E-5 1.7366E-5 1.78233E-5 1.81601E-5 1.78374E-5 1.55236E-5 1.32225E-5 3.9297E-5 1.27447E-5 1.12653E-5 1.42755E-5 1.1948E-5 1.13167E-5 1.21801E-5 1.08126E-5 9.12776E-6 7.42376E-6 7.49322E-6 7.25503E-6 9.25917E-6 7.07515E-6 7.45325E-6 8.68004E-6 8.62809E-6 1.11843E-5 1.98295E-5 2.80379E-5 3.57568E-5 4.00163E-5 4.30229E-5 3.46391E-5 3.03071E-5 2.83926E-5 3.18229E-5 2.48697E-5 2.2661E-5 1.93886E-5 1.92061E-5 2.07095E-5 1.65192E-5 2.15424E-5 1.88176E-5 3.13248E-5 3.51796E-5 4.26293E-5 4.35181E-5 4.41187E-5 5.47206E-5 5.49418E-5 5.91232E-5 5.62599E-5
1.02456E-5 1.02701E-5 1.08543E-5 1.1072E-5 1.14942E-5 1.20623E-5 1.22335E-5 1.62138E-5 1.61802E-5 1.36419E-5 1.73547E-5 1.77951E-5 2.53534E-5 2.70962E-5 2.61304E-5 1.96165E-5 1.82084E-5 1.68042E-5 1.572E-5 1.63681E-5 1.49456E-5 1.30105E-5 1.25132E-5 1.12744E-5 1.50968E-5 9.72299E-6 1.90921E-5 1.78649E-5 1.34392E-5 1.08647E-5 9.59765E-6 7.63818E-6 7.64106E-6 7.24472E-6 7.69357E-6 8.09052E-6 9.01426E-6 1.06547E-5 8.64957E-6 1.17888E-5 1.72859E-5 2.30727E-5 2.67815E-5 3.49876E-5 3.54703E-5 3.15972E-5 2.67564E-5 2.66173E-5 2.99759E-5 2.46017E-5 1.97871E-5 2.04761E-5 2.11743E-5 1.93852E-5 1.83654E-5 1.77831E-5 1.78593E-5 2.55862E-5 3.7378E-5 4.2524E-5 5.27042E-5 5.41247E-5 5.7007E-5 5.13189E-5 5.9637E-5 5.12456E-5
1.06733E-5 1.15347E-5 1.15332E-5 1.21321E-5 1.24807E-5 1.68052E-5 1.34249E-5 1.37517E-5 1.46326E-5 1.90762E-5 1.8346E-5 2.01562E-5 2.12567E-5 2.7229E-5 2.01148E-5 1.94691E-5 1.80544E-5 1.67173E-5 1.5721E-5 1.45012E-5 1.28565E-5 1.27531E-5 1.22082E-5 2.19404E-5 2.01392E-5 1.84387E-5 1.79177E-5 1.79116E-5 1.47778E-5 1.0426E-5 8.69538E-6 8.28529E-6 8.63497E-6 7.16634E-6 7.4623E-6 8.3607E-6 1.01144E-5 1.09396E-5 1.18851E-5 1.17912E-5 1.39361E-5 2.01873E-5 1.93879E-5 2.95662E-5 3.27636E-5 3.156E-5 2.53723E-5 2.62052E-5 2.23144E-5 1.84638E-5 2.14447E-5 2.01306E-5 1.71335E-5 2.15162E-5 2.57795E-5 2.31227E-5 2.29186E-5 2.94162E-5 3.94498E-5 5.11722E-5 5.87362E-5 6.05318E-5 6.06343E-5 4.38068E-5 6.39149E-5 6.35762E-5
