Leopardus colocola/Leopardus_colocola.asc
ncols         515
nrows         545
xllcorner     -119.0
yllcorner     -58.333333333333
cellsize      0.166666666667
NODATA_value  -9999
[rows 87 to 115 of 545, columns 132 to 197 of 515]
2.3277E-4 7.68927E-5 2.78709E-5 1.0357E-5 1.02032E-5 1.25318E-5 2.72494E-5 4.54772E-5 6.4478E-5 8.19697E-5 9.54991E-5 9.63014E-5 8.48152E-5 5.21829E-5 4.6848E-6 3.72536E-6 4.72162E-6 6.27712E-6 6.85957E-6 8.54872E-6 9.4364E-6 8.01776E-6 7.76655E-6 8.09103E-6 6.05704E-6 7.28855E-6 4.53812E-6 4.76801E-6 7.19648E-6 5.35671E-6 1.6675E-5 2.89385E-5 2.29886E-5 2.21269E-5 2.21925E-5 2.36186E-5 2.81909E-5 4.50069E-5 4.46229E-5 4.03954E-5 3.9601E-5 5.3286E-5 2.61233E-5 2.57575E-5 2.34224E-5 2.12654E-5 1.91164E-5 1.69653E-5 1.13437E-5 9.51847E-6 5.91878E-6 5.30767E-6 3.16495E-6 1.9427E-6 2.86508E-6 -9999 -9999 -9999 -9999 -9999 -9999 -9999 -9999 -9999 -9999 -9999
3.59251E-4 1.83447E-4 5.52691E-5 2.56347E-5 1.1886E-5 9.05491E-6 1.6443E-5 3.45474E-5 5.59717E-5 7.90327E-5 8.74043E-5 7.93403E-5 6.5532E-5 3.97663E-5 2.61651E-6 2.4398E-6 3.25461E-6 3.68324E-6 3.77902E-6 4.61915E-6 4.00823E-6 3.47187E-6 3.36445E-6 3.10327E-6 3.32858E-6 3.46094E-6 3.26257E-6 3.21918E-6 3.42661E-6 1.11536E-5 1.32191E-5 1.45707E-5 1.59149E-5 1.76607E-5 1.84507E-5 1.96593E-5 2.07965E-5 2.30349E-5 3.41565E-5 3.37637E-5 3.18827E-5 3.23772E-5 2.04734E-5 1.90726E-5 1.89903E-5 1.76594E-5 1.56012E-5 1.29669E-5 8.4722E-6 7.65705E-6 4.39089E-6 2.66178E-6 3.26946E-6 1.12829E-6 -9999 -9999 -9999 -9999 -9999 -9999 -9999 -9999 -9999 -9999 -9999 -9999
2.78584E-4 1.85183E-4 1.43518E-4 5.95813E-5 3.20279E-5 2.25631E-5 1.70219E-5 3.23843E-5 5.22276E-5 8.11724E-5 7.43187E-5 5.95704E-5 5.10826E-5 2.45023E-5 1.06388E-6 9.88713E-7 1.31101E-6 1.12849E-5 1.10466E-5 1.07765E-5 1.00353E-5 7.80335E-6 7.35321E-6 6.45845E-7 6.73724E-7 1.02317E-6 1.22516E-6 1.55644E-6 1.11899E-6 1.59837E-6 7.2632E-6 9.79162E-6 1.11149E-5 1.3108E-5 1.62484E-5 1.63388E-5 1.73667E-5 1.88341E-5 1.93442E-5 2.67977E-5 2.7213E-5 2.83737E-5 3.86179E-5 1.54865E-5 1.59665E-5 1.51427E-5 1.2919E-5 7.89375E-6 7.18386E-6 3.89329E-6 2.93636E-6 2.09981E-6 1.76179E-6 1.51152E-6 -9999 2.29719E-6 -9999 -9999 -9999 -9999 -9999 -9999 -9999 -9999 -9999 -9999
3.10421E-4 1.62023E-4 1.48869E-4 9.22155E-5 5.03056E-5 3.88346E-5 3.56885E-5 3.03225E-5 3.58126E-5 5.95455E-5 6.18241E-5 4.71766E-5 4.39066E-5 1.6138E-5 5.92638E-7 5.07276E-7 6.16411E-6 7.38625E-6 1.18457E-5 1.11807E-5 9.33231E-6 5.55702E-6 3.68688E-6 1.97452E-6 2.44158E-6 5.58723E-7 1.97321E-6 1.67071E-6 9.93569E-7 1.40872E-6 2.09195E-6 9.37557E-6 8.69033E-6 1.02735E-5 1.20544E-5 1.42802E-5 1.49703E-5 1.59817E-5 1.65182E-5 1.56928E-5 1.61698E-5 2.33979E-5 3.44521E-5 3.4838E-5 1.37267E-5 1.24194E-5 1.21059E-5 7.83177E-6 6.32191E-6 3.32856E-6 2.40517E-6 1.57767E-6 1.39E-6 1.43169E-6 1.76251E-6 1.99588E-6 2.0096E-6 7.22955E-7 -9999 -9999 -9999 -9999 -9999 -9999 -9999 -9999
2.71677E-4 1.85257E-4 1.45018E-4 1.0817E-4 1.04648E-4 8.28911E-5 4.62591E-5 5.0201E-5 4.70517E-5 4.78735E-5 6.61456E-5 6.33888E-5 2.96052E-5 1.30241E-5 4.09991E-7 4.55947E-7 7.14492E-6 1.14558E-5 1.98421E-5 1.199E-5 1.26679E-5 1.16081E-5 1.63977E-5 4.56902E-5 5.63566E-5 9.29917E-6 1.33532E-5 1.97422E-5 1.34089E-5 8.26142E-6 9.6348E-6 1.25058E-5 1.09129E-5 1.18057E-5 1.13264E-5 1.34745E-5 1.18482E-5 1.34214E-5 1.41845E-5 1.36865E-5 1.39559E-5 1.57215E-5 2.29819E-5 2.3353E-5 3.65533E-5 3.90102E-5 1.0024E-5 7.23315E-6 6.14617E-6 4.37098E-6 2.11461E-6 1.29424E-6 1.02063E-6 9.90462E-7 1.45841E-6 1.80878E-6 9.58388E-7 -9999 -9999 -9999 -9999 -9999 -9999 -9999 -9999 -9999
2.25314E-4 3.35696E-4 2.05939E-4 8.46946E-5 1.40409E-4 9.5085E-5 8.88948E-5 7.23395E-5 8.79913E-5 1.11467E-4 1.32323E-4 5.91025E-5 3.67325E-5 1.65108E-6 4.2427E-6 6.00461E-6 2.56533E-6 2.49986E-5 4.99925E-5 2.07602E-5 3.33505E-5 2.96513E-5 5.15743E-5 7.21658E-5 1.11953E-4 4.59111E-5 2.39904E-5 2.92062E-5 2.47993E-5 2.27928E-5 2.04959E-5 1.82445E-5 1.87463E-5 1.6046E-5 1.00927E-5 9.54956E-6 1.01882E-5 9.21169E-6 1.01381E-5 1.15612E-5 1.29901E-5 1.46528E-5 2.23201E-5 2.21709E-5 3.04509E-5 3.36984E-5 3.53956E-5 5.09234E-6 6.1645E-6 5.40554E-6 3.07831E-6 1.89112E-6 1.22657E-6 9.2448E-7 -9999 -9999 -9999 -9999 -9999 -9999 -9999 -9999 -9999 -9999 -9999 -9999
1.5502E-4 3.33751E-4 2.70293E-4 2.36152E-4 2.02031E-4 1.59014E-4 1.03684E-4 1.10658E-4 1.76153E-4 1.72282E-4 1.43915E-4 1.02265E-4 4.54944E-5 5.17155E-6 9.65318E-6 2.11898E-5 2.6677E-5 3.23312E-5 7.13095E-5 7.22563E-5 8.77501E-5 8.92857E-5 7.67799E-5 8.82838E-5 1.67677E-4 1.01809E-4 7.43633E-5 4.53011E-5 3.091E-5 3.08E-5 2.82803E-5 2.48074E-5 2.18866E-5 1.86912E-5 1.51049E-5 8.11483E-6 5.90138E-6 6.9381E-6 7.55424E-6 8.2329E-6 9.88393E-6 1.12237E-5 1.40736E-5 1.9458E-5 1.75937E-5 2.72788E-5 2.84406E-5 3.17582E-6 5.4541E-6 6.54146E-6 4.38267E-6 1.88825E-6 1.34477E-6 8.55348E-7 -9999 -9999 -9999 -9999 -9999 -9999 -9999 -9999 -9999 -9999 -9999 -9999
1.6562E-4 2.9229E-4 2.36771E-4 2.93356E-4 2.4896E-4 2.19856E-4 2.59896E-4 2.0916E-4 2.17617E-4 2.20273E-4 1.6173E-4 9.66557E-5 5.27714E-5 6.11187E-5 3.23369E-5 3.65161E-5 3.9927E-5 4.16616E-5 1.37179E-4 1.29177E-4 1.26361E-4 1.64787E-4 1.6649E-4 1.35542E-4 1.61247E-4 1.06559E-4 3.00682E-5 6.96154E-5 5.22549E-5 3.551E-5 3.01076E-5 2.51339E-5 2.24691E-5 1.90241E-5 1.7612E-5 8.04747E-6 5.28863E-6 5.44576E-6 6.00529E-6 6.12965E-6 6.52127E-6 7.76571E-6 1.23344E-5 1.26679E-5 1.70721E-5 1.98965E-5 1.85656E-5 1.71314E-5 3.05344E-6 3.14759E-6 2.68486E-6 2.12926E-6 1.78948E-6 9.10145E-7 -9999 -9999 -9999 -9999 -9999 -9999 -9999 -9999 -9999 -9999 -9999 -9999
1.47773E-4 2.48085E-4 2.31057E-4 2.70881E-4 2.61241E-4 3.22076E-4 3.0108E-4 1.63049E-4 2.91664E-4 3.02396E-4 1.92493E-4 9.12677E-5 5.67117E-5 4.92149E-5 7.06813E-5 5.5835E-5 1.45885E-4 8.50136E-5 2.03829E-4 2.15221E-4 2.04677E-4 1.94759E-4 2.07657E-4 1.36394E-4 1.19373E-4 1.01853E-4 1.11437E-4 3.50388E-5 2.49563E-5 4.80626E-5 3.10331E-5 2.68946E-5 2.35406E-5 1.7388E-5 1.74614E-5 9.03341E-6 4.94193E-6 4.48212E-6 4.22333E-6 4.30973E-6 4.72721E-6 5.28641E-6 5.49029E-6 8.20361E-6 7.65761E-6 1.12871E-5 1.09761E-5 1.54793E-5 1.68545E-5 1.32348E-5 1.34596E-6 1.43838E-6 1.80051E-6 9.1102E-7 -9999 -9999 -9999 -9999 -9999 -9999 -9999 -9999 -9999 -9999 -9999 -9999
1.03042E-4 1.75997E-4 3.05731E-4 3.13258E-4 2.36562E-4 2.62694E-4 2.81383E-4 2.62162E-4 2.26868E-4 1.71343E-4 1.03067E-4 5.25424E-5 4.69912E-5 6.81791E-5 5.84064E-5 7.20363E-5 4.22823E-5 1.39031E-4 2.40098E-4 2.31501E-4 2.48131E-4 2.47572E-4 2.52844E-4 1.90304E-4 1.29681E-4 9.82833E-5 7.19744E-5 1.06712E-4 7.99286E-5 5.98088E-5 4.53717E-5 2.31079E-5 1.82576E-5 1.63594E-5 1.48403E-5 8.4974E-6 4.51349E-6 3.62427E-6 3.11514E-6 2.01437E-6 2.94164E-6 3.25482E-6 3.28539E-6 3.37173E-6 4.51797E-6 6.23414E-6 7.98697E-6 1.01317E-5 8.08796E-6 3.55571E-7 5.37044E-7 1.03543E-6 -9999 -9999 -9999 -9999 -9999 -9999 -9999 -9999 -9999 -9999 5.00601E-6 4.81139E-6 2.59151E-6 1.34119E-6
7.52076E-5 9.93618E-5 1.24225E-4 1.08127E-4 4.63748E-5 8.71348E-5 1.17887E-4 1.52289E-4 1.343E-4 1.61091E-4 6.29463E-5 5.16768E-5 4.97879E-5 7.24545E-5 5.24596E-5 4.55327E-5 2.5549E-5 2.22382E-5 2.22916E-5 1.26073E-4 1.89138E-4 1.85044E-4 2.02087E-4 1.52775E-4 9.68909E-5 6.91557E-5 5.20584E-5 8.00011E-5 1.01317E-4 8.85321E-5 6.03971E-5 2.09561E-5 2.27703E-5 1.60828E-5 1.07247E-5 4.58855E-6 3.71674E-6 2.64478E-6 2.16849E-6 1.37584E-6 1.31467E-6 1.45003E-6 2.19856E-6 2.23795E-6 2.76705E-6 4.35246E-6 5.14726E-6 4.82991E-6 6.07264E-8 1.15804E-7 2.58186E-7 -9999 -9999 -9999 -9999 -9999 -9999 -9999 -9999 -9999 -9999 -9999 5.08629E-6 5.06617E-6 -9999 -9999
6.03924E-5 5.81994E-5 3.9516E-5 4.33174E-5 3.56148E-5 4.14623E-5 6.50219E-5 6.08202E-5 6.39749E-5 5.26714E-5 5.26032E-5 -9999 -9999 -9999 -9999 3.11958E-5 1.53277E-5 1.27955E-5 1.07687E-5 1.61177E-5 9.44592E-5 1.36086E-4 1.24184E-4 1.05053E-4 7.72436E-5 4.12964E-5 3.69693E-5 4.91503E-5 8.25805E-5 1.09083E-4 5.12195E-5 1.9453E-5 9.11234E-6 7.71586E-6 5.21251E-6 3.81131E-6 2.68776E-6 1.86888E-6 1.07218E-6 9.63477E-7 8.6839E-7 1.03251E-6 1.11168E-6 1.18958E-6 1.73593E-6 2.14138E-6 2.46307E-6 3.71901E-8 3.25147E-8 3.93428E-8 -9999 -9999 -9999 -9999 -9999 -9999 -9999 -9999 -9999 -9999 5.35E-6 -9999 -9999 -9999 -9999 4.98368E-6
1.33596E-4 7.73049E-5 4.05386E-5 2.42705E-5 3.11949E-5 2.81149E-5 3.42194E-5 3.28435E-5 4.11858E-5 4.45548E-5 -9999 -9999 -9999 -9999 -9999 -9999 -9999 -9999 8.69345E-6 8.10983E-6 1.04464E-5 4.06773E-5 6.3445E-5 6.06487E-5 3.08177E-5 2.73765E-5 3.88281E-5 7.03257E-5 9.16372E-5 7.81855E-5 4.94842E-5 1.9077E-5 2.02066E-5 1.51485E-5 2.25691E-6 2.35347E-6 1.8321E-6 9.32409E-7 6.72826E-7 4.51694E-7 4.79941E-7 6.79256E-7 9.95207E-7 1.12202E-6 1.16242E-6 2.17906E-6 1.96191E-6 3.60651E-8 4.31242E-8 7.93793E-8 1.97866E-7 3.86884E-7 -9999 -9999 4.09394E-6 4.85432E-6 5.1148E-6 7.95771E-6 -9999 -9999 -9999 -9999 -9999 5.17655E-6 2.36261E-5 1.80445E-5
4.81703E-5 1.45291E-4 1.07238E-4 4.84797E-5 1.89147E-5 1.82148E-5 2.20453E-5 -9999 -9999 -9999 -9999 -9999 -9999 -9999 -9999 -9999 -9999 -9999 -9999 -9999 5.12787E-6 3.64322E-6 4.32002E-6 1.92883E-5 2.72734E-5 2.41127E-5 2.48919E-5 4.22556E-5 8.09814E-5 8.24984E-5 4.10568E-5 1.98841E-5 2.57491E-5 1.9058E-5 1.86299E-6 1.59965E-6 1.01102E-6 7.04324E-7 6.38934E-7 4.46095E-7 4.00069E-7 3.97115E-7 5.83558E-7 9.09619E-7 1.30266E-6 2.49546E-6 2.66674E-6 2.49507E-6 1.05227E-7 2.7452E-7 3.61144E-7 8.27988E-7 2.07299E-6 1.47768E-5 5.70714E-6 5.7599E-6 5.72968E-6 1.03537E-5 9.60019E-6 1.13563E-5 8.65088E-6 2.06688E-5 2.42967E-5 2.2191E-5 2.33941E-5 2.30991E-5
-9999 -9999 3.38109E-5 3.26957E-5 -9999 -9999 -9999 -9999 -9999 -9999 -9999 -9999 -9999 -9999 -9999 -9999 -9999 -9999 -9999 -9999 -9999 3.42688E-6 2.7221E-6 4.94784E-5 5.18405E-6 2.51426E-5 2.93339E-5 2.93433E-5 6.54013E-5 4.08709E-5 3.54417E-5 2.054E-5 1.526E-5 2.16555E-5 1.69144E-5 7.00936E-6 1.67662E-6 8.7407E-7 5.30837E-7 1.11018E-6 3.26117E-6 1.00953E-6 5.89326E-7 1.06078E-6 1.52167E-6 2.43357E-6 3.24485E-6 1.3711E-7 3.20092E-7 7.46232E-6 1.35212E-6 2.06214E-6 1.91212E-5 2.47722E-5 7.6598E-6 5.79647E-6 2.88951E-5 2.03005E-5 2.16186E-5 2.05843E-5 4.14152E-5 3.97908E-5 2.55543E-5 2.53209E-5 2.12995E-5 1.6908E-5
-9999 -9999 -9999 -9999 -9999 -9999 -9999 -9999 -9999 -9999 -9999 -9999 -9999 -9999 -9999 -9999 -9999 -9999 -9999 -9999 -9999 -9999 2.79557E-6 6.71841E-5 6.20391E-5 4.23985E-6 8.47024E-6 3.00636E-5 3.46417E-5 2.90285E-5 2.50364E-5 2.73148E-5 2.91888E-5 1.74651E-5 2.06046E-5 2.12341E-5 1.55786E-5 9.00983E-6 5.26238E-6 1.17141E-5 1.21912E-5 8.03584E-6 2.15259E-6 1.92296E-6 3.49538E-6 2.95533E-6 2.72727E-6 3.50113E-6 5.64101E-6 1.03164E-5 1.59922E-5 2.12633E-5 3.27028E-5 2.32674E-5 1.86445E-5 2.58E-5 3.86789E-5 4.32564E-5 3.65339E-5 3.30411E-5 3.00031E-5 2.33406E-5 2.15166E-5 2.12173E-5 2.66514E-5 3.60696E-5
-9999 -9999 -9999 -9999 -9999 -9999 -9999 -9999 -9999 -9999 -9999 -9999 -9999 -9999 -9999 -9999 -9999 -9999 -9999 -9999 -9999 -9999 -9999 9.37359E-5 8.39422E-6 6.89985E-5 5.4387E-5 1.78271E-6 1.41953E-5 2.36738E-5 1.77488E-5 2.96113E-5 4.96093E-5 3.77204E-5 1.90978E-5 1.37543E-5 8.0272E-6 1.26389E-5 7.93605E-6 1.07771E-5 1.58974E-5 2.77494E-6 4.6673E-6 5.98612E-6 7.60244E-6 9.28217E-6 9.87712E-6 8.39351E-6 1.27315E-5 1.7727E-5 1.84793E-5 2.21957E-5 2.31119E-5 2.68986E-5 1.66358E-5 2.92147E-5 3.13105E-5 3.85125E-5 4.37334E-5 3.36215E-5 2.71401E-5 2.62317E-5 2.88598E-5 2.34512E-5 3.11765E-5 3.1067E-5
-9999 -9999 -9999 -9999 -9999 -9999 -9999 -9999 -9999 -9999 -9999 -9999 -9999 -9999 -9999 -9999 -9999 -9999 -9999 -9999 -9999 -9999 -9999 -9999 5.80985E-6 8.18244E-6 6.36836E-6 2.22393E-5 4.02792E-7 2.14526E-6 3.35157E-6 2.06745E-5 2.3051E-5 2.9527E-5 2.82741E-5 2.74516E-5 2.59512E-5 2.66953E-5 1.56181E-5 2.21434E-5 2.1743E-5 1.8679E-5 1.92129E-5 1.61405E-5 2.34893E-5 1.66034E-5 1.3294E-5 1.29868E-5 1.84632E-5 1.94973E-5 2.18641E-5 3.56287E-5 2.93937E-5 2.81431E-5 1.83042E-5 2.37458E-5 3.52568E-5 5.41334E-5 4.23625E-5 4.06036E-5 2.97856E-5 2.68275E-5 2.91089E-5 3.03138E-5 4.01313E-5 2.79295E-5
-9999 -9999 -9999 -9999 -9999 -9999 -9999 -9999 -9999 -9999 -9999 -9999 -9999 -9999 -9999 -9999 -9999 -9999 -9999 -9999 -9999 -9999 -9999 -9999 -9999 7.29674E-6 1.1103E-5 4.30246E-5 9.66543E-6 2.73183E-6 3.26525E-7 1.0377E-5 2.22092E-5 2.76396E-5 1.5579E-5 1.46393E-5 2.47162E-5 2.09932E-5 1.48219E-5 1.26643E-5 1.53076E-5 1.90617E-5 2.06511E-5 1.36176E-4 1.45149E-4 3.27519E-5 1.98307E-5 2.12446E-5 2.39041E-5 3.99734E-5 3.85745E-5 3.12281E-5 2.5494E-5 3.43206E-5 1.93766E-5 2.01805E-5 3.61145E-5 3.5662E-5 4.57408E-5 3.92264E-5 3.13156E-5 2.77344E-5 2.7701E-5 3.57353E-5 4.1721E-5 3.95642E-5
-9999 -9999 -9999 -9999 -9999 -9999 -9999 -9999 -9999 -9999 -9999 -9999 -9999 -9999 -9999 -9999 -9999 -9999 -9999 -9999 -9999 -9999 -9999 -9999 -9999 -9999 5.25267E-5 6.99829E-5 4.52984E-5 1.5353E-5 7.6743E-6 2.08086E-7 8.48564E-7 8.55144E-6 9.02131E-6 9.1117E-6 2.47258E-5 5.23085E-5 4.60657E-5 2.61845E-5 3.10303E-5 3.18158E-5 2.65187E-5 2.97478E-5 2.24111E-4 3.4837E-5 2.9377E-5 3.79324E-5 4.0577E-5 3.61982E-5 4.04755E-5 3.37671E-5 2.76135E-5 2.40275E-5 3.75072E-5 3.30584E-5 2.35121E-5 3.57188E-5 4.45796E-5 5.34546E-5 3.46599E-5 3.3107E-5 3.20818E-5 3.533E-5 3.23852E-5 2.33285E-5
-9999 -9999 -9999 -9999 -9999 -9999 -9999 -9999 -9999 -9999 -9999 -9999 -9999 -9999 -9999 -9999 -9999 -9999 -9999 -9999 -9999 -9999 -9999 -9999 -9999 -9999 -9999 8.0275E-6 1.22853E-5 6.08459E-5 3.42761E-5 1.59722E-5 1.77417E-5 2.58688E-7 1.0182E-6 2.69893E-6 1.79985E-5 4.3418E-4 6.44519E-5 4.59751E-5 3.70917E-5 1.94573E-4 2.19362E-4 2.47483E-4 2.51574E-4 2.1625E-4 3.26567E-5 4.23947E-5 3.74497E-5 3.60735E-5 4.02707E-5 4.22886E-5 2.62987E-5 2.78162E-5 4.18938E-5 4.9006E-5 2.88946E-5 4.47843E-5 3.64025E-5 3.95099E-5 3.65332E-5 3.59988E-5 3.05349E-5 3.21038E-5 2.58899E-5 2.15367E-5
-9999 -9999 -9999 -9999 -9999 -9999 -9999 -9999 -9999 -9999 -9999 -9999 -9999 -9999 -9999 -9999 -9999 -9999 -9999 -9999 -9999 -9999 -9999 -9999 -9999 -9999 -9999 -9999 6.99551E-6 4.84067E-5 7.3626E-5 7.08903E-5 4.37333E-5 2.45762E-5 1.42578E-5 1.05662E-5 1.42268E-6 5.62449E-6 2.88864E-4 2.22941E-5 1.51738E-4 1.72055E-4 1.59883E-4 1.95369E-4 2.23292E-4 2.40034E-4 1.96259E-4 3.57642E-5 3.50752E-5 3.71679E-5 4.009E-5 3.23849E-5 2.37821E-5 2.99386E-5 3.82846E-5 3.68383E-5 4.5231E-5 4.2782E-5 4.57978E-5 4.00761E-5 3.65967E-5 4.26545E-5 3.62105E-5 3.40926E-5 3.25357E-5 2.37282E-5
-9999 -9999 -9999 -9999 -9999 -9999 -9999 -9999 -9999 -9999 -9999 -9999 -9999 -9999 -9999 -9999 -9999 -9999 -9999 -9999 -9999 -9999 -9999 -9999 -9999 -9999 -9999 -9999 -9999 -9999 8.09941E-5 1.1541E-4 7.92635E-5 4.14539E-5 2.06186E-5 2.87308E-5 2.14441E-5 2.29924E-5 2.68582E-6 7.39451E-6 8.44029E-6 1.10653E-4 1.20851E-4 1.97565E-4 1.88422E-4 1.646E-4 1.45391E-4 1.73038E-4 1.14009E-4 1.46541E-4 2.17777E-4 2.48702E-5 2.71306E-5 2.62624E-5 2.3941E-5 4.29342E-5 5.04699E-5 4.49212E-5 5.26774E-5 4.82476E-5 5.06484E-5 5.00827E-5 4.67706E-5 4.18091E-5 3.39555E-5 2.69853E-5
-9999 -9999 -9999 -9999 -9999 -9999 -9999 -9999 -9999 -9999 -9999 -9999 -9999 -9999 -9999 -9999 -9999 -9999 -9999 -9999 -9999 -9999 -9999 -9999 -9999 -9999 -9999 -9999 -9999 -9999 -9999 7.2893E-5 5.91189E-5 5.81285E-5 4.6499E-5 3.11919E-5 4.09587E-5 4.94259E-5 1.64892E-6 2.57532E-6 5.47769E-6 8.97213E-5 1.10067E-4 1.41078E-4 1.67984E-4 1.16359E-4 1.0726E-4 8.15751E-5 9.21422E-5 6.55644E-5 9.30302E-5 8.83859E-5 1.04683E-4 1.99824E-5 2.21843E-5 2.20167E-5 3.46531E-5 3.30108E-5 5.96995E-5 3.68685E-5 1.04796E-4 5.56522E-5 4.48496E-5 4.24014E-5 3.42389E-5 3.83248E-5
-9999 -9999 -9999 -9999 -9999 -9999 -9999 -9999 -9999 -9999 -9999 -9999 -9999 -9999 -9999 -9999 -9999 -9999 -9999 -9999 -9999 -9999 -9999 -9999 -9999 -9999 -9999 -9999 -9999 -9999 -9999 -9999 -9999 4.44329E-5 4.14473E-5 4.53708E-5 5.43044E-5 3.82131E-5 2.86175E-6 3.2622E-6 3.62116E-6 1.04961E-5 1.32099E-4 1.34165E-4 1.41476E-4 1.39926E-4 9.45743E-5 1.14475E-4 7.43881E-5 2.04823E-4 2.02246E-4 2.07796E-4 8.41816E-5 9.51975E-5 1.28906E-4 8.42206E-5 2.1778E-5 2.74807E-5 4.2537E-5 4.78186E-5 4.58242E-5 6.33461E-5 4.47259E-5 4.58918E-5 3.41644E-5 3.4377E-5
-9999 -9999 -9999 -9999 -9999 -9999 -9999 -9999 -9999 -9999 -9999 -9999 -9999 -9999 -9999 -9999 -9999 -9999 -9999 -9999 -9999 -9999 -9999 -9999 -9999 -9999 -9999 -9999 -9999 -9999 -9999 -9999 -9999 -9999 -9999 -9999 -9999 -9999 -9999 -9999 3.22653E-6 5.56381E-6 9.15626E-5 1.13997E-4 1.44617E-4 1.40537E-4 1.68913E-4 1.28475E-4 1.15157E-4 2.32786E-4 1.8882E-4 1.80927E-4 7.90342E-5 6.23463E-5 1.74238E-4 8.74309E-5 7.17937E-5 6.19202E-5 1.21536E-4 3.80544E-5 4.87968E-5 1.36254E-4 4.62869E-5 3.41599E-5 3.32032E-5 3.6739E-5
-9999 -9999 -9999 -9999 -9999 -9999 -9999 -9999 -9999 -9999 -9999 -9999 -9999 -9999 -9999 -9999 -9999 -9999 -9999 -9999 -9999 -9999 -9999 -9999 -9999 -9999 -9999 -9999 -9999 -9999 -9999 -9999 -9999 -9999 -9999 -9999 -9999 -9999 -9999 -9999 -9999 -9999 5.03469E-5 7.30217E-5 2.5866E-4 1.09605E-4 1.13322E-4 7.24918E-5 9.68372E-5 2.85474E-4 2.25136E-4 2.73746E-4 2.21359E-4 2.08704E-4 1.38311E-4 5.81215E-5 5.82139E-5 9.64138E-5 5.34133E-5 8.14732E-5 9.34366E-5 5.68971E-5 6.11593E-5 4.76487E-5 3.62411E-5 2.69489E-5
-9999 -9999 -9999 -9999 -9999 -9999 -9999 -9999 -9999 -9999 -9999 -9999 -9999 -9999 -9999 -9999 -9999 -9999 -9999 -9999 -9999 -9999 -9999 -9999 -9999 -9999 -9999 -9999 -9999 -9999 -9999 -9999 -9999 -9999 -9999 -9999 -9999 -9999 -9999 -9999 -9999 -9999 -9999 -9999 4.98077E-5 1.32346E-4 1.30016E-4 1.3621E-4 2.05673E-4 2.19659E-4 2.62102E-4 3.1339E-4 2.44861E-4 2.13003E-4 1.20717E-4 4.7009E-5 4.67248E-5 4.99629E-5 7.53053E-5 1.26293E-4 3.81487E-5 4.32209E-5 4.30719E-5 4.31137E-5 3.22648E-5 3.19035E-5
-9999 -9999 -9999 -9999 -9999 -9999 -9999 -9999 -9999 -9999 -9999 -9999 -9999 -9999 -9999 -9999 -9999 -9999 -9999 -9999 -9999 -9999 -9999 -9999 -9999 -9999 -9999 -9999 -9999 -9999 -9999 -9999 -9999 -9999 -9999 -9999 -9999 -9999 -9999 -9999 -9999 -9999 -9999 -9999 -9999 -9999 -9999 -9999 4.58662E-5 5.30807E-5 5.38597E-5 5.50489E-5 2.03631E-4 1.38128E-4 1.2819E-4 7.58592E-5 4.38839E-5 5.83487E-5 5.22485E-5 3.97927E-5 7.69069E-5 2.71268E-5 2.98807E-5 6.0655E-5 3.97658E-5 3.63258E-5
