Leopardus colocola/Leopardus_colocola_projection 2041-2060_novel.asc
ncols         515
nrows         545
xllcorner     -119.0
yllcorner     -58.333333333333
cellsize      0.166666666667
NODATA_value  -9999
[rows 330 to 359 of 545, columns 272 to 339 of 515]
-9999 -9999 -9999 -9999 -9999 -9999 -9999 -9999 -9999 -9999 -9999 -9999 -9999 -9999 -9999 -9999 -9999 -9999 -9999 -9999 -9999 2.19692E-1 2.19692E-1 3.39525E-1 5.19273E-1 6.39105E-1 9.98602E-1 1.3581E0 1.55782E0 6.39105E-1 1.77751E0 8.7877E-1 5.99161E-1 6.39105E-1 1.59776E-1 7.98882E-2 9.18714E-1 5.19273E-1 3.59497E-1 5.99161E-2 3.79469E-1 5.79189E-1 4.79329E-1 2.53645E0 2.69623E0 2.79609E0 4.25404E0 4.25404E0 4.25404E0 3.31536E0 3.73477E0 5.95167E0 1.1404E1 2.19692E1 2.85201E1 1.65568E1 1.24026E1 1.33613E1 1.38806E1 6.65069E0 3.09567E0 3.09567E0 3.09567E0 3.09567E0 3.09567E0 1.4979E0 1.4979E0 1.4979E0
-9999 -9999 -9999 -9999 -9999 -9999 -9999 -9999 -9999 -9999 -9999 -9999 -9999 -9999 -9999 -9999 -9999 -9999 -9999 -9999 -9999 2.19692E-1 2.19692E-1 3.39525E-1 5.19273E-1 6.39105E-1 9.98602E-1 1.39804E0 1.61774E0 1.01857E0 1.41801E0 1.15838E0 1.21829E0 9.7863E-1 6.59077E-1 6.59077E-1 9.98602E-2 1.19832E-1 1.59776E-1 2.99581E-1 3.39525E-1 6.79049E-1 6.39105E-1 1.69762E0 2.37667E0 3.47513E0 4.13421E0 4.25404E0 4.25404E0 3.43519E0 5.2127E0 8.08868E0 1.36609E1 2.57639E1 2.11504E1 1.32015E1 6.65069E0 1.25824E1 6.65069E0 3.09567E0 3.09567E0 3.09567E0 3.09567E0 3.09567E0 3.09567E0 1.4979E0 1.4979E0 1.4979E0
-9999 -9999 -9999 -9999 -9999 -9999 -9999 -9999 -9999 -9999 -9999 -9999 -9999 -9999 -9999 -9999 -9999 -9999 -9999 -9999 -9999 2.19692E-1 2.19692E-1 3.39525E-1 5.19273E-1 6.39105E-1 9.98602E-1 1.3581E0 1.47793E0 1.75754E0 1.79748E0 1.73757E0 1.87737E0 1.81746E0 1.29818E0 2.39664E-1 1.19832E-1 8.98742E-1 1.13841E0 3.79469E-1 2.39664E-1 1.11843E0 2.59637E-1 1.29818E0 1.73757E0 3.51508E0 3.79469E0 4.25404E0 4.25404E0 4.25404E0 3.55502E0 6.65069E0 9.74636E0 2.69623E1 2.18894E1 6.65069E0 1.32015E1 6.65069E0 6.65069E0 3.09567E0 3.09567E0 3.09567E0 3.09567E0 3.09567E0 3.09567E0 3.09567E0 1.4979E0 1.4979E0
-9999 -9999 -9999 -9999 -9999 -9999 -9999 -9999 -9999 -9999 -9999 -9999 -9999 -9999 -9999 -9999 -9999 -9999 -9999 -9999 2.19692E-1 2.19692E-1 2.19692E-1 3.39525E-1 5.19273E-1 6.39105E-1 9.98602E-1 1.3581E0 1.55782E0 1.73757E0 1.75754E0 2.05712E0 2.19692E0 2.19692E0 1.55782E0 2.39664E-1 1.59776E-1 9.7863E-1 1.37807E0 1.01857E0 1.21829E0 2.05712E0 2.69623E0 2.25684E0 3.15558E0 3.3553E0 4.25404E0 3.95446E0 4.23407E0 4.25404E0 3.89455E0 2.93589E0 8.80767E0 2.44058E1 2.41262E1 6.65069E0 6.65069E0 6.65069E0 3.09567E0 3.09567E0 3.09567E0 3.09567E0 3.09567E0 3.09567E0 3.09567E0 3.09567E0 3.09567E0 1.4979E0
-9999 -9999 -9999 -9999 -9999 -9999 -9999 -9999 -9999 -9999 -9999 -9999 -9999 -9999 -9999 -9999 -9999 -9999 -9999 5.19273E-1 2.19692E-1 2.19692E-1 2.19692E-1 3.39525E-1 5.19273E-1 6.39105E-1 1.19832E0 1.39804E0 1.55782E0 1.73757E0 1.73757E0 1.87737E0 2.19692E0 2.19692E0 1.81746E0 1.67765E0 1.39804E-1 6.79049E-1 1.81746E0 1.95726E0 1.81746E0 2.19692E0 2.39664E0 3.13561E0 3.575E0 3.59497E0 4.25404E0 3.63491E0 4.25404E0 4.25404E0 5.2127E0 2.57639E0 8.00879E0 2.42261E1 2.38666E1 6.65069E0 6.65069E0 6.65069E0 3.09567E0 3.09567E0 3.09567E0 3.09567E0 3.09567E0 3.09567E0 3.09567E0 3.09567E0 3.09567E0 1.4979E0
-9999 -9999 -9999 -9999 -9999 -9999 -9999 -9999 -9999 -9999 -9999 -9999 -9999 -9999 -9999 -9999 -9999 -9999 -9999 3.39525E-1 2.19692E-1 2.19692E-1 2.19692E-1 3.39525E-1 5.19273E-1 6.39105E-1 9.98602E-1 1.3581E0 1.43799E0 1.61774E0 1.7176E0 1.87737E0 2.19692E0 2.19692E0 2.19692E0 1.05852E0 1.41801E0 1.21829E0 1.03855E0 1.97723E0 1.97723E0 3.17555E0 3.17555E0 3.07569E0 3.59497E0 3.81466E0 4.25404E0 4.25404E0 2.79609E0 5.2127E0 5.2127E0 6.71061E0 9.80627E0 2.25884E1 2.11104E1 6.65069E0 6.65069E0 3.09567E0 3.09567E0 3.09567E0 3.09567E0 3.09567E0 3.09567E0 3.09567E0 3.09567E0 3.09567E0 3.09567E0 3.09567E0
-9999 -9999 -9999 -9999 -9999 -9999 -9999 -9999 -9999 -9999 -9999 -9999 -9999 -9999 -9999 -9999 -9999 -9999 -9999 -9999 2.19692E-1 2.19692E-1 2.19692E-1 3.39525E-1 5.19273E-1 6.39105E-1 9.98602E-1 1.3581E0 1.39804E0 1.47793E0 1.7176E0 1.83743E0 2.11704E0 2.19692E0 2.19692E0 1.01857E0 9.98602E-1 9.98602E-1 1.29818E0 1.43799E0 2.19692E0 2.19692E0 2.61634E0 3.07569E0 3.41522E0 4.11424E0 5.2127E0 4.25404E0 3.63491E0 5.2127E0 5.69203E0 1.31416E1 1.3561E1 2.03915E1 2.01518E1 6.65069E0 6.65069E0 6.65069E0 6.65069E0 6.65069E0 3.09567E0 3.09567E0 3.09567E0 3.09567E0 3.09567E0 3.09567E0 3.09567E0 3.09567E0
-9999 -9999 -9999 -9999 -9999 -9999 -9999 -9999 -9999 -9999 -9999 -9999 -9999 -9999 -9999 -9999 -9999 -9999 -9999 -9999 2.19692E-1 2.19692E-1 2.19692E-1 3.39525E-1 5.19273E-1 6.39105E-1 9.98602E-1 1.3581E0 1.39804E0 1.55782E0 1.61774E0 1.83743E0 2.05712E0 2.19692E0 2.73617E0 1.29818E0 3.99441E-2 7.38965E-1 1.95726E0 1.87737E0 1.33813E0 3.07569E0 2.19692E0 3.07569E0 3.07569E0 6.51088E0 5.2127E0 4.25404E0 4.25404E0 5.2127E0 8.50809E0 2.07709E1 2.30278E1 1.74556E1 1.49591E1 1.5698E1 6.65069E0 6.65069E0 6.65069E0 6.65069E0 3.09567E0 3.09567E0 3.09567E0 3.09567E0 3.09567E0 3.09567E0 3.09567E0 3.09567E0
-9999 -9999 -9999 -9999 -9999 -9999 -9999 -9999 -9999 -9999 -9999 -9999 -9999 -9999 -9999 -9999 -9999 -9999 -9999 2.19692E-1 2.19692E-1 2.19692E-1 2.19692E-1 3.39525E-1 5.19273E-1 6.39105E-1 9.98602E-1 1.3581E0 1.3581E0 1.47793E0 1.61774E0 1.83743E0 2.05712E0 2.19692E0 2.91592E0 2.73617E0 1.3581E0 1.27821E0 2.83603E0 2.19692E0 2.13701E0 2.19692E0 2.09706E0 3.07569E0 3.89455E0 3.79469E0 3.47513E0 3.55502E0 5.2127E0 9.7863E0 1.62373E1 2.04114E1 1.92331E1 1.41801E1 1.3601E1 1.74556E1 1.49591E1 1.41801E1 6.65069E0 6.65069E0 6.65069E0 3.09567E0 3.09567E0 3.09567E0 3.09567E0 3.09567E0 3.09567E0 3.09567E0
-9999 -9999 -9999 -9999 -9999 -9999 -9999 -9999 -9999 -9999 -9999 -9999 -9999 -9999 -9999 -9999 -9999 -9999 -9999 2.19692E-1 2.19692E-1 2.19692E-1 2.19692E-1 2.19692E-1 5.19273E-1 6.39105E-1 9.18714E-1 1.29818E0 1.43799E0 1.47793E0 1.61774E0 1.87737E0 1.97723E0 2.4965E0 1.21829E0 1.87737E0 2.19692E0 1.3581E0 2.09706E0 2.19692E0 2.19692E0 2.19692E0 8.98742E-1 1.57779E0 3.07569E0 2.99581E0 4.25404E0 1.3581E0 6.27122E0 1.41801E1 1.66966E1 1.95926E1 1.6457E1 1.32015E1 1.41801E1 2.01518E1 1.5698E1 1.32015E1 6.65069E0 6.65069E0 6.65069E0 6.65069E0 3.09567E0 3.09567E0 3.09567E0 3.09567E0 3.09567E0 3.09567E0
-9999 -9999 -9999 -9999 -9999 -9999 -9999 -9999 -9999 -9999 -9999 -9999 -9999 -9999 -9999 -9999 -9999 -9999 -9999 2.19692E-1 3.39525E-1 3.39525E-1 3.39525E-1 3.39525E-1 5.19273E-1 6.39105E-1 9.98602E-1 1.3581E0 1.43799E0 1.47793E0 1.87737E0 1.83743E0 2.11704E0 2.59637E-1 2.81606E0 2.07709E0 2.19692E0 2.73617E0 2.19692E0 2.19692E0 2.19692E0 7.98882E-2 5.19273E-1 1.9972E0 3.69483E0 3.73477E0 4.25404E0 3.17555E0 3.79469E0 1.47993E1 1.70561E1 1.84741E1 1.41801E1 1.16637E1 1.3601E1 1.83144E1 1.32015E1 1.08648E1 6.65069E0 6.65069E0 6.65069E0 6.65069E0 3.09567E0 3.09567E0 3.09567E0 3.09567E0 3.09567E0 3.09567E0
-9999 -9999 -9999 -9999 -9999 -9999 -9999 -9999 -9999 -9999 -9999 -9999 -9999 -9999 -9999 -9999 -9999 -9999 -9999 3.39525E-1 5.19273E-1 5.19273E-1 5.19273E-1 5.19273E-1 6.39105E-1 6.39105E-1 9.98602E-1 1.3581E0 1.39804E0 1.47793E0 2.05712E0 2.2169E0 2.4965E0 6.19133E-1 2.19692E0 2.19692E0 3.25544E0 2.19692E0 2.57639E0 4.25404E0 2.7162E0 8.58798E-1 1.69762E0 1.09846E0 1.21829E0 2.2169E0 4.25404E0 4.33393E0 4.13421E0 1.39005E1 1.65568E1 1.3601E1 1.16637E1 1.02856E1 1.32015E1 1.49591E1 1.02856E1 6.65069E0 6.65069E0 6.65069E0 6.65069E0 6.65069E0 6.65069E0 6.65069E0 3.09567E0 3.09567E0 3.09567E0 3.09567E0
-9999 -9999 -9999 -9999 -9999 -9999 -9999 -9999 -9999 -9999 -9999 -9999 -9999 -9999 -9999 -9999 -9999 -9999 -9999 5.19273E-1 5.19273E-1 5.19273E-1 6.39105E-1 7.7891E-1 7.7891E-1 6.39105E-1 1.29818E0 1.3581E0 1.39804E0 1.55782E0 1.8574E0 6.79049E-1 2.4965E0 1.33813E0 2.19692E0 3.01578E0 3.73477E0 3.73477E0 3.07569E0 3.07569E0 2.73617E0 2.19692E0 2.19692E0 3.99441E-1 2.25684E0 1.91732E0 4.25404E0 4.25404E0 7.46954E0 1.3601E1 1.49591E1 1.08648E1 9.7863E0 1.16637E1 1.49591E1 1.08648E1 9.16717E0 6.65069E0 6.65069E0 6.65069E0 6.65069E0 6.65069E0 6.65069E0 6.65069E0 3.09567E0 3.09567E0 3.09567E0 3.09567E0
-9999 -9999 -9999 -9999 -9999 -9999 -9999 -9999 -9999 -9999 -9999 -9999 -9999 -9999 -9999 -9999 -9999 -9999 -9999 5.19273E-1 5.19273E-1 5.19273E-1 5.19273E-1 7.7891E-1 6.39105E-1 7.7891E-1 1.29818E0 1.39804E0 1.39804E0 1.7176E0 1.19832E-1 1.43799E0 2.41662E0 2.29678E0 3.05572E0 4.23407E0 3.49511E0 2.19692E0 2.97583E0 2.19692E0 4.29399E0 2.19692E0 2.19692E0 7.98882E-2 4.13421E0 5.0729E0 4.25404E0 5.2127E0 9.7863E0 1.16637E1 1.32015E1 9.7863E0 1.08648E1 1.3601E1 1.08648E1 9.7863E0 9.16717E0 6.65069E0 3.09567E0 6.65069E0 6.65069E0 6.65069E0 6.65069E0 3.09567E0 3.09567E0 3.09567E0 3.09567E0 3.09567E0
-9999 -9999 -9999 -9999 -9999 -9999 -9999 -9999 -9999 -9999 -9999 -9999 -9999 -9999 -9999 -9999 -9999 -9999 -9999 9.7863E-1 5.19273E-1 5.19273E-1 6.39105E-1 6.39105E-1 6.39105E-1 7.7891E-1 1.29818E0 1.43799E0 1.47793E0 1.79748E0 1.65768E0 1.21829E0 2.41662E0 2.55642E0 2.73617E0 3.73477E0 3.575E0 2.19692E0 2.97583E0 2.19692E0 1.7176E0 2.19692E0 1.03855E0 1.19832E-1 4.83323E0 3.23547E0 5.2127E0 6.79049E0 9.16717E0 1.02856E1 1.16637E1 9.7863E0 9.7863E0 1.16637E1 1.02856E1 9.7863E0 6.65069E0 6.65069E0 3.09567E0 6.65069E0 6.65069E0 6.65069E0 6.65069E0 3.09567E0 3.09567E0 3.09567E0 3.09567E0 3.09567E0
-9999 -9999 -9999 -9999 -9999 -9999 -9999 -9999 -9999 -9999 -9999 -9999 -9999 -9999 -9999 -9999 -9999 -9999 -9999 9.7863E-1 7.7891E-1 7.7891E-1 9.18714E-1 6.39105E-1 6.39105E-1 9.18714E-1 1.47793E0 1.55782E0 1.47793E0 1.73757E0 2.2169E0 2.59637E-1 2.09706E0 2.41662E0 2.23687E0 2.91592E0 3.25544E0 2.19692E0 2.19692E0 2.19692E0 1.31815E0 2.73617E0 1.59776E-1 3.59497E0 3.63491E0 3.07569E0 4.25404E0 6.79049E0 8.08868E0 8.08868E0 9.7863E0 9.7863E0 1.02856E1 1.02856E1 9.7863E0 9.16717E0 6.65069E0 6.65069E0 6.65069E0 6.65069E0 6.65069E0 6.65069E0 6.65069E0 6.65069E0 3.09567E0 3.09567E0 3.09567E0 3.09567E0
-9999 -9999 -9999 -9999 -9999 -9999 -9999 -9999 -9999 -9999 -9999 -9999 -9999 -9999 -9999 -9999 -9999 -9999 -9999 -9999 9.18714E-1 9.18714E-1 9.7863E-1 9.18714E-1 7.7891E-1 9.98602E-1 1.47793E0 1.61774E0 1.55782E0 1.7176E0 3.99441E-1 3.79469E-1 1.27821E0 2.41662E0 9.98602E-1 2.27681E0 1.91732E0 3.07569E0 2.99581E0 3.07569E0 2.79609E0 2.25684E0 1.27821E0 2.19692E0 3.01578E0 3.07569E0 3.99441E0 5.2127E0 6.79049E0 7.46954E0 8.08868E0 9.7863E0 1.02856E1 1.08648E1 9.16717E0 9.7863E0 1.02856E1 6.65069E0 6.65069E0 6.65069E0 6.65069E0 6.65069E0 6.65069E0 6.65069E0 3.09567E0 3.09567E0 3.09567E0 3.09567E0
-9999 -9999 -9999 -9999 -9999 -9999 -9999 -9999 -9999 -9999 -9999 -9999 -9999 -9999 -9999 -9999 -9999 -9999 -9999 -9999 6.39105E-1 9.18714E-1 9.7863E-1 9.7863E-1 7.7891E-1 9.18714E-1 1.3581E0 1.55782E0 1.79748E0 1.79748E0 6.59077E-1 1.27821E0 5.19273E-1 1.11843E0 8.38826E-1 1.27821E0 2.87597E0 3.07569E0 1.93729E0 3.55502E0 3.07569E0 1.29818E0 2.25684E0 2.19692E0 2.89595E0 3.07569E0 3.07569E0 5.2127E0 5.95167E0 6.79049E0 6.79049E0 9.16717E0 1.24825E1 1.08648E1 1.02856E1 1.08648E1 1.02856E1 1.16637E1 6.65069E0 6.65069E0 6.65069E0 6.65069E0 6.65069E0 6.65069E0 3.09567E0 3.09567E0 3.09567E0 3.09567E0
-9999 -9999 -9999 -9999 -9999 -9999 -9999 -9999 -9999 -9999 -9999 -9999 -9999 -9999 -9999 -9999 -9999 -9999 9.38686E-1 6.39105E-1 6.39105E-1 7.7891E-1 9.7863E-1 9.7863E-1 7.7891E-1 9.98602E-1 1.39804E0 1.7176E0 1.55782E0 1.97723E0 1.09846E0 2.2169E0 1.65768E0 9.98602E-1 3.99441E-2 1.91732E0 2.19692E0 9.98602E-1 1.57779E0 1.31815E0 2.07709E0 1.77751E0 4.25404E0 2.19692E0 2.89595E0 2.95586E0 3.07569E0 4.25404E0 5.2127E0 5.95167E0 5.95167E0 9.16717E0 1.32015E1 1.16637E1 1.16637E1 1.16637E1 1.08648E1 1.08648E1 6.65069E0 6.65069E0 6.65069E0 6.65069E0 6.65069E0 6.65069E0 3.09567E0 3.09567E0 3.09567E0 3.09567E0
-9999 -9999 -9999 -9999 -9999 -9999 -9999 -9999 -9999 -9999 -9999 -9999 -9999 -9999 -9999 -9999 -9999 -9999 9.18714E-1 6.39105E-1 6.39105E-1 7.7891E-1 9.7863E-1 9.7863E-1 7.7891E-1 9.18714E-1 1.3581E0 1.73757E0 1.61774E0 1.91732E0 2.11704E0 1.51787E0 1.87737E0 2.4965E0 2.33673E0 2.19692E0 1.81746E0 1.3581E0 1.27821E0 3.39525E-1 6.79049E-1 1.7176E0 2.97583E0 3.07569E0 3.07569E0 2.65628E0 2.77611E0 3.07569E0 5.2127E0 5.95167E0 6.79049E0 9.7863E0 1.16637E1 1.16637E1 1.16637E1 1.08648E1 1.16637E1 1.16637E1 6.65069E0 6.65069E0 6.65069E0 6.65069E0 6.65069E0 3.09567E0 3.09567E0 3.09567E0 3.09567E0 3.09567E0
-9999 -9999 -9999 -9999 -9999 -9999 -9999 -9999 -9999 -9999 -9999 -9999 -9999 -9999 -9999 -9999 -9999 -9999 9.38686E-1 6.39105E-1 6.39105E-1 7.7891E-1 7.7891E-1 9.7863E-1 9.18714E-1 9.98602E-1 1.39804E0 1.7176E0 1.79748E0 2.05712E0 1.29818E0 1.27821E0 2.25684E0 2.41662E0 2.41662E0 2.19692E0 2.43659E0 2.19692E0 1.97723E0 7.98882E-2 5.99161E-2 1.13841E0 1.3581E0 3.99441E0 3.07569E0 3.07569E0 2.95586E0 3.07569E0 5.95167E0 6.79049E0 8.08868E0 9.16717E0 1.08648E1 1.24825E1 1.16637E1 1.08648E1 1.16637E1 6.65069E0 6.65069E0 6.65069E0 6.65069E0 6.65069E0 6.65069E0 3.09567E0 3.09567E0 3.09567E0 3.09567E0 3.09567E0
-9999 -9999 -9999 -9999 -9999 -9999 -9999 -9999 -9999 -9999 -9999 -9999 -9999 -9999 -9999 -9999 -9999 -9999 9.38686E-1 9.18714E-1 7.7891E-1 7.7891E-1 7.7891E-1 9.7863E-1 7.7891E-1 1.19832E0 1.43799E0 1.55782E0 1.59776E0 1.43799E0 4.59357E-1 3.79469E-1 1.01857E0 2.69623E0 2.69623E0 1.89734E0 3.07569E0 2.19692E0 2.29678E0 3.79469E-1 1.19832E-1 5.59217E-1 1.69762E0 4.89315E0 3.55502E0 5.2127E0 3.07569E0 4.25404E0 8.08868E0 8.68784E0 8.08868E0 8.68784E0 1.02856E1 1.16637E1 1.08648E1 1.08648E1 1.16637E1 6.65069E0 6.65069E0 6.65069E0 6.65069E0 6.65069E0 3.09567E0 3.09567E0 3.09567E0 3.09567E0 3.09567E0 3.09567E0
-9999 -9999 -9999 -9999 -9999 -9999 -9999 -9999 -9999 -9999 -9999 -9999 -9999 -9999 -9999 -9999 -9999 -9999 9.38686E-1 9.38686E-1 7.7891E-1 7.7891E-1 9.18714E-1 9.7863E-1 9.98602E-1 1.3581E0 1.39804E0 1.43799E0 1.83743E0 6.39105E-1 1.03855E0 2.39664E-1 5.99161E-2 2.61634E0 2.81606E0 2.99581E0 3.07569E0 2.19692E0 3.07569E0 1.27821E0 1.59776E0 1.91732E0 1.03855E0 1.87737E0 2.57639E0 5.2127E0 3.99441E0 5.2127E0 9.7863E0 9.7863E0 8.08868E0 1.02856E1 1.32015E1 1.24825E1 1.16637E1 1.08648E1 1.16637E1 1.24825E1 6.65069E0 6.65069E0 6.65069E0 6.65069E0 3.09567E0 3.09567E0 3.09567E0 3.09567E0 3.09567E0 3.09567E0
-9999 -9999 -9999 -9999 -9999 -9999 -9999 -9999 -9999 -9999 -9999 -9999 -9999 -9999 -9999 -9999 -9999 -9999 9.38686E-1 9.38686E-1 9.18714E-1 7.7891E-1 9.7863E-1 9.7863E-1 9.98602E-1 1.3581E0 1.47793E0 1.55782E0 2.05712E0 8.98742E-1 1.19832E-1 3.99441E-2 4.79329E-1 2.91592E0 1.25824E0 3.51508E0 3.07569E0 2.19692E0 4.25404E0 2.99581E-1 3.59497E0 4.09427E0 3.31536E0 1.77751E0 5.2127E0 5.2127E0 5.2127E0 5.2127E0 1.24825E1 1.3601E1 1.02856E1 1.5698E1 1.49591E1 1.3601E1 1.24825E1 1.16637E1 1.16637E1 1.24825E1 6.65069E0 6.65069E0 6.65069E0 3.09567E0 3.09567E0 3.09567E0 3.09567E0 3.09567E0 3.09567E0 3.09567E0
-9999 -9999 -9999 -9999 -9999 -9999 -9999 -9999 -9999 -9999 -9999 -9999 -9999 -9999 -9999 -9999 -9999 -9999 9.38686E-1 9.18714E-1 9.18714E-1 9.7863E-1 9.7863E-1 9.98602E-1 1.39804E0 1.47793E0 1.83743E0 1.73757E0 2.11704E0 6.39105E-1 3.99441E-2 7.98882E-2 1.3581E0 1.59776E0 3.79469E-1 3.59497E0 4.09427E0 4.41382E0 4.25404E0 1.59776E-1 5.2127E0 5.2127E0 2.75614E0 5.2127E0 5.2127E0 5.2127E0 5.2127E0 5.81186E0 1.32015E1 2.11104E1 1.83144E1 1.92331E1 1.6457E1 1.49591E1 1.32015E1 1.24825E1 6.65069E0 6.65069E0 6.65069E0 6.65069E0 6.65069E0 3.09567E0 3.09567E0 3.09567E0 3.09567E0 3.09567E0 3.09567E0 3.09567E0
-9999 -9999 -9999 -9999 -9999 -9999 -9999 -9999 -9999 -9999 -9999 -9999 -9999 -9999 -9999 -9999 -9999 -9999 9.38686E-1 9.18714E-1 9.18714E-1 9.7863E-1 9.7863E-1 9.98602E-1 1.3581E0 1.47793E0 1.95726E0 1.97723E0 1.81746E0 6.39105E-1 1.19832E-1 7.98882E-2 1.19832E-1 7.98882E-2 1.31815E0 2.43659E0 3.81466E0 3.7148E0 4.27402E0 3.97444E0 5.2127E0 5.87178E0 3.31536E0 3.99441E0 5.2127E0 5.2127E0 5.95167E0 6.67066E0 1.30417E1 2.58438E1 3.34931E1 2.38666E1 1.83144E1 1.41801E1 1.3601E1 6.65069E0 6.65069E0 6.65069E0 6.65069E0 6.65069E0 6.65069E0 6.65069E0 3.09567E0 3.09567E0 3.09567E0 3.09567E0 3.09567E0 3.09567E0
-9999 -9999 -9999 -9999 -9999 -9999 -9999 -9999 -9999 -9999 -9999 -9999 -9999 -9999 -9999 -9999 -9999 9.38686E-1 9.38686E-1 9.38686E-1 9.38686E-1 9.7863E-1 9.7863E-1 9.98602E-1 1.3581E0 1.55782E0 1.97723E0 1.97723E0 1.11843E0 5.59217E-1 2.39664E-1 3.99441E-1 3.79469E-1 1.91732E0 2.79609E0 5.27262E0 2.25684E0 2.07709E0 2.61634E0 3.89455E0 5.95167E0 5.95167E0 5.95167E0 5.2127E0 5.2127E0 5.2127E0 3.7148E0 9.60655E0 1.73557E1 3.82664E1 3.16357E1 3.16357E1 2.2169E1 1.41801E1 6.65069E0 6.65069E0 6.65069E0 6.65069E0 6.65069E0 6.65069E0 6.65069E0 6.65069E0 3.09567E0 3.09567E0 3.09567E0 3.09567E0 3.09567E0 3.09567E0
-9999 -9999 -9999 -9999 -9999 -9999 -9999 -9999 -9999 -9999 -9999 -9999 -9999 -9999 -9999 -9999 -9999 9.38686E-1 9.38686E-1 9.38686E-1 9.38686E-1 9.7863E-1 9.7863E-1 1.19832E0 1.3581E0 1.55782E0 2.11704E0 2.2169E0 1.09846E0 1.9972E-2 -5.87048E-1 3.99441E-2 3.39525E-1 2.25684E0 5.33253E0 4.65349E0 6.49091E0 4.09427E0 3.91452E0 5.95167E0 5.95167E0 5.95167E0 5.2127E0 5.2127E0 5.2127E0 6.27122E0 6.2113E0 1.9293E1 3.82664E1 2.05113E1 2.05113E1 2.05113E1 2.05113E1 1.74556E1 6.65069E0 6.65069E0 6.65069E0 6.65069E0 6.65069E0 6.65069E0 6.65069E0 6.65069E0 6.65069E0 3.09567E0 3.09567E0 3.09567E0 3.09567E0 3.09567E0
-9999 -9999 -9999 -9999 -9999 -9999 -9999 -9999 -9999 -9999 -9999 -9999 -9999 -9999 -9999 -9999 -9999 9.38686E-1 9.38686E-1 9.38686E-1 9.38686E-1 9.7863E-1 9.7863E-1 1.3581E0 1.39804E0 1.83743E0 2.25684E0 1.33813E0 6.79049E-1 2.99581E-1 -1.02733E0 1.19832E-1 1.39804E0 2.87597E0 5.85181E0 4.65349E0 6.01158E0 5.2127E0 4.13421E0 5.95167E0 7.46954E0 5.95167E0 5.2127E0 5.2127E0 6.79049E0 3.51508E0 1.76553E1 3.16357E1 2.05113E1 2.05113E1 2.05113E1 2.05113E1 2.05113E1 2.05113E1 6.65069E0 6.65069E0 6.65069E0 6.65069E0 6.65069E0 6.65069E0 6.65069E0 6.65069E0 6.65069E0 3.09567E0 3.09567E0 3.09567E0 3.09567E0 3.09567E0
-9999 -9999 -9999 -9999 -9999 -9999 -9999 -9999 -9999 -9999 -9999 -9999 -9999 -9999 -9999 -9999 -9999 9.38686E-1 9.38686E-1 9.38686E-1 9.38686E-1 9.7863E-1 1.27821E0 1.3581E0 1.79748E0 1.87737E0 1.59776E0 1.15838E0 3.39525E-1 9.38686E-1 4.79329E-1 2.59637E-1 2.53645E0 3.79469E0 7.22988E0 5.59217E0 7.40963E0 5.95167E0 3.41522E0 7.46954E0 8.08868E0 6.79049E0 6.79049E0 7.46954E0 7.76912E0 9.20711E0 2.12902E1 2.05113E1 2.05113E1 2.05113E1 2.05113E1 2.05113E1 2.05113E1 6.65069E0 6.65069E0 6.65069E0 6.65069E0 6.65069E0 6.65069E0 6.65069E0 6.65069E0 6.65069E0 6.65069E0 6.65069E0 6.65069E0 6.65069E0 6.65069E0 6.65069E0
