Leopardus colocola/Leopardus_colocola_projection 2041-2060.asc
ncols         515
nrows         545
xllcorner     -119.0
yllcorner     -58.333333333333
cellsize      0.166666666667
NODATA_value  -9999
[rows 290 to 318 of 545, columns 264 to 329 of 515]
-9999 -9999 -9999 -9999 -9999 -9999 8.91755E-3 3.36728E-3 7.80143E-3 3.29353E-3 3.37445E-3 8.32298E-3 2.3198E-3 1.1974E-3 2.08856E-3 1.19161E-3 4.12932E-4 8.13774E-5 3.12053E-5 1.22431E-5 1.1771E-5 3.91525E-6 6.86562E-6 2.2412E-6 1.27894E-6 3.10081E-6 4.49934E-6 4.48047E-6 2.12497E-5 3.11154E-5 3.40558E-5 2.98802E-5 1.89201E-5 1.44241E-5 4.68667E-6 2.6512E-6 5.8677E-6 6.18748E-6 1.50005E-6 2.75411E-7 5.28125E-6 1.67449E-5 8.17096E-6 1.31346E-5 8.74532E-6 1.2414E-5 7.85998E-6 9.07348E-6 4.94778E-6 5.58727E-6 3.70899E-6 1.93998E-6 1.60323E-6 1.37031E-6 1.09468E-6 9.20127E-7 7.80848E-7 6.80794E-7 6.06912E-7 6.00432E-7 6.03755E-7 6.25869E-7 8.35707E-7 1.08486E-6 1.6128E-6 2.32756E-6
-9999 -9999 -9999 -9999 -9999 -9999 -9999 1.78466E-2 1.93226E-2 1.86805E-2 1.7613E-2 5.17557E-3 3.30547E-3 2.85335E-3 3.52769E-3 2.03337E-3 2.241E-3 1.68269E-3 9.32502E-4 3.65035E-4 4.61973E-5 2.48783E-5 1.35349E-5 9.40127E-6 2.62567E-6 3.96521E-6 6.1947E-6 3.0899E-6 3.28735E-6 3.64086E-5 4.20755E-5 2.74752E-5 2.37047E-5 1.56169E-5 4.99003E-6 5.46868E-6 7.58418E-6 6.76552E-6 6.42794E-6 8.22347E-7 9.0409E-7 1.62138E-5 1.5268E-5 2.04735E-5 1.79655E-5 1.75563E-5 1.38675E-5 9.68036E-6 7.1459E-6 6.9842E-6 7.20122E-6 3.03772E-6 1.4731E-6 1.04724E-6 7.88152E-7 6.15231E-7 5.00515E-7 4.22045E-7 3.81208E-7 3.69113E-7 3.68793E-7 3.75441E-7 5.31658E-7 8.10746E-7 1.33754E-6 1.98983E-6
-9999 -9999 -9999 -9999 -9999 -9999 -9999 -9999 -9999 -9999 1.29132E-2 1.84087E-2 2.18922E-2 2.0301E-2 1.41948E-2 6.49926E-3 1.20857E-2 5.19945E-3 2.49434E-3 2.09735E-3 2.50587E-4 5.12447E-5 1.00134E-5 7.10897E-6 4.27932E-6 1.64803E-5 2.44906E-6 2.41954E-6 5.22471E-6 3.35582E-5 4.51683E-5 3.8619E-5 2.57154E-5 1.74099E-5 1.89051E-5 1.82928E-5 8.55804E-6 9.98741E-6 1.03408E-5 5.1429E-6 1.03889E-6 2.07068E-6 2.00787E-5 1.54248E-5 2.99423E-5 2.74738E-5 2.17496E-5 1.83218E-5 1.44837E-5 1.12674E-5 8.8753E-6 7.36341E-6 2.88801E-6 9.52541E-7 5.87644E-7 4.18455E-7 3.28487E-7 2.69766E-7 2.47089E-7 2.34838E-7 2.26451E-7 2.42268E-7 3.49678E-7 6.13376E-7 1.15444E-6 1.83535E-6
-9999 -9999 -9999 -9999 -9999 -9999 -9999 -9999 -9999 -9999 -9999 -9999 8.78786E-3 1.08015E-2 1.01918E-2 1.18473E-2 1.2059E-2 1.5758E-2 1.26435E-2 2.77756E-3 2.25602E-3 1.02935E-3 1.36525E-5 6.57584E-6 1.09239E-5 6.38365E-5 2.7421E-6 3.70421E-6 3.13179E-6 9.30506E-6 9.9587E-6 1.07984E-5 3.71666E-5 2.25987E-5 2.71542E-5 9.26865E-6 1.23958E-5 1.31918E-5 1.38362E-5 1.30599E-5 5.99276E-6 3.33321E-6 2.41487E-6 5.61745E-5 1.69405E-5 3.87251E-5 3.25386E-5 4.46284E-5 3.83075E-5 1.99946E-5 1.48453E-5 1.45137E-5 8.08522E-6 1.59926E-6 5.20781E-7 3.01218E-7 2.12442E-7 1.85227E-7 1.73371E-7 1.61315E-7 1.40717E-7 1.46697E-7 2.5275E-7 4.90092E-7 9.68105E-7 1.79771E-6
-9999 -9999 -9999 -9999 -9999 -9999 -9999 -9999 -9999 -9999 -9999 -9999 -9999 -9999 3.84132E-3 6.67512E-3 8.58095E-3 1.39974E-2 2.03416E-2 1.41279E-2 2.6096E-3 1.63527E-3 3.81344E-4 1.04324E-4 2.97787E-5 1.66288E-4 7.71713E-6 6.66842E-6 2.55449E-6 4.74335E-6 6.86827E-6 2.26499E-5 1.59395E-5 1.40447E-5 1.85066E-5 1.96151E-5 1.76359E-5 1.23254E-5 1.37248E-5 1.78508E-5 1.74877E-5 4.05008E-5 1.39378E-5 4.82407E-6 2.91373E-5 5.35041E-5 4.78445E-5 5.68857E-5 3.97904E-5 4.09106E-5 3.65358E-5 2.74441E-5 2.17653E-5 8.94423E-6 1.11129E-6 2.45061E-7 1.40589E-7 1.22701E-7 1.48679E-7 1.4441E-7 9.2565E-8 9.0991E-8 1.82626E-7 4.07828E-7 8.89975E-7 1.74231E-6
-9999 -9999 -9999 -9999 -9999 -9999 -9999 -9999 -9999 -9999 -9999 -9999 -9999 -9999 -9999 -9999 5.69252E-3 1.11016E-2 2.0016E-2 2.77236E-2 7.7953E-3 3.07636E-3 2.42699E-3 1.97225E-3 1.60622E-3 7.44787E-4 7.22485E-6 5.64222E-6 4.21447E-6 2.80709E-6 9.15761E-6 4.36903E-5 1.53734E-5 1.34381E-5 2.81724E-5 3.2956E-5 2.95088E-5 1.34475E-5 8.66928E-6 1.91194E-5 2.40597E-5 2.53772E-5 6.72954E-5 5.68335E-5 4.12736E-5 1.63181E-5 8.25412E-5 7.97809E-5 4.34931E-5 6.35856E-5 2.65827E-5 3.29557E-5 3.18538E-5 2.84486E-5 6.42881E-6 5.11471E-7 1.15333E-7 7.59564E-8 1.40602E-7 1.65747E-7 9.23528E-8 8.61819E-8 1.90067E-7 4.29706E-7 9.44134E-7 1.89694E-6
-9999 -9999 -9999 -9999 -9999 -9999 -9999 -9999 -9999 -9999 -9999 -9999 -9999 -9999 -9999 -9999 -9999 5.48467E-3 9.60258E-3 1.71814E-2 2.00778E-2 2.31594E-2 9.43759E-3 2.30188E-3 1.84987E-3 1.459E-4 9.00721E-6 5.23004E-6 6.04354E-6 3.57609E-6 1.02088E-5 3.10439E-5 8.33216E-6 2.67875E-5 4.28173E-5 4.48194E-5 4.04399E-5 3.93124E-5 2.39911E-5 1.71671E-5 2.18757E-5 2.22028E-5 4.80981E-5 1.07934E-4 4.43103E-5 8.22363E-7 1.69199E-5 1.14963E-4 9.56385E-5 7.87386E-5 1.89736E-6 7.16865E-6 3.90875E-5 3.96341E-5 1.58386E-5 2.76668E-6 3.70604E-7 1.05147E-7 1.42925E-7 1.88509E-7 1.54376E-7 1.62528E-7 2.85505E-7 1.27223E-7 3.0039E-7 6.819E-7
-9999 -9999 -9999 -9999 -9999 -9999 -9999 -9999 -9999 -9999 -9999 -9999 -9999 -9999 -9999 -9999 -9999 -9999 -9999 3.23458E-3 1.04136E-2 2.72809E-2 2.6205E-2 1.19566E-2 2.35437E-3 9.45919E-4 3.79923E-5 6.22972E-6 9.82976E-6 4.73799E-6 1.11841E-5 1.32843E-5 1.9286E-5 1.79509E-5 4.95773E-5 5.70929E-5 4.97067E-5 5.31446E-5 3.61166E-5 1.59869E-5 1.46437E-5 3.46314E-5 2.80298E-5 4.82976E-5 7.68043E-5 8.60862E-6 4.18669E-6 1.01537E-4 1.37072E-4 1.34273E-4 2.60722E-5 2.09119E-6 4.10384E-6 3.72041E-5 4.5552E-5 9.34752E-6 2.84946E-6 4.93431E-7 3.8239E-7 3.23732E-7 3.03822E-7 5.89688E-8 1.05616E-7 2.12404E-7 4.48928E-7 9.24443E-7
-9999 -9999 -9999 -9999 -9999 -9999 -9999 -9999 -9999 -9999 -9999 -9999 -9999 -9999 -9999 -9999 -9999 -9999 -9999 -9999 -9999 7.58588E-3 3.74994E-2 3.49225E-2 2.61635E-2 2.37682E-3 6.98247E-4 3.17509E-4 2.50245E-4 6.14041E-5 1.38778E-5 2.53748E-5 3.77115E-5 1.46128E-5 4.12787E-5 4.00621E-5 5.92131E-5 6.03956E-5 5.66179E-5 3.6963E-5 1.5322E-5 3.45433E-5 3.83939E-5 1.29167E-5 2.98224E-5 2.21879E-5 6.72385E-6 7.56297E-6 1.25129E-4 1.07412E-4 5.33109E-5 2.051E-6 1.27315E-5 1.20533E-5 3.50276E-5 3.3565E-5 3.43277E-5 4.92755E-6 2.30471E-6 1.73411E-6 1.14021E-6 2.6254E-7 2.78285E-7 4.22237E-7 7.22406E-7 1.30514E-6
-9999 -9999 -9999 -9999 -9999 -9999 -9999 -9999 -9999 -9999 -9999 -9999 -9999 -9999 -9999 -9999 -9999 -9999 -9999 -9999 -9999 -9999 1.87902E-2 2.34749E-2 3.43477E-2 3.23572E-2 1.52031E-2 2.01649E-3 1.63514E-3 6.32827E-4 8.56998E-6 8.16619E-6 4.04747E-5 4.31225E-5 4.94992E-5 3.87154E-5 5.7419E-5 6.31689E-5 6.89971E-5 6.11875E-5 4.99085E-5 4.88162E-5 5.0567E-5 4.48394E-5 4.99692E-5 2.48661E-5 1.3107E-5 9.0669E-6 1.85209E-5 2.50994E-5 1.76376E-5 1.26671E-4 3.60161E-4 1.61963E-4 6.68341E-5 6.76246E-5 3.20044E-5 3.70562E-5 1.84005E-5 8.93641E-6 8.26069E-6 2.51188E-6 2.42524E-6 2.19697E-6 1.25245E-6 2.13826E-6
-9999 -9999 -9999 -9999 -9999 -9999 -9999 -9999 -9999 -9999 -9999 -9999 -9999 -9999 -9999 -9999 -9999 -9999 -9999 -9999 -9999 -9999 4.28886E-3 1.14441E-2 1.05328E-2 1.35992E-2 2.61737E-2 1.57903E-2 2.30445E-3 1.05253E-3 3.16194E-5 5.57149E-6 5.24945E-5 8.6122E-5 5.76228E-5 4.80365E-5 4.81179E-5 4.70626E-5 5.88732E-5 6.87325E-5 6.39209E-5 5.67824E-5 6.00947E-5 5.93718E-5 5.80168E-5 4.15957E-5 3.45926E-5 1.80862E-5 7.31088E-6 1.31272E-5 1.31631E-4 2.71582E-4 3.35452E-4 1.50561E-4 1.12343E-4 1.20724E-4 6.34527E-5 1.20204E-4 1.09863E-4 6.76305E-5 5.59884E-5 2.88031E-5 1.00505E-5 1.32252E-5 9.67891E-6 7.50454E-6
-9999 -9999 -9999 -9999 -9999 -9999 -9999 -9999 -9999 -9999 -9999 -9999 -9999 -9999 -9999 -9999 -9999 -9999 -9999 -9999 -9999 -9999 -9999 6.81693E-3 5.19033E-3 8.96299E-3 8.38287E-3 7.10949E-3 1.3395E-2 2.28425E-3 4.79084E-4 2.44425E-5 2.24072E-5 3.16848E-5 3.5474E-5 1.86953E-5 3.28706E-5 4.41657E-5 4.77028E-5 6.86989E-5 5.63816E-5 4.71728E-5 6.66087E-5 7.59219E-5 7.43275E-5 7.41016E-5 6.46843E-5 5.28167E-5 1.65663E-5 1.47018E-5 2.571E-5 1.69182E-4 3.08452E-4 1.96033E-4 1.6581E-4 1.22781E-4 8.57022E-5 1.98834E-4 2.8008E-4 2.29497E-4 2.26795E-4 6.37207E-5 3.69849E-5 4.41456E-5 4.00627E-5 2.31972E-5
-9999 -9999 -9999 -9999 -9999 -9999 -9999 -9999 -9999 -9999 -9999 -9999 -9999 -9999 -9999 -9999 -9999 -9999 -9999 -9999 -9999 -9999 -9999 -9999 -9999 1.619E-2 1.82765E-2 1.39537E-2 1.09421E-2 1.15585E-2 1.45704E-3 7.92972E-5 1.36153E-4 1.25197E-5 2.28049E-5 1.29183E-5 9.54139E-6 4.01266E-5 4.44451E-5 4.54376E-5 5.06764E-5 4.92185E-5 4.83853E-5 7.82475E-5 9.50873E-5 8.89965E-5 7.88353E-5 7.3871E-5 3.29617E-5 1.67899E-5 2.85085E-5 4.25998E-5 1.84148E-4 2.35155E-4 2.04409E-4 2.04499E-4 1.94111E-4 3.33926E-4 4.3144E-4 3.77189E-4 3.68856E-4 3.27645E-4 1.63641E-4 1.51796E-4 8.62277E-5 5.09111E-5
-9999 -9999 -9999 -9999 -9999 -9999 -9999 -9999 -9999 -9999 -9999 -9999 -9999 -9999 -9999 -9999 -9999 -9999 -9999 -9999 -9999 -9999 -9999 -9999 -9999 -9999 3.22464E-2 1.85407E-2 1.31721E-2 1.57437E-2 3.55266E-3 3.67604E-4 9.70244E-5 5.96625E-6 8.62792E-6 2.18526E-6 1.00922E-5 4.74504E-5 5.85693E-5 1.60483E-5 3.40609E-5 6.68807E-5 7.48546E-5 3.29451E-5 9.42475E-5 1.06599E-4 1.02741E-4 9.32021E-5 2.16863E-5 1.05656E-5 3.3559E-5 4.77851E-5 4.59798E-5 2.41342E-4 1.95103E-4 3.08636E-4 2.90055E-4 3.60738E-4 4.58662E-4 4.95992E-4 4.36928E-4 2.36358E-4 2.42701E-4 2.10321E-4 1.38724E-4 8.81669E-5
-9999 -9999 -9999 -9999 -9999 -9999 -9999 -9999 -9999 -9999 -9999 -9999 -9999 -9999 -9999 -9999 -9999 -9999 -9999 -9999 -9999 -9999 -9999 -9999 -9999 -9999 -9999 -9999 8.44297E-3 1.60324E-2 3.45556E-3 2.5496E-3 6.39916E-4 1.27711E-5 7.449E-6 5.41801E-6 3.82495E-5 7.15795E-5 5.11715E-5 4.61592E-5 9.45495E-5 1.13727E-4 1.04789E-4 8.51944E-5 1.05798E-4 1.28505E-4 1.21272E-4 1.13982E-4 5.32817E-5 1.44242E-5 3.98299E-5 8.81099E-5 3.22291E-5 8.18644E-5 2.83064E-4 2.77766E-4 3.33478E-4 2.91401E-4 3.60443E-4 4.12242E-4 5.02166E-4 2.66291E-4 2.34837E-4 1.99943E-4 1.4524E-4 9.29884E-5
-9999 -9999 -9999 -9999 -9999 -9999 -9999 -9999 -9999 -9999 -9999 -9999 -9999 -9999 -9999 -9999 -9999 -9999 -9999 -9999 -9999 -9999 -9999 -9999 -9999 -9999 -9999 -9999 5.56308E-3 1.47313E-2 1.79471E-2 4.01083E-3 1.91306E-3 3.24365E-5 2.81495E-5 3.12242E-6 3.99596E-5 1.52421E-4 1.86229E-4 1.83159E-4 1.68424E-4 1.56142E-4 1.41937E-4 1.33226E-4 1.46654E-4 1.50531E-4 1.45835E-4 1.35081E-4 5.17056E-5 1.72412E-5 4.40063E-5 6.83777E-5 6.73601E-5 7.21707E-5 2.99992E-4 3.117E-4 3.51308E-4 3.443E-4 3.93628E-4 3.75008E-4 4.33161E-4 2.14517E-4 2.18404E-4 1.7037E-4 1.30556E-4 9.92533E-5
-9999 -9999 -9999 -9999 -9999 -9999 -9999 -9999 -9999 -9999 -9999 -9999 -9999 -9999 -9999 -9999 -9999 -9999 -9999 -9999 -9999 -9999 -9999 -9999 -9999 -9999 -9999 -9999 4.01546E-3 1.16874E-2 2.15966E-2 4.95747E-3 2.08042E-3 1.20861E-4 3.28734E-5 4.8794E-5 1.56777E-4 2.41101E-4 2.5779E-4 2.4945E-4 2.32303E-4 1.98723E-4 1.84792E-4 1.71876E-4 1.67649E-4 1.7066E-4 1.66237E-4 1.56795E-4 9.88363E-5 3.06357E-5 3.58933E-5 6.92337E-5 1.20768E-4 6.73333E-5 6.57095E-5 9.66781E-5 2.69956E-4 2.27358E-4 3.60291E-4 3.91049E-4 1.98258E-4 1.94907E-4 1.67602E-4 1.38613E-4 9.72074E-5 9.67956E-5
-9999 -9999 -9999 -9999 -9999 -9999 -9999 -9999 -9999 -9999 -9999 -9999 -9999 -9999 -9999 -9999 -9999 -9999 -9999 -9999 -9999 -9999 -9999 -9999 -9999 -9999 -9999 -9999 3.94147E-3 1.03844E-2 2.69667E-2 5.25172E-3 2.65529E-3 2.44458E-4 5.08475E-5 3.66648E-5 3.28029E-5 7.38979E-5 1.72459E-4 2.05383E-4 2.3763E-4 2.64946E-4 2.28304E-4 2.03597E-4 1.76952E-4 2.01167E-4 1.24526E-4 1.07106E-4 1.47329E-4 8.5454E-5 3.57004E-5 5.88497E-5 1.06116E-4 9.56373E-5 4.42923E-5 5.87471E-5 5.84786E-5 7.18632E-5 1.05038E-4 1.73239E-4 1.14951E-4 1.87829E-4 1.67744E-4 1.36386E-4 9.70457E-5 8.97195E-5
-9999 -9999 -9999 -9999 -9999 -9999 -9999 -9999 -9999 -9999 -9999 -9999 -9999 -9999 -9999 -9999 -9999 -9999 -9999 -9999 -9999 -9999 -9999 -9999 -9999 -9999 -9999 -9999 4.046E-3 1.28259E-2 2.88823E-2 1.18788E-2 5.11098E-3 1.18568E-3 2.2039E-4 2.65361E-5 1.73406E-5 3.29836E-5 1.34106E-4 2.45497E-4 1.98271E-4 2.41205E-4 3.0646E-4 2.59989E-4 2.01738E-4 1.36253E-4 1.24976E-4 1.2448E-4 1.04235E-4 7.20839E-5 3.57055E-5 1.9448E-5 3.41944E-5 9.14172E-5 2.53654E-5 4.36455E-5 5.1985E-5 5.61955E-5 8.80363E-5 1.4083E-4 9.59622E-5 1.657E-4 1.64223E-4 1.17306E-4 8.33466E-5 7.19513E-5
-9999 -9999 -9999 -9999 -9999 -9999 -9999 -9999 -9999 -9999 -9999 -9999 -9999 -9999 -9999 -9999 -9999 -9999 -9999 -9999 -9999 -9999 -9999 -9999 -9999 -9999 -9999 -9999 -9999 9.1933E-3 1.98713E-2 2.08706E-2 5.24132E-3 8.96228E-4 3.79577E-4 2.69049E-5 3.89699E-5 2.59681E-5 9.05803E-5 1.56701E-4 3.34329E-4 2.97848E-4 2.67389E-4 2.21214E-4 1.87336E-4 1.65281E-4 1.46439E-4 1.47638E-4 1.28022E-4 1.23636E-4 4.4533E-5 3.14172E-5 3.05195E-5 5.12444E-5 6.79688E-5 4.11966E-5 6.20379E-5 5.98956E-5 7.73913E-5 7.76336E-5 6.17737E-5 1.22488E-4 1.43092E-4 1.03312E-4 9.07339E-5 6.17214E-5
-9999 -9999 -9999 -9999 -9999 -9999 -9999 -9999 -9999 -9999 -9999 -9999 -9999 -9999 -9999 -9999 -9999 -9999 -9999 -9999 -9999 -9999 -9999 -9999 -9999 -9999 -9999 -9999 -9999 8.41261E-3 1.68739E-2 2.95758E-2 6.11758E-3 3.69992E-3 6.43112E-4 9.81234E-5 9.36106E-5 2.0008E-4 3.77431E-4 4.11221E-4 3.24898E-4 3.64495E-4 3.24956E-4 2.84269E-4 2.36108E-4 1.95411E-4 2.70053E-4 1.77975E-4 1.62569E-4 1.63437E-4 2.73392E-5 3.57764E-5 5.20505E-5 5.66491E-5 3.71483E-5 7.45101E-5 5.29867E-5 6.74318E-5 8.72148E-5 7.50206E-5 6.63558E-5 5.42614E-5 9.07316E-5 8.88128E-5 7.73939E-5 5.96788E-5
-9999 -9999 -9999 -9999 -9999 -9999 -9999 -9999 -9999 -9999 -9999 -9999 -9999 -9999 -9999 -9999 -9999 -9999 -9999 -9999 -9999 -9999 -9999 -9999 -9999 -9999 -9999 -9999 -9999 1.10565E-2 1.80643E-2 3.44199E-2 2.50299E-2 5.51214E-3 1.87157E-3 3.23886E-4 7.90844E-5 2.99223E-4 4.22246E-4 4.44631E-4 2.49439E-4 2.50878E-4 2.87353E-4 3.17517E-4 2.85784E-4 2.63414E-4 2.19718E-4 2.86039E-4 2.75183E-4 1.54357E-4 2.60234E-5 1.58761E-5 2.50614E-5 6.7813E-5 7.51921E-5 7.22392E-5 3.25998E-5 5.43995E-5 8.61359E-5 8.45696E-5 9.95633E-5 6.47562E-5 6.36514E-5 6.93019E-5 6.45765E-5 5.75071E-5
-9999 -9999 -9999 -9999 -9999 -9999 -9999 -9999 -9999 -9999 -9999 -9999 -9999 -9999 -9999 -9999 -9999 -9999 -9999 -9999 -9999 -9999 -9999 -9999 -9999 -9999 -9999 -9999 -9999 7.5661E-3 1.6801E-2 3.04652E-2 4.27036E-2 9.16929E-3 3.94082E-3 2.66107E-4 8.00084E-5 1.47874E-4 2.16422E-4 4.89228E-4 4.23341E-4 3.04344E-4 4.15869E-4 2.75134E-4 2.61642E-4 2.97973E-4 3.05879E-4 3.0148E-4 2.32013E-4 2.39086E-4 5.99937E-5 2.09119E-5 1.55454E-5 2.43792E-5 5.87562E-5 3.76257E-5 4.81652E-5 7.21549E-5 7.97816E-5 3.89983E-5 6.38418E-5 6.96985E-5 4.12352E-5 5.68104E-5 5.28104E-5 5.77251E-5
-9999 -9999 -9999 -9999 -9999 -9999 -9999 -9999 -9999 -9999 -9999 -9999 -9999 -9999 -9999 -9999 -9999 -9999 -9999 -9999 -9999 -9999 -9999 -9999 -9999 -9999 -9999 -9999 -9999 9.57111E-3 2.34259E-2 3.38054E-2 4.61711E-2 1.93979E-2 5.08281E-3 7.28663E-4 1.2155E-4 1.37445E-5 1.31613E-4 6.45961E-4 4.42057E-4 4.79657E-4 4.35408E-4 2.70721E-4 2.94568E-4 2.21393E-4 3.10886E-4 2.78803E-4 2.2841E-4 3.07576E-4 6.77864E-5 2.14273E-5 3.88296E-5 4.38712E-5 4.60188E-5 2.66598E-5 3.16365E-5 8.37219E-5 7.36578E-5 3.62424E-5 6.53009E-5 7.57848E-5 4.47469E-5 5.11069E-5 5.4286E-5 5.87266E-5
-9999 -9999 -9999 -9999 -9999 -9999 -9999 -9999 -9999 -9999 -9999 -9999 -9999 -9999 -9999 -9999 -9999 -9999 -9999 -9999 -9999 -9999 -9999 -9999 -9999 -9999 -9999 -9999 -9999 5.1075E-3 1.82118E-2 3.30379E-2 4.1703E-2 3.47665E-2 5.47584E-3 1.31951E-3 1.96926E-4 1.42929E-4 4.08522E-4 2.59658E-4 5.05426E-4 2.06127E-4 1.48524E-4 1.79733E-4 1.63686E-4 1.61825E-4 1.90095E-4 3.73867E-4 2.76341E-4 1.45313E-4 2.86105E-5 5.72528E-5 1.71708E-4 1.25022E-4 5.99292E-5 8.86635E-5 1.0206E-4 8.35388E-5 6.9693E-5 6.87808E-5 5.4732E-5 6.49239E-5 5.28442E-5 3.99434E-5 4.61146E-5 5.90488E-5
-9999 -9999 -9999 -9999 -9999 -9999 -9999 -9999 -9999 -9999 -9999 -9999 -9999 -9999 -9999 -9999 -9999 -9999 -9999 -9999 -9999 -9999 -9999 -9999 -9999 -9999 -9999 -9999 -9999 5.08493E-3 1.34713E-2 2.18459E-2 3.51559E-2 4.95034E-2 7.62342E-3 6.73519E-4 1.66209E-4 1.40154E-4 1.19348E-4 3.87499E-4 6.4931E-4 2.25112E-4 1.40604E-4 1.31903E-4 1.28898E-4 1.34478E-4 1.55551E-4 4.04524E-4 3.74583E-4 8.17213E-5 7.85942E-5 1.87327E-4 1.84392E-4 2.42471E-4 1.1716E-4 1.1456E-4 1.19584E-4 1.04581E-4 6.37905E-5 7.64417E-5 3.72947E-5 2.34683E-5 6.59849E-5 4.20259E-5 5.26563E-5 6.22384E-5
-9999 -9999 -9999 -9999 -9999 -9999 -9999 -9999 -9999 -9999 -9999 -9999 -9999 -9999 -9999 -9999 -9999 -9999 -9999 -9999 -9999 -9999 -9999 -9999 -9999 -9999 -9999 -9999 -9999 4.51712E-3 1.04665E-2 1.79772E-2 3.33117E-2 5.17705E-2 2.46392E-2 1.43022E-3 3.68628E-4 2.39635E-4 2.26268E-4 6.39335E-4 4.89494E-4 2.31896E-4 2.69339E-4 1.29482E-4 1.27343E-4 1.33145E-4 2.09829E-4 1.87403E-4 4.9352E-4 9.73213E-5 9.40501E-5 2.18314E-4 1.86041E-4 1.63449E-4 1.42377E-4 2.21706E-4 1.65562E-4 1.52889E-4 7.16709E-5 7.23198E-5 5.34819E-5 5.11221E-5 7.33314E-5 4.95139E-5 6.43955E-5 7.47418E-5
-9999 -9999 -9999 -9999 -9999 -9999 -9999 -9999 -9999 -9999 -9999 -9999 -9999 -9999 -9999 -9999 -9999 -9999 -9999 -9999 -9999 -9999 -9999 -9999 -9999 -9999 -9999 -9999 -9999 4.67968E-3 1.07342E-2 1.92358E-2 3.62827E-2 4.41118E-2 4.60104E-2 2.61058E-3 4.88159E-4 4.23013E-4 7.60151E-4 4.1985E-4 5.40476E-4 3.32557E-4 7.27709E-4 2.16421E-4 1.25139E-4 1.28367E-4 1.3669E-4 1.57108E-4 4.00812E-4 2.49475E-4 2.26718E-4 1.16153E-4 1.5142E-4 1.85115E-4 1.57324E-4 2.81882E-4 2.51983E-4 1.76665E-4 4.4213E-5 8.05575E-5 6.16667E-5 8.17158E-5 9.35486E-5 8.09455E-5 8.48718E-5 9.13301E-5
-9999 -9999 -9999 -9999 -9999 -9999 -9999 -9999 -9999 -9999 -9999 -9999 -9999 -9999 -9999 -9999 -9999 -9999 -9999 -9999 -9999 -9999 -9999 -9999 -9999 -9999 -9999 -9999 -9999 4.73756E-3 9.09312E-3 1.66243E-2 3.01276E-2 4.40213E-2 5.8129E-2 5.00313E-3 9.69847E-4 4.18775E-4 4.96527E-4 2.06886E-4 4.67956E-4 4.5934E-4 5.96147E-4 5.03361E-4 2.06019E-4 1.26541E-4 1.3504E-4 2.57358E-4 5.82541E-4 5.16466E-4 3.64872E-4 1.98162E-4 1.31644E-4 1.85947E-4 2.24519E-4 2.50968E-4 2.89017E-4 1.7535E-4 1.13714E-4 9.56961E-5 6.16006E-5 8.68041E-5 8.17474E-5 7.27173E-5 9.45308E-5 1.03103E-4
