Leopardus colocola/Leopardus_colocola_projection 2041-2060.asc
ncols         515
nrows         545
xllcorner     -119.0
yllcorner     -58.333333333333
cellsize      0.166666666667
NODATA_value  -9999
[rows 435 to 463 of 545, columns 264 to 329 of 515]
-9999 -9999 -9999 -9999 -9999 -9999 -9999 -9999 7.33528E-4 8.27227E-4 1.04128E-3 1.49398E-3 2.04221E-3 1.89624E-3 1.29746E-3 9.57298E-4 8.54699E-4 9.19237E-4 1.06207E-3 1.3075E-3 1.55105E-3 1.95712E-3 2.54248E-3 3.02719E-3 3.34691E-3 3.17301E-3 2.38237E-3 2.10423E-3 2.10471E-3 2.25076E-3 2.07204E-3 2.29338E-3 2.03549E-3 1.63979E-3 1.24669E-3 8.96937E-4 6.30073E-4 5.26555E-4 4.27303E-4 4.65909E-4 4.96365E-4 4.99842E-4 5.01736E-4 5.35627E-4 5.65093E-4 5.84504E-4 6.02969E-4 6.29216E-4 6.10972E-4 6.13672E-4 6.09187E-4 6.0399E-4 5.84152E-4 5.87592E-4 5.95934E-4 5.84623E-4 5.7529E-4 5.67868E-4 5.69312E-4 5.69394E-4 5.72715E-4 5.87038E-4 5.87483E-4 6.0551E-4 6.14123E-4 6.10777E-4
-9999 -9999 -9999 -9999 -9999 -9999 -9999 -9999 7.35061E-4 8.48526E-4 1.23493E-3 1.77174E-3 2.13668E-3 1.62136E-3 1.13723E-3 8.20506E-4 7.13424E-4 7.16291E-4 9.25868E-4 1.14896E-3 1.53567E-3 1.93799E-3 1.77181E-3 3.03834E-3 3.29888E-3 3.24704E-3 2.49579E-3 2.05311E-3 2.01551E-3 1.8847E-3 1.79857E-3 1.69091E-3 1.46671E-3 1.12594E-3 7.87169E-4 5.90491E-4 4.84298E-4 4.22794E-4 4.20951E-4 4.4453E-4 4.57982E-4 4.78977E-4 4.94223E-4 5.22873E-4 5.61856E-4 5.81111E-4 6.04792E-4 6.04784E-4 6.0804E-4 6.01634E-4 6.07742E-4 6.04571E-4 6.09566E-4 5.95263E-4 5.73526E-4 5.96306E-4 5.58549E-4 5.5824E-4 5.57237E-4 5.64963E-4 5.64063E-4 5.76821E-4 5.83378E-4 5.95814E-4 5.95927E-4 5.86153E-4
-9999 -9999 -9999 -9999 -9999 -9999 -9999 -9999 6.79389E-4 1.00451E-3 1.34119E-3 1.66079E-3 1.73111E-3 1.34665E-3 8.71359E-4 6.22983E-4 6.64945E-4 6.4673E-4 9.11501E-4 1.16888E-3 1.57309E-3 1.94182E-3 2.41297E-3 3.08707E-3 3.35773E-3 3.2741E-3 2.42588E-3 1.94355E-3 1.90282E-3 1.73327E-3 1.72763E-3 1.46756E-3 1.19536E-3 8.74011E-4 6.14983E-4 4.84295E-4 4.13635E-4 3.76637E-4 3.87529E-4 4.16802E-4 4.14681E-4 4.77454E-4 5.05158E-4 5.24589E-4 5.64283E-4 5.8989E-4 6.02739E-4 6.1326E-4 6.2309E-4 6.30455E-4 6.18855E-4 6.25472E-4 6.28604E-4 6.17484E-4 5.96562E-4 5.8066E-4 5.74646E-4 5.65448E-4 5.91048E-4 5.46319E-4 5.66346E-4 5.8014E-4 5.86993E-4 5.84056E-4 5.89308E-4 5.79047E-4
-9999 -9999 -9999 -9999 -9999 -9999 -9999 -9999 7.34956E-4 9.49355E-4 1.18857E-3 1.38845E-3 1.32484E-3 1.04749E-3 6.87909E-4 4.81426E-4 5.26672E-4 6.62472E-4 9.3511E-4 1.23724E-3 1.51193E-3 1.99014E-3 2.44983E-3 3.35631E-3 3.45976E-3 3.36805E-3 2.79188E-3 2.34025E-3 2.05778E-3 1.66472E-3 1.52971E-3 1.39189E-3 1.03645E-3 7.26148E-4 5.39913E-4 4.4889E-4 3.88698E-4 3.63508E-4 4.08143E-4 4.17243E-4 4.38081E-4 4.76262E-4 5.33563E-4 5.44196E-4 5.63597E-4 6.02308E-4 6.06738E-4 6.3577E-4 6.3217E-4 6.35869E-4 6.25278E-4 6.22446E-4 6.23664E-4 6.22984E-4 6.19051E-4 5.94488E-4 5.81642E-4 5.79478E-4 5.77368E-4 5.75079E-4 5.82561E-4 5.69643E-4 5.70891E-4 5.65024E-4 5.60566E-4 5.56838E-4
-9999 -9999 -9999 -9999 -9999 -9999 -9999 5.53405E-4 5.89311E-4 7.79193E-4 1.01497E-3 1.11287E-3 1.01089E-3 8.00314E-4 5.75423E-4 3.93002E-4 4.46483E-4 6.32562E-4 9.08283E-4 1.23989E-3 1.5626E-3 1.558E-3 2.75573E-3 3.45755E-3 3.76627E-3 3.39596E-3 2.45222E-3 2.11983E-3 2.05452E-3 1.60275E-3 1.4059E-3 1.1381E-3 9.18992E-4 7.40926E-4 5.50342E-4 4.54902E-4 3.92544E-4 3.72647E-4 4.44611E-4 4.58254E-4 4.97561E-4 5.37866E-4 5.51089E-4 5.61236E-4 5.84562E-4 6.14625E-4 5.78328E-4 5.96963E-4 6.07986E-4 6.17439E-4 6.16049E-4 6.18019E-4 6.15657E-4 6.14012E-4 5.93166E-4 5.88255E-4 5.81508E-4 5.8157E-4 5.8298E-4 -9999 -9999 5.57833E-4 5.77424E-4 5.64202E-4 5.50352E-4 5.40778E-4
-9999 -9999 -9999 -9999 -9999 -9999 -9999 4.43831E-4 5.16662E-4 6.59436E-4 8.33292E-4 8.49427E-4 7.35474E-4 5.90072E-4 4.14378E-4 3.15332E-4 3.2629E-4 4.21578E-4 7.13674E-4 1.05025E-3 2.21701E-3 2.12353E-3 2.36774E-3 3.40021E-3 3.54376E-3 3.45207E-3 2.55174E-3 2.13425E-3 2.05168E-3 1.51099E-3 1.36614E-3 1.24288E-3 9.21484E-4 7.58082E-4 6.71482E-4 4.76645E-4 3.64428E-4 3.45759E-4 4.28256E-4 4.99847E-4 5.17211E-4 5.39939E-4 5.54755E-4 5.57957E-4 5.76797E-4 5.8297E-4 5.72736E-4 5.5908E-4 5.49682E-4 5.60367E-4 5.7416E-4 5.81433E-4 5.86424E-4 5.92155E-4 5.90079E-4 5.85873E-4 5.95681E-4 5.88574E-4 5.82284E-4 -9999 -9999 -9999 -9999 -9999 5.2624E-4 5.25189E-4
-9999 -9999 -9999 -9999 -9999 -9999 -9999 4.02628E-4 4.68809E-4 5.19534E-4 5.79629E-4 5.48055E-4 4.82304E-4 4.47673E-4 3.49109E-4 3.06388E-4 2.35808E-4 2.73855E-4 4.78825E-4 1.0191E-3 1.5787E-3 2.40985E-3 2.64125E-3 3.42074E-3 3.7829E-3 3.70209E-3 2.88997E-3 2.41313E-3 2.02692E-3 1.70814E-3 1.50712E-3 1.20465E-3 1.0133E-3 9.58242E-4 7.96851E-4 5.47748E-4 4.24846E-4 4.52072E-4 4.97575E-4 5.18596E-4 5.32551E-4 5.44107E-4 5.65052E-4 5.64725E-4 5.30261E-4 5.3316E-4 4.9475E-4 4.75852E-4 4.97213E-4 5.03752E-4 5.16451E-4 5.33502E-4 5.50033E-4 5.72554E-4 5.86731E-4 5.84693E-4 5.87958E-4 5.75183E-4 5.64211E-4 -9999 -9999 -9999 -9999 -9999 -9999 -9999
-9999 -9999 -9999 -9999 -9999 -9999 -9999 3.31681E-4 3.57772E-4 3.80008E-4 3.82652E-4 3.60815E-4 3.40024E-4 3.51044E-4 3.26616E-4 2.85888E-4 2.74036E-4 3.62157E-4 5.85268E-4 8.80974E-4 1.05392E-3 1.43867E-3 2.60491E-3 3.72755E-3 4.18026E-3 4.10479E-3 3.2899E-3 2.67697E-3 2.14926E-3 1.94182E-3 1.77382E-3 1.34121E-3 1.08627E-3 9.498E-4 7.85143E-4 6.63298E-4 5.53646E-4 5.48578E-4 5.62911E-4 5.11403E-4 5.05479E-4 4.95272E-4 5.37999E-4 4.38069E-4 4.22599E-4 4.37079E-4 4.24302E-4 4.00076E-4 3.86211E-4 3.9729E-4 4.52842E-4 5.0241E-4 5.40466E-4 5.5001E-4 5.64961E-4 5.80104E-4 5.74521E-4 5.71512E-4 5.75574E-4 -9999 -9999 -9999 -9999 -9999 -9999 -9999
-9999 -9999 -9999 -9999 -9999 -9999 -9999 2.57054E-4 2.67066E-4 2.81533E-4 2.82743E-4 2.73512E-4 2.67135E-4 2.56063E-4 2.61229E-4 2.73445E-4 3.03824E-4 4.74724E-4 6.49774E-4 8.66272E-4 1.12844E-3 1.39747E-3 1.63715E-3 3.09392E-3 3.89126E-3 3.55743E-3 2.70421E-3 2.51511E-3 2.75817E-3 2.82432E-3 1.7946E-3 1.44035E-3 1.10692E-3 9.87804E-4 7.39795E-4 6.32224E-4 5.77808E-4 5.69936E-4 5.46941E-4 5.03063E-4 5.06033E-4 4.51784E-4 4.29503E-4 4.33062E-4 4.23441E-4 4.12976E-4 3.86983E-4 3.29691E-4 2.96463E-4 3.56532E-4 4.34516E-4 4.82156E-4 5.21657E-4 5.58558E-4 5.7987E-4 5.79804E-4 5.6866E-4 5.82934E-4 5.83293E-4 -9999 -9999 -9999 -9999 -9999 -9999 -9999
-9999 -9999 -9999 -9999 -9999 -9999 -9999 -9999 2.09432E-4 2.27107E-4 2.30808E-4 -9999 -9999 -9999 2.51179E-4 2.81972E-4 3.43398E-4 5.04639E-4 6.33444E-4 9.01567E-4 1.39125E-3 1.56553E-3 1.40475E-3 1.9816E-3 3.26609E-3 3.18517E-3 2.47191E-3 2.06898E-3 2.03309E-3 2.02183E-3 1.78407E-3 1.54512E-3 1.19142E-3 9.59468E-4 7.08585E-4 6.14069E-4 5.59365E-4 5.60697E-4 5.14427E-4 4.63301E-4 4.8219E-4 4.667E-4 4.74775E-4 4.57678E-4 4.00193E-4 3.97402E-4 3.84384E-4 3.48705E-4 3.29972E-4 3.89813E-4 4.5898E-4 5.02588E-4 5.28336E-4 5.72157E-4 5.82204E-4 5.74961E-4 5.85631E-4 5.70755E-4 5.50669E-4 5.41114E-4 -9999 -9999 -9999 -9999 -9999 -9999
-9999 -9999 -9999 -9999 -9999 -9999 -9999 -9999 1.83525E-4 -9999 -9999 -9999 -9999 -9999 2.52164E-4 3.24117E-4 4.23639E-4 5.54399E-4 7.34984E-4 8.60532E-4 1.3647E-3 1.51515E-3 1.34874E-3 2.05505E-3 3.10223E-3 2.56194E-3 2.53346E-3 2.16266E-3 2.05849E-3 1.91932E-3 1.68365E-3 1.50676E-3 1.10861E-3 8.6883E-4 6.67828E-4 6.70147E-4 5.37325E-4 5.48151E-4 5.14697E-4 4.20625E-4 4.01967E-4 4.63955E-4 4.83278E-4 4.72638E-4 4.37911E-4 4.23439E-4 5.0998E-4 4.83352E-4 4.16596E-4 4.51177E-4 5.11129E-4 5.34628E-4 5.40685E-4 5.51118E-4 5.6299E-4 5.80045E-4 5.56737E-4 5.2969E-4 5.33855E-4 5.1836E-4 -9999 -9999 -9999 -9999 -9999 -9999
-9999 -9999 -9999 -9999 -9999 -9999 1.60463E-4 1.51408E-4 1.53252E-4 -9999 -9999 -9999 -9999 1.92722E-4 2.52659E-4 3.20435E-4 3.90179E-4 5.81936E-4 1.00345E-3 8.23615E-4 1.92162E-3 1.87587E-3 2.16569E-3 3.19801E-3 3.04343E-3 2.64675E-3 2.20593E-3 2.27321E-3 2.16072E-3 1.92353E-3 1.63292E-3 1.63918E-3 1.26227E-3 1.01848E-3 8.59986E-4 6.65746E-4 5.77765E-4 5.42868E-4 5.3021E-4 4.44574E-4 4.09084E-4 4.18473E-4 4.46776E-4 4.29909E-4 4.0765E-4 4.35481E-4 4.809E-4 5.61753E-4 5.64616E-4 5.44044E-4 5.40944E-4 5.28938E-4 5.58617E-4 5.67527E-4 5.64723E-4 5.66099E-4 5.38414E-4 5.30596E-4 5.33779E-4 -9999 -9999 -9999 -9999 -9999 -9999 -9999
-9999 -9999 -9999 -9999 -9999 -9999 1.583E-4 1.4465E-4 1.32809E-4 -9999 -9999 -9999 -9999 -9999 -9999 3.31491E-4 4.13565E-4 5.16139E-4 9.64503E-4 1.2188E-3 2.64297E-3 2.01695E-3 2.46141E-3 3.15392E-3 2.978E-3 2.79155E-3 2.34837E-3 2.26673E-3 2.14158E-3 2.2669E-3 1.91153E-3 1.73648E-3 1.33759E-3 1.21551E-3 1.18308E-3 9.44428E-4 7.62022E-4 7.34583E-4 5.89426E-4 5.27945E-4 4.132E-4 3.65286E-4 3.789E-4 3.93134E-4 3.58095E-4 4.8595E-4 5.10464E-4 5.40644E-4 5.96103E-4 5.43741E-4 5.24731E-4 5.25558E-4 5.35282E-4 5.6403E-4 5.51344E-4 5.46191E-4 5.4043E-4 5.24133E-4 5.14517E-4 -9999 -9999 -9999 -9999 -9999 -9999 -9999
-9999 -9999 -9999 -9999 -9999 1.71995E-4 1.69923E-4 1.45982E-4 1.30563E-4 1.17909E-4 -9999 -9999 -9999 -9999 -9999 -9999 4.57344E-4 5.46761E-4 9.52188E-4 1.42332E-3 1.56317E-3 2.49408E-3 3.57034E-3 3.69955E-3 3.20032E-3 2.63569E-3 2.49359E-3 2.21733E-3 2.23214E-3 2.70751E-3 2.57665E-3 2.14568E-3 1.66407E-3 1.38377E-3 1.03765E-3 8.92445E-4 7.82704E-4 5.7559E-4 4.89738E-4 4.34102E-4 3.61185E-4 3.6136E-4 3.7648E-4 4.62241E-4 4.82763E-4 5.38824E-4 5.36676E-4 5.5263E-4 5.46816E-4 5.25649E-4 5.39915E-4 5.4715E-4 5.47919E-4 5.63685E-4 5.59809E-4 5.41151E-4 5.36866E-4 5.25342E-4 5.24374E-4 5.18858E-4 5.05959E-4 -9999 -9999 -9999 -9999 -9999
-9999 -9999 -9999 -9999 -9999 1.68071E-4 1.60341E-4 1.48726E-4 1.27173E-4 -9999 -9999 -9999 -9999 -9999 2.66975E-4 3.24889E-4 4.65827E-4 4.38504E-4 6.51974E-4 9.54096E-4 1.60475E-3 2.60244E-3 2.35588E-3 3.51721E-3 3.17961E-3 2.67065E-3 2.70419E-3 2.15568E-3 2.54012E-3 3.27643E-3 2.9102E-3 2.63639E-3 2.27942E-3 1.85172E-3 1.32723E-3 1.10615E-3 9.27544E-4 6.7024E-4 5.61225E-4 5.55442E-4 5.02012E-4 4.59993E-4 4.77485E-4 4.60282E-4 4.62712E-4 5.43167E-4 5.54024E-4 5.70108E-4 5.70703E-4 5.71304E-4 5.59069E-4 5.66349E-4 5.78529E-4 5.8288E-4 5.56452E-4 5.33691E-4 5.34734E-4 5.35921E-4 5.30619E-4 5.26157E-4 5.1174E-4 5.17453E-4 -9999 -9999 -9999 -9999
-9999 -9999 -9999 -9999 -9999 -9999 1.50238E-4 1.38339E-4 -9999 -9999 -9999 -9999 -9999 1.76593E-4 2.37877E-4 3.23687E-4 4.13383E-4 4.51878E-4 6.54197E-4 8.65695E-4 1.50077E-3 2.03025E-3 1.93713E-3 2.9214E-3 2.21177E-3 2.12401E-3 2.33064E-3 2.08759E-3 2.3087E-3 2.6881E-3 2.75851E-3 2.64564E-3 2.87133E-3 2.56276E-3 2.12919E-3 1.3476E-3 1.1124E-3 9.55085E-4 8.47259E-4 7.79225E-4 7.207E-4 6.25866E-4 5.19322E-4 4.53675E-4 4.62961E-4 5.40803E-4 5.71036E-4 6.20357E-4 6.74963E-4 6.79619E-4 6.20948E-4 6.09586E-4 5.96933E-4 5.771E-4 5.51158E-4 5.40468E-4 5.36494E-4 5.26361E-4 5.16076E-4 5.19347E-4 -9999 -9999 -9999 -9999 -9999 6.71915E-4
-9999 -9999 -9999 -9999 -9999 -9999 1.31939E-4 1.22268E-4 -9999 -9999 -9999 -9999 -9999 1.53988E-4 2.27788E-4 2.80929E-4 3.85043E-4 4.58458E-4 6.47439E-4 9.03987E-4 9.49956E-4 1.58892E-3 1.22764E-3 2.34E-3 1.92437E-3 1.83531E-3 1.95087E-3 1.98684E-3 3.17287E-3 3.2732E-3 4.56009E-3 3.15104E-3 2.75916E-3 3.60596E-3 2.71559E-3 2.12954E-3 1.6429E-3 1.36368E-3 1.16069E-3 9.54887E-4 8.03532E-4 6.75954E-4 5.51279E-4 5.18167E-4 5.70109E-4 6.25119E-4 7.04617E-4 7.18282E-4 7.5663E-4 7.42291E-4 6.92428E-4 6.27546E-4 5.9982E-4 5.67686E-4 5.39725E-4 5.23909E-4 5.18998E-4 5.04918E-4 5.08689E-4 5.15309E-4 -9999 -9999 -9999 -9999 -9999 6.98601E-4
-9999 -9999 -9999 -9999 -9999 1.30054E-4 1.20045E-4 1.04723E-4 9.28465E-5 -9999 -9999 -9999 -9999 -9999 2.25103E-4 2.67659E-4 3.35704E-4 4.39091E-4 4.70358E-4 7.33367E-4 1.12289E-3 1.65607E-3 1.87542E-3 1.99372E-3 1.85124E-3 1.72908E-3 1.8288E-3 1.94106E-3 3.2052E-3 4.53269E-3 5.46109E-3 4.81055E-3 4.36472E-3 2.95585E-3 3.22339E-3 2.60409E-3 1.97245E-3 1.6535E-3 1.36715E-3 1.15268E-3 9.04096E-4 8.13033E-4 6.84943E-4 6.54387E-4 6.63913E-4 7.28995E-4 8.03406E-4 9.54424E-4 9.71218E-4 8.35423E-4 8.14855E-4 6.90814E-4 5.74236E-4 5.64276E-4 5.35327E-4 5.0273E-4 4.8769E-4 4.77708E-4 4.78437E-4 4.91874E-4 5.05466E-4 -9999 -9999 -9999 -9999 -9999
-9999 -9999 -9999 -9999 -9999 1.14831E-4 1.0336E-4 8.83958E-5 7.8473E-5 -9999 -9999 -9999 -9999 1.4296E-4 1.91366E-4 2.46683E-4 3.15659E-4 4.2551E-4 5.39262E-4 7.7487E-4 1.05538E-3 1.537E-3 1.84057E-3 1.95468E-3 1.83553E-3 1.62428E-3 1.6279E-3 1.89067E-3 3.19896E-3 4.6845E-3 5.88065E-3 6.48404E-3 5.1698E-3 4.06146E-3 2.9929E-3 2.98281E-3 2.1124E-3 1.95331E-3 1.67405E-3 1.34759E-3 1.01687E-3 9.30445E-4 8.5377E-4 7.29608E-4 8.29851E-4 9.29246E-4 9.04864E-4 8.383E-4 7.84441E-4 7.6999E-4 7.18342E-4 6.08024E-4 5.72042E-4 5.59885E-4 5.40728E-4 5.14502E-4 5.07783E-4 4.87644E-4 4.57173E-4 4.7154E-4 4.79574E-4 5.08161E-4 -9999 -9999 -9999 -9999
-9999 -9999 -9999 -9999 1.1614E-4 9.83332E-5 8.46987E-5 7.41798E-5 -9999 -9999 -9999 -9999 -9999 1.4026E-4 1.89293E-4 2.27682E-4 2.95161E-4 3.63456E-4 5.18747E-4 6.28806E-4 1.11132E-3 1.41971E-3 1.53444E-3 1.97679E-3 1.74741E-3 1.71197E-3 1.92535E-3 2.28215E-3 3.98535E-3 6.15059E-3 6.71616E-3 6.44652E-3 5.94779E-3 4.5781E-3 3.45609E-3 2.87697E-3 2.59874E-3 2.19305E-3 1.89723E-3 1.35936E-3 1.1438E-3 1.07026E-3 1.04879E-3 9.20424E-4 9.34649E-4 8.75937E-4 8.02496E-4 7.49029E-4 6.87268E-4 6.51291E-4 6.32864E-4 6.14364E-4 5.66712E-4 5.50769E-4 5.40894E-4 5.08505E-4 5.00561E-4 4.76923E-4 4.58798E-4 4.66803E-4 -9999 -9999 -9999 -9999 -9999 -9999
-9999 -9999 -9999 -9999 -9999 -9999 -9999 -9999 -9999 -9999 -9999 -9999 9.01914E-5 1.37141E-4 1.71589E-4 2.19233E-4 2.82594E-4 3.80477E-4 4.52995E-4 6.43849E-4 9.82622E-4 1.12311E-3 1.32378E-3 1.70267E-3 1.54079E-3 1.48922E-3 2.89291E-3 3.59311E-3 6.5266E-3 1.01085E-2 8.11218E-3 6.3106E-3 6.20513E-3 5.58053E-3 3.82614E-3 3.14575E-3 3.06796E-3 2.30586E-3 1.80944E-3 1.69179E-3 1.40045E-3 1.18838E-3 1.08992E-3 1.01335E-3 9.25119E-4 8.29352E-4 7.97551E-4 7.52414E-4 7.21E-4 6.64569E-4 6.38763E-4 6.49766E-4 6.12106E-4 5.82868E-4 5.63412E-4 5.34861E-4 5.13554E-4 4.88972E-4 4.66828E-4 -9999 -9999 -9999 -9999 -9999 -9999 -9999
-9999 -9999 -9999 -9999 -9999 -9999 -9999 -9999 -9999 -9999 -9999 -9999 7.96917E-5 1.13697E-4 1.68816E-4 2.16313E-4 2.60259E-4 3.63836E-4 5.01089E-4 7.09117E-4 8.71413E-4 1.23585E-3 1.54389E-3 1.7541E-3 1.39583E-3 1.65801E-3 3.571E-3 5.73028E-3 7.28346E-3 8.41882E-3 7.50004E-3 6.15389E-3 6.87504E-3 8.04046E-3 5.0615E-3 3.58789E-3 3.04597E-3 2.43283E-3 2.10518E-3 1.75254E-3 1.53176E-3 1.27929E-3 1.13674E-3 1.02998E-3 1.0449E-3 9.44518E-4 7.84289E-4 7.40041E-4 6.97038E-4 6.74885E-4 6.74809E-4 6.54823E-4 6.50383E-4 6.73236E-4 6.00681E-4 5.42151E-4 5.17901E-4 5.03673E-4 -9999 -9999 -9999 -9999 -9999 -9999 -9999 -9999
-9999 -9999 -9999 -9999 -9999 -9999 -9999 -9999 -9999 -9999 -9999 -9999 7.60922E-5 1.07445E-4 1.58862E-4 2.06252E-4 2.64128E-4 3.46773E-4 4.49398E-4 6.30875E-4 6.04788E-4 1.16681E-3 1.62424E-3 1.7211E-3 1.49154E-3 2.29896E-3 4.41071E-3 7.19492E-3 9.13356E-3 1.12743E-2 9.79214E-3 6.52035E-3 7.70206E-3 7.77025E-3 5.72861E-3 4.23244E-3 3.02722E-3 2.40826E-3 1.94991E-3 1.66498E-3 1.53807E-3 1.30894E-3 1.17975E-3 1.07214E-3 1.10934E-3 1.04676E-3 8.38766E-4 7.10463E-4 6.92452E-4 6.46927E-4 6.62358E-4 6.4214E-4 6.19668E-4 5.98322E-4 5.74216E-4 5.65428E-4 5.6289E-4 5.55267E-4 -9999 -9999 -9999 -9999 -9999 -9999 -9999 -9999
-9999 -9999 -9999 -9999 -9999 -9999 -9999 -9999 -9999 -9999 -9999 -9999 6.89165E-5 9.4021E-5 1.48212E-4 1.74641E-4 2.40572E-4 3.12925E-4 3.65268E-4 4.95626E-4 7.65223E-4 1.25404E-3 1.62836E-3 1.41982E-3 1.21078E-3 2.09755E-3 4.46298E-3 9.58466E-3 1.37238E-2 1.72863E-2 1.60531E-2 9.43287E-3 9.38999E-3 9.40889E-3 6.01407E-3 4.51167E-3 3.48728E-3 2.72888E-3 2.26587E-3 1.798E-3 1.50388E-3 1.29819E-3 1.08188E-3 1.01245E-3 9.2942E-4 8.5186E-4 8.61923E-4 7.43632E-4 6.8395E-4 6.60257E-4 6.46355E-4 6.30178E-4 6.39974E-4 6.07962E-4 6.05271E-4 5.97018E-4 5.9275E-4 5.99808E-4 -9999 -9999 -9999 -9999 -9999 -9999 -9999 -9999
-9999 -9999 -9999 -9999 -9999 -9999 -9999 -9999 -9999 -9999 -9999 5.25874E-5 7.73571E-5 1.05924E-4 1.37246E-4 1.77556E-4 2.36484E-4 3.14548E-4 4.23572E-4 4.36544E-4 8.96395E-4 1.20387E-3 1.34801E-3 1.2052E-3 1.08355E-3 2.02357E-3 5.40719E-3 1.17114E-2 1.24103E-2 1.77966E-2 1.87843E-2 1.31775E-2 1.0974E-2 9.73699E-3 6.18238E-3 4.92473E-3 3.65757E-3 2.99531E-3 2.71621E-3 2.18786E-3 1.76562E-3 1.38821E-3 1.21383E-3 1.07852E-3 9.12708E-4 8.92121E-4 7.72073E-4 7.69229E-4 7.11848E-4 6.76309E-4 6.97333E-4 6.91371E-4 7.00401E-4 6.85991E-4 6.73938E-4 6.63804E-4 6.61835E-4 6.42556E-4 -9999 -9999 -9999 -9999 -9999 -9999 -9999 -9999
-9999 -9999 -9999 -9999 -9999 3.76226E-5 3.21209E-5 2.67438E-5 -9999 -9999 -9999 4.66495E-5 6.71361E-5 9.73069E-5 1.26266E-4 1.72038E-4 2.33985E-4 3.30438E-4 4.7844E-4 6.32877E-4 9.92379E-4 1.3865E-3 1.28752E-3 1.1939E-3 1.38562E-3 3.23985E-3 6.32795E-3 1.19616E-2 1.31144E-2 1.46883E-2 1.34104E-2 1.25435E-2 1.24664E-2 9.67986E-3 6.26089E-3 4.92231E-3 4.2249E-3 3.34433E-3 3.064E-3 3.18369E-3 1.95055E-3 1.55931E-3 1.27374E-3 1.04307E-3 9.21905E-4 9.87413E-4 8.54082E-4 6.94769E-4 7.28828E-4 7.31479E-4 7.27295E-4 7.31389E-4 7.47531E-4 7.50707E-4 7.83594E-4 7.72059E-4 7.61548E-4 7.53501E-4 -9999 -9999 -9999 -9999 -9999 -9999 -9999 -9999
-9999 -9999 -9999 -9999 4.02295E-5 3.44673E-5 3.0613E-5 2.70196E-5 -9999 -9999 -9999 4.32646E-5 5.52511E-5 7.82574E-5 9.88654E-5 1.36097E-4 2.23997E-4 3.11127E-4 3.81833E-4 4.77279E-4 8.8327E-4 1.10599E-3 1.13009E-3 1.31864E-3 1.41312E-3 2.03541E-3 3.66698E-3 7.38776E-3 9.36271E-3 9.88478E-3 1.09416E-2 8.82521E-3 1.16696E-2 1.10297E-2 6.31181E-3 4.72052E-3 4.2991E-3 3.60738E-3 4.26168E-3 2.90465E-3 1.9644E-3 1.80043E-3 1.26961E-3 1.13684E-3 1.16008E-3 1.05006E-3 7.75553E-4 7.34728E-4 7.58112E-4 7.54072E-4 7.86314E-4 7.59166E-4 7.79299E-4 8.2249E-4 8.79021E-4 9.14294E-4 9.23966E-4 9.05928E-4 -9999 -9999 -9999 -9999 -9999 -9999 -9999 -9999
-9999 -9999 -9999 -9999 3.63229E-5 3.26217E-5 -9999 2.88287E-5 -9999 -9999 -9999 4.50959E-5 5.64066E-5 6.75691E-5 1.11852E-4 1.53448E-4 2.09837E-4 3.05667E-4 4.45217E-4 6.70133E-4 8.41958E-4 1.10509E-3 1.11518E-3 1.21784E-3 1.20345E-3 1.75377E-3 2.67821E-3 5.12037E-3 6.41411E-3 6.28894E-3 6.96821E-3 7.8356E-3 1.18996E-2 1.50283E-2 6.83199E-3 4.96216E-3 4.12966E-3 4.28273E-3 4.41411E-3 3.16771E-3 2.5969E-3 1.78138E-3 1.39156E-3 1.2196E-3 1.0082E-3 9.08703E-4 8.58091E-4 7.90405E-4 7.94973E-4 8.2716E-4 8.76569E-4 9.55414E-4 9.17626E-4 9.56705E-4 1.0793E-3 1.13553E-3 -9999 -9999 -9999 -9999 -9999 -9999 -9999 -9999 -9999 -9999
-9999 -9999 -9999 3.49134E-5 3.23208E-5 2.99948E-5 2.79553E-5 2.68009E-5 -9999 -9999 3.51312E-5 4.60736E-5 4.90683E-5 6.16347E-5 1.05626E-4 1.52314E-4 2.16308E-4 3.00512E-4 3.90427E-4 5.54044E-4 6.04705E-4 5.59E-4 7.15997E-4 9.19381E-4 1.07949E-3 1.13517E-3 2.01541E-3 3.57076E-3 4.4832E-3 4.97861E-3 5.55174E-3 1.02919E-2 1.28341E-2 1.03755E-2 5.08948E-3 5.01184E-3 4.32035E-3 3.46409E-3 3.22878E-3 2.66992E-3 2.10453E-3 1.80801E-3 1.32894E-3 1.25328E-3 9.52335E-4 9.60173E-4 9.18929E-4 8.06701E-4 7.67996E-4 8.17798E-4 8.87582E-4 9.95834E-4 1.06929E-3 1.1138E-3 1.17844E-3 1.3556E-3 -9999 -9999 -9999 -9999 -9999 -9999 -9999 -9999 -9999 -9999
