Leopardus colocola/Leopardus_colocola_projection 2041-2060_novel.asc
ncols         515
nrows         545
xllcorner     -119.0
yllcorner     -58.333333333333
cellsize      0.166666666667
NODATA_value  -9999
[rows 150 to 179 of 545, columns 272 to 339 of 515]
3.99441E-2 3.99441E-2 1.24626E1 1.25025E1 8.00879E0 9.18714E0 1.02257E1 9.18714E0 2.81606E0 1.25025E1 1.24626E1 1.65768E0 1.65768E0 1.65768E0 3.99441E-2 3.99441E-2 3.99441E-2 1.9972E-2 1.9972E-2 1.9972E-2 1.9972E-2 1.9972E-2 1.9972E-2 3.99441E-2 3.99441E-2 3.99441E-2 3.99441E-2 3.99441E-2 3.99441E-2 3.99441E-2 3.99441E-2 3.99441E-2 3.99441E-2 1.9972E-2 1.9972E-2 1.9972E-2 1.9972E-2 1.9972E-2 1.9972E-2 1.9972E-2 1.9972E-2 1.9972E-2 1.9972E-2 3.99441E-2 1.9972E-2 1.9972E-2 3.99441E-2 3.99441E-2 1.65768E0 3.99441E-2 3.99441E-2 3.99441E-2 3.99441E-2 3.99441E-2 3.99441E-2 3.99441E-2 3.99441E-2 3.99441E-2 3.99441E-2 3.99441E-2 3.99441E-2 1.65768E0 1.65768E0 1.24626E1 1.65768E0 1.65768E0 1.65768E0 1.65768E0
3.99441E-2 3.99441E-2 1.24626E1 1.25025E1 7.74915E0 7.36968E0 9.34691E0 1.25025E1 2.81606E0 4.3539E0 6.17136E0 9.38686E0 1.65768E0 1.65768E0 3.99441E-2 3.99441E-2 3.99441E-2 1.9972E-2 1.9972E-2 1.9972E-2 1.9972E-2 1.9972E-2 3.99441E-2 3.99441E-2 3.99441E-2 3.99441E-2 3.99441E-2 3.99441E-2 3.99441E-2 3.99441E-2 3.99441E-2 1.9972E-2 1.9972E-2 1.9972E-2 1.9972E-2 1.9972E-2 1.9972E-2 1.9972E-2 1.9972E-2 1.9972E-2 1.9972E-2 1.9972E-2 1.9972E-2 3.99441E-2 3.99441E-2 3.99441E-2 3.99441E-2 3.99441E-2 3.99441E-2 1.24626E1 3.99441E-2 3.99441E-2 3.99441E-2 3.99441E-2 3.99441E-2 3.99441E-2 1.65768E0 3.99441E-2 1.65768E0 1.65768E0 1.65768E0 1.65768E0 1.65768E0 1.65768E0 1.65768E0 1.65768E0 1.65768E0 1.65768E0
3.99441E-2 1.65768E0 1.25025E1 1.25025E1 7.32974E0 6.55083E0 8.38826E0 1.23028E1 1.25025E1 8.62792E0 8.70781E0 1.65768E0 1.65768E0 1.65768E0 3.99441E-2 3.99441E-2 3.99441E-2 1.9972E-2 1.9972E-2 1.9972E-2 1.9972E-2 3.99441E-2 3.99441E-2 3.99441E-2 3.99441E-2 3.99441E-2 3.99441E-2 3.99441E-2 3.99441E-2 3.99441E-2 1.9972E-2 1.9972E-2 1.9972E-2 1.9972E-2 1.9972E-2 1.9972E-2 1.9972E-2 1.9972E-2 1.9972E-2 1.9972E-2 1.9972E-2 3.99441E-2 3.99441E-2 1.65768E0 1.65768E0 1.65768E0 1.65768E0 3.99441E-2 1.65768E0 1.65768E0 3.99441E-2 3.99441E-2 3.99441E-2 1.65768E0 3.99441E-2 1.65768E0 1.65768E0 1.65768E0 1.65768E0 1.65768E0 1.65768E0 1.65768E0 1.65768E0 1.65768E0 1.65768E0 1.65768E0 1.24626E1 1.24626E1
3.99441E-2 1.25025E1 1.25025E1 2.53645E1 1.2143E1 6.51088E0 7.11005E0 8.22848E0 4.29399E0 2.4965E0 5.01298E0 1.65768E0 1.65768E0 1.65768E0 3.99441E-2 3.99441E-2 3.99441E-2 3.99441E-2 1.9972E-2 1.9972E-2 1.9972E-2 3.99441E-2 3.99441E-2 3.99441E-2 3.99441E-2 3.99441E-2 3.99441E-2 3.99441E-2 3.99441E-2 3.99441E-2 1.9972E-2 1.9972E-2 1.9972E-2 1.9972E-2 1.9972E-2 1.9972E-2 1.9972E-2 1.9972E-2 1.9972E-2 1.9972E-2 3.99441E-2 3.99441E-2 3.99441E-2 9.70641E0 8.20851E0 1.65768E0 3.99441E-2 3.99441E-2 3.99441E-2 1.65768E0 3.99441E-2 3.99441E-2 3.99441E-2 3.99441E-2 3.99441E-2 1.65768E0 1.65768E0 1.65768E0 1.65768E0 1.65768E0 1.65768E0 1.65768E0 1.65768E0 1.65768E0 1.65768E0 1.65768E0 1.24626E1 1.24626E1
1.65768E0 1.25025E1 2.5724E1 2.43459E1 1.88935E1 9.34691E0 6.51088E0 6.71061E0 8.50809E0 3.29539E0 2.83603E0 5.15279E0 1.65768E0 1.65768E0 3.99441E-2 3.99441E-2 3.99441E-2 3.99441E-2 3.99441E-2 1.9972E-2 1.9972E-2 3.99441E-2 3.99441E-2 3.99441E-2 3.99441E-2 3.99441E-2 3.99441E-2 3.99441E-2 3.99441E-2 3.99441E-2 1.9972E-2 1.9972E-2 1.9972E-2 1.9972E-2 1.9972E-2 1.9972E-2 1.9972E-2 1.9972E-2 1.9972E-2 1.9972E-2 3.99441E-2 3.99441E-2 1.65768E0 7.38965E0 8.90753E0 1.65768E0 1.65768E0 1.65768E0 7.68924E0 1.06251E1 1.65768E0 3.99441E-2 3.99441E-2 3.99441E-2 3.99441E-2 1.65768E0 1.65768E0 1.65768E0 1.65768E0 1.65768E0 1.65768E0 1.65768E0 1.65768E0 1.65768E0 1.65768E0 1.65768E0 1.24626E1 1.24626E1
1.25025E1 1.24026E1 2.68624E1 1.83343E1 1.84741E1 1.77152E1 8.74775E0 2.81606E0 2.81606E0 2.81606E0 3.575E0 6.9303E0 1.65768E0 1.65768E0 3.99441E-2 3.99441E-2 3.99441E-2 3.99441E-2 3.99441E-2 1.9972E-2 1.9972E-2 1.9972E-2 3.99441E-2 3.99441E-2 3.99441E-2 3.99441E-2 3.99441E-2 3.99441E-2 3.99441E-2 1.9972E-2 1.9972E-2 1.9972E-2 1.9972E-2 1.9972E-2 1.9972E-2 1.9972E-2 1.9972E-2 1.9972E-2 1.9972E-2 3.99441E-2 3.99441E-2 1.4979E0 1.65768E0 6.61074E0 7.11005E0 5.01298E0 1.65768E0 1.65768E0 7.60935E0 2.00519E1 8.80767E0 1.65768E0 3.99441E-2 3.99441E-2 1.65768E0 1.65768E0 1.65768E0 1.65768E0 1.65768E0 1.65768E0 1.65768E0 1.65768E0 1.65768E0 1.65768E0 1.24626E1 1.24626E1 1.24626E1 1.24626E1
3.09966E1 1.52586E1 2.16697E1 1.74156E1 1.13841E1 1.15638E1 1.12642E1 6.51088E0 8.58798E-1 8.54803E0 5.53225E0 6.53086E0 1.65768E0 1.65768E0 3.99441E-2 3.99441E-2 3.99441E-2 3.99441E-2 1.9972E-2 1.9972E-2 1.9972E-2 1.9972E-2 3.99441E-2 3.99441E-2 3.99441E-2 3.99441E-2 3.99441E-2 3.99441E-2 3.99441E-2 1.9972E-2 1.9972E-2 1.9972E-2 1.9972E-2 1.9972E-2 1.9972E-2 1.9972E-2 1.9972E-2 1.9972E-2 1.9972E-2 3.99441E-2 1.65768E0 5.95167E0 1.65768E0 4.97304E0 4.93309E0 3.09567E0 3.09567E0 4.25404E0 4.17416E0 6.85041E0 2.02516E1 6.77052E0 3.99441E-2 3.99441E-2 1.65768E0 1.65768E0 1.65768E0 1.65768E0 1.65768E0 1.65768E0 1.65768E0 1.65768E0 1.65768E0 1.65768E0 4.97304E0 1.24626E1 1.24626E1 1.24626E1
2.06711E1 2.06711E1 1.78151E1 1.68764E1 7.80907E0 8.10865E0 9.70641E0 5.89175E0 8.58798E0 4.73337E0 5.01298E0 1.65768E0 1.65768E0 3.99441E-2 3.99441E-2 3.99441E-2 3.99441E-2 3.99441E-2 1.9972E-2 1.9972E-2 1.9972E-2 1.9972E-2 1.9972E-2 3.99441E-2 3.99441E-2 3.99441E-2 3.99441E-2 1.9972E-2 1.9972E-2 1.9972E-2 1.9972E-2 1.9972E-2 1.9972E-2 1.9972E-2 1.9972E-2 1.9972E-2 1.9972E-2 1.9972E-2 3.99441E-2 3.99441E-2 1.65768E0 5.33253E0 4.51368E0 4.67346E0 4.33393E0 3.09567E0 4.65349E0 3.55502E0 3.65488E0 4.73337E0 1.6437E1 1.97923E1 1.65768E0 1.65768E0 1.65768E0 1.65768E0 6.73058E0 8.04873E0 1.65768E0 1.65768E0 2.31676E0 2.91592E0 3.13561E0 1.65768E0 1.65768E0 1.24626E1 3.19553E1 2.59637E1
1.82345E1 1.8594E1 1.45596E1 9.72638E0 6.65069E0 7.96884E0 7.82904E0 7.76912E0 1.0026E1 9.287E0 5.0729E0 1.65768E0 1.65768E0 3.99441E-2 3.99441E-2 3.99441E-2 3.99441E-2 3.99441E-2 3.99441E-2 1.9972E-2 1.9972E-2 1.9972E-2 1.9972E-2 1.9972E-2 1.9972E-2 1.9972E-2 1.9972E-2 1.9972E-2 1.9972E-2 1.9972E-2 1.9972E-2 1.9972E-2 1.9972E-2 1.9972E-2 1.9972E-2 1.9972E-2 1.9972E-2 3.99441E-2 3.99441E-2 3.99441E-2 1.65768E0 4.2141E0 4.25404E0 4.91312E0 4.15418E0 3.49511E0 3.83463E0 4.11424E0 3.95446E0 6.33114E0 2.11104E1 1.2123E1 1.65768E0 4.17416E0 9.40683E0 1.9972E0 2.83603E0 2.25684E0 3.27541E0 2.09706E0 3.55502E0 2.87597E0 2.19692E0 1.65768E0 1.65768E0 1.24626E1 3.11364E1 3.19553E1
1.62972E1 1.27621E1 9.70641E0 6.99021E0 8.18854E0 7.5694E0 6.77052E0 1.0725E1 9.32694E0 6.77052E0 9.32694E0 1.65768E0 1.65768E0 3.99441E-2 3.99441E-2 3.99441E-2 3.99441E-2 3.99441E-2 1.9972E-2 3.99441E-2 1.9972E-2 1.9972E-2 1.9972E-2 1.9972E-2 1.9972E-2 1.9972E-2 1.9972E-2 1.9972E-2 1.9972E-2 1.9972E-2 1.9972E-2 1.9972E-2 1.9972E-2 1.9972E-2 1.9972E-2 3.99441E-2 3.99441E-2 3.99441E-2 1.65768E0 1.65768E0 1.65768E0 4.11424E0 4.51368E0 4.19413E0 3.49511E0 5.67206E0 4.81326E0 3.55502E0 2.81606E0 5.63211E0 1.58179E1 1.39605E1 9.287E0 2.15698E0 3.73477E0 1.39804E0 1.75754E0 2.31676E0 2.83603E0 1.91532E1 1.45396E1 6.97024E0 1.59776E0 1.03855E0 3.81466E0 4.43379E0 3.47513E0 2.45856E1
1.01658E1 8.10865E0 8.24845E0 8.80767E0 8.72778E0 6.83044E0 9.80627E0 1.37008E1 1.37008E1 9.287E0 1.65768E0 1.65768E0 1.65768E0 3.99441E-2 3.99441E-2 3.99441E-2 3.99441E-2 3.99441E-2 3.99441E-2 3.99441E-2 1.9972E-2 1.9972E-2 1.9972E-2 1.9972E-2 1.9972E-2 1.9972E-2 1.9972E-2 1.9972E-2 1.9972E-2 1.9972E-2 1.9972E-2 1.9972E-2 1.9972E-2 1.9972E-2 1.9972E-2 3.99441E-2 3.99441E-2 1.65768E0 1.65768E0 2.81606E0 2.91592E0 3.65488E0 3.83463E0 3.55502E0 3.83463E0 5.61214E0 4.33393E0 1.75754E0 2.83603E0 5.43239E0 1.80547E1 1.45796E1 3.97444E0 4.79329E-1 1.07849E0 1.27821E0 8.38826E-1 1.67765E0 2.4965E0 1.06052E1 7.7891E0 3.97444E0 9.58658E-1 4.39385E-1 3.27541E0 9.58658E0 1.16038E1 3.19553E1
1.05852E1 8.02876E0 8.4282E0 7.76912E0 7.38965E0 7.24985E0 1.64969E1 1.29419E1 1.00859E1 1.65768E0 1.65768E0 1.65768E0 3.99441E-2 3.99441E-2 3.99441E-2 3.99441E-2 3.99441E-2 3.99441E-2 3.99441E-2 3.99441E-2 1.9972E-2 1.9972E-2 3.99441E-2 1.9972E-2 1.9972E-2 1.9972E-2 1.9972E-2 1.9972E-2 1.9972E-2 1.9972E-2 1.9972E-2 1.9972E-2 1.9972E-2 1.9972E-2 1.9972E-2 3.99441E-2 3.99441E-2 3.99441E-2 1.65768E0 3.49511E0 4.05432E0 3.39525E0 2.89595E0 2.89595E0 2.83603E0 1.4979E0 1.4979E0 2.81606E0 3.49511E0 4.2141E0 1.7176E1 7.36968E0 1.47793E0 4.79329E-1 4.59357E-1 5.19273E-1 1.17835E0 1.67765E0 7.98882E-1 5.39245E-1 1.47793E0 1.33813E0 4.79329E-1 4.19413E-1 1.23827E0 4.65349E0 4.3539E0 1.27821E1
7.72918E0 8.94747E0 8.568E0 7.72918E0 7.32974E0 9.38686E0 6.25125E0 6.33114E0 1.65768E0 1.65768E0 3.99441E-2 3.99441E-2 3.99441E-2 3.99441E-2 3.99441E-2 3.99441E-2 3.99441E-2 3.99441E-2 3.99441E-2 3.99441E-2 3.99441E-2 3.99441E-2 3.99441E-2 3.99441E-2 1.9972E-2 1.9972E-2 1.9972E-2 1.9972E-2 1.9972E-2 1.9972E-2 1.9972E-2 1.9972E-2 1.9972E-2 1.9972E-2 1.9972E-2 3.99441E-2 3.99441E-2 1.65768E0 1.65768E0 3.11564E0 2.73617E0 2.39664E0 2.39664E0 2.29678E0 1.4979E0 8.7877E-1 8.7877E-1 1.67765E0 1.57779E0 5.87178E0 1.49591E1 7.82904E0 1.41801E0 6.79049E-1 9.7863E-1 5.79189E-1 7.98882E-1 1.41801E0 6.39105E-1 6.39105E-1 6.79049E-1 4.79329E-1 6.19133E-1 4.39385E-1 6.39105E-1 6.9303E0 4.25404E0 1.38207E1
8.04873E0 1.01059E1 9.7863E0 1.428E1 7.64929E0 2.29678E0 2.81606E0 1.65768E0 1.65768E0 3.99441E-2 3.99441E-2 3.99441E-2 3.99441E-2 3.99441E-2 3.99441E-2 3.99441E-2 3.99441E-2 3.99441E-2 3.99441E-2 3.99441E-2 3.99441E-2 3.99441E-2 3.99441E-2 1.9972E-2 1.9972E-2 1.9972E-2 1.9972E-2 1.9972E-2 1.9972E-2 1.9972E-2 1.9972E-2 1.9972E-2 1.9972E-2 1.9972E-2 1.9972E-2 3.99441E-2 3.99441E-2 3.99441E-2 1.65768E0 1.8574E0 3.23547E0 3.23547E0 2.29678E0 1.4979E0 1.4979E0 8.7877E-1 8.58798E-1 9.7863E-1 1.37807E0 1.47793E0 4.25404E0 7.5694E0 2.53645E0 9.58658E-1 5.39245E-1 5.39245E-1 5.39245E-1 4.79329E-1 4.39385E-1 4.39385E-1 1.57779E0 4.39385E-1 4.39385E-1 3.99441E-1 4.19413E-1 6.59077E-1 2.87597E0 4.25404E0
9.70641E0 1.42001E1 1.22029E1 4.27402E0 4.3539E0 6.79049E-1 1.65768E0 1.65768E0 3.99441E-2 3.99441E-2 3.99441E-2 3.99441E-2 3.99441E-2 3.99441E-2 3.99441E-2 3.99441E-2 3.99441E-2 3.99441E-2 3.99441E-2 3.99441E-2 3.99441E-2 3.99441E-2 3.99441E-2 3.99441E-2 1.9972E-2 1.9972E-2 1.9972E-2 1.9972E-2 1.9972E-2 1.9972E-2 1.9972E-2 1.9972E-2 1.9972E-2 1.9972E-2 1.9972E-2 3.99441E-2 3.99441E-2 1.41801E0 1.55782E0 2.83603E0 2.91592E0 2.83603E0 2.45656E0 1.4979E0 1.3581E0 7.98882E-1 8.7877E-1 1.11843E0 6.79049E-1 7.7891E-1 2.45656E0 3.17555E0 2.53645E0 1.41801E0 1.69762E0 6.39105E-1 4.79329E-1 5.19273E-1 4.79329E-1 3.99441E-1 3.79469E-1 7.98882E-1 9.7863E-1 3.99441E-1 6.79049E-1 2.15698E0 4.3539E0 8.64789E0
9.72638E0 1.32814E1 4.17416E0 9.7863E-1 4.39385E-1 1.65768E0 1.65768E0 1.65768E0 3.99441E-2 3.99441E-2 3.99441E-2 3.99441E-2 3.99441E-2 3.99441E-2 3.99441E-2 3.99441E-2 3.99441E-2 3.99441E-2 3.99441E-2 3.99441E-2 3.99441E-2 3.99441E-2 3.99441E-2 3.99441E-2 1.9972E-2 1.9972E-2 1.9972E-2 1.9972E-2 1.9972E-2 1.9972E-2 1.9972E-2 1.9972E-2 1.9972E-2 1.9972E-2 1.9972E-2 3.99441E-2 3.99441E-2 1.37807E0 1.43799E0 1.87737E0 2.45656E0 2.99581E0 2.09706E0 1.4979E0 7.18993E-1 6.59077E-1 5.39245E-1 8.38826E-1 1.23827E0 1.47793E0 1.41801E0 5.19273E-1 4.75335E0 1.9972E0 1.01857E1 4.75335E0 1.11843E0 4.79329E-1 1.59776E0 1.47793E0 6.59077E-1 4.39385E-1 4.39385E-1 5.39245E-1 4.19413E-1 1.9972E0 6.9303E0 5.712E0
1.15239E1 1.29619E1 4.39385E-1 6.39105E-1 8.58798E-1 1.65768E0 3.99441E-2 3.99441E-2 3.99441E-2 3.99441E-2 3.99441E-2 3.99441E-2 3.99441E-2 3.99441E-2 3.99441E-2 3.99441E-2 3.99441E-2 3.99441E-2 3.99441E-2 3.99441E-2 3.99441E-2 3.99441E-2 3.99441E-2 3.99441E-2 3.99441E-2 3.99441E-2 1.9972E-2 1.9972E-2 1.9972E-2 1.9972E-2 1.9972E-2 1.9972E-2 1.9972E-2 1.9972E-2 3.99441E-2 3.99441E-2 3.99441E-2 3.99441E-2 3.99441E-2 1.27821E0 2.3567E0 3.13561E0 1.55782E0 1.31815E0 3.99441E-2 5.79189E-1 4.39385E-1 6.79049E-1 6.99021E-1 1.39804E0 1.65768E0 9.58658E-1 5.39245E-1 1.03855E0 1.17236E1 7.50949E0 1.89734E0 6.39105E-1 2.13701E0 2.05712E0 6.79049E-1 1.47793E0 2.09706E0 6.79049E-1 6.59077E-1 1.69762E0 4.73337E0 9.76633E0
9.48672E0 4.49371E0 3.59497E-1 5.39245E-1 1.65768E0 3.99441E-2 3.99441E-2 3.99441E-2 3.99441E-2 3.99441E-2 3.99441E-2 3.99441E-2 3.99441E-2 3.99441E-2 1.65768E0 1.65768E0 1.65768E0 3.99441E-2 3.99441E-2 3.99441E-2 3.99441E-2 3.99441E-2 3.99441E-2 3.99441E-2 3.99441E-2 3.99441E-2 3.99441E-2 3.99441E-2 1.9972E-2 1.9972E-2 1.9972E-2 1.9972E-2 3.99441E-2 1.9972E-2 1.9972E-2 3.99441E-2 3.99441E-2 3.99441E-2 3.99441E-2 1.3581E0 2.39664E0 2.31676E0 1.29818E0 3.99441E-2 3.99441E-2 3.99441E-2 3.99441E-2 1.4979E0 1.9972E0 1.67765E0 1.9972E0 2.03715E0 1.41801E0 6.79049E-1 5.61214E0 8.60795E0 9.04733E0 2.13701E0 8.7877E-1 1.69762E0 1.61774E0 1.45796E0 2.09706E0 2.29678E0 6.59077E-1 1.89734E0 2.4965E0 2.25684E0
1.25025E1 1.43799E0 5.79189E-1 1.65768E0 3.99441E-2 3.99441E-2 3.99441E-2 3.99441E-2 3.99441E-2 3.99441E-2 3.99441E-2 1.4979E0 1.4979E0 1.65768E0 3.99441E-2 3.99441E-2 3.99441E-2 3.99441E-2 3.99441E-2 3.99441E-2 3.99441E-2 3.99441E-2 3.99441E-2 3.99441E-2 3.99441E-2 3.99441E-2 3.99441E-2 3.99441E-2 1.9972E-2 3.99441E-2 3.99441E-2 3.99441E-2 3.99441E-2 3.99441E-2 3.99441E-2 3.99441E-2 3.99441E-2 3.99441E-2 7.18993E-1 1.59776E0 1.41801E0 1.3581E0 3.99441E-2 3.99441E-2 3.99441E-2 3.99441E-2 6.19133E-1 2.13701E0 2.53645E0 2.13701E0 1.67765E0 1.41801E0 1.81746E0 1.3581E0 1.03855E0 1.45796E0 1.57779E0 1.91732E0 1.27821E0 2.11704E0 2.99581E0 1.79748E0 2.03715E0 4.33393E0 2.23687E0 2.13701E0 2.4965E0 5.15279E0
2.99581E0 1.39804E0 1.65768E0 3.99441E-2 3.99441E-2 3.99441E-2 3.99441E-2 1.4979E0 1.4979E0 1.4979E0 1.4979E0 1.4979E0 1.4979E0 3.99441E-2 3.99441E-2 3.99441E-2 3.99441E-2 3.99441E-2 3.99441E-2 3.99441E-2 3.99441E-2 3.99441E-2 3.99441E-2 3.99441E-2 3.99441E-2 3.99441E-2 3.99441E-2 3.99441E-2 3.99441E-2 3.99441E-2 3.99441E-2 3.99441E-2 3.99441E-2 3.99441E-2 3.99441E-2 3.99441E-2 3.99441E-2 3.99441E-2 3.99441E-2 8.58798E-1 3.99441E-2 3.99441E-2 3.99441E-2 3.99441E-2 3.99441E-2 3.99441E-2 1.61774E0 1.81746E0 2.29678E0 1.87737E0 2.13701E0 2.13701E0 2.13701E0 1.59776E0 1.45796E0 1.57779E0 2.01718E0 1.59776E0 1.57779E0 2.09706E0 2.53645E0 2.11704E0 2.19692E0 3.67486E0 3.11564E0 2.81606E0 4.7134E0 7.09007E0
4.37388E0 1.65768E0 1.65768E0 3.99441E-2 3.99441E-2 1.65768E0 3.99441E-2 3.99441E-2 3.99441E-2 3.99441E-2 1.4979E0 3.99441E-2 3.99441E-2 3.99441E-2 3.99441E-2 3.99441E-2 3.99441E-2 3.99441E-2 3.99441E-2 3.99441E-2 3.99441E-2 3.99441E-2 3.99441E-2 3.99441E-2 3.99441E-2 3.99441E-2 3.99441E-2 3.99441E-2 3.99441E-2 3.99441E-2 3.99441E-2 3.99441E-2 3.99441E-2 3.99441E-2 3.99441E-2 3.99441E-2 3.99441E-2 3.99441E-2 3.99441E-2 3.99441E-2 3.99441E-2 3.99441E-2 3.99441E-2 7.98882E-1 1.3581E0 1.4979E0 2.45656E0 4.05432E0 2.15698E0 2.19692E0 2.19692E0 2.89595E0 2.83603E0 2.33673E0 1.47793E0 1.41801E0 1.47793E0 2.29678E0 3.01578E0 2.4965E0 2.75614E0 3.01578E0 3.99441E0 4.77332E0 3.11564E0 3.61494E0 3.93449E0 4.43379E0
1.65768E0 1.65768E0 3.99441E-2 3.99441E-2 3.99441E-2 3.99441E-2 3.99441E-2 3.99441E-2 3.99441E-2 3.99441E-2 3.99441E-2 3.99441E-2 3.99441E-2 3.99441E-2 3.99441E-2 3.99441E-2 3.99441E-2 3.99441E-2 3.99441E-2 3.99441E-2 3.99441E-2 3.99441E-2 3.99441E-2 3.99441E-2 3.99441E-2 3.99441E-2 3.99441E-2 3.99441E-2 3.99441E-2 3.99441E-2 3.99441E-2 3.99441E-2 3.99441E-2 3.99441E-2 3.99441E-2 3.99441E-2 3.99441E-2 3.99441E-2 3.99441E-2 3.99441E-2 3.99441E-2 3.99441E-2 3.99441E-2 1.03855E0 1.61774E0 2.25684E0 2.3567E0 4.03435E0 4.03435E0 2.3567E0 3.99441E0 1.8574E0 1.95726E0 1.9972E0 2.13701E0 1.9972E0 2.75614E0 2.53645E0 2.29678E0 3.83463E0 3.81466E0 3.07569E0 3.61494E0 4.95307E0 5.53225E0 5.81186E0 6.85041E0 1.65768E0
1.65768E0 1.65768E0 3.99441E-2 3.99441E-2 3.99441E-2 3.99441E-2 3.99441E-2 3.99441E-2 3.99441E-2 3.99441E-2 3.99441E-2 3.99441E-2 3.99441E-2 3.99441E-2 3.99441E-2 3.99441E-2 3.99441E-2 3.99441E-2 3.99441E-2 3.99441E-2 3.99441E-2 3.99441E-2 3.99441E-2 3.99441E-2 3.99441E-2 3.99441E-2 3.99441E-2 3.99441E-2 3.99441E-2 3.99441E-2 3.99441E-2 3.99441E-2 3.99441E-2 3.99441E-2 3.99441E-2 3.99441E-2 3.99441E-2 3.99441E-2 3.99441E-2 3.99441E-2 3.99441E-2 1.27821E0 1.4979E0 1.4979E0 1.65768E0 2.4965E0 1.65768E0 2.91592E0 2.73617E0 4.15418E0 6.25125E0 2.4965E0 2.13701E0 2.29678E0 2.29678E0 2.83603E0 2.53645E0 2.83603E0 3.99441E0 3.73477E0 8.44817E0 6.431E0 4.29399E0 5.39245E0 5.13281E0 5.53225E0 1.65768E0 1.65768E0
1.65768E0 1.65768E0 3.99441E-2 3.99441E-2 3.99441E-2 3.99441E-2 3.99441E-2 3.99441E-2 3.99441E-2 3.99441E-2 3.99441E-2 3.99441E-2 3.99441E-2 3.99441E-2 3.99441E-2 3.99441E-2 3.99441E-2 3.99441E-2 3.99441E-2 3.99441E-2 3.99441E-2 3.99441E-2 3.99441E-2 3.99441E-2 3.99441E-2 3.99441E-2 3.99441E-2 3.99441E-2 3.99441E-2 3.99441E-2 3.99441E-2 3.99441E-2 3.99441E-2 3.99441E-2 3.99441E-2 3.99441E-2 3.99441E-2 3.99441E-2 3.99441E-2 3.99441E-2 1.39804E0 1.4979E0 1.4979E0 1.65768E0 1.65768E0 1.65768E0 1.65768E0 3.39525E0 4.51368E0 4.33393E0 6.65069E0 1.65768E0 2.15698E0 3.01578E0 2.29678E0 2.83603E0 3.7148E0 4.81326E0 5.81186E0 4.03435E0 4.2141E0 6.9303E0 6.65069E0 6.0715E0 5.13281E0 5.67206E0 6.61074E0 1.65768E0
1.65768E0 1.65768E0 3.99441E-2 3.99441E-2 3.99441E-2 3.99441E-2 3.99441E-2 3.99441E-2 3.99441E-2 3.99441E-2 3.99441E-2 3.99441E-2 3.99441E-2 3.99441E-2 3.99441E-2 3.99441E-2 3.99441E-2 3.99441E-2 3.99441E-2 3.99441E-2 3.99441E-2 3.99441E-2 3.99441E-2 3.99441E-2 3.99441E-2 3.99441E-2 3.99441E-2 3.99441E-2 3.99441E-2 3.99441E-2 3.99441E-2 3.99441E-2 3.99441E-2 3.99441E-2 3.99441E-2 3.99441E-2 3.99441E-2 3.99441E-2 1.03855E0 1.27821E0 1.39804E0 1.4979E0 1.65768E0 1.65768E0 1.65768E0 1.65768E0 1.65768E0 3.55502E0 5.91172E0 1.65768E0 1.65768E0 1.65768E0 2.89595E0 2.73617E0 3.13561E0 5.63211E0 5.95167E0 5.49231E0 6.25125E0 6.65069E0 5.15279E0 6.25125E0 7.60935E0 8.46814E0 8.30837E0 7.03016E0 7.03016E0 7.22988E0
1.65768E0 1.65768E0 3.99441E-2 3.99441E-2 3.99441E-2 3.99441E-2 3.99441E-2 3.99441E-2 3.99441E-2 3.99441E-2 3.99441E-2 3.99441E-2 3.99441E-2 3.99441E-2 3.99441E-2 3.99441E-2 3.99441E-2 3.99441E-2 3.99441E-2 3.99441E-2 3.99441E-2 3.99441E-2 3.99441E-2 3.99441E-2 3.99441E-2 3.99441E-2 3.99441E-2 3.99441E-2 3.99441E-2 3.99441E-2 3.99441E-2 3.99441E-2 3.99441E-2 3.99441E-2 3.99441E-2 7.38965E-1 9.38686E-1 1.23827E0 1.27821E0 1.37807E0 1.43799E0 1.65768E0 1.65768E0 1.65768E0 1.65768E0 1.65768E0 1.65768E0 4.0743E0 5.37248E0 1.65768E0 1.65768E0 1.65768E0 4.77332E0 4.3539E0 7.09007E0 7.98882E0 4.29399E0 4.77332E0 7.44957E0 7.60935E0 6.37108E0 6.77052E0 8.14859E0 9.52666E0 1.65768E0 1.65768E0 1.65768E0 1.65768E0
1.65768E0 1.65768E0 3.99441E-2 3.99441E-2 3.99441E-2 3.99441E-2 3.99441E-2 3.99441E-2 3.99441E-2 3.99441E-2 3.99441E-2 3.99441E-2 3.99441E-2 3.99441E-2 3.99441E-2 3.99441E-2 3.99441E-2 3.99441E-2 3.99441E-2 1.65768E0 3.99441E-2 3.99441E-2 1.65768E0 1.65768E0 3.99441E-2 1.65768E0 3.99441E-2 3.99441E-2 1.65768E0 1.65768E0 3.99441E-2 1.65768E0 1.65768E0 1.41801E0 1.39804E0 1.3581E0 1.31815E0 1.33813E0 1.3581E0 1.4979E0 1.65768E0 1.65768E0 1.65768E0 1.65768E0 1.65768E0 1.65768E0 1.65768E0 1.65768E0 1.65768E0 1.65768E0 1.65768E0 1.65768E0 5.49231E0 9.02736E0 1.65768E0 5.37248E0 4.73337E0 5.43239E0 6.17136E0 6.85041E0 6.9303E0 6.37108E0 7.60935E0 7.98882E0 1.65768E0 1.65768E0 1.65768E0 1.65768E0
1.65768E0 1.65768E0 3.99441E-2 3.99441E-2 3.99441E-2 3.99441E-2 3.99441E-2 3.99441E-2 3.99441E-2 3.99441E-2 3.99441E-2 3.99441E-2 3.99441E-2 3.99441E-2 3.99441E-2 3.99441E-2 3.99441E-2 3.99441E-2 1.65768E0 1.65768E0 3.99441E-2 1.65768E0 1.65768E0 1.65768E0 1.65768E0 1.65768E0 1.65768E0 3.99441E-2 3.99441E-2 1.65768E0 1.65768E0 1.65768E0 1.65768E0 1.61774E0 1.59776E0 1.55782E0 1.45796E0 1.47793E0 1.47793E0 1.65768E0 1.65768E0 1.65768E0 1.65768E0 1.65768E0 1.65768E0 1.65768E0 1.65768E0 1.65768E0 1.65768E0 1.65768E0 1.65768E0 1.65768E0 1.65768E0 1.65768E0 1.65768E0 5.43239E0 5.63211E0 6.33114E0 6.61074E0 6.85041E0 7.44957E0 1.0685E1 7.72918E0 1.08648E1 1.65768E0 1.65768E0 1.65768E0 1.65768E0
1.65768E0 1.65768E0 3.99441E-2 3.99441E-2 3.99441E-2 3.99441E-2 3.99441E-2 1.9972E-2 1.9972E-2 3.99441E-2 3.99441E-2 3.99441E-2 3.99441E-2 3.99441E-2 3.99441E-2 3.99441E-2 3.99441E-2 3.99441E-2 3.99441E-2 3.99441E-2 1.65768E0 1.65768E0 1.65768E0 1.65768E0 1.65768E0 1.65768E0 1.65768E0 1.65768E0 1.65768E0 1.65768E0 1.65768E0 1.65768E0 1.65768E0 1.65768E0 1.65768E0 1.65768E0 1.65768E0 1.65768E0 1.65768E0 1.65768E0 1.65768E0 1.65768E0 1.65768E0 1.65768E0 1.65768E0 1.65768E0 1.65768E0 1.65768E0 1.65768E0 1.65768E0 1.65768E0 1.65768E0 1.65768E0 1.65768E0 1.65768E0 1.25025E1 7.18993E0 7.44957E0 7.48951E0 7.72918E0 8.30837E0 7.48951E0 9.26703E0 1.65768E0 1.65768E0 1.65768E0 1.65768E0 1.65768E0
1.65768E0 1.65768E0 3.99441E-2 3.99441E-2 3.99441E-2 3.99441E-2 1.9972E-2 3.99441E-2 3.99441E-2 3.99441E-2 3.99441E-2 3.99441E-2 3.99441E-2 3.99441E-2 3.99441E-2 3.99441E-2 3.99441E-2 3.99441E-2 3.99441E-2 1.65768E0 1.65768E0 1.65768E0 1.65768E0 1.65768E0 1.65768E0 1.65768E0 1.65768E0 1.65768E0 1.65768E0 1.65768E0 1.65768E0 1.65768E0 1.65768E0 1.65768E0 1.65768E0 1.65768E0 1.65768E0 1.65768E0 1.41801E0 1.59776E0 1.65768E0 1.65768E0 1.65768E0 1.65768E0 1.65768E0 1.65768E0 1.65768E0 1.65768E0 1.65768E0 1.65768E0 1.65768E0 1.65768E0 1.65768E0 1.65768E0 9.40683E0 1.66767E1 9.90613E0 8.70781E0 5.53225E0 5.712E0 8.90753E0 8.94747E0 7.38965E0 1.65768E0 1.65768E0 1.65768E0 1.65768E0 1.65768E0
