Leopardus colocola/Leopardus_colocola_projection 2041-2060.asc
ncols         515
nrows         545
xllcorner     -119.0
yllcorner     -58.333333333333
cellsize      0.166666666667
NODATA_value  -9999
[rows 29 to 57 of 545, columns 66 to 131 of 515]
2.29643E-4 3.05354E-4 2.39909E-4 3.07195E-4 4.85801E-4 6.63708E-4 9.046E-4 1.36219E-3 1.73573E-3 1.96931E-3 2.49255E-3 2.69487E-3 3.19578E-3 3.58963E-3 3.55596E-3 3.85963E-3 3.82801E-3 3.41679E-3 3.13126E-3 2.90429E-3 2.24769E-3 2.57927E-3 2.48602E-3 2.4025E-3 1.57402E-3 1.65063E-3 1.20141E-3 9.78889E-4 8.50082E-4 8.18467E-4 8.67539E-4 6.74103E-4 6.79317E-4 1.02903E-3 8.90806E-4 9.31623E-4 1.01918E-3 1.23999E-3 1.06525E-3 1.0447E-3 1.04289E-3 1.04273E-3 1.07259E-3 1.08874E-3 1.09688E-3 1.05239E-3 9.09274E-4 7.36843E-4 6.89689E-4 6.87803E-4 6.6193E-4 6.25811E-4 6.18195E-4 6.20541E-4 6.29149E-4 6.49725E-4 6.69216E-4 6.48452E-4 4.99163E-4 3.76661E-4 3.15164E-4 2.95091E-4 2.95121E-4 2.90624E-4 -9999 -9999
2.06637E-4 3.08636E-4 3.16374E-4 3.53864E-4 3.47835E-4 3.68299E-4 6.00979E-4 1.24499E-3 9.45432E-4 2.03464E-3 2.75912E-3 2.88057E-3 2.98188E-3 3.04593E-3 3.26226E-3 3.66094E-3 3.79552E-3 3.34052E-3 3.12714E-3 2.41963E-3 2.58835E-3 2.18339E-3 2.33579E-3 1.84447E-3 1.98245E-3 1.53588E-3 1.17174E-3 8.7617E-4 7.79144E-4 7.86539E-4 8.61347E-4 7.63712E-4 6.29923E-4 1.02715E-3 1.20148E-3 1.19387E-3 8.3408E-4 1.16154E-3 1.24481E-3 1.07114E-3 1.09904E-3 1.12352E-3 1.12742E-3 1.09689E-3 1.05797E-3 1.07502E-3 8.98873E-4 6.98154E-4 5.63247E-4 5.62293E-4 5.92162E-4 6.19356E-4 6.56893E-4 6.22409E-4 6.49217E-4 6.71477E-4 6.58662E-4 5.93687E-4 4.72943E-4 3.83857E-4 3.25283E-4 3.03844E-4 3.0713E-4 2.88614E-4 -9999 -9999
3.04673E-4 2.54574E-4 2.22007E-4 2.57197E-4 3.79947E-4 3.84675E-4 4.23222E-4 6.9168E-4 4.52035E-4 1.77297E-3 2.2818E-3 2.12362E-3 5.52874E-3 4.69656E-3 4.89011E-3 5.1724E-3 3.06807E-3 3.20861E-3 3.15975E-3 2.54635E-3 2.46628E-3 2.61594E-3 2.03787E-3 1.27317E-3 1.83619E-3 1.17139E-3 1.02047E-3 8.2383E-4 7.33236E-4 7.55419E-4 8.15724E-4 8.18148E-4 7.73678E-4 1.04256E-3 1.35461E-3 9.40668E-4 8.11723E-4 1.15979E-3 1.41063E-3 1.24481E-3 1.1573E-3 1.13057E-3 1.21948E-3 1.31747E-3 1.3358E-3 1.3874E-3 9.43989E-4 6.64393E-4 5.72181E-4 5.38527E-4 5.83814E-4 6.20361E-4 6.50452E-4 6.33023E-4 6.22332E-4 6.8452E-4 6.55509E-4 5.74351E-4 4.70477E-4 3.80007E-4 3.5453E-4 3.30847E-4 3.04213E-4 2.83175E-4 -9999 -9999
3.19706E-4 3.38369E-4 2.64036E-4 2.6434E-4 2.52809E-4 2.82687E-4 2.98563E-4 3.91457E-4 3.62566E-4 1.53135E-3 2.00287E-3 1.41917E-3 3.87224E-3 3.72906E-3 4.36553E-3 4.51571E-3 2.55087E-3 2.84298E-3 2.92565E-3 2.95025E-3 2.23003E-3 2.72019E-3 1.83204E-3 1.98246E-3 2.22127E-3 1.68178E-3 1.18026E-3 9.03523E-4 7.68681E-4 8.48733E-4 8.97511E-4 8.79932E-4 6.42463E-4 6.29121E-4 1.07269E-3 1.07744E-3 9.55001E-4 1.08091E-3 1.2951E-3 1.29437E-3 1.28386E-3 1.1506E-3 1.13304E-3 1.37318E-3 1.55241E-3 1.5084E-3 1.05349E-3 7.31397E-4 5.97852E-4 5.82107E-4 5.93406E-4 6.36395E-4 6.98734E-4 6.92805E-4 6.27604E-4 6.56944E-4 6.29214E-4 5.40141E-4 4.43341E-4 3.99819E-4 3.86325E-4 3.6631E-4 3.34247E-4 -9999 -9999 -9999
1.97889E-3 1.75393E-3 2.05962E-4 1.74123E-4 1.94766E-4 1.87972E-4 2.00075E-4 2.32264E-4 3.16275E-4 1.18221E-3 1.37056E-3 9.42967E-4 1.17026E-3 3.32662E-3 3.79034E-3 3.92111E-3 2.2125E-3 2.37741E-3 2.40569E-3 2.76876E-3 2.68013E-3 2.86386E-3 2.99287E-3 3.19076E-3 2.97836E-3 1.97223E-3 1.46643E-3 1.12904E-3 9.17194E-4 1.04773E-3 1.02106E-3 1.11478E-3 1.10931E-3 1.03899E-3 1.18936E-3 1.21859E-3 1.21614E-3 1.0014E-3 1.10258E-3 1.02745E-3 1.08599E-3 1.3162E-3 1.28137E-3 1.29567E-3 1.59079E-3 1.02206E-3 1.02553E-3 8.13857E-4 6.65567E-4 5.95469E-4 6.23559E-4 6.71236E-4 7.295E-4 6.9991E-4 6.43626E-4 6.39672E-4 6.22587E-4 5.50955E-4 4.55644E-4 4.34557E-4 4.06632E-4 3.93056E-4 3.43451E-4 -9999 -9999 -9999
2.28978E-4 3.3169E-4 1.44383E-3 2.51144E-4 1.59125E-4 1.96893E-4 1.93548E-4 2.05331E-4 2.95384E-4 5.87929E-4 9.25736E-4 7.31755E-4 6.09109E-4 2.61938E-3 3.79129E-3 3.70498E-3 1.8425E-3 1.80081E-3 2.0089E-3 2.34583E-3 2.50342E-3 2.95915E-3 3.38049E-3 3.1379E-3 3.10472E-3 2.18708E-3 1.67772E-3 1.3717E-3 1.21405E-3 1.01012E-3 1.01909E-3 9.77424E-4 1.0479E-3 9.44514E-4 1.06854E-3 1.04493E-3 1.19085E-3 8.15343E-4 1.02345E-3 1.14405E-3 7.57672E-4 1.01237E-3 1.36407E-3 1.45012E-3 1.30299E-3 1.17094E-3 1.05393E-3 8.60364E-4 7.37978E-4 6.63676E-4 6.67769E-4 7.33324E-4 7.02799E-4 7.06115E-4 6.86317E-4 6.30192E-4 6.10787E-4 5.5739E-4 4.96069E-4 4.41144E-4 4.36712E-4 4.16111E-4 3.78014E-4 -9999 -9999 -9999
1.81163E-4 1.42338E-4 2.25289E-4 1.56471E-4 2.14071E-4 2.16347E-4 2.66981E-4 2.12237E-4 1.69863E-4 2.08269E-4 5.05904E-4 3.53472E-4 7.52794E-4 1.19334E-3 1.58381E-3 3.30927E-3 1.63575E-3 1.6543E-3 1.85992E-3 2.12267E-3 2.42623E-3 2.96557E-3 3.2948E-3 3.06892E-3 2.86655E-3 2.39639E-3 1.85043E-3 1.58123E-3 1.38639E-3 1.32736E-3 9.39248E-4 1.23089E-3 1.39593E-3 1.38132E-3 1.19877E-3 1.10124E-3 1.00177E-3 8.69625E-4 8.54664E-4 9.86865E-4 1.136E-3 1.13655E-3 1.3529E-3 1.54629E-3 1.24578E-3 1.12948E-3 9.22579E-4 9.68791E-4 8.3291E-4 7.44419E-4 7.32779E-4 7.17524E-4 6.73901E-4 7.10866E-4 7.19306E-4 6.36097E-4 5.99297E-4 5.34145E-4 4.86629E-4 4.51587E-4 4.29654E-4 4.28377E-4 4.09555E-4 -9999 -9999 -9999
1.79165E-4 1.83685E-4 1.30434E-4 1.47138E-4 1.16628E-4 1.80829E-4 1.69205E-4 2.48851E-4 1.92832E-4 1.45051E-4 3.83303E-4 2.08821E-4 3.04417E-4 1.03133E-3 1.56037E-3 3.26888E-3 2.9699E-3 2.7981E-3 1.68295E-3 2.19936E-3 2.22202E-3 2.64637E-3 2.91907E-3 2.94514E-3 2.8644E-3 2.55855E-3 2.03127E-3 1.90598E-3 1.33771E-3 1.82004E-3 1.16132E-3 1.5593E-3 1.37813E-3 1.1282E-3 9.68874E-4 1.06142E-3 1.23088E-3 7.01095E-4 5.69384E-4 8.7284E-4 1.03418E-3 1.29554E-3 1.43047E-3 1.41287E-3 1.09238E-3 1.05399E-3 8.78191E-4 8.62167E-4 8.24293E-4 7.54336E-4 7.34274E-4 7.10019E-4 6.88952E-4 7.42925E-4 7.54427E-4 6.65913E-4 5.56911E-4 4.8977E-4 4.49975E-4 4.24453E-4 4.10189E-4 4.33961E-4 4.26115E-4 -9999 -9999 -9999
1.91664E-4 2.54018E-4 1.45235E-4 1.52372E-4 1.42317E-4 1.42129E-4 1.68132E-4 1.82836E-4 1.29648E-4 1.39361E-4 2.12868E-4 2.92248E-4 4.6239E-4 2.55246E-3 2.97976E-3 2.76971E-3 2.31978E-3 2.3595E-3 2.67695E-3 3.10092E-3 2.16496E-3 2.46984E-3 2.62363E-3 2.77656E-3 2.83499E-3 2.67929E-3 2.27724E-3 2.21699E-3 1.51858E-3 1.80266E-3 1.29843E-3 1.77129E-3 1.40949E-3 1.20375E-3 1.06561E-3 8.25647E-4 9.91741E-4 1.12792E-3 9.1936E-4 8.60788E-4 7.36439E-4 1.00396E-3 1.13599E-3 1.13851E-3 1.08625E-3 8.65885E-4 8.22594E-4 7.48205E-4 6.57903E-4 6.64361E-4 6.33945E-4 6.36817E-4 6.30325E-4 6.92259E-4 6.97924E-4 6.21372E-4 4.72986E-4 4.05885E-4 3.73439E-4 3.72996E-4 3.69521E-4 3.99842E-4 4.03832E-4 3.95043E-4 -9999 -9999
2.28816E-4 1.88174E-4 2.14756E-4 1.50513E-4 2.02995E-4 1.34447E-4 1.15367E-4 1.38633E-4 1.52278E-4 1.00831E-4 9.33202E-5 1.87697E-4 6.03987E-4 2.17261E-3 3.14592E-3 2.62426E-3 2.22699E-3 1.97768E-3 2.2008E-3 2.48736E-3 2.87835E-3 2.91674E-3 2.10198E-3 2.32229E-3 2.65848E-3 2.81671E-3 2.93984E-3 2.67215E-3 2.28487E-3 2.15032E-3 1.72629E-3 1.44292E-3 1.49444E-3 1.29941E-3 1.22847E-3 8.94891E-4 7.87635E-4 9.77176E-4 5.29869E-4 6.6867E-4 8.87533E-4 8.51628E-4 9.94598E-4 1.1258E-3 1.05645E-3 1.09829E-3 1.03016E-3 8.29171E-4 6.23211E-4 5.90676E-4 6.36977E-4 6.17547E-4 6.02714E-4 6.27611E-4 5.9576E-4 4.99548E-4 4.47865E-4 3.96646E-4 3.51953E-4 3.65622E-4 3.5923E-4 3.67747E-4 3.58019E-4 3.64963E-4 -9999 -9999
3.27808E-4 2.31238E-4 1.18662E-4 2.49757E-4 9.82734E-4 1.53625E-4 1.14561E-4 1.26933E-4 1.51725E-4 9.67654E-5 9.49972E-5 1.35345E-4 5.57386E-4 1.58944E-3 2.49586E-3 3.14316E-3 2.52367E-3 2.18277E-3 1.82586E-3 2.28441E-3 2.47557E-3 2.52095E-3 2.43066E-3 2.61405E-3 2.55514E-3 2.68948E-3 2.81281E-3 2.66405E-3 2.2676E-3 2.18728E-3 1.92404E-3 1.75552E-3 1.56806E-3 1.65246E-3 1.66343E-3 1.22468E-3 1.05252E-3 7.77398E-4 5.31293E-4 5.96245E-4 7.65969E-4 9.55464E-4 1.23974E-3 1.35519E-3 1.31274E-3 1.11215E-3 1.03513E-3 7.72628E-4 6.18872E-4 6.47023E-4 7.72794E-4 7.29849E-4 6.56224E-4 6.01339E-4 5.14292E-4 4.42783E-4 4.34436E-4 4.19873E-4 4.16489E-4 4.08018E-4 3.94407E-4 3.71413E-4 2.94551E-4 2.88542E-4 3.14579E-4 -9999
5.20328E-4 3.36257E-4 1.21884E-4 1.4632E-4 1.17138E-3 1.37283E-4 1.37148E-4 1.45425E-4 1.68263E-4 1.60832E-4 1.44058E-4 1.73379E-4 4.76371E-4 1.89632E-3 5.28724E-4 2.49425E-3 2.90451E-3 2.87885E-3 2.07545E-3 2.053E-3 2.02765E-3 2.32601E-3 2.42323E-3 2.39514E-3 2.94503E-3 2.76627E-3 2.41919E-3 2.37127E-3 2.08717E-3 1.91067E-3 1.89057E-3 1.83733E-3 1.64529E-3 1.83474E-3 1.92989E-3 1.49513E-3 1.18989E-3 1.065E-3 7.86219E-4 7.25002E-4 6.74592E-4 8.22252E-4 9.08733E-4 1.14483E-3 1.59307E-3 1.43345E-3 8.83785E-4 7.52326E-4 6.81033E-4 6.81022E-4 9.93926E-4 9.2217E-4 7.50497E-4 6.62327E-4 5.45808E-4 4.63007E-4 4.68494E-4 4.44467E-4 4.51267E-4 4.20397E-4 3.56167E-4 3.06307E-4 2.62824E-4 2.38926E-4 2.46852E-4 -9999
6.35893E-4 4.73918E-4 2.65244E-4 1.57442E-4 1.77267E-4 1.29513E-4 7.11491E-5 1.49855E-4 1.95977E-4 1.12393E-4 1.0959E-4 2.30557E-4 1.63695E-4 5.03997E-4 3.71221E-4 2.7782E-3 3.13121E-3 3.00272E-3 3.03525E-3 2.0178E-3 2.22826E-3 2.33361E-3 2.50702E-3 1.94333E-3 1.76421E-3 2.16932E-3 1.93982E-3 1.77242E-3 1.77049E-3 1.80558E-3 1.80613E-3 1.47102E-3 1.51917E-3 1.40476E-3 1.38247E-3 1.18169E-3 1.02673E-3 9.98575E-4 9.11453E-4 9.2281E-4 6.08526E-4 5.7025E-4 7.98862E-4 4.36749E-4 2.24987E-4 8.22472E-4 7.71725E-4 6.30338E-4 6.57141E-4 7.9261E-4 1.07459E-3 1.11674E-3 8.92372E-4 8.06785E-4 6.92103E-4 5.45432E-4 4.91051E-4 4.60303E-4 4.46297E-4 3.70903E-4 2.99935E-4 2.51468E-4 2.11885E-4 1.95177E-4 -9999 -9999
7.81119E-4 4.55575E-4 2.98173E-4 1.92035E-4 1.5773E-4 1.2379E-4 9.19616E-5 1.46966E-4 7.07232E-4 1.38647E-4 8.28091E-5 1.18394E-4 3.03632E-4 7.14207E-4 1.68926E-4 1.08569E-3 3.36008E-3 3.04778E-3 3.15428E-3 2.94281E-3 2.66147E-3 2.73517E-3 3.53011E-3 3.0228E-3 2.38688E-3 2.59779E-3 2.4022E-3 1.60637E-3 1.56109E-3 1.74278E-3 1.84955E-3 1.63932E-3 1.32497E-3 8.94338E-4 8.01659E-4 8.74966E-4 9.11116E-4 1.01012E-3 1.10342E-3 1.02918E-3 6.92168E-4 4.83539E-4 4.32041E-4 2.10547E-4 1.15625E-4 1.43242E-4 4.4577E-4 5.21202E-4 5.99833E-4 7.51914E-4 1.00182E-3 1.11647E-3 1.0659E-3 9.74234E-4 8.4826E-4 6.39705E-4 5.1442E-4 4.49059E-4 4.21621E-4 3.41703E-4 2.50355E-4 2.00491E-4 1.69282E-4 1.56747E-4 -9999 -9999
8.76755E-4 5.87935E-4 3.20463E-4 2.18353E-4 1.51877E-4 1.2617E-4 5.88367E-4 5.41845E-4 6.87687E-5 8.82008E-5 9.41292E-5 9.5897E-5 1.39387E-4 4.96846E-4 9.09874E-4 1.27068E-3 2.31709E-3 1.45422E-3 1.88844E-3 2.47476E-3 3.715E-3 2.77963E-3 3.29225E-3 3.59327E-3 3.3172E-3 2.86858E-3 2.66329E-3 2.01208E-3 1.19722E-3 1.30298E-3 1.24878E-3 1.26921E-3 1.28576E-3 1.3274E-3 1.15134E-3 8.63177E-4 6.59458E-4 5.23145E-4 4.06766E-4 3.71367E-4 4.77064E-4 3.94332E-4 1.6984E-4 2.63478E-4 1.70729E-4 9.85884E-5 1.95397E-4 4.62249E-4 5.42585E-4 6.04953E-4 7.42539E-4 8.81141E-4 1.03083E-3 1.10869E-3 9.40081E-4 6.97104E-4 5.1438E-4 4.49932E-4 3.89451E-4 3.15462E-4 2.32022E-4 1.84139E-4 -9999 -9999 -9999 -9999
1.28314E-3 9.65063E-4 4.55077E-4 2.4727E-4 1.70186E-4 1.25877E-4 8.12652E-4 6.83487E-4 4.38666E-4 4.45045E-5 5.11988E-5 5.57643E-5 8.08922E-5 1.17383E-4 2.67482E-4 2.99099E-3 2.11673E-3 1.36263E-3 6.20896E-4 1.97606E-3 3.52462E-3 3.46828E-3 3.28492E-3 2.74005E-3 3.20707E-3 2.98782E-3 2.50784E-3 2.14068E-3 1.03023E-3 1.15673E-3 1.23259E-3 9.34154E-4 1.14574E-3 8.89739E-4 9.89862E-4 9.86814E-4 9.60661E-4 7.47122E-4 4.07415E-4 3.26407E-4 3.20971E-4 3.20413E-4 2.79503E-4 3.49759E-4 2.82759E-4 1.38272E-4 1.81145E-4 4.19952E-4 5.11814E-4 5.34826E-4 5.65658E-4 6.64254E-4 7.99296E-4 9.9227E-4 8.57033E-4 6.48986E-4 5.0231E-4 4.41747E-4 3.69471E-4 3.097E-4 2.28633E-4 -9999 -9999 -9999 -9999 -9999
6.42694E-4 1.64453E-3 1.02184E-3 5.98354E-4 3.24005E-4 2.32581E-4 1.50943E-4 5.37805E-4 3.99617E-5 5.05837E-4 5.62818E-4 1.10091E-4 5.35309E-5 1.14038E-4 1.29167E-4 6.14573E-4 4.0184E-4 2.22364E-3 1.03967E-3 2.00226E-3 3.04331E-3 3.33844E-3 3.13756E-3 3.30468E-3 2.97963E-3 2.95464E-3 2.71613E-3 2.3255E-3 1.39513E-3 9.86991E-4 1.17567E-3 9.39043E-4 8.98621E-4 1.1015E-3 9.58169E-4 9.75105E-4 8.54339E-4 6.59965E-4 5.17755E-4 4.28598E-4 3.65008E-4 3.57816E-4 3.05868E-4 3.77426E-4 3.24016E-4 2.52543E-4 1.20312E-4 3.21454E-4 3.73918E-4 4.74946E-4 4.74284E-4 5.21602E-4 6.26221E-4 6.99725E-4 6.64989E-4 5.64549E-4 4.61098E-4 4.10747E-4 3.70687E-4 3.10363E-4 2.3965E-4 1.88766E-4 -9999 -9999 -9999 -9999
8.1649E-4 8.17139E-4 6.1155E-4 1.00261E-3 4.94302E-4 2.69531E-4 1.2827E-4 7.56538E-4 5.34332E-4 6.46539E-4 4.85794E-4 6.78118E-4 7.28524E-5 1.20548E-4 1.06986E-4 2.76694E-4 3.82529E-4 3.17274E-4 1.92993E-3 2.07502E-3 2.81679E-3 2.89968E-3 1.96573E-3 2.95091E-3 2.84146E-3 2.5101E-3 2.05665E-3 1.9845E-3 1.92358E-3 1.17101E-3 1.10251E-3 9.38691E-4 1.00479E-3 1.30527E-3 9.33749E-4 8.51099E-4 1.00254E-3 6.06832E-4 4.05147E-4 5.04601E-4 4.15363E-4 4.86976E-4 4.75975E-4 3.11381E-4 3.23939E-4 2.57885E-4 2.46241E-4 3.18816E-4 3.04493E-4 3.84057E-4 4.0356E-4 5.11429E-4 6.71452E-4 4.84198E-4 4.51945E-4 3.90074E-4 3.65128E-4 3.51347E-4 3.4334E-4 3.07502E-4 2.52017E-4 -9999 -9999 -9999 -9999 -9999
-9999 7.80271E-4 6.61583E-4 1.38029E-3 7.61744E-4 3.12153E-4 1.38991E-4 1.12557E-4 5.61629E-4 6.05557E-4 6.33927E-4 6.88009E-4 1.43004E-4 1.21912E-4 1.0074E-4 1.54711E-4 3.78104E-4 1.33969E-4 4.13385E-4 2.20587E-3 1.87508E-3 2.26194E-3 1.14992E-3 2.40173E-3 3.01101E-3 1.93511E-3 1.88391E-3 2.18304E-3 1.66541E-3 1.51482E-3 1.29382E-3 9.1658E-4 1.39972E-3 1.50277E-3 1.14978E-3 9.30379E-4 9.57931E-4 7.75301E-4 3.83511E-4 3.30444E-4 6.47641E-4 2.61643E-4 4.98403E-4 4.46352E-4 3.30284E-4 3.52108E-4 3.15541E-4 2.2588E-4 3.21392E-4 4.07258E-4 3.43108E-4 4.34026E-4 5.52075E-4 3.67108E-4 3.85591E-4 3.52448E-4 3.18273E-4 3.36105E-4 3.00404E-4 2.94862E-4 2.68461E-4 -9999 -9999 -9999 -9999 -9999
-9999 -9999 -9999 4.91405E-4 8.14983E-4 4.52235E-4 1.48586E-4 6.96429E-4 5.71306E-4 4.54343E-4 5.43851E-5 4.32387E-5 2.68403E-5 4.3631E-5 5.76215E-5 8.92921E-5 1.8202E-4 1.75415E-4 1.96902E-4 2.02097E-3 2.4067E-3 2.35742E-3 2.15797E-3 2.70688E-3 2.01755E-3 1.6569E-3 1.78368E-3 2.05755E-3 1.62304E-3 1.38734E-3 1.52558E-3 1.5155E-3 1.48148E-3 1.50392E-3 1.56144E-3 1.17166E-3 9.70769E-4 8.14411E-4 6.60462E-4 5.74455E-4 6.3515E-4 4.4139E-4 4.93641E-4 7.44265E-4 6.17374E-4 4.57101E-4 3.80819E-4 2.51286E-4 1.93367E-4 3.25544E-4 3.43588E-4 3.81909E-4 4.535E-4 4.26646E-4 3.88682E-4 3.523E-4 3.36492E-4 3.16452E-4 2.72404E-4 2.80329E-4 2.71678E-4 -9999 -9999 -9999 -9999 -9999
-9999 -9999 -9999 -9999 3.2481E-4 5.45886E-4 1.27741E-4 1.03191E-4 6.4684E-4 4.35849E-4 5.41695E-4 7.27452E-5 7.87614E-5 1.26578E-4 8.97477E-5 8.46729E-5 1.25113E-4 2.13199E-4 6.24745E-4 1.78344E-3 2.55058E-3 2.53886E-3 2.23593E-3 1.83848E-3 1.2197E-3 1.27277E-3 1.47401E-3 1.52659E-3 1.34885E-3 1.41771E-3 1.76169E-3 1.66841E-3 1.76966E-3 1.79476E-3 1.70514E-3 1.5799E-3 1.28562E-3 1.09597E-3 7.44422E-4 8.60499E-4 6.20483E-4 4.14223E-4 6.19661E-4 7.0694E-4 5.53202E-4 5.71055E-4 5.32451E-4 4.59875E-4 2.44217E-4 3.96073E-4 3.39077E-4 3.77668E-4 4.38652E-4 4.64206E-4 4.30814E-4 3.74643E-4 3.18891E-4 2.69063E-4 2.64946E-4 2.74014E-4 2.84449E-4 -9999 -9999 -9999 -9999 -9999
-9999 -9999 -9999 -9999 -9999 -9999 4.50792E-4 1.91664E-4 1.05424E-4 6.61298E-4 5.46886E-4 6.12526E-4 7.70399E-4 6.02955E-5 8.61934E-5 1.21656E-4 1.07368E-4 1.62681E-4 8.3654E-4 1.6152E-3 2.24745E-3 2.32004E-3 2.14655E-3 1.77265E-3 1.12252E-3 7.36241E-4 1.06955E-3 1.3593E-3 1.39181E-3 1.42859E-3 1.79345E-3 1.11421E-3 1.41571E-3 1.93646E-3 1.90793E-3 1.70613E-3 1.46074E-3 1.17716E-3 9.35869E-4 8.58606E-4 6.97524E-4 5.94529E-4 7.34834E-4 4.80954E-4 4.54906E-4 6.04108E-4 5.3325E-4 5.9749E-4 3.86558E-4 3.62522E-4 3.27237E-4 3.49973E-4 4.70478E-4 4.94084E-4 4.6995E-4 3.50316E-4 2.88023E-4 2.50401E-4 2.32755E-4 2.40816E-4 2.52475E-4 -9999 -9999 -9999 -9999 -9999
-9999 -9999 -9999 -9999 -9999 -9999 -9999 3.94963E-4 2.35417E-4 1.45472E-4 7.25971E-4 5.85928E-4 6.80215E-4 8.78604E-4 1.3627E-4 1.16479E-4 1.46772E-4 1.35992E-4 8.25819E-4 1.3378E-3 1.86215E-3 1.72479E-3 2.31029E-3 2.25615E-3 1.28007E-3 9.78904E-4 9.65843E-4 1.24099E-3 1.72109E-3 1.82077E-3 2.00478E-3 1.39458E-3 1.06162E-3 1.75093E-3 1.85398E-3 1.6207E-3 1.34614E-3 1.06661E-3 7.49139E-4 6.19627E-4 7.33729E-4 6.64799E-4 7.3374E-4 6.03763E-4 5.38875E-4 5.62193E-4 3.55374E-4 5.20038E-4 1.99107E-4 1.57431E-4 1.88348E-4 2.40908E-4 4.09104E-4 4.5934E-4 3.9878E-4 2.71047E-4 2.30163E-4 2.4514E-4 2.19856E-4 2.03782E-4 1.91104E-4 -9999 -9999 -9999 -9999 -9999
-9999 -9999 -9999 -9999 -9999 -9999 -9999 4.92277E-4 2.79142E-4 1.35959E-4 6.35691E-4 6.26605E-4 6.46991E-4 7.59079E-5 5.36416E-5 4.196E-5 1.42002E-4 1.15269E-4 1.49273E-4 8.81312E-4 6.51357E-4 1.64862E-3 2.10404E-3 1.83132E-3 1.66795E-3 8.31996E-4 9.45145E-4 1.1259E-3 1.76782E-3 2.0218E-3 1.87989E-3 1.71519E-3 1.68038E-3 1.76915E-3 1.57451E-3 1.35602E-3 1.04335E-3 8.30591E-4 6.60261E-4 5.93535E-4 6.63619E-4 6.78538E-4 4.37132E-4 4.82459E-4 6.09449E-4 4.97795E-4 3.66848E-4 4.07591E-4 2.77584E-4 1.3342E-4 2.29507E-4 2.9085E-4 2.839E-4 3.21684E-4 2.74255E-4 2.3436E-4 2.05834E-4 2.21233E-4 2.18253E-4 1.75558E-4 1.36753E-4 -9999 -9999 -9999 -9999 -9999
-9999 -9999 -9999 -9999 -9999 -9999 -9999 -9999 3.16225E-4 2.62644E-4 1.51788E-4 1.07498E-4 5.97595E-4 5.65006E-4 6.71073E-4 5.01731E-5 6.98134E-4 1.11491E-4 6.24256E-5 3.01874E-4 3.62099E-4 2.45229E-3 1.29407E-3 1.15954E-3 1.59942E-3 1.01522E-3 1.03687E-3 1.13588E-3 1.59394E-3 1.77409E-3 1.64252E-3 1.57568E-3 1.55778E-3 1.51039E-3 1.30455E-3 1.22053E-3 9.95408E-4 8.06855E-4 6.65248E-4 5.53121E-4 5.36949E-4 6.35863E-4 3.21469E-4 3.6776E-4 6.26913E-4 5.1545E-4 4.83538E-4 2.99792E-4 4.23285E-4 1.76081E-4 2.31297E-4 4.66535E-4 2.60949E-4 2.42269E-4 1.95967E-4 1.92644E-4 1.6549E-4 1.6644E-4 1.72685E-4 1.3875E-4 1.07282E-4 -9999 -9999 -9999 -9999 -9999
-9999 -9999 -9999 -9999 -9999 -9999 -9999 -9999 -9999 3.01447E-4 2.27377E-4 1.17909E-4 5.89496E-5 5.72015E-4 6.41806E-4 5.57708E-4 8.46791E-4 8.24143E-4 7.33504E-5 3.0757E-4 7.34088E-4 1.84659E-3 6.48732E-4 6.60395E-4 9.9781E-4 8.35771E-4 7.97904E-4 8.23884E-4 1.09184E-3 1.31264E-3 1.69858E-3 1.39832E-3 1.33316E-3 1.37182E-3 1.26968E-3 1.18219E-3 9.84068E-4 7.09664E-4 6.59302E-4 5.09312E-4 4.36887E-4 4.646E-4 3.6666E-4 4.91034E-4 6.13087E-4 3.93908E-4 4.62761E-4 3.54907E-4 2.99994E-4 2.68169E-4 2.79421E-4 4.27093E-4 2.16323E-4 1.72997E-4 1.37288E-4 1.45146E-4 1.14124E-4 1.10331E-4 1.12795E-4 9.77547E-5 7.98695E-5 -9999 -9999 -9999 -9999 -9999
-9999 -9999 -9999 -9999 -9999 -9999 -9999 -9999 -9999 -9999 2.31084E-4 1.77733E-4 9.87973E-5 4.11438E-5 5.34563E-4 6.28588E-4 1.02283E-3 7.79279E-4 3.29763E-4 6.88394E-4 1.50841E-3 1.47959E-3 7.36887E-4 9.79298E-4 6.67532E-4 1.30971E-3 8.37542E-4 9.27232E-4 1.41831E-3 1.62184E-3 1.45101E-3 1.42309E-3 1.28437E-3 1.30139E-3 1.25383E-3 1.1338E-3 8.76695E-4 6.5895E-4 6.0468E-4 5.12643E-4 4.54581E-4 3.42284E-4 3.89711E-4 4.58288E-4 8.48156E-4 4.79149E-4 4.98149E-4 4.55524E-4 3.05431E-4 3.39305E-4 2.68317E-4 2.31464E-4 1.62577E-4 8.18216E-5 1.21696E-4 1.59597E-4 1.58882E-4 7.34938E-5 7.72511E-5 7.18487E-5 6.09151E-5 -9999 -9999 -9999 -9999 -9999
-9999 -9999 -9999 -9999 -9999 -9999 -9999 -9999 -9999 -9999 -9999 1.68939E-4 1.30716E-4 7.97933E-5 3.85931E-5 5.64622E-4 1.0153E-3 1.58668E-3 1.7024E-3 1.4055E-3 1.27424E-3 1.11163E-3 4.0252E-4 1.83268E-3 1.19441E-3 8.68187E-4 6.39354E-4 1.0535E-3 1.39389E-3 1.18263E-3 9.50098E-4 1.27342E-3 1.16474E-3 1.20462E-3 1.06105E-3 9.09726E-4 7.17581E-4 6.11297E-4 6.02087E-4 5.7166E-4 3.88202E-4 4.36408E-4 3.58203E-4 3.87275E-4 7.385E-4 5.89267E-4 4.55153E-4 4.62132E-4 3.20884E-4 5.11482E-4 2.30092E-4 1.86509E-4 1.22049E-4 3.3881E-5 6.87354E-5 1.18886E-4 1.25823E-4 1.24641E-4 6.15614E-5 6.18759E-5 4.8622E-5 -9999 -9999 -9999 -9999 -9999
-9999 -9999 -9999 -9999 -9999 -9999 -9999 -9999 -9999 -9999 -9999 -9999 1.28097E-4 5.99363E-5 4.02002E-5 4.30409E-4 6.72937E-4 1.26146E-3 1.69136E-3 7.56736E-4 7.25746E-4 9.91334E-4 7.38139E-4 2.30761E-3 1.4488E-3 6.62363E-4 7.20701E-4 1.41931E-3 1.14111E-3 1.11818E-3 1.07673E-3 1.14986E-3 9.54543E-4 1.02725E-3 9.79578E-4 7.9407E-4 6.66309E-4 6.51781E-4 6.35324E-4 5.61996E-4 4.56237E-4 5.17715E-4 5.51721E-4 4.27318E-4 5.54952E-4 4.68296E-4 4.4536E-4 5.45233E-4 4.68952E-4 5.80932E-4 2.03629E-4 6.41194E-5 3.43519E-5 2.68845E-5 5.70915E-5 8.81843E-5 1.04778E-4 1.16607E-4 1.2857E-4 5.47744E-5 4.44632E-5 -9999 -9999 -9999 -9999 -9999
