Leopardus colocola/Leopardus_colocola.asc
ncols         515
nrows         545
xllcorner     -119.0
yllcorner     -58.333333333333
cellsize      0.166666666667
NODATA_value  -9999
[rows 464 to 492 of 545, columns 264 to 329 of 515]
-9999 -9999 2.91648E-5 2.89488E-5 2.68058E-5 2.62558E-5 2.4215E-5 2.42719E-5 2.25311E-5 2.82004E-5 3.16796E-5 3.83187E-5 4.84505E-5 7.14554E-5 9.07424E-5 1.27298E-4 1.82532E-4 2.29013E-4 2.88697E-4 3.57055E-4 5.86986E-4 6.18707E-4 7.58688E-4 6.70261E-4 8.18454E-4 8.93314E-4 1.28687E-3 1.62141E-3 2.72671E-3 3.3445E-3 3.89756E-3 6.71789E-3 1.11829E-2 6.36393E-3 5.33498E-3 4.21731E-3 3.79978E-3 3.51053E-3 2.93472E-3 2.51797E-3 1.89031E-3 1.69158E-3 1.15984E-3 1.02864E-3 8.36611E-4 8.49252E-4 8.19409E-4 7.40108E-4 8.64003E-4 7.60694E-4 8.69305E-4 9.21316E-4 1.10158E-3 1.12797E-3 1.18805E-3 1.41376E-3 1.35956E-3 -9999 -9999 -9999 -9999 -9999 -9999 -9999 -9999 -9999
-9999 -9999 2.44627E-5 2.56708E-5 2.45268E-5 2.37402E-5 2.38219E-5 2.2334E-5 2.12168E-5 2.55998E-5 3.30162E-5 4.10093E-5 5.07309E-5 6.94624E-5 8.97395E-5 1.26646E-4 1.87821E-4 2.49803E-4 3.72669E-4 4.62593E-4 5.33396E-4 6.80391E-4 7.23207E-4 7.39543E-4 7.90718E-4 8.92491E-4 1.13293E-3 1.52523E-3 2.1356E-3 2.77596E-3 3.30444E-3 3.81347E-3 6.05249E-3 5.82389E-3 5.80789E-3 4.5305E-3 3.76079E-3 3.86718E-3 2.96995E-3 2.55421E-3 2.2956E-3 1.92929E-3 1.73398E-3 1.04133E-3 8.11962E-4 7.92089E-4 8.44834E-4 8.09771E-4 8.37451E-4 8.43944E-4 8.94005E-4 1.07109E-3 1.10482E-3 1.25031E-3 1.16087E-3 1.49756E-3 1.30817E-3 1.0599E-3 -9999 -9999 -9999 -9999 -9999 -9999 -9999 -9999
-9999 -9999 2.53011E-5 2.394E-5 2.21282E-5 2.17904E-5 2.18668E-5 2.06346E-5 2.30154E-5 2.50723E-5 2.72739E-5 4.00687E-5 5.19954E-5 6.83564E-5 9.26062E-5 1.26972E-4 1.83239E-4 2.94913E-4 3.72424E-4 5.97738E-4 8.34838E-4 9.03077E-4 8.72424E-4 8.85504E-4 8.03086E-4 7.43343E-4 1.06275E-3 1.39267E-3 2.08628E-3 1.8981E-3 2.7406E-3 3.13541E-3 5.39066E-3 4.4439E-3 3.68986E-3 3.2818E-3 3.6909E-3 3.46372E-3 2.65871E-3 2.33167E-3 1.93432E-3 1.85462E-3 1.15731E-3 8.7729E-4 8.86375E-4 6.93593E-4 7.87848E-4 7.03615E-4 7.40966E-4 8.02348E-4 9.47318E-4 8.99306E-4 -9999 -9999 -9999 -9999 -9999 -9999 -9999 -9999 -9999 -9999 -9999 -9999 -9999 -9999
-9999 -9999 2.19368E-5 2.16753E-5 2.10446E-5 2.12552E-5 2.06115E-5 2.03342E-5 2.14853E-5 2.5944E-5 3.42847E-5 3.38988E-5 4.51109E-5 4.91225E-5 7.45774E-5 1.22713E-4 1.90503E-4 3.32656E-4 3.89921E-4 4.15804E-4 6.07884E-4 7.23503E-4 8.30857E-4 8.4488E-4 8.19224E-4 7.94263E-4 9.31085E-4 1.05157E-3 1.54611E-3 2.00091E-3 1.6925E-3 2.17848E-3 2.97546E-3 3.60357E-3 3.55148E-3 3.92812E-3 3.10573E-3 2.9529E-3 2.63462E-3 2.26688E-3 1.78416E-3 1.43354E-3 9.89188E-4 8.42612E-4 8.08756E-4 8.31368E-4 6.52171E-4 6.60815E-4 -9999 -9999 -9999 -9999 -9999 -9999 -9999 -9999 -9999 -9999 -9999 -9999 -9999 -9999 -9999 -9999 -9999 -9999
2.03122E-5 2.03152E-5 1.93576E-5 1.92757E-5 1.87847E-5 1.94753E-5 2.02801E-5 2.09762E-5 2.16882E-5 2.63476E-5 3.16168E-5 3.97288E-5 4.77199E-5 6.7972E-5 9.4354E-5 1.49498E-4 2.23688E-4 3.99756E-4 5.33366E-4 6.94351E-4 9.27938E-4 9.37709E-4 9.37216E-4 8.19247E-4 7.95826E-4 8.37718E-4 8.30903E-4 9.08608E-4 1.06684E-3 1.69307E-3 1.48632E-3 1.85967E-3 2.4541E-3 3.60625E-3 2.47094E-3 2.97725E-3 2.73817E-3 2.2942E-3 2.58281E-3 2.1368E-3 1.54308E-3 1.11235E-3 1.28526E-3 1.38919E-3 8.97452E-4 6.48093E-4 6.53944E-4 -9999 -9999 -9999 -9999 -9999 -9999 -9999 -9999 -9999 -9999 -9999 -9999 -9999 -9999 -9999 -9999 -9999 -9999 -9999
1.92154E-5 1.87709E-5 1.85171E-5 1.77719E-5 1.6839E-5 1.79831E-5 1.94041E-5 2.00913E-5 2.28118E-5 2.82395E-5 3.32057E-5 4.11369E-5 5.55529E-5 8.10085E-5 1.17195E-4 1.72226E-4 2.91364E-4 5.30904E-4 6.79329E-4 6.42222E-4 5.49983E-4 7.38852E-4 7.97912E-4 7.50608E-4 7.20445E-4 7.46043E-4 7.43453E-4 8.83437E-4 8.51193E-4 1.11564E-3 1.18678E-3 1.10961E-3 1.82998E-3 2.76052E-3 1.90794E-3 2.29365E-3 2.49811E-3 2.97326E-3 2.43956E-3 1.86993E-3 1.70107E-3 1.49406E-3 1.53218E-3 8.44746E-4 6.43381E-4 6.62861E-4 -9999 -9999 -9999 -9999 -9999 -9999 -9999 -9999 -9999 -9999 -9999 -9999 -9999 -9999 -9999 -9999 -9999 -9999 -9999 -9999
1.55574E-5 1.55313E-5 1.60105E-5 1.62392E-5 1.59466E-5 1.70249E-5 1.80347E-5 1.94832E-5 2.37422E-5 2.80903E-5 3.56441E-5 4.41241E-5 4.85764E-5 8.355E-5 9.72793E-5 1.55671E-4 2.36485E-4 3.5083E-4 6.45416E-4 1.1648E-3 1.18604E-3 1.12287E-3 9.54721E-4 8.27943E-4 7.54497E-4 7.58881E-4 8.08406E-4 7.9624E-4 8.60531E-4 9.50297E-4 9.96716E-4 9.61867E-4 1.46967E-3 1.31952E-3 1.47737E-3 2.12396E-3 2.06554E-3 2.64807E-3 2.83054E-3 2.8197E-3 2.4037E-3 1.98038E-3 1.41321E-3 7.71528E-4 6.6897E-4 5.41628E-4 -9999 -9999 -9999 -9999 -9999 -9999 -9999 -9999 -9999 -9999 -9999 -9999 -9999 -9999 -9999 -9999 -9999 -9999 -9999 -9999
1.37272E-5 1.33749E-5 1.32389E-5 1.4069E-5 1.48618E-5 1.55305E-5 1.64864E-5 1.84262E-5 2.45464E-5 3.05734E-5 3.81316E-5 4.17447E-5 6.67541E-5 8.55097E-5 1.46005E-4 1.65884E-4 2.52885E-4 3.91364E-4 1.93302E-4 5.01077E-4 6.56014E-4 7.85593E-4 8.50921E-4 1.05862E-3 9.36599E-4 9.76589E-4 1.07939E-3 8.13881E-4 6.98013E-4 6.95763E-4 6.45437E-4 8.64717E-4 8.76261E-4 8.07115E-4 1.34675E-3 1.45956E-3 2.47356E-3 3.20806E-3 3.48127E-3 3.06922E-3 1.91398E-3 1.03048E-3 7.45114E-4 6.71706E-4 6.14047E-4 -9999 -9999 -9999 -9999 -9999 -9999 -9999 -9999 -9999 -9999 -9999 -9999 -9999 -9999 -9999 -9999 -9999 -9999 -9999 -9999 -9999
1.15265E-5 1.13884E-5 1.13369E-5 1.20213E-5 1.26316E-5 1.29488E-5 1.46188E-5 1.64658E-5 2.29441E-5 3.1792E-5 3.71511E-5 4.46001E-5 6.23526E-5 9.94671E-5 9.1435E-5 1.88437E-4 2.75922E-4 7.10732E-4 7.59539E-4 8.12911E-4 1.18366E-3 9.6592E-4 8.02374E-4 9.31215E-4 1.00557E-3 9.51671E-4 1.11349E-3 7.13343E-4 6.58046E-4 5.17378E-4 5.73203E-4 7.36091E-4 5.59975E-4 6.58875E-4 7.30121E-4 1.45713E-3 2.91349E-3 2.87574E-3 2.16129E-3 1.90459E-3 1.28382E-3 8.59083E-4 7.80729E-4 5.76444E-4 5.74113E-4 -9999 -9999 -9999 -9999 -9999 -9999 -9999 -9999 -9999 -9999 -9999 -9999 -9999 -9999 -9999 -9999 -9999 -9999 -9999 -9999 -9999
1.01418E-5 9.23233E-6 9.6306E-6 9.27953E-6 1.01077E-5 1.10417E-5 1.21949E-5 1.63739E-5 2.24752E-5 2.92836E-5 4.71736E-5 6.11626E-5 6.55749E-5 1.56146E-4 1.1204E-4 1.40829E-4 2.11023E-4 3.74014E-4 1.35893E-3 1.50358E-3 1.48922E-3 1.49543E-3 1.77869E-3 1.6358E-3 1.57062E-3 1.37904E-3 8.14267E-4 6.7367E-4 5.04367E-4 4.40598E-4 4.05289E-4 4.35234E-4 4.35366E-4 5.38935E-4 7.51677E-4 1.43373E-3 2.16241E-3 2.03015E-3 1.75962E-3 1.21642E-3 1.0516E-3 1.0787E-3 8.0475E-4 6.89445E-4 5.77154E-4 5.60701E-4 -9999 -9999 -9999 -9999 -9999 -9999 -9999 -9999 -9999 -9999 -9999 -9999 -9999 -9999 -9999 -9999 -9999 -9999 -9999 -9999
7.73616E-6 7.47107E-6 6.92324E-6 7.17631E-6 8.41679E-6 8.49575E-6 1.0587E-5 1.58143E-5 1.5683E-5 7.20201E-6 1.83873E-5 4.60516E-5 6.6585E-5 1.67954E-4 2.9257E-4 3.58141E-4 5.62231E-4 4.70913E-4 4.98236E-4 1.08127E-3 3.16046E-3 2.65427E-3 2.22932E-3 2.28314E-3 1.90459E-3 1.30663E-3 1.03285E-3 6.96679E-4 4.97376E-4 4.51731E-4 4.46858E-4 4.37499E-4 4.26365E-4 4.38952E-4 4.87165E-4 6.44655E-4 1.54935E-3 1.8806E-3 1.77196E-3 1.57922E-3 1.33371E-3 8.50494E-4 8.21459E-4 7.23413E-4 5.68308E-4 5.40499E-4 4.83427E-4 -9999 -9999 -9999 -9999 -9999 -9999 -9999 -9999 -9999 -9999 -9999 -9999 -9999 -9999 -9999 -9999 -9999 -9999 -9999
6.28567E-6 5.62486E-6 5.33332E-6 5.89475E-6 6.6353E-6 7.85204E-6 1.07767E-5 1.25397E-5 1.19603E-5 9.94744E-6 2.09045E-5 5.04354E-5 1.46562E-4 2.44833E-4 3.90075E-4 2.86134E-4 8.98819E-5 1.14976E-4 2.58783E-4 4.03865E-4 2.83464E-4 3.12265E-4 5.53916E-4 1.01965E-3 1.30438E-3 1.31431E-3 8.35129E-4 5.17369E-4 4.14747E-4 4.36578E-4 4.44441E-4 4.45774E-4 4.49407E-4 4.42578E-4 4.62405E-4 5.73032E-4 8.72143E-4 1.02869E-3 1.06929E-3 9.64189E-4 9.22095E-4 8.88876E-4 6.82524E-4 7.13674E-4 6.18563E-4 6.21303E-4 5.39384E-4 5.2851E-4 5.22972E-4 -9999 -9999 -9999 -9999 -9999 -9999 -9999 -9999 -9999 -9999 -9999 -9999 -9999 -9999 -9999 -9999 -9999
-9999 4.497E-6 4.41476E-6 4.9437E-6 6.231E-6 6.65684E-6 8.54665E-6 1.14331E-5 1.00408E-5 8.7418E-6 2.58092E-5 5.12668E-5 9.64744E-5 2.04515E-4 1.76088E-4 1.83634E-4 7.24657E-5 9.37709E-5 1.06248E-4 7.14005E-5 9.95501E-5 1.48642E-4 1.89265E-4 4.16715E-4 7.85144E-4 8.26629E-4 5.46212E-4 5.41684E-4 4.92849E-4 4.26768E-4 4.17494E-4 4.31171E-4 3.93169E-4 4.86014E-4 6.2627E-4 6.71113E-4 7.10555E-4 8.00711E-4 8.92645E-4 8.963E-4 7.23947E-4 6.88023E-4 7.0534E-4 7.24837E-4 5.94635E-4 6.01573E-4 5.45262E-4 5.00335E-4 5.08235E-4 4.83731E-4 -9999 -9999 -9999 -9999 -9999 -9999 -9999 -9999 -9999 -9999 -9999 -9999 -9999 -9999 -9999 -9999
-9999 -9999 -9999 3.47467E-6 4.07693E-6 5.59449E-6 8.25299E-6 9.86957E-6 7.86823E-6 1.21704E-5 4.12402E-5 6.43665E-5 1.15176E-4 2.31963E-4 2.47398E-4 3.83816E-4 2.84087E-4 1.76988E-4 8.08107E-5 6.1973E-5 7.3195E-5 1.3922E-4 3.24945E-4 5.42808E-4 6.63239E-4 8.01705E-4 5.38891E-4 4.72741E-4 5.62722E-4 5.9231E-4 4.19422E-4 4.13649E-4 3.95481E-4 5.07473E-4 7.42397E-4 6.72347E-4 6.64362E-4 6.97444E-4 6.34582E-4 6.33187E-4 6.72804E-4 6.39596E-4 6.53601E-4 5.48624E-4 5.26646E-4 5.3116E-4 5.1583E-4 4.95513E-4 4.72916E-4 4.29673E-4 4.72623E-4 4.92273E-4 5.16979E-4 6.56591E-4 7.99819E-4 1.04568E-3 -9999 -9999 -9999 -9999 -9999 -9999 -9999 -9999 -9999 -9999
-9999 -9999 -9999 2.15739E-6 3.33257E-6 5.22954E-6 7.33021E-6 8.59077E-6 9.72667E-6 8.09253E-6 4.30458E-5 4.97984E-5 1.54201E-4 3.03863E-4 3.97976E-4 2.88395E-4 2.84948E-4 3.67388E-4 4.08267E-4 3.78609E-4 6.55958E-4 6.69707E-4 7.27767E-4 8.28524E-4 1.11679E-3 8.17722E-4 6.43522E-4 6.11564E-4 4.92603E-4 4.28133E-4 3.61636E-4 4.28845E-4 4.08669E-4 4.69417E-4 5.00903E-4 7.45042E-4 7.25744E-4 5.60438E-4 6.01019E-4 6.454E-4 6.38502E-4 5.38878E-4 5.0968E-4 5.14209E-4 4.90495E-4 4.92109E-4 4.67435E-4 4.45076E-4 4.46427E-4 4.20224E-4 4.05662E-4 3.94182E-4 3.86563E-4 4.90646E-4 6.72508E-4 7.94442E-4 -9999 -9999 -9999 -9999 -9999 -9999 -9999 -9999 -9999 -9999
-9999 -9999 8.57377E-7 1.66851E-6 2.60247E-6 4.23632E-6 6.09774E-6 9.47306E-6 1.31258E-5 1.30822E-5 2.92408E-5 4.92901E-5 1.55957E-4 2.31614E-4 1.9882E-4 1.70394E-4 1.80422E-4 1.12048E-4 4.13645E-4 3.46008E-4 3.22411E-4 7.07895E-4 1.19379E-3 1.52568E-3 1.07988E-3 9.86018E-4 8.84111E-4 5.29814E-4 4.57933E-4 4.26277E-4 4.52652E-4 4.26402E-4 4.11494E-4 4.37765E-4 4.3859E-4 6.74349E-4 5.70031E-4 6.20604E-4 5.59652E-4 5.87753E-4 5.74516E-4 5.5168E-4 5.24577E-4 4.95492E-4 4.57016E-4 4.59199E-4 4.17164E-4 4.29256E-4 4.08762E-4 4.30536E-4 3.90958E-4 3.63714E-4 3.46931E-4 3.25865E-4 3.92177E-4 3.96854E-4 -9999 -9999 -9999 -9999 -9999 -9999 -9999 -9999 -9999 -9999
-9999 4.45321E-7 7.0998E-7 1.16326E-6 2.21185E-6 3.45382E-6 5.57601E-6 9.43219E-6 1.61846E-5 1.79263E-5 3.18864E-5 7.50432E-5 1.1031E-4 9.48704E-5 7.9119E-5 3.97908E-5 4.2174E-5 7.27788E-5 1.74315E-4 2.76713E-4 3.23722E-4 5.30971E-4 6.52562E-4 7.06469E-4 7.70553E-4 8.38594E-4 5.70709E-4 5.16303E-4 3.8449E-4 4.094E-4 3.70742E-4 3.89158E-4 3.78197E-4 4.15165E-4 4.14968E-4 5.30154E-4 4.52093E-4 4.62675E-4 4.6871E-4 4.60486E-4 5.06628E-4 4.82341E-4 4.79193E-4 4.54152E-4 4.53774E-4 4.54432E-4 4.3279E-4 4.1483E-4 4.14349E-4 4.09048E-4 3.73049E-4 3.47242E-4 3.66583E-4 3.50702E-4 3.61253E-4 3.29545E-4 -9999 -9999 -9999 -9999 -9999 -9999 -9999 -9999 -9999 -9999
1.41409E-7 2.16055E-7 5.02269E-7 9.06305E-7 1.75865E-6 3.03696E-6 5.56623E-6 8.60183E-6 1.42786E-5 2.3261E-5 3.78131E-5 6.42228E-5 6.13913E-5 8.96686E-5 5.42797E-5 6.22275E-5 8.06129E-5 1.27657E-4 6.464E-5 5.60872E-5 1.81453E-4 2.23838E-4 3.99059E-4 5.23857E-4 5.48044E-4 8.44128E-4 6.51729E-4 5.14641E-4 3.59263E-4 3.74307E-4 3.2324E-4 4.08761E-4 3.93223E-4 3.81432E-4 4.44456E-4 4.69938E-4 4.30296E-4 4.18032E-4 4.14316E-4 4.45451E-4 4.39733E-4 5.16354E-4 5.10488E-4 4.434E-4 4.60184E-4 4.53199E-4 4.27743E-4 4.12863E-4 4.09126E-4 3.91648E-4 3.72909E-4 3.50838E-4 3.62537E-4 3.8448E-4 3.75055E-4 3.62342E-4 -9999 -9999 -9999 -9999 -9999 -9999 -9999 -9999 -9999 -9999
1.39165E-7 2.12462E-7 4.31066E-7 8.5012E-7 1.65536E-6 2.83745E-6 5.20598E-6 9.0299E-6 1.5685E-5 2.32327E-5 3.25603E-5 4.09144E-5 6.64832E-5 5.27684E-5 9.5008E-5 6.99194E-5 8.63767E-5 1.56968E-4 1.92764E-4 1.18583E-4 1.53363E-4 2.18437E-4 3.06308E-4 4.2772E-4 5.02204E-4 5.71315E-4 5.95904E-4 4.84153E-4 4.7355E-4 4.17512E-4 3.49814E-4 3.77603E-4 4.0056E-4 4.35024E-4 4.41285E-4 4.02186E-4 3.62267E-4 4.06259E-4 4.04729E-4 3.82073E-4 4.08872E-4 4.341E-4 4.25432E-4 4.19362E-4 4.00258E-4 4.14952E-4 4.00501E-4 4.20546E-4 3.97414E-4 4.00277E-4 3.61512E-4 3.81447E-4 3.92112E-4 4.09764E-4 4.00282E-4 4.08316E-4 -9999 -9999 -9999 -9999 -9999 -9999 -9999 -9999 -9999 -9999
1.57474E-7 2.18443E-7 4.59873E-7 7.72426E-7 1.33871E-6 2.56406E-6 4.47499E-6 8.02739E-6 1.48223E-5 2.12759E-5 3.46981E-5 5.67596E-5 7.84136E-5 7.75626E-5 8.79119E-5 8.84708E-5 8.02458E-5 9.41991E-5 1.93496E-4 2.46316E-4 2.64661E-4 3.21864E-4 2.82353E-4 3.83509E-4 4.00523E-4 5.862E-4 5.00464E-4 6.97917E-4 4.97589E-4 5.41095E-4 4.41514E-4 4.01373E-4 4.40943E-4 4.81121E-4 4.03349E-4 3.39694E-4 3.27796E-4 3.46592E-4 3.80909E-4 3.78852E-4 3.95567E-4 3.89617E-4 4.10071E-4 4.23739E-4 4.03542E-4 4.16477E-4 3.8786E-4 3.91148E-4 3.72592E-4 3.79374E-4 3.56214E-4 3.75089E-4 4.18097E-4 4.17581E-4 4.07304E-4 -9999 -9999 -9999 -9999 -9999 -9999 -9999 -9999 -9999 -9999 -9999
1.60747E-7 2.10609E-7 3.51258E-7 6.79116E-7 1.16556E-6 2.36863E-6 4.32404E-6 7.27781E-6 1.37261E-5 2.36113E-5 3.79144E-5 5.56939E-5 5.75352E-5 7.45598E-5 1.05638E-4 1.14031E-4 1.65285E-4 8.36392E-5 1.74952E-4 2.27401E-4 2.46244E-4 2.78306E-4 3.44339E-4 3.90687E-4 4.34108E-4 4.76742E-4 4.34885E-4 5.21479E-4 6.51924E-4 4.98025E-4 4.33812E-4 4.39487E-4 4.24962E-4 4.10981E-4 4.03331E-4 3.75324E-4 3.40462E-4 3.23282E-4 3.51352E-4 3.82837E-4 3.53127E-4 3.6741E-4 3.98209E-4 3.78076E-4 3.5691E-4 3.88301E-4 4.06153E-4 3.94841E-4 3.74106E-4 3.94059E-4 3.86075E-4 3.82281E-4 3.92883E-4 3.97419E-4 -9999 -9999 -9999 -9999 -9999 -9999 -9999 -9999 -9999 -9999 -9999 -9999
1.40544E-7 1.9538E-7 3.16733E-7 7.2408E-7 1.11298E-6 2.21431E-6 4.20302E-6 6.85588E-6 9.72341E-6 1.22752E-5 2.04825E-5 3.68173E-5 9.17157E-5 7.53992E-5 1.36001E-4 6.48234E-5 1.09941E-4 1.85528E-4 1.85305E-4 1.71878E-4 1.52941E-4 2.0975E-4 3.62388E-4 4.12141E-4 4.72995E-4 4.23616E-4 4.28645E-4 4.66696E-4 5.97804E-4 5.89593E-4 4.43627E-4 4.41123E-4 4.43902E-4 4.07922E-4 3.6951E-4 3.4633E-4 3.33912E-4 3.42945E-4 3.69613E-4 3.81888E-4 3.55408E-4 3.62681E-4 3.61501E-4 3.38612E-4 3.46196E-4 3.70724E-4 4.0136E-4 3.89966E-4 3.83812E-4 3.91135E-4 3.7906E-4 3.8366E-4 -9999 -9999 -9999 -9999 -9999 -9999 -9999 -9999 -9999 -9999 -9999 -9999 -9999 -9999
1.1336E-7 1.84144E-7 3.08344E-7 5.50775E-7 1.19271E-6 2.14631E-6 3.7606E-6 6.01386E-6 4.69979E-6 6.30116E-6 9.05937E-6 2.49423E-5 6.34261E-5 1.1582E-4 1.2697E-4 5.39903E-5 5.59839E-5 1.14319E-4 8.36868E-5 6.797E-5 1.10863E-4 1.95157E-4 2.78569E-4 3.33925E-4 5.05757E-4 4.94946E-4 4.10033E-4 4.78908E-4 5.59038E-4 6.00206E-4 3.98345E-4 3.8209E-4 3.72313E-4 3.41572E-4 3.37023E-4 3.10363E-4 3.34716E-4 3.49769E-4 3.65096E-4 3.56918E-4 3.63367E-4 3.39148E-4 3.51178E-4 3.4679E-4 3.56676E-4 3.4427E-4 3.69213E-4 3.79138E-4 4.16166E-4 3.92514E-4 -9999 -9999 -9999 -9999 -9999 -9999 -9999 -9999 -9999 -9999 -9999 -9999 -9999 -9999 -9999 -9999
9.09418E-8 1.5257E-7 2.76392E-7 5.42408E-7 1.01538E-6 1.85838E-6 3.32067E-6 5.41215E-6 5.47974E-6 6.54748E-6 1.11954E-5 4.05772E-5 1.17802E-4 1.16375E-4 1.1165E-4 1.02545E-4 6.58972E-5 6.05841E-5 9.94678E-5 1.56587E-4 1.76285E-4 2.17417E-4 2.73119E-4 3.18326E-4 5.15032E-4 5.12062E-4 4.75494E-4 3.84452E-4 3.95021E-4 4.55199E-4 4.55527E-4 3.04997E-4 3.17365E-4 3.60198E-4 2.92789E-4 2.94748E-4 3.02139E-4 3.16401E-4 3.4643E-4 3.56548E-4 3.56835E-4 3.64978E-4 3.59061E-4 3.60456E-4 3.65709E-4 3.61562E-4 3.67254E-4 3.71594E-4 -9999 -9999 -9999 -9999 -9999 -9999 -9999 -9999 -9999 -9999 -9999 -9999 -9999 -9999 -9999 -9999 -9999 -9999
7.41691E-8 1.39914E-7 2.48776E-7 4.95542E-7 9.80823E-7 1.72265E-6 3.09983E-6 5.15097E-6 6.24149E-6 1.06821E-5 2.04296E-5 6.71362E-5 9.01243E-5 1.08851E-4 1.73983E-4 2.13389E-4 1.65844E-4 6.34044E-5 1.28431E-4 1.80361E-4 2.37271E-4 2.84126E-4 3.12818E-4 3.75661E-4 5.00651E-4 4.73846E-4 4.82541E-4 5.87401E-4 3.84891E-4 3.46713E-4 3.9996E-4 3.25644E-4 3.48637E-4 3.21781E-4 3.03451E-4 3.1779E-4 3.01302E-4 3.25716E-4 3.31301E-4 3.1849E-4 3.53404E-4 3.69049E-4 3.70653E-4 3.56625E-4 3.68481E-4 3.45673E-4 3.85605E-4 -9999 -9999 -9999 -9999 -9999 -9999 -9999 -9999 -9999 -9999 -9999 -9999 -9999 -9999 -9999 -9999 -9999 -9999 -9999
6.3473E-8 1.23298E-7 2.45657E-7 4.31133E-7 9.50423E-7 1.87489E-6 3.27709E-6 6.03072E-6 5.2097E-6 3.90043E-6 9.45393E-6 2.06903E-5 5.62086E-5 5.54724E-5 1.2258E-4 2.42729E-4 2.72762E-4 1.97024E-4 2.00027E-4 1.42174E-4 1.88456E-4 2.49322E-4 3.25442E-4 3.94103E-4 3.67583E-4 6.03441E-4 4.56853E-4 5.07956E-4 4.39488E-4 3.36348E-4 4.20745E-4 3.59842E-4 3.98714E-4 3.11214E-4 2.97491E-4 3.00423E-4 3.07277E-4 3.31177E-4 3.34274E-4 3.34013E-4 3.32452E-4 3.36097E-4 3.19538E-4 3.22475E-4 3.40247E-4 -9999 -9999 -9999 -9999 -9999 -9999 -9999 -9999 -9999 -9999 -9999 -9999 -9999 -9999 -9999 -9999 -9999 -9999 -9999 -9999 -9999
5.2103E-8 1.02611E-7 2.19787E-7 3.9884E-7 8.22718E-7 1.77019E-6 3.55834E-6 5.17341E-6 6.45404E-6 2.59457E-6 9.67067E-6 1.55446E-5 1.33854E-4 6.63547E-5 6.09502E-5 1.49338E-4 1.52795E-4 2.41237E-4 3.06885E-4 2.28295E-4 2.87998E-4 3.40655E-4 3.83092E-4 4.4861E-4 5.03408E-4 5.07285E-4 5.25305E-4 6.14827E-4 5.01641E-4 4.31396E-4 3.41435E-4 2.88815E-4 2.91493E-4 3.0821E-4 3.35689E-4 3.21723E-4 3.17325E-4 3.02669E-4 3.29609E-4 3.23075E-4 3.16051E-4 3.43371E-4 3.37899E-4 3.18841E-4 3.47622E-4 -9999 -9999 -9999 -9999 -9999 -9999 -9999 -9999 -9999 -9999 -9999 -9999 -9999 -9999 -9999 -9999 -9999 -9999 -9999 -9999 -9999
3.75907E-8 8.18321E-8 1.64678E-7 3.80272E-7 8.17955E-7 1.81514E-6 3.34533E-6 5.54042E-6 4.93874E-6 4.88262E-6 1.66708E-5 3.20783E-5 1.73556E-4 2.2855E-4 1.33963E-4 6.90155E-5 1.33217E-4 2.43481E-4 2.33301E-4 2.93575E-4 3.20583E-4 4.26503E-4 4.46886E-4 5.354E-4 5.09289E-4 5.90467E-4 5.45389E-4 5.78514E-4 4.36987E-4 4.07232E-4 3.5957E-4 3.30585E-4 2.95558E-4 3.10766E-4 2.9026E-4 2.64732E-4 2.81371E-4 2.9132E-4 3.05667E-4 3.10038E-4 2.99163E-4 3.22666E-4 3.25248E-4 3.26079E-4 3.33533E-4 -9999 -9999 -9999 -9999 -9999 -9999 -9999 -9999 -9999 -9999 -9999 -9999 -9999 -9999 -9999 -9999 -9999 -9999 -9999 -9999 -9999
2.806E-8 6.59396E-8 1.57581E-7 3.40072E-7 7.87032E-7 1.55408E-6 3.2635E-6 5.59932E-6 4.84842E-6 8.23238E-6 1.43772E-5 4.42559E-5 1.58425E-4 2.25179E-4 2.75586E-4 3.03843E-4 3.16001E-4 3.15195E-4 3.05636E-4 3.87265E-4 4.51411E-4 4.76402E-4 5.88341E-4 6.20454E-4 5.53562E-4 5.99001E-4 5.99369E-4 5.88292E-4 5.72072E-4 3.66093E-4 3.98052E-4 2.98832E-4 2.83913E-4 2.80674E-4 2.80503E-4 2.69658E-4 2.72767E-4 2.699E-4 2.76736E-4 2.78345E-4 3.02652E-4 2.97825E-4 3.16071E-4 3.04418E-4 -9999 -9999 -9999 -9999 -9999 -9999 -9999 -9999 -9999 -9999 -9999 -9999 -9999 -9999 -9999 -9999 -9999 -9999 -9999 -9999 -9999 -9999
