Leopardus colocola/Leopardus_colocola_projection 2041-2060.asc
ncols         515
nrows         545
xllcorner     -119.0
yllcorner     -58.333333333333
cellsize      0.166666666667
NODATA_value  -9999
[rows 0 to 28 of 545, columns 132 to 197 of 515]
6.85025E-4 7.19165E-4 7.07228E-4 6.91154E-4 6.71421E-4 6.88828E-4 6.88933E-4 6.90225E-4 6.70538E-4 6.12912E-4 5.35972E-4 4.72236E-4 4.25286E-4 3.78727E-4 3.36594E-4 3.0307E-4 2.7215E-4 2.5029E-4 2.40452E-4 2.38525E-4 2.54368E-4 2.52873E-4 2.38539E-4 2.30086E-4 2.32055E-4 2.4794E-4 2.44307E-4 2.48705E-4 2.61679E-4 2.82704E-4 2.92289E-4 3.0578E-4 3.0534E-4 3.044E-4 3.12849E-4 3.21013E-4 3.14663E-4 2.92066E-4 2.87799E-4 2.86341E-4 2.81883E-4 2.82488E-4 2.74681E-4 2.53746E-4 2.14681E-4 2.07696E-4 2.16489E-4 2.33228E-4 2.26075E-4 2.21322E-4 2.09287E-4 2.08734E-4 2.08416E-4 2.18887E-4 2.28532E-4 2.43129E-4 2.57965E-4 2.58618E-4 2.54383E-4 2.54384E-4 2.48707E-4 2.35644E-4 2.37484E-4 2.3486E-4 2.32024E-4 2.26608E-4
7.05792E-4 7.44513E-4 7.1854E-4 6.58488E-4 6.4756E-4 6.3356E-4 6.41513E-4 6.18918E-4 5.98677E-4 5.32781E-4 4.86475E-4 4.3777E-4 3.92092E-4 3.59755E-4 3.16166E-4 2.97591E-4 2.70372E-4 2.50559E-4 2.46182E-4 2.58193E-4 2.71529E-4 2.64122E-4 2.48073E-4 2.32374E-4 2.28323E-4 2.22861E-4 2.1862E-4 2.28358E-4 2.40493E-4 2.59889E-4 2.73766E-4 2.89535E-4 2.94351E-4 2.86894E-4 2.93866E-4 2.94352E-4 2.8751E-4 2.7559E-4 2.65335E-4 2.48722E-4 2.4941E-4 2.46374E-4 2.31283E-4 2.15154E-4 1.88756E-4 1.82377E-4 2.03255E-4 2.23678E-4 2.30923E-4 2.1826E-4 1.99951E-4 1.923E-4 2.00989E-4 2.04422E-4 2.13299E-4 2.26677E-4 2.40733E-4 2.46646E-4 2.43595E-4 2.37624E-4 2.28529E-4 2.36692E-4 2.37163E-4 2.35245E-4 2.24252E-4 2.14068E-4
7.16688E-4 7.45953E-4 6.9444E-4 6.27677E-4 6.13304E-4 6.0419E-4 5.76074E-4 5.53243E-4 5.13368E-4 4.79875E-4 4.48134E-4 4.18086E-4 3.88053E-4 3.48162E-4 3.16822E-4 2.90369E-4 2.75749E-4 2.5786E-4 2.56082E-4 2.67621E-4 2.72609E-4 2.67188E-4 2.517E-4 2.38064E-4 2.16007E-4 2.02564E-4 1.94252E-4 2.07195E-4 2.21005E-4 2.31465E-4 2.45473E-4 2.6594E-4 2.74741E-4 2.73796E-4 2.82615E-4 2.71181E-4 2.54402E-4 2.40507E-4 2.2925E-4 2.15285E-4 2.18136E-4 2.08146E-4 2.02159E-4 1.96186E-4 1.84989E-4 1.89025E-4 1.96088E-4 2.00291E-4 2.21884E-4 2.39313E-4 2.00776E-4 1.75069E-4 1.82487E-4 1.94224E-4 1.92689E-4 1.98048E-4 2.1681E-4 2.26837E-4 2.23811E-4 2.14145E-4 2.13541E-4 2.11248E-4 2.17788E-4 2.11849E-4 2.01148E-4 1.89729E-4
6.81237E-4 7.07882E-4 6.65864E-4 6.05717E-4 5.74218E-4 5.57237E-4 5.30705E-4 4.88073E-4 4.53069E-4 4.4278E-4 3.99464E-4 4.03582E-4 3.74117E-4 3.32643E-4 3.02204E-4 2.88046E-4 2.72045E-4 2.59044E-4 2.51615E-4 2.66815E-4 2.60622E-4 2.58678E-4 2.56657E-4 2.42285E-4 2.11773E-4 1.87967E-4 1.85347E-4 1.91265E-4 2.057E-4 2.05975E-4 2.17603E-4 2.30819E-4 2.43368E-4 2.51945E-4 2.49105E-4 2.30493E-4 2.27576E-4 2.14214E-4 2.02821E-4 1.86688E-4 1.92445E-4 1.92582E-4 1.81364E-4 1.80813E-4 1.89837E-4 1.86779E-4 1.81744E-4 1.81056E-4 1.914E-4 2.09603E-4 1.92057E-4 1.77504E-4 1.754E-4 1.73649E-4 1.71269E-4 1.70469E-4 1.9057E-4 2.01561E-4 1.93256E-4 1.88891E-4 1.83215E-4 1.76754E-4 1.76453E-4 1.78268E-4 1.80871E-4 1.77288E-4
6.12464E-4 6.31395E-4 6.08909E-4 5.79197E-4 5.50732E-4 5.23149E-4 4.78893E-4 4.47225E-4 4.03198E-4 3.90205E-4 3.70441E-4 3.53147E-4 3.48756E-4 3.19024E-4 2.99487E-4 2.82857E-4 2.63675E-4 2.54537E-4 2.47698E-4 2.50047E-4 2.43917E-4 2.31724E-4 2.34642E-4 2.32519E-4 2.06832E-4 1.83196E-4 1.67124E-4 1.72486E-4 1.82595E-4 1.84156E-4 1.93557E-4 2.01126E-4 2.11454E-4 2.1096E-4 2.05275E-4 1.99326E-4 1.89935E-4 1.81955E-4 1.7596E-4 1.7704E-4 1.82328E-4 1.76353E-4 1.62111E-4 1.61224E-4 1.68293E-4 1.64196E-4 1.56369E-4 1.56189E-4 1.63265E-4 1.72038E-4 1.65862E-4 1.56709E-4 1.58872E-4 1.59101E-4 1.56734E-4 1.54745E-4 1.65248E-4 1.70814E-4 1.70436E-4 1.55698E-4 1.51531E-4 1.48417E-4 1.53812E-4 1.57477E-4 1.63615E-4 1.67635E-4
5.71757E-4 5.94777E-4 5.79617E-4 5.74142E-4 5.48767E-4 5.13319E-4 4.32577E-4 4.05256E-4 3.78086E-4 3.64201E-4 3.50469E-4 3.43557E-4 3.35445E-4 3.13938E-4 3.00454E-4 2.77126E-4 2.55594E-4 2.41081E-4 2.3333E-4 2.16213E-4 2.15975E-4 2.01545E-4 2.02243E-4 1.98668E-4 1.90688E-4 1.67871E-4 1.50959E-4 1.52359E-4 1.6174E-4 1.64328E-4 1.76006E-4 1.7493E-4 1.73823E-4 1.6948E-4 1.62091E-4 1.59731E-4 1.57904E-4 1.5764E-4 1.58648E-4 1.60851E-4 1.58006E-4 1.55862E-4 1.4152E-4 1.37765E-4 1.40013E-4 1.34319E-4 1.32924E-4 1.32324E-4 1.3719E-4 1.43082E-4 1.43376E-4 1.37771E-4 1.37785E-4 1.36984E-4 1.33777E-4 1.36231E-4 1.45791E-4 1.39796E-4 1.30572E-4 1.25542E-4 1.25567E-4 1.23458E-4 1.27051E-4 1.36015E-4 1.44822E-4 1.60496E-4
5.44914E-4 5.6314E-4 5.6914E-4 5.49901E-4 5.49731E-4 4.95819E-4 4.15899E-4 3.79385E-4 3.49992E-4 3.2887E-4 3.03173E-4 3.05979E-4 3.12078E-4 2.98914E-4 2.82932E-4 2.597E-4 2.40467E-4 2.31305E-4 2.14899E-4 1.9488E-4 1.87349E-4 1.83217E-4 1.77341E-4 1.6928E-4 1.58075E-4 1.45709E-4 1.37148E-4 1.31249E-4 1.40586E-4 1.45845E-4 1.50872E-4 1.48043E-4 1.40359E-4 1.34611E-4 1.32879E-4 1.33792E-4 1.35246E-4 1.3244E-4 1.32735E-4 1.35427E-4 1.2992E-4 1.25401E-4 1.21831E-4 1.14311E-4 1.11854E-4 1.12305E-4 1.14543E-4 1.17273E-4 1.20778E-4 1.16084E-4 1.15225E-4 1.10079E-4 1.10711E-4 1.10407E-4 1.06606E-4 1.06486E-4 1.08266E-4 1.03174E-4 1.01433E-4 1.0047E-4 9.85143E-5 1.02116E-4 1.08162E-4 1.1703E-4 1.29916E-4 1.533E-4
5.20621E-4 5.31972E-4 5.20743E-4 5.18614E-4 5.05092E-4 4.38036E-4 3.74787E-4 3.53971E-4 3.26264E-4 2.98984E-4 2.69646E-4 2.6441E-4 2.72545E-4 2.81858E-4 2.67627E-4 2.34187E-4 2.1132E-4 2.07204E-4 1.93023E-4 1.7674E-4 1.6786E-4 1.66234E-4 1.58476E-4 1.46547E-4 1.35046E-4 1.21464E-4 1.11378E-4 1.16384E-4 1.24643E-4 1.37186E-4 1.30061E-4 1.20545E-4 1.12589E-4 1.05639E-4 1.04396E-4 1.06034E-4 1.08805E-4 1.08196E-4 1.08111E-4 1.10313E-4 1.07573E-4 1.01487E-4 9.79513E-5 9.57184E-5 9.1896E-5 9.17968E-5 9.39524E-5 9.58249E-5 1.02603E-4 9.81618E-5 9.42003E-5 8.86005E-5 8.67653E-5 8.44904E-5 7.91049E-5 7.89011E-5 7.7198E-5 7.68469E-5 7.62951E-5 7.67562E-5 7.76054E-5 8.25566E-5 8.92621E-5 9.79902E-5 1.08585E-4 1.25526E-4
5.31478E-4 5.1369E-4 4.90309E-4 4.77718E-4 4.43725E-4 3.96751E-4 3.58968E-4 3.3547E-4 3.01836E-4 2.66521E-4 2.45295E-4 2.32829E-4 2.39914E-4 2.44608E-4 2.38519E-4 2.24678E-4 2.0175E-4 1.77817E-4 1.65051E-4 1.54277E-4 1.52909E-4 1.48531E-4 1.37735E-4 1.24291E-4 1.13706E-4 1.03478E-4 9.5006E-5 1.00584E-4 1.09589E-4 1.16564E-4 1.08133E-4 1.00111E-4 9.02261E-5 8.27393E-5 8.09754E-5 8.53466E-5 9.09015E-5 8.94668E-5 8.65171E-5 8.7578E-5 8.99476E-5 8.41645E-5 7.93466E-5 8.0422E-5 7.65439E-5 7.56645E-5 7.49373E-5 7.51517E-5 7.70273E-5 7.96868E-5 7.59871E-5 7.21511E-5 6.74719E-5 6.52331E-5 5.89061E-5 5.75255E-5 5.65536E-5 5.75458E-5 5.75682E-5 5.85379E-5 6.08E-5 6.39092E-5 6.90104E-5 7.69507E-5 8.4232E-5 9.50142E-5
5.25231E-4 5.04373E-4 4.78258E-4 4.46732E-4 4.19794E-4 3.86004E-4 3.44585E-4 3.14332E-4 2.82612E-4 2.55193E-4 2.27203E-4 2.19905E-4 2.11718E-4 2.05415E-4 2.00743E-4 1.97398E-4 1.94304E-4 1.70347E-4 1.46128E-4 1.36802E-4 1.3087E-4 1.25426E-4 1.20301E-4 1.07167E-4 9.70092E-5 8.7083E-5 7.91223E-5 8.15818E-5 9.38424E-5 9.58514E-5 8.83298E-5 8.2485E-5 7.4236E-5 7.02434E-5 6.9775E-5 7.23465E-5 7.56374E-5 7.28889E-5 7.04532E-5 7.22067E-5 7.5608E-5 6.96333E-5 6.64445E-5 7.03733E-5 6.72691E-5 6.42071E-5 6.08123E-5 5.97421E-5 6.12851E-5 6.35806E-5 6.12635E-5 5.9201E-5 5.66138E-5 5.29664E-5 4.55286E-5 4.40108E-5 4.43656E-5 4.46771E-5 4.4382E-5 4.59115E-5 5.00168E-5 5.29315E-5 5.62501E-5 5.99332E-5 6.34868E-5 6.8826E-5
5.03374E-4 4.81165E-4 4.84358E-4 4.42729E-4 4.09909E-4 3.73932E-4 3.39166E-4 3.00226E-4 2.6379E-4 2.28388E-4 2.03655E-4 1.81495E-4 1.87753E-4 1.73715E-4 1.67574E-4 1.65885E-4 1.62098E-4 1.4555E-4 1.24551E-4 1.13944E-4 1.0702E-4 1.00223E-4 9.8284E-5 8.76261E-5 7.93205E-5 7.0185E-5 6.55856E-5 6.69977E-5 6.95693E-5 7.00775E-5 6.6481E-5 6.41465E-5 6.23795E-5 6.16198E-5 6.11938E-5 6.07939E-5 6.02137E-5 5.94069E-5 5.93443E-5 6.04077E-5 6.41364E-5 6.1658E-5 6.33622E-5 6.51194E-5 6.2219E-5 5.5665E-5 5.05117E-5 4.90209E-5 4.90719E-5 4.99327E-5 4.96058E-5 4.8764E-5 4.85012E-5 4.53655E-5 3.91067E-5 3.85549E-5 3.76474E-5 3.75151E-5 3.67786E-5 3.99267E-5 4.4136E-5 4.53088E-5 4.73864E-5 4.99316E-5 5.09327E-5 5.24699E-5
4.8956E-4 4.78822E-4 4.69614E-4 4.32552E-4 3.9499E-4 3.62222E-4 3.33818E-4 2.71462E-4 2.30634E-4 2.06091E-4 1.8869E-4 1.7024E-4 1.60325E-4 1.45025E-4 1.37524E-4 1.32482E-4 1.25528E-4 1.11972E-4 1.0073E-4 8.93595E-5 8.26351E-5 7.96377E-5 7.98744E-5 7.41454E-5 6.62533E-5 5.87539E-5 5.61793E-5 5.38314E-5 5.47968E-5 5.60899E-5 5.25323E-5 4.87677E-5 5.06254E-5 5.20079E-5 4.95053E-5 4.91255E-5 4.9393E-5 4.91633E-5 4.97502E-5 5.12661E-5 5.22635E-5 5.40607E-5 5.85194E-5 6.34E-5 5.98795E-5 5.05014E-5 4.54197E-5 4.24661E-5 4.21986E-5 4.25806E-5 3.93945E-5 4.09728E-5 4.15611E-5 -9999 -9999 3.57855E-5 3.47985E-5 3.32173E-5 3.2444E-5 3.48623E-5 3.75931E-5 4.02257E-5 4.14066E-5 4.28562E-5 4.42318E-5 4.5559E-5
4.96024E-4 4.79697E-4 4.48044E-4 4.06892E-4 3.71318E-4 3.53501E-4 3.0631E-4 2.5327E-4 1.95748E-4 1.78792E-4 1.59714E-4 1.41727E-4 1.292E-4 1.15989E-4 1.09941E-4 1.02908E-4 9.55453E-5 8.61931E-5 8.09589E-5 7.156E-5 6.78002E-5 6.63704E-5 6.57699E-5 6.34489E-5 5.7551E-5 5.38514E-5 5.16409E-5 4.865E-5 4.75358E-5 4.80162E-5 4.50709E-5 3.99981E-5 3.97196E-5 4.16657E-5 4.22226E-5 4.25745E-5 4.22879E-5 4.31041E-5 4.30735E-5 4.30285E-5 4.46549E-5 4.73123E-5 5.46562E-5 5.77284E-5 5.4909E-5 4.77521E-5 4.18456E-5 -9999 -9999 3.71566E-5 3.36411E-5 -9999 3.67335E-5 -9999 -9999 3.35054E-5 3.17427E-5 2.98103E-5 -9999 -9999 -9999 -9999 -9999 -9999 -9999 3.88107E-5
5.04626E-4 4.50432E-4 3.83229E-4 3.62653E-4 3.47918E-4 3.30588E-4 2.89573E-4 2.3889E-4 1.89858E-4 1.53474E-4 1.36114E-4 1.16047E-4 1.00855E-4 9.17122E-5 8.62401E-5 8.14086E-5 7.55065E-5 6.87131E-5 6.44678E-5 5.86814E-5 5.72057E-5 5.79771E-5 5.64361E-5 5.7116E-5 5.43363E-5 5.16207E-5 4.88157E-5 4.47468E-5 4.28978E-5 4.21236E-5 3.94996E-5 3.45084E-5 3.34155E-5 3.31464E-5 3.65697E-5 3.7368E-5 3.91408E-5 3.81064E-5 3.63947E-5 3.55782E-5 3.15654E-5 3.38648E-5 4.45684E-5 4.8453E-5 4.68902E-5 -9999 -9999 -9999 -9999 -9999 -9999 -9999 -9999 -9999 -9999 -9999 -9999 -9999 -9999 -9999 -9999 -9999 -9999 -9999 -9999 -9999
4.47919E-4 4.02788E-4 3.71549E-4 3.39689E-4 3.2459E-4 3.25231E-4 3.0533E-4 2.31464E-4 1.7427E-4 1.37264E-4 1.12028E-4 9.67154E-5 8.69461E-5 7.64192E-5 7.35914E-5 7.09509E-5 6.55749E-5 5.65283E-5 5.20082E-5 4.98976E-5 4.73406E-5 4.55622E-5 5.06743E-5 5.19092E-5 4.66769E-5 4.54995E-5 4.29931E-5 3.94648E-5 3.78106E-5 3.70934E-5 3.59327E-5 3.26718E-5 2.76323E-5 2.77334E-5 2.89904E-5 3.39013E-5 3.46414E-5 3.51764E-5 3.75076E-5 3.31167E-5 3.05453E-5 3.15192E-5 3.71717E-5 -9999 -9999 -9999 -9999 -9999 -9999 -9999 -9999 -9999 -9999 -9999 -9999 -9999 -9999 -9999 -9999 -9999 -9999 -9999 -9999 -9999 -9999 -9999
3.60571E-4 3.34039E-4 3.32403E-4 3.10654E-4 3.11863E-4 3.05718E-4 2.82931E-4 2.17321E-4 1.53176E-4 1.19782E-4 9.81651E-5 8.78939E-5 8.25366E-5 7.35616E-5 7.43844E-5 6.9636E-5 6.08001E-5 5.43004E-5 4.57185E-5 4.21497E-5 3.97704E-5 3.8036E-5 3.86875E-5 4.11484E-5 4.10712E-5 3.60985E-5 3.63498E-5 3.40943E-5 3.23082E-5 3.25656E-5 3.17362E-5 3.0251E-5 2.49764E-5 2.37453E-5 2.36692E-5 2.72604E-5 2.77627E-5 2.76238E-5 2.83233E-5 3.15659E-5 3.13333E-5 3.46639E-5 3.52227E-5 -9999 -9999 3.22511E-5 -9999 -9999 -9999 -9999 -9999 -9999 -9999 -9999 -9999 -9999 -9999 -9999 -9999 -9999 -9999 -9999 -9999 -9999 -9999 -9999
3.31513E-4 3.14407E-4 3.03814E-4 2.90258E-4 2.85403E-4 2.61189E-4 2.26996E-4 1.79545E-4 1.27435E-4 9.49216E-5 8.02233E-5 7.30296E-5 7.99468E-5 -9999 7.92387E-5 7.17906E-5 6.337E-5 5.30227E-5 4.76087E-5 -9999 -9999 -9999 -9999 -9999 -9999 3.80923E-5 3.22657E-5 2.91058E-5 2.95298E-5 -9999 -9999 -9999 -9999 2.3578E-5 2.24173E-5 2.26946E-5 2.34254E-5 2.49959E-5 2.75024E-5 2.97421E-5 2.62962E-5 3.03979E-5 3.01108E-5 3.07513E-5 3.3541E-5 -9999 -9999 -9999 -9999 -9999 -9999 -9999 -9999 -9999 -9999 -9999 -9999 -9999 -9999 -9999 -9999 -9999 -9999 -9999 -9999 -9999
3.02626E-4 2.85061E-4 2.73926E-4 2.62348E-4 2.38662E-4 2.2069E-4 1.91277E-4 1.54698E-4 1.23133E-4 9.34329E-5 7.61164E-5 7.36357E-5 -9999 -9999 -9999 -9999 -9999 -9999 -9999 -9999 -9999 -9999 -9999 -9999 -9999 -9999 -9999 -9999 -9999 -9999 -9999 -9999 -9999 2.29797E-5 2.24494E-5 2.16369E-5 2.19135E-5 2.48931E-5 2.65795E-5 2.84124E-5 2.78302E-5 2.58523E-5 2.52278E-5 2.51872E-5 -9999 -9999 -9999 -9999 -9999 -9999 -9999 -9999 -9999 -9999 -9999 -9999 -9999 -9999 -9999 -9999 -9999 -9999 -9999 -9999 -9999 -9999
2.74464E-4 2.56351E-4 2.40857E-4 2.29933E-4 2.11003E-4 1.95129E-4 1.67795E-4 1.43641E-4 1.08026E-4 8.65413E-5 8.24643E-5 8.30547E-5 -9999 -9999 -9999 -9999 -9999 -9999 -9999 -9999 -9999 -9999 -9999 -9999 -9999 -9999 -9999 -9999 -9999 -9999 -9999 -9999 -9999 -9999 -9999 2.08195E-5 2.05394E-5 2.11534E-5 2.03347E-5 2.22885E-5 2.52525E-5 2.3657E-5 -9999 2.09726E-5 -9999 -9999 -9999 -9999 -9999 -9999 -9999 -9999 -9999 -9999 -9999 -9999 -9999 -9999 -9999 -9999 -9999 -9999 -9999 -9999 -9999 -9999
2.53265E-4 2.3522E-4 2.18751E-4 2.03712E-4 1.68649E-4 1.68754E-4 1.5127E-4 1.20491E-4 8.13514E-5 7.00191E-5 7.26437E-5 8.09519E-5 -9999 -9999 -9999 -9999 -9999 -9999 -9999 -9999 -9999 -9999 -9999 -9999 -9999 -9999 -9999 -9999 -9999 -9999 -9999 -9999 -9999 -9999 -9999 -9999 1.71445E-5 1.82569E-5 -9999 -9999 -9999 1.61631E-5 -9999 -9999 -9999 2.21727E-5 2.36384E-5 -9999 -9999 -9999 -9999 -9999 -9999 -9999 -9999 -9999 -9999 -9999 -9999 -9999 -9999 -9999 -9999 -9999 -9999 -9999
2.37133E-4 2.22781E-4 1.99852E-4 1.8175E-4 1.62846E-4 1.45575E-4 1.34757E-4 1.02836E-4 7.21729E-5 6.13098E-5 6.36121E-5 -9999 -9999 -9999 -9999 -9999 -9999 -9999 -9999 -9999 -9999 -9999 -9999 -9999 -9999 -9999 -9999 -9999 -9999 -9999 -9999 -9999 -9999 -9999 -9999 -9999 -9999 -9999 -9999 -9999 -9999 -9999 -9999 -9999 -9999 -9999 -9999 -9999 -9999 -9999 -9999 -9999 -9999 -9999 -9999 -9999 -9999 -9999 -9999 -9999 -9999 -9999 -9999 -9999 -9999 -9999
2.16178E-4 2.09836E-4 1.83445E-4 1.59224E-4 1.41448E-4 1.35906E-4 1.27597E-4 9.98014E-5 7.87432E-5 -9999 -9999 -9999 -9999 -9999 -9999 -9999 -9999 -9999 -9999 -9999 -9999 -9999 -9999 -9999 -9999 -9999 -9999 -9999 -9999 -9999 -9999 -9999 -9999 -9999 -9999 -9999 -9999 -9999 -9999 -9999 -9999 -9999 -9999 -9999 -9999 -9999 -9999 -9999 -9999 -9999 -9999 -9999 -9999 -9999 -9999 -9999 -9999 -9999 -9999 -9999 -9999 -9999 -9999 -9999 -9999 -9999
1.95956E-4 1.86483E-4 -9999 1.44376E-4 1.32246E-4 1.21077E-4 -9999 -9999 -9999 -9999 -9999 -9999 -9999 -9999 -9999 -9999 -9999 -9999 -9999 -9999 -9999 -9999 -9999 -9999 -9999 -9999 -9999 -9999 -9999 -9999 -9999 -9999 -9999 -9999 -9999 -9999 -9999 -9999 -9999 -9999 -9999 -9999 -9999 -9999 -9999 -9999 -9999 -9999 -9999 -9999 -9999 -9999 -9999 -9999 -9999 -9999 -9999 -9999 -9999 -9999 -9999 -9999 -9999 -9999 -9999 -9999
1.8062E-4 1.79267E-4 -9999 -9999 -9999 -9999 -9999 -9999 -9999 -9999 -9999 -9999 -9999 -9999 -9999 -9999 -9999 -9999 -9999 -9999 -9999 -9999 -9999 -9999 -9999 -9999 -9999 -9999 -9999 -9999 -9999 -9999 -9999 -9999 -9999 -9999 -9999 -9999 -9999 -9999 -9999 -9999 -9999 -9999 -9999 -9999 -9999 -9999 -9999 -9999 -9999 -9999 -9999 -9999 -9999 -9999 -9999 -9999 -9999 -9999 -9999 -9999 -9999 -9999 -9999 -9999
1.78739E-4 -9999 -9999 -9999 -9999 -9999 -9999 -9999 -9999 -9999 -9999 -9999 -9999 -9999 -9999 -9999 -9999 -9999 -9999 -9999 -9999 -9999 -9999 -9999 -9999 -9999 -9999 -9999 -9999 -9999 -9999 -9999 -9999 -9999 -9999 -9999 -9999 -9999 -9999 -9999 -9999 -9999 -9999 -9999 -9999 -9999 -9999 -9999 -9999 -9999 -9999 -9999 -9999 -9999 -9999 -9999 -9999 -9999 -9999 -9999 -9999 -9999 -9999 -9999 -9999 -9999
1.6948E-4 -9999 -9999 -9999 -9999 -9999 -9999 -9999 -9999 -9999 -9999 -9999 -9999 -9999 -9999 -9999 -9999 -9999 -9999 -9999 -9999 -9999 -9999 -9999 -9999 -9999 -9999 -9999 -9999 -9999 -9999 -9999 -9999 -9999 -9999 -9999 -9999 -9999 -9999 -9999 -9999 -9999 -9999 -9999 -9999 -9999 -9999 -9999 -9999 -9999 -9999 -9999 -9999 -9999 -9999 -9999 -9999 -9999 -9999 -9999 -9999 -9999 -9999 -9999 -9999 -9999
-9999 -9999 -9999 -9999 -9999 -9999 -9999 -9999 -9999 -9999 -9999 -9999 -9999 -9999 -9999 -9999 -9999 -9999 -9999 -9999 -9999 -9999 -9999 -9999 -9999 -9999 -9999 -9999 -9999 -9999 -9999 -9999 -9999 -9999 -9999 -9999 -9999 -9999 -9999 -9999 -9999 -9999 -9999 -9999 -9999 -9999 -9999 -9999 -9999 -9999 -9999 -9999 -9999 -9999 -9999 -9999 -9999 -9999 -9999 -9999 -9999 -9999 -9999 -9999 -9999 -9999
-9999 -9999 -9999 -9999 -9999 -9999 -9999 -9999 -9999 -9999 -9999 -9999 -9999 -9999 -9999 -9999 -9999 -9999 -9999 -9999 -9999 -9999 -9999 -9999 -9999 -9999 -9999 -9999 -9999 -9999 -9999 -9999 -9999 -9999 -9999 -9999 -9999 -9999 -9999 -9999 -9999 -9999 -9999 -9999 -9999 -9999 -9999 -9999 -9999 -9999 -9999 -9999 -9999 -9999 -9999 -9999 -9999 -9999 -9999 -9999 -9999 -9999 -9999 -9999 -9999 -9999
-9999 -9999 -9999 -9999 -9999 -9999 -9999 -9999 -9999 -9999 -9999 -9999 -9999 -9999 -9999 -9999 -9999 -9999 -9999 -9999 -9999 -9999 -9999 -9999 -9999 -9999 -9999 -9999 -9999 -9999 -9999 -9999 -9999 -9999 -9999 -9999 -9999 -9999 -9999 -9999 -9999 -9999 -9999 -9999 -9999 -9999 -9999 -9999 -9999 -9999 -9999 -9999 -9999 -9999 -9999 -9999 -9999 -9999 -9999 -9999 -9999 -9999 -9999 -9999 -9999 -9999
