Leopardus tigrinus/Leopardus_tigrinus_projection 2041-2060.asc
ncols         515
nrows         545
xllcorner     -119.0
yllcorner     -58.333333333333
cellsize      0.166666666667
NODATA_value  -9999
[rows 58 to 86 of 545, columns 66 to 131 of 515]
-9999 -9999 -9999 -9999 -9999 -9999 -9999 -9999 -9999 -9999 -9999 -9999 -9999 4.47902E-4 9.02436E-4 8.61975E-4 3.22293E-3 2.14725E-2 3.38155E-3 1.92201E-2 1.49155E-2 1.10086E-2 1.7606E-2 1.9957E-3 3.5042E-3 8.67746E-3 2.70316E-3 4.44112E-3 1.56558E-2 1.36656E-2 6.55643E-3 9.26244E-3 1.60113E-2 1.20541E-2 8.36337E-3 8.61398E-3 7.9522E-3 7.0273E-3 7.11732E-3 1.1098E-2 1.58474E-2 1.91912E-2 1.4113E-2 2.10303E-2 2.80143E-2 2.7864E-2 3.74116E-2 5.52992E-3 3.60759E-3 6.33167E-3 4.97957E-2 1.17486E-2 8.80707E-3 4.97361E-3 3.58794E-3 4.45616E-3 5.76523E-3 6.73666E-3 7.67709E-3 8.08684E-3 8.83403E-3 -9999 -9999 -9999 -9999 -9999
-9999 -9999 -9999 -9999 -9999 -9999 -9999 -9999 -9999 -9999 -9999 -9999 -9999 -9999 5.64959E-4 3.13674E-4 1.02822E-3 1.66751E-2 4.78336E-3 1.75221E-2 5.24954E-3 1.02844E-2 1.78682E-2 2.70977E-3 2.398E-3 3.50425E-3 3.2154E-3 5.86136E-3 2.37832E-2 6.52977E-3 8.23906E-3 1.07839E-2 1.29902E-2 8.90917E-3 8.36741E-3 7.32267E-3 8.11568E-3 7.3541E-3 8.8858E-3 1.08545E-2 2.06794E-2 2.4929E-2 1.66248E-2 2.19441E-2 1.61811E-2 4.90766E-2 3.01307E-2 1.05956E-2 5.71199E-3 1.14716E-2 5.13734E-2 1.98945E-2 1.01895E-2 6.89557E-3 5.32334E-3 4.72318E-3 4.99055E-3 6.65279E-3 6.88798E-3 7.7825E-3 8.92042E-3 -9999 -9999 -9999 -9999 -9999
-9999 -9999 -9999 -9999 -9999 -9999 -9999 -9999 -9999 -9999 -9999 -9999 -9999 -9999 4.34654E-4 2.32206E-4 8.16747E-4 1.8502E-3 1.19234E-2 1.58963E-2 5.17656E-3 4.01804E-3 1.31257E-2 6.19022E-3 5.02365E-3 2.83907E-3 5.97572E-3 4.86034E-3 7.62506E-3 5.29893E-3 6.08606E-3 1.23016E-2 2.14528E-2 8.86826E-3 6.82625E-3 7.59654E-3 7.39849E-3 8.02506E-3 1.2829E-2 1.4362E-2 1.42428E-2 1.58469E-2 1.46568E-2 1.6182E-2 1.88062E-2 4.70431E-2 1.70871E-2 1.16095E-2 8.23242E-3 1.09046E-2 3.76667E-2 4.37969E-2 8.72425E-3 7.36055E-3 1.1531E-2 3.67763E-3 4.62238E-3 6.14606E-3 8.64658E-3 8.39793E-3 8.75758E-3 -9999 -9999 -9999 -9999 -9999
-9999 -9999 -9999 -9999 -9999 -9999 -9999 -9999 -9999 -9999 -9999 -9999 -9999 -9999 8.40551E-4 3.97058E-4 5.37324E-4 2.25141E-3 3.65221E-3 1.867E-2 2.67049E-3 3.50809E-3 9.80519E-3 8.94774E-3 1.24319E-2 3.87311E-3 7.08456E-3 3.46476E-3 5.31703E-3 7.13207E-3 5.36261E-3 1.59084E-2 3.49893E-2 7.81248E-3 5.8703E-3 8.30175E-3 8.51699E-3 7.37779E-3 1.28074E-2 1.03816E-2 1.2124E-2 1.55704E-2 1.20268E-2 1.85391E-2 2.76634E-2 5.06466E-2 1.85179E-2 7.37234E-3 5.55926E-3 8.53244E-3 3.16557E-2 6.25694E-2 1.23904E-2 6.54992E-3 1.25079E-2 4.41676E-3 4.57402E-3 6.12422E-3 7.91983E-3 9.15569E-3 8.75155E-3 -9999 -9999 -9999 -9999 -9999
-9999 -9999 -9999 -9999 -9999 -9999 -9999 -9999 -9999 -9999 -9999 -9999 -9999 -9999 1.46979E-3 9.37847E-4 3.4936E-4 7.45857E-4 2.32332E-3 1.0237E-2 2.88095E-3 1.27839E-2 4.82607E-3 6.03148E-3 2.17452E-2 4.54806E-3 3.53094E-3 3.68854E-3 4.46391E-3 1.00289E-2 5.28357E-3 1.22814E-2 1.69257E-2 8.049E-3 4.90384E-3 5.09091E-3 7.2707E-3 6.84651E-3 5.22394E-3 7.21746E-3 1.02635E-2 2.08733E-2 1.79961E-2 1.45085E-2 4.66403E-2 2.79801E-2 2.97596E-2 1.09605E-2 5.96053E-3 1.2934E-2 2.84671E-2 4.24924E-2 1.12925E-2 5.98032E-3 1.17059E-2 3.96377E-3 4.48979E-3 5.94468E-3 7.03237E-3 9.70499E-3 1.0055E-2 -9999 -9999 -9999 -9999 -9999
-9999 -9999 -9999 -9999 -9999 -9999 -9999 -9999 -9999 -9999 -9999 -9999 -9999 -9999 -9999 8.67031E-4 4.56113E-4 5.47455E-4 3.57784E-3 2.77578E-3 2.74536E-3 5.10896E-3 7.49215E-3 4.04643E-3 1.41485E-2 6.15603E-3 5.78256E-3 4.3067E-3 7.17834E-3 1.23553E-2 3.64869E-3 6.37058E-3 9.03824E-3 7.55986E-3 5.59978E-3 4.30236E-3 5.9831E-3 5.32122E-3 5.65328E-3 6.88927E-3 8.38077E-3 2.36656E-2 1.33929E-2 1.7449E-2 3.52612E-2 4.56214E-2 7.15302E-2 1.40841E-2 6.21756E-3 8.97033E-3 1.88126E-2 3.19634E-2 1.12246E-2 7.8096E-3 5.34224E-3 3.96978E-3 4.42899E-3 5.28598E-3 6.41394E-3 8.73563E-3 1.17485E-2 -9999 -9999 -9999 -9999 -9999
-9999 -9999 -9999 -9999 -9999 -9999 -9999 -9999 -9999 -9999 -9999 -9999 -9999 -9999 -9999 9.49782E-4 6.45421E-4 9.70819E-4 1.69503E-3 4.32955E-3 2.68928E-3 1.3966E-2 9.45161E-3 3.3984E-3 1.36723E-2 1.96472E-3 1.17529E-2 6.42575E-3 9.05188E-3 1.02266E-2 3.40269E-3 9.21851E-3 9.91167E-3 4.5563E-3 4.34175E-3 4.8271E-3 9.86054E-3 9.44852E-3 6.0209E-3 5.99766E-3 1.45441E-2 1.44812E-2 1.12912E-2 1.7383E-2 2.25455E-2 3.98087E-2 4.97938E-2 2.76239E-2 1.00022E-2 1.04795E-2 1.87237E-2 1.96481E-2 1.1228E-2 1.13106E-2 4.82839E-3 5.87437E-3 4.88621E-3 5.89492E-3 8.14035E-3 1.05235E-2 1.30828E-2 1.39296E-2 -9999 -9999 -9999 -9999
-9999 -9999 -9999 -9999 -9999 -9999 -9999 -9999 -9999 -9999 -9999 -9999 -9999 -9999 -9999 -9999 1.69841E-3 3.41019E-3 3.09606E-3 3.54166E-3 1.79668E-3 5.99852E-3 9.00568E-3 5.36289E-3 7.78741E-3 5.85968E-3 1.1953E-2 6.15339E-3 1.18418E-2 3.73897E-3 5.81426E-3 9.93888E-3 3.35314E-3 2.02114E-3 3.85704E-3 7.55309E-3 8.68696E-3 9.68877E-3 9.19321E-3 9.00486E-3 1.34049E-2 1.08166E-2 2.06741E-2 1.44957E-2 2.24406E-2 3.7949E-2 3.14805E-2 1.88713E-2 2.04801E-2 9.91253E-3 2.02046E-2 1.49261E-2 2.73191E-2 4.62545E-2 1.45385E-2 7.88876E-3 6.75405E-3 7.19282E-3 1.1208E-2 1.18901E-2 1.52887E-2 1.51311E-2 -9999 -9999 -9999 -9999
-9999 -9999 -9999 -9999 -9999 -9999 -9999 -9999 -9999 -9999 -9999 -9999 -9999 -9999 -9999 -9999 -9999 5.32339E-3 6.21914E-3 3.81411E-3 1.9515E-3 2.41111E-3 1.11336E-2 1.0048E-2 1.97653E-3 1.34894E-2 1.28523E-2 1.14514E-2 1.90799E-2 3.43934E-3 1.21755E-2 3.47377E-3 1.57339E-3 1.64899E-3 3.25059E-3 6.09196E-3 5.43036E-3 1.3636E-2 2.14943E-2 1.81071E-2 1.86726E-2 2.02017E-2 1.38118E-2 1.16233E-2 1.85654E-2 3.66815E-2 3.70394E-2 4.64497E-2 3.0329E-2 5.98141E-2 2.69442E-2 1.96855E-2 1.52487E-1 3.06487E-1 1.91571E-2 1.20716E-2 1.00157E-2 8.88595E-3 1.53992E-2 1.27464E-2 1.61034E-2 2.25371E-2 1.75731E-2 -9999 -9999 -9999
-9999 -9999 -9999 -9999 -9999 -9999 -9999 -9999 -9999 -9999 -9999 -9999 -9999 -9999 -9999 -9999 -9999 2.74271E-3 3.61889E-3 9.73E-3 5.97507E-3 7.54638E-3 5.32382E-3 7.87753E-3 1.28685E-2 8.69862E-3 6.8341E-3 6.95222E-3 5.70397E-3 7.71609E-3 5.63615E-3 2.36606E-3 1.34148E-3 1.59348E-3 2.97047E-3 3.47942E-3 4.84787E-3 1.11106E-2 2.98205E-2 2.6596E-2 3.83387E-2 1.68074E-2 9.41155E-3 9.69534E-3 1.22071E-2 2.67239E-2 3.42032E-2 6.5413E-2 4.50595E-2 8.13998E-2 6.95661E-2 2.43867E-2 6.79145E-2 1.56635E-1 4.69746E-2 1.76581E-2 1.22432E-2 1.27679E-2 1.25619E-2 2.02448E-2 5.49848E-2 4.14725E-2 2.2606E-2 -9999 -9999 -9999
-9999 -9999 -9999 -9999 -9999 -9999 -9999 -9999 -9999 -9999 -9999 -9999 -9999 -9999 -9999 -9999 -9999 4.74734E-3 5.52369E-3 2.70975E-3 4.03029E-3 5.25799E-3 3.99931E-3 2.49829E-3 2.41372E-3 7.31305E-3 1.15059E-2 2.12501E-3 6.73969E-3 7.18586E-3 3.94812E-3 3.32686E-3 2.45558E-3 2.19269E-3 3.53082E-3 5.23089E-3 5.20289E-3 6.63201E-3 1.04197E-2 2.46994E-2 7.56467E-2 3.69833E-2 1.23769E-2 1.11215E-2 1.23812E-2 1.71721E-2 3.41543E-2 4.2339E-2 2.99222E-2 3.50428E-2 7.44798E-2 4.06529E-2 4.32323E-2 1.45071E-1 6.43841E-2 5.58435E-2 5.79626E-2 2.60641E-2 2.25413E-2 1.72332E-2 2.27248E-2 2.24223E-2 2.89219E-2 -9999 -9999 -9999
-9999 -9999 -9999 -9999 -9999 -9999 -9999 -9999 -9999 -9999 -9999 -9999 -9999 -9999 -9999 -9999 5.2177E-3 3.32208E-3 5.50477E-3 7.58234E-3 3.46408E-3 1.03242E-2 1.05776E-2 4.92217E-3 3.13407E-3 2.36544E-3 3.24419E-3 5.94598E-3 6.2826E-3 4.03693E-3 5.9949E-3 4.4867E-3 3.40829E-3 4.23118E-3 5.72742E-3 5.76987E-3 5.60089E-3 4.87878E-3 4.66766E-3 6.81882E-3 1.80518E-2 2.90387E-2 1.60021E-2 1.82863E-2 1.92866E-2 3.26015E-2 7.93423E-2 6.33952E-2 2.16236E-2 2.09452E-2 1.10175E-1 4.19285E-2 1.11249E-1 6.61888E-2 2.70334E-1 1.29046E-1 1.5689E-1 4.20389E-2 3.64232E-2 3.72654E-2 1.76959E-2 1.59144E-2 2.09312E-2 2.00404E-2 -9999 -9999
-9999 -9999 -9999 -9999 -9999 -9999 -9999 -9999 -9999 -9999 -9999 -9999 -9999 -9999 -9999 -9999 1.93195E-3 3.79947E-3 1.94997E-2 2.56044E-2 1.71505E-2 5.77011E-3 5.50717E-3 7.04325E-3 7.54453E-3 4.51338E-3 5.86159E-3 5.59328E-3 4.90831E-3 4.37619E-3 4.24224E-3 4.81188E-3 7.5716E-3 4.79424E-3 7.16988E-3 9.96283E-3 4.69733E-3 6.74347E-3 7.55241E-3 7.70038E-3 1.04535E-2 1.6862E-2 1.67314E-2 2.32816E-2 2.58847E-2 1.67296E-2 1.44692E-2 1.60291E-2 1.91937E-2 3.17359E-2 5.42761E-2 3.60385E-2 9.03673E-2 1.222E-1 8.36095E-2 2.46885E-1 2.12259E-1 1.17426E-1 5.38257E-2 2.3316E-2 2.23065E-2 3.17861E-2 3.16782E-2 3.0255E-2 -9999 -9999
-9999 -9999 -9999 -9999 -9999 -9999 -9999 -9999 -9999 -9999 -9999 -9999 -9999 -9999 -9999 -9999 -9999 1.04069E-2 1.76565E-2 2.42732E-2 2.32217E-2 9.99931E-3 1.01285E-2 9.51613E-3 3.32863E-3 2.76086E-3 9.60741E-3 8.07721E-3 5.29289E-3 5.1439E-3 6.39731E-3 5.87441E-3 4.81288E-3 5.66883E-3 7.71608E-3 1.00528E-2 1.01011E-2 1.42898E-2 6.54994E-3 8.34952E-3 1.03492E-2 1.26186E-2 1.16736E-2 1.40435E-2 1.13556E-2 1.38948E-2 1.08045E-2 1.16959E-2 1.38271E-2 1.60791E-2 1.42608E-2 2.13727E-2 3.3559E-2 3.50997E-2 4.89713E-2 8.00585E-2 1.9986E-1 3.48875E-1 1.18765E-1 6.80705E-2 3.00358E-2 3.88855E-2 3.64847E-2 3.78076E-2 3.57622E-2 -9999
-9999 -9999 -9999 -9999 -9999 -9999 -9999 -9999 -9999 -9999 -9999 -9999 -9999 -9999 -9999 4.24585E-3 1.07205E-2 4.21426E-2 2.76284E-2 1.52743E-2 1.84144E-2 1.327E-2 1.30004E-2 1.58887E-2 3.99828E-3 3.81215E-3 4.71811E-3 1.50111E-2 1.00462E-2 1.715E-2 1.13512E-2 6.95118E-3 6.00018E-3 6.41306E-3 7.95968E-3 6.98038E-3 7.24485E-3 7.99502E-3 7.14583E-3 9.35133E-3 1.13318E-2 1.59992E-2 1.77865E-2 1.37494E-2 1.19328E-2 1.51199E-2 2.69111E-2 1.70664E-2 2.41093E-2 1.99842E-2 3.64891E-2 2.63995E-2 1.92156E-2 2.44818E-2 4.74962E-2 5.93228E-2 7.59262E-2 3.04166E-1 3.16513E-1 1.9738E-1 7.18413E-2 5.02498E-2 3.6049E-2 4.42129E-2 3.9234E-2 3.05149E-2
-9999 -9999 -9999 -9999 -9999 -9999 -9999 -9999 -9999 -9999 -9999 -9999 -9999 -9999 -9999 3.22124E-3 8.0078E-3 1.01572E-2 2.11936E-2 4.18566E-2 1.97594E-2 1.70364E-2 6.47598E-3 2.03717E-2 1.98609E-2 2.56967E-2 6.73434E-3 3.16202E-2 8.01934E-2 1.04962E-1 9.16603E-2 4.05746E-2 1.03979E-2 9.31908E-3 1.00651E-2 8.92636E-3 7.02209E-3 7.6597E-3 9.21432E-3 1.26535E-2 1.53692E-2 2.07092E-2 1.29767E-2 1.5247E-2 1.85959E-2 2.29048E-2 4.66803E-2 4.0133E-2 3.64923E-2 3.70345E-2 6.02174E-2 4.09125E-2 2.34817E-2 2.31883E-2 2.7693E-2 1.21631E-1 9.3824E-2 7.93793E-2 2.60611E-1 3.12848E-1 1.88944E-1 9.04191E-2 4.20259E-2 3.51429E-2 4.03753E-2 3.63886E-2
-9999 -9999 -9999 -9999 -9999 -9999 -9999 -9999 -9999 -9999 -9999 -9999 -9999 -9999 -9999 2.63794E-3 2.44387E-3 5.05271E-3 6.37475E-3 1.35657E-2 5.22916E-2 1.39224E-2 7.87809E-3 6.31599E-3 2.02026E-2 9.64305E-2 3.84814E-2 1.45655E-2 3.61667E-2 3.22601E-2 2.70235E-2 2.01942E-2 1.38075E-2 1.24683E-2 1.16339E-2 1.53105E-2 1.03913E-2 1.02103E-2 1.17519E-2 1.63582E-2 1.78577E-2 1.64498E-2 2.23636E-2 1.42094E-2 1.763E-2 3.91807E-2 5.09501E-2 5.10419E-2 8.19893E-2 5.97878E-2 6.39145E-2 2.87023E-2 1.9322E-2 2.75409E-2 2.79909E-2 4.2918E-2 1.80572E-1 8.0446E-2 1.37161E-1 3.46862E-1 4.51927E-1 1.89866E-1 1.17992E-1 7.79686E-2 7.14942E-2 4.39424E-2
-9999 -9999 -9999 -9999 -9999 -9999 -9999 -9999 -9999 -9999 -9999 -9999 -9999 -9999 -9999 -9999 2.93488E-3 4.79277E-3 3.7407E-3 5.02934E-3 5.29493E-2 2.87826E-2 9.73881E-3 6.96605E-3 2.14659E-2 6.6927E-2 1.80904E-2 5.14092E-2 6.59989E-2 5.22833E-2 3.92367E-2 2.58675E-2 1.98565E-2 1.8509E-2 1.33652E-2 1.36601E-2 1.72291E-2 9.39037E-3 9.69382E-3 2.37164E-2 2.24453E-2 2.80529E-2 3.5099E-2 3.64142E-2 4.57248E-2 2.63894E-2 3.55146E-2 5.50015E-2 6.27285E-2 7.9518E-2 6.80387E-2 5.27263E-2 2.17678E-2 1.84498E-2 1.6262E-2 1.695E-2 4.76129E-2 1.27264E-1 1.36446E-1 1.7351E-1 3.25246E-1 5.25071E-1 6.2457E-1 6.04702E-1 2.5479E-1 1.49244E-1
-9999 -9999 -9999 -9999 -9999 -9999 -9999 -9999 -9999 -9999 -9999 -9999 -9999 -9999 -9999 -9999 -9999 3.25553E-3 6.09639E-3 4.67056E-3 6.99546E-3 1.51576E-2 4.78346E-3 4.25459E-3 3.39202E-3 3.5805E-2 6.5247E-2 3.34934E-2 2.78916E-2 3.8521E-2 7.08571E-2 4.82236E-2 2.71031E-2 4.26245E-2 3.93182E-2 2.53876E-2 5.08599E-2 2.45294E-2 3.03609E-2 2.14717E-2 1.83686E-2 2.04534E-2 7.05E-2 1.43258E-1 9.47306E-2 4.61331E-2 1.35545E-1 7.14044E-2 3.69282E-2 6.54862E-2 1.02859E-1 5.71076E-2 3.60894E-2 1.78735E-2 1.46652E-2 1.84429E-2 2.77153E-2 4.75564E-2 1.76596E-1 1.80726E-1 1.79451E-1 1.84797E-1 1.4275E-1 3.00432E-1 4.82518E-1 7.5535E-1
-9999 -9999 -9999 -9999 -9999 -9999 -9999 -9999 -9999 -9999 -9999 -9999 -9999 -9999 -9999 -9999 -9999 -9999 3.52165E-3 4.0855E-3 2.89165E-3 8.90195E-3 8.31359E-2 7.23138E-2 6.72015E-3 3.32832E-2 1.83425E-1 1.03846E-2 1.5055E-2 5.5683E-2 2.51539E-2 1.39672E-2 1.72821E-2 2.82852E-2 4.02056E-2 3.67968E-2 5.854E-2 3.86593E-2 2.30192E-2 2.35963E-2 2.92725E-2 7.08208E-2 4.23626E-2 1.43659E-1 1.27339E-1 7.02232E-2 2.29518E-1 4.04954E-2 5.67528E-2 3.16645E-2 1.30424E-1 1.75133E-1 5.41696E-2 3.89466E-2 1.58145E-2 5.49638E-2 4.23916E-2 3.23862E-2 4.49753E-2 1.12953E-1 1.2681E-1 1.36353E-1 3.30513E-2 6.53431E-2 1.23982E-1 6.90056E-1
-9999 -9999 -9999 -9999 -9999 -9999 -9999 -9999 -9999 -9999 -9999 -9999 -9999 -9999 -9999 -9999 -9999 -9999 2.75393E-3 3.38807E-3 4.9858E-3 6.83988E-3 9.48132E-3 1.58158E-2 7.30652E-2 1.09851E-2 3.09627E-2 8.41675E-3 4.24589E-2 1.93731E-2 6.72479E-3 3.99571E-3 7.87955E-3 5.78534E-2 1.24731E-1 2.89914E-2 2.51892E-2 3.71897E-2 6.50853E-2 9.26587E-2 5.2515E-2 6.13577E-2 1.16319E-2 8.27046E-2 6.9496E-2 5.71009E-2 1.60005E-1 6.03042E-2 5.5564E-2 4.42019E-2 4.6342E-2 1.84088E-1 8.57543E-2 4.38765E-2 2.83222E-2 2.43757E-1 1.46598E-1 5.08563E-2 4.7094E-2 3.39812E-2 3.37177E-2 5.23267E-2 2.2061E-2 1.84337E-2 1.85505E-1 6.14373E-1
-9999 -9999 -9999 -9999 -9999 -9999 -9999 -9999 -9999 -9999 -9999 -9999 -9999 -9999 -9999 -9999 -9999 -9999 -9999 -9999 3.65735E-3 4.57674E-3 4.28288E-3 1.69824E-2 7.73838E-3 3.75112E-3 3.81096E-3 6.25098E-3 8.0843E-2 4.33991E-2 4.0461E-3 2.05402E-3 3.60248E-3 3.73255E-2 3.60197E-2 1.00427E-2 4.87356E-3 3.21138E-2 4.36825E-2 3.83798E-2 3.58022E-2 1.58144E-2 9.78215E-3 3.13298E-3 1.87735E-3 3.71924E-2 8.80547E-2 1.2498E-1 2.31708E-1 9.19553E-2 4.43065E-2 1.06383E-1 1.75209E-1 6.189E-2 3.39234E-2 1.80601E-1 2.19207E-1 2.57279E-2 2.73199E-2 1.70696E-1 5.17736E-2 1.39756E-2 1.53482E-2 3.62865E-2 4.62076E-1 5.52481E-1
-9999 -9999 -9999 -9999 -9999 -9999 -9999 -9999 -9999 -9999 -9999 -9999 -9999 -9999 -9999 -9999 -9999 -9999 -9999 -9999 -9999 -9999 5.54348E-3 8.00165E-3 4.94863E-3 4.952E-3 5.90502E-3 9.71047E-3 3.3899E-2 2.59682E-2 5.0503E-3 1.7086E-3 1.93971E-3 2.01543E-3 2.51317E-3 2.29984E-3 3.65499E-3 2.51386E-2 3.20486E-2 4.46509E-3 3.60769E-3 3.42995E-3 1.7973E-3 1.7493E-3 1.36714E-3 6.09517E-3 5.36417E-2 1.36451E-1 2.26395E-1 3.53287E-1 1.04531E-1 1.37338E-1 1.94857E-1 1.86937E-1 9.8138E-2 1.28536E-1 3.14662E-1 2.77457E-2 2.55808E-2 3.62964E-2 3.2762E-2 2.7E-2 2.25256E-2 6.15188E-2 6.68617E-1 4.97595E-1
-9999 -9999 -9999 -9999 -9999 -9999 -9999 -9999 -9999 -9999 -9999 -9999 -9999 -9999 -9999 -9999 -9999 -9999 -9999 -9999 -9999 -9999 -9999 -9999 2.70429E-3 4.86956E-3 6.37338E-3 8.25915E-3 3.35964E-2 8.30394E-2 6.1008E-2 4.88726E-3 4.18115E-3 2.52966E-3 1.84663E-3 1.64318E-3 2.77619E-3 3.71864E-3 1.73958E-2 4.34776E-3 1.94431E-3 2.13158E-3 2.33366E-3 1.12054E-3 2.66998E-3 4.36959E-2 2.7084E-2 6.87726E-2 1.82434E-1 1.32969E-1 9.50451E-2 9.68608E-2 6.94413E-2 4.53914E-2 3.69761E-2 1.05125E-1 9.91943E-2 3.00461E-2 3.73241E-2 2.80392E-2 2.04967E-2 1.80549E-2 2.67795E-2 4.32764E-2 3.8611E-1 2.89769E-1
-9999 -9999 -9999 -9999 -9999 -9999 -9999 -9999 -9999 -9999 -9999 -9999 -9999 -9999 -9999 -9999 -9999 -9999 -9999 -9999 -9999 -9999 -9999 -9999 -9999 -9999 8.42922E-3 3.26765E-2 6.20821E-2 8.89856E-2 1.4318E-1 3.19999E-2 6.38143E-2 1.80202E-2 4.14385E-3 3.92177E-3 2.28826E-3 3.09678E-3 4.10744E-3 1.0924E-2 3.98206E-3 1.57163E-3 2.54382E-3 2.06399E-3 2.94158E-3 4.44082E-3 9.26073E-3 8.98596E-2 1.1046E-1 9.61179E-2 6.19537E-2 1.45579E-2 7.58444E-3 1.15918E-2 1.32927E-2 2.87413E-2 3.05895E-2 2.938E-2 4.3386E-2 3.1082E-2 2.57393E-2 2.11037E-2 3.12762E-2 6.57068E-2 2.85234E-1 4.24885E-1
-9999 -9999 -9999 -9999 -9999 -9999 -9999 -9999 -9999 -9999 -9999 -9999 -9999 -9999 -9999 -9999 -9999 -9999 -9999 -9999 -9999 -9999 -9999 -9999 -9999 -9999 -9999 1.80378E-2 8.02137E-2 1.33307E-1 9.19523E-2 4.60794E-2 7.73623E-2 2.85321E-2 1.90657E-2 9.59209E-3 3.9391E-3 4.4978E-3 3.27691E-3 7.23306E-3 2.8308E-3 2.0547E-3 1.43026E-3 1.77793E-3 1.67267E-3 8.13562E-3 1.03945E-2 2.37312E-2 2.43222E-2 1.8762E-1 1.15301E-1 1.4727E-2 3.44509E-3 6.16024E-3 1.41078E-2 6.1447E-3 1.42475E-2 2.43227E-2 1.6965E-2 2.276E-2 3.43872E-2 3.66413E-2 3.30211E-2 7.9684E-2 3.75937E-1 5.01655E-1
-9999 -9999 -9999 -9999 -9999 -9999 -9999 -9999 -9999 -9999 -9999 -9999 -9999 -9999 -9999 -9999 -9999 -9999 -9999 -9999 -9999 -9999 -9999 -9999 -9999 -9999 -9999 1.43317E-2 3.73772E-2 1.2991E-1 1.2563E-1 2.89432E-2 1.08141E-1 3.99258E-2 2.29352E-2 1.19787E-2 6.5034E-3 6.16896E-3 1.33796E-2 6.08636E-3 6.11649E-3 3.81963E-3 2.27791E-3 2.06117E-3 1.39744E-3 3.13601E-3 2.57722E-3 1.66177E-2 3.45634E-2 5.50854E-2 2.40584E-2 4.28311E-2 3.2349E-2 8.67472E-3 1.37355E-2 4.76389E-3 2.62404E-2 1.50998E-2 1.22029E-2 6.21556E-2 5.40419E-2 3.93391E-2 5.33979E-2 3.83582E-2 6.86901E-2 4.00788E-1
-9999 -9999 -9999 -9999 -9999 -9999 -9999 -9999 -9999 -9999 -9999 -9999 -9999 -9999 -9999 -9999 -9999 -9999 -9999 -9999 -9999 -9999 -9999 -9999 -9999 -9999 -9999 -9999 -9999 2.2342E-2 2.44671E-2 1.5666E-2 2.08354E-2 3.00241E-2 1.81522E-2 1.01608E-2 9.62738E-3 7.47377E-3 1.11317E-2 8.31994E-2 5.72338E-2 1.0699E-2 4.14467E-3 2.74181E-3 2.5621E-3 2.19165E-3 4.12336E-3 3.45753E-2 2.5426E-2 2.49349E-2 4.50627E-3 5.85797E-3 1.2802E-2 5.37211E-3 1.00367E-2 1.07432E-2 1.04823E-2 1.51021E-2 1.9388E-2 2.76415E-2 2.45956E-2 3.9611E-2 4.33956E-2 5.30907E-2 1.89017E-3 1.3852E-1
-9999 -9999 -9999 -9999 -9999 -9999 -9999 -9999 -9999 -9999 -9999 -9999 -9999 -9999 -9999 -9999 -9999 -9999 -9999 -9999 -9999 -9999 -9999 -9999 -9999 -9999 -9999 -9999 -9999 -9999 -9999 -9999 -9999 1.0238E-2 6.58843E-3 7.94565E-3 1.01134E-2 1.33003E-2 1.13093E-2 4.84932E-2 8.87583E-2 3.76521E-2 1.74608E-2 9.90842E-3 6.76409E-3 2.10383E-3 6.5289E-3 5.91679E-3 2.17122E-2 1.0102E-2 3.46592E-3 7.39084E-3 1.40634E-2 5.45726E-3 1.14123E-2 7.42856E-3 8.05101E-3 8.48727E-3 1.46213E-2 1.37452E-2 1.82351E-2 5.21354E-2 6.66662E-2 4.18271E-2 3.5557E-2 1.40196E-2
