Leopardus tigrinus/Leopardus_tigrinus_projection 2041-2060_novel.asc
ncols         515
nrows         545
xllcorner     -119.0
yllcorner     -58.333333333333
cellsize      0.166666666667
NODATA_value  -9999
[rows 360 to 389 of 545, columns 272 to 339 of 515]
-9999 -9999 -9999 -9999 -9999 -9999 -9999 -9999 -9999 -9999 -9999 -9999 -9999 -9999 -9999 -9999 -9999 8.54701E-1 8.54701E-1 8.54701E-1 8.54701E-1 8.54701E-1 1.29199E0 1.39137E0 1.78891E0 2.04731E0 1.41125E0 3.37905E-1 1.19261E-1 1.09322E0 1.90817E0 6.36056E-1 1.451E0 4.23375E0 7.21527E0 6.4997E0 7.43391E0 6.7581E0 6.7581E0 8.05009E0 8.05009E0 9.12344E0 1.0813E1 3.0809E0 1.31385E1 1.31385E1 1.74518E1 2.04333E1 6.61896E0 6.61896E0 2.04333E1 2.04333E1 2.04333E1 2.04333E1 6.61896E0 6.61896E0 6.61896E0 6.61896E0 6.61896E0 6.61896E0 6.61896E0 6.61896E0 6.61896E0 6.61896E0 6.61896E0 6.61896E0 6.61896E0 6.61896E0
-9999 -9999 -9999 -9999 -9999 -9999 -9999 -9999 -9999 -9999 -9999 -9999 -9999 -9999 -9999 -9999 8.54701E-1 8.54701E-1 8.54701E-1 8.54701E-1 8.54701E-1 1.15285E0 1.35162E0 1.47088E0 1.76903E0 2.3057E0 6.55933E-1 1.39137E-1 3.97535E-2 1.98768E-2 2.38521E-1 1.21248E0 3.9356E0 6.71835E0 7.43391E0 5.92328E0 6.7581E0 6.7581E0 7.43391E0 6.61896E0 3.0809E0 3.0809E0 1.49076E0 1.49076E0 3.0809E0 1.0813E1 1.64977E1 2.11091E1 6.61896E0 6.61896E0 6.61896E0 6.61896E0 2.04333E1 2.04333E1 6.61896E0 6.61896E0 6.61896E0 6.61896E0 6.61896E0 6.61896E0 6.61896E0 6.61896E0 6.61896E0 6.61896E0 6.61896E0 6.61896E0 6.61896E0 6.61896E0
-9999 -9999 -9999 -9999 -9999 -9999 -9999 -9999 -9999 -9999 -9999 -9999 -9999 -9999 -9999 -9999 8.54701E-1 8.54701E-1 8.54701E-1 8.54701E-1 8.54701E-1 1.15285E0 1.35162E0 1.55039E0 1.98768E0 2.2262E0 2.54423E0 3.97535E-1 1.98768E-2 1.98768E-2 9.93838E-1 1.47088E0 3.22004E0 7.05625E0 7.43391E0 5.92328E0 6.7581E0 5.92328E0 7.43391E0 3.0809E0 1.49076E0 1.49076E0 1.49076E0 1.49076E0 1.49076E0 1.02365E1 1.7909E1 1.7909E1 1.7909E1 6.61896E0 6.61896E0 6.61896E0 2.04333E1 2.04333E1 1.82071E1 6.61896E0 6.61896E0 6.61896E0 6.61896E0 6.61896E0 6.61896E0 6.61896E0 6.61896E0 6.61896E0 6.61896E0 6.61896E0 6.61896E0 6.61896E0
-9999 -9999 -9999 -9999 -9999 -9999 -9999 -9999 -9999 -9999 -9999 -9999 -9999 -9999 -9999 8.54701E-1 8.54701E-1 8.54701E-1 8.54701E-1 8.54701E-1 8.54701E-1 1.39137E0 1.39137E0 1.76903E0 2.34546E0 2.54423E0 2.14669E0 5.76426E-1 5.96303E-2 3.97535E-2 3.16041E0 2.86225E0 4.07474E0 5.78414E0 6.10217E0 6.7581E0 3.77659E0 7.43391E0 7.43391E0 3.0809E0 1.49076E0 1.49076E0 1.49076E0 1.49076E0 3.0809E0 9.12344E0 1.49076E1 1.7909E1 2.11091E1 6.61896E0 1.7909E1 6.61896E0 1.7909E1 1.91214E1 1.82071E1 6.61896E0 6.61896E0 6.61896E0 6.61896E0 6.61896E0 6.61896E0 6.61896E0 6.61896E0 6.61896E0 6.61896E0 6.61896E0 6.61896E0 6.61896E0
-9999 -9999 -9999 -9999 -9999 -9999 -9999 -9999 -9999 -9999 -9999 -9999 -9999 -9999 -9999 8.54701E-1 8.54701E-1 8.54701E-1 8.54701E-1 8.54701E-1 8.74578E-1 1.61002E0 1.80879E0 1.80879E0 2.72312E0 1.33174E0 2.86225E0 1.27211E0 1.1131E0 1.29199E0 5.62512E0 6.08229E0 7.89108E0 6.77798E0 6.91711E0 7.43391E0 6.7581E0 6.61896E0 8.4675E0 3.0809E0 1.49076E0 1.49076E0 1.49076E0 1.49076E0 3.0809E0 9.12344E0 1.35361E1 1.7909E1 2.09899E1 2.09899E1 2.00358E1 1.7909E1 1.7909E1 1.82071E1 1.73325E1 6.61896E0 6.61896E0 6.61896E0 6.61896E0 6.61896E0 6.61896E0 6.61896E0 6.61896E0 2.04333E1 6.61896E0 6.61896E0 6.61896E0 6.61896E0
-9999 -9999 -9999 -9999 -9999 -9999 -9999 -9999 -9999 -9999 -9999 -9999 -9999 -9999 -9999 8.54701E-1 8.54701E-1 8.54701E-1 8.54701E-1 8.54701E-1 8.74578E-1 2.34546E0 2.54423E0 1.98768E0 1.59014E-1 2.74299E0 3.0809E0 3.3393E0 1.451E0 2.78275E0 7.2749E0 8.05009E0 8.05009E0 8.05009E0 7.95071E0 7.43391E0 6.7581E0 5.48599E0 5.96303E0 8.05009E0 6.61896E0 1.49076E0 1.49076E0 1.49076E0 6.61896E0 8.08984E0 1.31385E1 6.61896E0 1.5643E1 1.73325E1 1.73325E1 1.7909E1 1.7909E1 1.73325E1 6.61896E0 6.61896E0 6.61896E0 6.61896E0 6.61896E0 6.61896E0 6.61896E0 6.61896E0 2.04333E1 2.04333E1 2.04333E1 2.04333E1 6.61896E0 6.61896E0
-9999 -9999 -9999 -9999 -9999 -9999 -9999 -9999 -9999 -9999 -9999 -9999 -9999 -9999 -9999 8.54701E-1 8.54701E-1 8.54701E-1 8.54701E-1 8.74578E-1 8.74578E-1 2.74299E0 3.18028E0 4.37289E-1 8.94454E-1 2.38521E0 2.98151E0 3.77659E0 2.14669E0 7.07613E0 8.64639E0 8.05009E0 7.43391E0 8.64639E0 6.95687E0 8.05009E0 7.43391E0 5.96303E0 6.7581E0 7.43391E0 9.73961E0 3.0809E0 1.49076E0 3.0809E0 9.12344E0 1.0813E1 1.35361E1 6.61896E0 1.49076E1 1.5643E1 1.63387E1 6.61896E0 6.61896E0 6.61896E0 6.61896E0 6.61896E0 6.61896E0 6.61896E0 6.61896E0 6.61896E0 6.61896E0 6.61896E0 2.04333E1 2.04333E1 2.04333E1 2.04333E1 2.04333E1 2.04333E1
-9999 -9999 -9999 -9999 -9999 -9999 -9999 -9999 -9999 -9999 -9999 -9999 -9999 -9999 8.54701E-1 8.54701E-1 8.54701E-1 8.54701E-1 8.54701E-1 8.74578E-1 8.74578E-1 2.54423E0 2.54423E0 9.93838E-1 1.57026E0 1.41125E0 3.35917E0 4.01511E0 4.11449E0 7.71218E0 8.64639E0 8.64639E0 8.05009E0 8.64639E0 6.71835E0 8.64639E0 7.43391E0 7.43391E0 7.43391E0 7.3544E0 9.12344E0 6.61896E0 3.0809E0 1.0813E1 1.1608E1 6.61896E0 3.0809E0 6.61896E0 1.49076E1 1.5643E1 6.61896E0 6.61896E0 6.61896E0 6.61896E0 6.61896E0 6.61896E0 6.61896E0 6.61896E0 6.61896E0 6.61896E0 6.61896E0 2.04333E1 2.04333E1 2.04333E1 2.04333E1 2.04333E1 2.04333E1 2.04333E1
-9999 -9999 -9999 -9999 -9999 -9999 -9999 -9999 -9999 -9999 -9999 -9999 -9999 8.54701E-1 8.54701E-1 8.54701E-1 8.54701E-1 8.54701E-1 8.74578E-1 8.74578E-1 8.74578E-1 2.24607E0 2.94176E0 1.53051E0 2.38521E0 3.0809E0 3.4188E0 4.33313E0 5.60525E0 6.87736E0 7.15563E0 9.12344E0 8.05009E0 8.05009E0 5.72451E0 4.37289E0 8.05009E0 6.61896E0 8.64639E0 7.71218E0 9.12344E0 9.73961E0 6.61896E0 6.61896E0 3.0809E0 3.0809E0 3.0809E0 6.61896E0 1.41125E1 1.49076E1 6.61896E0 6.61896E0 6.61896E0 6.61896E0 6.61896E0 6.61896E0 6.61896E0 6.61896E0 6.61896E0 2.04333E1 2.04333E1 2.04333E1 2.04333E1 2.04333E1 2.04333E1 2.04333E1 2.04333E1 2.04333E1
-9999 -9999 -9999 -9999 -9999 -9999 -9999 -9999 -9999 -9999 -9999 -9999 -9999 8.54701E-1 8.54701E-1 8.54701E-1 8.54701E-1 8.54701E-1 8.74578E-1 8.74578E-1 8.74578E-1 2.58398E0 2.62373E0 1.35162E0 1.92805E0 3.0809E0 3.4188E0 4.57166E0 3.91572E0 8.94454E0 7.95071E0 9.73961E0 8.64639E0 8.64639E0 5.42636E0 4.59153E0 8.05009E0 6.61896E0 8.64639E0 8.64639E0 9.12344E0 1.02365E1 3.0809E0 3.0809E0 3.0809E0 3.0809E0 3.0809E0 3.0809E0 1.35361E1 1.41125E1 6.61896E0 6.61896E0 6.61896E0 6.61896E0 6.61896E0 6.61896E0 6.61896E0 2.04333E1 2.04333E1 2.04333E1 2.04333E1 2.04333E1 2.04333E1 2.04333E1 2.04333E1 2.04333E1 2.04333E1 2.04333E1
-9999 -9999 -9999 -9999 -9999 -9999 -9999 -9999 -9999 -9999 -9999 -9999 -9999 -9999 8.54701E-1 8.54701E-1 8.54701E-1 8.54701E-1 8.74578E-1 8.74578E-1 8.74578E-1 2.62373E0 2.08706E0 2.08706E0 2.74299E0 3.18028E0 3.49831E0 4.57166E0 6.26118E0 8.88491E0 9.73961E0 9.12344E0 8.64639E0 8.05009E0 9.12344E0 9.12344E0 8.05009E0 5.96303E0 8.64639E0 8.05009E0 9.12344E0 6.61896E0 3.0809E0 3.0809E0 3.0809E0 1.49076E0 1.49076E0 3.0809E0 1.31385E1 6.61896E0 6.61896E0 6.61896E0 6.61896E0 6.61896E0 6.61896E0 6.61896E0 6.61896E0 2.04333E1 2.56609E1 2.56609E1 2.56609E1 2.04333E1 2.04333E1 2.04333E1 2.04333E1 2.04333E1 2.04333E1 2.04333E1
-9999 -9999 -9999 -9999 -9999 -9999 -9999 -9999 -9999 -9999 -9999 -9999 -9999 -9999 8.54701E-1 8.54701E-1 8.54701E-1 8.54701E-1 8.74578E-1 8.74578E-1 8.74578E-1 1.53051E0 2.06718E0 1.29199E0 2.84238E0 3.18028E0 3.4188E0 4.57166E0 6.95687E0 8.16935E0 8.16935E0 8.64639E0 9.73961E0 9.12344E0 8.64639E0 8.64639E0 8.05009E0 5.96303E0 6.61896E0 8.64639E0 1.02365E1 3.0809E0 3.0809E0 3.0809E0 3.0809E0 3.0809E0 1.49076E0 3.0809E0 6.61896E0 6.61896E0 6.61896E0 6.61896E0 6.61896E0 6.61896E0 6.61896E0 6.61896E0 2.04333E1 2.04333E1 2.56609E1 2.56609E1 2.56609E1 2.56609E1 2.04333E1 2.04333E1 2.04333E1 2.04333E1 2.04333E1 2.04333E1
-9999 -9999 -9999 -9999 -9999 -9999 -9999 -9999 -9999 -9999 -9999 -9999 -9999 -9999 8.54701E-1 8.54701E-1 8.54701E-1 8.54701E-1 8.74578E-1 8.74578E-1 8.74578E-1 3.69708E0 1.25224E0 1.35162E0 3.4188E0 2.18644E-1 3.4188E0 5.16796E0 7.11588E0 1.06937E1 9.12344E0 9.12344E0 9.73961E0 1.12304E1 9.73961E0 8.64639E0 8.64639E0 5.96303E0 3.0809E0 8.64639E0 6.61896E0 3.0809E0 3.0809E0 3.0809E0 3.0809E0 3.0809E0 6.61896E0 3.0809E0 3.0809E0 3.0809E0 3.0809E0 6.61896E0 6.61896E0 6.61896E0 6.61896E0 6.61896E0 2.04333E1 2.49652E1 2.56609E1 2.56609E1 2.56609E1 2.56609E1 2.04333E1 2.04333E1 2.04333E1 2.04333E1 2.04333E1 2.04333E1
-9999 -9999 -9999 -9999 -9999 -9999 -9999 -9999 -9999 -9999 -9999 -9999 -9999 -9999 8.54701E-1 8.54701E-1 8.54701E-1 8.74578E-1 8.74578E-1 8.74578E-1 8.74578E-1 2.54423E0 1.39137E0 2.54423E0 1.86842E0 1.7094E0 4.01511E0 4.81018E0 7.03637E0 9.79924E0 1.02365E1 1.1608E1 8.64639E0 8.4675E0 8.4675E0 8.64639E0 8.64639E0 9.12344E0 6.61896E0 8.64639E0 6.61896E0 3.0809E0 3.0809E0 3.0809E0 3.0809E0 3.0809E0 6.61896E0 3.0809E0 3.0809E0 3.0809E0 6.61896E0 6.61896E0 6.61896E0 6.61896E0 1.82071E1 1.91214E1 2.09899E1 2.56609E1 2.56609E1 2.56609E1 2.56609E1 2.56609E1 2.04333E1 2.04333E1 2.04333E1 3.14649E1 3.14649E1 3.14649E1
-9999 -9999 -9999 -9999 -9999 -9999 -9999 -9999 -9999 -9999 -9999 -9999 -9999 -9999 -9999 8.54701E-1 8.54701E-1 8.54701E-1 1.55039E0 2.14669E0 2.3057E0 2.94176E0 8.94454E-1 2.36533E0 8.94454E-1 3.4188E0 3.0809E0 4.15424E0 7.69231E0 1.06937E1 9.73961E0 1.02365E1 6.61896E0 9.12344E0 1.12304E1 8.4675E0 8.64639E0 8.64639E0 1.02365E1 6.61896E0 3.0809E0 3.0809E0 3.0809E0 3.0809E0 3.0809E0 3.0809E0 6.61896E0 3.0809E0 3.0809E0 3.0809E0 6.61896E0 6.61896E0 6.61896E0 6.61896E0 1.73325E1 1.82071E1 2.2898E1 2.56609E1 2.56609E1 2.56609E1 2.56609E1 2.56609E1 2.56609E1 2.56609E1 3.14649E1 3.14649E1 3.14649E1 3.14649E1
-9999 -9999 -9999 -9999 -9999 -9999 -9999 -9999 -9999 -9999 -9999 -9999 -9999 -9999 8.54701E-1 8.54701E-1 8.54701E-1 8.54701E-1 1.55039E0 2.04731E0 2.76287E0 3.18028E0 8.94454E-1 8.94454E-1 2.54423E0 2.98151E0 2.94176E0 3.65732E0 8.34824E0 9.12344E0 8.64639E0 8.64639E0 6.61896E0 9.73961E0 9.73961E0 8.4675E0 8.64639E0 8.4675E0 8.64639E0 6.61896E0 3.0809E0 3.0809E0 3.0809E0 3.0809E0 3.0809E0 3.0809E0 3.0809E0 3.0809E0 3.0809E0 6.61896E0 6.61896E0 6.61896E0 6.61896E0 6.61896E0 1.73325E1 1.82071E1 2.2898E1 2.81853E1 3.14649E1 2.56609E1 2.56609E1 2.56609E1 2.56609E1 2.56609E1 2.56609E1 3.14649E1 3.14649E1 3.14649E1
-9999 -9999 -9999 -9999 -9999 -9999 -9999 -9999 -9999 -9999 -9999 -9999 -9999 8.54701E-1 8.54701E-1 8.54701E-1 8.54701E-1 1.15285E0 1.9678E0 2.24607E0 3.18028E0 3.69708E0 5.76426E-1 3.37905E-1 3.35917E0 2.94176E0 3.18028E0 3.83622E0 6.77798E0 9.73961E0 9.12344E0 8.64639E0 6.61896E0 6.61896E0 8.64639E0 8.64639E0 8.4675E0 8.4675E0 9.12344E0 6.61896E0 3.0809E0 3.0809E0 6.61896E0 6.61896E0 6.61896E0 6.61896E0 3.0809E0 3.0809E0 6.61896E0 6.61896E0 6.61896E0 6.61896E0 1.73325E1 1.63387E1 1.63387E1 1.82071E1 2.37329E1 2.81853E1 3.14649E1 2.56609E1 2.56609E1 2.56609E1 2.56609E1 2.56609E1 2.56609E1 3.14649E1 3.32141E1 3.28165E1
-9999 -9999 -9999 -9999 -9999 -9999 -9999 -9999 -9999 -9999 -9999 -9999 8.54701E-1 8.54701E-1 8.54701E-1 8.54701E-1 8.54701E-1 1.15285E0 2.04731E0 2.58398E0 1.53051E0 1.53051E0 8.94454E-1 3.97535E-2 3.4188E0 2.94176E0 3.4188E0 4.81018E0 9.5806E0 9.73961E0 9.12344E0 8.4675E0 3.0809E0 3.0809E0 6.61896E0 9.12344E0 8.4675E0 8.4675E0 6.61896E0 6.61896E0 3.0809E0 3.0809E0 6.61896E0 1.49076E1 6.61896E0 6.61896E0 6.61896E0 6.61896E0 6.61896E0 6.61896E0 6.61896E0 1.82071E1 1.82071E1 1.82071E1 1.82071E1 2.09899E1 2.58199E1 2.81853E1 2.56609E1 2.56609E1 2.56609E1 2.56609E1 3.14649E1 3.14649E1 3.28165E1 3.28165E1 3.28165E1 3.28165E1
-9999 -9999 -9999 -9999 -9999 -9999 -9999 -9999 -9999 -9999 -9999 -9999 8.54701E-1 8.54701E-1 8.54701E-1 8.54701E-1 8.54701E-1 1.66965E0 2.18644E0 2.54423E0 2.54423E0 2.54423E0 3.89585E0 3.77659E-1 3.89585E0 3.0809E0 3.65732E0 5.48599E0 1.01968E1 1.02365E1 8.4675E0 6.61896E0 3.0809E0 3.0809E0 3.0809E0 9.12344E0 8.64639E0 6.61896E0 6.61896E0 6.61896E0 6.61896E0 6.61896E0 1.2423E1 1.49076E1 2.00358E1 6.61896E0 6.61896E0 6.61896E0 6.61896E0 6.61896E0 2.04333E1 2.04333E1 2.00358E1 2.09899E1 2.2898E1 2.58199E1 2.81853E1 2.94574E1 2.56609E1 2.56609E1 2.56609E1 2.56609E1 3.14649E1 3.32141E1 3.28165E1 3.28165E1 3.28165E1 3.28165E1
-9999 -9999 -9999 -9999 -9999 -9999 -9999 -9999 -9999 -9999 -9999 -9999 8.54701E-1 8.54701E-1 8.54701E-1 8.54701E-1 8.54701E-1 1.3715E0 1.86842E0 2.44484E0 2.54423E0 3.43868E0 3.89585E0 4.33313E0 2.84238E0 2.94176E0 3.65732E0 5.72451E0 1.04353E1 1.02365E1 5.96303E0 6.61896E0 3.0809E0 1.49076E0 1.49076E0 9.12344E0 9.73961E0 9.12344E0 6.61896E0 3.0809E0 6.61896E0 6.61896E0 1.41125E1 1.5643E1 2.04333E1 6.61896E0 6.61896E0 6.61896E0 6.61896E0 2.04333E1 2.56609E1 2.56609E1 2.37329E1 2.2898E1 2.49652E1 2.54224E1 2.81853E1 3.06102E1 3.14649E1 2.56609E1 2.56609E1 2.56609E1 2.56609E1 3.14649E1 3.43868E1 3.28165E1 3.28165E1 3.28165E1
-9999 -9999 -9999 -9999 -9999 -9999 -9999 -9999 -9999 -9999 -9999 -9999 8.54701E-1 8.54701E-1 8.54701E-1 8.54701E-1 1.15285E0 1.55039E0 1.9678E0 2.3057E0 2.94176E0 3.29954E0 3.49831E0 4.35301E0 2.4846E0 2.98151E0 3.83622E0 6.4997E0 1.11906E1 1.1608E1 8.4675E0 5.96303E0 3.0809E0 1.49076E0 1.49076E0 1.49076E0 9.12344E0 1.02365E1 6.61896E0 3.0809E0 6.61896E0 1.31385E1 1.49076E1 1.7909E1 1.7909E1 6.61896E0 6.61896E0 6.61896E0 6.61896E0 2.04333E1 2.56609E1 2.56609E1 3.06102E1 2.94574E1 2.94574E1 2.23614E1 2.94574E1 3.14649E1 3.14649E1 2.56609E1 2.56609E1 2.56609E1 2.56609E1 2.56609E1 3.14649E1 3.14649E1 3.14649E1 3.14649E1
-9999 -9999 -9999 -9999 -9999 -9999 -9999 -9999 -9999 -9999 -9999 -9999 8.54701E-1 8.54701E-1 8.54701E-1 8.54701E-1 1.15285E0 1.72928E0 2.04731E0 2.3057E0 2.54423E0 3.29954E0 1.78891E0 5.08845E0 2.62373E0 3.18028E0 4.01511E0 6.77798E0 9.81912E0 1.12304E1 8.4675E0 3.0809E0 3.0809E0 5.96303E0 9.73961E0 3.0809E0 8.4675E0 1.02365E1 6.61896E0 3.0809E0 3.0809E0 1.44703E1 1.63387E1 2.09899E1 6.61896E0 6.61896E0 6.61896E0 6.61896E0 6.61896E0 2.56609E1 2.56609E1 2.56609E1 2.7907E1 2.56808E1 2.92983E1 2.78871E1 3.17432E1 3.14649E1 3.14649E1 3.14649E1 2.56609E1 2.56609E1 2.56609E1 2.56609E1 2.56609E1 2.56609E1 2.56609E1 2.56609E1
-9999 -9999 -9999 -9999 -9999 -9999 -9999 -9999 -9999 -9999 -9999 -9999 8.54701E-1 8.54701E-1 8.54701E-1 8.54701E-1 1.55039E0 2.04731E0 2.18644E0 2.3057E0 1.53051E0 8.94454E-1 8.94454E-1 5.08845E0 2.66349E0 3.49831E0 4.57166E0 7.05625E0 1.04353E1 1.12304E1 8.4675E0 3.0809E0 1.49076E0 8.4675E0 9.26257E0 8.4675E0 3.0809E0 9.73961E0 3.0809E0 1.49076E0 3.0809E0 6.61896E0 1.7909E1 1.7909E1 6.61896E0 6.61896E0 6.61896E0 6.61896E0 6.61896E0 2.56609E1 2.56609E1 2.56609E1 2.11886E1 1.79885E1 3.13854E1 3.48042E1 3.06102E1 3.06102E1 3.14649E1 3.14649E1 2.56609E1 2.56609E1 2.56609E1 2.56609E1 2.56609E1 2.56609E1 2.56609E1 2.56609E1
-9999 -9999 -9999 -9999 -9999 -9999 -9999 -9999 -9999 -9999 -9999 -9999 -9999 8.54701E-1 8.54701E-1 1.15285E0 1.66965E0 2.04731E0 2.24607E0 2.3057E0 2.54423E0 5.76426E-1 8.94454E-1 4.15424E0 2.74299E0 3.83622E0 3.83622E0 8.16935E0 1.15683E1 8.4675E0 5.96303E0 3.0809E0 3.0809E0 1.02365E1 1.1608E1 3.0809E0 1.49076E0 3.0809E0 1.49076E0 1.49076E0 1.49076E0 3.0809E0 3.0809E0 6.61896E0 6.61896E0 3.0809E0 3.0809E0 6.61896E0 6.61896E0 2.56609E1 2.56609E1 2.56609E1 1.775E1 1.79686E1 3.14649E1 3.14649E1 3.14649E1 3.14649E1 3.14649E1 3.14649E1 2.56609E1 2.56609E1 2.56609E1 2.56609E1 2.56609E1 2.56609E1 2.56609E1 2.56609E1
-9999 -9999 -9999 -9999 -9999 -9999 -9999 -9999 -9999 -9999 -9999 -9999 -9999 8.54701E-1 8.54701E-1 8.54701E-1 1.55039E0 2.04731E0 2.24607E0 2.44484E0 2.54423E0 2.94176E0 5.76426E-1 4.77042E0 2.84238E0 3.83622E0 3.65732E0 6.77798E0 1.2582E1 1.12304E1 3.0809E0 3.0809E0 3.0809E0 1.02365E1 9.12344E0 1.49076E0 1.49076E0 1.49076E0 1.49076E0 1.49076E0 1.49076E0 1.49076E0 3.0809E0 3.0809E0 6.61896E0 3.0809E0 3.0809E0 3.0809E0 6.61896E0 2.04333E1 2.56609E1 2.56609E1 1.67561E1 1.61399E1 3.11071E1 3.14649E1 3.14649E1 3.14649E1 3.14649E1 2.56609E1 2.56609E1 2.56609E1 2.56609E1 2.56609E1 2.56609E1 2.56609E1 2.56609E1 2.56609E1
-9999 -9999 -9999 -9999 -9999 -9999 -9999 -9999 -9999 -9999 -9999 -9999 -9999 8.54701E-1 8.54701E-1 8.54701E-1 1.55039E0 1.9678E0 2.14669E0 1.53051E0 1.78891E0 2.76287E0 5.96303E-1 4.57166E0 2.98151E0 3.65732E0 3.49831E0 3.89585E0 1.16875E1 1.44703E1 5.96303E0 1.49076E0 1.49076E0 3.0809E0 3.0809E0 1.49076E0 1.49076E0 1.49076E0 1.49076E0 1.49076E0 1.49076E0 1.49076E0 1.49076E0 3.0809E0 6.61896E0 3.0809E0 3.0809E0 3.0809E0 6.61896E0 6.61896E0 2.56609E1 2.56609E1 2.05725E1 1.65971E1 3.14649E1 2.56609E1 2.56609E1 2.56609E1 2.56609E1 2.56609E1 2.56609E1 2.56609E1 2.56609E1 2.56609E1 2.11091E1 2.11091E1 2.11091E1 2.11091E1
-9999 -9999 -9999 -9999 -9999 -9999 -9999 -9999 -9999 -9999 -9999 -9999 -9999 8.54701E-1 8.54701E-1 1.3715E0 1.66965E0 1.86842E0 2.14669E0 2.3057E0 5.96303E-1 3.18028E-1 3.43868E0 4.33313E0 3.0809E0 3.83622E0 3.4188E0 3.89585E0 1.26416E1 1.12304E1 3.0809E0 3.0809E0 1.49076E0 8.74578E-1 1.49076E0 1.49076E0 1.49076E0 1.49076E0 3.0809E0 1.49076E0 1.49076E0 1.49076E0 1.49076E0 3.0809E0 3.0809E0 3.0809E0 3.0809E0 6.61896E0 6.61896E0 1.7909E1 2.04333E1 2.56609E1 1.68953E1 2.39515E1 2.56609E1 3.14649E1 2.56609E1 2.56609E1 2.56609E1 2.56609E1 2.56609E1 2.56609E1 2.56609E1 2.11091E1 2.11091E1 2.11091E1 2.11091E1 2.11091E1
-9999 -9999 -9999 -9999 -9999 -9999 -9999 -9999 -9999 -9999 -9999 -9999 -9999 8.54701E-1 1.15285E0 1.66965E0 1.86842E0 1.9678E0 2.18644E0 2.24607E0 1.78891E0 9.93838E-2 1.09322E0 4.05486E0 2.54423E0 3.0809E0 4.01511E0 6.06241E0 1.39932E1 8.4675E0 3.0809E0 1.49076E0 1.49076E0 1.49076E0 1.49076E0 1.49076E0 1.49076E0 1.49076E0 1.49076E0 3.0809E0 1.49076E0 1.49076E0 1.49076E0 3.0809E0 3.0809E0 3.0809E0 3.0809E0 6.61896E0 6.61896E0 2.04333E1 2.04333E1 2.11091E1 1.64182E1 2.56609E1 2.56609E1 2.56609E1 2.56609E1 2.56609E1 2.56609E1 2.56609E1 2.56609E1 2.11091E1 2.11091E1 2.11091E1 2.11091E1 2.11091E1 2.11091E1 2.11091E1
-9999 -9999 -9999 -9999 -9999 -9999 -9999 -9999 -9999 -9999 -9999 -9999 -9999 1.3715E0 1.3715E0 1.55039E0 1.72928E0 2.04731E0 2.18644E0 2.18644E0 1.09322E0 2.3057E0 1.78891E0 2.54423E0 5.96303E-1 3.4188E0 4.33313E0 5.48599E0 1.41523E1 3.0809E0 1.49076E0 1.49076E0 1.49076E0 1.49076E0 1.49076E0 1.49076E0 1.49076E0 1.49076E0 1.49076E0 3.0809E0 3.0809E0 1.49076E0 1.49076E0 3.0809E0 3.0809E0 6.61896E0 6.61896E0 2.04333E1 2.04333E1 2.11091E1 2.11091E1 2.11091E1 1.71536E1 2.56609E1 2.56609E1 2.56609E1 2.11091E1 2.11091E1 2.11091E1 2.11091E1 2.11091E1 2.11091E1 2.11091E1 2.11091E1 2.11091E1 2.11091E1 2.11091E1 2.11091E1
-9999 -9999 -9999 -9999 -9999 -9999 -9999 -9999 -9999 -9999 -9999 -9999 -9999 -9999 1.55039E0 1.55039E0 1.72928E0 2.04731E0 2.3057E0 2.24607E0 1.09322E0 1.09322E0 1.78891E0 3.18028E-1 1.09322E0 4.01511E0 4.01511E0 5.3071E0 1.39932E1 3.0809E0 3.0809E0 1.49076E0 1.49076E0 1.49076E0 1.49076E0 1.49076E0 1.49076E0 1.49076E0 1.49076E0 3.0809E0 3.0809E0 1.49076E0 1.49076E0 3.0809E0 6.61896E0 6.61896E0 2.56609E1 2.56609E1 2.11091E1 2.11091E1 1.7909E1 2.11091E1 1.89227E1 2.56609E1 2.56609E1 2.56609E1 2.56609E1 2.11091E1 2.56609E1 2.56609E1 2.56609E1 2.11091E1 2.11091E1 2.11091E1 2.11091E1 1.7909E1 2.11091E1 2.11091E1
