Leopardus tigrinus/Leopardus_tigrinus.asc
ncols         515
nrows         545
xllcorner     -119.0
yllcorner     -58.333333333333
cellsize      0.166666666667
NODATA_value  -9999
[rows 348 to 376 of 545, columns 264 to 329 of 515]
-9999 -9999 -9999 -9999 -9999 -9999 -9999 -9999 -9999 -9999 -9999 -9999 -9999 -9999 -9999 -9999 -9999 -9999 -9999 -9999 -9999 -9999 -9999 -9999 -9999 6.78793E-4 1.10863E-3 1.22654E-3 7.17313E-4 5.23397E-4 9.41969E-3 9.1746E-3 1.72034E-2 2.78114E-2 2.76684E-2 2.70422E-2 1.35591E-2 1.31684E-2 1.26603E-2 8.2353E-3 7.23013E-3 8.41758E-3 1.10652E-2 5.47056E-3 3.10487E-3 4.30649E-3 4.13547E-3 5.26946E-3 4.65998E-3 6.43462E-3 5.2786E-3 4.33973E-3 3.48193E-3 3.48488E-3 4.12074E-3 7.07427E-3 1.5481E-2 1.91623E-2 1.94531E-2 4.76313E-2 1.00744E-2 5.27718E-3 6.76001E-3 8.86726E-3 3.97573E-3 2.53147E-3
-9999 -9999 -9999 -9999 -9999 -9999 -9999 -9999 -9999 -9999 -9999 -9999 -9999 -9999 -9999 -9999 -9999 -9999 -9999 -9999 -9999 -9999 -9999 -9999 -9999 8.61333E-4 1.36069E-3 8.4087E-4 7.11927E-4 6.16944E-4 1.24003E-2 9.61386E-3 2.0435E-2 2.94631E-2 3.73605E-2 2.88125E-2 2.03005E-2 2.02046E-2 2.14032E-2 1.17843E-2 8.40079E-3 7.32382E-3 7.70383E-3 4.09152E-3 5.73608E-3 5.95358E-3 5.09538E-3 6.38282E-3 5.97375E-3 5.6245E-3 8.08243E-3 4.36703E-3 3.37829E-3 3.42745E-3 2.98306E-3 5.54494E-3 1.04978E-2 1.56742E-2 2.42792E-2 1.77474E-2 9.18724E-3 6.78763E-3 5.84276E-3 5.44206E-3 3.07496E-3 2.59245E-3
-9999 -9999 -9999 -9999 -9999 -9999 -9999 -9999 -9999 -9999 -9999 -9999 -9999 -9999 -9999 -9999 -9999 -9999 -9999 -9999 -9999 -9999 -9999 -9999 -9999 8.50226E-4 1.25068E-3 7.8359E-4 7.13881E-4 6.70125E-4 1.57379E-2 1.46649E-2 2.37667E-2 4.34572E-2 4.56082E-2 3.34019E-2 2.33128E-2 1.82529E-2 1.56108E-2 1.48132E-2 8.82401E-3 7.68454E-3 5.22636E-3 4.65332E-3 6.04754E-3 3.6534E-3 5.25953E-3 9.96109E-3 1.17963E-2 6.20352E-3 9.67701E-3 5.51437E-3 4.77879E-3 5.62233E-3 3.21828E-3 4.93387E-3 1.21041E-2 2.41302E-2 2.28548E-2 1.16866E-2 2.37161E-2 1.09391E-2 5.32344E-3 4.89151E-3 3.08103E-3 2.52694E-3
-9999 -9999 -9999 -9999 -9999 -9999 -9999 -9999 -9999 -9999 -9999 -9999 -9999 -9999 -9999 -9999 -9999 -9999 -9999 -9999 -9999 -9999 -9999 -9999 -9999 9.35169E-4 1.27473E-3 1.00511E-3 7.42527E-4 5.38059E-4 1.19192E-2 1.56272E-2 2.8212E-2 5.79549E-2 4.82596E-2 3.40441E-2 3.08915E-2 1.76307E-2 2.72588E-2 2.09197E-2 1.67271E-2 9.408E-3 6.58373E-3 8.46112E-3 5.84536E-3 3.48531E-3 6.25727E-3 9.2944E-3 9.57839E-3 8.37055E-3 8.2139E-3 6.51827E-3 8.50309E-3 7.99357E-3 4.58781E-3 6.35208E-3 2.59449E-2 1.42782E-2 7.97309E-3 1.25845E-2 5.1938E-2 1.95283E-2 5.3261E-3 4.66341E-3 2.72023E-3 2.4872E-3
-9999 -9999 -9999 -9999 -9999 -9999 -9999 -9999 -9999 -9999 -9999 -9999 -9999 -9999 -9999 -9999 -9999 -9999 -9999 -9999 -9999 -9999 -9999 -9999 -9999 9.19401E-4 1.09402E-3 9.71257E-4 7.92903E-4 5.73343E-4 9.72859E-3 1.83888E-2 5.44025E-2 9.0127E-2 7.53377E-2 3.39482E-2 2.56464E-2 3.19396E-2 2.5078E-2 2.51409E-2 2.81904E-2 1.12747E-2 6.55519E-3 8.85588E-3 5.97623E-3 3.21279E-3 4.81034E-3 8.75904E-3 8.578E-3 6.94333E-3 8.97025E-3 8.95303E-3 1.34996E-2 8.8317E-3 4.53768E-3 7.522E-3 3.457E-2 1.55078E-2 6.5398E-3 3.83609E-2 4.99666E-2 1.08486E-2 5.12365E-3 2.98713E-3 2.68134E-3 2.43141E-3
-9999 -9999 -9999 -9999 -9999 -9999 -9999 -9999 -9999 -9999 -9999 -9999 -9999 -9999 -9999 -9999 -9999 -9999 -9999 -9999 -9999 -9999 -9999 -9999 -9999 7.49877E-4 1.13844E-3 1.3337E-3 1.01163E-3 7.32648E-4 9.27187E-3 2.80495E-2 8.27639E-2 1.0352E-1 7.14751E-2 3.71864E-2 2.87322E-2 3.55343E-2 2.98452E-2 4.18939E-2 2.96736E-2 1.3206E-2 1.18363E-2 1.13026E-2 5.07275E-3 2.50453E-3 4.52238E-3 1.64292E-2 9.27105E-3 6.48836E-3 7.00783E-3 1.2146E-2 7.51122E-3 8.19344E-3 5.03392E-3 1.1325E-2 3.42664E-2 2.86299E-2 8.17041E-3 5.58241E-2 5.03527E-2 1.04393E-2 3.63212E-3 2.83105E-3 2.41118E-3 2.35865E-3
-9999 -9999 -9999 -9999 -9999 -9999 -9999 -9999 -9999 -9999 -9999 -9999 -9999 -9999 -9999 -9999 -9999 -9999 -9999 -9999 -9999 -9999 -9999 -9999 -9999 7.40895E-4 9.31044E-4 1.16705E-3 8.24059E-4 6.37389E-4 1.90054E-2 5.73178E-2 1.53127E-1 1.019E-1 6.18994E-2 4.03981E-2 4.29828E-2 5.07708E-2 4.36476E-2 3.37785E-2 1.8157E-2 1.39749E-2 1.75924E-2 1.05233E-2 5.80235E-3 5.90454E-3 5.18696E-3 1.9346E-2 5.30259E-3 4.11176E-3 7.31439E-3 8.15896E-3 5.40252E-3 4.84227E-3 4.13899E-3 1.7056E-2 3.6004E-2 5.19292E-2 2.07334E-2 3.60151E-2 2.16853E-2 5.79274E-3 3.09805E-3 2.564E-3 2.27755E-3 2.25364E-3
-9999 -9999 -9999 -9999 -9999 -9999 -9999 -9999 -9999 -9999 -9999 -9999 -9999 -9999 -9999 -9999 -9999 -9999 -9999 -9999 -9999 -9999 -9999 -9999 -9999 7.21766E-4 1.14994E-3 8.42851E-4 8.0537E-4 7.21712E-4 2.90196E-2 6.5329E-2 1.13745E-1 7.66209E-2 6.95838E-2 4.71027E-2 5.0497E-2 4.26493E-2 4.51946E-2 4.14489E-2 2.54187E-2 2.55883E-2 1.8095E-2 1.09706E-2 1.85511E-2 8.53946E-3 7.54917E-3 7.83401E-3 5.36679E-3 6.2065E-3 1.20776E-2 3.05026E-3 5.54155E-3 4.61174E-3 8.75343E-3 1.66134E-2 4.94818E-2 6.73569E-2 1.78676E-2 9.39274E-3 7.72971E-3 3.39408E-3 2.22342E-3 1.83689E-3 1.72363E-3 1.68052E-3
-9999 -9999 -9999 -9999 -9999 -9999 -9999 -9999 -9999 -9999 -9999 -9999 -9999 -9999 -9999 -9999 -9999 -9999 -9999 -9999 -9999 -9999 -9999 -9999 -9999 5.2902E-4 1.12973E-3 6.38319E-4 5.09607E-4 5.66992E-4 2.96626E-2 7.49333E-2 1.13439E-1 7.54264E-2 6.95981E-2 6.69375E-2 5.4187E-2 4.95723E-2 4.51754E-2 4.13162E-2 3.65834E-2 2.10124E-2 1.80451E-2 1.44078E-2 1.40453E-2 1.23755E-2 9.61512E-3 9.09419E-3 9.49702E-3 7.662E-3 5.90931E-3 1.41945E-3 3.37251E-3 5.89405E-3 1.69196E-2 1.93047E-2 9.55817E-2 2.74003E-2 1.04017E-2 6.60272E-3 4.39697E-3 2.64227E-3 1.80919E-3 1.66079E-3 1.56242E-3 1.58635E-3
-9999 -9999 -9999 -9999 -9999 -9999 -9999 -9999 -9999 -9999 -9999 -9999 -9999 -9999 -9999 -9999 -9999 -9999 -9999 -9999 -9999 -9999 -9999 -9999 3.54263E-4 3.89473E-4 5.33214E-4 4.9114E-4 4.78572E-4 5.79184E-4 2.72197E-2 5.45365E-2 7.01642E-2 8.40954E-2 7.41675E-2 5.13573E-2 6.34386E-2 1.02328E-1 1.09909E-1 7.95198E-2 3.77482E-2 1.9654E-2 1.67442E-2 8.12559E-3 1.34893E-2 1.29768E-2 9.07079E-3 9.62141E-3 3.78497E-3 4.05833E-3 2.98596E-3 1.43308E-3 2.52898E-3 1.11275E-2 3.45212E-2 7.26848E-2 2.58186E-2 1.14636E-2 9.41167E-3 5.76763E-3 4.26696E-3 2.50387E-3 1.46938E-3 1.41886E-3 1.51299E-3 1.56284E-3
-9999 -9999 -9999 -9999 -9999 -9999 -9999 -9999 -9999 -9999 -9999 -9999 -9999 -9999 -9999 -9999 -9999 -9999 -9999 -9999 -9999 -9999 -9999 -9999 3.41894E-4 3.34917E-4 4.33202E-4 4.02493E-4 5.33519E-4 4.93631E-4 2.68323E-2 8.20571E-2 5.98451E-2 8.97767E-2 8.36327E-2 6.55938E-2 7.32947E-2 6.75235E-2 8.76206E-2 5.82748E-2 2.9557E-2 2.03422E-2 1.85302E-2 3.17118E-3 3.44519E-3 8.30537E-3 1.25175E-2 5.05077E-3 2.38244E-3 3.06976E-3 3.52767E-3 3.36121E-3 6.83693E-3 2.87752E-2 4.52812E-2 1.93937E-2 1.28304E-2 1.1357E-2 7.65488E-3 5.7352E-3 3.44409E-3 2.67999E-3 1.87646E-3 2.00775E-3 1.33246E-3 1.24432E-3
-9999 -9999 -9999 -9999 -9999 -9999 -9999 -9999 -9999 -9999 -9999 -9999 -9999 -9999 -9999 -9999 -9999 -9999 -9999 -9999 -9999 -9999 -9999 -9999 4.12112E-4 3.41456E-4 3.42644E-4 5.42239E-4 5.90086E-4 5.71362E-4 2.73358E-2 7.65605E-2 9.54444E-2 6.81407E-2 9.42559E-2 7.46683E-2 8.14217E-2 6.85859E-2 6.03565E-2 5.88141E-2 2.94382E-2 1.98265E-2 1.28104E-2 2.51951E-3 1.60876E-3 7.15251E-3 1.69375E-2 3.58395E-3 2.31349E-3 4.05045E-3 4.65709E-3 8.44873E-3 1.56143E-2 1.88318E-2 4.37513E-2 1.42167E-2 9.18357E-3 8.59487E-3 7.19362E-3 5.65911E-3 4.31504E-3 2.47997E-3 1.99023E-3 1.54975E-3 1.19772E-3 1.14299E-3
-9999 -9999 -9999 -9999 -9999 -9999 -9999 -9999 -9999 -9999 -9999 -9999 -9999 -9999 -9999 -9999 -9999 -9999 -9999 -9999 -9999 -9999 -9999 5.18864E-4 3.52628E-4 3.03361E-4 2.55281E-4 5.20854E-4 5.62073E-4 6.5224E-4 3.40284E-2 8.29951E-2 1.062E-1 7.85266E-2 7.83471E-2 8.59595E-2 8.96041E-2 7.11107E-2 4.7914E-2 5.25389E-2 4.10572E-2 2.35215E-2 1.49172E-2 2.23497E-3 1.51063E-3 1.1186E-2 9.02793E-3 2.94305E-3 2.81132E-3 3.31489E-3 5.0745E-3 2.09121E-3 9.20731E-3 8.67043E-3 2.74059E-2 1.17554E-2 6.02092E-3 5.46117E-3 4.89684E-3 5.18637E-3 4.31516E-3 2.60992E-3 2.07686E-3 1.55131E-3 1.28028E-3 1.14396E-3
-9999 -9999 -9999 -9999 -9999 -9999 -9999 -9999 -9999 -9999 -9999 -9999 -9999 -9999 -9999 -9999 -9999 -9999 -9999 -9999 -9999 -9999 -9999 4.57988E-4 4.57686E-4 3.25991E-4 2.69219E-4 5.16382E-4 4.77429E-4 6.86174E-4 5.47771E-2 6.2809E-2 6.80254E-2 9.28066E-2 1.17459E-1 9.52999E-2 1.17319E-1 1.15277E-1 6.78419E-2 5.61161E-2 3.57009E-2 1.87019E-2 1.38752E-2 2.39003E-3 1.92154E-3 6.02348E-3 3.02054E-3 7.43333E-4 6.71512E-4 1.11223E-3 7.13918E-4 1.09934E-3 1.80695E-3 1.16388E-2 1.88793E-2 2.03063E-2 4.81102E-3 3.26454E-3 3.83649E-3 3.3607E-3 3.35747E-3 2.96212E-3 1.66712E-3 1.25848E-3 1.00649E-3 1.15703E-3
-9999 -9999 -9999 -9999 -9999 -9999 -9999 -9999 -9999 -9999 -9999 -9999 -9999 -9999 -9999 -9999 -9999 -9999 -9999 -9999 -9999 -9999 -9999 5.20245E-4 3.93917E-4 2.698E-4 2.34383E-4 3.84102E-4 3.6793E-4 4.60314E-4 4.33282E-2 6.65177E-2 7.89188E-2 7.93766E-2 7.45036E-2 9.50814E-2 1.3299E-1 1.37698E-1 7.02694E-2 5.27556E-2 3.54375E-2 1.36591E-2 1.0474E-2 2.47725E-3 1.47199E-3 1.76231E-3 1.63313E-3 3.77074E-4 4.14258E-4 4.53759E-4 5.52459E-4 8.46073E-4 1.25751E-3 1.12334E-2 1.43672E-2 2.1246E-2 5.95175E-3 2.70872E-3 2.68393E-3 2.63619E-3 3.81535E-3 3.49602E-3 1.88135E-3 1.29045E-3 1.07618E-3 1.20403E-3
-9999 -9999 -9999 -9999 -9999 -9999 -9999 -9999 -9999 -9999 -9999 -9999 -9999 -9999 -9999 -9999 -9999 -9999 -9999 -9999 -9999 -9999 5.67385E-4 5.71252E-4 4.22407E-4 3.13488E-4 2.62971E-4 4.82991E-4 4.93352E-4 8.91354E-4 3.06674E-2 6.48714E-2 8.91222E-2 1.03589E-1 9.14039E-2 1.04428E-1 1.1896E-1 1.01518E-1 4.1444E-2 3.91898E-2 3.69491E-2 2.56498E-2 2.31654E-2 4.4588E-3 3.68981E-4 1.12562E-3 2.40054E-3 3.86336E-4 3.30072E-4 3.83254E-4 5.50301E-4 6.59478E-4 1.1755E-3 1.40489E-2 1.66253E-2 1.50787E-2 7.06672E-3 2.86482E-3 2.81901E-3 2.49908E-3 3.04114E-3 3.11941E-3 1.78343E-3 1.24445E-3 9.955E-4 1.19772E-3
-9999 -9999 -9999 -9999 -9999 -9999 -9999 -9999 -9999 -9999 -9999 -9999 -9999 -9999 -9999 -9999 -9999 -9999 -9999 -9999 -9999 -9999 5.4728E-4 6.49131E-4 4.61617E-4 2.61397E-4 2.5221E-4 4.68637E-4 6.44577E-4 1.21401E-3 5.84239E-2 5.15127E-2 1.43903E-1 1.3322E-1 8.72099E-2 9.93951E-2 9.39463E-2 7.17712E-2 3.63091E-2 3.58927E-2 2.10898E-2 2.53196E-2 1.99829E-2 5.5313E-3 5.75549E-4 4.82625E-4 9.04051E-4 5.03444E-4 3.35579E-4 3.9751E-4 5.84302E-4 7.62063E-4 1.39223E-3 1.81956E-2 1.88816E-2 8.54337E-3 1.20898E-2 9.33801E-3 4.81257E-3 2.50395E-3 2.62157E-3 2.09675E-3 1.43686E-3 1.1602E-3 9.85716E-4 1.18319E-3
-9999 -9999 -9999 -9999 -9999 -9999 -9999 -9999 -9999 -9999 -9999 -9999 -9999 -9999 -9999 -9999 -9999 -9999 -9999 -9999 -9999 -9999 5.96978E-4 6.14041E-4 5.00735E-4 3.14251E-4 3.59165E-4 4.30846E-4 7.26242E-4 1.37735E-3 8.32171E-2 1.55444E-1 2.1067E-1 9.59509E-2 8.21371E-2 7.51872E-2 8.47091E-2 6.58038E-2 3.56588E-2 1.64483E-2 1.18099E-2 8.5329E-3 1.44227E-2 7.87664E-3 9.45361E-4 4.08919E-4 4.71758E-4 1.56377E-3 7.32536E-4 4.23221E-4 5.47288E-4 7.30228E-4 2.48923E-3 1.91098E-2 1.57064E-2 2.84919E-3 1.46401E-2 1.02962E-2 4.02355E-3 1.97991E-3 2.06089E-3 1.75898E-3 1.31323E-3 1.02191E-3 9.22691E-4 1.16788E-3
-9999 -9999 -9999 -9999 -9999 -9999 -9999 -9999 -9999 -9999 -9999 -9999 -9999 -9999 -9999 -9999 -9999 -9999 -9999 -9999 -9999 -9999 6.19729E-4 5.87262E-4 4.36596E-4 3.97865E-4 4.74061E-4 5.07272E-4 6.57617E-4 1.52783E-3 9.84109E-2 1.52888E-1 1.47343E-1 9.45609E-2 9.32739E-2 6.00126E-2 9.09712E-2 3.69096E-2 1.68403E-2 4.28637E-3 4.85961E-3 3.51268E-3 2.44485E-2 8.58015E-3 1.72951E-3 6.49913E-4 1.83776E-3 6.20565E-3 2.44454E-3 6.70688E-4 7.81916E-4 9.5463E-4 8.38702E-3 1.32991E-2 3.84059E-3 1.43124E-3 1.43483E-2 5.40005E-3 1.99102E-3 1.51183E-3 1.58437E-3 1.51537E-3 1.21073E-3 9.70012E-4 9.12571E-4 1.14255E-3
-9999 -9999 -9999 -9999 -9999 -9999 -9999 -9999 -9999 -9999 -9999 -9999 -9999 -9999 -9999 -9999 -9999 -9999 -9999 -9999 -9999 6.24809E-4 8.34125E-4 6.07207E-4 4.72259E-4 4.02392E-4 4.10192E-4 4.63899E-4 7.10732E-4 1.60646E-3 1.02745E-1 1.52461E-1 1.11957E-1 1.17444E-1 6.03365E-2 4.7423E-2 5.58209E-2 2.93366E-2 9.39253E-3 4.6484E-3 2.95353E-3 2.2147E-3 2.63297E-2 9.68509E-3 4.95116E-3 8.48897E-4 6.8995E-3 2.25721E-2 2.68014E-3 8.72809E-4 1.14858E-3 2.79431E-3 1.19086E-2 1.69381E-3 1.06177E-3 1.81129E-3 8.22857E-3 2.90813E-3 1.43764E-3 1.29529E-3 1.30286E-3 1.29595E-3 1.10293E-3 9.11748E-4 8.86654E-4 1.12245E-3
-9999 -9999 -9999 -9999 -9999 -9999 -9999 -9999 -9999 -9999 -9999 -9999 -9999 -9999 -9999 -9999 -9999 -9999 -9999 -9999 5.31987E-4 5.28764E-4 6.50487E-4 5.02104E-4 3.97825E-4 3.40537E-4 4.42918E-4 4.95625E-4 6.27949E-4 1.00903E-3 1.01561E-1 1.48826E-1 1.09153E-1 9.99936E-2 5.02052E-2 5.52706E-2 3.78835E-2 3.3619E-2 3.23726E-2 9.97139E-3 1.71116E-3 4.28257E-3 3.29737E-2 3.55319E-2 4.34818E-3 6.41043E-4 1.05141E-2 1.88913E-2 2.86811E-3 3.00951E-3 1.75118E-3 1.31976E-3 7.18299E-4 6.69186E-4 8.88087E-4 1.2154E-3 1.02636E-2 2.16958E-3 1.15885E-3 1.12889E-3 1.16481E-3 1.14264E-3 9.90803E-4 9.49683E-4 1.14267E-3 1.24329E-3
-9999 -9999 -9999 -9999 -9999 -9999 -9999 -9999 -9999 -9999 -9999 -9999 -9999 -9999 -9999 -9999 -9999 -9999 -9999 -9999 4.25398E-4 5.74829E-4 5.84703E-4 4.12568E-4 2.79731E-4 2.60863E-4 5.536E-4 9.39764E-4 1.25271E-3 1.54032E-3 1.29059E-1 1.6517E-1 1.13074E-1 7.44704E-2 4.61526E-2 3.65435E-2 6.26905E-2 2.24619E-2 2.72456E-2 6.77148E-3 1.49486E-3 4.68308E-3 3.9958E-2 4.58169E-2 4.71415E-3 6.18526E-4 7.89344E-3 6.51389E-3 5.38832E-3 4.7413E-3 7.37646E-4 6.0248E-4 5.8985E-4 5.89989E-4 7.30765E-4 8.1003E-4 4.34643E-3 1.88369E-3 1.0517E-3 1.02129E-3 1.06804E-3 1.0457E-3 1.16477E-3 1.19836E-3 1.2799E-3 1.52849E-3
-9999 -9999 -9999 -9999 -9999 -9999 -9999 -9999 -9999 -9999 -9999 -9999 -9999 -9999 -9999 -9999 -9999 -9999 -9999 -9999 3.94711E-4 4.88462E-4 5.61548E-4 4.47099E-4 3.32369E-4 2.38306E-4 7.82812E-4 1.15222E-3 1.8421E-3 2.26254E-3 1.37915E-1 1.51469E-1 8.81932E-2 1.10017E-1 4.88673E-2 3.87796E-2 6.35407E-2 1.23938E-2 6.57624E-3 6.95631E-3 1.35552E-3 2.60126E-3 1.126E-2 1.22282E-2 1.81999E-3 5.46803E-4 4.84898E-3 4.9333E-3 8.49103E-3 9.56622E-4 6.11361E-4 5.82309E-4 5.55528E-4 5.5833E-4 5.63399E-4 6.96681E-4 2.1993E-3 1.23091E-3 9.39528E-4 9.6464E-4 1.01276E-3 1.19713E-3 1.23281E-3 1.23029E-3 1.65126E-3 2.47488E-3
-9999 -9999 -9999 -9999 -9999 -9999 -9999 -9999 -9999 -9999 -9999 -9999 -9999 -9999 -9999 -9999 -9999 -9999 -9999 -9999 -9999 4.73172E-4 4.90757E-4 6.02743E-4 3.71078E-4 2.58589E-4 8.27212E-4 1.27739E-3 1.20972E-3 2.33957E-3 1.07014E-1 1.27102E-1 8.20678E-2 8.78268E-2 4.36484E-2 4.56216E-2 4.79185E-2 8.89436E-3 2.3667E-3 5.14526E-3 1.06788E-3 1.33941E-3 2.79735E-3 6.70598E-3 2.70827E-3 5.47584E-4 8.56682E-4 7.31898E-3 1.92495E-3 5.68246E-4 5.3863E-4 5.80508E-4 5.6841E-4 5.5809E-4 5.471E-4 6.47118E-4 1.21645E-3 1.05269E-3 9.07292E-4 8.83583E-4 1.01348E-3 1.26694E-3 1.15892E-3 1.34449E-3 1.68642E-3 2.73219E-3
-9999 -9999 -9999 -9999 -9999 -9999 -9999 -9999 -9999 -9999 -9999 -9999 -9999 -9999 -9999 -9999 -9999 -9999 -9999 -9999 4.59789E-4 6.29833E-4 4.80022E-4 4.60433E-4 2.67276E-4 3.01921E-4 6.27441E-4 1.69022E-3 1.7728E-3 1.70335E-3 1.2042E-1 1.23239E-1 8.64882E-2 1.4921E-1 3.63393E-2 6.07667E-2 4.66304E-2 1.49636E-2 1.55052E-3 1.10411E-3 6.97056E-4 9.49451E-4 1.65533E-3 4.76098E-3 7.79474E-3 6.87045E-4 5.28877E-4 6.22332E-3 1.13245E-3 5.19405E-4 5.20082E-4 5.25664E-4 5.30002E-4 6.97975E-4 9.92589E-4 7.32652E-4 8.85894E-4 9.02379E-4 8.57896E-4 9.70334E-4 1.41482E-3 1.33477E-3 1.17602E-3 1.32886E-3 2.25164E-3 3.79322E-3
-9999 -9999 -9999 -9999 -9999 -9999 -9999 -9999 -9999 -9999 -9999 -9999 -9999 -9999 -9999 -9999 -9999 -9999 -9999 -9999 -9999 5.12745E-4 4.11127E-4 4.83576E-4 2.4606E-4 2.10299E-4 6.40748E-4 9.35008E-4 2.08211E-3 1.9227E-3 1.2172E-1 8.78661E-2 1.02372E-1 1.36908E-1 3.80823E-2 3.21916E-2 3.49255E-2 1.4032E-2 7.58727E-3 8.02578E-4 7.40314E-4 8.12813E-4 1.75053E-3 2.68627E-3 8.1331E-3 5.5852E-3 7.04584E-4 3.44571E-3 8.9095E-4 5.17027E-4 5.27201E-4 5.07408E-4 7.09735E-4 8.76771E-4 1.32811E-3 9.67967E-4 8.85738E-4 8.98024E-4 1.01542E-3 1.44844E-3 1.59086E-3 1.79549E-3 1.38649E-3 1.46679E-3 3.23342E-3 5.60865E-3
-9999 -9999 -9999 -9999 -9999 -9999 -9999 -9999 -9999 -9999 -9999 -9999 -9999 -9999 -9999 -9999 -9999 -9999 -9999 -9999 -9999 4.67212E-4 3.75628E-4 4.19556E-4 3.82869E-4 2.12262E-4 3.96014E-4 9.00402E-4 1.13474E-3 1.18847E-3 1.28652E-1 9.24638E-2 1.38756E-1 6.55161E-2 1.74543E-2 1.52879E-2 2.70196E-2 1.12336E-2 7.53245E-3 8.07288E-4 5.62701E-4 1.67342E-3 1.9498E-3 2.40172E-3 4.81947E-3 5.57022E-3 1.55534E-3 8.475E-4 6.13543E-4 5.43569E-4 7.1346E-4 6.76017E-4 7.35607E-4 1.43792E-3 1.30995E-3 9.98578E-4 9.69805E-4 1.04139E-3 1.4208E-3 1.68526E-3 2.24304E-3 3.44582E-3 1.98894E-3 2.43115E-3 5.26522E-3 8.76504E-3
-9999 -9999 -9999 -9999 -9999 -9999 -9999 -9999 -9999 -9999 -9999 -9999 -9999 -9999 -9999 -9999 -9999 -9999 -9999 -9999 -9999 7.50795E-4 1.02323E-3 3.62988E-3 4.1717E-3 3.17602E-3 1.80209E-2 3.7556E-2 8.43604E-2 6.138E-2 1.3363E-1 1.42303E-1 9.61884E-2 2.8627E-2 8.47419E-3 6.82471E-3 1.84728E-2 3.40524E-3 1.89664E-3 5.37266E-4 4.29818E-4 8.93262E-4 1.97505E-3 2.25241E-3 3.56033E-3 1.81117E-3 2.29281E-3 6.9067E-4 5.69266E-4 7.01478E-4 7.74213E-4 8.00721E-4 1.02239E-3 1.17796E-3 1.15816E-3 9.93873E-4 1.49426E-3 1.91292E-3 2.14214E-3 2.35025E-3 2.57842E-3 2.78615E-3 2.15125E-3 3.62219E-3 1.05177E-2 9.554E-3
-9999 -9999 -9999 -9999 -9999 -9999 -9999 -9999 -9999 -9999 -9999 -9999 -9999 -9999 -9999 -9999 -9999 -9999 -9999 -9999 5.06341E-4 7.31222E-4 1.86559E-3 5.3684E-3 5.29167E-3 1.00172E-2 2.88677E-2 5.20957E-2 8.78135E-2 8.20577E-2 1.44129E-1 1.59519E-1 7.06666E-2 2.15945E-2 7.97589E-3 5.79203E-3 6.15462E-3 1.28159E-3 1.11167E-3 4.9573E-4 4.22372E-4 4.55513E-4 3.03628E-3 2.8861E-3 1.53222E-3 1.21858E-3 1.09504E-3 8.73947E-4 8.32279E-4 7.94287E-4 1.27089E-3 1.4641E-3 1.36255E-3 1.25571E-3 1.12024E-3 1.03968E-3 1.68281E-3 2.21497E-3 2.06008E-3 1.64048E-3 1.85471E-3 1.9241E-3 2.46866E-3 4.16287E-3 1.24454E-2 1.0692E-2
