Leopardus tigrinus/Leopardus_tigrinus_projection 2041-2060.asc
ncols         515
nrows         545
xllcorner     -119.0
yllcorner     -58.333333333333
cellsize      0.166666666667
NODATA_value  -9999
[rows 319 to 347 of 545, columns 330 to 395 of 515]
4.56306E-2 6.58733E-2 6.67436E-2 2.72217E-2 1.12283E-2 8.95063E-3 5.69388E-3 4.94754E-3 4.32297E-3 3.73671E-3 3.64908E-3 4.24643E-3 5.03604E-3 4.98337E-3 4.94161E-3 5.27435E-3 5.47843E-3 5.4413E-3 5.55259E-3 5.69508E-3 5.53524E-3 5.89031E-3 6.00006E-3 6.13645E-3 6.36062E-3 6.85868E-3 7.28757E-3 7.93193E-3 8.49773E-3 9.57575E-3 1.06455E-2 1.20728E-2 1.33631E-2 1.50557E-2 1.77321E-2 1.98977E-2 2.25166E-2 2.416E-2 3.0636E-2 3.51364E-2 3.60393E-2 4.6763E-2 8.49372E-2 9.44881E-2 5.9281E-2 5.89649E-2 4.60109E-2 3.85291E-2 3.97071E-2 4.43016E-2 5.52551E-2 6.06836E-2 5.99302E-2 7.14445E-2 1.00856E-1 1.25898E-1 1.36025E-1 1.53106E-1 1.45577E-1 1.37037E-1 1.15411E-1 1.07991E-1 8.71511E-2 8.07395E-2 8.80547E-2 8.66315E-2
2.8217E-2 3.01793E-2 3.56046E-2 2.36257E-2 7.05087E-3 7.46585E-3 5.10469E-3 4.29901E-3 3.66898E-3 3.22252E-3 3.08425E-3 3.60892E-3 4.12936E-3 4.34193E-3 4.58292E-3 4.81333E-3 4.97665E-3 5.05535E-3 5.10661E-3 5.00802E-3 5.17097E-3 5.32035E-3 5.62174E-3 5.56385E-3 6.00125E-3 6.26696E-3 6.74608E-3 7.2687E-3 7.83993E-3 8.70375E-3 1.03821E-2 1.16168E-2 1.31056E-2 1.47758E-2 1.74826E-2 1.88126E-2 2.16468E-2 2.33628E-2 2.74352E-2 3.17923E-2 3.84863E-2 4.11865E-2 7.70433E-2 1.2364E-1 8.7352E-2 5.76699E-2 4.53808E-2 3.93685E-2 4.32717E-2 5.04655E-2 5.6181E-2 7.88942E-2 8.45251E-2 9.32921E-2 1.30341E-1 1.18488E-1 1.11278E-1 1.41107E-1 1.19323E-1 1.14044E-1 1.03769E-1 1.18186E-1 9.35687E-2 8.05215E-2 7.83213E-2 8.67634E-2
1.69006E-2 1.55143E-2 2.35255E-2 1.32441E-2 5.38174E-3 6.58618E-3 4.39861E-3 3.5264E-3 3.1424E-3 2.89105E-3 2.66921E-3 2.9259E-3 3.51821E-3 3.99607E-3 4.23784E-3 4.31291E-3 4.51968E-3 4.67139E-3 4.54233E-3 4.63859E-3 4.74947E-3 4.81008E-3 5.24789E-3 5.26297E-3 5.66247E-3 5.9105E-3 6.44329E-3 6.79474E-3 7.41838E-3 8.30051E-3 9.82198E-3 1.10706E-2 1.27843E-2 1.44609E-2 1.65644E-2 1.90098E-2 2.05168E-2 2.10921E-2 2.47422E-2 3.33575E-2 5.58892E-2 4.04171E-2 6.4171E-2 1.15653E-1 8.83095E-2 5.31532E-2 4.3218E-2 4.63706E-2 4.66026E-2 5.28261E-2 7.73035E-2 9.13872E-2 1.2183E-1 1.07149E-1 9.87817E-2 1.14762E-1 1.35536E-1 1.12095E-1 1.16082E-1 1.08488E-1 1.09046E-1 1.03811E-1 1.04059E-1 9.12214E-2 7.75779E-2 7.49404E-2
2.74755E-2 1.3514E-2 1.64072E-2 5.21875E-3 4.01426E-3 5.36067E-3 4.3555E-3 2.953E-3 2.66512E-3 2.56494E-3 2.49606E-3 2.60828E-3 3.05723E-3 3.39676E-3 3.39307E-3 3.84822E-3 3.91151E-3 4.19443E-3 4.16773E-3 4.38291E-3 4.57407E-3 4.65428E-3 5.05471E-3 5.3554E-3 5.3275E-3 5.63006E-3 5.94828E-3 6.41762E-3 6.9948E-3 7.91175E-3 8.80403E-3 1.03586E-2 1.21381E-2 1.31181E-2 1.52178E-2 1.74162E-2 1.97829E-2 2.0839E-2 2.61365E-2 3.01915E-2 3.679E-2 4.11981E-2 7.11418E-2 1.09999E-1 6.52339E-2 5.13784E-2 4.48053E-2 5.48105E-2 4.937E-2 5.6934E-2 1.07179E-1 1.00318E-1 9.44787E-2 1.00963E-1 8.99349E-2 8.91631E-2 1.27041E-1 1.1849E-1 1.08033E-1 1.09276E-1 9.67868E-2 9.57814E-2 9.95825E-2 8.60721E-2 8.40778E-2 7.06138E-2
7.13541E-2 2.33583E-2 2.42533E-2 5.39254E-3 3.69943E-3 4.57574E-3 3.76327E-3 2.66398E-3 2.44679E-3 2.27332E-3 2.35021E-3 2.44371E-3 2.62015E-3 2.88975E-3 3.34315E-3 3.56847E-3 3.51892E-3 3.6533E-3 3.90387E-3 4.3013E-3 4.73496E-3 4.89111E-3 5.06326E-3 4.93106E-3 5.04785E-3 5.14002E-3 5.73692E-3 5.85466E-3 6.40394E-3 7.18706E-3 8.24616E-3 9.87441E-3 1.19805E-2 1.37386E-2 1.50409E-2 1.65055E-2 2.0328E-2 2.21358E-2 2.5209E-2 3.41714E-2 6.35967E-2 5.08139E-2 6.94585E-2 9.18203E-2 5.47452E-2 4.86733E-2 4.64514E-2 5.0261E-2 5.62182E-2 7.5353E-2 1.02834E-1 9.64968E-2 8.19823E-2 8.21244E-2 8.25611E-2 8.08277E-2 9.12886E-2 1.09333E-1 1.01701E-1 9.43543E-2 9.54565E-2 8.98993E-2 8.70173E-2 8.49669E-2 8.29473E-2 7.02936E-2
1.07238E-1 3.73053E-2 2.63617E-2 6.33698E-3 5.02356E-3 4.38077E-3 2.93048E-3 2.50957E-3 2.41165E-3 2.26724E-3 2.23907E-3 2.37237E-3 2.457E-3 2.70455E-3 3.09238E-3 3.43851E-3 3.59858E-3 3.7085E-3 4.05846E-3 4.49105E-3 4.76849E-3 4.70109E-3 4.76075E-3 4.88325E-3 4.7885E-3 4.77751E-3 5.09709E-3 5.67826E-3 6.14599E-3 6.80897E-3 8.30458E-3 9.95666E-3 1.15508E-2 1.31771E-2 1.47661E-2 1.66864E-2 1.89878E-2 2.0846E-2 3.35443E-2 3.47714E-2 6.61055E-2 4.98694E-2 5.8577E-2 7.78846E-2 6.04041E-2 5.28966E-2 5.44529E-2 5.14197E-2 5.86084E-2 8.72327E-2 1.10146E-1 9.12308E-2 8.47834E-2 7.06039E-2 7.71205E-2 8.44457E-2 7.8602E-2 7.96218E-2 9.16286E-2 9.01196E-2 8.14942E-2 8.62848E-2 8.12714E-2 7.43318E-2 7.22708E-2 7.11526E-2
7.17031E-2 4.00968E-2 1.56517E-2 7.50345E-3 5.81996E-3 3.98947E-3 3.10219E-3 2.45453E-3 2.37592E-3 2.30734E-3 2.28128E-3 2.33632E-3 2.44096E-3 2.67438E-3 3.00305E-3 3.20325E-3 3.58145E-3 3.79134E-3 4.01739E-3 4.30992E-3 4.48439E-3 4.22194E-3 4.41356E-3 4.68156E-3 4.37507E-3 4.52466E-3 4.46759E-3 5.05306E-3 5.90157E-3 6.7797E-3 7.86726E-3 9.17939E-3 1.11602E-2 1.27642E-2 1.43932E-2 1.65499E-2 1.83817E-2 1.97971E-2 2.84161E-2 3.40115E-2 4.63541E-2 4.20596E-2 6.61882E-2 6.31399E-2 4.84802E-2 5.51465E-2 6.52009E-2 5.86736E-2 7.73895E-2 1.10459E-1 1.07284E-1 9.21865E-2 8.05752E-2 7.40899E-2 6.73382E-2 7.46826E-2 7.90849E-2 8.35071E-2 8.25714E-2 8.00051E-2 7.6381E-2 7.46754E-2 7.97572E-2 7.89554E-2 8.60319E-2 8.14315E-2
4.15085E-2 2.9146E-2 1.24316E-2 7.65968E-3 5.81414E-3 4.49857E-3 3.38282E-3 2.80757E-3 2.51541E-3 2.38221E-3 2.2146E-3 2.27433E-3 2.4607E-3 2.50862E-3 2.85476E-3 2.91998E-3 3.3461E-3 3.60532E-3 3.95114E-3 4.03227E-3 4.61878E-3 4.31161E-3 4.08742E-3 4.18867E-3 3.97292E-3 4.15054E-3 4.16499E-3 4.78081E-3 5.24653E-3 5.8007E-3 7.33345E-3 8.60897E-3 1.04028E-2 1.24089E-2 1.46998E-2 1.65481E-2 1.81067E-2 1.92732E-2 2.80942E-2 3.41214E-2 3.42282E-2 4.50173E-2 5.27237E-2 4.89707E-2 4.53852E-2 4.77082E-2 5.48142E-2 7.776E-2 1.08801E-1 1.30533E-1 1.07793E-1 7.96672E-2 6.7912E-2 6.92364E-2 6.82035E-2 6.84822E-2 7.12824E-2 7.43422E-2 8.26363E-2 7.44303E-2 7.04627E-2 6.92359E-2 7.135E-2 7.64085E-2 7.60903E-2 7.78332E-2
2.50309E-2 2.29401E-2 1.35718E-2 7.27112E-3 5.46718E-3 5.15588E-3 3.7957E-3 3.11716E-3 2.60851E-3 2.35368E-3 2.21405E-3 2.2035E-3 2.41051E-3 2.58645E-3 2.73194E-3 2.9592E-3 3.17701E-3 3.52414E-3 3.68631E-3 3.80254E-3 4.0915E-3 4.01697E-3 3.97168E-3 3.97111E-3 3.68566E-3 3.74972E-3 3.66518E-3 4.04381E-3 4.58805E-3 5.70264E-3 6.69853E-3 8.38482E-3 1.0617E-2 1.26593E-2 1.44182E-2 1.59798E-2 1.91305E-2 1.93807E-2 2.6479E-2 2.84884E-2 3.02817E-2 3.75274E-2 4.78729E-2 4.365E-2 4.26374E-2 4.53997E-2 5.69302E-2 7.57534E-2 1.20042E-1 1.12607E-1 9.22382E-2 8.02185E-2 7.10256E-2 7.72487E-2 7.22817E-2 7.43853E-2 7.37523E-2 7.34179E-2 7.51254E-2 8.13165E-2 7.35435E-2 6.31298E-2 6.62411E-2 7.82154E-2 7.02365E-2 7.20985E-2
2.72908E-2 2.1139E-2 9.1704E-3 7.06459E-3 6.01668E-3 5.14249E-3 4.20367E-3 3.09564E-3 2.64151E-3 2.29808E-3 2.1758E-3 2.13142E-3 2.30011E-3 2.35591E-3 2.76188E-3 3.03548E-3 3.08751E-3 3.4417E-3 3.51015E-3 3.43954E-3 3.69733E-3 3.85404E-3 3.76691E-3 3.53016E-3 3.40914E-3 3.37949E-3 3.50615E-3 3.96123E-3 4.75864E-3 5.53613E-3 7.01098E-3 8.66737E-3 1.04426E-2 1.20557E-2 1.40829E-2 1.66598E-2 1.87214E-2 1.94196E-2 2.86734E-2 2.62322E-2 2.67228E-2 3.23107E-2 3.93427E-2 4.07082E-2 4.14832E-2 5.18969E-2 6.13511E-2 6.69658E-2 1.24772E-1 1.15846E-1 1.0106E-1 7.52049E-2 6.74465E-2 6.38062E-2 7.26153E-2 7.82548E-2 8.12685E-2 7.84388E-2 7.98636E-2 7.91213E-2 6.85955E-2 6.4362E-2 5.86619E-2 6.53042E-2 6.29829E-2 6.21187E-2
2.39571E-2 1.3665E-2 8.13777E-3 7.60479E-3 6.11314E-3 5.34768E-3 4.65494E-3 3.47484E-3 2.55656E-3 2.43543E-3 2.12442E-3 2.17318E-3 2.16759E-3 2.46331E-3 2.62312E-3 2.87555E-3 3.07836E-3 3.19773E-3 3.25316E-3 3.48978E-3 3.50864E-3 3.44614E-3 3.66738E-3 3.46138E-3 3.10495E-3 3.13196E-3 3.37304E-3 3.92202E-3 4.47435E-3 5.50435E-3 6.83642E-3 8.12162E-3 9.86921E-3 1.13618E-2 1.37103E-2 1.61663E-2 1.79644E-2 1.91799E-2 2.72657E-2 3.6034E-2 3.27334E-2 3.86714E-2 4.04919E-2 3.86035E-2 4.30519E-2 5.15116E-2 7.21633E-2 8.85446E-2 1.09388E-1 1.31618E-1 1.03629E-1 8.62699E-2 7.73009E-2 6.49413E-2 6.5121E-2 7.10015E-2 7.55686E-2 8.54489E-2 8.30199E-2 7.44914E-2 7.10938E-2 6.5438E-2 5.65928E-2 5.45323E-2 5.28419E-2 5.39767E-2
1.88868E-2 9.12462E-3 6.416E-3 6.02438E-3 6.05872E-3 5.50371E-3 4.66266E-3 3.7508E-3 2.74988E-3 2.17232E-3 2.20864E-3 2.1081E-3 2.2431E-3 2.37033E-3 2.71332E-3 2.7261E-3 2.79321E-3 2.94508E-3 3.06873E-3 3.05945E-3 3.14697E-3 3.23514E-3 3.27449E-3 3.23432E-3 3.25535E-3 3.22155E-3 3.39205E-3 3.78621E-3 4.60838E-3 5.42513E-3 6.52491E-3 7.78246E-3 9.39333E-3 1.09917E-2 1.28066E-2 1.53525E-2 1.76596E-2 2.03575E-2 2.73995E-2 4.27141E-2 4.47251E-2 4.36993E-2 3.53549E-2 3.50755E-2 4.03681E-2 5.64292E-2 5.75793E-2 6.2391E-2 8.43586E-2 1.11331E-1 1.08686E-1 9.74542E-2 8.84435E-2 8.64487E-2 8.25266E-2 8.34499E-2 8.5489E-2 8.46031E-2 7.35364E-2 6.86947E-2 6.36117E-2 5.85983E-2 4.89277E-2 4.91441E-2 4.99043E-2 5.57599E-2
1.23265E-2 6.32605E-3 5.75864E-3 5.77225E-3 5.61794E-3 5.06888E-3 4.5421E-3 3.93076E-3 3.09819E-3 2.46516E-3 2.14445E-3 2.1481E-3 2.40203E-3 2.49898E-3 2.58145E-3 2.64502E-3 2.68648E-3 2.88354E-3 2.87825E-3 3.02307E-3 2.98877E-3 2.9665E-3 3.09176E-3 3.16105E-3 3.11083E-3 3.33012E-3 3.69016E-3 3.96581E-3 4.61658E-3 5.26163E-3 6.40373E-3 7.46693E-3 9.18886E-3 1.06538E-2 1.27185E-2 1.46846E-2 1.70199E-2 1.87675E-2 2.34483E-2 2.97432E-2 3.43549E-2 3.4006E-2 3.12986E-2 3.39664E-2 3.57565E-2 4.3868E-2 7.46971E-2 7.21444E-2 7.13685E-2 7.18178E-2 1.0884E-1 9.01263E-2 8.2906E-2 7.66843E-2 7.13198E-2 7.34653E-2 7.27866E-2 7.35857E-2 7.21338E-2 6.45266E-2 5.80854E-2 5.16209E-2 4.94406E-2 4.8753E-2 5.02129E-2 5.76481E-2
7.36873E-3 4.91989E-3 5.08894E-3 5.5346E-3 5.21453E-3 4.75062E-3 4.59054E-3 4.06456E-3 3.33993E-3 2.78947E-3 2.45779E-3 2.46564E-3 2.54064E-3 2.56751E-3 2.64613E-3 2.68762E-3 2.7483E-3 2.76413E-3 2.63787E-3 2.87918E-3 3.06923E-3 3.20784E-3 3.30086E-3 3.34562E-3 3.47629E-3 3.3906E-3 3.64262E-3 4.1881E-3 4.57733E-3 5.11955E-3 6.10105E-3 7.06357E-3 8.57142E-3 1.00193E-2 1.21658E-2 1.43702E-2 1.6102E-2 1.81779E-2 2.01963E-2 2.30315E-2 2.33418E-2 2.76417E-2 2.98575E-2 3.31059E-2 3.51837E-2 4.93158E-2 7.37627E-2 5.23048E-2 5.84668E-2 6.35772E-2 1.02668E-1 8.10728E-2 6.91506E-2 6.67566E-2 6.28445E-2 5.94449E-2 5.6875E-2 6.25459E-2 6.49881E-2 6.1222E-2 5.65397E-2 4.91857E-2 5.40768E-2 5.37304E-2 4.93823E-2 5.52525E-2
5.39366E-3 5.27694E-3 5.3545E-3 5.13198E-3 4.87758E-3 4.40917E-3 4.54649E-3 4.11227E-3 3.63117E-3 3.19606E-3 2.83129E-3 2.70573E-3 2.68762E-3 2.64356E-3 2.76146E-3 2.76397E-3 2.76636E-3 2.73577E-3 2.81998E-3 2.83847E-3 2.83146E-3 2.91211E-3 3.07108E-3 3.27989E-3 3.5155E-3 3.53336E-3 3.64699E-3 4.3993E-3 4.89438E-3 5.08549E-3 6.00845E-3 6.45049E-3 8.11722E-3 9.22562E-3 1.1639E-2 1.41031E-2 1.56664E-2 1.85907E-2 1.93773E-2 2.10092E-2 2.25635E-2 2.37675E-2 2.67688E-2 3.22542E-2 4.15899E-2 4.74353E-2 4.90429E-2 6.23048E-2 5.83638E-2 5.81909E-2 9.19455E-2 7.9731E-2 7.83096E-2 7.33476E-2 6.92598E-2 6.28759E-2 5.71634E-2 5.63219E-2 5.59552E-2 5.58083E-2 5.23019E-2 4.70876E-2 4.81887E-2 4.52442E-2 4.35761E-2 4.63594E-2
4.69494E-3 5.1566E-3 5.18719E-3 4.7042E-3 4.58219E-3 4.58395E-3 4.46921E-3 3.9427E-3 3.53548E-3 3.30854E-3 3.00007E-3 2.89E-3 2.99285E-3 2.81921E-3 2.78588E-3 2.77076E-3 2.79905E-3 2.71112E-3 2.82191E-3 2.75279E-3 2.7776E-3 2.93645E-3 3.14774E-3 3.33524E-3 3.6201E-3 3.72731E-3 3.86934E-3 4.60724E-3 4.92989E-3 5.50691E-3 5.89999E-3 6.56348E-3 7.57332E-3 9.88219E-3 1.15212E-2 1.32616E-2 1.5509E-2 1.74109E-2 1.98433E-2 2.21404E-2 2.46352E-2 2.62408E-2 3.45672E-2 4.24091E-2 3.7351E-2 4.34995E-2 4.25784E-2 4.57579E-2 4.85478E-2 5.84912E-2 8.83291E-2 8.13261E-2 7.68551E-2 5.9638E-2 6.18427E-2 6.2706E-2 6.56062E-2 6.15047E-2 5.88283E-2 5.53045E-2 4.79403E-2 4.5682E-2 4.42864E-2 4.35272E-2 4.28461E-2 4.4831E-2
4.20554E-3 4.89049E-3 5.1707E-3 4.85968E-3 4.71192E-3 4.56201E-3 4.41033E-3 3.81097E-3 3.4478E-3 3.37417E-3 3.27287E-3 3.21744E-3 3.10147E-3 3.1666E-3 3.06982E-3 2.80158E-3 2.9088E-3 2.86992E-3 2.82994E-3 2.8362E-3 2.71241E-3 2.82345E-3 3.13477E-3 3.40408E-3 3.82028E-3 4.27725E-3 4.71955E-3 5.47545E-3 5.46543E-3 5.19938E-3 5.18868E-3 5.85354E-3 7.10857E-3 8.93107E-3 1.02972E-2 1.16383E-2 1.39562E-2 1.65263E-2 1.88511E-2 2.08656E-2 2.34912E-2 2.45401E-2 2.88535E-2 2.95705E-2 3.43986E-2 3.9211E-2 5.24315E-2 5.16302E-2 5.27565E-2 7.00374E-2 7.30507E-2 5.96214E-2 6.01125E-2 5.48396E-2 5.41762E-2 5.79308E-2 5.81099E-2 5.6348E-2 5.20206E-2 4.9158E-2 4.67948E-2 4.16895E-2 3.86236E-2 4.03388E-2 4.00911E-2 4.42708E-2
6.51424E-3 5.62415E-3 4.76504E-3 4.90208E-3 4.7658E-3 4.45158E-3 4.24071E-3 3.82512E-3 3.44073E-3 3.31746E-3 3.26393E-3 3.35536E-3 3.29801E-3 3.35383E-3 3.21592E-3 3.29601E-3 2.99023E-3 2.98857E-3 3.02156E-3 2.74412E-3 2.71985E-3 2.86472E-3 3.15561E-3 3.52091E-3 3.88528E-3 4.60005E-3 4.92781E-3 6.11294E-3 6.09643E-3 5.7383E-3 5.37969E-3 6.02846E-3 7.31776E-3 8.73756E-3 9.59344E-3 1.11176E-2 1.33977E-2 1.53721E-2 1.77985E-2 1.9273E-2 1.93225E-2 2.45786E-2 3.32066E-2 3.51836E-2 3.29043E-2 3.88504E-2 4.42953E-2 4.90869E-2 4.21157E-2 5.34404E-2 6.33202E-2 5.27469E-2 6.13505E-2 5.75049E-2 5.61854E-2 5.02991E-2 5.39022E-2 5.44278E-2 5.16797E-2 4.43195E-2 3.99329E-2 3.78078E-2 2.9997E-2 3.20132E-2 3.27557E-2 4.04645E-2
7.35703E-3 4.97573E-3 4.28555E-3 4.36795E-3 4.47567E-3 4.48034E-3 3.99696E-3 3.57773E-3 3.45876E-3 3.38318E-3 3.35894E-3 3.4942E-3 3.54834E-3 3.50671E-3 3.48109E-3 3.49986E-3 3.38077E-3 3.17676E-3 3.01151E-3 3.06423E-3 2.80375E-3 3.09619E-3 3.31205E-3 3.60621E-3 3.96633E-3 4.73249E-3 5.01748E-3 5.96111E-3 6.3104E-3 6.19071E-3 6.18119E-3 6.32193E-3 7.28919E-3 8.30494E-3 9.68885E-3 1.08576E-2 1.24706E-2 1.39635E-2 1.5836E-2 1.62368E-2 1.66949E-2 1.98303E-2 2.58326E-2 2.61208E-2 2.72568E-2 3.09259E-2 3.27466E-2 4.44202E-2 3.65557E-2 4.08396E-2 4.70053E-2 5.46692E-2 5.11114E-2 5.28055E-2 4.89181E-2 4.83306E-2 4.75961E-2 4.73164E-2 4.42505E-2 4.16126E-2 3.7788E-2 3.0853E-2 2.56798E-2 2.36921E-2 3.28721E-2 3.88564E-2
4.86175E-3 4.32387E-3 4.09855E-3 4.18794E-3 4.051E-3 3.66807E-3 3.9309E-3 3.57031E-3 3.35955E-3 3.34675E-3 3.41353E-3 3.45E-3 3.5825E-3 3.81661E-3 3.63334E-3 3.65214E-3 3.56403E-3 3.51164E-3 3.36345E-3 3.38606E-3 3.36656E-3 3.55244E-3 3.85259E-3 4.12619E-3 4.36981E-3 4.35255E-3 4.57626E-3 5.41609E-3 5.8751E-3 6.05621E-3 6.44588E-3 6.82461E-3 7.79805E-3 8.31996E-3 9.46283E-3 1.03793E-2 1.16957E-2 1.33979E-2 1.47464E-2 1.50601E-2 1.57916E-2 1.69198E-2 2.14458E-2 2.09145E-2 2.40629E-2 2.76725E-2 3.07009E-2 3.44558E-2 3.58608E-2 3.56121E-2 3.9422E-2 5.27043E-2 4.8707E-2 4.73289E-2 4.46163E-2 4.64615E-2 4.46418E-2 4.55423E-2 3.89084E-2 3.55384E-2 3.25275E-2 2.56836E-2 2.18105E-2 2.33654E-2 2.60105E-2 3.03878E-2
4.16548E-3 4.00428E-3 3.95115E-3 3.92637E-3 3.7156E-3 3.36275E-3 3.20343E-3 3.46016E-3 3.38856E-3 3.3473E-3 3.38524E-3 3.4265E-3 3.50114E-3 3.70497E-3 3.76323E-3 3.63176E-3 3.67316E-3 3.64162E-3 3.81555E-3 3.92888E-3 4.01325E-3 4.0551E-3 4.46305E-3 4.84438E-3 4.89637E-3 5.24016E-3 5.35779E-3 5.54612E-3 5.67014E-3 6.20058E-3 6.63028E-3 7.13007E-3 7.5973E-3 8.19238E-3 8.34458E-3 9.7723E-3 1.08225E-2 1.22518E-2 1.42278E-2 1.45009E-2 1.5667E-2 1.5576E-2 1.80748E-2 2.0336E-2 2.44782E-2 2.76921E-2 2.97525E-2 3.3634E-2 2.94004E-2 2.83463E-2 3.35325E-2 4.33528E-2 4.40292E-2 4.64386E-2 4.44458E-2 4.32795E-2 4.06383E-2 3.98278E-2 3.69121E-2 3.02401E-2 2.45563E-2 2.29188E-2 2.15009E-2 2.45139E-2 2.78659E-2 3.9462E-2
3.36681E-3 3.58452E-3 3.7362E-3 3.66172E-3 3.2526E-3 3.2249E-3 3.0531E-3 2.98608E-3 3.06964E-3 3.06275E-3 3.26069E-3 3.39314E-3 3.54112E-3 3.65861E-3 3.72319E-3 3.8389E-3 3.78527E-3 3.7707E-3 4.04216E-3 4.20947E-3 4.57638E-3 4.93378E-3 4.92432E-3 5.24302E-3 5.32999E-3 5.77759E-3 6.11807E-3 6.22279E-3 6.43688E-3 6.3666E-3 6.75111E-3 6.93722E-3 7.55825E-3 8.4319E-3 9.01191E-3 1.01374E-2 1.1521E-2 1.27077E-2 1.5234E-2 1.55313E-2 1.75349E-2 1.8443E-2 1.98234E-2 2.50982E-2 2.99959E-2 2.92435E-2 3.27217E-2 3.22646E-2 3.23477E-2 2.79237E-2 2.7629E-2 3.08202E-2 3.03921E-2 3.11653E-2 3.41111E-2 3.1553E-2 3.18812E-2 3.16151E-2 3.01022E-2 2.95218E-2 2.4888E-2 2.37344E-2 2.2121E-2 2.57102E-2 3.1166E-2 4.78142E-2
3.27568E-3 3.66359E-3 3.53338E-3 3.41804E-3 3.39346E-3 3.2458E-3 3.1833E-3 3.00801E-3 2.98654E-3 3.12602E-3 3.1713E-3 3.28548E-3 3.43998E-3 3.65872E-3 3.87011E-3 3.89014E-3 4.00356E-3 3.87759E-3 4.09703E-3 4.51169E-3 4.77514E-3 5.33802E-3 5.61423E-3 5.75344E-3 5.79176E-3 5.78554E-3 6.0491E-3 6.52248E-3 6.59371E-3 6.40367E-3 6.70015E-3 7.08299E-3 7.90479E-3 8.70036E-3 9.10176E-3 9.39166E-3 1.05418E-2 1.38977E-2 1.63443E-2 1.70694E-2 1.88917E-2 2.1197E-2 2.37338E-2 2.61974E-2 3.1761E-2 3.17446E-2 3.4404E-2 3.0278E-2 2.97916E-2 2.74944E-2 2.50173E-2 2.42456E-2 2.66808E-2 3.06672E-2 2.94324E-2 2.90169E-2 2.76925E-2 2.45107E-2 2.65802E-2 2.71052E-2 2.79818E-2 2.8107E-2 2.62202E-2 3.36672E-2 3.75569E-2 4.33387E-2
2.86135E-3 3.04625E-3 3.31079E-3 3.45068E-3 3.43616E-3 3.3073E-3 3.06541E-3 3.01356E-3 3.03738E-3 3.15131E-3 3.14725E-3 3.15336E-3 3.38549E-3 3.45067E-3 3.49403E-3 3.93888E-3 4.12727E-3 4.2359E-3 4.61138E-3 4.84324E-3 5.19561E-3 5.80929E-3 5.62473E-3 6.04704E-3 6.22139E-3 6.24958E-3 6.08344E-3 6.17796E-3 6.76258E-3 6.94327E-3 7.01216E-3 7.13878E-3 8.04855E-3 8.70299E-3 9.50981E-3 1.00267E-2 1.06733E-2 1.38214E-2 1.78576E-2 1.83234E-2 2.08574E-2 2.36152E-2 2.35588E-2 2.32124E-2 2.74011E-2 3.45774E-2 3.35467E-2 3.4088E-2 2.72188E-2 2.51706E-2 2.6855E-2 2.86379E-2 2.74738E-2 2.9733E-2 2.32436E-2 2.10562E-2 2.00836E-2 1.9829E-2 2.29321E-2 2.80356E-2 3.44442E-2 3.66514E-2 3.76416E-2 4.76337E-2 5.31485E-2 5.29057E-2
2.31263E-3 2.53258E-3 3.10135E-3 3.15643E-3 3.06832E-3 2.7414E-3 2.81297E-3 2.83749E-3 2.97457E-3 3.05961E-3 3.05679E-3 3.09231E-3 3.23444E-3 3.21496E-3 3.37548E-3 3.65822E-3 3.95316E-3 4.48604E-3 4.93816E-3 5.40487E-3 5.54287E-3 5.8335E-3 5.99986E-3 6.29117E-3 6.48089E-3 6.71406E-3 6.65677E-3 6.49726E-3 6.90537E-3 6.99226E-3 7.20511E-3 7.6858E-3 8.45787E-3 9.14365E-3 9.73248E-3 1.04355E-2 1.11172E-2 1.34946E-2 1.8429E-2 1.98119E-2 2.23518E-2 2.27017E-2 2.47478E-2 2.41281E-2 2.4634E-2 3.08364E-2 3.78609E-2 3.46492E-2 2.92912E-2 3.18187E-2 2.89995E-2 2.55982E-2 2.56846E-2 3.01949E-2 2.09142E-2 1.5865E-2 1.48863E-2 2.17767E-2 2.13256E-2 2.58285E-2 3.45933E-2 4.14372E-2 5.044E-2 5.76856E-2 6.84562E-2 6.05613E-2
2.00118E-3 2.35782E-3 2.6042E-3 2.71211E-3 2.74056E-3 2.64516E-3 2.88557E-3 2.88964E-3 2.98471E-3 2.97047E-3 2.92656E-3 2.97918E-3 3.02503E-3 3.02612E-3 3.26159E-3 3.501E-3 3.92885E-3 4.41147E-3 5.05672E-3 5.28997E-3 6.0163E-3 6.00337E-3 6.3417E-3 6.39837E-3 6.84751E-3 7.26858E-3 7.15588E-3 6.92972E-3 7.01447E-3 7.09018E-3 7.31436E-3 8.18263E-3 9.34257E-3 1.02592E-2 1.12623E-2 1.26707E-2 1.46551E-2 1.60934E-2 1.96819E-2 2.18164E-2 2.38774E-2 2.1849E-2 2.6019E-2 2.56311E-2 2.55817E-2 2.75033E-2 3.75121E-2 4.40271E-2 3.93864E-2 3.15937E-2 2.85224E-2 2.58871E-2 2.54556E-2 2.25413E-2 1.83021E-2 1.49118E-2 1.54027E-2 1.95701E-2 1.95912E-2 2.4567E-2 3.17754E-2 3.93545E-2 4.64597E-2 5.4089E-2 6.44503E-2 6.92386E-2
2.19941E-3 2.32145E-3 2.5237E-3 2.61897E-3 2.76412E-3 2.73882E-3 2.80428E-3 2.81532E-3 2.79132E-3 2.75905E-3 2.80493E-3 2.85278E-3 2.89034E-3 2.95947E-3 3.19598E-3 3.60598E-3 3.90419E-3 4.4108E-3 4.99526E-3 5.54853E-3 6.00121E-3 6.32831E-3 6.70417E-3 6.93795E-3 7.22675E-3 7.39655E-3 7.68532E-3 7.8707E-3 8.04752E-3 8.13029E-3 8.14583E-3 8.51088E-3 9.32723E-3 1.07447E-2 1.13668E-2 1.41873E-2 1.66909E-2 1.88573E-2 2.09585E-2 2.43536E-2 2.54557E-2 2.46028E-2 2.47753E-2 2.51332E-2 2.61106E-2 2.74001E-2 2.86795E-2 3.8485E-2 3.57639E-2 3.24401E-2 3.04153E-2 2.9101E-2 2.5075E-2 1.93415E-2 1.71875E-2 1.52596E-2 1.50856E-2 1.80292E-2 1.84451E-2 2.50613E-2 3.49506E-2 4.09168E-2 3.78835E-2 3.32804E-2 5.41194E-2 6.77255E-2
2.09518E-3 2.41434E-3 2.45517E-3 2.59417E-3 2.75685E-3 2.68428E-3 2.67392E-3 2.63589E-3 2.56868E-3 2.69417E-3 2.6225E-3 2.71987E-3 2.68496E-3 2.88469E-3 3.19137E-3 3.45608E-3 3.82355E-3 4.36675E-3 4.89904E-3 5.4712E-3 6.20406E-3 6.75067E-3 6.91158E-3 7.3212E-3 7.35699E-3 7.62128E-3 7.88565E-3 8.73596E-3 9.24615E-3 9.55789E-3 9.49604E-3 9.90839E-3 1.10275E-2 1.20683E-2 1.23714E-2 1.4703E-2 1.68407E-2 2.02305E-2 2.55489E-2 2.81052E-2 3.67887E-2 2.82525E-2 3.03352E-2 2.39315E-2 2.47492E-2 2.67166E-2 2.89875E-2 3.36406E-2 3.40061E-2 3.1152E-2 3.1338E-2 3.00416E-2 3.16883E-2 2.22313E-2 1.51351E-2 1.40087E-2 1.42169E-2 1.83075E-2 1.71427E-2 1.97846E-2 2.35972E-2 2.3296E-2 1.80704E-2 1.8257E-2 2.93717E-2 3.51644E-2
2.22347E-3 2.13763E-3 2.33263E-3 2.53772E-3 2.63394E-3 2.55755E-3 2.49853E-3 2.59723E-3 2.40056E-3 2.54149E-3 2.63723E-3 2.67739E-3 2.74058E-3 2.88246E-3 3.13473E-3 3.5395E-3 3.74364E-3 4.13446E-3 4.77323E-3 5.48132E-3 6.17242E-3 6.68232E-3 7.28682E-3 7.55923E-3 7.8567E-3 8.16548E-3 8.64178E-3 8.95281E-3 9.50747E-3 1.01993E-2 1.09081E-2 1.19992E-2 1.27509E-2 1.40455E-2 1.39254E-2 1.48429E-2 1.77161E-2 2.07604E-2 2.65166E-2 3.32763E-2 3.3318E-2 4.60391E-2 3.59451E-2 2.64706E-2 2.34886E-2 2.54684E-2 3.02594E-2 3.48157E-2 3.25172E-2 3.03107E-2 3.0325E-2 2.93931E-2 2.39908E-2 2.05769E-2 1.49521E-2 1.13385E-2 1.3142E-2 1.39322E-2 1.28723E-2 1.31781E-2 1.31729E-2 1.46476E-2 1.15338E-2 1.3571E-2 1.74763E-2 2.27017E-2
