Leopardus tigrinus/Leopardus_tigrinus_projection 2041-2060_novel.asc
ncols         515
nrows         545
xllcorner     -119.0
yllcorner     -58.333333333333
cellsize      0.166666666667
NODATA_value  -9999
[rows 270 to 299 of 545, columns 340 to 407 of 515]
6.61896E0 6.61896E0 6.61896E0 2.04333E1 2.04333E1 6.61896E0 6.61896E0 6.61896E0 6.61896E0 2.04333E1 2.04333E1 2.04333E1 2.04333E1 2.04333E1 2.04333E1 6.61896E0 6.61896E0 6.61896E0 6.61896E0 6.61896E0 6.61896E0 6.61896E0 3.0809E0 3.0809E0 3.0809E0 6.61896E0 6.61896E0 6.61896E0 6.61896E0 6.61896E0 6.61896E0 6.61896E0 6.61896E0 6.61896E0 6.61896E0 6.61896E0 6.61896E0 6.61896E0 6.61896E0 6.61896E0 6.61896E0 6.61896E0 6.61896E0 6.61896E0 6.61896E0 6.61896E0 6.61896E0 6.61896E0 6.61896E0 3.0809E0 6.61896E0 3.0809E0 3.0809E0 3.0809E0 3.0809E0 3.0809E0 3.0809E0 3.0809E0 3.0809E0 1.49076E0 1.49076E0 3.0809E0 3.0809E0 3.0809E0 3.0809E0 1.49076E0 1.49076E0 1.49076E0
6.61896E0 6.61896E0 6.61896E0 6.61896E0 6.61896E0 6.61896E0 6.61896E0 6.61896E0 6.61896E0 6.61896E0 6.61896E0 2.04333E1 2.04333E1 2.04333E1 6.61896E0 6.61896E0 6.61896E0 6.61896E0 6.61896E0 6.61896E0 6.61896E0 3.0809E0 3.0809E0 3.0809E0 3.0809E0 3.0809E0 6.61896E0 6.61896E0 6.61896E0 6.61896E0 6.61896E0 6.61896E0 6.61896E0 6.61896E0 6.61896E0 6.61896E0 6.61896E0 6.61896E0 6.61896E0 6.61896E0 6.61896E0 6.61896E0 6.61896E0 6.61896E0 6.61896E0 6.61896E0 6.61896E0 6.61896E0 6.61896E0 6.61896E0 6.61896E0 6.61896E0 6.61896E0 3.0809E0 3.0809E0 3.0809E0 3.0809E0 3.0809E0 3.0809E0 3.0809E0 3.0809E0 3.0809E0 3.0809E0 3.0809E0 3.0809E0 1.49076E0 1.49076E0 1.49076E0
6.61896E0 6.61896E0 6.61896E0 6.61896E0 6.61896E0 6.61896E0 6.61896E0 6.61896E0 6.61896E0 6.61896E0 2.04333E1 6.61896E0 2.04333E1 2.04333E1 2.04333E1 2.04333E1 2.04333E1 6.61896E0 6.61896E0 6.61896E0 6.61896E0 3.0809E0 3.0809E0 6.61896E0 3.0809E0 3.0809E0 6.61896E0 6.61896E0 6.61896E0 6.61896E0 6.61896E0 6.61896E0 6.61896E0 6.61896E0 6.61896E0 6.61896E0 6.61896E0 6.61896E0 6.61896E0 6.61896E0 6.61896E0 6.61896E0 6.61896E0 6.61896E0 6.61896E0 6.61896E0 6.61896E0 6.61896E0 6.61896E0 6.61896E0 6.61896E0 6.61896E0 6.61896E0 3.0809E0 3.0809E0 3.0809E0 3.0809E0 3.0809E0 3.0809E0 3.0809E0 3.0809E0 3.0809E0 3.0809E0 3.0809E0 1.49076E0 1.49076E0 1.49076E0 1.49076E0
6.61896E0 6.61896E0 3.0809E0 6.61896E0 3.0809E0 3.0809E0 3.0809E0 3.0809E0 3.0809E0 6.61896E0 6.61896E0 6.61896E0 6.61896E0 2.04333E1 2.04333E1 2.04333E1 2.04333E1 6.61896E0 6.61896E0 6.61896E0 6.61896E0 6.61896E0 3.0809E0 6.61896E0 6.61896E0 6.61896E0 6.61896E0 6.61896E0 6.61896E0 6.61896E0 6.61896E0 6.61896E0 6.61896E0 1.21248E1 6.61896E0 1.12502E1 1.12502E1 6.61896E0 6.61896E0 6.61896E0 6.61896E0 6.61896E0 6.61896E0 6.61896E0 6.61896E0 6.61896E0 6.61896E0 6.61896E0 6.61896E0 3.0809E0 6.61896E0 6.61896E0 3.0809E0 3.0809E0 3.0809E0 3.0809E0 3.0809E0 3.0809E0 3.0809E0 3.0809E0 3.0809E0 3.0809E0 3.0809E0 3.0809E0 1.49076E0 1.49076E0 1.49076E0 3.0809E0
3.0809E0 6.61896E0 3.0809E0 3.0809E0 3.0809E0 6.61896E0 3.0809E0 3.0809E0 3.0809E0 3.0809E0 6.61896E0 6.61896E0 6.61896E0 6.61896E0 2.04333E1 2.04333E1 2.04333E1 6.61896E0 6.61896E0 6.61896E0 6.61896E0 6.61896E0 6.61896E0 6.61896E0 6.61896E0 6.61896E0 6.61896E0 6.61896E0 6.61896E0 6.61896E0 1.90022E1 1.86842E1 1.25224E1 1.23633E1 1.24826E1 1.72928E1 1.24826E1 6.61896E0 6.61896E0 6.61896E0 6.61896E0 6.61896E0 6.61896E0 6.61896E0 6.61896E0 6.61896E0 6.61896E0 6.61896E0 6.61896E0 6.61896E0 6.61896E0 6.61896E0 6.61896E0 3.0809E0 3.0809E0 3.0809E0 3.0809E0 3.0809E0 3.0809E0 3.0809E0 3.0809E0 3.0809E0 3.0809E0 3.0809E0 3.0809E0 1.49076E0 3.0809E0 1.49076E0
3.0809E0 6.61896E0 6.61896E0 3.0809E0 3.0809E0 3.0809E0 3.0809E0 3.0809E0 3.0809E0 3.0809E0 3.0809E0 3.0809E0 6.61896E0 6.61896E0 2.04333E1 2.04333E1 2.04333E1 6.61896E0 6.61896E0 6.61896E0 6.61896E0 6.61896E0 6.61896E0 6.61896E0 6.61896E0 6.61896E0 6.61896E0 6.61896E0 6.61896E0 6.61896E0 2.04333E1 2.04333E1 2.01153E1 2.04333E1 1.34367E1 1.31584E1 1.98171E1 6.61896E0 6.61896E0 2.04333E1 2.04333E1 2.04333E1 6.61896E0 6.61896E0 6.61896E0 6.61896E0 6.61896E0 6.61896E0 6.61896E0 6.61896E0 6.61896E0 6.61896E0 6.61896E0 6.61896E0 6.61896E0 3.0809E0 3.0809E0 3.0809E0 3.0809E0 3.0809E0 3.0809E0 3.0809E0 3.0809E0 3.0809E0 3.0809E0 3.0809E0 1.49076E0 1.49076E0
6.61896E0 6.61896E0 6.61896E0 3.0809E0 6.61896E0 6.61896E0 6.61896E0 6.61896E0 6.61896E0 3.0809E0 3.0809E0 6.61896E0 6.61896E0 2.04333E1 6.61896E0 2.04333E1 2.04333E1 6.61896E0 6.61896E0 6.61896E0 6.61896E0 6.61896E0 6.61896E0 6.61896E0 6.61896E0 6.61896E0 6.61896E0 6.61896E0 6.61896E0 6.61896E0 2.04333E1 2.04333E1 2.04333E1 1.45299E1 1.45299E1 1.50865E1 1.43908E1 2.04333E1 2.04333E1 2.04333E1 2.04333E1 1.70344E1 2.04333E1 2.04333E1 2.04333E1 6.61896E0 1.91214E1 2.04333E1 6.61896E0 6.61896E0 6.61896E0 6.61896E0 6.61896E0 6.61896E0 3.0809E0 3.0809E0 3.0809E0 3.0809E0 3.0809E0 3.0809E0 3.0809E0 3.0809E0 3.0809E0 3.0809E0 3.0809E0 3.0809E0 3.0809E0 3.0809E0
6.61896E0 6.61896E0 6.61896E0 6.61896E0 3.0809E0 3.0809E0 6.61896E0 6.61896E0 2.04333E1 6.61896E0 3.0809E0 3.0809E0 3.0809E0 6.61896E0 6.61896E0 2.04333E1 2.04333E1 6.61896E0 6.61896E0 6.61896E0 6.61896E0 6.61896E0 6.61896E0 6.61896E0 6.61896E0 2.04333E1 2.04333E1 2.04333E1 6.61896E0 2.04333E1 2.04333E1 2.04333E1 2.04333E1 1.61797E1 2.04333E1 1.71934E1 1.58418E1 1.62989E1 2.04333E1 2.04333E1 2.04333E1 2.04333E1 2.04333E1 1.94196E1 2.04333E1 2.04333E1 1.95587E1 1.84655E1 2.04333E1 6.61896E0 6.61896E0 6.61896E0 6.61896E0 6.61896E0 3.0809E0 3.0809E0 3.0809E0 3.0809E0 3.0809E0 3.0809E0 3.0809E0 3.0809E0 3.0809E0 3.0809E0 3.0809E0 3.0809E0 3.0809E0 3.0809E0
6.61896E0 6.61896E0 6.61896E0 6.61896E0 3.0809E0 6.61896E0 6.61896E0 6.61896E0 2.04333E1 2.04333E1 6.61896E0 3.0809E0 3.0809E0 3.0809E0 6.61896E0 2.04333E1 2.04333E1 2.04333E1 6.61896E0 6.61896E0 6.61896E0 6.61896E0 2.04333E1 6.61896E0 2.04333E1 2.04333E1 2.04333E1 2.04333E1 2.04333E1 2.04333E1 2.04333E1 2.04333E1 2.04333E1 1.85053E1 2.04333E1 1.01968E1 2.01352E1 2.04333E1 2.04333E1 2.04333E1 2.04333E1 2.04333E1 2.04333E1 2.03936E1 2.04333E1 2.04333E1 1.93202E1 1.84655E1 1.78295E1 6.61896E0 6.61896E0 6.61896E0 6.61896E0 3.0809E0 3.0809E0 3.0809E0 3.0809E0 3.0809E0 3.0809E0 3.0809E0 3.0809E0 3.0809E0 3.0809E0 3.0809E0 3.0809E0 3.0809E0 3.0809E0 3.0809E0
6.61896E0 6.61896E0 6.61896E0 6.61896E0 6.61896E0 3.0809E0 3.0809E0 6.61896E0 2.04333E1 2.04333E1 2.04333E1 6.61896E0 3.0809E0 3.0809E0 3.0809E0 6.61896E0 6.61896E0 2.04333E1 2.04333E1 2.04333E1 6.61896E0 6.61896E0 2.04333E1 2.04333E1 2.04333E1 2.04333E1 2.04333E1 2.04333E1 2.04333E1 2.04333E1 2.04333E1 2.04333E1 4.03101E1 1.01968E1 2.04333E1 1.13894E1 1.31584E1 1.31385E1 2.04333E1 2.40509E1 2.28185E1 2.04333E1 2.03936E1 2.04333E1 2.04333E1 2.03936E1 1.90022E1 1.78295E1 6.61896E0 6.61896E0 6.61896E0 6.61896E0 6.61896E0 6.61896E0 3.0809E0 3.0809E0 6.61896E0 6.61896E0 3.0809E0 3.0809E0 3.0809E0 3.0809E0 3.0809E0 3.0809E0 3.0809E0 3.0809E0 3.0809E0 3.0809E0
3.0809E0 6.61896E0 6.61896E0 6.61896E0 6.61896E0 3.0809E0 3.0809E0 6.61896E0 6.61896E0 2.04333E1 2.04333E1 6.61896E0 3.0809E0 3.0809E0 3.0809E0 3.0809E0 6.61896E0 2.04333E1 2.04333E1 2.04333E1 2.04333E1 2.04333E1 2.04333E1 2.04333E1 2.04333E1 2.04333E1 2.04333E1 2.04333E1 2.04333E1 2.04333E1 2.04333E1 2.04333E1 2.04333E1 1.42914E1 1.35162E1 1.46691E1 1.73723E1 1.64977E1 2.04333E1 2.60386E1 2.04333E1 2.04333E1 2.04333E1 2.04333E1 2.04333E1 6.61896E0 1.90022E1 6.61896E0 6.61896E0 6.61896E0 6.61896E0 6.61896E0 6.61896E0 6.61896E0 3.0809E0 3.0809E0 3.0809E0 3.0809E0 3.0809E0 3.0809E0 3.0809E0 3.0809E0 3.0809E0 3.0809E0 3.0809E0 3.0809E0 3.0809E0 3.0809E0
3.0809E0 3.0809E0 6.61896E0 6.61896E0 6.61896E0 3.0809E0 3.0809E0 3.0809E0 6.61896E0 2.04333E1 2.04333E1 6.61896E0 6.61896E0 3.0809E0 3.0809E0 3.0809E0 6.61896E0 2.04333E1 2.04333E1 2.04333E1 2.04333E1 2.04333E1 2.04333E1 2.04333E1 2.04333E1 2.04333E1 2.04333E1 2.04333E1 6.61896E0 2.04333E1 2.04333E1 2.04333E1 2.04333E1 1.82469E1 2.04333E1 2.04333E1 2.04333E1 2.12681E1 3.18625E1 2.04333E1 2.04333E1 2.04333E1 2.04333E1 2.04333E1 2.04333E1 6.61896E0 6.61896E0 6.61896E0 6.61896E0 6.61896E0 8.84516E0 6.61896E0 6.61896E0 6.61896E0 6.61896E0 6.61896E0 6.61896E0 6.61896E0 3.0809E0 3.0809E0 3.0809E0 3.0809E0 3.0809E0 3.0809E0 3.0809E0 3.0809E0 3.0809E0 3.0809E0
6.61896E0 3.0809E0 3.0809E0 6.61896E0 6.61896E0 6.61896E0 3.0809E0 3.0809E0 3.0809E0 6.61896E0 2.04333E1 2.04333E1 6.61896E0 3.0809E0 3.0809E0 6.61896E0 3.0809E0 6.61896E0 2.04333E1 2.04333E1 2.04333E1 2.04333E1 2.04333E1 2.04333E1 2.04333E1 2.04333E1 6.61896E0 6.61896E0 6.61896E0 2.04333E1 2.04333E1 2.04333E1 2.04333E1 2.04333E1 2.04333E1 2.04333E1 2.88213E1 2.04333E1 2.04333E1 2.04333E1 2.04333E1 2.04333E1 2.04333E1 2.04333E1 2.04333E1 1.98171E1 1.78295E1 1.43908E1 1.11111E1 6.85748E0 6.14192E0 6.61896E0 6.61896E0 6.61896E0 6.61896E0 6.61896E0 6.61896E0 3.0809E0 3.0809E0 3.0809E0 3.0809E0 3.0809E0 3.0809E0 3.0809E0 3.0809E0 3.0809E0 3.0809E0 3.0809E0
6.61896E0 3.0809E0 3.0809E0 3.0809E0 6.61896E0 3.0809E0 3.0809E0 3.0809E0 3.0809E0 3.0809E0 6.61896E0 2.04333E1 6.61896E0 3.0809E0 3.0809E0 6.61896E0 6.61896E0 6.61896E0 2.04333E1 2.04333E1 2.04333E1 2.04333E1 2.04333E1 2.04333E1 2.04333E1 2.04333E1 6.61896E0 6.61896E0 6.61896E0 2.04333E1 2.04333E1 2.04333E1 2.04333E1 2.04333E1 3.76863E1 4.07275E1 2.04333E1 2.04333E1 2.04333E1 2.04333E1 2.04333E1 2.04333E1 2.04333E1 2.04333E1 2.04333E1 1.93202E1 1.46691E1 1.13496E1 8.54701E0 6.14192E0 6.2413E0 6.61896E0 6.61896E0 6.61896E0 6.61896E0 3.0809E0 3.0809E0 3.0809E0 3.0809E0 3.0809E0 3.0809E0 3.0809E0 3.0809E0 3.0809E0 3.0809E0 3.0809E0 3.0809E0 3.0809E0
6.61896E0 3.0809E0 3.0809E0 3.0809E0 6.61896E0 6.61896E0 3.0809E0 3.0809E0 3.0809E0 3.0809E0 3.0809E0 6.61896E0 6.61896E0 6.61896E0 3.0809E0 3.0809E0 6.61896E0 3.0809E0 3.0809E0 2.04333E1 2.04333E1 2.04333E1 6.61896E0 2.04333E1 2.04333E1 2.04333E1 6.61896E0 6.61896E0 6.61896E0 6.61896E0 6.61896E0 2.04333E1 2.04333E1 2.42497E1 3.05108E1 3.90976E1 3.43073E1 2.62771E1 2.04333E1 2.04333E1 2.04333E1 2.04333E1 2.04333E1 2.04333E1 2.04333E1 1.82469E1 1.31385E1 1.0813E1 8.4675E0 2.04333E1 2.04333E1 7.83145E0 6.61896E0 6.61896E0 6.61896E0 3.0809E0 3.0809E0 3.0809E0 6.61896E0 3.0809E0 3.0809E0 3.0809E0 3.0809E0 3.0809E0 3.0809E0 3.0809E0 3.0809E0 3.0809E0
6.61896E0 3.0809E0 3.0809E0 3.0809E0 3.0809E0 6.61896E0 3.0809E0 3.0809E0 3.0809E0 3.0809E0 3.0809E0 3.0809E0 3.0809E0 3.0809E0 3.0809E0 1.49076E0 3.0809E0 3.0809E0 3.0809E0 6.61896E0 6.61896E0 6.61896E0 6.61896E0 6.61896E0 6.61896E0 6.61896E0 6.61896E0 6.61896E0 6.61896E0 6.61896E0 6.61896E0 2.04333E1 2.04333E1 2.04333E1 2.04333E1 4.1125E1 4.00119E1 4.1125E1 2.04333E1 2.04333E1 2.04333E1 2.04333E1 2.04333E1 2.22819E1 1.92407E1 1.60405E1 1.33771E1 1.17074E1 1.01968E1 2.04333E1 8.4675E0 9.04393E0 6.61896E0 6.61896E0 6.61896E0 3.0809E0 3.0809E0 3.0809E0 6.61896E0 3.0809E0 3.0809E0 3.0809E0 3.0809E0 3.0809E0 3.0809E0 3.0809E0 3.0809E0 3.0809E0
6.61896E0 6.61896E0 6.61896E0 3.0809E0 3.0809E0 3.0809E0 3.0809E0 3.0809E0 3.0809E0 3.0809E0 3.0809E0 1.49076E0 3.0809E0 1.49076E0 1.49076E0 1.49076E0 1.49076E0 3.0809E0 3.0809E0 3.0809E0 6.61896E0 3.0809E0 6.61896E0 6.61896E0 6.61896E0 6.61896E0 3.0809E0 6.61896E0 6.61896E0 6.61896E0 6.61896E0 2.04333E1 4.1125E1 4.1125E1 2.04333E1 2.04333E1 2.04333E1 2.04333E1 2.04333E1 2.04333E1 2.04333E1 2.04333E1 2.04333E1 2.40509E1 2.07911E1 1.78295E1 1.46691E1 1.27808E1 1.15086E1 1.03757E1 1.04552E1 1.07732E1 6.61896E0 6.61896E0 3.0809E0 3.0809E0 3.0809E0 6.61896E0 2.04333E1 2.04333E1 6.61896E0 3.0809E0 3.0809E0 3.0809E0 3.0809E0 3.0809E0 3.0809E0 3.0809E0
6.61896E0 6.61896E0 6.61896E0 6.61896E0 3.0809E0 3.0809E0 3.0809E0 3.0809E0 3.0809E0 3.0809E0 3.0809E0 3.0809E0 3.0809E0 1.49076E0 1.49076E0 1.49076E0 1.49076E0 1.49076E0 3.0809E0 3.0809E0 3.0809E0 3.0809E0 3.0809E0 3.0809E0 3.0809E0 3.0809E0 3.0809E0 3.0809E0 6.61896E0 6.61896E0 6.61896E0 2.04333E1 2.04333E1 2.04333E1 2.04333E1 2.04333E1 6.61896E0 6.61896E0 6.61896E0 4.1125E1 2.04333E1 2.04333E1 2.97754E1 2.04333E1 2.04333E1 1.94196E1 1.64977E1 1.39137E1 1.24826E1 2.04333E1 1.1608E1 6.61896E0 6.61896E0 6.61896E0 6.61896E0 6.61896E0 3.0809E0 6.61896E0 2.04333E1 2.04333E1 6.61896E0 3.0809E0 3.0809E0 3.0809E0 3.0809E0 3.0809E0 3.0809E0 3.0809E0
6.61896E0 6.61896E0 6.61896E0 6.61896E0 6.61896E0 6.61896E0 6.61896E0 3.0809E0 3.0809E0 3.0809E0 3.0809E0 3.0809E0 3.0809E0 1.49076E0 1.49076E0 1.49076E0 3.0809E0 3.0809E0 3.0809E0 3.0809E0 3.0809E0 1.49076E0 3.0809E0 3.0809E0 3.0809E0 3.0809E0 3.0809E0 3.0809E0 6.61896E0 6.61896E0 6.61896E0 2.04333E1 2.04333E1 2.04333E1 2.04333E1 6.61896E0 3.0809E0 3.0809E0 3.0809E0 3.0809E0 2.04333E1 3.45061E1 2.97754E1 2.04333E1 2.04333E1 2.04333E1 1.8704E1 1.56629E1 1.39535E1 1.24826E1 1.25224E1 1.23633E1 6.61896E0 6.61896E0 6.61896E0 6.61896E0 6.61896E0 6.61896E0 6.61896E0 6.61896E0 3.0809E0 3.0809E0 3.0809E0 3.0809E0 3.0809E0 3.0809E0 3.0809E0 3.0809E0
6.61896E0 6.61896E0 6.61896E0 6.61896E0 6.61896E0 6.61896E0 6.61896E0 3.0809E0 3.0809E0 3.0809E0 3.0809E0 1.49076E0 1.49076E0 1.49076E0 1.49076E0 1.49076E0 3.0809E0 6.61896E0 3.0809E0 3.0809E0 1.49076E0 1.49076E0 1.49076E0 1.49076E0 3.0809E0 3.0809E0 3.0809E0 3.0809E0 6.61896E0 6.61896E0 2.04333E1 2.04333E1 6.61896E0 2.04333E1 6.61896E0 6.61896E0 3.0809E0 3.0809E0 3.0809E0 3.0809E0 6.61896E0 3.62751E1 3.02922E1 2.04333E1 6.61896E0 2.04333E1 2.04333E1 6.61896E0 1.64977E1 1.36553E1 1.32777E1 1.32777E1 6.61896E0 6.61896E0 6.61896E0 3.0809E0 3.0809E0 6.61896E0 6.61896E0 6.61896E0 6.61896E0 3.0809E0 3.0809E0 3.0809E0 3.0809E0 6.61896E0 6.61896E0 6.61896E0
2.04333E1 6.61896E0 6.61896E0 6.61896E0 6.61896E0 3.0809E0 3.0809E0 3.0809E0 3.0809E0 3.0809E0 3.0809E0 1.49076E0 1.49076E0 1.49076E0 1.49076E0 1.49076E0 3.0809E0 2.04333E1 6.61896E0 3.0809E0 1.49076E0 1.49076E0 1.49076E0 1.49076E0 3.0809E0 3.0809E0 3.0809E0 3.0809E0 3.0809E0 6.61896E0 2.04333E1 6.61896E0 6.61896E0 6.61896E0 3.0809E0 3.0809E0 3.0809E0 3.0809E0 3.0809E0 3.0809E0 6.61896E0 2.04333E1 3.11071E1 2.04333E1 6.61896E0 6.61896E0 2.04333E1 2.04333E1 6.61896E0 6.61896E0 1.67959E1 1.52455E1 1.64977E1 6.61896E0 6.61896E0 6.61896E0 6.61896E0 6.61896E0 6.61896E0 6.61896E0 6.61896E0 3.0809E0 3.0809E0 3.0809E0 3.0809E0 6.61896E0 6.61896E0 6.61896E0
2.04333E1 2.04333E1 6.61896E0 6.61896E0 6.61896E0 6.61896E0 3.0809E0 3.0809E0 3.0809E0 3.0809E0 3.0809E0 1.49076E0 1.49076E0 1.49076E0 1.49076E0 1.49076E0 3.0809E0 6.61896E0 3.0809E0 1.49076E0 1.49076E0 1.49076E0 1.49076E0 1.49076E0 1.49076E0 1.49076E0 1.49076E0 3.0809E0 3.0809E0 6.61896E0 3.0809E0 3.0809E0 3.0809E0 3.0809E0 3.0809E0 3.0809E0 3.0809E0 3.0809E0 3.0809E0 3.0809E0 3.0809E0 6.61896E0 2.04333E1 2.04333E1 6.61896E0 6.61896E0 6.61896E0 6.61896E0 6.61896E0 6.61896E0 6.61896E0 1.85053E1 6.61896E0 6.61896E0 6.61896E0 6.61896E0 6.61896E0 6.61896E0 6.61896E0 6.61896E0 6.61896E0 6.61896E0 6.61896E0 6.61896E0 6.61896E0 6.61896E0 6.61896E0 6.61896E0
2.04333E1 2.04333E1 6.61896E0 6.61896E0 6.61896E0 6.61896E0 6.61896E0 3.0809E0 3.0809E0 3.0809E0 3.0809E0 3.0809E0 3.0809E0 1.49076E0 1.49076E0 1.49076E0 1.49076E0 1.49076E0 1.49076E0 1.49076E0 1.49076E0 1.49076E0 1.49076E0 1.49076E0 1.49076E0 1.49076E0 1.49076E0 3.0809E0 6.61896E0 6.61896E0 3.0809E0 3.0809E0 3.0809E0 3.0809E0 3.0809E0 3.0809E0 3.0809E0 3.0809E0 3.0809E0 3.0809E0 3.0809E0 2.04333E1 2.04333E1 6.61896E0 3.0809E0 6.61896E0 6.61896E0 6.61896E0 6.61896E0 6.61896E0 6.61896E0 2.04333E1 6.61896E0 2.04333E1 2.04333E1 6.61896E0 6.61896E0 6.61896E0 6.61896E0 6.61896E0 2.04333E1 6.61896E0 6.61896E0 6.61896E0 6.61896E0 6.61896E0 2.04333E1 2.04333E1
2.04333E1 4.1125E1 2.04333E1 2.04333E1 6.61896E0 6.61896E0 6.61896E0 6.61896E0 3.0809E0 3.0809E0 3.0809E0 3.0809E0 3.0809E0 3.0809E0 1.49076E0 1.49076E0 1.49076E0 1.49076E0 1.49076E0 1.49076E0 1.49076E0 8.74578E-1 1.49076E0 1.49076E0 1.49076E0 1.49076E0 1.49076E0 3.0809E0 6.61896E0 3.0809E0 3.0809E0 3.0809E0 3.0809E0 3.0809E0 3.0809E0 3.0809E0 3.0809E0 3.0809E0 3.0809E0 3.0809E0 3.0809E0 3.0809E0 6.61896E0 6.61896E0 3.0809E0 3.0809E0 3.0809E0 3.0809E0 3.0809E0 6.61896E0 6.61896E0 6.61896E0 2.04333E1 2.04333E1 2.04333E1 2.04333E1 2.04333E1 6.61896E0 2.04333E1 2.04333E1 3.96144E1 2.04333E1 6.61896E0 6.61896E0 2.04333E1 2.04333E1 2.04333E1 2.04333E1
2.04333E1 2.04333E1 2.04333E1 6.61896E0 6.61896E0 6.61896E0 6.61896E0 6.61896E0 6.61896E0 6.61896E0 3.0809E0 3.0809E0 3.0809E0 1.49076E0 1.49076E0 1.49076E0 1.49076E0 1.49076E0 1.49076E0 1.49076E0 8.74578E-1 8.74578E-1 8.74578E-1 1.49076E0 1.49076E0 1.49076E0 1.49076E0 3.0809E0 3.0809E0 3.0809E0 3.0809E0 3.0809E0 3.0809E0 3.0809E0 3.0809E0 3.0809E0 3.0809E0 3.0809E0 3.0809E0 3.0809E0 3.0809E0 3.0809E0 3.0809E0 3.0809E0 6.61896E0 6.61896E0 3.0809E0 3.0809E0 6.61896E0 6.61896E0 2.04333E1 2.04333E1 2.04333E1 2.04333E1 2.04333E1 3.27967E1 2.04333E1 6.61896E0 6.61896E0 2.04333E1 2.04333E1 4.10455E1 2.04333E1 2.04333E1 2.04333E1 4.1125E1 2.04333E1 2.04333E1
2.04333E1 2.04333E1 6.61896E0 6.61896E0 6.61896E0 6.61896E0 6.61896E0 6.61896E0 6.61896E0 3.0809E0 3.0809E0 3.0809E0 3.0809E0 3.0809E0 1.49076E0 1.49076E0 1.49076E0 1.49076E0 1.49076E0 1.49076E0 1.49076E0 1.49076E0 8.74578E-1 1.49076E0 1.49076E0 1.49076E0 1.49076E0 3.0809E0 3.0809E0 3.0809E0 3.0809E0 3.0809E0 3.0809E0 3.0809E0 3.0809E0 3.0809E0 3.0809E0 3.0809E0 3.0809E0 3.0809E0 3.0809E0 3.0809E0 3.0809E0 3.0809E0 6.61896E0 6.61896E0 6.61896E0 3.0809E0 6.61896E0 2.04333E1 2.04333E1 2.04333E1 2.04333E1 2.04333E1 2.04333E1 2.04333E1 2.04333E1 2.04333E1 2.04333E1 2.04333E1 2.04333E1 2.04333E1 2.04333E1 2.04333E1 4.1125E1 4.1125E1 2.04333E1 4.1125E1
6.61896E0 6.61896E0 6.61896E0 6.61896E0 6.61896E0 6.61896E0 6.61896E0 6.61896E0 3.0809E0 3.0809E0 3.0809E0 3.0809E0 3.0809E0 3.0809E0 1.49076E0 1.49076E0 1.49076E0 1.49076E0 1.49076E0 8.74578E-1 8.74578E-1 8.74578E-1 8.74578E-1 1.49076E0 1.49076E0 1.49076E0 1.49076E0 1.49076E0 3.0809E0 3.0809E0 3.0809E0 3.0809E0 3.0809E0 3.0809E0 3.0809E0 3.0809E0 3.0809E0 3.0809E0 3.0809E0 3.0809E0 3.0809E0 3.0809E0 3.0809E0 3.0809E0 6.61896E0 6.61896E0 6.61896E0 6.61896E0 6.61896E0 2.04333E1 2.04333E1 2.04333E1 4.1125E1 4.05486E1 2.04333E1 2.04333E1 2.04333E1 2.04333E1 2.04333E1 2.04333E1 2.04333E1 2.04333E1 4.1125E1 4.1125E1 4.1125E1 4.1125E1 2.04333E1 4.1125E1
6.61896E0 6.61896E0 6.61896E0 6.61896E0 6.61896E0 6.61896E0 3.0809E0 3.0809E0 3.0809E0 3.0809E0 3.0809E0 3.0809E0 3.0809E0 3.0809E0 3.0809E0 1.49076E0 3.0809E0 1.49076E0 1.49076E0 1.49076E0 1.49076E0 1.49076E0 1.49076E0 1.49076E0 1.49076E0 1.49076E0 1.49076E0 1.49076E0 3.0809E0 3.0809E0 3.0809E0 3.0809E0 3.0809E0 3.0809E0 3.0809E0 3.0809E0 3.0809E0 3.0809E0 3.0809E0 3.0809E0 3.0809E0 3.0809E0 3.0809E0 3.0809E0 3.0809E0 6.61896E0 6.61896E0 2.04333E1 2.04333E1 2.04333E1 2.04333E1 2.04333E1 4.1125E1 3.99722E1 4.1125E1 2.04333E1 2.04333E1 2.04333E1 2.04333E1 2.04333E1 2.04333E1 4.1125E1 4.06082E1 4.1125E1 4.1125E1 4.1125E1 4.1125E1 4.1125E1
6.61896E0 3.0809E0 3.0809E0 3.0809E0 3.0809E0 3.0809E0 3.0809E0 3.0809E0 3.0809E0 3.0809E0 3.0809E0 3.0809E0 3.0809E0 3.0809E0 3.0809E0 3.0809E0 1.49076E0 1.49076E0 1.49076E0 1.49076E0 1.49076E0 1.49076E0 1.49076E0 8.74578E-1 1.49076E0 1.49076E0 1.49076E0 1.49076E0 3.0809E0 3.0809E0 3.0809E0 3.0809E0 3.0809E0 3.0809E0 3.0809E0 3.0809E0 3.0809E0 3.0809E0 3.0809E0 3.0809E0 3.0809E0 3.0809E0 3.0809E0 3.0809E0 6.61896E0 6.61896E0 2.04333E1 2.04333E1 2.04333E1 2.04333E1 2.04333E1 2.94375E1 4.1125E1 4.1125E1 4.1125E1 4.1125E1 4.05287E1 2.04333E1 4.1125E1 4.04095E1 4.1125E1 4.1125E1 3.97734E1 3.45259E1 3.31346E1 3.74677E1 3.82031E1 4.0807E1
6.61896E0 3.0809E0 3.0809E0 3.0809E0 3.0809E0 3.0809E0 3.0809E0 3.0809E0 3.0809E0 1.49076E0 1.49076E0 3.0809E0 3.0809E0 3.0809E0 3.0809E0 3.0809E0 3.0809E0 1.49076E0 1.49076E0 1.49076E0 1.49076E0 1.49076E0 1.49076E0 1.49076E0 1.49076E0 1.49076E0 1.49076E0 3.0809E0 3.0809E0 3.0809E0 3.0809E0 3.0809E0 3.0809E0 3.0809E0 3.0809E0 3.0809E0 3.0809E0 3.0809E0 3.0809E0 3.0809E0 3.0809E0 3.0809E0 3.0809E0 3.0809E0 6.61896E0 2.04333E1 6.61896E0 2.04333E1 2.04333E1 2.04333E1 2.04333E1 3.11071E1 3.21805E1 4.1125E1 4.1125E1 4.1125E1 3.87398E1 3.61956E1 3.65136E1 3.47048E1 3.61757E1 4.11847E1 3.57384E1 3.36116E1 3.28165E1 3.44663E1 3.74677E1 3.97933E1
