Leopardus tigrinus/Leopardus_tigrinus.asc
ncols         515
nrows         545
xllcorner     -119.0
yllcorner     -58.333333333333
cellsize      0.166666666667
NODATA_value  -9999
[rows 319 to 347 of 545, columns 264 to 329 of 515]
-9999 -9999 -9999 -9999 -9999 -9999 -9999 -9999 -9999 -9999 -9999 -9999 -9999 -9999 -9999 -9999 -9999 -9999 -9999 -9999 -9999 -9999 -9999 -9999 -9999 -9999 -9999 -9999 1.42925E-4 8.12141E-4 1.08259E-3 9.74111E-3 1.33393E-2 7.37298E-3 6.25992E-3 1.12752E-3 3.02785E-4 2.86929E-4 2.35194E-4 2.8975E-4 3.24442E-4 3.31395E-4 5.03772E-4 5.09563E-4 1.13291E-3 1.98355E-3 8.298E-4 5.09642E-4 6.07084E-4 5.72497E-4 7.73401E-4 1.51341E-3 2.93742E-3 6.8563E-3 7.8525E-3 1.43975E-2 2.1511E-2 3.1349E-2 4.24939E-2 3.76408E-2 4.72978E-2 9.24817E-2 1.2854E-1 3.15195E-1 9.56432E-2 1.03353E-1
-9999 -9999 -9999 -9999 -9999 -9999 -9999 -9999 -9999 -9999 -9999 -9999 -9999 -9999 -9999 -9999 -9999 -9999 -9999 -9999 -9999 -9999 -9999 -9999 -9999 -9999 -9999 -9999 8.80383E-4 1.2065E-3 1.15563E-3 7.82637E-3 9.31215E-3 6.74562E-3 7.22614E-3 1.74155E-3 3.59153E-4 3.05913E-4 3.25102E-4 4.21796E-4 2.39927E-4 3.58691E-4 2.975E-4 4.55161E-4 6.48789E-4 3.57384E-4 4.32363E-4 4.2128E-4 5.83634E-4 6.05527E-4 1.14738E-3 1.48338E-3 2.64685E-3 5.05428E-3 7.3731E-3 1.01471E-2 1.72116E-2 2.08859E-2 3.94305E-2 3.18604E-2 3.43039E-2 1.19622E-1 1.34651E-1 2.39755E-1 8.45549E-2 5.09637E-2
-9999 -9999 -9999 -9999 -9999 -9999 -9999 -9999 -9999 -9999 -9999 -9999 -9999 -9999 -9999 -9999 -9999 -9999 -9999 -9999 -9999 -9999 -9999 -9999 -9999 -9999 -9999 -9999 1.30253E-4 8.58133E-4 1.34258E-3 6.89491E-3 6.97279E-3 5.7593E-3 9.40569E-3 2.675E-3 4.61566E-4 2.83503E-4 3.03057E-4 2.87411E-4 2.24197E-4 2.90117E-4 3.61697E-4 2.98229E-4 3.77923E-4 4.29311E-4 5.0997E-4 4.67619E-4 4.71597E-4 6.52092E-4 1.07208E-3 1.55405E-3 2.65528E-3 4.55446E-3 6.67789E-3 8.76149E-3 1.10872E-2 1.8856E-2 2.91608E-2 2.96533E-2 4.52208E-2 7.18938E-2 1.38832E-1 2.07523E-1 1.85015E-1 7.31839E-2
-9999 -9999 -9999 -9999 -9999 -9999 -9999 -9999 -9999 -9999 -9999 -9999 -9999 -9999 -9999 -9999 -9999 -9999 -9999 -9999 -9999 -9999 -9999 -9999 -9999 -9999 -9999 -9999 -9999 9.49441E-4 1.04711E-3 6.14938E-3 6.64109E-3 5.32559E-3 9.97006E-3 2.77982E-3 3.88229E-4 2.0551E-4 4.22228E-4 4.42563E-4 2.24746E-4 2.16468E-4 3.78823E-4 4.52198E-4 5.52225E-4 4.19534E-4 4.36386E-4 4.57844E-4 4.89294E-4 7.076E-4 1.1444E-3 1.55365E-3 2.96842E-3 4.00105E-3 5.41217E-3 8.44042E-3 7.91951E-3 1.41854E-2 2.71516E-2 2.55106E-2 3.38197E-2 5.51638E-2 8.84586E-2 1.40672E-1 2.3755E-1 6.76611E-2
-9999 -9999 -9999 -9999 -9999 -9999 -9999 -9999 -9999 -9999 -9999 -9999 -9999 -9999 -9999 -9999 -9999 -9999 -9999 -9999 -9999 -9999 -9999 -9999 -9999 -9999 -9999 -9999 -9999 6.59609E-4 9.5178E-4 6.55687E-3 4.69832E-3 6.71682E-3 9.27533E-3 2.80679E-3 3.69517E-4 2.10085E-4 2.29777E-4 1.87417E-4 1.91309E-4 3.45387E-4 4.60114E-4 4.64952E-4 3.58825E-4 4.56472E-4 3.98498E-4 3.24873E-4 5.44362E-4 7.20117E-4 1.16178E-3 1.51033E-3 2.66348E-3 3.09261E-3 5.46127E-3 6.84156E-3 8.17118E-3 1.29819E-2 1.94871E-2 1.80057E-2 3.14576E-2 6.78239E-2 7.36673E-2 8.55235E-2 1.93691E-1 1.05579E-1
-9999 -9999 -9999 -9999 -9999 -9999 -9999 -9999 -9999 -9999 -9999 -9999 -9999 -9999 -9999 -9999 -9999 -9999 -9999 -9999 -9999 -9999 -9999 -9999 -9999 -9999 -9999 -9999 -9999 1.73594E-3 1.26522E-3 6.76195E-3 4.112E-3 8.00706E-3 1.05213E-2 2.13614E-3 3.40051E-4 2.66155E-4 2.89752E-4 3.46559E-4 2.28565E-4 3.17605E-4 5.4102E-4 8.39703E-4 3.79119E-4 4.50123E-4 3.48298E-4 4.32766E-4 5.91702E-4 9.8894E-4 1.34339E-3 2.21748E-3 3.79193E-3 3.76934E-3 5.46069E-3 7.37831E-3 9.27742E-3 1.07379E-2 1.71902E-2 1.69792E-2 3.41576E-2 8.24459E-2 8.48986E-2 1.41164E-1 2.00654E-1 1.82427E-1
-9999 -9999 -9999 -9999 -9999 -9999 -9999 -9999 -9999 -9999 -9999 -9999 -9999 -9999 -9999 -9999 -9999 -9999 -9999 -9999 -9999 -9999 -9999 -9999 -9999 -9999 -9999 -9999 -9999 1.77603E-3 9.64805E-3 8.89888E-3 6.07526E-3 8.54922E-3 8.8431E-3 1.34746E-3 3.99431E-4 2.09409E-4 2.27296E-4 2.43584E-4 3.21862E-4 3.87357E-4 4.53318E-4 4.47452E-4 6.53151E-4 3.639E-4 5.04631E-4 7.13972E-4 8.56118E-4 1.03834E-3 2.01661E-3 3.35193E-3 3.86969E-3 3.81576E-3 5.28848E-3 6.70085E-3 6.3439E-3 1.07618E-2 1.26279E-2 1.24518E-2 4.34017E-2 8.25962E-2 1.00557E-1 2.1162E-1 1.70476E-1 1.49286E-1
-9999 -9999 -9999 -9999 -9999 -9999 -9999 -9999 -9999 -9999 -9999 -9999 -9999 -9999 -9999 -9999 -9999 -9999 -9999 -9999 -9999 -9999 -9999 -9999 -9999 -9999 -9999 -9999 2.21089E-3 3.67203E-3 8.64843E-3 9.88269E-3 5.64616E-3 6.97213E-3 6.02237E-3 8.40557E-4 3.95747E-4 3.29114E-4 2.77689E-4 4.09011E-4 2.88584E-4 4.68285E-4 4.48402E-4 5.46024E-4 7.0475E-4 4.49008E-4 6.75372E-4 7.8091E-4 1.6097E-3 1.59121E-3 1.86333E-3 2.30261E-3 3.02503E-3 2.78514E-3 2.85844E-3 5.1413E-3 4.75492E-3 1.01388E-2 1.16417E-2 1.23997E-2 4.06157E-2 5.9844E-2 1.08338E-1 9.61812E-2 9.69729E-2 9.14893E-2
-9999 -9999 -9999 -9999 -9999 -9999 -9999 -9999 -9999 -9999 -9999 -9999 -9999 -9999 -9999 -9999 -9999 -9999 -9999 -9999 -9999 -9999 -9999 -9999 -9999 -9999 -9999 -9999 5.81988E-3 2.96269E-3 9.30966E-3 9.67674E-3 5.96889E-3 7.75572E-3 5.70277E-3 1.19457E-3 3.91652E-4 3.97581E-4 3.63912E-4 4.02159E-4 4.41155E-4 2.92849E-4 5.97853E-4 7.70811E-4 5.49965E-4 4.93314E-4 7.20421E-4 9.30579E-4 1.0514E-3 1.24126E-3 1.40427E-3 2.18152E-3 3.01549E-3 2.75333E-3 2.70577E-3 4.80142E-3 4.87062E-3 7.6277E-3 1.04676E-2 1.31307E-2 2.74433E-2 6.81224E-2 1.46675E-1 9.27328E-2 5.55884E-2 5.79998E-2
-9999 -9999 -9999 -9999 -9999 -9999 -9999 -9999 -9999 -9999 -9999 -9999 -9999 -9999 -9999 -9999 -9999 -9999 -9999 -9999 -9999 -9999 -9999 -9999 -9999 -9999 -9999 -9999 2.07474E-2 2.04179E-3 9.50872E-3 9.34592E-3 6.96977E-3 1.01966E-2 5.47602E-3 1.65257E-3 6.92397E-4 5.65837E-4 4.43863E-4 3.57869E-4 3.5913E-4 5.37274E-4 1.07143E-3 5.7827E-4 9.66563E-4 6.87156E-4 7.82088E-4 9.78057E-4 1.01919E-3 1.75366E-3 2.11058E-3 1.78784E-3 2.38956E-3 2.9083E-3 2.72275E-3 4.71622E-3 4.3835E-3 5.30067E-3 1.00184E-2 1.79438E-2 2.36615E-2 1.04903E-1 1.20682E-1 7.78506E-2 7.47369E-2 3.12441E-2
-9999 -9999 -9999 -9999 -9999 -9999 -9999 -9999 -9999 -9999 -9999 -9999 -9999 -9999 -9999 -9999 -9999 -9999 -9999 -9999 -9999 -9999 -9999 -9999 -9999 -9999 -9999 -9999 1.57121E-2 2.30141E-3 8.81544E-3 1.5478E-2 1.02692E-2 8.21452E-3 7.62377E-3 2.77177E-3 1.08811E-3 5.52757E-4 4.25951E-4 3.64205E-4 4.97871E-4 5.47651E-4 1.09508E-3 9.49396E-4 8.47779E-4 9.23858E-4 8.74377E-4 1.52249E-3 1.59073E-3 1.71956E-3 1.45407E-3 1.60389E-3 2.49936E-3 2.16146E-3 3.57541E-3 3.25421E-3 3.81871E-3 5.79976E-3 9.36562E-3 1.23738E-2 3.92231E-2 1.43159E-1 5.2905E-2 5.5142E-2 3.54077E-2 2.3359E-2
-9999 -9999 -9999 -9999 -9999 -9999 -9999 -9999 -9999 -9999 -9999 -9999 -9999 -9999 -9999 -9999 -9999 -9999 -9999 -9999 -9999 -9999 -9999 -9999 -9999 -9999 -9999 -9999 1.41611E-2 1.93159E-3 9.72882E-3 1.65676E-2 1.15731E-2 8.5919E-3 7.30857E-3 2.40245E-3 1.0495E-3 3.34054E-4 5.68946E-4 5.54979E-4 5.36297E-4 5.86966E-4 1.18419E-3 1.04801E-3 5.8318E-4 7.10956E-4 8.90055E-4 1.77795E-3 1.6854E-3 1.39334E-3 2.09553E-3 1.80837E-3 2.45625E-3 1.9345E-3 2.49789E-3 2.80333E-3 4.43853E-3 5.56833E-3 9.43297E-3 1.68414E-2 6.50045E-2 1.32654E-1 6.6845E-2 2.8745E-2 1.77203E-2 2.30723E-2
-9999 -9999 -9999 -9999 -9999 -9999 -9999 -9999 -9999 -9999 -9999 -9999 -9999 -9999 -9999 -9999 -9999 -9999 -9999 -9999 -9999 -9999 -9999 -9999 -9999 -9999 -9999 -9999 8.49885E-4 1.91033E-3 8.65596E-3 1.4294E-2 9.86574E-3 9.68652E-3 5.872E-3 1.82101E-3 9.36002E-4 4.77579E-4 5.58088E-4 4.30485E-4 7.09911E-4 7.35098E-4 1.19036E-3 8.84595E-4 9.69393E-4 1.00026E-3 1.10063E-3 1.00272E-3 1.19276E-3 1.3648E-3 1.67012E-3 2.33965E-3 2.44379E-3 2.72239E-3 2.30767E-3 2.39131E-3 4.02097E-3 4.99875E-3 9.09189E-3 2.21346E-2 7.43664E-2 7.40217E-2 3.12033E-2 1.9381E-2 1.15357E-2 2.15169E-2
-9999 -9999 -9999 -9999 -9999 -9999 -9999 -9999 -9999 -9999 -9999 -9999 -9999 -9999 -9999 -9999 -9999 -9999 -9999 -9999 -9999 -9999 -9999 -9999 -9999 -9999 -9999 -9999 1.01207E-3 1.46434E-3 9.06207E-3 1.08669E-2 7.84751E-3 9.58878E-3 6.07325E-3 2.33067E-3 1.05304E-3 5.28124E-4 5.95961E-4 6.62751E-4 7.58168E-4 7.92125E-4 7.93733E-4 1.09417E-3 1.2014E-3 6.72682E-4 7.93921E-4 1.01521E-3 1.80074E-3 1.39089E-3 2.24753E-3 1.80018E-3 2.80911E-3 2.63599E-3 1.94796E-3 2.4222E-3 3.7415E-3 4.66831E-3 7.74102E-3 1.56358E-2 5.29224E-2 6.28142E-2 2.90615E-2 1.08844E-2 1.3418E-2 1.31056E-2
-9999 -9999 -9999 -9999 -9999 -9999 -9999 -9999 -9999 -9999 -9999 -9999 -9999 -9999 -9999 -9999 -9999 -9999 -9999 -9999 -9999 -9999 -9999 -9999 -9999 -9999 2.09605E-3 1.75915E-3 7.51555E-4 1.49953E-3 1.0276E-3 1.01623E-2 1.1126E-2 9.64385E-3 4.93033E-3 1.98403E-3 9.62964E-4 8.82287E-4 9.20626E-4 1.08291E-3 8.09107E-4 8.68042E-4 9.6828E-4 1.63568E-3 1.35115E-3 1.05829E-3 1.18345E-3 1.34002E-3 1.24434E-3 1.32138E-3 1.53523E-3 2.50627E-3 2.89369E-3 3.03017E-3 2.23178E-3 3.14378E-3 3.80447E-3 5.03918E-3 6.88829E-3 9.20713E-3 3.93484E-2 8.23092E-2 2.31521E-2 1.03824E-2 9.58198E-3 9.40049E-3
-9999 -9999 -9999 -9999 -9999 -9999 -9999 -9999 -9999 -9999 -9999 -9999 -9999 -9999 -9999 -9999 -9999 -9999 -9999 -9999 -9999 -9999 -9999 -9999 -9999 -9999 2.07175E-3 2.83139E-3 1.65277E-3 1.52029E-3 1.05806E-3 1.06314E-2 1.14478E-2 8.41802E-3 4.92534E-3 1.77955E-3 9.08235E-4 7.67443E-4 1.17845E-3 1.27427E-3 1.46862E-3 9.77488E-4 1.07088E-3 1.54738E-3 1.89156E-3 1.98993E-3 1.18164E-3 1.23676E-3 1.07523E-3 1.23907E-3 1.46716E-3 2.26038E-3 1.95489E-3 3.00647E-3 2.46855E-3 3.39564E-3 3.37971E-3 5.04413E-3 6.0909E-3 1.20993E-2 2.68586E-2 8.39395E-2 2.70532E-2 9.41092E-3 7.53201E-3 5.74493E-3
-9999 -9999 -9999 -9999 -9999 -9999 -9999 -9999 -9999 -9999 -9999 -9999 -9999 -9999 -9999 -9999 -9999 -9999 -9999 -9999 -9999 -9999 -9999 -9999 -9999 -9999 2.81098E-3 2.65895E-3 1.51313E-3 1.26345E-3 6.4921E-4 1.3987E-2 1.5266E-2 9.55427E-3 4.72873E-3 2.44941E-3 1.23929E-3 1.01266E-3 1.39406E-3 2.22472E-3 3.26642E-3 1.40351E-3 1.19917E-3 1.69913E-3 1.15669E-3 1.09723E-3 1.42333E-3 9.73023E-4 1.05228E-3 2.73741E-3 2.31765E-3 2.19969E-3 2.54911E-3 2.00264E-3 2.03757E-3 2.23834E-3 4.06944E-3 5.17375E-3 6.71064E-3 1.46934E-2 5.03485E-2 9.71503E-2 2.09968E-2 8.16102E-3 5.54407E-3 5.1131E-3
-9999 -9999 -9999 -9999 -9999 -9999 -9999 -9999 -9999 -9999 -9999 -9999 -9999 -9999 -9999 -9999 -9999 -9999 -9999 -9999 -9999 -9999 -9999 -9999 -9999 -9999 2.08083E-3 2.76716E-3 9.46573E-4 1.11516E-3 6.16756E-4 9.13349E-3 1.59816E-2 8.88188E-3 4.88793E-3 3.9486E-3 2.21728E-3 1.43744E-3 1.45795E-3 3.10137E-3 3.26905E-3 1.935E-3 1.35407E-3 2.1242E-3 1.87732E-3 1.47721E-3 1.34615E-3 1.3001E-3 1.07455E-3 1.35292E-3 2.14153E-3 2.23166E-3 2.59097E-3 1.86532E-3 2.246E-3 2.4447E-3 5.91216E-3 5.6834E-3 1.08858E-2 5.98805E-2 7.10182E-2 1.18604E-1 1.65849E-2 7.89616E-3 5.8114E-3 5.33899E-3
-9999 -9999 -9999 -9999 -9999 -9999 -9999 -9999 -9999 -9999 -9999 -9999 -9999 -9999 -9999 -9999 -9999 -9999 -9999 -9999 -9999 -9999 -9999 -9999 -9999 -9999 1.93086E-3 4.48511E-4 8.32196E-4 8.67666E-4 4.60602E-4 3.77629E-3 1.54917E-2 9.046E-3 5.27744E-3 4.14271E-3 2.67527E-3 1.6729E-3 2.00808E-3 2.07636E-3 2.3766E-3 2.03081E-3 1.55942E-3 2.62218E-3 3.88421E-3 1.99152E-3 1.33321E-3 1.36949E-3 1.57582E-3 1.47793E-3 2.16571E-3 2.22363E-3 1.91468E-3 3.76006E-3 2.70235E-3 3.39517E-3 6.37185E-3 8.90058E-3 2.80493E-2 1.03021E-1 5.16176E-2 1.27843E-2 8.69524E-3 9.06156E-3 6.90945E-3 6.01802E-3
-9999 -9999 -9999 -9999 -9999 -9999 -9999 -9999 -9999 -9999 -9999 -9999 -9999 -9999 -9999 -9999 -9999 -9999 -9999 -9999 -9999 -9999 -9999 -9999 -9999 -9999 2.31733E-3 9.9992E-4 1.42698E-3 1.47063E-3 6.024E-4 3.67609E-3 9.52609E-3 9.20004E-3 5.13478E-3 3.98937E-3 3.29305E-3 2.64351E-3 2.06833E-3 1.85239E-3 1.57107E-3 1.4101E-3 1.67426E-3 2.62534E-3 2.28894E-3 2.07845E-3 1.57797E-3 1.31874E-3 1.63151E-3 1.80893E-3 2.22149E-3 2.39144E-3 2.36828E-3 2.4357E-3 3.33124E-3 4.75076E-3 5.97457E-3 2.55273E-2 7.58713E-2 5.89503E-2 2.20101E-2 6.94443E-3 8.67704E-3 2.25857E-2 9.12142E-3 6.71142E-3
-9999 -9999 -9999 -9999 -9999 -9999 -9999 -9999 -9999 -9999 -9999 -9999 -9999 -9999 -9999 -9999 -9999 -9999 -9999 -9999 -9999 -9999 -9999 -9999 -9999 -9999 2.24446E-3 2.46366E-3 1.74097E-3 1.35442E-3 7.33171E-4 4.99802E-4 1.33831E-2 1.10366E-2 7.06814E-3 4.5077E-3 3.44949E-3 2.52858E-3 2.19666E-3 2.03918E-3 1.72835E-3 1.94186E-3 2.96253E-3 2.52047E-3 2.08926E-3 2.12015E-3 1.89225E-3 2.08707E-3 1.70476E-3 1.69672E-3 2.40959E-3 3.26445E-3 2.33048E-3 2.97396E-3 3.36276E-3 8.09473E-3 9.59971E-3 4.91544E-2 7.7641E-2 6.30384E-2 1.33373E-2 4.78047E-3 1.54393E-2 9.73838E-2 2.77617E-2 7.17429E-3
-9999 -9999 -9999 -9999 -9999 -9999 -9999 -9999 -9999 -9999 -9999 -9999 -9999 -9999 -9999 -9999 -9999 -9999 -9999 -9999 -9999 -9999 -9999 -9999 -9999 -9999 4.90642E-3 4.40845E-3 2.71742E-2 1.30126E-2 5.23286E-3 4.71155E-3 1.42258E-2 9.72068E-3 8.22857E-3 6.52541E-3 4.53007E-3 2.89227E-3 3.39028E-3 2.33577E-3 2.25171E-3 5.21456E-3 2.54067E-3 2.78471E-3 1.99284E-3 2.16027E-3 2.31605E-3 1.5539E-3 1.66644E-3 3.47896E-3 2.61676E-3 3.3748E-3 2.48189E-3 2.93399E-3 4.2665E-3 5.38679E-3 1.21359E-2 5.52423E-2 3.59039E-2 4.94255E-2 1.10784E-2 4.55725E-3 2.38822E-2 8.00014E-2 2.36893E-2 5.8261E-3
-9999 -9999 -9999 -9999 -9999 -9999 -9999 -9999 -9999 -9999 -9999 -9999 -9999 -9999 -9999 -9999 -9999 -9999 -9999 -9999 -9999 -9999 -9999 -9999 -9999 -9999 7.46879E-3 3.95824E-2 2.0786E-2 1.98567E-2 1.3668E-2 9.67437E-3 9.72165E-3 9.19642E-3 9.31221E-3 5.65702E-3 3.7018E-3 3.57963E-3 4.41523E-3 3.32282E-3 3.8726E-3 4.75147E-3 2.08747E-3 1.57976E-3 3.30889E-3 2.0771E-3 2.54429E-3 1.99073E-3 2.36665E-3 3.08881E-3 2.41953E-3 3.59097E-3 3.99359E-3 4.76539E-3 4.26543E-3 5.94844E-3 1.28284E-2 4.40169E-2 3.6883E-2 1.08684E-2 7.82054E-3 4.67265E-3 3.34029E-2 7.17624E-2 1.43504E-2 4.59914E-3
-9999 -9999 -9999 -9999 -9999 -9999 -9999 -9999 -9999 -9999 -9999 -9999 -9999 -9999 -9999 -9999 -9999 -9999 -9999 -9999 -9999 -9999 -9999 -9999 -9999 -9999 1.10114E-2 2.85726E-2 2.11889E-2 2.19545E-2 1.22288E-2 8.90396E-3 9.04626E-3 1.06724E-2 1.3204E-2 6.93914E-3 6.93363E-3 4.17696E-3 6.96356E-3 7.65918E-3 3.41928E-3 4.39552E-3 1.99296E-3 5.34612E-3 6.77913E-3 1.42187E-3 1.93644E-3 1.49878E-3 2.65231E-3 1.93204E-3 2.09535E-3 3.91633E-3 5.92379E-3 6.7255E-3 4.6105E-3 5.43268E-3 1.58677E-2 5.56904E-2 3.2855E-2 6.51413E-3 4.86511E-3 1.0573E-2 7.69939E-2 2.0688E-2 6.19934E-3 2.66102E-3
-9999 -9999 -9999 -9999 -9999 -9999 -9999 -9999 -9999 -9999 -9999 -9999 -9999 -9999 -9999 -9999 -9999 -9999 -9999 -9999 -9999 -9999 -9999 -9999 -9999 -9999 1.076E-2 2.89743E-2 1.89542E-2 1.24675E-2 1.00125E-2 8.77556E-3 9.48158E-3 1.46446E-2 1.72456E-2 9.88469E-3 7.39531E-3 6.31248E-3 1.10847E-2 5.43161E-3 3.99726E-3 3.9522E-3 1.30099E-2 1.37025E-2 4.42674E-3 1.28042E-3 2.4048E-3 1.62727E-3 2.58772E-3 2.15995E-3 2.32282E-3 7.30933E-3 5.2823E-3 6.06248E-3 4.81353E-3 1.06915E-2 3.3789E-2 3.289E-2 3.51236E-2 7.31328E-3 1.31142E-2 6.3021E-2 1.84474E-2 7.76404E-3 3.689E-3 2.33733E-3
-9999 -9999 -9999 -9999 -9999 -9999 -9999 -9999 -9999 -9999 -9999 -9999 -9999 -9999 -9999 -9999 -9999 -9999 -9999 -9999 -9999 -9999 -9999 -9999 -9999 -9999 2.25648E-3 3.3123E-2 2.05356E-2 1.36785E-2 1.01655E-2 1.0469E-2 1.43282E-2 1.41288E-2 1.33554E-2 1.12252E-2 9.8031E-3 7.52067E-3 8.2227E-3 6.88517E-3 4.10803E-3 4.32712E-3 7.63577E-3 1.21192E-2 8.95645E-3 1.67441E-3 2.61452E-3 2.29888E-3 3.03637E-3 2.1015E-3 5.42864E-3 1.06551E-2 6.14898E-3 2.98843E-3 4.97761E-3 1.42329E-2 2.5771E-2 2.40156E-2 4.0382E-2 1.18714E-2 1.38762E-2 4.79429E-2 1.75434E-2 6.19321E-3 2.40098E-3 2.05977E-3
-9999 -9999 -9999 -9999 -9999 -9999 -9999 -9999 -9999 -9999 -9999 -9999 -9999 -9999 -9999 -9999 -9999 -9999 -9999 -9999 -9999 -9999 -9999 -9999 -9999 -9999 6.71671E-4 1.24852E-3 4.78077E-4 2.71061E-4 1.04536E-2 1.26755E-2 1.9782E-2 1.89481E-2 1.52148E-2 1.32121E-2 9.69522E-3 8.09739E-3 9.04499E-3 7.86215E-3 4.94344E-3 3.6589E-3 3.34744E-3 4.89343E-3 3.434E-3 1.79692E-3 2.19602E-3 2.59279E-3 3.2545E-3 3.10536E-3 1.06563E-2 7.0411E-3 5.67444E-3 3.38366E-3 5.3616E-3 1.44194E-2 2.99704E-2 1.4565E-2 3.69342E-2 1.08289E-2 2.00806E-2 1.80525E-2 7.4919E-3 4.68879E-3 2.12134E-3 2.3999E-3
-9999 -9999 -9999 -9999 -9999 -9999 -9999 -9999 -9999 -9999 -9999 -9999 -9999 -9999 -9999 -9999 -9999 -9999 -9999 -9999 -9999 -9999 -9999 -9999 -9999 -9999 -9999 1.66148E-3 5.33234E-4 3.48449E-4 7.87622E-3 1.07938E-2 1.39849E-2 2.72938E-2 2.4417E-2 1.78638E-2 8.8268E-3 7.95367E-3 9.28782E-3 7.53433E-3 5.96643E-3 3.42349E-3 4.46504E-3 4.48672E-3 4.83775E-3 3.01424E-3 3.39293E-3 3.95888E-3 3.39807E-3 4.92996E-3 8.2205E-3 4.88327E-3 4.04074E-3 3.96234E-3 4.68297E-3 9.44867E-3 2.29708E-2 1.45099E-2 2.52582E-2 3.8759E-2 1.3555E-2 1.37489E-2 4.85573E-3 4.18379E-3 2.96933E-3 2.35291E-3
-9999 -9999 -9999 -9999 -9999 -9999 -9999 -9999 -9999 -9999 -9999 -9999 -9999 -9999 -9999 -9999 -9999 -9999 -9999 -9999 -9999 -9999 -9999 -9999 -9999 -9999 8.18876E-4 1.32763E-3 8.47807E-4 3.45396E-4 7.02149E-3 5.91179E-3 1.29658E-2 2.11338E-2 2.17097E-2 1.93131E-2 1.16471E-2 1.13331E-2 1.2392E-2 8.38316E-3 7.13142E-3 5.78393E-3 5.50575E-3 5.04432E-3 4.90099E-3 3.30389E-3 4.52729E-3 1.10273E-2 4.39578E-3 6.32796E-3 7.48663E-3 4.76862E-3 3.40842E-3 4.0834E-3 5.05811E-3 1.11955E-2 1.52144E-2 1.3604E-2 2.31822E-2 5.05709E-2 1.06533E-2 4.68087E-3 5.10546E-3 5.82787E-3 3.17829E-3 2.3835E-3
