Leopardus tigrinus/Leopardus_tigrinus.asc
ncols         515
nrows         545
xllcorner     -119.0
yllcorner     -58.333333333333
cellsize      0.166666666667
NODATA_value  -9999
[rows 290 to 318 of 545, columns 264 to 329 of 515]
-9999 -9999 -9999 1.79364E-3 3.71772E-3 1.04055E-2 1.13849E-2 6.36392E-3 9.4778E-3 4.6214E-3 8.35635E-3 1.37683E-2 1.02422E-2 5.38439E-3 6.86372E-3 2.34176E-2 6.36267E-3 7.42657E-3 1.09497E-2 1.21303E-2 1.24328E-2 1.13157E-2 9.443E-3 1.25104E-2 1.81435E-2 2.72294E-2 4.13606E-2 5.04116E-2 7.94201E-2 8.86172E-2 1.78803E-1 3.16794E-1 6.83257E-1 8.45265E-1 9.33797E-1 9.34916E-1 6.40086E-1 2.86262E-1 2.23191E-1 2.58213E-1 3.9893E-1 8.79363E-1 8.85228E-1 8.94603E-1 6.3959E-1 8.24327E-1 6.49542E-1 7.65852E-1 4.35853E-1 4.43897E-1 3.43382E-1 1.55472E-1 1.29277E-1 1.07564E-1 1.01852E-1 7.72748E-2 7.67314E-2 7.38939E-2 7.34939E-2 7.04658E-2 7.14726E-2 9.78132E-2 9.69293E-2 9.56626E-2 9.52225E-2 9.66756E-2
-9999 -9999 -9999 -9999 -9999 2.2536E-3 2.19774E-2 2.12189E-2 1.84199E-2 1.07324E-2 1.55529E-2 5.43085E-3 4.44331E-3 6.68329E-3 1.70784E-2 2.13056E-2 7.37643E-3 4.93903E-3 5.35354E-3 6.5784E-3 9.88647E-3 5.65603E-3 1.01601E-2 1.21042E-2 1.46949E-2 2.38235E-2 3.64493E-2 4.60713E-2 6.05854E-2 8.86814E-2 1.26464E-1 2.12565E-1 2.68052E-1 6.59421E-1 9.37549E-1 8.65886E-1 7.44634E-1 2.08543E-1 1.35285E-1 1.53406E-1 2.33382E-1 6.47332E-1 8.7658E-1 8.05463E-1 8.15618E-1 7.37823E-1 7.34388E-1 6.31816E-1 5.21222E-1 5.19674E-1 5.5798E-1 2.53488E-1 1.41888E-1 1.08465E-1 1.04098E-1 8.07088E-2 7.94853E-2 7.59374E-2 7.40183E-2 7.29537E-2 7.39158E-2 7.75121E-2 7.51351E-2 9.77456E-2 9.99804E-2 9.78022E-2
-9999 -9999 -9999 -9999 -9999 -9999 -9999 7.26995E-3 1.30722E-2 1.61025E-2 2.08489E-2 1.77427E-2 1.3418E-2 1.84708E-2 1.73635E-2 1.44934E-2 2.21627E-2 1.29983E-2 7.23071E-3 6.27281E-3 1.15295E-2 8.01851E-3 9.01143E-3 1.13422E-2 1.47859E-2 2.71036E-2 3.42429E-2 4.24128E-2 5.05013E-2 7.73627E-2 1.10895E-1 1.52503E-1 2.25562E-1 3.64329E-1 6.15426E-1 5.12516E-1 6.03721E-1 4.6019E-1 1.85258E-1 9.09705E-2 1.14471E-1 2.06727E-1 6.37863E-1 7.87741E-1 6.93764E-1 6.95801E-1 7.03337E-1 7.04077E-1 7.1019E-1 7.03011E-1 6.19289E-1 4.88238E-1 2.74035E-1 1.39937E-1 1.09243E-1 8.31648E-2 7.98762E-2 7.86794E-2 7.67846E-2 7.55419E-2 7.74713E-2 7.90087E-2 1.01196E-1 1.02146E-1 7.91587E-2 7.72588E-2
-9999 -9999 -9999 -9999 -9999 -9999 -9999 -9999 -9999 -9999 8.84425E-3 1.20205E-2 1.2525E-2 1.60465E-2 1.42859E-2 1.26137E-2 1.86008E-2 2.12682E-2 1.38281E-2 1.16398E-2 7.00489E-3 7.07356E-3 1.30259E-2 1.09453E-2 1.57209E-2 2.60616E-2 2.8997E-2 3.06249E-2 3.91486E-2 6.25512E-2 7.86443E-2 1.13108E-1 1.37323E-1 1.62884E-1 2.36411E-1 2.71724E-1 5.59488E-1 2.52415E-1 8.87733E-2 5.39907E-2 5.84689E-2 8.67584E-2 1.47386E-1 5.31232E-1 6.65251E-1 5.56397E-1 5.74586E-1 4.90199E-1 4.97421E-1 5.88757E-1 5.97785E-1 5.97775E-1 5.44782E-1 2.14479E-1 1.07932E-1 8.54157E-2 8.15969E-2 8.11433E-2 7.973E-2 7.90771E-2 8.2311E-2 1.05085E-1 8.1356E-2 1.04416E-1 1.04852E-1 1.03049E-1
-9999 -9999 -9999 -9999 -9999 -9999 -9999 -9999 -9999 -9999 -9999 3.84397E-3 9.45039E-4 3.03657E-3 1.02712E-2 1.49508E-2 1.36204E-2 1.17167E-2 1.43644E-2 8.29908E-3 5.45741E-3 5.59454E-3 7.72843E-3 1.42681E-2 1.60544E-2 2.39986E-2 2.13148E-2 2.33475E-2 3.31273E-2 5.34079E-2 6.04576E-2 5.64154E-2 7.11839E-2 9.48754E-2 1.43359E-1 1.6328E-1 2.87744E-1 1.18695E-1 7.72435E-2 3.8278E-2 3.47948E-2 9.67339E-2 8.65094E-2 1.81825E-1 3.96065E-1 5.14778E-1 5.3565E-1 3.47521E-1 1.96177E-1 4.4543E-1 4.00749E-1 4.70041E-1 4.77031E-1 5.12089E-1 2.33719E-1 9.60582E-2 8.28612E-2 8.25839E-2 8.16215E-2 8.18712E-2 8.39284E-2 8.31372E-2 8.28043E-2 1.06333E-1 1.09041E-1 1.07043E-1
-9999 -9999 -9999 -9999 -9999 -9999 -9999 -9999 -9999 -9999 -9999 -9999 -9999 -9999 3.03023E-3 4.78704E-3 1.85034E-2 1.96221E-2 1.54936E-2 1.89124E-2 1.03572E-2 5.35574E-3 5.10041E-3 1.0471E-2 1.03408E-2 1.41863E-2 2.34978E-2 1.47066E-2 2.63204E-2 3.10296E-2 4.61247E-2 3.45737E-2 4.99979E-2 6.39937E-2 6.77161E-2 5.42585E-2 7.57085E-2 6.97378E-2 5.59126E-2 4.35654E-2 2.88031E-2 5.21458E-2 9.93605E-2 1.69597E-1 2.08287E-1 2.06274E-1 3.76125E-1 2.49411E-1 1.78886E-1 2.46568E-1 1.5354E-1 2.41181E-1 3.71371E-1 3.73625E-1 4.91033E-1 1.45177E-1 8.95818E-2 8.38148E-2 8.20546E-2 8.21366E-2 8.36574E-2 8.25985E-2 8.29601E-2 8.60169E-2 1.11156E-1 1.11946E-1
-9999 -9999 -9999 -9999 -9999 -9999 -9999 -9999 -9999 -9999 -9999 -9999 -9999 -9999 -9999 -9999 6.66909E-3 2.1246E-2 1.76456E-2 1.36569E-2 1.28845E-2 2.19739E-2 1.39315E-2 7.47038E-3 5.34793E-3 1.40703E-2 1.91037E-2 1.77963E-2 1.7229E-2 2.33296E-2 2.57638E-2 2.98643E-2 3.47962E-2 4.32045E-2 3.55429E-2 2.86142E-2 3.31563E-2 3.39504E-2 4.95923E-2 3.80023E-2 3.38956E-2 3.33658E-2 6.10751E-2 1.03057E-1 7.43934E-2 1.11576E-1 1.41684E-1 2.00928E-1 1.6907E-1 1.25651E-1 9.99199E-2 1.18243E-1 2.23157E-1 2.32002E-1 4.01247E-1 3.29985E-1 1.38826E-1 9.5436E-2 8.37665E-2 8.20624E-2 8.19659E-2 8.30214E-2 8.26379E-2 8.61758E-2 1.11649E-1 1.14579E-1
-9999 -9999 -9999 -9999 -9999 -9999 -9999 -9999 -9999 -9999 -9999 -9999 -9999 -9999 -9999 -9999 -9999 2.6183E-3 4.7509E-3 3.84281E-3 1.04512E-2 1.34045E-2 1.40757E-2 1.30796E-2 1.10705E-2 9.04866E-3 1.62492E-2 1.94921E-2 1.41306E-2 1.87572E-2 1.86174E-2 2.18234E-2 2.28375E-2 2.72442E-2 2.85431E-2 2.80145E-2 3.24449E-2 2.65857E-2 3.90311E-2 3.41882E-2 3.24406E-2 2.04347E-2 2.89974E-2 4.52708E-2 4.55383E-2 4.69812E-2 4.6705E-2 9.22692E-2 1.06774E-1 1.00871E-1 1.01589E-1 8.57822E-2 7.6186E-2 1.19082E-1 2.75336E-1 4.15623E-1 3.52193E-1 1.36131E-1 1.04145E-1 1.00717E-1 8.81521E-2 8.3939E-2 8.51443E-2 8.6044E-2 8.78673E-2 9.20753E-2
-9999 -9999 -9999 -9999 -9999 -9999 -9999 -9999 -9999 -9999 -9999 -9999 -9999 -9999 -9999 -9999 -9999 -9999 1.5551E-3 2.99898E-3 9.43013E-3 1.69419E-2 1.21975E-2 1.37199E-2 1.51069E-2 7.41254E-3 8.95921E-3 9.00623E-3 1.08938E-2 1.4401E-2 1.40986E-2 1.28377E-2 1.50645E-2 2.1232E-2 2.40862E-2 2.53373E-2 2.08182E-2 2.07551E-2 2.4539E-2 2.64854E-2 2.88761E-2 2.49272E-2 1.83457E-2 2.40414E-2 2.05803E-2 1.77417E-2 2.44762E-2 4.08031E-2 6.43289E-2 6.8533E-2 6.81405E-2 8.97498E-2 8.22054E-2 6.98012E-2 1.14349E-1 1.87026E-1 2.57088E-1 4.58323E-1 3.24629E-1 2.33992E-1 1.31834E-1 1.35908E-1 1.03269E-1 9.57275E-2 9.02501E-2 9.35282E-2
-9999 -9999 -9999 -9999 -9999 -9999 -9999 -9999 -9999 -9999 -9999 -9999 -9999 -9999 -9999 -9999 -9999 -9999 -9999 -9999 -9999 1.0727E-2 2.3942E-2 1.35378E-2 1.41433E-2 1.95617E-2 1.76702E-2 1.2342E-2 9.68018E-3 1.25066E-2 1.65777E-2 1.44881E-2 9.63051E-3 1.19384E-2 1.80594E-2 2.20896E-2 2.26086E-2 1.9107E-2 1.98717E-2 2.20156E-2 2.428E-2 1.8962E-2 1.26007E-2 1.05869E-2 1.00383E-2 1.38246E-2 1.99678E-2 2.53582E-2 2.9978E-2 4.04359E-2 4.84861E-2 4.47806E-2 3.10781E-2 4.59057E-2 4.36348E-2 3.51211E-2 6.42046E-2 1.92296E-1 4.05877E-1 4.38909E-1 3.50307E-1 2.91064E-1 2.64899E-1 1.97536E-1 1.48952E-1 1.09629E-1
-9999 -9999 -9999 -9999 -9999 -9999 -9999 -9999 -9999 -9999 -9999 -9999 -9999 -9999 -9999 -9999 -9999 -9999 -9999 -9999 -9999 2.70324E-3 9.72357E-3 2.07491E-2 1.40265E-2 1.48816E-2 1.78222E-2 3.16196E-2 7.45305E-3 5.41091E-3 1.59373E-2 1.17027E-2 6.51466E-3 7.35117E-3 1.41154E-2 1.85728E-2 2.046E-2 1.65109E-2 1.75021E-2 1.42348E-2 1.82846E-2 1.37314E-2 9.41262E-3 6.91137E-3 7.35467E-3 1.09148E-2 1.05558E-2 1.5373E-2 2.65244E-2 2.83003E-2 3.10645E-2 2.76187E-2 2.93355E-2 4.64425E-2 4.3305E-2 4.2086E-2 2.65523E-2 4.33042E-2 7.79005E-2 2.04316E-1 3.00841E-1 4.56192E-1 5.15845E-1 6.27825E-1 4.62019E-1 3.26166E-1
-9999 -9999 -9999 -9999 -9999 -9999 -9999 -9999 -9999 -9999 -9999 -9999 -9999 -9999 -9999 -9999 -9999 -9999 -9999 -9999 -9999 1.3893E-3 5.10126E-3 3.19851E-2 8.7709E-3 1.06295E-2 1.65685E-2 2.18747E-2 2.47446E-2 9.62832E-3 7.39201E-3 8.23221E-3 9.48984E-3 7.56728E-3 9.58099E-3 1.20483E-2 1.20197E-2 1.01225E-2 1.12362E-2 1.07991E-2 1.1816E-2 1.31332E-2 8.36085E-3 5.51592E-3 6.07418E-3 7.535E-3 8.05143E-3 8.2438E-3 1.50662E-2 1.78421E-2 2.30464E-2 2.86553E-2 2.90022E-2 3.52973E-2 3.68272E-2 2.65697E-2 2.95666E-2 4.26317E-2 3.74754E-2 4.64988E-2 8.25358E-2 2.79927E-1 5.4916E-1 5.21206E-1 6.24684E-1 5.77359E-1
-9999 -9999 -9999 -9999 -9999 -9999 -9999 -9999 -9999 -9999 -9999 -9999 -9999 -9999 -9999 -9999 -9999 -9999 -9999 -9999 -9999 -9999 -9999 2.40071E-3 5.31651E-3 5.71535E-3 4.19317E-3 8.1965E-3 1.95184E-2 2.8199E-2 4.66042E-3 6.39884E-3 5.28654E-3 7.05346E-3 7.47714E-3 7.44172E-3 9.00397E-3 7.99978E-3 9.6726E-3 1.00472E-2 8.95581E-3 9.69838E-3 1.09855E-2 6.55677E-3 4.64904E-3 5.88421E-3 5.40848E-3 8.0202E-3 1.02745E-2 1.34923E-2 1.27723E-2 1.85183E-2 2.19813E-2 3.48044E-2 6.18846E-2 4.33791E-2 4.0037E-2 4.12533E-2 3.40071E-2 5.04888E-2 7.41303E-2 1.00644E-1 1.42902E-1 1.95009E-1 3.03733E-1 5.0624E-1
-9999 -9999 -9999 -9999 -9999 -9999 -9999 -9999 -9999 -9999 -9999 -9999 -9999 -9999 -9999 -9999 -9999 -9999 -9999 -9999 -9999 -9999 -9999 -9999 3.06006E-3 2.21385E-3 2.47727E-3 3.36845E-3 6.43593E-3 2.45402E-2 4.30273E-3 3.36632E-3 5.58978E-3 6.56277E-3 5.25873E-3 8.19978E-3 8.04533E-3 6.70627E-3 6.36755E-3 9.39851E-3 8.71508E-3 5.73252E-3 5.56431E-3 7.89662E-3 4.67146E-3 4.8018E-3 4.18924E-3 7.83981E-3 1.07986E-2 1.25771E-2 1.03915E-2 1.36486E-2 1.86025E-2 1.99922E-2 3.52175E-2 4.80229E-2 4.37312E-2 3.47536E-2 3.02461E-2 4.13861E-2 6.7892E-2 8.40979E-2 1.03619E-1 1.45171E-1 2.47369E-1 3.18744E-1
-9999 -9999 -9999 -9999 -9999 -9999 -9999 -9999 -9999 -9999 -9999 -9999 -9999 -9999 -9999 -9999 -9999 -9999 -9999 -9999 -9999 -9999 -9999 -9999 -9999 -9999 1.18931E-3 1.57314E-3 4.17277E-3 1.62234E-2 8.63378E-3 3.25235E-3 4.48562E-3 4.65868E-3 4.79247E-3 5.39194E-3 4.85961E-3 4.37244E-3 5.46678E-3 4.84838E-3 4.08256E-3 3.77285E-3 3.40003E-3 5.08599E-3 4.10273E-3 3.15431E-3 3.3443E-3 4.4599E-3 6.90764E-3 1.01609E-2 8.80181E-3 1.03917E-2 1.78985E-2 2.67871E-2 3.39456E-2 5.45153E-2 5.63085E-2 4.70426E-2 4.09477E-2 4.33686E-2 6.24257E-2 6.20534E-2 9.12542E-2 1.49319E-1 2.3885E-1 3.17463E-1
-9999 -9999 -9999 -9999 -9999 -9999 -9999 -9999 -9999 -9999 -9999 -9999 -9999 -9999 -9999 -9999 -9999 -9999 -9999 -9999 -9999 -9999 -9999 -9999 -9999 -9999 -9999 1.57509E-3 4.13451E-3 2.16041E-2 2.45948E-2 2.58264E-3 2.41026E-3 3.37431E-3 2.75073E-3 7.87756E-3 4.0515E-3 3.70515E-3 2.96879E-3 2.35247E-3 1.95162E-3 2.32261E-3 2.49509E-3 2.765E-3 2.92939E-3 2.46177E-3 2.79352E-3 3.82151E-3 6.36777E-3 7.94445E-3 9.36653E-3 9.82776E-3 1.47541E-2 2.12479E-2 3.59125E-2 5.03117E-2 6.96804E-2 6.64017E-2 5.8134E-2 6.59778E-2 8.48781E-2 8.38161E-2 8.67564E-2 1.56916E-1 2.43074E-1 3.08103E-1
-9999 -9999 -9999 -9999 -9999 -9999 -9999 -9999 -9999 -9999 -9999 -9999 -9999 -9999 -9999 -9999 -9999 -9999 -9999 -9999 -9999 -9999 -9999 -9999 -9999 -9999 -9999 3.46532E-3 5.24978E-4 2.36049E-2 2.20118E-2 3.37013E-3 1.35979E-3 3.90078E-3 2.89388E-3 3.0546E-3 3.06636E-3 2.66634E-3 2.31872E-3 2.37289E-3 2.66092E-3 2.17488E-3 2.48986E-3 2.08943E-3 3.03865E-3 2.57706E-3 7.53516E-3 7.15677E-3 3.91035E-3 8.35853E-3 8.84984E-3 1.19822E-2 1.25042E-2 1.88449E-2 3.05751E-2 5.62893E-2 6.75772E-2 9.14401E-2 9.00321E-2 9.32685E-2 1.14332E-1 1.14466E-1 1.30798E-1 2.13891E-1 2.60887E-1 2.97119E-1
-9999 -9999 -9999 -9999 -9999 -9999 -9999 -9999 -9999 -9999 -9999 -9999 -9999 -9999 -9999 -9999 -9999 -9999 -9999 -9999 -9999 -9999 -9999 -9999 -9999 -9999 -9999 6.05262E-3 8.85929E-4 2.05674E-2 2.63985E-2 5.90556E-3 1.67865E-3 2.38042E-3 2.5191E-3 3.01053E-3 3.41211E-3 2.47007E-3 1.84847E-3 1.83432E-3 2.42202E-3 1.82679E-3 1.94433E-3 2.32907E-3 2.89787E-3 3.27202E-3 8.20046E-3 1.93701E-2 6.69348E-3 7.15942E-3 7.61639E-3 1.08453E-2 1.13172E-2 1.50325E-2 2.07995E-2 3.98533E-2 5.48759E-2 8.37394E-2 1.14398E-1 9.20984E-2 1.02775E-1 1.12282E-1 1.36855E-1 1.99969E-1 2.71199E-1 3.7371E-1
-9999 -9999 -9999 -9999 -9999 -9999 -9999 -9999 -9999 -9999 -9999 -9999 -9999 -9999 -9999 -9999 -9999 -9999 -9999 -9999 -9999 -9999 -9999 -9999 -9999 -9999 -9999 5.69434E-3 1.66787E-3 2.47993E-2 2.82485E-2 1.17582E-2 2.7333E-3 1.54771E-3 1.8623E-3 2.71832E-3 3.21159E-3 2.66886E-3 2.66098E-3 1.54754E-3 1.91776E-3 1.86419E-3 1.65393E-3 1.81609E-3 2.24908E-3 2.50493E-3 3.20491E-3 1.57894E-2 1.96879E-2 8.54275E-3 6.70601E-3 5.61728E-3 8.56475E-3 1.44857E-2 1.61575E-2 2.97089E-2 5.2868E-2 1.06484E-1 1.15684E-1 1.17791E-1 1.27953E-1 1.16933E-1 1.26629E-1 2.09599E-1 3.6615E-1 4.17784E-1
-9999 -9999 -9999 -9999 -9999 -9999 -9999 -9999 -9999 -9999 -9999 -9999 -9999 -9999 -9999 -9999 -9999 -9999 -9999 -9999 -9999 -9999 -9999 -9999 -9999 -9999 -9999 -9999 1.57213E-3 1.68015E-2 2.36198E-2 1.28852E-2 2.36446E-3 1.10878E-3 1.25841E-3 2.33236E-3 1.58494E-3 2.13318E-3 1.78082E-3 1.84274E-3 2.21139E-3 3.83134E-3 2.68832E-3 1.46675E-3 1.68536E-3 1.85211E-3 2.31149E-3 9.46535E-3 2.23986E-2 7.55416E-3 3.96252E-3 4.11893E-3 7.28873E-3 1.18445E-2 2.25848E-2 3.56624E-2 7.1921E-2 1.07829E-1 1.39798E-1 1.35423E-1 1.34206E-1 1.3322E-1 1.69995E-1 2.12657E-1 3.67137E-1 3.70096E-1
-9999 -9999 -9999 -9999 -9999 -9999 -9999 -9999 -9999 -9999 -9999 -9999 -9999 -9999 -9999 -9999 -9999 -9999 -9999 -9999 -9999 -9999 -9999 -9999 -9999 -9999 -9999 -9999 1.17464E-3 1.77456E-2 2.09495E-2 2.1062E-2 3.54686E-3 1.14897E-3 8.6588E-4 1.404E-3 1.51178E-3 1.02874E-3 9.8577E-4 2.41871E-3 8.6768E-3 8.97763E-3 2.28689E-3 1.5018E-3 1.36706E-3 1.49598E-3 1.87162E-3 2.66981E-3 3.30293E-3 5.02189E-3 4.49017E-3 3.01219E-3 5.50299E-3 9.62431E-3 1.35005E-2 4.21233E-2 6.01077E-2 1.10675E-1 1.40854E-1 1.28835E-1 1.35411E-1 1.46162E-1 2.00728E-1 2.43701E-1 3.79069E-1 4.14158E-1
-9999 -9999 -9999 -9999 -9999 -9999 -9999 -9999 -9999 -9999 -9999 -9999 -9999 -9999 -9999 -9999 -9999 -9999 -9999 -9999 -9999 -9999 -9999 -9999 -9999 -9999 -9999 -9999 9.94546E-4 1.55328E-2 1.99908E-2 1.79811E-2 7.35887E-3 2.00199E-3 1.18231E-3 1.01336E-3 1.29345E-3 7.63347E-4 8.37246E-4 3.37833E-3 1.32539E-2 1.66025E-2 1.01556E-2 3.03091E-3 1.90082E-3 1.29636E-3 1.90575E-3 2.12014E-3 2.36017E-3 3.42134E-3 3.55333E-3 2.83044E-3 3.86362E-3 8.2677E-3 1.95352E-2 3.76762E-2 3.76438E-2 7.14749E-2 1.10233E-1 1.31917E-1 1.39159E-1 1.46729E-1 2.46904E-1 3.07858E-1 4.09631E-1 4.86567E-1
-9999 -9999 -9999 -9999 -9999 -9999 -9999 -9999 -9999 -9999 -9999 -9999 -9999 -9999 -9999 -9999 -9999 -9999 -9999 -9999 -9999 -9999 -9999 -9999 -9999 -9999 -9999 -9999 4.92839E-4 1.88547E-2 1.90023E-2 1.88153E-2 9.76299E-3 4.18533E-3 1.37837E-3 6.75704E-4 1.08151E-3 7.99883E-4 8.1333E-4 8.1547E-4 3.11539E-3 5.31036E-3 1.74942E-3 1.15928E-3 1.65344E-3 1.52002E-3 1.39367E-3 1.67818E-3 1.65596E-3 2.24669E-3 2.9552E-3 2.68532E-3 3.59351E-3 4.50483E-3 1.34105E-2 1.9253E-2 3.74828E-2 6.30579E-2 9.54225E-2 7.29256E-2 1.36357E-1 1.5228E-1 2.11667E-1 3.54465E-1 3.79653E-1 4.82518E-1
-9999 -9999 -9999 -9999 -9999 -9999 -9999 -9999 -9999 -9999 -9999 -9999 -9999 -9999 -9999 -9999 -9999 -9999 -9999 -9999 -9999 -9999 -9999 -9999 -9999 -9999 -9999 -9999 1.69605E-4 3.5521E-2 1.90955E-2 1.25701E-2 1.31081E-2 4.93036E-3 1.40429E-3 6.95777E-4 8.2092E-4 1.28582E-3 7.61257E-4 5.37224E-4 7.61834E-4 1.61519E-3 1.58433E-3 1.36906E-3 3.36169E-3 9.04541E-3 3.7479E-3 1.15939E-3 1.26917E-3 1.17319E-3 1.79738E-3 2.40756E-3 3.56521E-3 5.01208E-3 9.20182E-3 1.11871E-2 3.337E-2 6.29766E-2 7.09629E-2 6.29059E-2 1.05388E-1 1.62276E-1 2.07799E-1 3.74082E-1 3.89423E-1 4.09068E-1
-9999 -9999 -9999 -9999 -9999 -9999 -9999 -9999 -9999 -9999 -9999 -9999 -9999 -9999 -9999 -9999 -9999 -9999 -9999 -9999 -9999 -9999 -9999 -9999 -9999 -9999 -9999 -9999 -9999 1.68188E-3 2.62346E-2 1.39663E-2 1.44063E-2 6.77817E-3 1.48917E-3 8.60949E-4 5.63703E-4 5.1599E-4 4.23043E-4 6.33195E-4 1.22846E-3 1.17095E-2 1.55925E-2 1.20963E-2 1.17764E-2 1.51311E-2 1.21404E-2 1.02594E-3 1.06798E-3 1.42502E-3 2.87443E-3 2.94173E-3 5.44741E-3 8.00849E-3 1.10496E-2 2.42403E-2 3.52216E-2 4.16759E-2 6.08264E-2 7.18658E-2 7.4705E-2 1.2872E-1 2.10472E-1 2.98052E-1 4.16188E-1 4.21628E-1
-9999 -9999 -9999 -9999 -9999 -9999 -9999 -9999 -9999 -9999 -9999 -9999 -9999 -9999 -9999 -9999 -9999 -9999 -9999 -9999 -9999 -9999 -9999 -9999 -9999 -9999 -9999 -9999 -9999 1.30463E-3 2.88098E-2 1.70647E-2 1.44021E-2 1.01615E-2 2.15136E-3 8.82257E-4 4.10641E-4 4.47389E-4 5.0797E-4 4.95369E-4 1.05219E-3 1.33941E-2 1.56755E-2 1.57565E-2 1.66782E-2 1.48227E-2 1.34056E-2 1.47217E-3 6.83564E-4 1.53668E-3 2.74268E-3 3.01099E-3 5.85717E-3 1.07308E-2 1.2106E-2 2.36788E-2 3.4E-2 3.83619E-2 4.3065E-2 6.40818E-2 5.1501E-2 7.87331E-2 2.34467E-1 2.41315E-1 4.03544E-1 4.24272E-1
-9999 -9999 -9999 -9999 -9999 -9999 -9999 -9999 -9999 -9999 -9999 -9999 -9999 -9999 -9999 -9999 -9999 -9999 -9999 -9999 -9999 -9999 -9999 -9999 -9999 -9999 -9999 -9999 -9999 1.30079E-3 1.30848E-2 1.5446E-2 8.80205E-3 1.12364E-2 2.55657E-3 5.5539E-4 3.29E-4 3.95609E-4 4.56012E-4 9.35864E-4 1.57874E-3 9.12877E-3 5.42404E-3 1.50308E-2 1.56163E-2 1.48775E-2 8.1727E-3 7.88467E-3 5.83791E-4 1.55629E-3 2.87608E-3 2.44086E-3 5.52672E-3 7.79364E-3 1.1447E-2 2.59218E-2 3.39697E-2 3.96612E-2 3.88323E-2 4.53844E-2 5.12324E-2 1.34026E-1 2.51534E-1 2.64936E-1 3.27966E-1 3.32384E-1
-9999 -9999 -9999 -9999 -9999 -9999 -9999 -9999 -9999 -9999 -9999 -9999 -9999 -9999 -9999 -9999 -9999 -9999 -9999 -9999 -9999 -9999 -9999 -9999 -9999 -9999 -9999 -9999 1.1323E-3 1.76175E-3 1.22791E-2 1.5515E-2 1.04212E-2 7.50238E-3 3.56015E-3 4.83545E-4 2.94239E-4 3.49239E-4 4.42504E-4 5.45499E-4 1.47592E-3 5.61925E-3 6.78033E-4 5.86236E-3 1.49175E-2 1.17505E-2 1.0974E-2 9.21397E-3 1.55168E-3 9.80034E-4 1.59719E-3 2.55695E-3 4.35151E-3 7.20711E-3 1.02743E-2 2.23592E-2 3.26871E-2 3.76468E-2 3.55557E-2 4.51512E-2 5.27201E-2 1.63873E-1 1.90105E-1 2.70314E-1 2.71821E-1 2.51104E-1
-9999 -9999 -9999 -9999 -9999 -9999 -9999 -9999 -9999 -9999 -9999 -9999 -9999 -9999 -9999 -9999 -9999 -9999 -9999 -9999 -9999 -9999 -9999 -9999 -9999 -9999 -9999 -9999 1.53322E-4 1.02982E-3 1.21494E-2 1.84681E-2 1.12397E-2 5.95624E-3 5.0456E-3 8.2241E-4 2.96482E-4 3.00526E-4 3.0116E-4 4.28787E-4 3.97819E-4 6.53207E-4 8.50535E-4 5.12305E-4 3.91706E-3 1.05158E-2 9.82465E-3 2.40963E-3 4.2179E-4 5.83044E-4 9.86652E-4 2.18906E-3 4.09948E-3 7.22372E-3 1.00368E-2 1.47579E-2 2.39227E-2 3.56545E-2 3.94473E-2 4.42854E-2 4.71157E-2 1.24946E-1 1.79907E-1 2.90069E-1 1.48513E-1 1.52239E-1
