Leopardus tigrinus/Leopardus_tigrinus_projection 2041-2060_novel.asc
ncols         515
nrows         545
xllcorner     -119.0
yllcorner     -58.333333333333
cellsize      0.166666666667
NODATA_value  -9999
[rows 240 to 269 of 545, columns 272 to 339 of 515]
1.25025E1 1.25025E1 2.04333E1 2.04333E1 2.04333E1 2.04333E1 2.04333E1 2.04333E1 2.04333E1 2.04333E1 2.04333E1 2.04333E1 2.04333E1 2.04333E1 2.04333E1 2.04333E1 2.04333E1 2.04333E1 2.04333E1 2.04333E1 2.04333E1 2.04333E1 2.04333E1 2.04333E1 2.04333E1 6.61896E0 6.61896E0 6.61896E0 6.61896E0 6.61896E0 6.61896E0 6.61896E0 6.61896E0 6.61896E0 6.61896E0 6.61896E0 6.61896E0 6.61896E0 6.61896E0 6.61896E0 6.61896E0 6.61896E0 6.61896E0 6.61896E0 6.61896E0 6.61896E0 6.61896E0 6.61896E0 6.61896E0 3.0809E0 3.0809E0 3.0809E0 3.0809E0 3.0809E0 3.0809E0 3.0809E0 6.61896E0 6.61896E0 6.61896E0 3.0809E0 6.61896E0 6.61896E0 3.0809E0 3.0809E0 6.61896E0 6.61896E0 6.61896E0 6.61896E0
1.25025E1 2.04333E1 2.04333E1 2.04333E1 2.04333E1 2.04333E1 2.04333E1 2.04333E1 2.04333E1 2.04333E1 2.04333E1 2.04333E1 2.04333E1 2.04333E1 2.04333E1 2.04333E1 2.04333E1 2.04333E1 2.04333E1 2.04333E1 2.04333E1 2.04333E1 2.04333E1 2.04333E1 2.04333E1 6.61896E0 6.61896E0 6.61896E0 6.61896E0 6.61896E0 6.61896E0 6.61896E0 6.61896E0 6.61896E0 6.61896E0 6.61896E0 6.61896E0 6.61896E0 6.61896E0 6.61896E0 6.61896E0 6.61896E0 6.61896E0 6.61896E0 6.61896E0 6.61896E0 3.0809E0 3.0809E0 3.0809E0 3.0809E0 3.0809E0 3.0809E0 3.0809E0 3.0809E0 6.61896E0 3.0809E0 6.61896E0 6.61896E0 6.61896E0 3.0809E0 6.61896E0 6.61896E0 3.0809E0 3.0809E0 6.61896E0 6.61896E0 6.61896E0 6.61896E0
2.04333E1 2.04333E1 2.04333E1 2.04333E1 2.04333E1 2.04333E1 2.04333E1 2.04333E1 2.04333E1 2.04333E1 2.04333E1 2.04333E1 2.04333E1 2.04333E1 2.04333E1 2.04333E1 2.04333E1 2.04333E1 2.04333E1 2.04333E1 2.04333E1 2.04333E1 2.04333E1 2.04333E1 2.04333E1 6.61896E0 6.61896E0 6.61896E0 6.61896E0 6.61896E0 6.61896E0 6.61896E0 6.61896E0 6.61896E0 6.61896E0 6.61896E0 6.61896E0 6.61896E0 6.61896E0 6.61896E0 6.61896E0 6.61896E0 6.61896E0 6.61896E0 6.61896E0 6.61896E0 6.61896E0 3.0809E0 3.0809E0 3.0809E0 3.0809E0 3.0809E0 3.0809E0 3.0809E0 3.0809E0 6.61896E0 6.61896E0 6.61896E0 3.0809E0 3.0809E0 6.61896E0 6.61896E0 3.0809E0 3.0809E0 6.61896E0 6.61896E0 6.61896E0 6.61896E0
2.04333E1 2.04333E1 2.04333E1 2.04333E1 2.04333E1 2.04333E1 2.04333E1 2.04333E1 2.04333E1 2.04333E1 2.04333E1 2.04333E1 2.04333E1 2.04333E1 2.04333E1 2.04333E1 2.04333E1 2.04333E1 2.04333E1 2.04333E1 2.04333E1 2.04333E1 2.04333E1 2.04333E1 2.04333E1 2.04333E1 6.61896E0 6.61896E0 6.61896E0 6.61896E0 6.61896E0 6.61896E0 6.61896E0 6.61896E0 6.61896E0 6.61896E0 6.61896E0 6.61896E0 6.61896E0 6.61896E0 6.61896E0 6.61896E0 6.61896E0 6.61896E0 6.61896E0 6.61896E0 6.61896E0 6.61896E0 3.0809E0 3.0809E0 3.0809E0 3.0809E0 3.0809E0 3.0809E0 3.0809E0 3.0809E0 6.61896E0 6.61896E0 6.61896E0 3.0809E0 6.61896E0 6.61896E0 6.61896E0 6.61896E0 6.61896E0 6.61896E0 6.61896E0 6.61896E0
1.25025E1 2.04333E1 2.04333E1 2.04333E1 2.04333E1 2.04333E1 2.04333E1 2.04333E1 2.04333E1 2.04333E1 2.04333E1 2.04333E1 2.04333E1 2.04333E1 2.04333E1 2.04333E1 2.04333E1 2.04333E1 2.04333E1 2.04333E1 2.04333E1 2.04333E1 2.04333E1 2.04333E1 2.04333E1 2.04333E1 6.61896E0 6.61896E0 6.61896E0 6.61896E0 6.61896E0 6.61896E0 6.61896E0 6.61896E0 6.61896E0 6.61896E0 6.61896E0 6.61896E0 6.61896E0 6.61896E0 6.61896E0 6.61896E0 6.61896E0 6.61896E0 6.61896E0 6.61896E0 6.61896E0 3.0809E0 3.0809E0 3.0809E0 3.0809E0 3.0809E0 3.0809E0 3.0809E0 3.0809E0 3.0809E0 6.61896E0 6.61896E0 6.61896E0 3.0809E0 6.61896E0 6.61896E0 6.61896E0 6.61896E0 6.61896E0 6.61896E0 6.61896E0 6.61896E0
1.25025E1 2.04333E1 2.04333E1 2.04333E1 2.04333E1 2.04333E1 2.04333E1 2.04333E1 2.04333E1 2.04333E1 2.04333E1 2.04333E1 2.04333E1 2.04333E1 2.04333E1 2.04333E1 2.04333E1 2.04333E1 2.04333E1 2.04333E1 2.04333E1 2.04333E1 2.04333E1 2.04333E1 2.04333E1 2.04333E1 2.04333E1 6.61896E0 6.61896E0 6.61896E0 6.61896E0 6.61896E0 6.61896E0 6.61896E0 6.61896E0 6.61896E0 6.61896E0 6.61896E0 6.61896E0 6.61896E0 6.61896E0 6.61896E0 6.61896E0 6.61896E0 6.61896E0 6.61896E0 3.0809E0 3.0809E0 3.0809E0 3.0809E0 3.0809E0 3.0809E0 3.0809E0 3.0809E0 3.0809E0 3.0809E0 6.61896E0 3.0809E0 3.0809E0 6.61896E0 6.61896E0 6.61896E0 6.61896E0 6.61896E0 6.61896E0 6.61896E0 6.61896E0 6.61896E0
1.25025E1 2.04333E1 2.04333E1 2.04333E1 6.61896E0 2.04333E1 2.04333E1 2.04333E1 2.04333E1 2.04333E1 2.04333E1 2.04333E1 2.04333E1 2.04333E1 2.04333E1 2.04333E1 2.04333E1 2.04333E1 2.04333E1 2.04333E1 2.04333E1 2.04333E1 2.04333E1 2.04333E1 2.04333E1 2.04333E1 2.04333E1 2.04333E1 6.61896E0 6.61896E0 6.61896E0 6.61896E0 6.61896E0 6.61896E0 6.61896E0 6.61896E0 6.61896E0 6.61896E0 6.61896E0 6.61896E0 6.61896E0 6.61896E0 6.61896E0 6.61896E0 6.61896E0 6.61896E0 6.61896E0 3.0809E0 3.0809E0 3.0809E0 3.0809E0 3.0809E0 3.0809E0 3.0809E0 3.0809E0 3.0809E0 3.0809E0 3.0809E0 3.0809E0 3.0809E0 6.61896E0 6.61896E0 6.61896E0 6.61896E0 6.61896E0 6.61896E0 6.61896E0 6.61896E0
6.61896E0 6.61896E0 6.61896E0 2.04333E1 6.61896E0 6.61896E0 2.04333E1 2.04333E1 2.04333E1 2.04333E1 2.04333E1 2.04333E1 2.04333E1 2.04333E1 2.04333E1 2.04333E1 2.04333E1 2.04333E1 2.04333E1 2.04333E1 2.04333E1 2.04333E1 2.04333E1 2.04333E1 2.04333E1 2.04333E1 6.61896E0 6.61896E0 6.61896E0 6.61896E0 6.61896E0 6.61896E0 6.61896E0 6.61896E0 6.61896E0 6.61896E0 6.61896E0 6.61896E0 6.61896E0 6.61896E0 3.0809E0 6.61896E0 6.61896E0 6.61896E0 6.61896E0 6.61896E0 3.0809E0 3.0809E0 3.0809E0 3.0809E0 3.0809E0 3.0809E0 3.0809E0 3.0809E0 3.0809E0 3.0809E0 3.0809E0 3.0809E0 3.0809E0 3.0809E0 3.0809E0 6.61896E0 6.61896E0 6.61896E0 6.61896E0 6.61896E0 6.61896E0 6.61896E0
6.61896E0 6.61896E0 6.61896E0 6.61896E0 6.61896E0 6.61896E0 6.61896E0 6.61896E0 2.04333E1 2.04333E1 2.04333E1 2.04333E1 2.04333E1 2.04333E1 2.04333E1 2.04333E1 2.04333E1 2.04333E1 2.04333E1 2.04333E1 2.04333E1 2.04333E1 2.04333E1 2.04333E1 2.04333E1 2.04333E1 6.61896E0 6.61896E0 6.61896E0 6.61896E0 6.61896E0 6.61896E0 6.61896E0 6.61896E0 6.61896E0 6.61896E0 6.61896E0 6.61896E0 6.61896E0 6.61896E0 6.61896E0 6.61896E0 6.61896E0 6.61896E0 6.61896E0 3.0809E0 3.0809E0 3.0809E0 3.0809E0 3.0809E0 3.0809E0 3.0809E0 3.0809E0 3.0809E0 3.0809E0 3.0809E0 3.0809E0 3.0809E0 3.0809E0 3.0809E0 3.0809E0 3.0809E0 6.61896E0 6.61896E0 6.61896E0 6.61896E0 6.61896E0 6.61896E0
6.61896E0 6.61896E0 6.61896E0 6.61896E0 6.61896E0 6.61896E0 6.61896E0 6.61896E0 6.61896E0 2.04333E1 6.61896E0 2.04333E1 2.04333E1 2.04333E1 2.04333E1 2.04333E1 2.04333E1 2.04333E1 2.04333E1 2.04333E1 2.04333E1 2.04333E1 2.04333E1 2.04333E1 2.04333E1 2.04333E1 2.04333E1 6.61896E0 6.61896E0 6.61896E0 6.61896E0 6.61896E0 6.61896E0 6.61896E0 6.61896E0 6.61896E0 6.61896E0 6.61896E0 6.61896E0 6.61896E0 6.61896E0 6.61896E0 6.61896E0 6.61896E0 6.61896E0 3.0809E0 3.0809E0 3.0809E0 3.0809E0 3.0809E0 3.0809E0 3.0809E0 3.0809E0 3.0809E0 3.0809E0 3.0809E0 3.0809E0 3.0809E0 3.0809E0 6.61896E0 6.61896E0 3.0809E0 6.61896E0 6.61896E0 6.61896E0 6.61896E0 6.61896E0 6.61896E0
6.61896E0 6.61896E0 6.61896E0 6.61896E0 6.61896E0 6.61896E0 6.61896E0 6.61896E0 6.61896E0 6.61896E0 6.61896E0 2.04333E1 2.04333E1 2.04333E1 2.04333E1 2.04333E1 2.04333E1 2.04333E1 2.04333E1 2.04333E1 2.04333E1 2.04333E1 2.04333E1 2.04333E1 2.04333E1 2.04333E1 2.04333E1 2.04333E1 6.61896E0 6.61896E0 6.61896E0 6.61896E0 6.61896E0 6.61896E0 6.61896E0 6.61896E0 6.61896E0 6.61896E0 6.61896E0 6.61896E0 6.61896E0 6.61896E0 6.61896E0 3.0809E0 3.0809E0 3.0809E0 3.0809E0 3.0809E0 3.0809E0 3.0809E0 6.61896E0 3.0809E0 3.0809E0 3.0809E0 3.0809E0 3.0809E0 3.0809E0 6.61896E0 6.61896E0 6.61896E0 6.61896E0 6.61896E0 6.61896E0 6.61896E0 6.61896E0 6.61896E0 6.61896E0 6.61896E0
6.61896E0 6.61896E0 6.61896E0 6.61896E0 6.61896E0 6.61896E0 6.61896E0 6.61896E0 6.61896E0 2.04333E1 2.04333E1 2.04333E1 2.04333E1 2.04333E1 2.04333E1 2.04333E1 2.04333E1 2.04333E1 2.04333E1 2.04333E1 2.04333E1 2.04333E1 2.04333E1 2.04333E1 2.04333E1 2.04333E1 2.04333E1 2.04333E1 6.61896E0 6.61896E0 2.04333E1 6.61896E0 6.61896E0 6.61896E0 6.61896E0 6.61896E0 6.61896E0 6.61896E0 6.61896E0 6.61896E0 6.61896E0 6.61896E0 3.0809E0 3.0809E0 3.0809E0 3.0809E0 3.0809E0 3.0809E0 3.0809E0 3.0809E0 3.0809E0 3.0809E0 3.0809E0 3.0809E0 3.0809E0 3.0809E0 3.0809E0 6.61896E0 6.61896E0 6.61896E0 6.61896E0 6.61896E0 6.61896E0 6.61896E0 6.61896E0 6.61896E0 6.61896E0 6.61896E0
6.61896E0 6.61896E0 6.61896E0 6.61896E0 6.61896E0 6.61896E0 6.61896E0 6.61896E0 6.61896E0 2.04333E1 2.04333E1 2.04333E1 2.04333E1 6.61896E0 2.04333E1 2.04333E1 2.04333E1 2.04333E1 2.04333E1 2.04333E1 2.04333E1 2.04333E1 2.04333E1 2.04333E1 2.04333E1 2.04333E1 2.04333E1 2.04333E1 6.61896E0 6.61896E0 2.04333E1 6.61896E0 6.61896E0 6.61896E0 6.61896E0 6.61896E0 6.61896E0 6.61896E0 6.61896E0 6.61896E0 6.61896E0 3.0809E0 3.0809E0 3.0809E0 3.0809E0 3.0809E0 3.0809E0 3.0809E0 3.0809E0 3.0809E0 3.0809E0 3.0809E0 3.0809E0 3.0809E0 3.0809E0 3.0809E0 3.0809E0 3.0809E0 3.0809E0 6.61896E0 3.0809E0 6.61896E0 6.61896E0 6.61896E0 6.61896E0 6.61896E0 6.61896E0 6.61896E0
6.61896E0 6.61896E0 6.61896E0 6.61896E0 6.61896E0 6.61896E0 6.61896E0 6.61896E0 2.04333E1 2.04333E1 2.04333E1 6.61896E0 6.61896E0 2.04333E1 2.04333E1 2.04333E1 2.04333E1 2.04333E1 2.04333E1 2.04333E1 2.04333E1 2.04333E1 2.04333E1 2.04333E1 2.04333E1 2.04333E1 2.04333E1 6.61896E0 6.61896E0 2.04333E1 6.61896E0 6.61896E0 6.61896E0 6.61896E0 6.61896E0 6.61896E0 6.61896E0 6.61896E0 6.61896E0 3.0809E0 3.0809E0 3.0809E0 3.0809E0 3.0809E0 3.0809E0 3.0809E0 3.0809E0 3.0809E0 3.0809E0 3.0809E0 3.0809E0 3.0809E0 3.0809E0 3.0809E0 3.0809E0 3.0809E0 3.0809E0 3.0809E0 6.61896E0 6.61896E0 3.0809E0 3.0809E0 3.0809E0 6.61896E0 6.61896E0 6.61896E0 6.61896E0 6.61896E0
6.61896E0 6.61896E0 6.61896E0 6.61896E0 6.61896E0 6.61896E0 6.61896E0 6.61896E0 6.61896E0 2.04333E1 6.61896E0 2.04333E1 2.04333E1 2.04333E1 2.04333E1 2.04333E1 2.04333E1 2.04333E1 2.04333E1 2.04333E1 2.04333E1 2.04333E1 2.04333E1 2.04333E1 2.04333E1 6.61896E0 6.61896E0 2.04333E1 6.61896E0 2.04333E1 6.61896E0 6.61896E0 6.61896E0 6.61896E0 6.61896E0 6.61896E0 6.61896E0 6.61896E0 6.61896E0 3.0809E0 3.0809E0 3.0809E0 3.0809E0 3.0809E0 3.0809E0 3.0809E0 3.0809E0 3.0809E0 3.0809E0 3.0809E0 3.0809E0 3.0809E0 3.0809E0 3.0809E0 3.0809E0 3.0809E0 3.0809E0 3.0809E0 3.0809E0 6.61896E0 6.61896E0 6.61896E0 6.61896E0 3.0809E0 6.61896E0 6.61896E0 6.61896E0 6.61896E0
6.61896E0 6.61896E0 6.61896E0 6.61896E0 6.61896E0 6.61896E0 6.61896E0 6.61896E0 6.61896E0 2.04333E1 2.04333E1 2.04333E1 2.04333E1 2.04333E1 2.04333E1 2.04333E1 2.04333E1 2.04333E1 2.04333E1 2.04333E1 2.04333E1 2.04333E1 2.04333E1 6.61896E0 6.61896E0 6.61896E0 6.61896E0 6.61896E0 2.04333E1 2.04333E1 6.61896E0 6.61896E0 6.61896E0 6.61896E0 6.61896E0 6.61896E0 6.61896E0 6.61896E0 6.61896E0 3.0809E0 3.0809E0 3.0809E0 3.0809E0 3.0809E0 3.0809E0 3.0809E0 3.0809E0 3.0809E0 3.0809E0 3.0809E0 3.0809E0 3.0809E0 3.0809E0 3.0809E0 3.0809E0 3.0809E0 3.0809E0 3.0809E0 3.0809E0 3.0809E0 6.61896E0 6.61896E0 6.61896E0 3.0809E0 6.61896E0 6.61896E0 6.61896E0 6.61896E0
6.61896E0 6.61896E0 6.61896E0 6.61896E0 6.61896E0 6.61896E0 6.61896E0 2.04333E1 2.04333E1 2.04333E1 2.04333E1 2.04333E1 2.04333E1 2.04333E1 2.04333E1 2.04333E1 2.04333E1 2.04333E1 2.04333E1 2.04333E1 2.04333E1 2.04333E1 2.04333E1 2.04333E1 2.04333E1 6.61896E0 2.04333E1 2.04333E1 2.04333E1 2.04333E1 2.04333E1 6.61896E0 2.04333E1 6.61896E0 6.61896E0 6.61896E0 6.61896E0 6.61896E0 3.0809E0 3.0809E0 6.61896E0 3.0809E0 3.0809E0 3.0809E0 3.0809E0 3.0809E0 3.0809E0 3.0809E0 3.0809E0 3.0809E0 1.49076E0 3.0809E0 3.0809E0 3.0809E0 3.0809E0 3.0809E0 3.0809E0 3.0809E0 3.0809E0 3.0809E0 6.61896E0 6.61896E0 6.61896E0 6.61896E0 6.61896E0 6.61896E0 6.61896E0 6.61896E0
2.04333E1 6.61896E0 6.61896E0 6.61896E0 6.61896E0 6.61896E0 6.61896E0 2.04333E1 2.04333E1 2.04333E1 2.04333E1 2.04333E1 2.04333E1 2.04333E1 2.04333E1 2.04333E1 2.04333E1 2.04333E1 6.61896E0 2.04333E1 2.04333E1 2.04333E1 6.61896E0 6.61896E0 6.61896E0 2.04333E1 2.04333E1 2.04333E1 2.04333E1 2.04333E1 2.04333E1 2.04333E1 2.04333E1 6.61896E0 6.61896E0 6.61896E0 6.61896E0 6.61896E0 6.61896E0 6.61896E0 6.61896E0 3.0809E0 3.0809E0 3.0809E0 3.0809E0 3.0809E0 3.0809E0 3.0809E0 3.0809E0 1.49076E0 1.49076E0 3.0809E0 3.0809E0 3.0809E0 3.0809E0 3.0809E0 3.0809E0 3.0809E0 3.0809E0 3.0809E0 6.61896E0 6.61896E0 6.61896E0 6.61896E0 6.61896E0 6.61896E0 6.61896E0 6.61896E0
2.04333E1 6.61896E0 6.61896E0 6.61896E0 6.61896E0 6.61896E0 6.61896E0 2.04333E1 2.04333E1 2.04333E1 2.04333E1 2.04333E1 2.04333E1 2.04333E1 2.04333E1 2.04333E1 2.04333E1 2.04333E1 2.04333E1 2.04333E1 2.04333E1 6.61896E0 6.61896E0 6.61896E0 2.04333E1 2.04333E1 6.61896E0 6.61896E0 6.61896E0 6.61896E0 6.61896E0 6.61896E0 6.61896E0 6.61896E0 6.61896E0 6.61896E0 6.61896E0 6.61896E0 6.61896E0 6.61896E0 3.0809E0 3.0809E0 3.0809E0 3.0809E0 3.0809E0 1.49076E0 1.49076E0 1.49076E0 1.49076E0 1.49076E0 1.49076E0 3.0809E0 3.0809E0 3.0809E0 3.0809E0 6.61896E0 6.61896E0 6.61896E0 6.61896E0 6.61896E0 6.61896E0 6.61896E0 6.61896E0 6.61896E0 6.61896E0 6.61896E0 6.61896E0 6.61896E0
6.61896E0 6.61896E0 6.61896E0 6.61896E0 6.61896E0 2.04333E1 2.04333E1 2.04333E1 2.04333E1 2.04333E1 2.04333E1 2.04333E1 2.04333E1 2.04333E1 2.04333E1 2.04333E1 2.04333E1 2.04333E1 2.04333E1 6.61896E0 6.61896E0 2.04333E1 2.04333E1 2.04333E1 2.04333E1 6.61896E0 6.61896E0 6.61896E0 6.61896E0 2.04333E1 6.61896E0 6.61896E0 6.61896E0 6.61896E0 6.61896E0 6.61896E0 6.61896E0 6.61896E0 6.61896E0 6.61896E0 3.0809E0 3.0809E0 3.0809E0 3.0809E0 1.49076E0 1.49076E0 1.49076E0 1.49076E0 1.49076E0 1.49076E0 1.49076E0 1.49076E0 3.0809E0 3.0809E0 3.0809E0 3.0809E0 6.61896E0 6.61896E0 6.61896E0 2.04333E1 2.04333E1 2.04333E1 6.61896E0 2.04333E1 6.61896E0 6.61896E0 6.61896E0 6.61896E0
1.25025E1 1.25025E1 1.25025E1 1.25025E1 2.04333E1 2.04333E1 2.04333E1 2.04333E1 2.04333E1 2.04333E1 2.04333E1 2.04333E1 2.04333E1 2.04333E1 2.04333E1 2.04333E1 2.04333E1 2.04333E1 2.04333E1 2.04333E1 2.04333E1 2.04333E1 6.61896E0 6.61896E0 6.61896E0 6.61896E0 6.61896E0 6.61896E0 6.61896E0 6.61896E0 6.61896E0 6.61896E0 6.61896E0 6.61896E0 6.61896E0 6.61896E0 6.61896E0 6.61896E0 6.61896E0 6.61896E0 3.0809E0 3.0809E0 3.0809E0 3.0809E0 1.49076E0 1.49076E0 1.49076E0 1.49076E0 1.49076E0 1.49076E0 1.49076E0 1.49076E0 3.0809E0 3.0809E0 3.0809E0 3.0809E0 6.61896E0 6.61896E0 6.61896E0 2.04333E1 4.1125E1 6.61896E0 6.61896E0 2.04333E1 6.61896E0 6.61896E0 6.61896E0 6.61896E0
2.04333E1 2.04333E1 1.25025E1 1.25025E1 2.04333E1 2.04333E1 2.04333E1 2.04333E1 2.04333E1 2.04333E1 2.04333E1 2.04333E1 2.04333E1 2.04333E1 2.04333E1 2.04333E1 2.04333E1 2.04333E1 2.04333E1 2.04333E1 2.04333E1 2.04333E1 2.04333E1 6.61896E0 6.61896E0 6.61896E0 6.61896E0 2.04333E1 6.61896E0 6.61896E0 6.61896E0 6.61896E0 6.61896E0 6.61896E0 6.61896E0 6.61896E0 6.61896E0 6.61896E0 6.61896E0 3.0809E0 3.0809E0 3.0809E0 3.0809E0 3.0809E0 1.49076E0 1.49076E0 1.49076E0 1.49076E0 1.49076E0 1.49076E0 1.49076E0 1.49076E0 3.0809E0 3.0809E0 3.0809E0 3.0809E0 3.0809E0 3.0809E0 6.61896E0 6.61896E0 2.04333E1 6.61896E0 2.04333E1 2.04333E1 6.61896E0 6.61896E0 6.61896E0 6.61896E0
2.04333E1 2.04333E1 2.04333E1 1.25025E1 2.04333E1 2.04333E1 2.04333E1 2.04333E1 2.04333E1 4.1125E1 4.1125E1 2.04333E1 2.04333E1 2.04333E1 2.04333E1 2.04333E1 2.04333E1 2.04333E1 2.04333E1 2.04333E1 2.04333E1 2.04333E1 6.61896E0 6.61896E0 6.61896E0 6.61896E0 6.61896E0 6.61896E0 6.61896E0 6.61896E0 6.61896E0 6.61896E0 6.61896E0 6.61896E0 6.61896E0 6.61896E0 6.61896E0 6.61896E0 6.61896E0 3.0809E0 3.0809E0 3.0809E0 3.0809E0 3.0809E0 1.49076E0 1.49076E0 1.49076E0 1.49076E0 1.49076E0 1.49076E0 1.49076E0 3.0809E0 3.0809E0 3.0809E0 3.0809E0 3.0809E0 3.0809E0 6.61896E0 6.61896E0 6.61896E0 6.61896E0 6.61896E0 6.61896E0 6.61896E0 2.04333E1 2.04333E1 6.61896E0 6.61896E0
4.46035E1 4.1125E1 3.19618E1 2.04333E1 2.04333E1 2.04333E1 2.04333E1 2.04333E1 4.1125E1 4.1125E1 4.1125E1 2.04333E1 2.04333E1 2.04333E1 2.04333E1 2.04333E1 2.04333E1 2.04333E1 2.04333E1 2.04333E1 2.04333E1 2.04333E1 6.61896E0 6.61896E0 6.61896E0 6.61896E0 6.61896E0 6.61896E0 6.61896E0 2.04333E1 2.04333E1 2.04333E1 6.61896E0 6.61896E0 6.61896E0 6.61896E0 6.61896E0 6.61896E0 6.61896E0 3.0809E0 3.0809E0 3.0809E0 3.0809E0 3.0809E0 1.49076E0 1.49076E0 1.49076E0 1.49076E0 1.49076E0 1.49076E0 1.49076E0 3.0809E0 3.0809E0 3.0809E0 3.0809E0 3.0809E0 3.0809E0 6.61896E0 6.61896E0 6.61896E0 6.61896E0 6.61896E0 6.61896E0 6.61896E0 6.61896E0 2.04333E1 2.04333E1 6.61896E0
1.52654E1 3.57384E1 3.19618E1 3.19618E1 3.19618E1 3.19618E1 3.19618E1 3.19618E1 2.04333E1 2.04333E1 2.04333E1 2.04333E1 2.04333E1 2.75889E1 2.4846E1 2.04333E1 2.04333E1 2.04333E1 2.04333E1 2.04333E1 2.04333E1 2.04333E1 2.04333E1 2.04333E1 6.61896E0 6.61896E0 6.61896E0 6.61896E0 6.61896E0 2.04333E1 2.04333E1 6.61896E0 6.61896E0 6.61896E0 6.61896E0 6.61896E0 6.61896E0 6.61896E0 6.61896E0 3.0809E0 3.0809E0 3.0809E0 3.0809E0 1.49076E0 1.49076E0 1.49076E0 1.49076E0 1.49076E0 1.49076E0 1.49076E0 1.49076E0 3.0809E0 3.0809E0 3.0809E0 3.0809E0 3.0809E0 3.0809E0 3.0809E0 3.0809E0 6.61896E0 6.61896E0 6.61896E0 6.61896E0 6.61896E0 6.61896E0 6.61896E0 6.61896E0 6.61896E0
9.97814E0 2.58597E1 3.19618E1 3.19618E1 3.19618E1 3.19618E1 3.19618E1 3.19618E1 3.19618E1 2.04333E1 2.04333E1 2.04333E1 2.04333E1 1.91214E1 1.64381E1 1.51063E1 1.44703E1 1.40926E1 1.48479E1 1.61399E1 2.03339E1 2.04333E1 2.04333E1 2.04333E1 2.04333E1 2.04333E1 2.04333E1 2.04333E1 2.04333E1 6.61896E0 6.61896E0 6.61896E0 6.61896E0 6.61896E0 6.61896E0 6.61896E0 6.61896E0 6.61896E0 6.61896E0 3.0809E0 3.0809E0 3.0809E0 3.0809E0 3.0809E0 1.49076E0 3.0809E0 3.0809E0 1.49076E0 1.49076E0 1.49076E0 1.49076E0 3.0809E0 3.0809E0 3.0809E0 3.0809E0 3.0809E0 3.0809E0 3.0809E0 3.0809E0 6.61896E0 6.61896E0 6.61896E0 6.61896E0 6.61896E0 6.61896E0 6.61896E0 6.61896E0 6.61896E0
1.4351E1 1.69748E1 4.1125E1 3.19618E1 3.19618E1 3.19618E1 3.81435E1 4.01908E1 4.1125E1 3.50427E1 2.88611E1 1.24826E1 1.71338E1 6.93699E0 5.54562E0 1.02167E1 9.16319E0 8.70602E0 9.0638E0 1.00775E1 1.19459E1 1.54641E1 2.04333E1 2.04333E1 2.04333E1 2.04333E1 2.04333E1 6.61896E0 2.04333E1 6.61896E0 6.61896E0 6.61896E0 6.61896E0 6.61896E0 6.61896E0 6.61896E0 6.61896E0 6.61896E0 3.0809E0 3.0809E0 3.0809E0 3.0809E0 3.0809E0 3.0809E0 1.49076E0 3.0809E0 3.0809E0 1.49076E0 1.49076E0 1.49076E0 1.49076E0 3.0809E0 3.0809E0 3.0809E0 3.0809E0 3.0809E0 3.0809E0 3.0809E0 3.0809E0 3.0809E0 3.0809E0 3.0809E0 6.61896E0 6.61896E0 6.61896E0 6.61896E0 2.04333E1 6.61896E0
1.22043E1 1.10117E1 3.03319E1 4.1125E1 3.19618E1 3.45061E1 2.67541E1 2.15464E1 2.44882E1 2.5164E1 3.17829E1 1.10316E1 7.45379E0 5.20771E0 4.05486E0 3.47843E0 3.02127E0 4.35301E0 4.35301E0 4.98907E0 6.67859E0 8.60664E0 1.20851E1 1.66766E1 2.04333E1 2.04333E1 2.04333E1 2.04333E1 2.04333E1 6.61896E0 2.04333E1 6.61896E0 6.61896E0 6.61896E0 6.61896E0 6.61896E0 6.61896E0 6.61896E0 6.61896E0 3.0809E0 3.0809E0 3.0809E0 3.0809E0 3.0809E0 3.0809E0 3.0809E0 3.0809E0 1.49076E0 1.49076E0 1.49076E0 1.49076E0 1.49076E0 1.49076E0 3.0809E0 3.0809E0 3.0809E0 3.0809E0 3.0809E0 3.0809E0 3.0809E0 3.0809E0 3.0809E0 6.61896E0 6.61896E0 6.61896E0 6.61896E0 6.61896E0 2.04333E1
8.42775E0 1.28205E1 1.78493E1 2.88611E1 4.01113E1 3.52017E1 2.42695E1 1.82469E1 1.41125E1 1.46889E1 2.18048E1 1.37746E1 6.30093E0 3.97535E0 3.0809E0 2.50447E0 1.78891E0 1.55039E0 1.53051E0 1.66965E0 2.36533E0 3.99523E0 6.85748E0 1.03359E1 1.54045E1 2.04333E1 2.04333E1 2.04333E1 2.04333E1 2.04333E1 2.04333E1 6.61896E0 6.61896E0 6.61896E0 6.61896E0 6.61896E0 6.61896E0 6.61896E0 6.61896E0 3.0809E0 3.0809E0 3.0809E0 3.0809E0 3.0809E0 3.0809E0 3.0809E0 3.0809E0 1.49076E0 1.49076E0 1.49076E0 1.49076E0 1.49076E0 1.49076E0 3.0809E0 3.0809E0 3.0809E0 3.0809E0 3.0809E0 3.0809E0 3.0809E0 3.0809E0 3.0809E0 6.61896E0 6.61896E0 6.61896E0 6.61896E0 6.61896E0 6.61896E0
6.67859E0 9.62035E0 1.81674E1 2.27986E1 3.39296E1 2.83443E1 1.91016E1 1.63586E1 9.81912E0 7.83145E0 1.29994E1 2.08706E1 1.64977E1 3.83622E0 1.74916E0 1.23236E0 9.14331E-1 8.14947E-1 7.95071E-1 8.14947E-1 9.93838E-1 1.451E0 2.74299E0 5.84377E0 1.0157E1 1.60207E1 2.04333E1 2.04333E1 2.04333E1 2.04333E1 6.61896E0 6.61896E0 6.61896E0 6.61896E0 6.61896E0 6.61896E0 6.61896E0 6.61896E0 3.0809E0 3.0809E0 3.0809E0 3.0809E0 3.0809E0 3.0809E0 3.0809E0 1.49076E0 3.0809E0 1.49076E0 1.49076E0 1.49076E0 1.49076E0 3.0809E0 1.49076E0 3.0809E0 3.0809E0 3.0809E0 3.0809E0 3.0809E0 3.0809E0 3.0809E0 3.0809E0 3.0809E0 3.0809E0 6.61896E0 6.61896E0 6.61896E0 6.61896E0 6.61896E0
