Leopardus tigrinus/Leopardus_tigrinus_projection 2041-2060.asc
ncols         515
nrows         545
xllcorner     -119.0
yllcorner     -58.333333333333
cellsize      0.166666666667
NODATA_value  -9999
[rows 145 to 173 of 545, columns 264 to 329 of 515]
2.38473E-1 2.2275E-1 2.87044E-1 5.11985E-1 8.31391E-1 7.21601E-1 3.54985E-1 2.77984E-1 4.18751E-1 9.13381E-1 9.9617E-1 9.95543E-1 9.23256E-1 5.30477E-1 3.95549E-1 3.28426E-1 3.76397E-1 5.58938E-1 9.80657E-1 9.77497E-1 9.76606E-1 9.66823E-1 9.39158E-1 8.7613E-1 5.43802E-1 3.77595E-1 2.99301E-1 2.44081E-1 1.86038E-1 1.47996E-1 1.58888E-1 1.43837E-1 1.50486E-1 1.48967E-1 1.42736E-1 1.31582E-1 1.07422E-1 9.48206E-2 8.43169E-2 8.24824E-2 7.73294E-2 6.70155E-2 6.59299E-2 6.64636E-2 6.70896E-2 6.94796E-2 6.69333E-2 6.96899E-2 8.02864E-2 8.44772E-2 8.51202E-2 9.12252E-2 9.655E-2 9.54894E-2 1.03586E-1 1.03614E-1 8.84366E-2 8.50183E-2 8.07296E-2 1.00737E-1 1.17006E-1 1.27092E-1 1.23112E-1 1.16879E-1 1.14255E-1 1.18472E-1
2.6923E-1 2.79975E-1 4.02799E-1 5.6376E-1 9.85703E-1 7.17935E-1 3.21647E-1 2.61321E-1 2.87497E-1 6.09291E-1 9.91624E-1 9.89248E-1 9.97126E-1 7.81413E-1 4.32962E-1 4.63698E-1 7.11585E-1 9.9316E-1 9.76958E-1 9.91255E-1 9.69299E-1 9.61372E-1 8.42602E-1 5.4087E-1 4.32382E-1 2.92139E-1 2.3902E-1 2.17065E-1 1.49737E-1 1.41115E-1 1.44509E-1 1.52856E-1 1.60907E-1 1.50281E-1 1.44632E-1 1.29868E-1 1.08276E-1 9.22048E-2 7.8022E-2 8.14027E-2 7.75156E-2 7.23536E-2 6.54184E-2 6.2797E-2 6.45023E-2 6.56059E-2 6.80578E-2 6.44595E-2 8.40825E-2 8.14987E-2 9.16997E-2 1.12446E-1 1.04825E-1 1.22227E-1 1.2368E-1 1.07984E-1 1.0449E-1 1.02077E-1 1.00825E-1 1.14311E-1 1.25329E-1 1.43293E-1 1.36312E-1 1.24224E-1 1.16598E-1 1.25248E-1
2.94856E-1 3.60155E-1 5.64566E-1 6.79188E-1 9.55639E-1 6.35945E-1 2.7656E-1 2.53015E-1 2.30719E-1 4.56601E-1 9.92652E-1 9.90247E-1 9.95052E-1 9.25727E-1 4.59372E-1 6.65022E-1 9.98221E-1 9.92979E-1 9.73726E-1 9.55634E-1 8.87646E-1 6.26798E-1 4.72971E-1 3.90272E-1 2.62772E-1 2.22826E-1 1.95004E-1 1.75892E-1 1.69441E-1 1.32005E-1 1.29503E-1 1.3758E-1 1.34168E-1 1.17651E-1 1.16104E-1 1.06723E-1 1.079E-1 8.9053E-2 8.83355E-2 9.03095E-2 8.89443E-2 7.55222E-2 6.83499E-2 6.74672E-2 6.8205E-2 6.73571E-2 7.09226E-2 7.11331E-2 7.19169E-2 7.90829E-2 8.18873E-2 1.12784E-1 1.12261E-1 1.39363E-1 1.36648E-1 1.25991E-1 1.22256E-1 1.32607E-1 1.27278E-1 1.25549E-1 1.40298E-1 1.5153E-1 1.37612E-1 1.41201E-1 1.35078E-1 1.39954E-1
3.2429E-1 3.74634E-1 6.03225E-1 8.51071E-1 8.49549E-1 5.28602E-1 2.38908E-1 2.33794E-1 1.93988E-1 2.59902E-1 9.71856E-1 9.95366E-1 9.9838E-1 9.28222E-1 8.34734E-1 8.48637E-1 9.19643E-1 9.24639E-1 7.82813E-1 5.91975E-1 4.70478E-1 3.94644E-1 3.30544E-1 2.39143E-1 2.14796E-1 1.97115E-1 1.89744E-1 1.62914E-1 1.45699E-1 1.31716E-1 1.18535E-1 1.22892E-1 1.05961E-1 1.03016E-1 9.1604E-2 8.52916E-2 8.44422E-2 7.4395E-2 7.15016E-2 8.05568E-2 7.24154E-2 6.90417E-2 6.43694E-2 6.82926E-2 6.91297E-2 7.1142E-2 7.34356E-2 7.39536E-2 7.43784E-2 7.96329E-2 8.27316E-2 9.54559E-2 1.15521E-1 1.18063E-1 1.14488E-1 1.12045E-1 1.38634E-1 1.26877E-1 1.29656E-1 1.28823E-1 1.56043E-1 1.66167E-1 1.51264E-1 1.66356E-1 1.64467E-1 1.68573E-1
3.49055E-1 3.97804E-1 6.66825E-1 8.31878E-1 8.17472E-1 4.64105E-1 2.48149E-1 1.9922E-1 1.87407E-1 2.36516E-1 6.8009E-1 9.95686E-1 9.98758E-1 9.98703E-1 9.99309E-1 9.98365E-1 9.18071E-1 5.54125E-1 4.20812E-1 3.57748E-1 3.17951E-1 2.86233E-1 2.48344E-1 2.40809E-1 2.29685E-1 2.09642E-1 1.79198E-1 1.58291E-1 1.67335E-1 1.14476E-1 1.01269E-1 9.53019E-2 8.55657E-2 8.9706E-2 7.13536E-2 6.7247E-2 5.8152E-2 5.81187E-2 6.66059E-2 6.79361E-2 6.39702E-2 5.94803E-2 5.40971E-2 5.08981E-2 4.35497E-2 7.0957E-2 7.64027E-2 7.84056E-2 7.84131E-2 8.19204E-2 9.12542E-2 1.05391E-1 1.11383E-1 1.2751E-1 1.36757E-1 1.42678E-1 1.50622E-1 1.41473E-1 1.22247E-1 1.25827E-1 1.33863E-1 1.58282E-1 1.83E-1 2.18748E-1 1.97276E-1 1.89346E-1
4.64415E-1 4.68878E-1 6.4792E-1 7.33159E-1 8.1171E-1 5.68447E-1 2.32882E-1 1.84868E-1 2.07684E-1 2.54552E-1 6.34217E-1 9.98426E-1 9.97776E-1 9.99196E-1 9.99447E-1 9.94738E-1 9.85592E-1 7.7464E-1 3.47175E-1 3.01133E-1 2.83854E-1 2.51109E-1 2.35456E-1 2.31422E-1 2.20234E-1 1.96952E-1 1.89547E-1 1.48691E-1 1.33781E-1 1.13941E-1 1.04403E-1 9.86075E-2 8.64157E-2 8.01319E-2 8.48487E-2 7.3303E-2 6.83446E-2 7.12322E-2 7.04768E-2 6.56444E-2 6.27317E-2 5.57403E-2 4.98987E-2 5.16128E-2 5.05684E-2 5.23801E-2 7.90197E-2 7.84643E-2 8.18768E-2 8.54397E-2 9.96651E-2 1.26254E-1 1.24856E-1 1.233E-1 1.29227E-1 1.70962E-1 2.36312E-1 1.48109E-1 1.5163E-1 1.4588E-1 1.53279E-1 1.6979E-1 1.86814E-1 1.87245E-1 2.1264E-1 1.88084E-1
5.65259E-1 5.53735E-1 6.4703E-1 6.74841E-1 6.93618E-1 4.54237E-1 2.07095E-1 1.76711E-1 2.2749E-1 3.73681E-1 7.23245E-1 9.97782E-1 9.99251E-1 9.99238E-1 9.98382E-1 9.99225E-1 9.94522E-1 7.37074E-1 3.30894E-1 2.71977E-1 2.56622E-1 2.42178E-1 2.50956E-1 2.17782E-1 2.0479E-1 1.94935E-1 1.73297E-1 1.52794E-1 1.34314E-1 1.23775E-1 1.12004E-1 9.98013E-2 8.68941E-2 8.71611E-2 9.00846E-2 7.37204E-2 6.98268E-2 6.28363E-2 5.97439E-2 6.39019E-2 6.01009E-2 5.70712E-2 5.68962E-2 5.70518E-2 5.90403E-2 5.86984E-2 5.54397E-2 5.92977E-2 9.50608E-2 9.22244E-2 9.16439E-2 1.00659E-1 1.24942E-1 1.49787E-1 1.34805E-1 1.16773E-1 1.80659E-1 3.44517E-1 1.90422E-1 1.52271E-1 1.63464E-1 2.45506E-1 1.97523E-1 2.3093E-1 2.74138E-1 2.56681E-1
6.5283E-1 6.92133E-1 6.36575E-1 6.16752E-1 4.88587E-1 2.84929E-1 2.47791E-1 2.14694E-1 2.82631E-1 5.65071E-1 8.43566E-1 9.95356E-1 9.98368E-1 9.99271E-1 9.95734E-1 9.9884E-1 9.76487E-1 4.94594E-1 3.08464E-1 2.76275E-1 2.56507E-1 2.39843E-1 2.46043E-1 2.19415E-1 2.11902E-1 1.80987E-1 1.68138E-1 1.69204E-1 1.49683E-1 1.37281E-1 1.2209E-1 1.19998E-1 1.0021E-1 8.83093E-2 9.43312E-2 7.91375E-2 7.0622E-2 6.8165E-2 7.05164E-2 7.46896E-2 6.42468E-2 6.61392E-2 6.79678E-2 6.8515E-2 6.93503E-2 7.62247E-2 7.0275E-2 9.46679E-2 7.38843E-2 5.9095E-2 5.97523E-2 1.77251E-1 1.83641E-1 1.61381E-1 1.90018E-1 1.34495E-1 2.13448E-1 2.61417E-1 1.67706E-1 1.5529E-1 1.69708E-1 2.71692E-1 2.05544E-1 2.72003E-1 3.12663E-1 3.14108E-1
9.44476E-1 7.84376E-1 6.61905E-1 5.27005E-1 3.05698E-1 3.22836E-1 2.85045E-1 2.82512E-1 4.35246E-1 8.35026E-1 9.91764E-1 9.9018E-1 9.99335E-1 9.99109E-1 9.97734E-1 9.9743E-1 9.98264E-1 6.57669E-1 3.83605E-1 2.98833E-1 2.64288E-1 2.57696E-1 2.52211E-1 2.29294E-1 1.99277E-1 1.61698E-1 1.59002E-1 1.46645E-1 1.35853E-1 1.23644E-1 1.15137E-1 1.08885E-1 1.02362E-1 8.65991E-2 8.52544E-2 8.19912E-2 8.343E-2 7.76811E-2 7.66381E-2 7.86015E-2 8.1208E-2 8.08521E-2 7.66233E-2 7.29081E-2 7.16618E-2 7.25501E-2 8.65375E-2 9.03677E-2 1.02204E-1 5.81992E-2 6.51898E-2 2.57478E-1 2.48109E-1 1.38239E-1 1.29095E-1 1.17347E-1 1.64208E-1 2.47663E-1 1.73655E-1 1.61692E-1 1.70277E-1 1.84167E-1 2.23154E-1 3.08738E-1 3.17545E-1 3.28409E-1
9.82096E-1 8.43825E-1 6.63227E-1 4.62198E-1 3.46473E-1 3.4158E-1 3.3121E-1 3.67405E-1 6.0421E-1 9.99651E-1 9.7497E-1 9.74609E-1 9.96441E-1 9.98734E-1 9.98318E-1 9.81645E-1 9.97146E-1 9.97852E-1 7.75539E-1 3.27462E-1 2.88363E-1 2.46731E-1 2.37945E-1 2.11735E-1 1.78498E-1 1.64059E-1 1.62624E-1 1.41559E-1 1.28793E-1 1.18904E-1 1.08007E-1 1.01093E-1 9.78035E-2 9.56549E-2 9.32966E-2 9.07515E-2 9.16989E-2 9.14676E-2 9.34325E-2 8.98549E-2 1.01388E-1 9.31711E-2 8.42913E-2 7.89735E-2 8.09374E-2 7.8174E-2 7.75217E-2 9.09161E-2 7.14462E-2 4.92721E-2 1.04562E-1 2.80389E-1 5.27929E-1 1.87907E-1 1.38244E-1 1.63876E-1 2.31148E-1 4.32307E-1 2.76292E-1 2.1817E-1 2.12675E-1 1.85913E-1 2.37246E-1 3.04626E-1 3.0241E-1 3.21272E-1
9.66916E-1 8.50115E-1 6.35914E-1 3.70807E-1 3.49636E-1 3.67517E-1 4.12982E-1 5.28698E-1 7.91168E-1 9.9973E-1 9.20759E-1 9.8824E-1 9.80836E-1 9.56561E-1 9.9907E-1 9.81156E-1 9.71757E-1 9.716E-1 9.96897E-1 3.59847E-1 2.93582E-1 2.53408E-1 2.41227E-1 2.1177E-1 1.78864E-1 1.61788E-1 1.49368E-1 1.38394E-1 1.25492E-1 1.21709E-1 1.12533E-1 1.05941E-1 1.07219E-1 1.03703E-1 1.05294E-1 1.02377E-1 1.01822E-1 1.0104E-1 1.04463E-1 1.09195E-1 1.01963E-1 1.07475E-1 9.96641E-2 9.5235E-2 8.631E-2 8.57568E-2 8.8064E-2 8.67172E-2 7.94797E-2 7.63095E-2 1.08874E-1 2.35648E-1 3.56681E-1 1.9469E-1 1.5139E-1 1.67933E-1 3.01387E-1 5.7369E-1 3.78095E-1 2.45558E-1 1.92883E-1 1.82068E-1 2.9014E-1 3.17108E-1 3.0021E-1 3.12581E-1
9.362E-1 7.86022E-1 5.93668E-1 3.56935E-1 3.63757E-1 4.21885E-1 5.28999E-1 6.83518E-1 8.88651E-1 9.99462E-1 9.74164E-1 9.83295E-1 9.95687E-1 9.78043E-1 9.82533E-1 9.97709E-1 8.46844E-1 9.96565E-1 8.715E-1 3.0241E-1 2.72436E-1 2.48546E-1 2.35168E-1 2.14889E-1 1.81199E-1 1.61743E-1 1.55268E-1 1.42886E-1 1.29201E-1 1.23677E-1 1.18695E-1 1.15334E-1 1.10343E-1 1.12551E-1 1.10529E-1 1.15749E-1 1.12688E-1 1.19892E-1 1.19623E-1 1.18266E-1 1.1605E-1 1.16677E-1 1.04309E-1 1.04314E-1 9.90841E-2 9.93094E-2 1.03219E-1 9.95719E-2 1.65736E-1 2.2697E-1 1.21388E-1 1.95621E-1 2.09592E-1 1.32604E-1 1.46683E-1 1.5691E-1 1.79486E-1 3.61735E-1 6.11575E-1 3.1607E-1 1.90824E-1 2.00349E-1 2.94603E-1 2.97151E-1 3.04022E-1 3.28196E-1
9.3158E-1 6.89941E-1 4.82307E-1 3.88964E-1 4.68853E-1 4.85987E-1 6.49471E-1 8.09796E-1 9.99222E-1 9.86519E-1 9.85359E-1 9.77644E-1 9.99032E-1 9.98063E-1 9.83495E-1 9.94913E-1 9.92906E-1 9.93634E-1 3.80475E-1 2.99E-1 2.54864E-1 2.35746E-1 2.10632E-1 1.9695E-1 1.73519E-1 1.65753E-1 1.55383E-1 1.47006E-1 1.40377E-1 1.37752E-1 1.3164E-1 1.24873E-1 1.19132E-1 1.20413E-1 1.2184E-1 1.32002E-1 1.23797E-1 1.29126E-1 1.40538E-1 1.33835E-1 1.32805E-1 1.26938E-1 1.21688E-1 1.15638E-1 1.19154E-1 1.12478E-1 1.154E-1 1.101E-1 2.02719E-1 2.3345E-1 2.05499E-1 1.69516E-1 1.74473E-1 1.47583E-1 1.49064E-1 1.76551E-1 1.97088E-1 2.44493E-1 6.81517E-1 5.67032E-1 2.06838E-1 1.89802E-1 2.85126E-1 3.06152E-1 3.12497E-1 3.37339E-1
8.52483E-1 6.09885E-1 4.14905E-1 4.02185E-1 5.35987E-1 6.25691E-1 9.58845E-1 9.99724E-1 9.95243E-1 9.89881E-1 9.94368E-1 9.98528E-1 9.99243E-1 9.95745E-1 9.9859E-1 9.88876E-1 9.90131E-1 7.89848E-1 4.15044E-1 2.57313E-1 2.30714E-1 2.25602E-1 2.03212E-1 1.82339E-1 1.76604E-1 1.61013E-1 1.54782E-1 1.47941E-1 1.57533E-1 1.5066E-1 1.52746E-1 1.49058E-1 1.44952E-1 1.49611E-1 1.48108E-1 1.4502E-1 1.5097E-1 1.52864E-1 1.52342E-1 1.48192E-1 1.44124E-1 1.3877E-1 1.30909E-1 1.21994E-1 1.20131E-1 1.16565E-1 1.47732E-1 1.50925E-1 1.97133E-1 2.81803E-1 5.41155E-1 2.27614E-1 1.79659E-1 1.74205E-1 1.76782E-1 2.32077E-1 2.08668E-1 4.68269E-1 8.74253E-1 4.11213E-1 2.14316E-1 2.7629E-1 2.91969E-1 2.72172E-1 2.82739E-1 3.1818E-1
7.39323E-1 5.31278E-1 4.61238E-1 4.64316E-1 7.00487E-1 7.69469E-1 9.9973E-1 9.98252E-1 9.90806E-1 9.93803E-1 9.977E-1 9.99263E-1 9.86775E-1 9.95785E-1 9.93193E-1 9.74277E-1 9.83976E-1 6.22627E-1 2.98222E-1 2.57769E-1 2.33586E-1 2.13296E-1 2.08275E-1 1.81297E-1 1.61501E-1 1.64858E-1 1.5594E-1 1.42812E-1 1.43492E-1 1.51987E-1 1.58667E-1 1.60186E-1 1.52087E-1 1.52405E-1 1.50148E-1 1.57694E-1 1.69293E-1 1.63424E-1 1.59488E-1 1.57593E-1 1.45445E-1 1.45909E-1 1.40242E-1 1.27645E-1 1.23932E-1 1.23418E-1 1.77469E-1 2.04726E-1 2.04869E-1 2.90007E-1 4.09862E-1 5.38594E-1 1.93685E-1 6.88635E-1 5.19574E-1 2.59165E-1 2.09337E-1 6.14141E-1 8.21576E-1 5.26382E-1 3.27164E-1 2.43237E-1 2.69572E-1 2.60528E-1 2.6953E-1 3.05188E-1
7.27153E-1 4.86034E-1 4.74999E-1 5.888E-1 8.12196E-1 8.61412E-1 9.99631E-1 9.99242E-1 9.95493E-1 9.99226E-1 9.99261E-1 9.89829E-1 9.79354E-1 9.97133E-1 9.8315E-1 9.74379E-1 7.95686E-1 3.14575E-1 2.24199E-1 2.36739E-1 1.65305E-1 1.51803E-1 1.35025E-1 1.74186E-1 1.65392E-1 1.65218E-1 1.5753E-1 1.46969E-1 1.51155E-1 1.68414E-1 1.63389E-1 1.633E-1 1.60532E-1 1.61717E-1 1.15476E-1 1.13493E-1 1.16776E-1 1.2099E-1 1.10793E-1 1.09031E-1 9.90235E-2 1.02063E-1 1.04812E-1 1.00254E-1 9.12081E-2 1.89085E-1 2.68455E-1 3.30826E-1 3.54171E-1 4.89161E-1 6.5157E-1 3.40233E-1 3.93561E-1 8.44653E-1 5.13339E-1 1.22976E-1 2.65054E-1 5.7893E-1 9.70029E-1 6.80401E-1 3.23039E-1 2.34497E-1 2.46767E-1 2.71914E-1 2.65858E-1 2.98785E-1
7.50545E-1 4.42344E-1 5.36807E-1 8.37188E-1 9.65643E-1 8.89954E-1 9.99708E-1 9.88746E-1 9.90578E-1 9.98369E-1 9.95413E-1 9.98754E-1 9.99006E-1 9.93926E-1 9.76777E-1 8.56906E-1 3.34692E-1 2.36049E-1 1.90932E-1 1.78545E-1 1.58826E-1 1.42563E-1 1.2922E-1 1.20879E-1 1.23202E-1 1.10292E-1 1.05505E-1 1.0878E-1 1.12851E-1 1.14815E-1 1.08433E-1 1.13562E-1 1.13529E-1 1.18434E-1 1.26632E-1 1.24634E-1 1.33516E-1 1.32729E-1 1.20082E-1 1.19426E-1 1.16172E-1 1.09653E-1 1.12018E-1 1.08338E-1 9.78316E-2 1.66571E-1 2.09564E-1 2.93099E-1 3.37367E-1 2.57008E-1 2.53259E-1 3.54674E-1 1.38442E-1 1.07419E-1 9.6282E-2 2.31172E-1 3.65955E-1 4.57901E-1 9.65488E-1 4.58929E-1 2.56648E-1 2.31947E-1 2.45249E-1 2.56468E-1 2.70247E-1 4.0322E-1
7.37129E-1 4.47203E-1 6.79122E-1 9.84311E-1 9.91552E-1 9.99187E-1 9.99739E-1 9.83233E-1 9.9906E-1 9.99157E-1 9.99124E-1 9.94894E-1 9.91473E-1 9.96466E-1 9.90393E-1 4.08632E-1 2.47091E-1 1.9986E-1 1.78829E-1 1.71323E-1 1.5805E-1 1.38571E-1 1.28605E-1 1.21983E-1 1.16931E-1 1.09984E-1 1.20092E-1 1.11007E-1 1.06436E-1 1.1309E-1 1.2151E-1 1.19086E-1 1.24997E-1 1.28718E-1 1.40535E-1 1.43826E-1 1.51728E-1 1.45969E-1 1.36996E-1 1.35546E-1 1.29351E-1 1.17864E-1 1.238E-1 1.18635E-1 1.28238E-1 2.15524E-1 2.61951E-1 2.38357E-1 2.77019E-1 3.00265E-1 2.72151E-1 3.17909E-1 1.17952E-1 7.50072E-2 7.30649E-2 1.58625E-1 1.756E-1 8.27536E-1 9.64337E-1 6.72261E-1 2.70881E-1 2.43724E-1 2.49915E-1 2.56076E-1 2.84373E-1 3.58041E-1
7.45469E-1 5.08005E-1 8.01758E-1 9.64115E-1 9.99491E-1 9.99744E-1 9.99696E-1 9.95688E-1 9.99297E-1 9.98786E-1 9.98633E-1 9.9788E-1 9.95501E-1 9.41738E-1 4.61228E-1 2.50882E-1 2.16856E-1 1.87164E-1 1.58708E-1 1.42253E-1 1.46803E-1 1.37068E-1 1.39525E-1 1.24626E-1 1.18706E-1 1.23413E-1 1.16755E-1 1.13557E-1 1.07246E-1 1.07279E-1 1.14623E-1 1.18964E-1 1.23712E-1 1.36823E-1 1.37283E-1 1.54918E-1 1.68618E-1 1.52975E-1 1.46502E-1 1.42492E-1 1.42392E-1 1.38292E-1 1.36933E-1 1.40546E-1 1.49362E-1 2.1043E-1 2.06962E-1 2.50154E-1 5.12273E-1 3.20725E-1 1.85212E-1 1.16858E-1 1.13358E-1 7.75149E-2 8.30452E-2 1.25429E-1 1.46592E-1 2.25885E-1 7.07065E-1 7.18912E-1 3.03616E-1 2.61446E-1 2.46672E-1 2.73402E-1 2.86372E-1 2.88343E-1
6.898E-1 4.75889E-1 9.65957E-1 9.36938E-1 9.99701E-1 9.99843E-1 9.98956E-1 9.992E-1 9.98929E-1 9.97771E-1 9.98443E-1 9.86448E-1 9.93939E-1 4.90384E-1 2.76471E-1 2.06118E-1 1.98415E-1 1.76387E-1 1.55999E-1 1.42581E-1 1.43717E-1 1.33487E-1 1.29823E-1 1.23593E-1 1.25282E-1 1.13487E-1 1.16381E-1 1.15104E-1 1.21753E-1 1.13948E-1 1.24285E-1 1.28315E-1 1.28624E-1 1.42219E-1 1.56706E-1 1.65746E-1 1.56665E-1 1.60552E-1 1.71963E-1 1.78598E-1 1.63473E-1 1.66693E-1 1.4652E-1 1.62747E-1 1.51999E-1 4.93303E-1 4.95398E-1 6.15473E-1 4.11722E-1 4.64206E-1 1.96818E-1 1.06571E-1 8.75513E-2 8.31769E-2 9.10498E-2 1.10062E-1 1.24395E-1 1.4374E-1 4.92236E-1 4.7285E-1 3.03313E-1 2.78524E-1 3.00042E-1 3.34197E-1 2.64523E-1 3.02941E-1
5.9289E-1 4.24426E-1 9.90088E-1 9.99734E-1 9.99793E-1 9.97171E-1 9.97388E-1 9.99268E-1 9.97875E-1 9.97154E-1 9.88203E-1 7.11375E-1 6.36217E-1 3.18247E-1 2.27516E-1 1.95401E-1 1.7156E-1 1.62184E-1 1.54173E-1 1.4948E-1 1.49378E-1 1.34569E-1 1.35685E-1 1.34778E-1 1.2699E-1 1.20568E-1 1.19694E-1 1.16973E-1 1.11815E-1 1.18468E-1 1.21777E-1 1.26279E-1 1.29316E-1 1.58854E-1 1.50151E-1 1.64879E-1 1.70605E-1 1.75087E-1 1.78271E-1 2.04379E-1 1.97987E-1 1.82216E-1 1.84315E-1 1.86966E-1 1.67961E-1 4.12675E-1 3.36297E-1 7.98709E-1 9.34274E-1 8.54208E-1 2.83378E-1 1.38019E-1 1.00481E-1 9.11322E-2 1.01137E-1 1.17707E-1 1.36693E-1 1.75291E-1 2.41933E-1 4.44106E-1 4.49904E-1 2.86081E-1 6.1925E-1 8.57265E-1 3.03665E-1 3.11828E-1
4.70994E-1 5.52673E-1 9.92597E-1 9.99801E-1 9.97588E-1 9.94985E-1 9.99705E-1 9.98404E-1 9.98034E-1 9.96725E-1 5.56466E-1 3.94982E-1 3.06912E-1 2.44477E-1 2.00423E-1 1.81369E-1 1.56168E-1 1.49934E-1 1.2892E-1 1.39938E-1 1.42388E-1 1.36442E-1 1.36308E-1 1.27932E-1 1.16284E-1 1.04413E-1 1.10359E-1 1.1632E-1 1.22285E-1 1.3362E-1 1.32849E-1 1.49065E-1 1.50656E-1 1.6415E-1 1.69577E-1 1.5272E-1 1.83526E-1 1.89613E-1 2.00276E-1 2.13468E-1 2.16552E-1 2.24258E-1 2.18821E-1 2.18863E-1 1.99223E-1 1.72854E-1 1.67099E-1 4.73749E-1 9.37498E-1 9.43758E-1 3.20854E-1 1.8307E-1 1.10434E-1 1.09173E-1 1.07736E-1 1.3909E-1 1.68012E-1 1.84971E-1 2.05108E-1 3.14263E-1 3.47214E-1 2.95069E-1 9.67675E-1 9.39539E-1 4.81962E-1 3.05433E-1
3.92523E-1 4.51817E-1 6.57103E-1 9.9927E-1 9.99775E-1 9.99318E-1 9.99479E-1 9.99073E-1 9.96289E-1 9.95848E-1 4.46034E-1 3.07977E-1 2.5949E-1 2.37755E-1 2.13104E-1 1.72354E-1 1.3694E-1 1.41633E-1 1.42681E-1 1.43483E-1 1.36171E-1 1.24914E-1 1.27878E-1 1.18432E-1 1.38248E-1 1.17393E-1 1.23219E-1 1.31041E-1 1.27406E-1 1.42536E-1 1.45023E-1 1.6425E-1 1.66381E-1 1.74441E-1 2.00218E-1 2.13557E-1 1.95251E-1 2.1124E-1 2.40039E-1 2.51783E-1 2.31257E-1 2.29866E-1 2.30577E-1 2.23408E-1 2.27664E-1 2.03577E-1 1.88438E-1 4.50063E-1 8.54154E-1 5.2188E-1 1.85062E-1 1.45348E-1 1.25355E-1 1.22066E-1 1.2302E-1 2.34253E-1 3.94929E-1 3.79138E-1 3.11264E-1 2.59959E-1 3.48701E-1 3.96884E-1 7.11202E-1 9.77518E-1 9.80593E-1 5.398E-1
5.35825E-1 4.60227E-1 6.03404E-1 9.99449E-1 9.97682E-1 9.99877E-1 9.99417E-1 9.99368E-1 9.97934E-1 4.85221E-1 3.23992E-1 2.54712E-1 2.35885E-1 2.26833E-1 1.99577E-1 1.62421E-1 1.4128E-1 1.38798E-1 1.40172E-1 1.35616E-1 1.33062E-1 1.33517E-1 1.24411E-1 1.17364E-1 1.27514E-1 1.28393E-1 1.35987E-1 1.39013E-1 1.40493E-1 1.37318E-1 1.60014E-1 1.80259E-1 2.03834E-1 2.19458E-1 2.19588E-1 2.34151E-1 2.43523E-1 2.58966E-1 2.51956E-1 2.48042E-1 2.29443E-1 2.25813E-1 2.28432E-1 2.29179E-1 2.24343E-1 2.37856E-1 3.32862E-1 4.9887E-1 3.44247E-1 2.09311E-1 1.44889E-1 1.34752E-1 1.27056E-1 1.37415E-1 1.53428E-1 3.86935E-1 7.60044E-1 7.73538E-1 7.50985E-1 5.46843E-1 5.0946E-1 4.2015E-1 6.35154E-1 7.13356E-1 6.92746E-1 4.26007E-1
4.46569E-1 4.00475E-1 7.3226E-1 9.99577E-1 9.99962E-1 9.99847E-1 9.99586E-1 9.99165E-1 5.75352E-1 3.00329E-1 2.73495E-1 2.44992E-1 2.33543E-1 2.27755E-1 1.92777E-1 1.63253E-1 1.43319E-1 1.34097E-1 1.37569E-1 1.35691E-1 1.34208E-1 1.32992E-1 1.29388E-1 1.38525E-1 1.36438E-1 1.33827E-1 1.42211E-1 1.42519E-1 1.60376E-1 1.95382E-1 2.37508E-1 2.51375E-1 2.52424E-1 2.53727E-1 2.59417E-1 2.61174E-1 2.64286E-1 2.56192E-1 2.32241E-1 2.36149E-1 2.39405E-1 2.35374E-1 2.3157E-1 2.34564E-1 2.09696E-1 2.23267E-1 2.26275E-1 2.62631E-1 1.74723E-1 1.4419E-1 1.4548E-1 1.3902E-1 1.42009E-1 1.47411E-1 2.03583E-1 2.65261E-1 4.80215E-1 5.67742E-1 8.10056E-1 8.41446E-1 9.27183E-1 9.19139E-1 6.04961E-1 5.06356E-1 5.2598E-1 4.45621E-1
3.93035E-1 5.85065E-1 9.91279E-1 9.87104E-1 9.99858E-1 9.98722E-1 9.94046E-1 7.25212E-1 3.74478E-1 3.12316E-1 2.78291E-1 2.61101E-1 2.50957E-1 2.24007E-1 1.90412E-1 1.73074E-1 1.48431E-1 1.42782E-1 1.40672E-1 1.39381E-1 1.36659E-1 1.38204E-1 1.39046E-1 1.38347E-1 1.42945E-1 1.48002E-1 1.61645E-1 1.59494E-1 2.04731E-1 2.39608E-1 2.53674E-1 2.56987E-1 2.61813E-1 2.6448E-1 2.58485E-1 2.68157E-1 2.54274E-1 2.50627E-1 2.43192E-1 2.43275E-1 2.32462E-1 2.36745E-1 2.34162E-1 2.3544E-1 2.21842E-1 1.9147E-1 2.00391E-1 1.98991E-1 1.62719E-1 1.59504E-1 1.56433E-1 1.68413E-1 1.4637E-1 1.55577E-1 2.3998E-1 2.57029E-1 3.3172E-1 5.286E-1 7.37168E-1 9.23195E-1 9.02306E-1 9.53161E-1 6.87607E-1 5.43117E-1 5.29777E-1 5.29355E-1
4.88221E-1 7.25131E-1 9.82376E-1 9.96844E-1 9.9992E-1 9.97386E-1 9.97381E-1 4.79641E-1 3.74636E-1 3.29709E-1 2.98315E-1 2.7627E-1 2.60407E-1 2.29619E-1 2.00473E-1 1.8289E-1 1.54744E-1 1.59189E-1 1.50566E-1 1.50555E-1 1.54558E-1 1.53551E-1 1.49499E-1 1.63775E-1 1.75675E-1 1.95326E-1 1.86807E-1 2.32038E-1 2.44744E-1 2.45011E-1 2.47223E-1 2.53851E-1 2.47694E-1 2.43595E-1 2.46485E-1 2.48254E-1 2.44605E-1 2.40819E-1 2.42752E-1 2.4398E-1 2.36125E-1 2.37813E-1 2.4474E-1 2.42615E-1 2.12877E-1 1.98727E-1 1.92388E-1 1.76904E-1 1.62236E-1 1.75781E-1 1.62889E-1 1.56771E-1 2.43456E-1 2.48389E-1 2.39086E-1 3.06288E-1 2.96469E-1 6.66828E-1 6.09113E-1 6.80361E-1 7.49869E-1 9.19132E-1 8.38145E-1 6.20904E-1 5.30692E-1 5.67757E-1
5.77859E-1 9.3632E-1 9.61479E-1 9.92971E-1 9.98986E-1 9.92741E-1 9.88402E-1 4.37025E-1 3.7589E-1 3.39862E-1 3.2376E-1 3.02031E-1 2.80979E-1 2.54224E-1 2.38324E-1 1.94284E-1 1.89561E-1 1.76889E-1 1.70028E-1 1.67772E-1 1.62429E-1 1.62108E-1 1.72275E-1 1.97411E-1 2.51987E-1 2.44034E-1 2.49496E-1 2.36232E-1 2.50091E-1 2.48836E-1 2.44201E-1 2.48865E-1 2.32414E-1 2.42201E-1 2.33647E-1 2.44666E-1 2.36711E-1 2.42153E-1 2.43116E-1 2.39516E-1 2.40892E-1 2.402E-1 2.36563E-1 2.15364E-1 1.98296E-1 1.90228E-1 1.93335E-1 1.68114E-1 1.64623E-1 1.90889E-1 1.64061E-1 1.62064E-1 2.1286E-1 3.02465E-1 2.11745E-1 2.89252E-1 6.22811E-1 8.79335E-1 4.07317E-1 5.46114E-1 6.40156E-1 7.23023E-1 6.20711E-1 8.83751E-1 6.81451E-1 5.09046E-1
9.14033E-1 9.91515E-1 8.72918E-1 9.74877E-1 9.89856E-1 9.95535E-1 6.10347E-1 3.91708E-1 3.63187E-1 3.51202E-1 3.24299E-1 3.07748E-1 2.84159E-1 2.64546E-1 2.55664E-1 2.19945E-1 2.27019E-1 2.39304E-1 2.18661E-1 2.04391E-1 2.11682E-1 1.98882E-1 2.28846E-1 2.57527E-1 2.52026E-1 2.51907E-1 2.49744E-1 2.42919E-1 2.42148E-1 2.43099E-1 2.42654E-1 2.40554E-1 2.49555E-1 2.53752E-1 2.51394E-1 2.60878E-1 2.56576E-1 2.51675E-1 2.45499E-1 2.43566E-1 2.30623E-1 2.38743E-1 2.4046E-1 1.97302E-1 2.02341E-1 2.00294E-1 1.68325E-1 1.64719E-1 1.61325E-1 1.63793E-1 1.54024E-1 1.94922E-1 1.82645E-1 2.10518E-1 1.92083E-1 6.84992E-1 7.99289E-1 7.79096E-1 2.89973E-1 2.84542E-1 6.75434E-1 5.90606E-1 7.00189E-1 8.19882E-1 4.95071E-1 4.85288E-1
