Leopardus tigrinus/Leopardus_tigrinus.asc
ncols         515
nrows         545
xllcorner     -119.0
yllcorner     -58.333333333333
cellsize      0.166666666667
NODATA_value  -9999
[rows 58 to 86 of 545, columns 66 to 131 of 515]
-9999 -9999 -9999 -9999 -9999 -9999 -9999 -9999 -9999 -9999 -9999 9.98789E-4 9.2705E-4 6.75489E-4 1.2135E-3 1.2174E-3 4.69601E-3 3.70803E-2 5.3962E-3 3.17074E-2 2.93344E-2 2.0464E-2 3.11516E-2 3.45814E-3 5.37037E-3 1.21606E-2 4.74541E-3 7.32654E-3 2.58936E-2 2.25392E-2 1.05738E-2 1.53532E-2 2.40141E-2 1.71766E-2 1.37302E-2 1.43022E-2 1.10881E-2 1.06669E-2 1.07392E-2 1.74454E-2 2.28382E-2 3.16593E-2 2.17204E-2 2.96004E-2 3.58124E-2 4.80332E-2 4.92964E-2 7.81073E-3 4.67128E-3 8.74298E-3 6.43063E-2 1.49841E-2 1.12626E-2 6.51013E-3 4.73934E-3 5.08673E-3 7.12755E-3 8.00716E-3 9.17723E-3 9.06381E-3 1.02603E-2 8.30324E-3 -9999 -9999 -9999 -9999
-9999 -9999 -9999 -9999 -9999 -9999 -9999 -9999 -9999 -9999 -9999 -9999 -9999 8.67984E-4 8.48407E-4 4.56693E-4 1.79251E-3 2.49557E-2 7.79414E-3 2.94346E-2 9.96645E-3 1.76623E-2 3.02569E-2 3.96623E-3 3.93031E-3 5.36424E-3 5.33386E-3 8.89653E-3 3.75936E-2 1.10134E-2 1.17882E-2 1.70291E-2 1.92418E-2 2.45329E-2 1.38068E-2 1.07796E-2 1.35876E-2 1.10672E-2 1.22886E-2 1.81526E-2 2.95123E-2 3.37994E-2 2.30502E-2 3.06461E-2 2.72353E-2 8.19711E-2 4.17943E-2 1.54441E-2 7.83346E-3 1.61191E-2 5.97583E-2 2.71823E-2 1.26371E-2 8.9802E-3 6.66845E-3 5.25236E-3 6.3588E-3 7.6307E-3 8.45301E-3 8.41674E-3 1.0258E-2 -9999 -9999 -9999 -9999 -9999
-9999 -9999 -9999 -9999 -9999 -9999 -9999 -9999 -9999 -9999 -9999 -9999 -9999 1.2225E-3 5.95404E-4 3.36952E-4 1.25362E-3 2.77466E-3 2.01628E-2 2.68476E-2 8.83864E-3 6.3968E-3 2.08394E-2 9.72724E-3 9.63732E-3 4.15498E-3 9.79191E-3 7.12478E-3 1.24279E-2 8.28873E-3 8.39013E-3 1.7688E-2 4.69782E-2 1.96398E-2 1.02043E-2 1.25528E-2 1.25331E-2 1.35664E-2 1.82648E-2 2.39993E-2 2.82294E-2 3.01282E-2 2.77024E-2 2.96538E-2 3.63369E-2 8.07315E-2 2.27537E-2 1.68719E-2 1.18535E-2 1.56288E-2 4.66861E-2 5.77147E-2 1.10501E-2 9.83666E-3 1.47136E-2 4.21581E-3 5.42627E-3 7.21588E-3 1.02299E-2 1.01427E-2 1.01803E-2 9.92191E-3 -9999 -9999 -9999 -9999
-9999 -9999 -9999 -9999 -9999 -9999 -9999 -9999 -9999 -9999 -9999 -9999 -9999 -9999 1.11637E-3 5.50532E-4 8.22829E-4 3.18551E-3 5.35749E-3 2.50649E-2 4.68025E-3 5.51726E-3 1.70325E-2 1.3162E-2 2.18044E-2 6.12577E-3 1.39943E-2 6.13632E-3 8.45691E-3 1.21625E-2 8.23506E-3 2.61279E-2 6.93146E-2 1.82422E-2 9.05508E-3 1.32461E-2 1.25438E-2 1.24553E-2 2.1559E-2 2.32499E-2 2.64578E-2 2.84624E-2 2.09227E-2 2.92222E-2 4.22946E-2 8.21701E-2 2.37934E-2 1.04036E-2 8.05036E-3 1.10101E-2 4.5144E-2 9.30371E-2 1.71622E-2 8.69002E-3 1.55437E-2 6.12927E-3 5.78781E-3 7.49475E-3 9.89188E-3 1.11405E-2 1.06333E-2 1.19194E-2 -9999 -9999 -9999 -9999
-9999 -9999 -9999 -9999 -9999 -9999 -9999 -9999 -9999 -9999 -9999 -9999 -9999 -9999 2.20498E-3 1.1706E-3 5.29146E-4 1.05759E-3 3.75932E-3 1.50394E-2 4.98031E-3 2.20139E-2 8.72371E-3 1.11196E-2 3.95717E-2 7.75415E-3 5.94678E-3 5.68929E-3 7.48662E-3 1.43608E-2 1.40179E-2 2.65298E-2 3.92514E-2 1.71115E-2 7.03176E-3 8.39751E-3 1.05754E-2 1.55579E-2 1.09821E-2 1.71955E-2 1.99259E-2 4.07621E-2 2.75859E-2 1.97093E-2 6.88473E-2 4.28625E-2 4.3675E-2 1.342E-2 7.54907E-3 1.78451E-2 4.25723E-2 5.54877E-2 1.36167E-2 7.92521E-3 1.47548E-2 5.28955E-3 5.5301E-3 6.66277E-3 8.84487E-3 1.11537E-2 1.23755E-2 1.0873E-2 -9999 -9999 -9999 -9999
-9999 -9999 -9999 -9999 -9999 -9999 -9999 -9999 -9999 -9999 -9999 -9999 -9999 -9999 1.65521E-3 1.19879E-3 6.152E-4 7.39806E-4 5.49449E-3 4.07876E-3 4.26205E-3 8.15207E-3 1.22425E-2 5.99963E-3 2.54911E-2 1.0246E-2 8.77774E-3 7.99409E-3 1.22578E-2 2.70563E-2 7.74583E-3 1.44092E-2 1.79658E-2 1.06933E-2 8.94256E-3 6.84502E-3 1.60138E-2 1.24466E-2 1.27509E-2 1.72052E-2 1.86068E-2 5.28623E-2 1.89574E-2 2.58189E-2 4.54087E-2 5.83441E-2 1.32304E-1 1.87992E-2 7.55692E-3 1.46536E-2 2.52194E-2 4.52024E-2 1.40299E-2 9.69306E-3 6.65725E-3 5.46054E-3 5.78867E-3 6.18677E-3 8.08945E-3 1.00033E-2 1.37539E-2 1.2863E-2 1.19425E-2 -9999 -9999 -9999
-9999 -9999 -9999 -9999 -9999 -9999 -9999 4.86498E-3 5.39435E-3 -9999 -9999 -9999 -9999 -9999 2.51478E-3 1.24753E-3 9.05547E-4 1.26092E-3 2.39916E-3 5.65393E-3 4.07684E-3 2.01754E-2 1.53226E-2 5.60151E-3 2.45565E-2 3.99345E-3 1.88899E-2 9.90194E-3 1.36845E-2 2.44227E-2 4.9565E-3 1.82209E-2 1.68061E-2 6.94194E-3 6.65437E-3 7.81712E-3 1.44204E-2 2.08008E-2 1.3294E-2 1.34402E-2 2.99708E-2 2.38977E-2 1.71037E-2 2.53754E-2 2.96767E-2 4.98799E-2 7.18647E-2 3.3851E-2 1.75932E-2 1.22872E-2 2.57144E-2 2.85554E-2 1.46069E-2 1.5408E-2 6.67108E-3 7.8581E-3 6.61375E-3 7.06006E-3 9.90086E-3 1.23366E-2 1.6195E-2 1.56398E-2 1.53325E-2 1.63316E-2 -9999 -9999
-9999 -9999 -9999 -9999 -9999 -9999 -9999 -9999 9.39609E-3 -9999 -9999 -9999 -9999 -9999 -9999 1.7936E-3 2.17963E-3 5.16616E-3 4.18878E-3 4.88074E-3 2.53913E-3 9.25163E-3 1.429E-2 9.66729E-3 1.41639E-2 1.01181E-2 1.94768E-2 9.85132E-3 2.0735E-2 7.36488E-3 1.1983E-2 2.01855E-2 5.28201E-3 3.18589E-3 5.50219E-3 1.25381E-2 1.92416E-2 2.04228E-2 2.00715E-2 2.01107E-2 2.06933E-2 1.73234E-2 2.94948E-2 1.98411E-2 2.96059E-2 4.95181E-2 4.10694E-2 2.68263E-2 3.57793E-2 1.62997E-2 2.67337E-2 2.01472E-2 3.41976E-2 6.45978E-2 1.87816E-2 9.621E-3 8.575E-3 8.21787E-3 1.31636E-2 1.49632E-2 1.87168E-2 1.77611E-2 1.64713E-2 1.44627E-2 1.36409E-2 -9999
-9999 -9999 -9999 -9999 -9999 -9999 -9999 -9999 -9999 9.13563E-3 -9999 -9999 -9999 -9999 -9999 -9999 3.86428E-3 7.0695E-3 8.8585E-3 5.25848E-3 2.55233E-3 3.71399E-3 1.82264E-2 1.48831E-2 3.27783E-3 2.24878E-2 1.89444E-2 1.86639E-2 3.56991E-2 6.61051E-3 2.53858E-2 7.55257E-3 2.36309E-3 2.377E-3 5.25061E-3 1.29227E-2 1.23244E-2 2.92024E-2 4.65546E-2 2.66529E-2 2.55694E-2 3.16419E-2 2.01653E-2 2.44397E-2 3.73358E-2 4.73763E-2 5.08988E-2 5.87123E-2 4.28743E-2 7.96997E-2 3.14603E-2 2.67886E-2 1.80481E-1 3.5741E-1 2.30591E-2 1.58184E-2 1.12197E-2 1.15648E-2 2.03302E-2 1.70185E-2 1.77523E-2 2.62251E-2 2.14207E-2 1.51614E-2 -9999 -9999
-9999 -9999 -9999 -9999 -9999 -9999 -9999 -9999 -9999 -9999 7.87989E-3 -9999 -9999 -9999 -9999 -9999 2.31601E-3 3.45849E-3 4.65386E-3 1.3615E-2 8.01233E-3 9.9533E-3 8.01199E-3 1.21169E-2 1.97377E-2 1.31197E-2 9.83174E-3 1.10681E-2 9.25232E-3 1.42089E-2 1.07325E-2 3.35007E-3 2.01105E-3 2.81023E-3 5.08443E-3 6.79408E-3 9.70198E-3 2.17098E-2 4.54196E-2 3.58836E-2 5.22516E-2 2.67194E-2 1.43971E-2 1.89032E-2 2.60623E-2 3.39554E-2 4.61441E-2 7.83048E-2 5.51838E-2 1.08786E-1 9.25948E-2 3.17795E-2 7.97603E-2 1.89492E-1 6.42923E-2 2.13914E-2 1.57814E-2 1.54525E-2 1.43162E-2 2.29704E-2 6.65996E-2 4.56421E-2 2.39145E-2 1.81187E-2 -9999 -9999
-9999 -9999 -9999 -9999 -9999 -9999 -9999 -9999 -9999 -9999 -9999 -9999 -9999 -9999 -9999 -9999 4.60454E-3 6.38977E-3 7.98921E-3 3.84813E-3 5.41372E-3 7.31784E-3 5.70566E-3 3.44279E-3 3.48484E-3 1.23008E-2 1.52405E-2 3.54278E-3 1.01563E-2 1.08581E-2 6.55232E-3 4.91013E-3 4.25036E-3 4.28102E-3 5.88429E-3 9.88952E-3 9.84006E-3 1.33384E-2 1.59272E-2 3.23802E-2 1.14673E-1 5.22092E-2 1.727E-2 1.61635E-2 1.65124E-2 2.27886E-2 4.49149E-2 5.76417E-2 4.0323E-2 4.41361E-2 8.87798E-2 5.05556E-2 5.76848E-2 1.90633E-1 8.9275E-2 7.10809E-2 6.5089E-2 3.26848E-2 2.71984E-2 2.09593E-2 2.96472E-2 2.56099E-2 3.01908E-2 2.01079E-2 1.76622E-2 -9999
-9999 -9999 -9999 -9999 -9999 -9999 -9999 -9999 -9999 -9999 -9999 -9999 -9999 -9999 -9999 6.09513E-3 6.90637E-3 4.06279E-3 7.83049E-3 9.42953E-3 4.52479E-3 1.5298E-2 1.53543E-2 6.37397E-3 4.29594E-3 3.61196E-3 5.36204E-3 9.32012E-3 1.05119E-2 5.19537E-3 8.98587E-3 6.89195E-3 5.13686E-3 6.94027E-3 8.26256E-3 8.65322E-3 1.02724E-2 7.61556E-3 7.08383E-3 1.05118E-2 2.68305E-2 4.30972E-2 2.06649E-2 2.62408E-2 2.74149E-2 4.11101E-2 1.11485E-1 7.61931E-2 2.82042E-2 2.87276E-2 1.36909E-1 5.39161E-2 1.24066E-1 7.69893E-2 3.15187E-1 1.61342E-1 1.8202E-1 4.775E-2 4.77961E-2 4.55282E-2 1.91984E-2 1.86209E-2 2.39586E-2 2.265E-2 2.2422E-2 -9999
-9999 -9999 -9999 -9999 -9999 -9999 -9999 -9999 -9999 -9999 -9999 -9999 -9999 -9999 3.05437E-3 5.58226E-3 2.36572E-3 5.08875E-3 2.70629E-2 3.40415E-2 2.63366E-2 8.35012E-3 8.3987E-3 1.01318E-2 1.05935E-2 8.0146E-3 1.09735E-2 9.55307E-3 7.05292E-3 6.84994E-3 6.13783E-3 6.63052E-3 1.18867E-2 5.88126E-3 1.06106E-2 1.59406E-2 7.75591E-3 1.0768E-2 1.08513E-2 1.10241E-2 1.595E-2 2.29634E-2 2.46944E-2 3.06017E-2 3.73457E-2 2.31378E-2 1.96668E-2 1.99966E-2 2.4103E-2 3.89966E-2 7.25635E-2 4.46161E-2 9.99759E-2 1.55534E-1 9.10053E-2 2.92841E-1 2.7786E-1 1.37999E-1 6.44945E-2 3.05007E-2 2.68216E-2 3.95563E-2 3.56816E-2 3.35637E-2 3.00987E-2 -9999
-9999 -9999 -9999 -9999 -9999 -9999 -9999 -9999 -9999 -9999 -9999 -9999 -9999 -9999 -9999 4.43307E-3 7.62394E-3 1.24361E-2 2.29084E-2 3.47505E-2 3.02176E-2 1.3567E-2 1.6929E-2 1.33726E-2 4.37913E-3 4.15038E-3 1.49976E-2 1.24694E-2 7.4478E-3 7.49446E-3 9.88464E-3 9.45988E-3 7.21162E-3 7.98876E-3 1.26992E-2 1.46294E-2 1.734E-2 1.96118E-2 9.67604E-3 1.32897E-2 1.78428E-2 1.96307E-2 1.68666E-2 1.79751E-2 1.64887E-2 1.84821E-2 1.62327E-2 1.56643E-2 1.71369E-2 2.17638E-2 1.83227E-2 2.63534E-2 4.19805E-2 4.55321E-2 5.89548E-2 9.29088E-2 2.59024E-1 3.92001E-1 1.5496E-1 8.1717E-2 3.3818E-2 4.71087E-2 4.196E-2 4.14387E-2 4.21036E-2 2.99082E-2
-9999 -9999 -9999 -9999 -9999 -9999 -9999 -9999 -9999 -9999 -9999 -9999 -9999 3.43341E-3 5.71251E-3 4.9839E-3 1.28177E-2 5.12852E-2 3.3821E-2 1.92526E-2 2.72134E-2 2.05437E-2 2.05826E-2 2.25223E-2 5.68194E-3 5.93729E-3 6.79268E-3 2.16558E-2 1.66096E-2 2.3805E-2 1.55932E-2 1.00042E-2 8.19996E-3 9.68824E-3 1.14896E-2 1.11971E-2 1.09714E-2 1.14594E-2 1.01629E-2 1.54463E-2 1.79651E-2 2.23141E-2 2.41748E-2 1.76199E-2 1.67698E-2 2.08577E-2 4.0684E-2 2.17105E-2 2.90693E-2 2.54228E-2 4.15977E-2 3.29905E-2 2.47136E-2 2.98192E-2 5.7491E-2 6.23071E-2 8.66157E-2 3.54441E-1 3.52573E-1 2.20085E-1 8.09215E-2 5.61878E-2 4.23761E-2 5.40797E-2 3.97627E-2 3.62662E-2
-9999 -9999 -9999 -9999 -9999 -9999 -9999 -9999 -9999 -9999 -9999 -9999 -9999 -9999 2.64278E-3 4.28815E-3 1.04843E-2 1.32628E-2 2.98526E-2 6.14557E-2 2.85898E-2 2.32185E-2 1.0264E-2 2.86254E-2 2.84806E-2 3.50274E-2 1.11553E-2 5.21308E-2 1.1128E-1 1.59031E-1 1.46563E-1 5.06765E-2 1.55279E-2 1.20177E-2 1.46891E-2 1.33021E-2 1.09737E-2 1.08023E-2 1.46102E-2 1.8815E-2 2.16464E-2 2.84874E-2 2.01582E-2 2.34293E-2 2.6743E-2 2.96285E-2 6.86455E-2 5.6816E-2 5.00481E-2 4.87788E-2 7.60982E-2 5.67553E-2 2.95523E-2 2.85131E-2 3.32244E-2 1.29244E-1 1.03618E-1 9.34864E-2 2.92476E-1 3.88687E-1 2.30329E-1 1.06966E-1 4.6136E-2 3.83583E-2 4.71126E-2 3.7846E-2
-9999 -9999 -9999 -9999 -9999 -9999 -9999 -9999 -9999 -9999 -9999 -9999 -9999 -9999 3.51076E-3 3.58998E-3 3.04137E-3 6.81185E-3 8.12522E-3 1.82878E-2 7.35952E-2 2.10058E-2 1.28515E-2 8.84082E-3 2.83924E-2 1.19607E-1 5.05888E-2 1.995E-2 5.19927E-2 4.89206E-2 3.72701E-2 2.81156E-2 1.88945E-2 1.82524E-2 1.76357E-2 2.24469E-2 1.43367E-2 1.60921E-2 1.73925E-2 2.16628E-2 2.78963E-2 2.51925E-2 3.59692E-2 1.95101E-2 2.28033E-2 4.86911E-2 7.00381E-2 6.47006E-2 1.17978E-1 8.45441E-2 8.43847E-2 3.88665E-2 2.82083E-2 3.48984E-2 3.4864E-2 5.19619E-2 2.25971E-1 9.83074E-2 1.68084E-1 4.00741E-1 4.8663E-1 1.96418E-1 1.45101E-1 8.5675E-2 7.30639E-2 4.7905E-2
-9999 -9999 -9999 -9999 -9999 -9999 -9999 -9999 -9999 -9999 -9999 -9999 -9999 -9999 -9999 2.39058E-3 3.93697E-3 6.6519E-3 4.56989E-3 7.04857E-3 6.46494E-2 4.03234E-2 1.50006E-2 1.1794E-2 3.46978E-2 8.82962E-2 2.40475E-2 7.25967E-2 7.83223E-2 6.86029E-2 5.56793E-2 3.59615E-2 2.96962E-2 2.5363E-2 2.04502E-2 2.09994E-2 2.49893E-2 1.34545E-2 1.33608E-2 3.07771E-2 2.82285E-2 3.7707E-2 5.12294E-2 4.70594E-2 6.34046E-2 3.58765E-2 4.91772E-2 8.02054E-2 8.95793E-2 1.17423E-1 8.74021E-2 6.78388E-2 2.66395E-2 2.29854E-2 2.10577E-2 1.92548E-2 6.1659E-2 1.41068E-1 1.50566E-1 2.07274E-1 3.85093E-1 6.18706E-1 6.7708E-1 6.51603E-1 2.86145E-1 1.58302E-1
-9999 -9999 -9999 -9999 -9999 -9999 -9999 -9999 -9999 -9999 -9999 -9999 -9999 -9999 -9999 3.90501E-3 3.10399E-3 4.41626E-3 7.41335E-3 5.87892E-3 9.49518E-3 2.00747E-2 7.03645E-3 6.55801E-3 5.22811E-3 4.85472E-2 8.30071E-2 4.76867E-2 3.4456E-2 5.15199E-2 8.5613E-2 6.53741E-2 3.45372E-2 4.96747E-2 5.57809E-2 3.65259E-2 6.2721E-2 3.54768E-2 3.60327E-2 2.67045E-2 2.36127E-2 2.34278E-2 9.13001E-2 1.80686E-1 1.31501E-1 6.55148E-2 1.47497E-1 9.19843E-2 4.6418E-2 8.67446E-2 1.52418E-1 7.5621E-2 4.61816E-2 2.29252E-2 1.8972E-2 2.52092E-2 3.41387E-2 6.38423E-2 2.00446E-1 2.001E-1 1.9415E-1 1.98264E-1 1.77557E-1 3.4659E-1 5.70656E-1 7.62128E-1
-9999 -9999 -9999 -9999 -9999 -9999 -9999 -9999 -9999 -9999 -9999 -9999 -9999 -9999 -9999 -9999 3.85557E-3 4.08508E-3 4.74795E-3 5.44275E-3 3.61966E-3 1.243E-2 1.01889E-1 1.05297E-1 9.27565E-3 5.10929E-2 2.24627E-1 1.44547E-2 2.13689E-2 7.01427E-2 3.77749E-2 1.92282E-2 2.29295E-2 3.3733E-2 5.37256E-2 5.23999E-2 7.95271E-2 5.24999E-2 3.16199E-2 3.45135E-2 3.69951E-2 8.86911E-2 5.50343E-2 1.80658E-1 1.79688E-1 9.79848E-2 2.79133E-1 5.32113E-2 8.21007E-2 3.61901E-2 1.67175E-1 2.27005E-1 7.07802E-2 5.08374E-2 1.96021E-2 6.52794E-2 5.24115E-2 3.73123E-2 5.53792E-2 1.29098E-1 1.57537E-1 1.52907E-1 3.95916E-2 8.54843E-2 1.50457E-1 7.6986E-1
-9999 -9999 -9999 -9999 -9999 -9999 -9999 -9999 -9999 -9999 -9999 -9999 -9999 -9999 -9999 -9999 -9999 4.46109E-3 3.79414E-3 4.62065E-3 6.52971E-3 9.25351E-3 1.26836E-2 1.95417E-2 9.19381E-2 1.6021E-2 3.85465E-2 9.95881E-3 5.77722E-2 2.03798E-2 7.61546E-3 4.92867E-3 1.04181E-2 6.79425E-2 1.44244E-1 3.16158E-2 3.06768E-2 4.77599E-2 8.32333E-2 1.19269E-1 6.97987E-2 8.15559E-2 1.43146E-2 9.65937E-2 8.87419E-2 7.2937E-2 1.984E-1 7.5841E-2 6.45343E-2 5.82287E-2 6.99254E-2 2.2384E-1 1.23225E-1 5.32122E-2 3.45407E-2 3.23733E-1 1.79095E-1 5.96406E-2 5.42829E-2 4.49484E-2 4.21335E-2 5.89711E-2 2.85926E-2 2.08077E-2 2.21634E-1 6.62756E-1
-9999 -9999 -9999 -9999 -9999 -9999 -9999 -9999 -9999 -9999 -9999 -9999 -9999 -9999 -9999 -9999 -9999 -9999 2.00781E-3 4.94086E-3 4.21529E-3 5.57326E-3 5.13816E-3 2.12599E-2 9.07302E-3 4.53513E-3 4.97365E-3 7.55137E-3 1.0898E-1 4.97866E-2 5.05608E-3 2.31149E-3 4.48198E-3 4.20048E-2 4.22131E-2 1.13291E-2 5.40316E-3 3.58362E-2 5.34249E-2 5.01674E-2 4.81156E-2 2.22501E-2 1.22109E-2 3.9934E-3 2.30708E-3 5.06716E-2 1.22211E-1 1.53668E-1 2.81259E-1 1.21397E-1 5.38524E-2 1.39718E-1 2.14599E-1 7.78771E-2 4.30096E-2 2.29241E-1 2.95442E-1 3.0951E-2 3.08643E-2 2.29468E-1 5.6133E-2 1.70938E-2 1.97727E-2 4.70926E-2 5.31801E-1 6.26083E-1
-9999 -9999 -9999 -9999 -9999 -9999 -9999 -9999 -9999 -9999 -9999 -9999 -9999 -9999 -9999 -9999 -9999 -9999 -9999 -9999 4.03253E-3 5.85509E-3 6.64183E-3 9.07509E-3 6.1727E-3 6.04734E-3 7.36125E-3 1.22641E-2 3.88927E-2 2.95594E-2 6.57922E-3 1.8588E-3 2.47748E-3 2.14323E-3 3.11974E-3 2.41483E-3 4.32142E-3 3.09028E-2 4.32165E-2 5.30798E-3 4.56628E-3 4.4915E-3 1.94135E-3 2.24424E-3 1.69228E-3 7.47176E-3 7.63669E-2 1.83485E-1 2.68924E-1 4.06866E-1 1.44015E-1 1.89014E-1 2.49444E-1 2.49423E-1 1.38E-1 1.58086E-1 4.0785E-1 3.94278E-2 3.6251E-2 4.44315E-2 3.9628E-2 3.27618E-2 2.98159E-2 7.04451E-2 7.74088E-1 5.88868E-1
-9999 -9999 -9999 -9999 -9999 -9999 -9999 -9999 -9999 -9999 -9999 -9999 -9999 -9999 -9999 -9999 -9999 -9999 -9999 -9999 -9999 -9999 4.81874E-3 4.65606E-3 3.1472E-3 5.2287E-3 8.5458E-3 8.92394E-3 4.01189E-2 1.07498E-1 6.39501E-2 5.19707E-3 4.29618E-3 2.84211E-3 2.19777E-3 1.94593E-3 3.104E-3 4.01728E-3 1.87151E-2 4.64155E-3 2.02387E-3 2.58259E-3 3.0089E-3 1.32838E-3 3.43703E-3 5.94939E-2 3.8106E-2 8.27834E-2 2.1855E-1 1.77004E-1 1.15715E-1 1.11856E-1 9.36707E-2 6.1966E-2 4.97026E-2 1.26222E-1 1.23387E-1 4.49368E-2 5.08079E-2 3.35367E-2 2.7448E-2 2.07282E-2 3.55356E-2 5.04478E-2 4.42423E-1 3.29504E-1
-9999 -9999 -9999 -9999 -9999 -9999 -9999 -9999 -9999 -9999 -9999 -9999 -9999 -9999 -9999 -9999 -9999 -9999 -9999 -9999 -9999 -9999 -9999 -9999 2.65714E-3 3.776E-3 1.05905E-2 3.81319E-2 7.28052E-2 1.1265E-1 1.67929E-1 3.79605E-2 6.81966E-2 2.01961E-2 4.38437E-3 4.16497E-3 2.85174E-3 3.67638E-3 4.17088E-3 1.11081E-2 4.20285E-3 1.66659E-3 3.03932E-3 2.58204E-3 3.73258E-3 5.897E-3 1.12174E-2 1.08737E-1 1.46953E-1 1.14966E-1 7.37619E-2 2.13131E-2 9.74732E-3 1.47809E-2 1.82129E-2 4.04371E-2 4.20099E-2 4.01634E-2 5.6115E-2 3.69894E-2 3.42915E-2 2.55624E-2 4.10628E-2 7.92347E-2 3.20904E-1 4.68343E-1
-9999 -9999 -9999 -9999 -9999 -9999 -9999 -9999 -9999 -9999 -9999 -9999 -9999 -9999 -9999 -9999 -9999 -9999 -9999 -9999 -9999 -9999 -9999 -9999 -9999 6.25037E-3 1.6936E-2 2.09959E-2 8.90138E-2 1.48467E-1 1.07629E-1 4.77212E-2 7.73589E-2 3.27384E-2 2.10357E-2 1.03118E-2 4.60538E-3 4.73208E-3 3.58089E-3 7.10996E-3 3.08785E-3 2.17789E-3 1.51145E-3 1.96316E-3 2.21075E-3 9.97256E-3 1.29607E-2 3.15647E-2 2.862E-2 3.06676E-1 1.40769E-1 1.71792E-2 4.34199E-3 7.48186E-3 1.6226E-2 7.98581E-3 1.62107E-2 2.89497E-2 2.16512E-2 2.64481E-2 4.10903E-2 4.39632E-2 4.32283E-2 9.37488E-2 4.36017E-1 5.77049E-1
-9999 -9999 -9999 -9999 -9999 -9999 -9999 -9999 -9999 -9999 -9999 -9999 -9999 -9999 -9999 -9999 -9999 -9999 -9999 -9999 -9999 -9999 -9999 -9999 -9999 -9999 8.1571E-3 1.8826E-2 4.46954E-2 1.54831E-1 1.58387E-1 3.31877E-2 1.2727E-1 4.26181E-2 2.65566E-2 1.43546E-2 7.55614E-3 8.45993E-3 1.40533E-2 6.19493E-3 6.10285E-3 3.99663E-3 2.41758E-3 2.11447E-3 1.67838E-3 4.03957E-3 2.84521E-3 2.33317E-2 7.90468E-2 1.14724E-1 3.15948E-2 4.93715E-2 5.64355E-2 1.01647E-2 3.03882E-2 5.96274E-3 3.32436E-2 1.6874E-2 1.52153E-2 7.43312E-2 6.08229E-2 4.60959E-2 6.37083E-2 4.46281E-2 8.92549E-2 4.28656E-1
-9999 -9999 -9999 -9999 -9999 -9999 -9999 -9999 -9999 -9999 -9999 -9999 -9999 -9999 -9999 -9999 -9999 -9999 -9999 -9999 -9999 -9999 -9999 -9999 -9999 -9999 -9999 7.90333E-3 2.06868E-2 2.40001E-2 2.98954E-2 1.64278E-2 2.28505E-2 3.48E-2 1.85264E-2 1.22895E-2 1.0808E-2 8.15055E-3 1.16039E-2 9.4896E-2 6.31425E-2 1.09752E-2 4.76703E-3 3.08712E-3 2.72929E-3 2.58854E-3 4.72061E-3 4.60244E-2 5.26789E-2 4.78341E-2 6.08943E-3 7.89424E-3 1.66654E-2 6.58696E-3 1.3666E-2 1.4172E-2 1.38366E-2 1.57141E-2 2.36627E-2 3.33083E-2 3.10098E-2 4.58718E-2 4.9982E-2 6.12469E-2 2.17585E-3 1.79913E-1
-9999 -9999 -9999 -9999 -9999 -9999 -9999 -9999 -9999 -9999 -9999 -9999 -9999 -9999 -9999 -9999 -9999 -9999 -9999 -9999 -9999 -9999 -9999 -9999 -9999 -9999 -9999 -9999 -9999 -9999 1.00847E-2 1.2849E-2 1.32763E-2 1.2782E-2 6.75264E-3 8.81873E-3 1.19731E-2 1.5809E-2 1.45043E-2 5.62753E-2 9.6289E-2 4.6481E-2 2.01809E-2 1.05918E-2 7.45356E-3 4.87041E-3 8.41424E-3 1.63671E-2 2.76829E-2 1.24565E-2 7.51431E-3 1.39455E-2 1.62698E-2 6.29062E-3 2.19769E-2 1.37575E-2 1.50916E-2 1.75164E-2 1.68306E-2 1.69274E-2 2.01388E-2 6.33072E-2 7.3065E-2 5.59701E-2 4.42366E-2 1.60458E-2
