Leopardus tigrinus/Leopardus_tigrinus_projection 2041-2060.asc
ncols         515
nrows         545
xllcorner     -119.0
yllcorner     -58.333333333333
cellsize      0.166666666667
NODATA_value  -9999
[rows 116 to 144 of 545, columns 264 to 329 of 515]
-9999 -9999 -9999 -9999 -9999 -9999 -9999 -9999 -9999 -9999 -9999 -9999 -9999 -9999 -9999 -9999 -9999 -9999 -9999 -9999 -9999 -9999 -9999 -9999 -9999 -9999 -9999 -9999 -9999 -9999 -9999 -9999 -9999 -9999 -9999 -9999 -9999 -9999 -9999 -9999 -9999 -9999 -9999 -9999 -9999 -9999 -9999 -9999 -9999 -9999 -9999 -9999 -9999 -9999 -9999 -9999 -9999 -9999 -9999 -9999 -9999 -9999 -9999 -9999 -9999 -9999
-9999 -9999 -9999 -9999 -9999 -9999 -9999 -9999 -9999 -9999 -9999 -9999 -9999 -9999 -9999 -9999 -9999 -9999 -9999 -9999 -9999 -9999 -9999 -9999 -9999 -9999 -9999 -9999 -9999 -9999 -9999 -9999 -9999 -9999 -9999 -9999 -9999 -9999 -9999 -9999 -9999 -9999 -9999 -9999 -9999 -9999 -9999 -9999 -9999 -9999 -9999 -9999 -9999 -9999 -9999 -9999 -9999 -9999 -9999 -9999 -9999 -9999 -9999 -9999 -9999 -9999
-9999 -9999 -9999 -9999 -9999 -9999 -9999 -9999 -9999 -9999 -9999 -9999 -9999 -9999 -9999 -9999 -9999 -9999 -9999 -9999 -9999 -9999 -9999 -9999 -9999 -9999 -9999 -9999 -9999 -9999 -9999 -9999 -9999 -9999 -9999 -9999 -9999 -9999 -9999 -9999 -9999 -9999 -9999 -9999 -9999 -9999 -9999 -9999 -9999 -9999 -9999 -9999 -9999 -9999 -9999 -9999 -9999 -9999 -9999 -9999 -9999 -9999 -9999 -9999 -9999 -9999
-9999 -9999 -9999 -9999 -9999 -9999 -9999 -9999 -9999 -9999 -9999 -9999 -9999 -9999 -9999 -9999 -9999 -9999 -9999 -9999 -9999 -9999 -9999 -9999 -9999 -9999 -9999 -9999 -9999 -9999 -9999 -9999 -9999 -9999 -9999 -9999 -9999 -9999 -9999 -9999 -9999 -9999 -9999 -9999 -9999 -9999 -9999 -9999 -9999 -9999 -9999 -9999 -9999 -9999 -9999 -9999 -9999 -9999 -9999 -9999 -9999 -9999 -9999 -9999 -9999 -9999
-9999 -9999 -9999 -9999 -9999 -9999 -9999 -9999 -9999 -9999 -9999 -9999 -9999 -9999 -9999 -9999 -9999 -9999 -9999 -9999 -9999 -9999 -9999 -9999 -9999 -9999 -9999 -9999 -9999 -9999 -9999 -9999 -9999 -9999 -9999 -9999 -9999 -9999 -9999 -9999 -9999 -9999 -9999 -9999 -9999 -9999 -9999 -9999 -9999 -9999 -9999 -9999 -9999 -9999 -9999 -9999 -9999 -9999 -9999 -9999 -9999 -9999 -9999 -9999 -9999 -9999
-9999 -9999 -9999 -9999 -9999 -9999 -9999 -9999 -9999 -9999 -9999 -9999 -9999 -9999 -9999 -9999 -9999 -9999 -9999 1.7187E-2 3.56961E-2 3.07809E-2 -9999 -9999 -9999 -9999 -9999 -9999 -9999 -9999 -9999 -9999 -9999 -9999 -9999 -9999 -9999 -9999 -9999 -9999 -9999 -9999 -9999 -9999 -9999 -9999 -9999 -9999 -9999 -9999 -9999 -9999 -9999 -9999 -9999 -9999 -9999 -9999 -9999 -9999 -9999 -9999 -9999 -9999 -9999 -9999
-9999 -9999 -9999 -9999 -9999 -9999 -9999 -9999 -9999 -9999 -9999 -9999 -9999 -9999 -9999 -9999 -9999 1.64564E-2 1.52694E-2 2.06997E-2 5.65324E-2 4.65336E-2 4.25495E-2 -9999 -9999 -9999 -9999 -9999 -9999 -9999 -9999 -9999 -9999 -9999 -9999 -9999 -9999 -9999 -9999 -9999 -9999 -9999 -9999 -9999 -9999 -9999 -9999 -9999 -9999 -9999 -9999 -9999 -9999 -9999 -9999 -9999 -9999 -9999 -9999 -9999 -9999 -9999 -9999 -9999 -9999 -9999
-9999 -9999 -9999 -9999 -9999 -9999 -9999 -9999 -9999 -9999 -9999 -9999 -9999 -9999 -9999 -9999 -9999 2.56997E-2 3.86968E-2 5.67508E-2 2.97891E-2 1.65707E-2 -9999 -9999 -9999 -9999 -9999 -9999 -9999 5.46566E-2 6.27976E-2 -9999 -9999 -9999 -9999 -9999 -9999 -9999 -9999 -9999 -9999 -9999 -9999 -9999 -9999 -9999 -9999 -9999 -9999 -9999 -9999 -9999 -9999 -9999 -9999 -9999 -9999 -9999 -9999 -9999 -9999 -9999 -9999 -9999 -9999 -9999
-9999 -9999 -9999 -9999 -9999 -9999 -9999 -9999 -9999 -9999 -9999 -9999 -9999 -9999 -9999 -9999 4.44342E-2 3.96562E-2 3.05763E-2 4.81464E-2 2.37651E-2 -9999 -9999 -9999 -9999 -9999 -9999 -9999 -9999 5.46598E-2 6.41029E-2 -9999 -9999 -9999 -9999 -9999 -9999 -9999 -9999 -9999 -9999 -9999 -9999 -9999 -9999 -9999 -9999 -9999 -9999 -9999 -9999 -9999 -9999 -9999 -9999 -9999 -9999 -9999 -9999 -9999 -9999 -9999 -9999 -9999 -9999 -9999
-9999 -9999 -9999 -9999 -9999 -9999 -9999 -9999 -9999 -9999 -9999 -9999 -9999 6.46081E-2 6.5436E-2 6.18197E-2 6.58304E-2 4.56876E-2 -9999 -9999 -9999 -9999 -9999 -9999 -9999 -9999 -9999 -9999 -9999 -9999 -9999 -9999 -9999 -9999 -9999 -9999 -9999 -9999 -9999 -9999 -9999 -9999 -9999 -9999 -9999 -9999 -9999 -9999 -9999 -9999 -9999 -9999 -9999 -9999 -9999 -9999 -9999 -9999 -9999 -9999 -9999 -9999 -9999 -9999 -9999 -9999
-9999 -9999 -9999 -9999 -9999 -9999 -9999 -9999 -9999 -9999 -9999 -9999 9.84273E-2 1.09739E-1 1.05051E-1 9.80135E-2 9.68015E-2 6.87279E-2 -9999 -9999 -9999 -9999 -9999 -9999 -9999 -9999 -9999 -9999 -9999 -9999 -9999 -9999 1.11959E-1 1.7541E-1 1.3948E-1 -9999 -9999 -9999 -9999 -9999 -9999 -9999 -9999 -9999 -9999 -9999 -9999 -9999 -9999 -9999 -9999 -9999 -9999 -9999 -9999 -9999 -9999 -9999 -9999 -9999 -9999 -9999 -9999 -9999 -9999 -9999
-9999 -9999 -9999 -9999 -9999 2.57629E-1 -9999 -9999 -9999 -9999 -9999 1.18175E-1 1.22294E-1 1.26123E-1 1.37873E-1 1.65763E-1 1.47441E-1 1.08379E-1 -9999 -9999 -9999 -9999 -9999 -9999 -9999 -9999 -9999 -9999 6.06089E-2 7.85891E-2 1.348E-1 1.77149E-1 3.55734E-1 2.20641E-1 1.72866E-1 1.29383E-1 1.3348E-1 1.25091E-1 -9999 -9999 -9999 -9999 -9999 -9999 -9999 -9999 -9999 -9999 -9999 -9999 -9999 -9999 -9999 -9999 -9999 -9999 -9999 -9999 -9999 -9999 -9999 -9999 -9999 -9999 -9999 -9999
-9999 -9999 -9999 -9999 -9999 8.12612E-1 8.74445E-1 6.72339E-1 8.21429E-1 7.58419E-1 7.88819E-1 2.69963E-1 3.11912E-1 2.49297E-1 2.16078E-1 3.21288E-1 2.43944E-1 1.16034E-1 7.84076E-2 -9999 -9999 -9999 -9999 -9999 -9999 7.62241E-2 8.21748E-2 9.88131E-2 1.13798E-1 1.34965E-1 1.49084E-1 2.38838E-1 2.12272E-1 1.7184E-1 1.28317E-1 1.39281E-1 1.60118E-1 1.57879E-1 1.215E-1 -9999 -9999 -9999 -9999 -9999 -9999 -9999 -9999 -9999 -9999 -9999 -9999 -9999 -9999 -9999 -9999 -9999 -9999 -9999 -9999 -9999 -9999 -9999 -9999 -9999 -9999 -9999
1.57905E-1 1.47133E-1 8.24625E-2 -9999 1.02077E-1 4.77465E-1 9.87145E-1 9.88754E-1 9.85934E-1 9.86697E-1 9.87122E-1 4.64795E-1 2.76971E-1 2.22837E-1 5.30599E-1 3.48379E-1 1.99218E-1 1.33757E-1 1.16013E-1 -9999 -9999 -9999 7.9364E-2 9.46914E-2 1.1285E-1 1.25516E-1 1.4967E-1 2.09885E-1 1.94225E-1 1.69645E-1 1.60872E-1 1.78171E-1 2.13797E-1 1.76521E-1 1.97545E-1 2.99875E-1 2.15775E-1 1.75301E-1 1.5465E-1 1.26042E-1 -9999 -9999 -9999 -9999 -9999 -9999 -9999 -9999 -9999 -9999 -9999 -9999 -9999 -9999 -9999 -9999 -9999 -9999 -9999 -9999 -9999 -9999 -9999 -9999 -9999 -9999
2.15887E-1 1.66561E-1 1.41577E-1 -9999 8.07166E-2 2.60348E-1 9.81732E-1 9.90163E-1 9.91638E-1 9.9079E-1 4.94451E-1 2.11278E-1 2.00399E-1 5.79061E-1 6.39659E-1 4.29865E-1 2.18055E-1 1.63815E-1 1.31251E-1 1.13131E-1 -9999 1.01169E-1 1.23714E-1 1.34142E-1 1.7947E-1 2.24347E-1 2.98144E-1 3.46674E-1 2.64967E-1 2.28695E-1 2.80529E-1 3.89056E-1 3.74561E-1 2.9805E-1 2.69474E-1 1.927E-1 2.0357E-1 2.17887E-1 2.0273E-1 1.4012E-1 -9999 -9999 -9999 -9999 -9999 -9999 -9999 -9999 -9999 -9999 -9999 -9999 -9999 -9999 -9999 -9999 -9999 -9999 -9999 -9999 -9999 -9999 -9999 -9999 -9999 -9999
1.70302E-1 1.22062E-1 1.14043E-1 9.4886E-2 8.67068E-2 1.70989E-1 8.41259E-1 9.86248E-1 9.89321E-1 9.30383E-1 3.16928E-1 2.09503E-1 6.0925E-1 9.61432E-1 6.35885E-1 2.755E-1 1.9318E-1 1.91169E-1 1.76509E-1 1.54969E-1 -9999 1.12752E-1 1.53989E-1 1.86242E-1 2.42397E-1 2.79696E-1 3.62764E-1 4.27994E-1 4.2174E-1 3.82758E-1 2.47984E-1 2.40886E-1 3.13936E-1 2.34253E-1 1.84114E-1 1.98769E-1 2.35184E-1 2.08025E-1 2.17004E-1 1.60025E-1 -9999 -9999 -9999 -9999 -9999 -9999 -9999 -9999 -9999 -9999 -9999 -9999 2.83845E-1 -9999 -9999 -9999 -9999 -9999 -9999 -9999 -9999 -9999 -9999 -9999 -9999 -9999
1.00842E-1 9.75008E-2 9.65959E-2 1.00417E-1 1.07095E-1 1.38452E-1 4.63583E-1 8.21139E-1 9.45374E-1 2.9721E-1 1.96976E-1 3.33753E-1 9.92391E-1 9.92103E-1 7.47156E-1 2.42904E-1 1.84371E-1 1.93002E-1 1.65671E-1 -9999 -9999 -9999 1.58165E-1 2.26157E-1 2.58515E-1 6.3292E-1 5.89436E-1 6.17016E-1 5.40613E-1 4.26054E-1 3.31354E-1 3.06311E-1 2.92681E-1 2.89878E-1 3.07805E-1 3.69456E-1 4.72752E-1 5.61885E-1 2.68035E-1 3.17078E-1 3.18371E-1 3.05738E-1 3.63388E-1 3.36355E-1 6.20005E-1 8.557E-1 9.65802E-1 9.73306E-1 8.09936E-1 6.31898E-1 3.97556E-1 3.85735E-1 2.37074E-1 -9999 -9999 -9999 -9999 -9999 -9999 -9999 -9999 -9999 -9999 -9999 -9999 -9999
8.31105E-2 8.11095E-2 8.76717E-2 1.06438E-1 1.37921E-1 1.1702E-1 2.19009E-1 4.85311E-1 3.08089E-1 1.68101E-1 1.85434E-1 9.54432E-1 9.93868E-1 9.91153E-1 4.90599E-1 2.15918E-1 1.99554E-1 1.80611E-1 1.46719E-1 -9999 -9999 -9999 1.4412E-1 2.19332E-1 2.58183E-1 6.39795E-1 6.93953E-1 4.03673E-1 3.45708E-1 2.9828E-1 2.80667E-1 3.13766E-1 4.23767E-1 4.94889E-1 4.29522E-1 6.57983E-1 5.3106E-1 2.60917E-1 4.8538E-1 5.95564E-1 5.25097E-1 5.00961E-1 2.83627E-1 2.17266E-1 2.46466E-1 3.65895E-1 5.00175E-1 5.08741E-1 4.05654E-1 1.87657E-1 2.64198E-1 2.4586E-1 1.95839E-1 1.87894E-1 1.6931E-1 -9999 -9999 -9999 -9999 -9999 -9999 -9999 -9999 -9999 3.40527E-1 3.64438E-1
7.79372E-2 8.01785E-2 7.74102E-2 1.05492E-1 1.45991E-1 1.1358E-1 1.82672E-1 2.03022E-1 1.30005E-1 1.35672E-1 2.04561E-1 9.89164E-1 9.93925E-1 9.02437E-1 2.64389E-1 2.08731E-1 2.14393E-1 1.84687E-1 -9999 -9999 -9999 -9999 -9999 1.91055E-1 3.43358E-1 4.67112E-1 5.70053E-1 4.56672E-1 4.17335E-1 4.12363E-1 3.5887E-1 3.70217E-1 4.03159E-1 4.24039E-1 3.43216E-1 2.75395E-1 2.53115E-1 3.76858E-1 6.25161E-1 3.68337E-1 3.10183E-1 2.04232E-1 2.09092E-1 2.5722E-1 1.98377E-1 2.36453E-1 3.17339E-1 4.22471E-1 3.70512E-1 2.53229E-1 4.29075E-1 4.42014E-1 3.65947E-1 3.59805E-1 3.16624E-1 3.26569E-1 2.72394E-1 -9999 -9999 -9999 -9999 -9999 2.01367E-1 3.28169E-1 5.69346E-1 8.95452E-1
1.05347E-1 8.76778E-2 9.19677E-2 1.22247E-1 1.65178E-1 1.40029E-1 1.47756E-1 1.69548E-1 1.56829E-1 1.39607E-1 1.75757E-1 9.62484E-1 9.93827E-1 3.6925E-1 2.14802E-1 2.22686E-1 2.16434E-1 -9999 -9999 -9999 -9999 -9999 -9999 -9999 3.32429E-1 4.64309E-1 6.43151E-1 5.76544E-1 5.10777E-1 6.87943E-1 8.37801E-1 4.15641E-1 5.5766E-1 8.39523E-1 5.67843E-1 2.41144E-1 2.3331E-1 3.96385E-1 5.03748E-1 2.38367E-1 1.81827E-1 2.02332E-1 2.0284E-1 2.41075E-1 3.13859E-1 1.71269E-1 1.12039E-1 1.40712E-1 2.33488E-1 2.40114E-1 3.28689E-1 3.76123E-1 3.55688E-1 2.89032E-1 2.94756E-1 2.93586E-1 2.67637E-1 1.82862E-1 1.43675E-1 1.2397E-1 1.44406E-1 1.66916E-1 1.30289E-1 1.57734E-1 2.48401E-1 3.07955E-1
1.36383E-1 1.26622E-1 1.15328E-1 1.34911E-1 1.53766E-1 1.61994E-1 1.5948E-1 1.72576E-1 1.72177E-1 1.52688E-1 1.9883E-1 9.46879E-1 6.86546E-1 1.98909E-1 2.15571E-1 2.21882E-1 2.22856E-1 -9999 -9999 -9999 -9999 -9999 -9999 -9999 2.73761E-1 4.21853E-1 5.21408E-1 5.2362E-1 7.2224E-1 9.80265E-1 9.79596E-1 7.45498E-1 9.84978E-1 8.07823E-1 3.73949E-1 2.24986E-1 2.2022E-1 2.07896E-1 1.66315E-1 1.28667E-1 1.19725E-1 1.12861E-1 1.09576E-1 1.17941E-1 9.18452E-2 8.24468E-2 7.12892E-2 8.81575E-2 9.30013E-2 8.7507E-2 1.20994E-1 1.70699E-1 1.648E-1 1.74087E-1 1.86914E-1 1.59658E-1 8.96245E-2 7.29794E-2 6.64819E-2 5.67618E-2 7.02856E-2 1.04149E-1 1.07702E-1 1.22514E-1 1.37864E-1 1.38261E-1
1.70168E-1 1.6149E-1 1.57145E-1 1.60377E-1 1.65302E-1 1.8236E-1 1.80675E-1 1.74559E-1 1.76771E-1 1.80692E-1 3.46192E-1 9.30723E-1 3.13414E-1 2.07723E-1 2.20918E-1 2.26833E-1 2.23195E-1 2.32863E-1 -9999 -9999 -9999 -9999 -9999 -9999 2.51265E-1 3.48993E-1 4.6806E-1 5.90704E-1 9.90455E-1 9.86195E-1 9.94468E-1 9.71777E-1 9.2297E-1 5.76074E-1 2.21856E-1 1.57498E-1 1.40024E-1 9.63471E-2 9.08695E-2 8.74864E-2 9.6989E-2 9.88423E-2 9.16383E-2 8.73836E-2 8.68117E-2 6.59703E-2 6.5437E-2 7.34633E-2 6.39625E-2 6.45399E-2 7.13147E-2 9.39917E-2 1.11954E-1 1.18801E-1 1.02617E-1 1.05873E-1 7.55399E-2 6.04774E-2 4.68594E-2 4.88779E-2 4.93E-2 8.05141E-2 9.61061E-2 1.10731E-1 1.33282E-1 1.25342E-1
1.44301E-1 1.8051E-1 1.69782E-1 1.67678E-1 1.95943E-1 2.09005E-1 2.02621E-1 1.97321E-1 1.89337E-1 2.53031E-1 9.95961E-1 7.44499E-1 3.23358E-1 2.23023E-1 2.36082E-1 2.29665E-1 2.29769E-1 2.58062E-1 -9999 -9999 -9999 -9999 -9999 -9999 2.9435E-1 4.76665E-1 5.38041E-1 8.36097E-1 9.87772E-1 9.89926E-1 8.97999E-1 8.25015E-1 5.67545E-1 2.56791E-1 1.61412E-1 1.14977E-1 1.06147E-1 8.65999E-2 7.76412E-2 7.44421E-2 7.16522E-2 6.75732E-2 6.5191E-2 6.61702E-2 5.49676E-2 5.37403E-2 5.13762E-2 4.99388E-2 5.11223E-2 5.24912E-2 6.87219E-2 8.69066E-2 9.57904E-2 9.52932E-2 7.98473E-2 6.47719E-2 6.2813E-2 5.35515E-2 4.23714E-2 3.92607E-2 3.88615E-2 5.42355E-2 6.07502E-2 7.40906E-2 1.26976E-1 1.25059E-1
1.66852E-1 1.94639E-1 1.71506E-1 1.7954E-1 2.05974E-1 2.41584E-1 2.48713E-1 2.33953E-1 2.31232E-1 5.90095E-1 8.99827E-1 4.1593E-1 3.10113E-1 2.7638E-1 2.746E-1 2.62466E-1 2.6644E-1 2.58704E-1 2.8706E-1 -9999 -9999 -9999 -9999 -9999 4.816E-1 8.35199E-1 9.27561E-1 9.89392E-1 9.98248E-1 9.36427E-1 5.37556E-1 3.18765E-1 2.02815E-1 1.51087E-1 1.1853E-1 9.09896E-2 8.27143E-2 8.32469E-2 8.18597E-2 7.62652E-2 7.31137E-2 6.8008E-2 6.6429E-2 5.61907E-2 5.68075E-2 5.7691E-2 5.71258E-2 5.80654E-2 6.13115E-2 6.48736E-2 7.08862E-2 7.49854E-2 7.68458E-2 8.50992E-2 7.45625E-2 6.69612E-2 5.71989E-2 4.92058E-2 4.64963E-2 4.55911E-2 4.72782E-2 6.09645E-2 7.28994E-2 7.41054E-2 8.67935E-2 9.4261E-2
2.14314E-1 1.87344E-1 1.77186E-1 1.89275E-1 2.11492E-1 2.30036E-1 2.36258E-1 2.37523E-1 3.6719E-1 8.34487E-1 6.13941E-1 4.69426E-1 3.55282E-1 2.73527E-1 2.60799E-1 2.64575E-1 2.7205E-1 2.85572E-1 2.8828E-1 -9999 -9999 -9999 -9999 5.42074E-1 9.3815E-1 9.62352E-1 9.81629E-1 9.97279E-1 9.5593E-1 5.91892E-1 3.27557E-1 1.58067E-1 1.01681E-1 1.27825E-1 1.10763E-1 8.73217E-2 7.83961E-2 7.20432E-2 7.91189E-2 8.37318E-2 8.82748E-2 7.41181E-2 6.57944E-2 6.18897E-2 7.08616E-2 1.07637E-1 7.0094E-2 5.90442E-2 6.95021E-2 7.09377E-2 6.39674E-2 6.48711E-2 7.00241E-2 8.15496E-2 7.76518E-2 6.48253E-2 6.41181E-2 5.17078E-2 5.23511E-2 5.13067E-2 6.38845E-2 7.7478E-2 8.7312E-2 7.50312E-2 8.24624E-2 9.76884E-2
2.10051E-1 1.89348E-1 2.06164E-1 2.16782E-1 2.32861E-1 2.48527E-1 2.39451E-1 2.59302E-1 3.90739E-1 9.60287E-1 5.80522E-1 5.72375E-1 3.24586E-1 2.94717E-1 2.88159E-1 2.95399E-1 2.85256E-1 2.88334E-1 2.7276E-1 2.37773E-1 2.6646E-1 3.25332E-1 5.8554E-1 9.0755E-1 9.80223E-1 9.82362E-1 9.88472E-1 9.74378E-1 5.42334E-1 3.40474E-1 1.87327E-1 1.24775E-1 9.3131E-2 1.22847E-1 1.16102E-1 1.11056E-1 1.06472E-1 1.02053E-1 9.76023E-2 8.66483E-2 8.62725E-2 9.52643E-2 8.46705E-2 7.94718E-2 8.89142E-2 1.00436E-1 7.02781E-2 7.24192E-2 6.79702E-2 6.31048E-2 5.9293E-2 6.34845E-2 6.67761E-2 6.63119E-2 7.58469E-2 6.94563E-2 6.4122E-2 6.07331E-2 6.31824E-2 6.44321E-2 7.34955E-2 8.51172E-2 8.76839E-2 9.12876E-2 9.98626E-2 1.02842E-1
2.19016E-1 2.16824E-1 2.20939E-1 2.38135E-1 2.7455E-1 3.987E-1 2.77829E-1 2.7217E-1 3.90834E-1 9.62136E-1 8.92341E-1 7.00922E-1 3.68194E-1 3.12127E-1 3.13409E-1 3.16557E-1 2.92483E-1 2.97046E-1 3.01816E-1 3.17923E-1 4.89135E-1 8.73513E-1 8.99279E-1 9.6897E-1 9.8447E-1 9.89498E-1 9.44336E-1 4.76241E-1 3.41025E-1 1.96703E-1 1.23323E-1 1.53722E-1 1.3882E-1 1.27278E-1 1.16173E-1 1.09804E-1 1.07861E-1 9.81701E-2 8.99928E-2 8.11466E-2 7.44038E-2 8.18325E-2 8.14553E-2 8.18702E-2 9.39029E-2 8.92534E-2 7.28856E-2 7.1532E-2 7.65724E-2 7.19942E-2 6.32363E-2 6.54445E-2 7.14936E-2 6.5885E-2 8.05848E-2 8.45353E-2 7.83066E-2 7.86796E-2 7.42527E-2 7.4276E-2 9.44446E-2 1.07902E-1 1.05218E-1 1.00553E-1 9.91185E-2 1.00669E-1
2.18228E-1 1.92064E-1 1.76669E-1 2.15862E-1 2.95398E-1 3.72601E-1 2.68351E-1 2.63219E-1 4.71763E-1 9.37147E-1 7.77554E-1 5.53235E-1 5.26048E-1 3.71059E-1 3.39811E-1 3.11787E-1 2.99842E-1 3.00398E-1 3.05607E-1 3.85795E-1 4.60153E-1 9.63606E-1 9.69999E-1 9.6423E-1 9.72876E-1 9.171E-1 5.13366E-1 3.46016E-1 2.54074E-1 1.32795E-1 1.08484E-1 1.43177E-1 1.41292E-1 1.31225E-1 1.20961E-1 1.14874E-1 1.06184E-1 9.86487E-2 9.92637E-2 8.9607E-2 7.80543E-2 7.73294E-2 7.91323E-2 7.36354E-2 7.86957E-2 7.59246E-2 6.85437E-2 6.83873E-2 6.96136E-2 7.25161E-2 7.97429E-2 7.68044E-2 7.0258E-2 7.41443E-2 7.90764E-2 8.31785E-2 7.82163E-2 7.17606E-2 7.48589E-2 8.53003E-2 1.12065E-1 1.14743E-1 1.13564E-1 1.00263E-1 1.01022E-1 1.11721E-1
2.21245E-1 2.05618E-1 2.06156E-1 3.15903E-1 5.1417E-1 4.91755E-1 3.04771E-1 2.70534E-1 5.04602E-1 9.96602E-1 9.86642E-1 8.63866E-1 6.67758E-1 4.40235E-1 3.7106E-1 3.21426E-1 3.11138E-1 3.44788E-1 4.13527E-1 5.34641E-1 9.20681E-1 9.83332E-1 9.79364E-1 9.75652E-1 8.65635E-1 5.34863E-1 3.64009E-1 2.74616E-1 1.70147E-1 1.33174E-1 1.50466E-1 1.48091E-1 1.49611E-1 1.40836E-1 1.37707E-1 1.24292E-1 1.15856E-1 1.15375E-1 1.09312E-1 9.94631E-2 7.98727E-2 7.06412E-2 7.00707E-2 6.69339E-2 7.55622E-2 7.2505E-2 7.20159E-2 7.38541E-2 6.55398E-2 7.92115E-2 8.60867E-2 8.43329E-2 8.4841E-2 8.4741E-2 8.6412E-2 8.33431E-2 7.96447E-2 7.1699E-2 7.4499E-2 8.9941E-2 1.17479E-1 1.21852E-1 1.15434E-1 1.09508E-1 1.09587E-1 1.16163E-1
