Leopardus tigrinus/Leopardus_tigrinus_projection 2041-2060_novel.asc
ncols         515
nrows         545
xllcorner     -119.0
yllcorner     -58.333333333333
cellsize      0.166666666667
NODATA_value  -9999
[rows 300 to 329 of 545, columns 408 to 475 of 515]
4.19996E1 4.1125E1 2.04333E1 2.04333E1 2.04333E1 2.04333E1 2.04333E1 2.04333E1 3.8382E1 3.72689E1 3.60167E1 3.58378E1 3.35719E1 3.32538E1 3.16239E1 2.92188E1 2.90598E1 2.78672E1 2.71517E1 2.61976E1 2.41503E1 2.4031E1 2.31763E1 2.15663E1 2.03936E1 2.00358E1 1.91214E1 1.73325E1 1.49076E1 1.49076E1 1.41125E1 1.49076E1 1.49076E1 1.5643E1 1.49076E1 1.35361E1 1.2423E1 1.2423E1 1.31385E1 1.41125E1 1.63387E1 1.49076E1 1.1608E1 2.09899E1 2.2898E1 2.00358E1 1.73325E1 1.73325E1 1.82071E1 1.82071E1 2.00358E1 2.00358E1 2.81853E1 3.34327E1 3.8223E1 4.43451E1 5.17392E1 4.1125E1 4.1125E1 4.1125E1 4.1125E1 4.1125E1 4.1125E1 4.1125E1 4.1125E1 4.1125E1 4.1125E1 3.51222E1
4.24766E1 4.1125E1 4.1125E1 2.04333E1 2.04333E1 2.04333E1 2.04333E1 4.10455E1 3.98132E1 3.6772E1 3.72689E1 3.60167E1 3.44266E1 3.32538E1 3.11668E1 3.03717E1 2.92188E1 2.73107E1 2.67541E1 2.61379E1 2.46671E1 2.31763E1 2.16855E1 2.05128E1 2.00358E1 1.91214E1 1.82071E1 1.73325E1 1.63387E1 1.73325E1 1.63387E1 1.5643E1 1.63387E1 1.63387E1 1.49076E1 1.35361E1 1.41125E1 1.31385E1 1.31385E1 1.49076E1 1.73325E1 1.49076E1 1.2423E1 2.49652E1 2.58199E1 2.37329E1 2.09899E1 2.00358E1 2.09899E1 2.2898E1 2.2898E1 2.49652E1 3.06301E1 3.50229E1 4.15226E1 4.8221E1 5.63109E1 6.16975E1 4.1125E1 4.1125E1 4.1125E1 4.1125E1 4.1125E1 4.1125E1 4.1125E1 4.1125E1 4.1125E1 3.34128E1
4.1125E1 4.1125E1 4.1125E1 2.04333E1 2.04333E1 2.04333E1 2.04333E1 4.1125E1 4.02107E1 3.709E1 3.76068E1 3.60167E1 3.43073E1 3.31147E1 3.11668E1 3.06301E1 2.96561E1 2.81654E1 2.78672E1 2.49652E1 2.2898E1 2.20433E1 2.18644E1 2.00358E1 1.91214E1 1.91214E1 1.82071E1 1.82071E1 1.73325E1 1.82071E1 1.73325E1 1.73325E1 1.82071E1 1.73325E1 1.49076E1 1.41125E1 1.49076E1 1.49076E1 1.35361E1 1.5643E1 1.63387E1 1.41125E1 1.41125E1 2.67541E1 2.67541E1 2.37329E1 2.2898E1 2.20433E1 2.20433E1 2.61379E1 2.81654E1 2.81853E1 2.58199E1 3.49632E1 4.08269E1 4.53588E1 5.67879E1 4.1125E1 4.1125E1 4.1125E1 4.1125E1 4.1125E1 4.1125E1 4.1125E1 4.1125E1 4.1125E1 4.32717E1 3.22202E1
4.17412E1 4.3391E1 4.1125E1 4.1125E1 2.04333E1 2.04333E1 2.04333E1 4.1125E1 3.94156E1 3.86404E1 3.709E1 3.6772E1 3.47048E1 3.2896E1 3.09879E1 3.09084E1 2.99742E1 3.0491E1 3.03717E1 2.2898E1 2.00358E1 1.91214E1 1.91214E1 2.08905E1 1.99761E1 2.03936E1 2.09899E1 2.09899E1 1.82071E1 1.91214E1 1.91214E1 1.91214E1 1.82071E1 1.82071E1 1.5643E1 1.63387E1 1.63387E1 1.63387E1 1.49076E1 1.5643E1 1.49076E1 1.41125E1 1.63387E1 2.49255E1 2.61976E1 2.37329E1 2.49652E1 2.61976E1 2.69926E1 2.85232E1 2.83443E1 2.87816E1 3.06102E1 3.48042E1 4.1125E1 4.84198E1 5.72451E1 5.69469E1 6.44405E1 4.1125E1 4.1125E1 4.1125E1 4.1125E1 4.1125E1 4.1125E1 4.1125E1 3.6136E1 2.56013E1
4.66706E1 4.42457E1 4.60346E1 4.1125E1 2.04333E1 2.04333E1 2.04333E1 4.1125E1 2.04333E1 3.91771E1 2.04333E1 3.61558E1 3.40489E1 3.26575E1 3.1286E1 3.00735E1 2.86225E1 2.92188E1 2.83045E1 2.49255E1 1.63387E1 1.63387E1 1.73325E1 2.00358E1 2.05128E1 2.13079E1 2.38322E1 2.20433E1 1.91214E1 2.00358E1 2.20433E1 2.00358E1 1.91214E1 1.91214E1 1.82071E1 1.91214E1 1.82071E1 1.73325E1 1.5643E1 1.5643E1 1.49076E1 1.41125E1 1.49076E1 2.20433E1 2.37329E1 2.00358E1 2.81853E1 2.71517E1 2.76287E1 2.86225E1 2.96561E1 3.06301E1 3.60167E1 3.709E1 4.1125E1 4.1125E1 4.1125E1 4.1125E1 4.1125E1 4.1125E1 4.1125E1 4.1125E1 4.1125E1 4.1125E1 4.1125E1 3.69708E1 2.72709E1 2.23812E1
4.1125E1 4.1125E1 4.1125E1 4.1125E1 2.04333E1 2.04333E1 2.04333E1 2.04333E1 2.04333E1 2.04333E1 2.04333E1 3.55794E1 3.54601E1 3.35719E1 3.09879E1 2.94375E1 2.73107E1 2.57603E1 1.63387E1 1.35361E1 1.31385E1 1.49076E1 1.63387E1 1.82071E1 2.19837E1 2.32558E1 2.49652E1 2.49652E1 2.37329E1 2.37329E1 2.2898E1 2.09899E1 2.09899E1 1.91214E1 1.91214E1 2.09899E1 2.00358E1 1.82071E1 1.73325E1 1.73325E1 1.5643E1 1.5643E1 1.73325E1 2.09899E1 2.2898E1 2.49255E1 2.93381E1 2.83443E1 2.86225E1 2.87816E1 3.02326E1 3.17631E1 3.54601E1 2.04333E1 2.04333E1 2.04333E1 4.1125E1 4.1125E1 6.39436E1 5.56351E1 6.11012E1 4.1125E1 4.1125E1 4.1125E1 4.1125E1 3.8223E1 2.64758E1 -9999
2.72312E1 4.1125E1 4.1125E1 2.04333E1 2.04333E1 2.04333E1 2.04333E1 2.04333E1 2.04333E1 2.04333E1 2.04333E1 3.8223E1 3.89386E1 3.73087E1 3.26575E1 3.0491E1 2.85232E1 2.55416E1 2.32558E1 2.10694E1 1.0813E1 1.31385E1 1.49076E1 1.91214E1 2.37329E1 2.58199E1 2.49652E1 2.71914E1 2.81853E1 2.69926E1 2.58199E1 2.37329E1 2.20433E1 2.00358E1 2.00358E1 2.00358E1 2.00358E1 1.90022E1 1.75512E1 1.76307E1 1.73325E1 1.63387E1 2.00358E1 2.43292E1 2.69926E1 2.99742E1 2.92188E1 3.0491E1 3.09084E1 3.09879E1 3.35719E1 3.709E1 4.10455E1 2.04333E1 2.04333E1 2.04333E1 4.1125E1 5.86961E1 6.47386E1 6.58716E1 7.38819E1 4.1125E1 4.1125E1 4.1125E1 4.1125E1 3.47843E1 2.67939E1 -9999
4.1125E1 3.2419E1 4.1125E1 4.1125E1 4.1125E1 2.04333E1 2.04333E1 2.04333E1 4.03697E1 2.04333E1 4.03697E1 4.03697E1 3.96144E1 3.8382E1 3.54601E1 3.1286E1 2.83045E1 2.63765E1 2.55416E1 1.81276E1 1.71934E1 1.41125E1 1.5643E1 2.00358E1 2.58199E1 2.58199E1 2.49652E1 2.71914E1 2.99742E1 2.78672E1 2.69926E1 2.63765E1 2.37329E1 2.20433E1 2.09899E1 2.00358E1 1.97178E1 1.86842E1 1.74319E1 1.69946E1 1.91214E1 1.73325E1 1.91214E1 2.74498E1 2.70324E1 3.11668E1 2.99742E1 2.99742E1 3.06301E1 3.16239E1 3.47048E1 3.91771E1 4.17611E1 4.1125E1 2.04333E1 2.04333E1 4.1125E1 4.1125E1 4.1125E1 7.01252E1 4.1125E1 4.1125E1 4.1125E1 4.1125E1 4.1125E1 3.69708E1 2.12681E1 -9999
3.67323E1 3.81435E1 3.92964E1 4.1125E1 4.1125E1 4.1125E1 2.04333E1 2.04333E1 4.02107E1 4.10455E1 4.1125E1 4.1125E1 4.08269E1 3.96144E1 3.709E1 3.43073E1 3.11668E1 2.83443E1 2.61976E1 2.57603E1 1.55834E1 1.82071E1 1.49275E1 1.52455E1 2.58199E1 2.87816E1 2.71914E1 2.94375E1 3.09879E1 2.13278E1 2.14868E1 2.48857E1 2.52832E1 2.37329E1 2.20433E1 2.14272E1 2.05128E1 1.94991E1 1.8863E1 1.89227E1 1.98768E1 1.82071E1 1.63387E1 2.63765E1 2.88213E1 3.03717E1 2.94375E1 2.93381E1 3.11668E1 3.2896E1 3.57583E1 3.77857E1 4.05884E1 2.04333E1 2.04333E1 2.04333E1 2.04333E1 4.1125E1 7.02842E1 5.48996E1 6.09223E1 7.38819E1 4.1125E1 4.1125E1 5.49791E1 3.17233E1 1.89823E1 -9999
4.07275E1 4.1125E1 4.1125E1 4.1125E1 4.1125E1 4.1125E1 4.10455E1 4.08269E1 2.04333E1 4.1125E1 4.1125E1 4.1125E1 4.1125E1 4.02107E1 3.91771E1 3.6772E1 3.52415E1 3.26575E1 2.93381E1 2.83443E1 1.67959E1 1.71934E1 1.62989E1 1.55834E1 1.40926E1 2.93381E1 3.08487E1 2.10694E1 1.55834E1 1.78295E1 1.82469E1 2.22819E1 2.63566E1 2.49652E1 2.44882E1 2.28583E1 2.16855E1 2.10694E1 2.07911E1 2.14272E1 2.13079E1 2.00358E1 1.82071E1 2.09899E1 2.28185E1 3.05108E1 2.94375E1 3.00735E1 3.00735E1 3.06102E1 3.60167E1 3.94156E1 4.1125E1 2.04333E1 4.1125E1 2.04333E1 2.04333E1 6.63685E1 4.1125E1 7.38819E1 6.31485E1 4.1125E1 4.1125E1 4.1125E1 4.97317E1 3.17233E1 1.48281E1 -9999
4.1125E1 4.1125E1 4.1125E1 4.1125E1 4.1125E1 4.1125E1 4.1125E1 4.1125E1 4.08269E1 4.1125E1 3.69708E1 4.1125E1 4.1125E1 4.1125E1 4.1125E1 3.96144E1 3.85609E1 3.32936E1 3.33333E1 3.27172E1 1.64977E1 1.55834E1 1.55834E1 1.56629E1 1.54045E1 1.56629E1 1.66369E1 1.45299E1 1.40926E1 1.37746E1 1.62989E1 2.07911E1 2.45279E1 2.58199E1 2.49652E1 2.4031E1 2.28583E1 2.2421E1 2.26198E1 2.38322E1 2.4031E1 2.2421E1 2.09899E1 1.82071E1 2.32161E1 2.79865E1 2.86225E1 2.86225E1 3.09879E1 3.47048E1 3.72689E1 3.61956E1 2.04333E1 4.1125E1 5.63109E1 4.1125E1 5.71656E1 6.56132E1 4.1125E1 4.1125E1 6.46194E1 4.1125E1 7.38819E1 6.49374E1 4.64918E1 2.23812E1 1.02167E1 -9999
4.1125E1 4.1125E1 4.1125E1 4.1125E1 4.1125E1 4.1125E1 4.1125E1 4.1125E1 4.1125E1 4.1125E1 4.1125E1 3.43073E1 3.05108E1 4.1125E1 4.33512E1 4.21586E1 4.15822E1 3.84417E1 3.25581E1 3.22799E1 1.70344E1 1.42914E1 1.37746E1 1.42914E1 1.17074E1 1.24826E1 1.33771E1 1.33771E1 1.28404E1 1.39137E1 1.84655E1 2.20036E1 2.34148E1 2.66547E1 2.58199E1 2.49255E1 2.41503E1 2.43292E1 2.41503E1 2.57603E1 2.66547E1 2.41503E1 2.18644E1 2.00358E1 2.3554E1 2.48857E1 2.78672E1 2.93381E1 3.40489E1 3.47048E1 3.86404E1 3.73484E1 5.20771E1 5.50586E1 5.69469E1 5.28523E1 5.43828E1 5.97694E1 4.1125E1 4.1125E1 7.38819E1 7.38819E1 7.38819E1 6.22739E1 3.07692E1 1.48281E1 9.79924E0 -9999
4.1125E1 4.1125E1 4.1125E1 4.1125E1 4.1125E1 4.1125E1 4.1125E1 2.04333E1 2.04333E1 2.04333E1 4.05486E1 3.59173E1 3.11071E1 4.1125E1 4.51004E1 4.29338E1 4.21984E1 4.07871E1 3.61757E1 1.93202E1 1.67959E1 1.56629E1 1.40926E1 1.37746E1 1.08527E1 1.15086E1 1.27808E1 1.31385E1 1.32777E1 1.43908E1 1.95587E1 2.37726E1 2.50646E1 2.67541E1 2.59193E1 2.50447E1 2.55416E1 2.57603E1 2.61379E1 2.66547E1 2.66547E1 2.51242E1 2.27788E1 2.16855E1 2.21825E1 2.69926E1 2.78672E1 3.02326E1 3.23594E1 3.48042E1 3.48042E1 4.1125E1 5.57146E1 4.85192E1 5.33095E1 6.26913E1 4.1125E1 4.1125E1 4.1125E1 7.38819E1 7.38819E1 4.1125E1 6.64878E1 4.1125E1 3.07692E1 1.22441E1 5.96303E0 -9999
1.98171E1 4.1125E1 4.1125E1 4.1125E1 4.1125E1 4.1125E1 2.04333E1 2.04333E1 2.04333E1 2.04333E1 4.1125E1 3.62751E1 3.09282E1 2.88213E1 2.82051E1 4.1125E1 4.69688E1 4.48221E1 2.42497E1 2.28185E1 2.05526E1 1.73723E1 1.54045E1 8.92467E0 9.20294E0 1.01769E1 1.1608E1 1.19459E1 1.36951E1 1.82469E1 2.24607E1 2.58398E1 2.68336E1 2.77281E1 2.67541E1 2.61976E1 2.61379E1 2.61379E1 2.61379E1 2.63765E1 2.60386E1 2.61379E1 2.48062E1 2.4031E1 2.3554E1 3.03717E1 2.93381E1 3.00735E1 3.47048E1 3.94156E1 3.17432E1 4.27748E1 5.49791E1 4.01113E1 4.75651E1 6.58716E1 6.98072E1 7.2749E1 7.38819E1 7.38819E1 6.81574E1 7.38819E1 7.31465E1 6.22739E1 2.92586E1 -9999 -9999 -9999
2.55416E1 3.02922E1 4.1125E1 4.1125E1 4.1125E1 4.1125E1 4.1125E1 2.04333E1 2.04333E1 2.04333E1 2.04333E1 2.04333E1 3.02922E1 2.04333E1 2.04333E1 3.11071E1 4.1125E1 2.88213E1 2.84238E1 2.74697E1 2.53031E1 2.24607E1 1.66369E1 8.4675E0 8.38799E0 8.74578E0 1.00974E1 1.15484E1 1.33771E1 2.28185E1 2.74697E1 2.72312E1 2.70324E1 2.6615E1 2.55416E1 2.70324E1 2.76287E1 2.63566E1 2.37726E1 2.32161E1 2.22819E1 1.94196E1 1.88432E1 2.12681E1 1.93202E1 2.82051E1 3.16438E1 3.37706E1 3.77857E1 3.77857E1 3.48042E1 4.84198E1 4.82409E1 3.36116E1 4.34904E1 6.39436E1 6.35659E1 6.96084E1 5.07056E1 7.38819E1 6.53747E1 5.06659E1 4.49215E1 5.96502E1 2.23812E1 -9999 -9999 -9999
3.21805E1 3.60564E1 3.86603E1 4.1125E1 4.1125E1 4.1125E1 4.1125E1 2.04333E1 2.04333E1 2.04333E1 2.04333E1 2.04333E1 2.04333E1 2.04333E1 3.65136E1 3.59173E1 3.52017E1 3.36514E1 3.30352E1 2.94375E1 2.90797E1 8.4675E0 8.36812E0 7.83145E0 8.1296E0 8.4675E0 9.50109E0 1.21248E1 1.62989E1 2.32161E1 2.72312E1 2.88213E1 2.82051E1 2.6615E1 2.53031E1 2.62771E1 2.72312E1 2.55416E1 2.25601E1 1.93202E1 1.93202E1 1.76307E1 1.40926E1 1.78295E1 1.66369E1 2.47068E1 3.36514E1 3.68515E1 3.94156E1 3.8223E1 4.17213E1 4.78036E1 4.54383E1 3.17034E1 4.76844E1 5.33095E1 4.82807E1 4.73067E1 4.34506E1 5.21765E1 3.16637E1 3.92566E1 5.03876E1 4.79626E1 1.83463E1 -9999 -9999 -9999
2.34148E1 2.50646E1 4.26953E1 2.44285E1 4.1125E1 4.1125E1 4.1125E1 4.08269E1 2.04333E1 2.04333E1 2.04333E1 2.04333E1 4.1125E1 4.1125E1 4.1125E1 4.00119E1 3.86404E1 3.52017E1 3.26376E1 3.05108E1 2.58398E1 8.28861E0 8.84516E0 8.92467E0 9.3222E0 8.64639E0 8.38799E0 9.73961E0 1.39137E1 2.01352E1 2.58398E1 2.93182E1 3.16438E1 2.82051E1 2.48857E1 2.6615E1 2.68336E1 2.48857E1 2.07911E1 1.81276E1 1.90022E1 2.07911E1 1.36951E1 1.99563E1 1.70344E1 2.86225E1 3.65136E1 3.79249E1 3.8382E1 4.2417E1 4.57762E1 4.80024E1 4.26158E1 3.74677E1 4.31922E1 4.194E1 4.02902E1 3.0809E1 3.20413E1 3.39694E1 3.18625E1 4.18406E1 5.03876E1 4.39277E1 -9999 -9999 -9999 -9999
2.58398E1 2.72312E1 2.77281E1 4.1125E1 3.90976E1 4.1125E1 4.1125E1 4.1125E1 3.74876E1 3.58378E1 2.04333E1 3.77857E1 3.91771E1 4.08269E1 4.1125E1 3.91771E1 3.68515E1 3.52415E1 3.23594E1 3.00735E1 2.70324E1 8.64639E0 8.84516E0 8.92467E0 1.04552E1 1.02962E1 8.92467E0 9.3222E0 1.24826E1 1.81276E1 2.20036E1 2.70324E1 2.93182E1 2.60386E1 2.3554E1 2.50646E1 2.53031E1 2.21825E1 2.09899E1 1.81276E1 1.84655E1 2.03936E1 1.81276E1 1.88432E1 1.81276E1 2.60386E1 3.81435E1 4.03697E1 4.12642E1 4.43451E1 4.90559E1 3.76068E1 3.50229E1 3.08686E1 3.35719E1 2.13476E1 4.033E1 4.1125E1 4.67303E1 3.06698E1 3.08289E1 4.13635E1 5.41841E1 1.775E1 -9999 -9999 -9999 -9999
2.93182E1 2.93182E1 2.93182E1 2.77281E1 2.58398E1 2.28185E1 4.1125E1 4.1125E1 4.03697E1 3.86404E1 3.72689E1 3.709E1 3.77857E1 3.89386E1 4.00517E1 3.6772E1 3.44266E1 3.49235E1 2.93182E1 3.00735E1 9.04393E0 9.02405E0 9.04393E0 9.02405E0 1.01769E1 1.06937E1 1.15484E1 1.10316E1 1.19459E1 1.60405E1 1.78295E1 2.45279E1 2.6615E1 2.58398E1 2.22819E1 2.12681E1 2.07911E1 1.73723E1 1.84655E1 1.73723E1 1.64977E1 2.10694E1 2.34148E1 2.24607E1 2.12681E1 2.88213E1 3.62751E1 4.2417E1 4.55575E1 4.75452E1 4.29338E1 2.78076E1 3.56589E1 3.32936E1 3.33532E1 3.1127E1 5.07653E1 5.17988E1 7.38819E1 4.42258E1 3.9674E1 6.22739E1 4.58159E1 -9999 -9999 -9999 -9999 -9999
3.3393E1 3.18625E1 3.02922E1 2.86225E1 2.68336E1 2.47068E1 2.25601E1 4.1125E1 4.9831E1 4.1125E1 4.1125E1 4.02107E1 3.68515E1 3.68515E1 3.89386E1 3.6613E1 3.34327E1 3.49632E1 2.79865E1 1.13894E1 2.84238E1 1.00974E1 9.64023E0 9.839E0 1.07732E1 1.12502E1 1.1608E1 1.31385E1 1.46691E1 1.71934E1 2.07911E1 2.30372E1 2.45279E1 2.30372E1 1.94196E1 1.70344E1 1.48082E1 1.27808E1 1.29199E1 1.40926E1 1.71934E1 2.20036E1 2.25601E1 2.30372E1 2.77281E1 2.97754E1 3.40489E1 4.14232E1 4.50805E1 4.36891E1 3.77857E1 3.13854E1 3.93759E1 4.62135E1 4.47227E1 4.25363E1 5.57146E1 6.98072E1 4.1125E1 7.38819E1 5.94713E1 5.41841E1 -9999 -9999 -9999 -9999 -9999 -9999
3.76863E1 3.59173E1 3.30352E1 3.02922E1 2.88213E1 2.74697E1 2.63566E1 2.50646E1 2.44285E1 2.21825E1 1.76307E1 2.28185E1 1.95587E1 1.67959E1 1.52455E1 3.86404E1 3.61558E1 3.74876E1 1.36951E1 1.36553E1 1.23633E1 1.1608E1 1.10316E1 1.08527E1 1.11111E1 1.11111E1 1.19459E1 1.27808E1 1.40926E1 1.70344E1 1.76307E1 1.84655E1 2.20036E1 2.14868E1 1.94196E1 1.62989E1 1.15484E1 9.04393E0 1.06937E1 1.35162E1 1.82469E1 2.10694E1 2.18247E1 2.24607E1 2.40509E1 2.60386E1 2.93182E1 3.59173E1 4.15623E1 4.2417E1 3.62552E1 4.4842E1 4.6293E1 5.27927E1 5.47804E1 5.07056E1 4.55575E1 6.06838E1 7.84536E1 4.2735E1 2.23812E1 -9999 -9999 -9999 -9999 -9999 -9999 -9999
3.81435E1 3.49235E1 3.36514E1 3.18625E1 3.05108E1 3.00735E1 2.94375E1 2.86225E1 2.74697E1 2.47068E1 3.02922E1 2.58398E1 2.14868E1 1.84655E1 1.64977E1 1.70344E1 1.02167E1 1.73723E1 1.70344E1 1.64977E1 1.61797E1 1.45299E1 1.32777E1 1.22043E1 1.1608E1 1.17074E1 1.23633E1 1.26615E1 1.39535E1 1.82469E1 2.01352E1 2.05526E1 2.13278E1 2.14868E1 2.05526E1 4.7903E0 1.17074E1 8.38799E0 1.04552E1 1.40926E1 1.93202E1 2.10694E1 2.14868E1 2.03936E1 1.88432E1 2.07911E1 2.32161E1 2.90797E1 3.71695E1 3.86603E1 3.90976E1 3.95746E1 4.1125E1 5.01888E1 4.1125E1 6.4202E1 6.91513E1 7.2749E1 6.77996E1 2.67939E1 1.5166E1 -9999 -9999 -9999 -9999 -9999 -9999 -9999
3.76863E1 3.52017E1 3.28563E1 2.97754E1 3.02922E1 3.11071E1 3.16438E1 3.16438E1 2.90797E1 2.57007E1 2.21825E1 2.74697E1 2.40509E1 2.01352E1 1.84655E1 1.84655E1 1.8704E1 1.95587E1 2.03936E1 1.99563E1 2.14868E1 1.98171E1 1.46691E1 1.36553E1 1.36553E1 1.32777E1 1.35162E1 1.45299E1 1.58418E1 1.76307E1 1.98171E1 1.94196E1 1.98171E1 2.01352E1 6.61896E0 5.70463E0 4.35301E0 1.15086E1 1.17074E1 1.39535E1 1.76307E1 1.99563E1 2.05526E1 1.92407E1 1.50865E1 1.88432E1 2.30372E1 2.84238E1 3.21805E1 3.3393E1 3.59173E1 3.78652E1 4.21785E1 4.1125E1 4.1125E1 4.1125E1 6.98072E1 5.08249E1 2.05128E1 1.37945E1 -9999 -9999 -9999 -9999 -9999 -9999 -9999 -9999
3.71695E1 3.45061E1 3.18625E1 2.94375E1 2.84238E1 2.70324E1 2.94375E1 3.11071E1 2.97754E1 2.58398E1 2.24607E1 2.77281E1 2.48857E1 2.21825E1 2.01352E1 1.94196E1 1.99563E1 2.14868E1 2.30372E1 2.40509E1 2.42497E1 2.25601E1 2.07911E1 1.90022E1 9.04393E0 1.40926E1 1.32777E1 1.36951E1 1.55834E1 1.76307E1 1.84655E1 1.98171E1 1.94196E1 6.65872E0 6.14192E0 5.54562E0 4.49215E0 3.77659E0 3.89585E0 1.42914E1 1.61797E1 1.67959E1 1.66369E1 1.48082E1 1.10316E1 1.25224E1 2.14868E1 2.48857E1 2.53031E1 3.2419E1 3.62751E1 4.03498E1 4.1125E1 4.87577E1 5.58935E1 4.1125E1 5.71059E1 4.71278E1 2.67939E1 -9999 -9999 -9999 -9999 -9999 -9999 -9999 -9999 -9999
3.71695E1 3.59173E1 3.28563E1 3.06897E1 2.90797E1 2.90797E1 3.00735E1 3.09282E1 2.88213E1 2.50646E1 2.18247E1 2.20036E1 2.60386E1 1.85053E1 2.12681E1 1.95587E1 2.12681E1 2.34148E1 2.48857E1 2.48857E1 2.34148E1 2.05526E1 2.16657E1 2.24607E1 1.78295E1 1.33771E1 1.31584E1 1.35162E1 1.39535E1 1.49275E1 6.06241E0 1.81276E1 6.77798E0 6.2413E0 5.54562E0 5.14808E0 4.2735E0 3.91572E0 3.77659E0 1.36951E1 1.43908E1 1.50865E1 1.43908E1 1.54045E1 1.34367E1 1.31584E1 1.85053E1 2.18247E1 2.3554E1 2.88213E1 3.36514E1 4.05486E1 4.1125E1 4.1125E1 5.47207E1 4.1125E1 6.17571E1 2.18644E1 1.29597E1 -9999 -9999 -9999 -9999 -9999 -9999 -9999 -9999 -9999
4.05486E1 3.69708E1 3.45061E1 3.38303E1 3.62751E1 3.59173E1 3.11071E1 2.97754E1 2.93182E1 2.60386E1 2.48857E1 3.2419E1 2.57007E1 2.16657E1 2.20036E1 2.13278E1 2.34148E1 2.48857E1 2.57007E1 2.50646E1 2.20036E1 1.90022E1 2.25601E1 2.6615E1 1.93202E1 1.04552E1 4.35301E0 1.04552E1 1.06937E1 1.19459E1 1.50865E1 6.06241E0 5.58537E0 5.54562E0 5.28722E0 4.81018E0 4.17412E0 4.13437E0 4.31326E0 1.31385E1 1.26615E1 1.29199E1 1.39137E1 2.10694E1 2.09899E1 1.85053E1 1.78295E1 1.88432E1 1.92407E1 2.58398E1 3.52017E1 4.15623E1 4.59948E1 4.1125E1 5.5317E1 5.84377E1 6.22739E1 1.12105E1 5.96303E0 3.71695E0 -9999 -9999 -9999 -9999 -9999 -9999 -9999 -9999
4.26953E1 3.95746E1 3.62751E1 3.55595E1 3.69708E1 3.60564E1 3.21805E1 3.13655E1 2.97754E1 2.93182E1 3.06897E1 3.16438E1 3.06897E1 2.48857E1 2.53031E1 2.40509E1 2.53031E1 2.6615E1 2.62771E1 2.50646E1 2.24607E1 2.20036E1 2.44285E1 2.53031E1 2.09899E1 1.15086E1 6.51958E0 7.83145E0 4.13437E0 3.77659E0 4.67104E0 5.56549E0 5.12821E0 4.2735E0 4.31326E0 4.47227E0 4.41264E0 3.65732E0 3.85609E0 4.31326E0 1.1608E1 1.24826E1 1.61797E1 2.14868E1 2.79865E1 3.18625E1 2.30372E1 1.90022E1 1.99563E1 2.82051E1 3.55595E1 4.00119E1 4.68495E1 5.06659E1 4.82012E1 6.49374E1 1.72928E1 5.18784E0 3.71695E0 2.92188E0 -9999 -9999 -9999 -9999 -9999 -9999 -9999 -9999
4.15623E1 4.07275E1 3.95746E1 3.78652E1 3.76863E1 3.59173E1 3.28563E1 3.05108E1 2.74697E1 3.06897E1 3.62751E1 3.74081E1 3.52017E1 3.59173E1 3.00735E1 2.74697E1 2.6615E1 2.6615E1 2.62771E1 2.53031E1 2.40509E1 2.32161E1 2.47068E1 2.34148E1 1.92407E1 1.32777E1 1.06937E1 9.04393E0 8.84516E0 3.97535E0 5.10833E0 5.645E0 5.20771E0 3.6772E0 4.21387E0 4.35301E0 3.91572E0 2.52435E0 2.84238E0 9.20294E0 1.04552E1 1.67959E1 2.25601E1 3.52017E1 3.92964E1 3.3393E1 2.07911E1 1.78295E1 1.76307E1 2.18247E1 2.93182E1 3.90976E1 4.57563E1 4.61737E1 5.96502E1 3.17233E1 1.33572E1 4.41264E0 2.92188E0 -9999 -9999 -9999 -9999 -9999 -9999 -9999 -9999 -9999
4.00119E1 4.03498E1 4.11648E1 4.09859E1 4.00119E1 3.71695E1 2.88213E1 2.47068E1 2.53031E1 3.18625E1 3.69708E1 4.8062E1 4.65315E1 3.05108E1 2.42497E1 2.90797E1 2.68336E1 2.48857E1 2.44285E1 2.42497E1 2.48857E1 2.3554E1 2.42497E1 2.24607E1 1.8704E1 1.36951E1 1.26615E1 1.29199E1 1.26615E1 5.54562E0 5.94315E0 5.32697E0 4.86981E0 3.97535E0 3.0809E0 4.2735E0 4.45239E0 2.24607E0 2.52435E0 1.00974E1 1.37746E1 1.95587E1 2.45279E1 3.09282E1 3.02922E1 2.05526E1 1.42914E1 1.17074E1 1.29199E1 1.55834E1 2.32161E1 3.43868E1 3.29756E1 5.03876E1 4.2735E1 1.83463E1 -9999 -9999 -9999 -9999 -9999 -9999 -9999 -9999 -9999 -9999 -9999 -9999
3.86603E1 4.07275E1 4.26953E1 4.36295E1 4.26953E1 4.07275E1 3.49235E1 2.88213E1 2.79865E1 3.21805E1 3.62751E1 4.63327E1 4.55973E1 2.97754E1 2.48857E1 2.84238E1 2.50646E1 2.32161E1 2.3554E1 2.32161E1 2.74697E1 2.70324E1 2.60386E1 2.3554E1 2.05526E1 1.94196E1 1.61797E1 1.36951E1 9.64023E0 9.64023E0 5.54562E0 5.22759E0 5.20771E0 4.35301E0 2.86225E0 2.8225E0 2.92188E0 2.36533E0 4.86981E0 9.64023E0 1.31584E1 1.85053E1 2.30372E1 2.42497E1 2.10694E1 1.33771E1 7.45379E0 7.39416E0 1.21248E1 2.16657E1 2.53031E1 3.78652E1 4.94136E1 4.28941E1 2.08308E1 -9999 -9999 -9999 -9999 -9999 -9999 -9999 -9999 -9999 -9999 -9999 -9999 -9999
