Leopardus munoai/Leopardus_munoai.asc
ncols         515
nrows         545
xllcorner     -119.0
yllcorner     -58.333333333333
cellsize      0.166666666667
NODATA_value  -9999
[rows 406 to 434 of 545, columns 260 to 324 of 515]
-9999 -9999 -9999 -9999 -9999 -9999 -9999 -9999 -9999 -9999 -9999 -9999 -9999 -9999 -9999 -9999 -9999 -9999 -9999 8.06129E-9 2.32472E-9 1.863E-9 7.85453E-10 7.84463E-10 1.21418E-9 7.28743E-10 1.11177E-9 5.13079E-10 3.21843E-11 1.73417E-12 2.0739E-13 3.60711E-13 5.41012E-13 6.21725E-14 1.55431E-13 1.46451E-10 7.07914E-9 2.57676E-8 6.54295E-8 6.13793E-7 2.78781E-6 4.35149E-6 3.22295E-6 3.60824E-6 7.92862E-6 4.46092E-6 2.81984E-6 2.7765E-6 1.02772E-6 5.21695E-7 4.28314E-7 3.18949E-7 1.63404E-7 1.85738E-7 1.99869E-7 3.11699E-7 3.07592E-7 3.06408E-7 3.39774E-7 4.3451E-7 9.20172E-7 1.07102E-6 2.37122E-6 3.34835E-6 6.08753E-6
-9999 -9999 -9999 -9999 -9999 -9999 -9999 -9999 -9999 -9999 -9999 -9999 -9999 -9999 -9999 -9999 -9999 -9999 5.93641E-9 2.19834E-9 1.76462E-9 1.50322E-9 1.13323E-9 1.09913E-9 1.42218E-9 1.3958E-9 1.19613E-9 1.80871E-10 1.17416E-11 1.85074E-12 3.60378E-13 1.64868E-13 1.65246E-12 1.68754E-14 1.65201E-13 2.09197E-10 7.30775E-9 1.48093E-8 1.00662E-7 7.30723E-7 1.77781E-6 2.78838E-6 1.0413E-6 1.77545E-6 4.86208E-6 3.79317E-6 2.85437E-6 1.10874E-6 9.36661E-7 7.83145E-7 5.5404E-7 3.73673E-7 2.12763E-7 2.15452E-7 2.22326E-7 3.6829E-7 3.54957E-7 3.44267E-7 3.65584E-7 4.43462E-7 9.06629E-7 1.25045E-6 2.91865E-6 3.63599E-6 6.77186E-6
-9999 -9999 -9999 -9999 -9999 -9999 -9999 -9999 -9999 -9999 -9999 -9999 -9999 -9999 -9999 -9999 -9999 -9999 8.11126E-9 3.07389E-9 1.73325E-9 2.37108E-9 1.28316E-9 1.96815E-9 2.7999E-9 1.87886E-9 1.22552E-9 2.61435E-11 3.31668E-12 2.26152E-13 3.85025E-13 1.16351E-13 2.19758E-12 7.20313E-13 9.92539E-13 1.25074E-10 4.92097E-9 4.56213E-8 2.07697E-7 1.60254E-6 1.16729E-6 2.97448E-7 2.05386E-8 6.89607E-8 1.2126E-6 4.8192E-6 2.45291E-6 1.33947E-6 1.09756E-6 9.97971E-7 6.97999E-7 3.51374E-7 2.81195E-7 2.87212E-7 2.6099E-7 4.11818E-7 3.87248E-7 3.86719E-7 4.58942E-7 8.68442E-7 9.54289E-7 1.2062E-6 3.05726E-6 3.66466E-6 7.51543E-6
-9999 -9999 -9999 -9999 -9999 -9999 -9999 -9999 -9999 -9999 -9999 -9999 -9999 -9999 -9999 -9999 -9999 -9999 6.865E-9 2.75696E-9 4.2689E-9 5.20201E-9 5.01486E-9 6.08208E-9 7.58719E-9 4.23632E-9 3.34967E-10 1.03446E-10 4.05203E-11 7.22433E-12 1.42308E-12 2.65343E-13 1.03673E-12 7.65543E-12 9.43245E-13 4.79222E-11 4.7514E-10 2.08247E-8 7.86219E-8 3.6701E-7 2.97059E-7 1.94247E-7 8.62804E-8 3.86231E-7 1.63301E-6 2.88871E-6 2.65941E-6 1.12738E-6 1.09511E-6 9.26635E-7 8.65371E-7 3.91555E-7 3.26551E-7 2.95533E-7 2.66606E-7 4.15991E-7 4.34397E-7 4.44418E-7 4.95128E-7 9.2481E-7 1.10464E-6 1.22124E-6 2.74382E-6 3.80034E-6 7.51786E-6
-9999 -9999 -9999 -9999 -9999 -9999 -9999 -9999 -9999 -9999 -9999 -9999 -9999 -9999 -9999 -9999 -9999 6.96053E-9 2.62138E-9 4.21846E-9 1.08776E-8 8.47848E-9 8.24855E-9 7.78889E-9 5.53723E-9 2.51195E-9 7.04494E-11 8.07543E-12 4.9305E-12 2.32514E-12 2.87359E-12 3.78364E-13 1.74849E-12 1.61671E-12 7.77489E-12 2.02481E-9 5.17798E-11 1.07113E-9 8.55463E-8 3.58476E-7 4.14487E-7 1.36003E-7 2.48007E-7 8.06623E-7 3.09024E-6 3.27224E-6 1.29413E-6 1.19105E-6 8.85044E-7 4.81299E-7 8.47665E-7 4.2088E-7 3.5966E-7 3.03787E-7 3.1643E-7 3.00599E-7 5.10354E-7 5.10231E-7 5.43998E-7 8.52478E-7 9.9561E-7 2.03141E-6 2.66239E-6 4.01337E-6 8.17883E-6
-9999 -9999 -9999 -9999 -9999 -9999 -9999 -9999 -9999 -9999 -9999 -9999 -9999 -9999 -9999 -9999 -9999 4.84417E-9 2.37182E-9 9.27196E-9 9.47548E-9 1.68348E-8 1.03295E-8 7.22176E-9 2.60026E-9 9.77991E-10 5.02675E-11 1.91214E-12 7.0417E-12 2.29639E-12 9.58456E-13 4.49307E-13 1.58762E-13 1.95521E-12 2.89369E-12 3.88615E-9 5.739E-10 2.17053E-10 5.0109E-8 1.91513E-7 2.12085E-7 3.80671E-7 9.35595E-7 4.16024E-6 3.45929E-6 3.25422E-6 1.41539E-6 9.99778E-7 4.87128E-7 4.28591E-7 4.19324E-7 3.38653E-7 3.05169E-7 3.78273E-7 3.44315E-7 3.24345E-7 5.56138E-7 5.3287E-7 8.9947E-7 8.77862E-7 1.70166E-6 2.31004E-6 3.05235E-6 7.32533E-6 9.52301E-6
-9999 -9999 -9999 -9999 -9999 -9999 -9999 -9999 -9999 -9999 -9999 -9999 -9999 -9999 -9999 -9999 1.83115E-8 3.33305E-9 3.14396E-9 6.11006E-9 1.19838E-8 1.39798E-8 1.02181E-8 3.84699E-9 8.81669E-10 3.13192E-10 1.15469E-11 1.69598E-12 1.47433E-11 2.78744E-12 8.1668E-13 1.63558E-12 4.46332E-12 1.34115E-13 2.40197E-11 1.24764E-9 1.84117E-8 3.47426E-9 2.20873E-8 5.55916E-8 3.4316E-7 1.14548E-6 3.0575E-6 6.1983E-6 3.92252E-6 2.82019E-6 1.91471E-6 9.7767E-7 5.35269E-7 4.75986E-7 5.82468E-7 3.68859E-7 3.38337E-7 3.93293E-7 3.94983E-7 5.96605E-7 6.44033E-7 7.27122E-7 1.04537E-6 1.13239E-6 1.84283E-6 2.30091E-6 3.31545E-6 4.93381E-6 1.10877E-5
-9999 -9999 -9999 -9999 -9999 -9999 -9999 -9999 -9999 -9999 -9999 -9999 -9999 -9999 -9999 -9999 8.3767E-9 3.50835E-9 5.12435E-9 8.51324E-9 1.62051E-8 1.56748E-8 1.02153E-8 2.09503E-9 6.55854E-10 4.52562E-11 8.08897E-12 3.5919E-12 5.52369E-12 4.32332E-12 2.15927E-12 5.90417E-13 1.88808E-11 7.84262E-13 1.42875E-12 9.85882E-10 1.93888E-8 2.85135E-10 7.26563E-12 9.59211E-10 5.31641E-7 2.37165E-6 7.51775E-6 5.7931E-6 4.38225E-6 2.06207E-6 1.44023E-6 1.14147E-6 4.56283E-7 4.35144E-7 5.12283E-7 4.93689E-7 5.33059E-7 5.16496E-7 4.94522E-7 7.70613E-7 7.55047E-7 7.73826E-7 1.18756E-6 1.4413E-6 2.27109E-6 2.82441E-6 3.97154E-6 5.6966E-6 1.13414E-5
-9999 -9999 -9999 -9999 -9999 -9999 -9999 -9999 -9999 -9999 -9999 -9999 -9999 -9999 -9999 2.09919E-8 6.13046E-9 2.71185E-9 4.97039E-9 1.1916E-8 1.86418E-8 1.77183E-8 5.02455E-9 2.80903E-9 4.20463E-10 2.87064E-11 7.38565E-12 1.85585E-12 5.48872E-12 5.63105E-12 1.94211E-12 5.25135E-14 8.71858E-13 6.12993E-11 4.77614E-11 2.93137E-8 2.0935E-8 2.58334E-9 1.20251E-8 5.1771E-7 3.58977E-6 7.8409E-6 8.03652E-6 9.20851E-6 6.4036E-6 2.54711E-6 1.36486E-6 1.10684E-6 1.2038E-6 4.72095E-7 5.23666E-7 1.22441E-6 1.21887E-6 5.20548E-7 5.32261E-7 8.62517E-7 8.6024E-7 9.6846E-7 1.52759E-6 1.3664E-6 1.82515E-6 3.7952E-6 4.9664E-6 6.74076E-6 1.43095E-5
-9999 -9999 -9999 -9999 -9999 -9999 -9999 -9999 -9999 -9999 -9999 -9999 -9999 -9999 2.94356E-8 2.77651E-8 6.08055E-9 4.30292E-9 5.69302E-9 9.5443E-9 1.65283E-8 1.01664E-8 4.949E-9 9.12077E-10 6.28668E-11 2.58948E-12 1.43845E-11 2.28462E-12 6.7536E-12 1.02359E-10 6.20837E-12 7.38853E-13 3.27294E-13 9.89533E-11 1.42458E-8 7.32343E-8 1.1655E-8 1.0338E-8 6.19134E-8 1.77661E-6 5.71861E-6 7.7815E-6 8.31008E-6 6.70297E-6 3.75967E-6 3.08302E-6 1.6736E-6 1.40489E-6 1.54202E-6 7.54438E-7 6.224E-7 1.71204E-6 1.44838E-6 1.11253E-6 1.02176E-6 8.60631E-7 1.05769E-6 1.09186E-6 1.67719E-6 1.49508E-6 1.81672E-6 2.91497E-6 4.48022E-6 5.45346E-6 9.41267E-6
-9999 -9999 -9999 -9999 -9999 -9999 -9999 -9999 -9999 -9999 -9999 -9999 3.11922E-7 -9999 4.05761E-8 1.53483E-8 5.03747E-9 5.94299E-9 9.06454E-9 9.08845E-9 1.08779E-8 9.13135E-9 2.13327E-9 4.11356E-10 6.16025E-11 1.60494E-12 1.10301E-12 3.52396E-12 3.77641E-11 8.92991E-11 1.20035E-11 2.77375E-11 1.54876E-12 3.26039E-12 2.5055E-9 4.02154E-8 3.20749E-8 5.04574E-7 1.21798E-6 2.8849E-6 5.46356E-6 8.86365E-6 7.96787E-6 7.75193E-6 5.815E-6 2.57659E-6 1.9163E-6 2.08689E-6 1.64923E-6 1.50431E-6 1.19688E-6 1.15321E-6 2.05881E-6 1.34037E-6 1.07697E-6 1.15658E-6 1.00277E-6 1.05731E-6 1.07842E-6 1.85861E-6 1.78199E-6 3.17082E-6 3.84933E-6 5.14961E-6 9.3771E-6
-9999 -9999 -9999 -9999 -9999 -9999 -9999 -9999 -9999 -9999 -9999 -9999 7.15614E-7 5.60369E-7 2.28008E-8 5.33596E-9 5.65925E-9 8.3294E-9 9.82865E-9 1.05953E-8 9.89922E-9 4.81609E-9 2.06703E-9 4.97083E-10 1.47472E-11 1.06087E-11 1.4746E-12 1.1009E-12 5.45231E-12 4.42334E-10 2.61763E-11 3.57284E-10 3.98981E-11 7.89813E-13 1.25134E-9 1.40462E-7 6.84583E-7 1.80161E-6 8.9787E-6 1.74093E-5 4.89271E-6 1.0699E-5 1.83586E-5 9.23856E-6 6.42748E-6 5.20804E-6 3.66406E-6 2.97417E-6 2.40132E-6 1.73845E-6 2.96009E-6 3.12448E-6 1.96208E-6 1.7335E-6 1.20754E-6 1.3344E-6 1.35056E-6 1.21767E-6 1.35876E-6 2.28381E-6 2.12438E-6 2.90905E-6 5.24867E-6 6.30771E-6 1.14244E-5
-9999 -9999 -9999 -9999 -9999 -9999 -9999 -9999 -9999 -9999 -9999 4.43869E-7 1.44001E-7 7.46872E-8 1.58475E-8 2.94668E-9 5.46575E-9 1.28287E-8 1.34762E-8 2.55837E-8 1.79375E-8 8.62006E-9 3.85395E-9 6.95333E-10 3.48381E-11 1.84255E-11 5.70854E-12 1.84197E-12 8.50531E-12 1.01616E-9 9.05011E-11 2.18237E-9 1.80614E-9 8.51763E-12 7.59104E-10 5.49024E-8 8.61653E-7 2.27E-6 1.26524E-5 3.25111E-5 9.26475E-5 6.93863E-5 2.43233E-5 1.01945E-5 8.46664E-6 7.2285E-6 7.76111E-6 3.93187E-6 3.43689E-6 2.90121E-6 5.30984E-6 3.36702E-6 2.96064E-6 2.26605E-6 1.60574E-6 1.43877E-6 1.4219E-6 1.39232E-6 2.70257E-6 2.61818E-6 2.41281E-6 4.46993E-6 5.25514E-6 4.12972E-6 9.98838E-6
-9999 -9999 -9999 -9999 -9999 -9999 -9999 -9999 -9999 -9999 -9999 3.62918E-7 1.00323E-7 1.62326E-8 6.39949E-9 2.69905E-9 5.72352E-9 1.39722E-8 1.78734E-8 2.59877E-8 3.75316E-8 2.01909E-8 6.00923E-9 3.57687E-10 3.45315E-11 6.48492E-12 7.00462E-12 4.86999E-12 1.35557E-11 5.30675E-10 1.2055E-9 3.60736E-9 9.93439E-9 9.29046E-9 1.98849E-8 3.44394E-8 4.46868E-7 2.47137E-6 1.32354E-5 5.14294E-5 1.14152E-4 1.29698E-4 6.10483E-5 3.43472E-5 1.14491E-5 1.00377E-5 1.07655E-5 9.03842E-6 2.70174E-5 5.39088E-6 5.6038E-6 4.3958E-5 2.85232E-5 2.39122E-6 1.82486E-6 1.97085E-6 3.13392E-6 1.66678E-6 2.78359E-6 3.36386E-6 3.38392E-6 4.25166E-6 4.23565E-6 8.41021E-6 8.08866E-6
-9999 -9999 -9999 -9999 -9999 -9999 -9999 -9999 -9999 -9999 -9999 1.0256E-7 5.04691E-8 1.36898E-8 2.90916E-9 6.53574E-10 4.15225E-9 1.04373E-8 1.86512E-8 2.39434E-8 5.06232E-8 3.78089E-8 4.30431E-9 2.34202E-10 1.4008E-11 5.49305E-12 3.18334E-12 4.07385E-12 2.17921E-11 3.95738E-11 1.61835E-10 3.44776E-10 8.91081E-9 4.49943E-8 1.82036E-7 1.69763E-7 3.29481E-6 1.11037E-5 3.16729E-5 3.26897E-5 2.08979E-5 4.24902E-5 5.60894E-5 3.45522E-5 2.40055E-5 1.69808E-5 1.09146E-5 1.02857E-5 3.00526E-5 1.18865E-5 3.64543E-6 4.86507E-6 4.03491E-6 2.97235E-6 2.13852E-6 1.93048E-6 2.02121E-6 1.65464E-6 2.84661E-6 3.50807E-6 4.2903E-6 5.19667E-6 5.99366E-6 1.11061E-5 1.01948E-5
-9999 -9999 -9999 -9999 -9999 -9999 -9999 -9999 -9999 -9999 -9999 -9999 8.03145E-8 3.75031E-8 6.13924E-9 3.89299E-10 8.73E-10 7.67698E-9 1.28812E-8 2.60898E-8 4.40401E-8 1.85235E-8 2.24037E-9 3.64843E-10 1.56305E-11 2.32709E-11 8.57492E-12 7.15028E-12 1.31604E-11 4.07711E-10 9.94726E-10 6.68298E-10 1.19677E-8 6.09882E-8 3.76089E-7 3.15179E-7 4.18933E-6 3.09427E-5 6.02026E-5 4.38474E-5 3.70883E-6 1.66227E-5 5.28931E-5 4.31486E-5 2.72879E-5 1.69174E-5 1.16779E-5 1.38849E-5 9.11118E-6 4.72414E-6 3.26641E-6 3.47341E-6 3.12221E-6 3.36884E-6 2.72149E-6 2.34689E-6 2.02177E-6 3.35297E-6 3.31271E-6 3.35396E-6 4.3095E-6 5.8799E-6 7.49788E-6 1.25855E-5 1.48031E-5
-9999 -9999 -9999 -9999 -9999 -9999 -9999 -9999 -9999 -9999 -9999 -9999 1.6551E-7 8.78688E-8 3.05843E-8 6.87842E-9 2.08073E-8 7.06747E-8 4.15774E-8 2.69131E-8 1.84069E-8 2.75053E-9 3.08176E-11 7.29272E-12 2.75524E-11 8.06655E-12 9.68359E-12 1.03283E-11 8.00116E-12 2.56833E-9 3.77088E-9 1.72965E-9 1.1084E-8 3.60977E-8 6.82058E-7 1.51043E-6 2.01093E-6 5.54503E-5 3.20356E-4 6.04717E-4 5.87181E-4 1.52916E-4 2.0051E-4 9.76939E-5 2.8625E-5 3.59065E-5 2.85113E-5 2.35998E-5 1.54017E-5 8.63708E-6 4.95969E-6 6.39379E-6 4.77754E-6 4.13438E-6 3.7216E-6 2.5318E-6 1.81244E-6 1.90216E-6 3.47284E-6 3.10807E-6 3.86287E-6 5.36119E-6 6.57679E-6 9.2691E-6 1.60124E-5
-9999 -9999 -9999 -9999 -9999 -9999 -9999 -9999 -9999 -9999 -9999 -9999 -9999 3.14132E-7 9.59912E-8 6.21984E-8 3.91277E-7 4.07713E-7 7.81178E-8 2.07635E-8 1.04176E-8 8.26628E-10 5.70954E-11 7.48579E-12 8.02347E-12 4.23817E-11 4.52867E-11 1.85374E-11 9.61431E-12 3.8342E-9 6.63643E-9 3.13698E-9 3.8256E-8 1.33934E-7 5.05378E-7 5.18354E-6 2.02083E-6 3.13929E-5 3.02016E-4 3.6931E-4 3.86403E-4 7.45498E-4 4.58968E-4 1.17604E-4 2.36743E-5 2.21287E-5 3.86462E-5 3.40924E-5 2.28702E-5 1.77775E-5 1.5547E-5 1.26943E-5 1.06293E-5 7.7634E-6 4.97696E-6 3.68943E-6 2.4502E-6 3.54077E-6 5.40817E-6 4.88118E-6 3.6865E-6 5.32849E-6 7.43612E-6 8.69374E-6 1.03322E-5
-9999 -9999 -9999 -9999 -9999 -9999 -9999 -9999 -9999 -9999 5.68026E-6 -9999 6.5544E-7 2.3082E-7 1.25127E-7 6.39645E-8 3.11619E-7 2.79781E-7 1.65962E-7 5.25669E-8 3.70911E-8 2.67083E-9 5.11388E-11 5.80935E-12 9.00446E-12 2.05658E-11 8.47623E-11 3.98431E-11 1.71057E-11 1.61885E-9 1.74598E-8 4.60428E-9 2.08517E-8 2.60745E-7 1.86753E-6 1.13507E-5 5.49263E-6 2.58223E-5 2.398E-4 3.30181E-4 4.71907E-4 3.85071E-4 1.23681E-4 3.24616E-5 1.35173E-5 1.44042E-5 1.37721E-5 3.99881E-5 7.8127E-5 6.01063E-5 5.4697E-5 2.39229E-5 1.23377E-5 8.96094E-6 1.13011E-5 9.75195E-6 6.39305E-6 3.27771E-5 5.436E-6 4.41238E-6 5.21779E-6 6.62762E-6 8.31608E-6 1.0517E-5 1.36027E-5
-9999 -9999 -9999 -9999 -9999 -9999 -9999 -9999 -9999 -9999 4.29828E-6 -9999 6.06338E-7 1.52073E-7 5.85513E-8 1.3418E-7 9.28252E-7 1.11562E-6 3.26619E-7 1.20248E-7 1.35118E-7 2.51749E-8 1.33481E-9 6.89404E-11 2.037E-11 3.70348E-11 1.99507E-10 4.96995E-11 3.13694E-11 2.11247E-9 2.31876E-8 2.95627E-8 7.69913E-8 3.33852E-7 1.07383E-6 5.7583E-6 2.97749E-5 7.19607E-5 2.5549E-4 5.16168E-4 4.52806E-4 4.07944E-4 9.55518E-5 4.0023E-5 1.77124E-5 1.60949E-5 1.84823E-5 1.78086E-5 2.10317E-5 2.29514E-5 2.97386E-5 2.82298E-5 3.39524E-5 2.22437E-5 1.83379E-5 1.56457E-5 1.50296E-5 1.27396E-5 1.6386E-5 1.16274E-5 1.33137E-5 1.42195E-5 1.71121E-5 2.05392E-5 3.35633E-5
-9999 -9999 -9999 -9999 -9999 -9999 -9999 -9999 -9999 -9999 -9999 -9999 1.719E-6 5.13452E-7 2.53923E-7 3.32409E-7 2.93383E-6 2.96103E-6 3.97146E-7 2.55685E-7 1.07312E-7 2.16127E-8 5.66624E-10 1.36733E-10 3.3059E-11 5.2012E-11 2.03418E-10 3.20304E-10 3.73742E-11 4.67489E-10 1.2385E-8 5.66283E-8 1.04553E-7 2.56594E-7 1.15506E-6 1.06651E-5 1.73358E-5 1.7041E-4 3.52573E-4 7.61268E-4 8.90386E-4 8.25255E-4 2.60377E-4 9.90708E-5 2.16464E-5 3.33099E-5 3.8339E-5 3.19593E-5 3.63852E-5 2.86865E-5 2.25238E-5 3.26904E-5 3.1236E-5 4.22634E-5 4.00649E-5 2.69092E-5 2.74315E-5 2.76618E-5 3.9017E-5 3.74662E-5 3.14671E-5 3.82484E-5 4.21217E-5 3.80853E-5 3.39236E-5
-9999 -9999 -9999 -9999 -9999 -9999 -9999 -9999 -9999 -9999 -9999 -9999 -9999 3.404E-6 3.24455E-6 5.08106E-6 6.14274E-6 4.8731E-6 1.67776E-6 3.10923E-7 5.06546E-8 1.08564E-8 5.71807E-10 5.57642E-11 1.82622E-10 9.598E-11 2.73165E-10 4.77698E-10 6.43617E-11 3.27736E-11 2.97325E-10 1.68247E-8 6.37319E-8 4.02242E-7 7.81643E-7 5.36125E-6 1.37269E-5 3.94333E-5 1.22582E-4 4.6827E-4 4.17881E-4 7.20212E-5 1.2124E-4 3.0522E-5 1.84509E-5 5.19471E-5 7.95238E-5 4.38926E-5 5.74563E-5 7.35269E-5 4.42235E-5 2.85971E-5 3.12554E-5 4.74052E-5 6.19579E-5 6.45286E-5 6.17529E-5 1.08709E-4 6.01942E-5 6.93891E-5 7.2778E-5 5.84688E-5 7.63578E-5 1.01489E-4 9.70772E-5
-9999 -9999 -9999 -9999 -9999 -9999 -9999 -9999 -9999 -9999 -9999 -9999 -9999 2.68094E-6 2.83484E-6 1.73985E-6 2.59463E-6 2.36172E-6 1.19837E-6 1.00159E-7 2.14847E-8 9.10456E-9 2.17171E-9 1.86291E-9 4.89218E-10 2.32657E-10 4.96733E-10 2.15943E-9 2.00916E-10 6.55082E-11 8.66786E-11 5.16522E-9 2.41438E-8 1.5585E-7 1.04234E-6 2.23415E-6 1.38643E-5 2.04953E-5 9.94378E-5 3.06543E-4 4.02626E-4 1.89866E-4 7.844E-5 4.13189E-5 1.99842E-5 4.08351E-5 7.49831E-5 1.45792E-4 1.42818E-4 1.07784E-4 3.12883E-5 2.06934E-5 4.24036E-5 6.49053E-5 6.1561E-5 1.24075E-4 1.53983E-4 1.99586E-4 1.99801E-4 2.21529E-4 2.23477E-4 2.03586E-4 2.00525E-4 1.56854E-4 1.35766E-4
-9999 -9999 -9999 -9999 -9999 -9999 -9999 -9999 -9999 -9999 -9999 -9999 -9999 -9999 9.54856E-7 7.32013E-7 4.34806E-7 4.27471E-7 2.35592E-7 2.94875E-8 4.27063E-9 2.13661E-9 1.9462E-9 1.66892E-9 5.35512E-10 4.76849E-10 3.47472E-10 2.04856E-9 1.322E-9 1.07116E-10 5.92285E-11 3.7318E-9 1.70484E-8 1.49763E-7 4.23941E-7 1.33353E-6 1.06009E-5 2.37012E-5 1.31649E-4 2.51094E-4 2.54616E-4 2.3697E-4 1.98133E-4 6.89218E-5 2.57472E-5 2.06549E-5 6.98951E-5 3.08985E-4 5.446E-4 2.65465E-4 9.41659E-5 3.43952E-5 6.19392E-5 9.54962E-5 1.68651E-4 2.23555E-4 2.61485E-4 3.13851E-4 3.04197E-4 3.52558E-4 3.52446E-4 2.8259E-4 2.78501E-4 2.28176E-4 1.66219E-4
-9999 -9999 -9999 -9999 -9999 -9999 -9999 -9999 -9999 -9999 -9999 -9999 -9999 -9999 3.58467E-7 1.48175E-7 6.74514E-8 4.95057E-8 3.03451E-8 8.33186E-9 4.16813E-9 3.54137E-9 4.23646E-9 4.76414E-9 2.08207E-9 1.33193E-9 4.75034E-10 5.62603E-10 4.3544E-9 1.31374E-10 7.06222E-10 5.69555E-9 7.09343E-8 2.90498E-7 6.33771E-7 6.33437E-6 1.44906E-5 2.65684E-5 7.99647E-5 1.1042E-4 1.84385E-4 1.73218E-4 1.22082E-4 7.36075E-5 2.37206E-5 1.59814E-5 5.53423E-5 1.70223E-4 2.44454E-4 1.42268E-4 5.59692E-5 4.64E-5 5.81973E-5 8.48507E-5 1.22472E-4 1.83162E-4 3.09276E-4 6.96418E-4 9.37666E-4 1.1339E-3 4.8688E-4 4.27201E-4 3.99565E-4 3.1261E-4 3.04968E-4
-9999 -9999 -9999 -9999 -9999 -9999 -9999 -9999 -9999 -9999 -9999 -9999 -9999 -9999 1.57997E-7 3.4309E-8 2.92824E-8 2.16031E-8 9.44638E-9 3.80517E-9 2.13878E-9 1.5133E-9 1.73335E-10 1.35538E-9 7.41675E-9 4.01651E-9 3.21584E-9 5.48177E-9 5.25334E-9 1.85099E-9 5.34578E-9 2.3009E-8 9.12811E-8 5.53482E-7 1.8292E-6 3.32043E-6 1.68773E-5 2.40167E-5 6.1675E-5 8.48492E-5 3.66663E-4 4.12809E-4 7.08053E-5 1.70208E-5 1.39825E-5 3.06911E-5 9.88156E-5 1.25076E-4 3.09222E-4 4.2265E-4 1.41404E-4 8.10605E-5 6.97412E-5 1.04144E-4 1.47633E-4 1.90766E-4 2.64479E-4 4.29741E-4 6.39747E-4 1.16808E-3 1.16482E-3 5.00574E-4 4.95563E-4 3.97022E-4 3.52581E-4
-9999 -9999 -9999 -9999 -9999 -9999 -9999 -9999 -9999 -9999 -9999 -9999 -9999 9.15702E-8 4.66238E-8 3.74675E-8 2.38165E-8 8.94685E-9 4.73648E-9 4.20793E-9 5.19131E-9 5.24773E-9 5.30599E-9 6.10847E-10 2.87517E-10 2.19853E-9 5.47318E-9 3.95419E-9 8.65789E-9 7.91811E-9 4.96151E-8 4.67048E-8 1.45439E-7 5.14698E-7 1.5899E-6 6.05869E-6 8.42195E-6 1.31492E-5 3.72872E-5 5.26854E-5 4.60539E-5 7.84699E-5 4.73103E-5 2.3433E-5 2.72915E-5 6.47167E-5 9.27161E-5 2.00611E-4 2.57931E-4 3.30284E-4 3.19414E-4 3.56721E-4 2.49856E-4 2.95138E-4 1.67795E-4 2.35243E-4 2.97279E-4 3.85948E-4 5.02608E-4 7.33369E-4 1.19594E-3 1.0714E-3 8.24665E-4 8.99045E-4 6.80097E-4
-9999 -9999 -9999 -9999 -9999 -9999 -9999 -9999 -9999 -9999 -9999 -9999 -9999 6.11302E-8 2.95016E-8 1.86263E-8 1.21723E-8 6.63479E-9 4.30207E-9 5.5964E-9 6.57172E-9 7.7808E-9 1.44222E-8 3.21559E-9 5.32445E-9 3.06833E-9 3.64494E-8 4.27713E-8 7.43863E-8 4.99388E-8 1.55498E-7 8.32943E-8 1.10495E-7 1.3131E-6 2.3842E-6 6.47717E-6 1.56163E-5 2.09364E-5 2.16334E-5 3.33089E-5 4.19421E-5 4.04922E-5 3.94667E-5 2.8995E-5 2.64527E-5 6.94149E-5 1.29162E-4 2.6869E-4 2.45268E-4 3.25065E-4 3.43409E-4 3.47077E-4 5.96119E-4 8.22444E-4 3.33657E-4 3.99316E-4 4.91203E-4 6.82274E-4 9.54618E-4 1.15828E-3 1.54313E-3 1.44217E-3 1.13582E-3 1.07256E-3 1.09829E-3
-9999 -9999 -9999 -9999 -9999 -9999 -9999 -9999 -9999 -9999 -9999 4.26574E-7 2.21731E-7 1.06273E-7 5.48532E-8 1.71147E-8 7.81297E-9 5.09104E-9 1.13674E-8 8.29344E-9 7.39075E-9 3.81782E-9 9.70717E-9 5.99328E-9 1.30836E-9 1.32577E-9 3.30683E-8 1.60823E-7 1.94169E-7 9.08111E-8 1.86102E-8 2.08776E-7 4.0898E-7 2.51495E-6 3.97065E-6 4.77534E-6 8.31365E-6 1.58819E-5 1.43529E-5 1.82802E-5 1.9738E-5 2.9899E-5 1.23717E-5 2.43261E-5 2.23662E-5 3.104E-5 3.42948E-5 1.22507E-4 1.86349E-4 3.89488E-4 4.19613E-4 5.13586E-4 7.35636E-4 8.4975E-4 8.13271E-4 5.72187E-4 6.48096E-4 7.39239E-4 7.53041E-4 9.56121E-4 1.05858E-3 1.21766E-3 1.23341E-3 1.3636E-3 1.5365E-3
