Leopardus munoai/Leopardus_munoai_projection 2041-2060_novel.asc
ncols         515
nrows         545
xllcorner     -119.0
yllcorner     -58.333333333333
cellsize      0.166666666667
NODATA_value  -9999
[rows 240 to 269 of 545, columns 402 to 468 of 515]
6.63148E0 6.63148E0 6.63148E0 6.63148E0 6.63148E0 6.63148E0 6.63148E0 6.63148E0 6.63148E0 6.63148E0 3.08673E0 3.08673E0 3.08673E0 1.49358E0 1.49358E0 1.49358E0 1.49358E0 1.49358E0 3.08673E0 3.08673E0 3.08673E0 3.08673E0 1.49358E0 3.08673E0 1.49358E0 1.49358E0 3.08673E0 1.49358E0 3.08673E0 3.08673E0 3.08673E0 3.08673E0 3.08673E0 3.08673E0 3.08673E0 3.08673E0 3.08673E0 3.08673E0 3.08673E0 3.08673E0 3.08673E0 3.08673E0 3.08673E0 3.08673E0 3.08673E0 3.08673E0 3.08673E0 3.08673E0 3.08673E0 3.08673E0 1.49358E0 3.08673E0 3.08673E0 1.49358E0 3.08673E0 1.49358E0 1.49358E0 1.49358E0 1.49358E0 1.49358E0 1.49358E0 1.49358E0 1.49358E0 1.49358E0 1.49358E0 1.49358E0 3.08673E0
6.63148E0 6.63148E0 6.63148E0 6.63148E0 6.63148E0 6.63148E0 6.63148E0 3.08673E0 3.08673E0 3.08673E0 3.08673E0 3.08673E0 1.49358E0 1.49358E0 1.49358E0 1.49358E0 1.49358E0 1.49358E0 1.49358E0 1.49358E0 3.08673E0 3.08673E0 1.49358E0 1.49358E0 1.49358E0 1.49358E0 1.49358E0 3.08673E0 3.08673E0 3.08673E0 3.08673E0 3.08673E0 3.08673E0 6.63148E0 6.63148E0 3.08673E0 3.08673E0 3.08673E0 3.08673E0 3.08673E0 3.08673E0 3.08673E0 3.08673E0 3.08673E0 3.08673E0 3.08673E0 3.08673E0 3.08673E0 3.08673E0 1.49358E0 3.08673E0 3.08673E0 3.08673E0 3.08673E0 3.08673E0 1.49358E0 1.49358E0 1.49358E0 1.49358E0 1.49358E0 1.49358E0 1.49358E0 1.49358E0 1.49358E0 1.49358E0 1.49358E0 3.08673E0
6.63148E0 2.02927E1 6.63148E0 6.63148E0 6.63148E0 6.63148E0 3.08673E0 3.08673E0 3.08673E0 3.08673E0 3.08673E0 1.49358E0 1.49358E0 1.49358E0 1.49358E0 1.49358E0 1.49358E0 1.49358E0 1.49358E0 3.08673E0 3.08673E0 1.49358E0 1.49358E0 1.49358E0 3.08673E0 3.08673E0 3.08673E0 3.08673E0 3.08673E0 3.08673E0 3.08673E0 3.08673E0 3.08673E0 6.63148E0 3.08673E0 3.08673E0 3.08673E0 3.08673E0 3.08673E0 3.08673E0 3.08673E0 3.08673E0 3.08673E0 3.08673E0 3.08673E0 3.08673E0 3.08673E0 3.08673E0 3.08673E0 1.49358E0 3.08673E0 6.63148E0 3.08673E0 3.08673E0 3.08673E0 1.49358E0 1.49358E0 1.49358E0 1.49358E0 1.49358E0 1.49358E0 1.49358E0 1.49358E0 1.49358E0 1.49358E0 1.49358E0 3.08673E0
1.87792E1 2.04521E1 6.63148E0 6.63148E0 6.63148E0 6.63148E0 3.08673E0 3.08673E0 3.08673E0 3.08673E0 3.08673E0 3.08673E0 1.49358E0 1.49358E0 1.49358E0 3.08673E0 1.49358E0 1.49358E0 1.49358E0 3.08673E0 3.08673E0 1.49358E0 1.49358E0 3.08673E0 3.08673E0 3.08673E0 3.08673E0 3.08673E0 3.08673E0 3.08673E0 3.08673E0 3.08673E0 3.08673E0 3.08673E0 3.08673E0 6.63148E0 3.08673E0 3.08673E0 1.49358E0 3.08673E0 3.08673E0 3.08673E0 3.08673E0 3.08673E0 3.08673E0 3.08673E0 6.63148E0 3.08673E0 3.08673E0 1.49358E0 3.08673E0 3.08673E0 3.08673E0 3.08673E0 1.49358E0 1.49358E0 8.76232E-1 1.49358E0 1.49358E0 1.49358E0 1.49358E0 1.49358E0 1.49358E0 1.49358E0 1.49358E0 1.49358E0 3.08673E0
6.63148E0 6.63148E0 6.63148E0 3.08673E0 3.08673E0 6.63148E0 6.63148E0 6.63148E0 3.08673E0 1.49358E0 1.49358E0 1.49358E0 1.49358E0 1.49358E0 1.49358E0 3.08673E0 1.49358E0 1.49358E0 1.49358E0 3.08673E0 3.08673E0 3.08673E0 1.49358E0 3.08673E0 3.08673E0 3.08673E0 3.08673E0 3.08673E0 3.08673E0 3.08673E0 3.08673E0 3.08673E0 3.08673E0 3.08673E0 3.08673E0 6.63148E0 3.08673E0 3.08673E0 3.08673E0 3.08673E0 3.08673E0 3.08673E0 3.08673E0 3.08673E0 3.08673E0 3.08673E0 6.63148E0 3.08673E0 3.08673E0 1.49358E0 3.08673E0 3.08673E0 3.08673E0 3.08673E0 1.49358E0 1.49358E0 8.76232E-1 8.76232E-1 8.76232E-1 1.49358E0 1.49358E0 1.49358E0 1.49358E0 1.49358E0 1.49358E0 1.49358E0 3.08673E0
6.63148E0 6.63148E0 3.08673E0 3.08673E0 3.08673E0 3.08673E0 3.08673E0 3.08673E0 3.08673E0 1.49358E0 1.49358E0 1.49358E0 1.49358E0 1.49358E0 1.49358E0 1.49358E0 1.49358E0 1.49358E0 3.08673E0 3.08673E0 3.08673E0 3.08673E0 3.08673E0 3.08673E0 3.08673E0 3.08673E0 3.08673E0 3.08673E0 3.08673E0 3.08673E0 3.08673E0 6.63148E0 6.63148E0 6.63148E0 3.08673E0 6.63148E0 3.08673E0 3.08673E0 3.08673E0 3.08673E0 3.08673E0 3.08673E0 3.08673E0 3.08673E0 3.08673E0 6.63148E0 6.63148E0 3.08673E0 1.49358E0 1.49358E0 3.08673E0 3.08673E0 3.08673E0 3.08673E0 1.49358E0 3.08673E0 1.49358E0 1.49358E0 8.76232E-1 1.49358E0 1.49358E0 1.49358E0 1.49358E0 1.49358E0 3.08673E0 3.08673E0 6.63148E0
6.63148E0 6.63148E0 3.08673E0 3.08673E0 6.63148E0 6.63148E0 3.08673E0 3.08673E0 1.49358E0 1.49358E0 1.49358E0 3.08673E0 1.49358E0 1.49358E0 3.08673E0 3.08673E0 3.08673E0 3.08673E0 3.08673E0 3.08673E0 6.63148E0 3.08673E0 3.08673E0 3.08673E0 3.08673E0 3.08673E0 3.08673E0 3.08673E0 3.08673E0 3.08673E0 3.08673E0 6.63148E0 6.63148E0 3.08673E0 3.08673E0 3.08673E0 3.08673E0 1.49358E0 3.08673E0 3.08673E0 3.08673E0 3.08673E0 3.08673E0 3.08673E0 3.08673E0 3.08673E0 3.08673E0 1.49358E0 1.49358E0 3.08673E0 6.63148E0 6.63148E0 6.63148E0 3.08673E0 3.08673E0 3.08673E0 3.08673E0 1.49358E0 1.49358E0 8.76232E-1 8.76232E-1 1.49358E0 3.08673E0 3.08673E0 3.08673E0 6.63148E0 6.63148E0
3.08673E0 6.63148E0 6.63148E0 3.08673E0 3.08673E0 6.63148E0 3.08673E0 3.08673E0 1.49358E0 3.08673E0 3.08673E0 3.08673E0 3.08673E0 1.49358E0 3.08673E0 3.08673E0 3.08673E0 3.08673E0 3.08673E0 6.63148E0 6.63148E0 3.08673E0 3.08673E0 3.08673E0 3.08673E0 3.08673E0 3.08673E0 3.08673E0 3.08673E0 3.08673E0 6.63148E0 6.63148E0 3.08673E0 3.08673E0 3.08673E0 3.08673E0 3.08673E0 3.08673E0 3.08673E0 3.08673E0 3.08673E0 3.08673E0 3.08673E0 3.08673E0 3.08673E0 3.08673E0 1.49358E0 1.49358E0 1.49358E0 3.08673E0 6.63148E0 6.63148E0 6.63148E0 3.08673E0 3.08673E0 3.08673E0 3.08673E0 3.08673E0 1.49358E0 8.76232E-1 8.76232E-1 1.49358E0 3.08673E0 6.63148E0 3.08673E0 3.08673E0 6.63148E0
3.08673E0 3.08673E0 6.63148E0 3.08673E0 3.08673E0 6.63148E0 3.08673E0 3.08673E0 3.08673E0 3.08673E0 3.08673E0 3.08673E0 3.08673E0 3.08673E0 3.08673E0 3.08673E0 3.08673E0 3.08673E0 3.08673E0 6.63148E0 6.63148E0 3.08673E0 3.08673E0 3.08673E0 3.08673E0 3.08673E0 3.08673E0 3.08673E0 3.08673E0 3.08673E0 6.63148E0 3.08673E0 6.63148E0 3.08673E0 3.08673E0 3.08673E0 3.08673E0 3.08673E0 3.08673E0 3.08673E0 3.08673E0 3.08673E0 3.08673E0 3.08673E0 3.08673E0 1.49358E0 1.49358E0 3.08673E0 3.08673E0 3.08673E0 6.63148E0 6.63148E0 6.63148E0 6.63148E0 6.63148E0 3.08673E0 1.49358E0 1.49358E0 8.76232E-1 1.49358E0 1.49358E0 1.49358E0 3.08673E0 3.08673E0 3.08673E0 3.08673E0 6.63148E0
3.08673E0 3.08673E0 6.63148E0 3.08673E0 3.08673E0 3.08673E0 3.08673E0 3.08673E0 3.08673E0 3.08673E0 3.08673E0 3.08673E0 3.08673E0 3.08673E0 3.08673E0 3.08673E0 3.08673E0 3.08673E0 3.08673E0 6.63148E0 3.08673E0 3.08673E0 3.08673E0 3.08673E0 3.08673E0 3.08673E0 3.08673E0 3.08673E0 3.08673E0 3.08673E0 6.63148E0 6.63148E0 6.63148E0 6.63148E0 3.08673E0 3.08673E0 1.49358E0 3.08673E0 3.08673E0 3.08673E0 3.08673E0 3.08673E0 3.08673E0 3.08673E0 3.08673E0 1.49358E0 1.49358E0 3.08673E0 6.63148E0 3.08673E0 6.63148E0 5.19765E0 5.93448E0 3.08673E0 1.49358E0 1.49358E0 1.49358E0 1.49358E0 1.49358E0 1.49358E0 1.49358E0 3.08673E0 3.08673E0 3.08673E0 3.08673E0 3.08673E0 3.08673E0
3.08673E0 3.08673E0 6.63148E0 3.08673E0 3.08673E0 3.08673E0 3.08673E0 3.08673E0 3.08673E0 1.49358E0 3.08673E0 3.08673E0 3.08673E0 3.08673E0 3.08673E0 3.08673E0 3.08673E0 3.08673E0 6.63148E0 6.63148E0 3.08673E0 3.08673E0 3.08673E0 3.08673E0 3.08673E0 3.08673E0 3.08673E0 3.08673E0 3.08673E0 3.08673E0 3.08673E0 3.08673E0 6.63148E0 3.08673E0 3.08673E0 3.08673E0 1.49358E0 3.08673E0 3.08673E0 3.08673E0 3.08673E0 3.08673E0 3.08673E0 3.08673E0 3.08673E0 1.49358E0 1.49358E0 3.08673E0 6.63148E0 5.67559E0 5.67559E0 4.24176E0 3.08673E0 3.08673E0 1.49358E0 1.49358E0 1.49358E0 1.49358E0 1.49358E0 1.49358E0 1.49358E0 3.08673E0 3.08673E0 1.49358E0 1.49358E0 3.08673E0 3.08673E0
3.08673E0 3.08673E0 6.63148E0 6.63148E0 3.08673E0 3.08673E0 1.49358E0 3.08673E0 3.08673E0 3.08673E0 3.08673E0 3.08673E0 3.08673E0 3.08673E0 3.08673E0 3.08673E0 3.08673E0 3.08673E0 6.63148E0 6.63148E0 3.08673E0 3.08673E0 3.08673E0 3.08673E0 3.08673E0 3.08673E0 3.08673E0 3.08673E0 3.08673E0 3.08673E0 3.08673E0 3.08673E0 3.08673E0 3.08673E0 3.08673E0 3.08673E0 3.08673E0 3.08673E0 3.08673E0 3.08673E0 3.08673E0 3.08673E0 3.08673E0 3.08673E0 1.49358E0 1.49358E0 3.08673E0 6.63148E0 6.63148E0 5.67559E0 3.86339E0 2.19058E0 3.06681E0 3.08673E0 3.08673E0 1.49358E0 1.49358E0 3.08673E0 1.49358E0 1.49358E0 1.49358E0 3.08673E0 3.08673E0 1.49358E0 1.49358E0 6.63148E0 6.63148E0
3.08673E0 3.08673E0 3.08673E0 6.63148E0 6.63148E0 3.08673E0 3.08673E0 3.08673E0 3.08673E0 3.08673E0 3.08673E0 3.08673E0 3.08673E0 3.08673E0 3.08673E0 3.08673E0 3.08673E0 3.08673E0 6.63148E0 6.63148E0 3.08673E0 3.08673E0 3.08673E0 3.08673E0 3.08673E0 3.08673E0 3.08673E0 3.08673E0 3.08673E0 3.08673E0 3.08673E0 3.08673E0 3.08673E0 3.08673E0 3.08673E0 1.49358E0 3.08673E0 1.49358E0 1.49358E0 3.08673E0 3.08673E0 1.49358E0 1.49358E0 1.49358E0 1.49358E0 3.08673E0 3.08673E0 6.63148E0 6.63148E0 3.06681E0 2.19058E0 3.06681E0 3.08673E0 1.49358E0 1.49358E0 1.49358E0 1.49358E0 1.49358E0 1.49358E0 1.49358E0 3.08673E0 3.08673E0 3.08673E0 3.08673E0 3.08673E0 5.93448E0 6.63148E0
3.08673E0 3.08673E0 3.08673E0 3.08673E0 3.08673E0 3.08673E0 3.08673E0 3.08673E0 3.08673E0 3.08673E0 3.08673E0 3.08673E0 3.08673E0 3.08673E0 3.08673E0 3.08673E0 3.08673E0 3.08673E0 6.63148E0 6.63148E0 3.08673E0 3.08673E0 6.63148E0 6.63148E0 3.08673E0 3.08673E0 3.08673E0 3.08673E0 3.08673E0 3.08673E0 3.08673E0 3.08673E0 3.08673E0 3.08673E0 3.08673E0 3.08673E0 3.08673E0 1.49358E0 1.49358E0 1.49358E0 1.49358E0 1.49358E0 1.49358E0 1.49358E0 1.49358E0 3.08673E0 6.63148E0 6.63148E0 3.08673E0 3.08673E0 3.08673E0 3.08673E0 3.08673E0 3.08673E0 1.49358E0 1.49358E0 1.49358E0 1.49358E0 3.08673E0 5.93448E0 3.08673E0 5.19765E0 3.08673E0 3.08673E0 3.08673E0 4.24176E0 5.93448E0
3.08673E0 3.08673E0 6.63148E0 3.08673E0 3.08673E0 3.08673E0 3.08673E0 3.08673E0 3.08673E0 3.08673E0 3.08673E0 3.08673E0 3.08673E0 3.08673E0 3.08673E0 3.08673E0 3.08673E0 6.63148E0 6.63148E0 6.63148E0 6.63148E0 6.63148E0 2.04521E1 6.63148E0 3.08673E0 3.08673E0 3.08673E0 3.08673E0 3.08673E0 3.08673E0 3.08673E0 3.08673E0 3.08673E0 6.63148E0 3.08673E0 3.08673E0 3.08673E0 1.49358E0 1.49358E0 1.49358E0 1.49358E0 1.49358E0 3.08673E0 3.08673E0 1.49358E0 1.49358E0 1.49358E0 3.08673E0 1.49358E0 3.08673E0 3.08673E0 3.08673E0 3.08673E0 1.49358E0 1.49358E0 1.49358E0 1.49358E0 1.49358E0 3.08673E0 3.08673E0 3.08673E0 5.19765E0 5.93448E0 5.19765E0 4.24176E0 6.77088E0 8.06532E0
3.08673E0 3.08673E0 3.08673E0 3.08673E0 1.49358E0 1.49358E0 3.08673E0 3.08673E0 3.08673E0 3.08673E0 3.08673E0 3.08673E0 3.08673E0 3.08673E0 3.08673E0 3.08673E0 3.08673E0 6.63148E0 6.63148E0 6.63148E0 6.63148E0 6.63148E0 2.04521E1 2.04521E1 3.08673E0 3.08673E0 3.08673E0 3.08673E0 3.08673E0 3.08673E0 3.08673E0 3.08673E0 3.08673E0 6.63148E0 6.63148E0 6.63148E0 3.08673E0 3.08673E0 3.08673E0 3.08673E0 3.08673E0 3.08673E0 1.49358E0 1.49358E0 1.49358E0 1.49358E0 1.49358E0 1.49358E0 1.49358E0 3.08673E0 3.08673E0 3.08673E0 3.08673E0 3.08673E0 1.49358E0 1.49358E0 1.49358E0 1.49358E0 3.08673E0 3.08673E0 5.19765E0 5.19765E0 3.08673E0 3.06681E0 6.77088E0 1.163E1 1.163E1
3.08673E0 3.08673E0 3.08673E0 3.08673E0 3.08673E0 1.49358E0 3.08673E0 3.08673E0 3.08673E0 3.08673E0 3.08673E0 3.08673E0 3.08673E0 3.08673E0 3.08673E0 3.08673E0 3.08673E0 6.63148E0 6.63148E0 6.63148E0 6.63148E0 6.63148E0 6.63148E0 2.04521E1 6.63148E0 3.08673E0 3.08673E0 3.08673E0 3.08673E0 3.08673E0 3.08673E0 3.08673E0 3.08673E0 3.08673E0 6.63148E0 6.63148E0 6.63148E0 6.63148E0 6.63148E0 3.08673E0 4.24176E0 3.08673E0 1.49358E0 1.49358E0 1.49358E0 3.08673E0 3.08673E0 3.08673E0 3.08673E0 5.93448E0 3.08673E0 5.93448E0 3.08673E0 3.08673E0 3.08673E0 3.08673E0 1.49358E0 1.49358E0 1.49358E0 1.49358E0 3.08673E0 3.08673E0 5.19765E0 9.14069E0 1.35617E1 2.00339E1 1.08334E1
1.49358E0 1.49358E0 1.49358E0 3.08673E0 3.08673E0 3.08673E0 3.08673E0 3.08673E0 3.08673E0 3.08673E0 3.08673E0 3.08673E0 3.08673E0 3.08673E0 3.08673E0 3.08673E0 6.63148E0 6.63148E0 6.63148E0 6.63148E0 6.63148E0 6.63148E0 6.63148E0 2.04521E1 6.63148E0 6.63148E0 3.08673E0 3.08673E0 3.08673E0 3.08673E0 3.08673E0 3.08673E0 3.08673E0 3.08673E0 6.63148E0 6.63148E0 6.63148E0 6.63148E0 6.77088E0 5.93448E0 3.08673E0 1.49358E0 1.49358E0 1.49358E0 1.49358E0 3.08673E0 3.08673E0 3.08673E0 5.19765E0 5.93448E0 5.93448E0 6.63148E0 3.08673E0 3.08673E0 3.08673E0 3.08673E0 1.49358E0 1.49358E0 3.08673E0 3.08673E0 3.08673E0 5.19765E0 8.06532E0 1.73454E1 2.20452E1 1.35617E1 1.02559E1
1.49358E0 1.49358E0 1.49358E0 3.08673E0 6.63148E0 3.08673E0 3.08673E0 3.08673E0 3.08673E0 1.49358E0 3.08673E0 3.08673E0 3.08673E0 3.08673E0 3.08673E0 3.08673E0 6.63148E0 6.63148E0 6.63148E0 6.63148E0 6.63148E0 6.63148E0 3.08673E0 6.63148E0 6.63148E0 6.63148E0 3.08673E0 3.08673E0 3.08673E0 3.08673E0 3.08673E0 3.08673E0 6.63148E0 3.08673E0 6.63148E0 6.63148E0 6.63148E0 6.63148E0 5.93448E0 5.93448E0 3.08673E0 1.49358E0 1.49358E0 1.49358E0 3.08673E0 5.19765E0 3.08673E0 3.08673E0 4.24176E0 5.93448E0 5.93448E0 6.63148E0 6.63148E0 3.08673E0 3.08673E0 3.08673E0 3.08673E0 3.08673E0 3.08673E0 3.08673E0 3.08673E0 5.19765E0 8.66275E0 1.63497E1 2.00339E1 1.163E1 9.75804E0
1.49358E0 1.49358E0 1.49358E0 1.49358E0 3.08673E0 1.49358E0 1.49358E0 1.49358E0 3.08673E0 1.49358E0 3.08673E0 3.08673E0 3.08673E0 3.08673E0 3.08673E0 3.08673E0 6.63148E0 6.63148E0 6.63148E0 2.04521E1 6.63148E0 6.63148E0 6.63148E0 2.04521E1 2.04521E1 6.63148E0 3.08673E0 3.08673E0 3.08673E0 3.08673E0 3.08673E0 3.08673E0 3.08673E0 6.63148E0 6.63148E0 6.63148E0 6.63148E0 6.63148E0 5.93448E0 5.19765E0 3.08673E0 3.08673E0 1.49358E0 3.08673E0 3.08673E0 3.08673E0 3.08673E0 3.08673E0 4.24176E0 5.19765E0 3.08673E0 6.63148E0 6.63148E0 6.63148E0 3.08673E0 3.08673E0 3.08673E0 3.08673E0 3.08673E0 3.08673E0 5.93448E0 4.24176E0 7.44797E0 1.24465E1 1.31634E1 1.02559E1 8.66275E0
1.49358E0 1.49358E0 1.49358E0 1.49358E0 1.49358E0 1.49358E0 1.49358E0 1.49358E0 3.08673E0 3.08673E0 3.08673E0 3.08673E0 3.08673E0 3.08673E0 3.08673E0 3.08673E0 6.63148E0 6.63148E0 6.63148E0 6.63148E0 6.63148E0 6.63148E0 3.08673E0 6.63148E0 2.04521E1 6.63148E0 6.63148E0 3.08673E0 3.08673E0 3.08673E0 3.08673E0 6.63148E0 3.08673E0 6.63148E0 6.63148E0 6.63148E0 6.63148E0 6.63148E0 3.08673E0 4.24176E0 3.06681E0 2.19058E0 3.06681E0 3.06681E0 1.49358E0 1.49358E0 1.49358E0 3.08673E0 3.08673E0 4.24176E0 5.93448E0 6.63148E0 6.63148E0 6.63148E0 3.08673E0 3.08673E0 5.19765E0 3.08673E0 3.08673E0 6.63148E0 6.63148E0 6.77088E0 5.93448E0 7.44797E0 9.14069E0 7.44797E0 8.66275E0
1.49358E0 1.49358E0 1.49358E0 1.49358E0 1.49358E0 1.49358E0 1.49358E0 1.49358E0 3.08673E0 3.08673E0 3.08673E0 3.08673E0 3.08673E0 3.08673E0 3.08673E0 3.08673E0 6.63148E0 6.63148E0 3.08673E0 6.63148E0 3.08673E0 6.63148E0 6.63148E0 3.08673E0 6.63148E0 6.63148E0 6.63148E0 6.63148E0 6.63148E0 3.08673E0 6.63148E0 6.63148E0 6.63148E0 6.63148E0 6.63148E0 6.63148E0 6.63148E0 6.63148E0 3.08673E0 3.08673E0 2.19058E0 2.19058E0 3.06681E0 3.06681E0 1.49358E0 1.49358E0 1.49358E0 1.49358E0 3.08673E0 3.08673E0 3.08673E0 6.63148E0 6.63148E0 6.63148E0 3.08673E0 5.93448E0 5.19765E0 5.93448E0 6.63148E0 6.77088E0 7.44797E0 6.77088E0 5.93448E0 6.77088E0 1.73454E1 9.75804E0 1.31634E1
1.49358E0 1.49358E0 1.49358E0 1.49358E0 1.49358E0 1.49358E0 1.49358E0 1.49358E0 1.49358E0 1.49358E0 3.08673E0 3.08673E0 3.08673E0 3.08673E0 3.08673E0 3.08673E0 3.08673E0 3.08673E0 3.08673E0 6.63148E0 6.63148E0 6.63148E0 3.08673E0 3.08673E0 3.08673E0 6.63148E0 2.04521E1 6.63148E0 6.63148E0 6.63148E0 6.63148E0 6.63148E0 1.72259E1 6.63148E0 6.63148E0 6.63148E0 6.63148E0 6.63148E0 5.93448E0 3.08673E0 4.24176E0 3.06681E0 3.06681E0 3.06681E0 1.49358E0 1.49358E0 1.49358E0 1.49358E0 1.49358E0 3.08673E0 3.08673E0 3.08673E0 6.63148E0 6.63148E0 3.08673E0 5.93448E0 5.93448E0 6.77088E0 6.77088E0 6.77088E0 7.44797E0 6.77088E0 6.77088E0 8.66275E0 3.17634E1 2.94733E1 3.38146E1
1.49358E0 1.49358E0 1.49358E0 1.49358E0 1.49358E0 1.49358E0 1.49358E0 1.49358E0 1.49358E0 1.49358E0 3.08673E0 3.08673E0 3.08673E0 3.08673E0 3.08673E0 3.08673E0 3.08673E0 3.08673E0 6.63148E0 6.63148E0 3.08673E0 3.08673E0 3.08673E0 3.08673E0 6.63148E0 6.63148E0 6.63148E0 2.04521E1 3.08673E0 6.63148E0 6.63148E0 6.63148E0 1.72259E1 1.72259E1 6.63148E0 6.63148E0 6.63148E0 6.63148E0 6.63148E0 5.93448E0 5.19765E0 4.24176E0 3.08673E0 1.49358E0 1.49358E0 1.49358E0 1.49358E0 1.49358E0 1.49358E0 3.08673E0 3.08673E0 3.08673E0 3.08673E0 3.08673E0 3.08673E0 5.93448E0 6.77088E0 8.66275E0 5.93448E0 8.66275E0 7.44797E0 7.44797E0 8.66275E0 1.24465E1 3.01304E1 3.34163E1 3.32769E1
3.08673E0 1.49358E0 1.49358E0 1.49358E0 1.49358E0 1.49358E0 1.49358E0 1.49358E0 1.49358E0 1.49358E0 1.49358E0 3.08673E0 3.08673E0 3.08673E0 3.08673E0 3.08673E0 6.63148E0 3.08673E0 6.63148E0 6.63148E0 3.08673E0 3.08673E0 3.08673E0 3.08673E0 6.63148E0 6.63148E0 6.63148E0 6.63148E0 3.08673E0 3.08673E0 6.63148E0 6.63148E0 6.63148E0 6.63148E0 6.63148E0 6.63148E0 6.63148E0 6.63148E0 6.63148E0 6.63148E0 6.63148E0 3.08673E0 3.08673E0 1.49358E0 1.49358E0 1.49358E0 1.49358E0 1.49358E0 1.49358E0 3.08673E0 3.08673E0 1.49358E0 1.49358E0 3.08673E0 5.19765E0 6.77088E0 7.44797E0 1.24465E1 8.66275E0 9.75804E0 8.66275E0 9.14069E0 1.24465E1 2.29015E1 2.96923E1 3.19028E1 3.57662E1
1.49358E0 1.49358E0 1.49358E0 1.49358E0 1.49358E0 1.49358E0 1.49358E0 1.49358E0 1.49358E0 1.49358E0 1.49358E0 3.08673E0 3.08673E0 3.08673E0 3.08673E0 3.08673E0 3.08673E0 3.08673E0 3.08673E0 3.08673E0 3.08673E0 3.08673E0 6.63148E0 3.08673E0 3.08673E0 6.63148E0 6.63148E0 3.08673E0 3.08673E0 3.08673E0 6.63148E0 6.63148E0 6.63148E0 6.63148E0 6.63148E0 6.63148E0 6.63148E0 6.63148E0 6.63148E0 6.63148E0 6.63148E0 6.63148E0 5.93448E0 3.08673E0 1.49358E0 1.49358E0 1.49358E0 1.49358E0 1.49358E0 1.49358E0 3.08673E0 1.49358E0 1.49358E0 3.08673E0 3.08673E0 5.93448E0 5.93448E0 1.163E1 8.66275E0 8.66275E0 9.14069E0 1.24465E1 2.37379E1 3.55471E1 3.25002E1 3.36155E1 3.6523E1
3.08673E0 3.08673E0 3.08673E0 3.08673E0 1.49358E0 1.49358E0 1.49358E0 1.49358E0 1.49358E0 1.49358E0 3.08673E0 3.08673E0 3.08673E0 3.08673E0 3.08673E0 3.08673E0 3.08673E0 3.08673E0 3.08673E0 3.08673E0 3.08673E0 3.08673E0 6.63148E0 6.63148E0 6.63148E0 6.63148E0 3.08673E0 3.08673E0 3.08673E0 3.08673E0 3.08673E0 3.08673E0 6.63148E0 6.63148E0 6.63148E0 6.63148E0 1.46968E1 1.6051E1 6.63148E0 6.63148E0 6.63148E0 6.63148E0 3.08673E0 3.08673E0 3.08673E0 1.49358E0 1.49358E0 1.49358E0 1.49358E0 1.49358E0 3.08673E0 3.08673E0 1.49358E0 1.49358E0 3.08673E0 6.77088E0 5.93448E0 7.44797E0 9.14069E0 1.08334E1 1.24465E1 2.20452E1 3.7917E1 3.08673E1 3.18032E1 3.67022E1 3.42925E1
3.08673E0 3.08673E0 1.49358E0 3.08673E0 1.49358E0 1.49358E0 1.49358E0 1.49358E0 1.49358E0 1.49358E0 3.08673E0 3.08673E0 3.08673E0 3.08673E0 3.08673E0 3.08673E0 3.08673E0 3.08673E0 3.08673E0 3.08673E0 3.08673E0 3.08673E0 6.63148E0 6.63148E0 6.63148E0 6.63148E0 6.63148E0 3.08673E0 3.08673E0 3.08673E0 3.08673E0 3.08673E0 3.08673E0 6.63148E0 1.85004E1 6.63148E0 6.63148E0 6.63148E0 6.63148E0 6.63148E0 6.63148E0 6.63148E0 6.63148E0 6.63148E0 6.63148E0 3.08673E0 6.63148E0 5.93448E0 3.08673E0 3.08673E0 1.49358E0 3.08673E0 1.49358E0 3.08673E0 3.08673E0 5.19765E0 5.19765E0 5.19765E0 1.24465E1 1.31634E1 1.82017E1 3.28189E1 3.81758E1 3.15643E1 3.81758E1 3.57662E1 3.40137E1
3.08673E0 3.08673E0 3.08673E0 1.49358E0 1.49358E0 1.49358E0 1.49358E0 1.49358E0 1.49358E0 1.49358E0 3.08673E0 3.08673E0 3.08673E0 3.08673E0 3.08673E0 3.08673E0 3.08673E0 3.08673E0 3.08673E0 3.08673E0 3.08673E0 6.63148E0 6.63148E0 6.63148E0 9.14069E0 6.63148E0 6.63148E0 6.63148E0 3.08673E0 3.08673E0 3.08673E0 3.08673E0 3.08673E0 6.63148E0 2.00737E1 1.85004E1 1.72259E1 1.6051E1 1.72259E1 6.63148E0 6.63148E0 6.63148E0 6.63148E0 7.44797E0 6.63148E0 6.63148E0 6.63148E0 5.93448E0 5.93448E0 3.08673E0 1.49358E0 3.08673E0 1.49358E0 6.63148E0 6.63148E0 3.08673E0 5.67559E0 3.06681E0 8.06532E0 1.24465E1 2.20452E1 3.31973E1 4.38913E1 3.30977E1 4.66793E1 4.13821E1 3.5587E1
3.08673E0 3.08673E0 3.08673E0 1.49358E0 1.49358E0 1.49358E0 1.49358E0 1.49358E0 3.08673E0 1.49358E0 3.08673E0 3.08673E0 3.08673E0 3.08673E0 3.08673E0 3.08673E0 3.08673E0 3.08673E0 3.08673E0 3.08673E0 6.63148E0 6.63148E0 6.63148E0 6.63148E0 6.63148E0 6.63148E0 3.08673E0 3.08673E0 3.08673E0 3.08673E0 3.08673E0 3.08673E0 3.08673E0 6.63148E0 2.00737E1 1.85004E1 1.85004E1 1.72259E1 1.72259E1 6.63148E0 6.63148E0 6.63148E0 6.63148E0 6.63148E0 6.63148E0 6.63148E0 5.93448E0 5.93448E0 6.63148E0 3.08673E0 1.49358E0 3.08673E0 1.49358E0 6.63148E0 9.39958E0 3.08673E0 3.08673E0 5.67559E0 5.93448E0 1.02559E1 2.37379E1 3.39938E1 4.27761E1 4.43891E1 5.59594E1 4.46679E1 3.75585E1
