Leopardus munoai/Leopardus_munoai_projection 2041-2060_novel.asc
ncols         515
nrows         545
xllcorner     -119.0
yllcorner     -58.333333333333
cellsize      0.166666666667
NODATA_value  -9999
[rows 420 to 449 of 545, columns 268 to 334 of 515]
-9999 -9999 -9999 -9999 -9999 2.1627E1 1.77636E1 1.66086E1 1.58319E1 1.45773E1 1.30638E1 1.39002E1 1.65488E1 2.00139E1 2.00139E1 2.29414E1 2.16071E1 1.29244E1 9.2801E0 9.2801E0 1.29244E1 1.22075E1 9.77796E0 7.50772E0 5.09808E0 4.1621E0 4.1621E0 4.5803E0 5.09808E0 6.27303E0 5.49637E0 4.34133E0 4.34133E0 5.17774E0 5.97431E0 3.90322E0 3.90322E0 3.90322E0 3.90322E0 3.90322E0 3.90322E0 3.90322E0 3.90322E0 3.90322E0 3.90322E0 2.27024E0 2.27024E0 2.27024E0 3.08673E0 3.08673E0 3.08673E0 3.08673E0 3.90322E0 3.90322E0 5.97431E0 5.97431E0 5.97431E0 5.97431E0 5.97431E0 5.97431E0 5.97431E0 5.97431E0 5.97431E0 5.97431E0 8.48352E0 8.48352E0 8.48352E0
-9999 -9999 -9999 -9999 -9999 2.30608E1 1.95559E1 1.56129E1 1.73056E1 1.59713E1 1.36613E1 1.51947E1 1.80424E1 2.1627E1 2.34591E1 2.73026E1 2.16071E1 2.16071E1 1.29244E1 9.2801E0 9.2801E0 1.27651E1 1.03555E1 8.02549E0 5.35697E0 4.1621E0 4.1621E0 4.36125E0 4.77945E0 6.27303E0 5.17774E0 4.1621E0 5.31714E0 5.01842E0 5.73534E0 5.97431E0 3.90322E0 3.90322E0 3.90322E0 3.90322E0 3.90322E0 3.90322E0 3.90322E0 2.27024E0 2.27024E0 2.27024E0 3.90322E0 2.27024E0 3.08673E0 3.90322E0 3.90322E0 3.90322E0 3.90322E0 3.90322E0 5.97431E0 5.97431E0 5.97431E0 5.97431E0 5.97431E0 5.97431E0 5.97431E0 5.97431E0 5.97431E0 8.48352E0 8.48352E0 8.48352E0 8.48352E0
-9999 -9999 -9999 -9999 -9999 2.36981E1 2.17664E1 1.86598E1 1.73056E1 1.58319E1 1.61705E1 1.80424E1 2.04521E1 2.29414E1 2.50722E1 2.00339E1 2.28418E1 1.29244E1 1.29244E1 9.2801E0 9.2801E0 1.34024E1 1.07538E1 8.02549E0 5.815E0 4.5803E0 4.36125E0 4.36125E0 4.77945E0 4.81928E0 5.01842E0 4.5803E0 4.0227E0 4.5803E0 5.61585E0 5.97431E0 3.90322E0 3.90322E0 3.90322E0 3.90322E0 3.90322E0 3.90322E0 3.90322E0 3.90322E0 3.90322E0 3.90322E0 3.90322E0 2.27024E0 3.08673E0 3.08673E0 5.97431E0 5.97431E0 5.97431E0 5.97431E0 5.97431E0 5.97431E0 5.97431E0 5.97431E0 5.97431E0 5.97431E0 5.97431E0 5.97431E0 5.97431E0 5.97431E0 8.48352E0 8.48352E0 8.48352E0
-9999 -9999 -9999 -9999 -9999 -9999 2.17664E1 1.91377E1 1.65488E1 1.61705E1 1.84407E1 2.08703E1 2.29414E1 2.64463E1 1.66882E1 1.46371E1 1.73852E1 2.16071E1 1.73852E1 9.2801E0 9.2801E0 1.36613E1 1.10126E1 8.02549E0 5.35697E0 4.36125E0 4.36125E0 4.36125E0 4.5803E0 3.84347E0 3.84347E0 5.49637E0 5.97431E0 5.49637E0 5.97431E0 5.97431E0 5.97431E0 3.90322E0 3.90322E0 3.90322E0 3.90322E0 3.90322E0 3.90322E0 3.90322E0 3.90322E0 3.90322E0 3.90322E0 3.90322E0 3.90322E0 3.90322E0 5.97431E0 5.97431E0 5.97431E0 3.90322E0 3.90322E0 5.97431E0 5.97431E0 5.97431E0 5.97431E0 5.97431E0 5.97431E0 5.97431E0 5.97431E0 8.48352E0 8.48352E0 8.48352E0 1.12516E1
-9999 -9999 -9999 -9999 -9999 -9999 2.04521E1 1.90581E1 1.68077E1 1.77636E1 2.00139E1 2.27621E1 2.50921E1 3.01105E1 1.94763E1 1.73852E1 1.73852E1 1.73852E1 1.73852E1 9.2801E0 9.2801E0 1.33825E1 1.07538E1 7.50772E0 5.09808E0 4.1621E0 4.1621E0 4.36125E0 4.34133E0 3.42527E0 3.36553E0 4.0227E0 4.1621E0 5.31714E0 5.97431E0 5.97431E0 5.97431E0 5.97431E0 5.97431E0 3.90322E0 8.48352E0 5.97431E0 5.97431E0 3.90322E0 3.90322E0 3.90322E0 3.90322E0 3.90322E0 3.90322E0 8.48352E0 3.90322E0 3.90322E0 3.90322E0 3.90322E0 5.97431E0 5.97431E0 5.97431E0 5.97431E0 5.97431E0 5.97431E0 5.97431E0 6.63148E0 6.63148E0 8.48352E0 8.48352E0 8.48352E0 1.12516E1
-9999 -9999 -9999 -9999 -9999 1.99144E1 1.99144E1 1.8839E1 1.61705E1 1.75446E1 2.08703E1 2.39769E1 2.73026E1 3.07478E1 2.9772E1 2.41362E1 1.73852E1 1.73852E1 2.08902E1 9.2801E0 9.2801E0 1.30638E1 9.45932E0 6.27303E0 4.36125E0 4.06253E0 3.90322E0 4.06253E0 3.84347E0 3.1863E0 3.1863E0 3.36553E0 3.84347E0 5.31714E0 6.7908E0 5.97431E0 5.97431E0 5.97431E0 5.97431E0 5.97431E0 5.97431E0 3.90322E0 3.90322E0 3.90322E0 3.90322E0 3.90322E0 3.90322E0 3.90322E0 3.90322E0 3.90322E0 5.97431E0 3.90322E0 3.90322E0 5.97431E0 5.97431E0 5.97431E0 5.97431E0 5.97431E0 5.97431E0 5.97431E0 6.63148E0 6.63148E0 6.63148E0 8.48352E0 8.48352E0 8.48352E0 1.12516E1
-9999 -9999 -9999 -9999 -9999 1.99144E1 1.99144E1 2.02529E1 1.75446E1 1.90581E1 2.30608E1 2.67251E1 3.07478E1 3.07478E1 2.44349E1 2.16071E1 1.73852E1 1.73852E1 1.73852E1 1.73852E1 9.2801E0 1.22075E1 8.40386E0 4.77945E0 4.1621E0 3.90322E0 3.70407E0 4.06253E0 4.1621E0 3.1863E0 2.94733E0 2.94733E0 3.50493E0 5.17774E0 7.66703E0 1.0455E1 5.97431E0 5.97431E0 5.97431E0 5.97431E0 5.97431E0 5.97431E0 3.90322E0 3.90322E0 3.90322E0 3.90322E0 5.97431E0 3.90322E0 3.90322E0 3.90322E0 3.90322E0 5.97431E0 5.97431E0 5.97431E0 5.97431E0 5.97431E0 5.97431E0 5.97431E0 5.97431E0 5.97431E0 6.63148E0 6.63148E0 8.48352E0 8.48352E0 8.48352E0 1.12516E1 1.12516E1
-9999 -9999 -9999 -9999 -9999 -9999 2.04521E1 1.86598E1 1.95559E1 2.17664E1 2.50921E1 3.07478E1 3.07478E1 2.74221E1 2.44349E1 1.73852E1 1.73852E1 1.29244E1 1.73852E1 1.29244E1 9.2801E0 6.7908E0 9.16061E0 5.35697E0 4.1621E0 3.90322E0 3.70407E0 3.90322E0 4.06253E0 3.36553E0 2.98716E0 2.98716E0 3.36553E0 4.34133E0 8.1848E0 5.97431E0 5.97431E0 8.48352E0 8.48352E0 5.97431E0 5.97431E0 5.97431E0 5.97431E0 5.97431E0 5.97431E0 5.97431E0 5.97431E0 5.97431E0 5.97431E0 5.97431E0 5.97431E0 5.97431E0 5.97431E0 5.97431E0 5.97431E0 5.97431E0 5.97431E0 5.97431E0 5.97431E0 5.97431E0 6.63148E0 6.63148E0 8.48352E0 8.48352E0 8.48352E0 1.12516E1 1.12516E1
-9999 -9999 -9999 -9999 -9999 -9999 2.4196E1 2.36981E1 2.39769E1 2.61277E1 3.07478E1 3.07478E1 2.84377E1 2.52514E1 2.74221E1 2.71234E1 1.73852E1 1.73852E1 1.73852E1 1.56328E1 1.29244E1 9.2801E0 8.72249E0 5.35697E0 4.1621E0 4.06253E0 3.90322E0 3.70407E0 3.90322E0 3.66424E0 3.50493E0 2.98716E0 3.36553E0 5.17774E0 7.66703E0 8.48352E0 8.48352E0 8.48352E0 8.48352E0 5.97431E0 5.97431E0 5.97431E0 5.97431E0 5.97431E0 5.97431E0 5.97431E0 5.97431E0 5.97431E0 5.97431E0 5.97431E0 5.97431E0 5.97431E0 5.97431E0 5.97431E0 5.97431E0 5.97431E0 5.97431E0 5.97431E0 5.97431E0 5.97431E0 6.63148E0 8.48352E0 8.48352E0 8.48352E0 8.48352E0 1.12516E1 1.12516E1
-9999 -9999 -9999 -9999 -9999 -9999 -9999 2.44349E1 2.44349E1 2.74221E1 2.74221E1 2.50722E1 1.62103E1 1.69073E1 2.44349E1 2.18261E1 1.73852E1 1.73852E1 1.29244E1 1.41392E1 1.16897E1 9.2801E0 6.7908E0 5.35697E0 4.36125E0 4.06253E0 3.90322E0 3.70407E0 3.70407E0 3.42527E0 3.1863E0 2.98716E0 3.36553E0 5.01842E0 8.1848E0 8.48352E0 5.97431E0 5.97431E0 5.97431E0 6.7908E0 5.49637E0 6.07388E0 8.1848E0 8.48352E0 8.48352E0 8.48352E0 8.48352E0 8.48352E0 8.48352E0 8.48352E0 5.97431E0 5.97431E0 5.97431E0 5.97431E0 5.97431E0 5.97431E0 5.97431E0 5.97431E0 8.48352E0 6.63148E0 6.63148E0 8.48352E0 8.48352E0 1.12516E1 1.12516E1 1.12516E1 1.12516E1
-9999 -9999 -9999 -9999 -9999 -9999 -9999 2.18261E1 2.18261E1 2.44349E1 2.44349E1 1.61306E1 1.17495E1 1.24664E1 2.36782E1 2.44349E1 2.16071E1 1.73852E1 9.2801E0 9.2801E0 1.03555E1 9.2801E0 7.30857E0 5.35697E0 4.36125E0 4.1621E0 4.06253E0 3.90322E0 3.90322E0 3.66424E0 3.08673E0 2.84775E0 2.98716E0 4.1621E0 6.07388E0 8.36403E0 8.48352E0 8.48352E0 8.48352E0 5.97431E0 5.91457E0 7.0696E0 5.97431E0 8.48352E0 8.48352E0 8.48352E0 8.48352E0 8.48352E0 8.48352E0 8.48352E0 8.48352E0 8.48352E0 5.97431E0 5.97431E0 5.97431E0 5.97431E0 8.48352E0 8.48352E0 5.97431E0 6.63148E0 8.48352E0 8.48352E0 8.48352E0 1.12516E1 1.12516E1 1.12516E1 1.12516E1
-9999 -9999 -9999 -9999 -9999 -9999 -9999 1.99144E1 2.18261E1 2.20452E1 1.71264E1 1.33227E1 1.16101E1 1.71264E1 1.73852E1 2.16071E1 2.44349E1 1.73852E1 1.68077E1 1.37608E1 1.1391E1 8.72249E0 7.00986E0 5.09808E0 4.5803E0 4.36125E0 4.1621E0 4.06253E0 3.90322E0 3.90322E0 3.50493E0 2.98716E0 3.08673E0 4.0227E0 5.17774E0 5.61585E0 7.0696E0 8.1848E0 8.36403E0 7.0696E0 6.7908E0 5.97431E0 8.48352E0 8.48352E0 8.48352E0 8.48352E0 8.48352E0 8.48352E0 8.48352E0 8.48352E0 8.48352E0 8.48352E0 1.12516E1 8.48352E0 8.48352E0 8.48352E0 8.48352E0 8.48352E0 8.48352E0 8.48352E0 8.48352E0 8.48352E0 8.48352E0 1.12516E1 1.12516E1 1.12516E1 1.12516E1
-9999 -9999 -9999 -9999 -9999 -9999 -9999 2.18261E1 2.2563E1 1.67878E1 1.42388E1 1.22872E1 1.2088E1 1.92174E1 2.18261E1 1.73852E1 1.29244E1 1.73852E1 1.68077E1 1.29244E1 1.25461E1 9.45932E0 7.30857E0 5.35697E0 4.77945E0 4.77945E0 4.36125E0 4.1621E0 4.06253E0 3.90322E0 4.0227E0 3.36553E0 3.36553E0 4.1621E0 4.5803E0 5.31714E0 6.512E0 7.66703E0 7.30857E0 6.7908E0 7.66703E0 8.48352E0 8.48352E0 8.48352E0 8.48352E0 8.48352E0 8.48352E0 8.48352E0 8.48352E0 8.48352E0 8.48352E0 8.48352E0 8.48352E0 8.48352E0 8.48352E0 8.48352E0 8.48352E0 8.48352E0 8.48352E0 8.48352E0 8.48352E0 8.48352E0 8.48352E0 1.12516E1 1.12516E1 1.12516E1 1.12516E1
-9999 -9999 -9999 -9999 -9999 -9999 1.88987E1 1.93568E1 1.77039E1 1.42388E1 1.32032E1 1.40197E1 1.94763E1 2.18261E1 2.18261E1 1.99144E1 1.73852E1 1.29244E1 1.7903E1 1.54137E1 1.36613E1 1.07538E1 9.16061E0 6.59166E0 5.09808E0 5.35697E0 5.09808E0 4.5803E0 4.5803E0 4.36125E0 4.36125E0 3.84347E0 3.50493E0 4.0227E0 4.34133E0 5.31714E0 5.91457E0 6.7908E0 6.7908E0 7.66703E0 8.1848E0 8.48352E0 8.48352E0 8.48352E0 8.48352E0 8.48352E0 8.48352E0 8.48352E0 8.48352E0 8.48352E0 8.48352E0 8.48352E0 8.48352E0 8.48352E0 8.48352E0 8.48352E0 8.48352E0 8.48352E0 8.48352E0 8.48352E0 8.48352E0 8.48352E0 1.12516E1 1.12516E1 1.12516E1 1.12516E1 1.12516E1
-9999 -9999 -9999 -9999 -9999 1.56129E1 1.99144E1 1.93568E1 1.88987E1 1.49756E1 1.57124E1 1.99144E1 1.99144E1 1.77437E1 1.99144E1 1.77437E1 1.29244E1 1.29244E1 1.84407E1 1.66086E1 1.45773E1 1.25461E1 9.16061E0 8.02549E0 6.27303E0 6.59166E0 6.59166E0 5.09808E0 4.77945E0 4.77945E0 4.77945E0 4.1621E0 3.84347E0 4.1621E0 4.34133E0 5.17774E0 5.61585E0 6.07388E0 6.7908E0 7.30857E0 8.36403E0 8.48352E0 8.48352E0 8.48352E0 8.48352E0 8.48352E0 8.48352E0 8.48352E0 8.48352E0 8.48352E0 1.12516E1 1.12516E1 1.12516E1 1.12516E1 1.12516E1 1.12516E1 1.12516E1 8.48352E0 8.48352E0 8.48352E0 8.48352E0 1.12516E1 1.12516E1 1.12516E1 1.12516E1 1.12516E1 1.44977E1
-9999 -9999 -9999 -9999 1.38405E1 1.38405E1 1.56129E1 1.99144E1 2.18261E1 2.44349E1 2.44349E1 2.18261E1 1.77437E1 1.77437E1 1.77437E1 1.73852E1 1.73852E1 1.99144E1 1.93966E1 1.71264E1 1.56328E1 1.37608E1 1.01165E1 8.40386E0 8.02549E0 7.30857E0 6.59166E0 5.35697E0 5.09808E0 5.09808E0 5.35697E0 4.81928E0 4.34133E0 4.5803E0 4.81928E0 5.17774E0 5.61585E0 5.91457E0 6.7908E0 7.66703E0 8.48352E0 8.48352E0 8.48352E0 8.48352E0 8.48352E0 8.48352E0 8.48352E0 8.48352E0 1.12516E1 1.12516E1 1.12516E1 1.12516E1 1.12516E1 1.12516E1 1.12516E1 1.12516E1 1.12516E1 1.12516E1 1.09529E1 1.09529E1 1.12516E1 1.12516E1 1.12516E1 1.12516E1 1.44977E1 1.44977E1 1.44977E1
-9999 -9999 -9999 -9999 1.24664E1 1.38405E1 1.99144E1 2.18261E1 2.44349E1 2.44349E1 2.44349E1 2.74221E1 2.44349E1 2.44349E1 1.99144E1 1.29244E1 1.73852E1 1.73852E1 9.2801E0 1.51947E1 1.49955E1 1.43782E1 1.25461E1 8.40386E0 7.50772E0 7.50772E0 6.59166E0 5.815E0 5.35697E0 5.815E0 6.07388E0 5.49637E0 5.01842E0 4.81928E0 5.01842E0 5.49637E0 5.73534E0 5.91457E0 7.0696E0 7.66703E0 8.36403E0 9.31992E0 1.02161E1 1.0455E1 1.09529E1 1.12118E1 1.12516E1 1.12516E1 1.12516E1 1.12516E1 1.12516E1 1.12516E1 9.91736E0 1.17296E1 1.15902E1 1.15902E1 1.14308E1 1.12516E1 1.12516E1 1.12516E1 1.12516E1 1.24067E1 1.28249E1 1.35617E1 1.44379E1 1.44977E1 1.44977E1
-9999 -9999 -9999 -9999 1.24664E1 1.77437E1 1.99144E1 2.18261E1 2.44349E1 2.44349E1 2.44349E1 1.99144E1 1.77437E1 2.18261E1 1.77437E1 1.56129E1 1.73852E1 1.29244E1 1.29244E1 1.56328E1 1.54137E1 1.4657E1 1.25461E1 9.45932E0 9.16061E0 8.40386E0 6.59166E0 5.815E0 5.815E0 6.27303E0 6.59166E0 6.07388E0 5.61585E0 5.31714E0 5.31714E0 5.73534E0 5.91457E0 6.512E0 7.30857E0 7.92592E0 8.36403E0 9.16061E0 9.59873E0 1.02161E1 1.07139E1 1.09529E1 1.12516E1 1.12516E1 1.12516E1 1.12516E1 1.15902E1 1.17296E1 1.21677E1 1.99144E-2 -5.68703E-1 -3.4856E-1 8.72249E0 1.21677E1 1.20283E1 1.21677E1 1.22473E1 1.2566E1 1.29842E1 1.36613E1 1.42587E1 1.51548E1 1.60112E1
-9999 -9999 -9999 -9999 1.37011E1 1.77437E1 1.99144E1 2.18261E1 2.18261E1 2.44349E1 2.44349E1 2.18261E1 1.77437E1 1.56129E1 1.56129E1 1.77437E1 1.29244E1 1.73852E1 1.29244E1 1.29244E1 1.54137E1 1.41392E1 1.30638E1 1.10126E1 9.77796E0 7.50772E0 6.59166E0 6.27303E0 6.27303E0 7.00986E0 7.30857E0 7.0696E0 6.07388E0 5.91457E0 5.91457E0 6.07388E0 6.512E0 6.7908E0 7.66703E0 7.92592E0 8.36403E0 9.31992E0 9.31992E0 9.8377E0 1.02161E1 1.07139E1 1.12118E1 1.12516E1 1.12516E1 1.12516E1 1.24067E1 1.15902E1 1.14308E1 1.15902E1 1.20283E1 1.22473E1 1.24067E1 1.22473E1 1.22473E1 1.22473E1 1.24067E1 1.26058E1 1.29842E1 1.37608E1 1.44379E1 1.51947E1 1.61705E1
-9999 -9999 -9999 9.73813E0 1.20681E1 1.56129E1 1.99144E1 1.99144E1 2.18261E1 2.18261E1 2.44349E1 2.31007E1 1.77437E1 1.77437E1 1.29244E1 1.99144E1 1.73852E1 9.2801E0 1.73056E1 1.59713E1 1.36613E1 1.30638E1 1.07538E1 9.45932E0 9.77796E0 8.02549E0 6.59166E0 6.59166E0 6.59166E0 7.30857E0 8.02549E0 8.1848E0 7.30857E0 6.512E0 6.7908E0 6.7908E0 7.0696E0 7.66703E0 7.92592E0 8.1848E0 8.36403E0 9.16061E0 8.90172E0 9.16061E0 9.59873E0 1.02161E1 1.07139E1 1.09529E1 1.13114E1 1.14308E1 1.14308E1 1.14308E1 1.14308E1 1.17296E1 1.21677E1 -9999 -9999 1.2566E1 1.2566E1 1.24067E1 1.2566E1 1.26655E1 1.30439E1 1.36613E1 1.44379E1 1.23867E1 1.27452E1
-9999 -9999 -9999 9.06104E0 1.20681E1 1.56129E1 1.99144E1 1.99144E1 2.18261E1 2.18261E1 2.18261E1 1.91775E1 1.8361E1 1.77437E1 1.56129E1 1.29244E1 1.99144E1 1.73852E1 9.2801E0 1.51947E1 1.30638E1 1.19088E1 1.01165E1 8.40386E0 9.16061E0 8.02549E0 7.00986E0 7.00986E0 7.30857E0 8.02549E0 8.72249E0 8.90172E0 8.62292E0 7.30857E0 7.0696E0 7.66703E0 7.92592E0 7.92592E0 7.92592E0 8.1848E0 8.36403E0 8.62292E0 8.62292E0 8.62292E0 8.90172E0 9.31992E0 9.59873E0 1.02161E1 1.07139E1 1.09529E1 1.12118E1 1.12118E1 1.13114E1 1.14308E1 1.17296E1 -9999 -9999 -9999 -9999 -9999 1.26058E1 1.28249E1 1.33825E1 1.38803E1 1.44379E1 1.51548E1 1.60112E1
-9999 -9999 -9999 7.88609E0 1.27054E1 1.56129E1 1.77437E1 1.99144E1 1.99144E1 2.18261E1 1.99144E1 1.77437E1 7.96575E0 1.36812E1 1.56129E1 1.56129E1 1.73852E1 2.18261E1 1.80424E1 1.4657E1 1.25461E1 1.07538E1 9.45932E0 9.16061E0 8.40386E0 7.30857E0 7.00986E0 7.00986E0 7.50772E0 9.16061E0 9.77796E0 1.01165E1 7.92592E0 7.66703E0 8.1848E0 8.1848E0 8.36403E0 8.1848E0 8.1848E0 8.36403E0 8.1848E0 8.36403E0 8.1848E0 8.1848E0 8.62292E0 8.90172E0 9.16061E0 9.59873E0 9.8377E0 1.0455E1 1.07139E1 1.07139E1 1.09529E1 1.12118E1 1.15902E1 -9999 -9999 -9999 -9999 -9999 -9999 -9999 -9999 1.40197E1 1.45972E1 1.51947E1 1.58917E1
-9999 -9999 -9999 7.44797E0 1.20681E1 1.56129E1 1.77437E1 1.77437E1 1.99144E1 1.99144E1 1.99144E1 1.99144E1 1.77437E1 1.77437E1 1.29244E1 1.29244E1 1.29244E1 9.2801E0 1.29244E1 1.39002E1 1.19088E1 1.01165E1 9.16061E0 8.72249E0 8.02549E0 7.30857E0 7.00986E0 7.00986E0 7.50772E0 8.72249E0 9.77796E0 1.07538E1 9.8377E0 9.16061E0 9.16061E0 8.1848E0 8.36403E0 8.1848E0 8.1848E0 7.92592E0 7.92592E0 8.1848E0 8.1848E0 8.36403E0 8.90172E0 8.90172E0 9.31992E0 9.31992E0 9.31992E0 9.59873E0 9.8377E0 1.02161E1 1.0455E1 1.07139E1 1.12118E1 -9999 -9999 -9999 -9999 -9999 -9999 -9999 -9999 -9999 -9999 -9999 -9999
-9999 -9999 -9999 7.10943E0 1.12715E1 1.56129E1 1.77437E1 1.77437E1 1.99144E1 1.99144E1 1.56129E1 1.77437E1 1.77437E1 1.56129E1 1.56129E1 1.56129E1 1.29244E1 9.2801E0 6.7908E0 9.2801E0 1.16897E1 1.01165E1 8.72249E0 8.02549E0 7.00986E0 6.27303E0 7.30857E0 7.50772E0 7.50772E0 8.72249E0 9.45932E0 1.01165E1 1.09529E1 9.59873E0 9.16061E0 8.36403E0 8.62292E0 7.92592E0 7.66703E0 7.66703E0 7.92592E0 7.92592E0 7.92592E0 8.36403E0 8.90172E0 8.62292E0 9.16061E0 9.16061E0 8.90172E0 9.16061E0 9.59873E0 9.59873E0 9.8377E0 1.02161E1 1.0455E1 -9999 -9999 -9999 -9999 -9999 -9999 -9999 -9999 -9999 -9999 -9999 -9999
-9999 -9999 -9999 -9999 8.40386E0 1.37011E1 1.56129E1 -9999 -9999 -9999 1.56129E1 1.77437E1 1.99144E1 1.56129E1 1.77437E1 1.73852E1 1.99144E1 1.29244E1 6.7908E0 6.7908E0 9.2801E0 1.01165E1 9.45932E0 8.02549E0 7.00986E0 6.27303E0 6.59166E0 7.00986E0 7.00986E0 8.02549E0 8.40386E0 8.72249E0 9.45932E0 1.02161E1 9.31992E0 8.36403E0 7.92592E0 7.66703E0 7.30857E0 7.30857E0 7.30857E0 7.66703E0 7.66703E0 7.92592E0 8.1848E0 8.36403E0 8.90172E0 8.62292E0 8.62292E0 8.62292E0 9.16061E0 9.16061E0 9.16061E0 9.31992E0 9.59873E0 1.02161E1 -9999 -9999 -9999 -9999 -9999 -9999 -9999 -9999 -9999 -9999 -9999
-9999 -9999 -9999 -9999 7.88609E0 -9999 -9999 -9999 -9999 -9999 1.56129E1 1.56129E1 1.56129E1 1.99144E1 1.77437E1 1.29244E1 1.73852E1 1.29244E1 6.7908E0 9.2801E0 1.16897E1 1.03555E1 9.16061E0 8.02549E0 7.30857E0 7.00986E0 6.59166E0 6.59166E0 7.00986E0 7.50772E0 8.02549E0 6.7908E0 8.72249E0 9.77796E0 9.59873E0 8.90172E0 9.16061E0 7.66703E0 7.30857E0 7.0696E0 7.0696E0 7.0696E0 7.66703E0 7.30857E0 7.30857E0 7.92592E0 8.1848E0 8.1848E0 8.1848E0 8.36403E0 8.36403E0 8.36403E0 8.62292E0 8.62292E0 8.62292E0 9.16061E0 -9999 -9999 -9999 -9999 -9999 -9999 -9999 -9999 -9999 -9999 -9999
-9999 -9999 3.7439E0 5.73534E0 7.88609E0 -9999 -9999 -9999 -9999 1.77437E1 1.56129E1 1.56129E1 1.24664E1 1.38405E1 1.99144E1 9.2801E0 1.99144E1 1.73852E1 1.29244E1 1.41392E1 1.25461E1 1.07538E1 9.16061E0 8.02549E0 7.30857E0 7.30857E0 7.00986E0 6.27303E0 6.59166E0 7.00986E0 6.7908E0 7.50772E0 8.40386E0 8.72249E0 9.16061E0 9.2801E0 6.7908E0 7.66703E0 7.0696E0 6.7908E0 6.7908E0 6.512E0 6.7908E0 7.30857E0 7.66703E0 7.30857E0 7.66703E0 7.66703E0 7.92592E0 7.92592E0 8.1848E0 8.1848E0 7.92592E0 7.66703E0 7.92592E0 -9999 -9999 -9999 -9999 -9999 -9999 -9999 -9999 -9999 -9999 -9999 -9999
-9999 -9999 4.0227E0 5.73534E0 6.57174E0 -9999 -9999 -9999 -9999 -9999 -9999 1.56129E1 1.24664E1 1.24664E1 1.77437E1 1.56129E1 2.4196E1 1.73852E1 1.58319E1 1.29244E1 1.22075E1 1.10126E1 9.77796E0 8.02549E0 7.00986E0 7.00986E0 7.00986E0 6.27303E0 6.59166E0 6.27303E0 6.27303E0 6.59166E0 6.7908E0 5.17774E0 6.7908E0 6.7908E0 6.7908E0 6.7908E0 6.512E0 6.512E0 6.07388E0 6.512E0 6.512E0 6.512E0 7.66703E0 6.7908E0 7.0696E0 7.0696E0 7.30857E0 7.30857E0 7.30857E0 7.30857E0 7.30857E0 7.0696E0 6.7908E0 -9999 -9999 -9999 -9999 -9999 -9999 -9999 -9999 -9999 -9999 -9999 -9999
-9999 1.73255E0 3.36553E0 4.69979E0 6.57174E0 7.44797E0 -9999 -9999 -9999 -9999 -9999 -9999 1.38405E1 1.24664E1 1.56129E1 1.77437E1 1.29244E1 1.73852E1 1.64294E1 1.39002E1 1.25461E1 1.03555E1 9.77796E0 8.40386E0 7.00986E0 5.815E0 5.815E0 6.27303E0 6.59166E0 6.27303E0 6.27303E0 6.27303E0 6.59166E0 7.00986E0 6.7908E0 7.50772E0 6.7908E0 6.7908E0 5.91457E0 5.91457E0 5.73534E0 6.07388E0 6.512E0 6.512E0 6.512E0 6.512E0 6.7908E0 6.7908E0 7.0696E0 6.7908E0 6.7908E0 7.0696E0 6.7908E0 6.07388E0 6.07388E0 6.07388E0 6.7908E0 -9999 -9999 -9999 -9999 -9999 1.03555E1 1.07538E1 -9999 -9999 -9999
-9999 1.99144E0 3.00707E0 4.93876E0 5.29722E0 -9999 -9999 -9999 -9999 -9999 1.24664E1 1.56129E1 1.56129E1 1.05148E1 1.24664E1 1.29244E1 1.73852E1 1.91377E1 1.29244E1 1.43782E1 1.19088E1 1.07538E1 1.01165E1 8.02549E0 5.815E0 5.09808E0 5.35697E0 5.35697E0 5.09808E0 5.35697E0 6.27303E0 5.815E0 5.815E0 7.00986E0 7.0696E0 7.0696E0 7.0696E0 6.7908E0 6.512E0 6.7908E0 5.73534E0 5.91457E0 5.91457E0 6.512E0 6.512E0 6.7908E0 6.512E0 6.512E0 6.7908E0 6.7908E0 6.512E0 6.07388E0 5.91457E0 5.73534E0 5.61585E0 5.61585E0 5.91457E0 7.0696E0 -9999 -9999 -9999 -9999 9.77796E0 9.45932E0 -9999 -9999 -9999
