Leopardus munoai/Leopardus_munoai_projection 2041-2060.asc
ncols         515
nrows         545
xllcorner     -119.0
yllcorner     -58.333333333333
cellsize      0.166666666667
NODATA_value  -9999
[rows 406 to 434 of 545, columns 264 to 329 of 515]
-9999 -9999 -9999 -9999 -9999 -9999 -9999 -9999 -9999 -9999 -9999 -9999 -9999 -9999 -9999 -9999 8.8204E-9 5.558E-9 2.54264E-9 1.80844E-9 1.88952E-9 1.47035E-9 1.72819E-9 1.47757E-9 1.18499E-10 6.13221E-12 3.3884E-13 6.71907E-13 7.30527E-13 2.37366E-13 3.00981E-13 2.13396E-10 8.207E-9 3.43138E-8 6.81771E-8 4.17842E-7 2.42068E-6 4.86107E-6 4.6691E-6 5.12804E-6 6.04808E-6 3.26019E-6 2.05224E-6 2.12884E-6 1.10438E-6 7.44424E-7 4.38128E-7 3.18181E-7 2.42112E-7 2.71902E-7 2.85074E-7 3.18685E-7 3.06191E-7 3.12012E-7 3.50689E-7 6.05555E-7 9.40296E-7 1.49581E-6 1.91124E-6 3.50657E-6 5.59018E-6 7.87347E-6 1.09915E-5 1.86024E-5 3.30519E-5 5.03641E-5
-9999 -9999 -9999 -9999 -9999 -9999 -9999 -9999 -9999 -9999 -9999 -9999 -9999 -9999 -9999 9.54598E-9 5.10994E-9 4.06675E-9 2.63761E-9 1.95605E-9 2.2493E-9 2.61704E-9 3.01843E-9 6.36554E-10 3.71493E-11 3.50586E-12 7.96141E-13 3.13749E-13 2.52376E-12 5.28466E-14 4.23217E-13 2.78839E-10 9.69857E-9 2.05674E-8 1.05658E-7 6.62495E-7 1.75286E-6 1.85954E-6 1.42472E-6 3.70381E-6 5.46095E-6 3.93883E-6 2.17511E-6 1.43982E-6 1.17611E-6 8.08179E-7 5.56181E-7 3.58946E-7 3.1097E-7 2.72804E-7 3.1797E-7 3.60009E-7 3.70731E-7 3.7515E-7 5.17061E-7 6.63776E-7 1.18268E-6 1.76748E-6 2.40098E-6 3.67756E-6 5.71767E-6 8.73714E-6 1.24283E-5 2.28873E-5 4.13476E-5 6.76553E-5
-9999 -9999 -9999 -9999 -9999 -9999 -9999 -9999 -9999 -9999 -9999 -9999 -9999 -9999 -9999 1.08338E-8 4.7657E-9 5.8334E-9 4.61573E-9 3.73334E-9 4.43487E-9 5.31958E-9 4.04216E-9 1.05037E-10 1.20621E-11 3.99236E-13 7.3308E-13 2.357E-13 3.83027E-12 1.09301E-12 1.8997E-12 1.97221E-10 6.90046E-9 4.81749E-8 2.37241E-7 1.56767E-6 9.67281E-7 3.11693E-7 2.63886E-8 7.65176E-8 3.13927E-6 4.12732E-6 1.92944E-6 1.3825E-6 1.14865E-6 1.01155E-6 6.31984E-7 4.50612E-7 3.69969E-7 3.57149E-7 4.11025E-7 4.2322E-7 4.43199E-7 4.79425E-7 6.08833E-7 8.61285E-7 1.2567E-6 1.54074E-6 2.45185E-6 3.61199E-6 6.35879E-6 9.87547E-6 1.6638E-5 2.86099E-5 4.45484E-5 8.10688E-5
-9999 -9999 -9999 -9999 -9999 -9999 -9999 -9999 -9999 -9999 -9999 -9999 -9999 -9999 -9999 9.44519E-9 1.177E-8 1.257E-8 9.74882E-9 8.57924E-9 9.78598E-9 7.78852E-9 1.07409E-9 2.41483E-10 9.43555E-11 1.15323E-11 1.69442E-12 5.20806E-13 2.5312E-12 1.36543E-11 1.802E-12 5.71078E-11 7.87355E-10 2.09927E-8 1.08119E-7 5.1763E-7 3.8632E-7 1.36283E-7 6.33061E-8 4.56078E-7 2.85572E-6 2.64455E-6 1.74147E-6 1.31737E-6 1.04728E-6 9.28498E-7 7.82399E-7 6.17591E-7 4.41126E-7 4.30719E-7 4.75484E-7 4.99249E-7 4.66939E-7 5.65137E-7 7.46528E-7 1.04351E-6 1.4301E-6 1.51326E-6 2.59363E-6 3.80587E-6 6.18375E-6 1.13193E-5 2.29946E-5 3.20773E-5 5.15358E-5 8.67569E-5
-9999 -9999 -9999 -9999 -9999 -9999 -9999 -9999 -9999 -9999 -9999 -9999 -9999 -9999 1.13618E-8 1.38856E-8 2.20337E-8 1.69571E-8 1.23545E-8 1.08145E-8 9.42799E-9 6.56009E-9 2.5201E-10 2.50086E-11 2.08781E-11 4.86089E-12 5.62783E-12 7.58282E-13 3.78131E-12 2.91112E-12 1.47463E-11 1.8367E-9 6.23676E-11 1.37007E-9 7.05217E-8 2.63195E-7 3.55281E-7 1.65521E-7 2.21701E-7 1.38122E-6 3.15296E-6 2.38932E-6 1.4896E-6 1.14659E-6 8.46589E-7 7.80637E-7 7.38894E-7 5.57995E-7 4.60912E-7 4.26085E-7 5.02198E-7 4.76677E-7 4.82951E-7 5.68725E-7 8.30223E-7 1.02084E-6 1.32457E-6 1.70038E-6 2.64053E-6 4.12151E-6 7.08616E-6 1.54415E-5 2.05138E-5 2.86754E-5 5.82237E-5 9.25775E-5
-9999 -9999 -9999 -9999 -9999 -9999 -9999 -9999 -9999 -9999 -9999 -9999 -9999 -9999 7.90619E-9 2.14256E-8 2.73285E-8 2.32936E-8 1.7805E-8 9.41846E-9 4.81931E-9 2.21217E-9 1.43392E-10 6.10334E-12 2.30668E-11 3.7369E-12 1.59017E-12 1.20959E-12 4.37872E-13 3.80995E-12 3.27061E-12 3.29484E-9 8.77033E-10 3.1397E-10 4.59094E-8 1.629E-7 3.34478E-7 2.92625E-7 1.0548E-6 4.95734E-6 3.47897E-6 2.18864E-6 1.46126E-6 8.71896E-7 6.09066E-7 5.29565E-7 5.45209E-7 5.31249E-7 3.87866E-7 5.43509E-7 5.44628E-7 5.3045E-7 5.74317E-7 6.93963E-7 9.68988E-7 1.14509E-6 1.53272E-6 2.24152E-6 3.50539E-6 5.37234E-6 8.9244E-6 1.73895E-5 2.44314E-5 3.34018E-5 5.08686E-5 8.66198E-5
-9999 -9999 -9999 -9999 -9999 -9999 -9999 -9999 -9999 -9999 -9999 -9999 -9999 1.6234E-8 1.07976E-8 1.78448E-8 2.8957E-8 2.79892E-8 1.61844E-8 7.38434E-9 2.64725E-9 8.10841E-10 4.88375E-11 5.55977E-12 3.58925E-11 4.24805E-12 1.32017E-12 2.98928E-12 5.84077E-12 2.90323E-13 4.38319E-11 1.74468E-9 1.75095E-8 4.06546E-9 4.06206E-8 7.07053E-8 2.85763E-7 9.44478E-7 3.36833E-6 6.22869E-6 3.47504E-6 2.19196E-6 1.58504E-6 8.2916E-7 6.38459E-7 5.15049E-7 6.20267E-7 5.17494E-7 5.14764E-7 5.26653E-7 5.17379E-7 5.78069E-7 7.26256E-7 9.62003E-7 1.2675E-6 1.47377E-6 1.66317E-6 2.3246E-6 3.71277E-6 5.83243E-6 1.02236E-5 1.70486E-5 2.51334E-5 3.70319E-5 6.18431E-5 8.88417E-5
-9999 -9999 -9999 -9999 -9999 -9999 -9999 -9999 -9999 -9999 -9999 -9999 -9999 1.3883E-8 1.82107E-8 3.18757E-8 4.19466E-8 2.79162E-8 1.54435E-8 6.31789E-9 1.54256E-9 1.68463E-10 3.10301E-11 1.00943E-11 1.89437E-11 6.89049E-12 4.02911E-12 7.71827E-13 2.61224E-11 1.3689E-12 2.31715E-12 1.10205E-9 1.84941E-8 3.35803E-10 8.75255E-12 1.59415E-9 4.18046E-7 2.68489E-6 4.67353E-6 4.67183E-6 2.91177E-6 2.18758E-6 1.19343E-6 8.34448E-7 7.50936E-7 5.40123E-7 6.95884E-7 6.31839E-7 7.42931E-7 7.30794E-7 5.88902E-7 7.77895E-7 8.90182E-7 1.19525E-6 1.71181E-6 1.77695E-6 2.20724E-6 2.59705E-6 3.90916E-6 6.39475E-6 1.19713E-5 1.99443E-5 3.36743E-5 4.6435E-5 5.89609E-5 8.94151E-5
-9999 -9999 -9999 -9999 -9999 -9999 -9999 -9999 -9999 -9999 -9999 -9999 2.57107E-8 1.24131E-8 1.49924E-8 3.78629E-8 4.56693E-8 3.10608E-8 1.54895E-8 5.30055E-9 1.24523E-9 1.21498E-10 2.53769E-11 6.88882E-12 1.18823E-11 9.73566E-12 3.86935E-12 8.17124E-14 1.53222E-12 8.61818E-11 8.74981E-11 2.65204E-8 1.86337E-8 4.22671E-9 1.58909E-8 6.29671E-7 2.50909E-6 3.55035E-6 6.10453E-6 5.95654E-6 3.66824E-6 2.5304E-6 1.59575E-6 9.82932E-7 1.01567E-6 6.95053E-7 7.05534E-7 1.20623E-6 9.70539E-7 6.98548E-7 7.41589E-7 8.89108E-7 1.30961E-6 1.54204E-6 1.82022E-6 1.91908E-6 2.54917E-6 3.62181E-6 5.23478E-6 8.35133E-6 1.27728E-5 2.02145E-5 3.28758E-5 4.56589E-5 6.52948E-5 8.61124E-5
-9999 -9999 -9999 -9999 -9999 -9999 -9999 -9999 -9999 -9999 -9999 -9999 2.51911E-8 1.83215E-8 1.89814E-8 3.40764E-8 4.12591E-8 2.94738E-8 1.0323E-8 2.93319E-9 2.27107E-10 1.18776E-11 5.75923E-11 7.29528E-12 1.31511E-11 9.42657E-11 9.62153E-12 8.74412E-13 5.66991E-13 1.42019E-10 1.07267E-8 4.05921E-8 1.71698E-8 1.20466E-8 5.9501E-8 1.24987E-6 3.5658E-6 3.8623E-6 4.50525E-6 3.66794E-6 3.19228E-6 2.74141E-6 1.7173E-6 1.25122E-6 1.31502E-6 9.83992E-7 8.75087E-7 1.37993E-6 1.49568E-6 9.56133E-7 9.87075E-7 1.17318E-6 1.33005E-6 1.61261E-6 1.60687E-6 2.01046E-6 3.04134E-6 3.53374E-6 4.84674E-6 5.8596E-6 1.13555E-5 1.97623E-5 3.17752E-5 5.23644E-5 6.517E-5 8.6187E-5
-9999 -9999 -9999 -9999 -9999 -9999 -9999 -9999 -9999 -9999 -9999 6.02349E-8 2.22148E-8 2.09828E-8 2.40018E-8 2.31284E-8 2.97642E-8 1.75542E-8 6.17786E-9 1.50679E-9 1.80455E-10 5.02254E-12 3.04368E-12 1.07188E-11 7.4808E-11 1.47041E-10 1.43351E-11 3.12942E-11 1.67122E-12 4.61153E-12 3.08189E-9 3.23094E-8 2.77941E-8 4.68651E-7 9.40235E-7 1.6149E-6 3.52106E-6 4.23481E-6 4.98512E-6 4.45428E-6 3.37242E-6 2.90368E-6 2.12072E-6 1.74516E-6 1.6676E-6 1.32845E-6 1.46793E-6 1.6941E-6 2.44614E-6 1.2556E-6 1.15245E-6 1.21543E-6 1.29598E-6 1.55341E-6 1.59503E-6 2.11827E-6 2.87463E-6 3.42261E-6 4.46768E-6 6.33033E-6 1.26379E-5 1.73905E-5 2.8165E-5 5.01692E-5 7.41601E-5 1.15993E-4
-9999 -9999 -9999 -9999 -9999 -9999 -9999 -9999 -9999 -9999 -9999 2.73207E-8 2.16362E-8 2.96968E-8 3.67008E-8 3.08761E-8 2.75248E-8 1.54411E-8 5.6448E-9 1.69472E-9 5.43481E-11 2.93765E-11 6.18705E-12 2.97218E-12 1.36265E-11 3.86771E-10 3.04019E-11 4.2111E-10 3.32449E-11 7.84262E-13 1.58176E-9 6.91239E-8 2.90096E-7 1.00356E-6 5.06985E-6 1.01803E-5 5.09186E-6 1.15962E-5 8.34469E-6 6.00098E-6 4.06183E-6 4.17198E-6 3.87239E-6 3.23861E-6 2.63529E-6 1.97671E-6 2.59778E-6 2.73134E-6 1.9693E-6 1.8299E-6 1.31763E-6 1.33559E-6 1.68463E-6 1.90915E-6 2.15169E-6 2.52315E-6 3.02594E-6 5.47807E-6 6.46937E-6 8.17136E-6 1.24359E-5 1.85143E-5 2.63505E-5 3.52238E-5 5.1596E-5 7.86355E-5
-9999 -9999 -9999 -9999 -9999 -9999 -9999 -9999 -9999 -9999 -9999 1.36098E-8 2.29189E-8 3.95295E-8 5.17168E-8 5.6058E-8 4.59938E-8 2.19548E-8 1.01101E-8 2.31553E-9 1.23768E-10 5.78797E-11 1.58462E-11 5.50404E-12 2.30505E-11 9.75248E-10 1.20173E-10 1.5907E-9 1.33283E-9 1.09937E-11 9.45817E-10 4.59346E-8 3.51284E-7 1.27057E-6 5.77586E-6 1.44676E-5 3.02808E-5 3.40816E-5 1.60397E-5 9.01059E-6 6.23324E-6 6.47254E-6 5.82384E-6 4.81162E-6 5.31601E-6 4.44509E-6 5.08106E-6 3.2833E-6 3.36382E-6 2.71643E-6 1.96635E-6 2.02679E-6 2.04602E-6 2.24551E-6 3.07638E-6 3.8181E-6 3.87856E-6 5.36504E-6 6.50665E-6 6.99234E-6 1.18793E-5 1.73032E-5 2.5077E-5 3.72334E-5 6.4062E-5 7.56285E-5
-9999 -9999 -9999 -9999 -9999 -9999 -9999 -9999 -9999 8.99429E-8 3.51976E-8 1.22243E-8 2.05086E-8 3.74713E-8 4.38458E-8 7.58366E-8 8.42548E-8 4.43678E-8 1.33351E-8 1.0841E-9 9.48437E-11 1.67675E-11 1.994E-11 1.31005E-11 2.82186E-11 5.91049E-10 1.05324E-9 2.41003E-9 5.18867E-9 9.52947E-9 1.94305E-8 5.12807E-8 2.9898E-7 1.57769E-6 5.38532E-6 2.14911E-5 6.33753E-5 6.89706E-5 3.7975E-5 2.24528E-5 9.37063E-6 9.39356E-6 9.01201E-6 8.60891E-6 2.44992E-5 8.36478E-6 6.92309E-6 6.09181E-5 2.81275E-5 2.65462E-6 2.19894E-6 2.9203E-6 3.11668E-6 2.86116E-6 3.60388E-6 3.88486E-6 4.35837E-6 5.89132E-6 7.2173E-6 8.37527E-6 1.45837E-5 1.71899E-5 2.66882E-5 4.24476E-5 4.47389E-5 5.00918E-5
-9999 -9999 -9999 -9999 -9999 -9999 -9999 -9999 -9999 7.83359E-8 1.41107E-8 3.86168E-9 1.52191E-8 2.97025E-8 4.3016E-8 6.55491E-8 1.19024E-7 9.35347E-8 1.11289E-8 6.46222E-10 6.17926E-11 2.67335E-11 1.13127E-11 1.08006E-11 5.70143E-11 6.14329E-11 1.44632E-10 2.71041E-10 5.62829E-9 3.22925E-8 1.0906E-7 1.51917E-7 1.86003E-6 4.54371E-6 1.41386E-5 2.19503E-5 2.12791E-5 3.3537E-5 3.57578E-5 3.62491E-5 2.4773E-5 2.1489E-5 1.51911E-5 1.0214E-5 3.61036E-5 1.21094E-5 5.49906E-6 7.83965E-6 6.03343E-6 3.04514E-6 2.52612E-6 2.50587E-6 3.24405E-6 3.04602E-6 2.90803E-6 3.82002E-6 5.5059E-6 6.04738E-6 9.73031E-6 1.20356E-5 1.27872E-5 1.55765E-5 2.11107E-5 3.05826E-5 3.97703E-5 4.75754E-5
-9999 -9999 -9999 -9999 -9999 -9999 -9999 -9999 -9999 2.05709E-7 3.74664E-8 2.17596E-9 3.62084E-9 2.18876E-8 5.37431E-8 6.64847E-8 9.74691E-8 4.20976E-8 6.96832E-9 9.60579E-10 4.87372E-11 7.7841E-11 3.21576E-11 1.81734E-11 2.90359E-11 5.45155E-10 1.10186E-9 5.36916E-10 7.82266E-9 3.99524E-8 2.44441E-7 3.13151E-7 3.25916E-6 1.24863E-5 3.10249E-5 3.06718E-5 4.26403E-6 2.60981E-5 4.35833E-5 3.63411E-5 2.46857E-5 1.65896E-5 1.54854E-5 1.71268E-5 1.00897E-5 7.13431E-6 5.8066E-6 5.20054E-6 4.25936E-6 3.70157E-6 3.51156E-6 3.04367E-6 2.86259E-6 4.588E-6 3.57855E-6 3.80795E-6 5.24768E-6 8.5823E-6 1.20581E-5 1.38251E-5 1.62837E-5 1.8222E-5 2.07049E-5 2.76261E-5 3.05032E-5 3.36935E-5
-9999 -9999 -9999 -9999 -9999 -9999 -9999 -9999 -9999 5.40297E-7 1.77973E-7 3.79842E-8 7.78726E-8 2.08785E-7 1.38306E-7 8.45409E-8 4.88639E-8 9.03069E-9 1.11764E-10 3.51115E-11 8.62693E-11 3.29999E-11 4.36547E-11 2.48905E-11 2.73865E-11 1.96794E-9 3.74038E-9 1.23862E-9 8.00553E-9 3.72851E-8 2.66711E-7 1.09334E-6 2.13029E-6 3.10302E-5 1.03263E-4 2.30758E-4 3.19295E-4 1.81317E-4 1.80172E-4 7.34708E-5 3.44261E-5 3.14111E-5 3.32681E-5 2.64171E-5 1.5476E-5 1.01039E-5 8.13878E-6 7.39272E-6 6.98645E-6 5.51747E-6 4.16993E-6 3.17842E-6 2.761E-6 3.18583E-6 6.11351E-6 4.74711E-6 6.17872E-6 6.71839E-6 8.97394E-6 1.37371E-5 1.68787E-5 2.27726E-5 2.25013E-5 2.66523E-5 2.81687E-5 2.33182E-5
-9999 -9999 -9999 -9999 -9999 -9999 -9999 -9999 -9999 -9999 3.57557E-7 2.51724E-7 9.30139E-7 7.9694E-7 2.25453E-7 7.39795E-8 3.15422E-8 3.52615E-9 2.13643E-10 3.97662E-11 3.45441E-11 1.32145E-10 1.51409E-10 5.31835E-11 2.41076E-11 3.51221E-9 7.02725E-9 3.23271E-9 2.85752E-8 7.98747E-8 3.59214E-7 2.71924E-6 2.99829E-6 2.24856E-5 1.32619E-4 1.88927E-4 1.43118E-4 4.48772E-4 3.07941E-4 8.00902E-5 2.99293E-5 2.70665E-5 3.41053E-5 4.06926E-5 2.50233E-5 2.07422E-5 1.97089E-5 1.4283E-5 1.63748E-5 1.02505E-5 6.93341E-6 6.0579E-6 4.23778E-6 4.71917E-6 1.03388E-5 8.13383E-6 5.04046E-6 5.80169E-6 8.09723E-6 1.12034E-5 1.38866E-5 2.27218E-5 3.5141E-5 3.47661E-5 3.54334E-5 4.0149E-5
-9999 -9999 -9999 -9999 -9999 -9999 -9999 -9999 -9999 -9999 6.09071E-7 2.66363E-7 9.46347E-7 7.93518E-7 4.34556E-7 1.71657E-7 8.77928E-8 9.31005E-9 2.04133E-10 3.7319E-11 3.35286E-11 9.89939E-11 2.77907E-10 1.20708E-10 3.76017E-11 1.66427E-9 1.34217E-8 3.59795E-9 1.90238E-8 1.69667E-7 7.84632E-7 4.58248E-6 9.47749E-6 3.0699E-5 2.03638E-4 2.02888E-4 3.65566E-4 2.8146E-4 1.09475E-4 2.29612E-5 1.19898E-5 1.09896E-5 2.01566E-5 4.349E-5 1.33849E-4 7.21994E-5 7.71495E-5 3.27546E-5 1.99042E-5 1.4667E-5 1.21953E-5 1.06617E-5 9.00562E-6 4.5921E-5 7.47279E-6 5.92056E-6 7.04186E-6 8.72505E-6 1.01139E-5 1.37875E-5 1.96952E-5 2.48106E-5 2.6787E-5 2.6984E-5 3.51477E-5 4.02273E-5
-9999 -9999 -9999 -9999 -9999 -9999 -9999 -9999 -9999 7.51123E-7 2.98275E-7 4.69655E-7 3.06455E-6 2.35271E-6 8.1176E-7 3.74166E-7 3.39831E-7 8.38344E-8 6.00237E-9 2.95301E-10 7.0789E-11 1.32803E-10 7.18522E-10 1.01547E-10 6.34889E-11 2.49814E-9 1.69983E-8 2.12254E-8 4.81574E-8 2.78559E-7 6.37183E-7 4.10636E-6 3.25966E-5 8.48565E-5 1.95168E-4 3.40249E-4 5.26741E-4 4.14881E-4 1.02636E-4 3.03839E-5 1.9165E-5 1.56334E-5 1.74222E-5 2.79693E-5 3.64302E-5 3.4166E-5 3.14747E-5 3.32505E-5 3.72073E-5 3.1694E-5 2.43415E-5 1.8126E-5 1.69061E-5 1.48313E-5 2.29632E-5 1.47352E-5 1.68407E-5 1.97579E-5 2.27459E-5 2.91469E-5 2.90342E-5 2.81465E-5 2.88219E-5 3.66508E-5 4.77149E-5 7.15708E-5
-9999 -9999 -9999 -9999 -9999 -9999 -9999 -9999 -9999 2.02487E-6 1.06615E-6 1.02404E-6 7.27265E-6 6.09379E-6 9.64484E-7 6.61459E-7 3.13497E-7 7.96184E-8 1.83972E-9 4.6241E-10 1.36392E-10 2.00472E-10 6.97485E-10 9.29653E-10 8.26367E-11 5.99112E-10 1.50245E-8 3.51802E-8 6.97144E-8 2.21115E-7 1.06188E-6 4.36243E-6 1.8978E-5 1.02201E-4 2.85733E-4 5.13253E-4 1.41905E-3 1.06555E-3 4.34947E-4 9.03697E-5 2.685E-5 2.89648E-5 4.04702E-5 4.35033E-5 6.36343E-5 4.74738E-5 3.26167E-5 3.69052E-5 3.95965E-5 5.59558E-5 5.98152E-5 4.0694E-5 3.92888E-5 3.26997E-5 5.00864E-5 4.39689E-5 4.50149E-5 4.28979E-5 5.33519E-5 4.93711E-5 3.61964E-5 3.8105E-5 3.71654E-5 4.68837E-5 9.13956E-5 1.23943E-4
-9999 -9999 -9999 -9999 -9999 -9999 -9999 -9999 -9999 -9999 1.17835E-5 1.50194E-5 1.50994E-5 1.06397E-5 4.63402E-6 8.08968E-7 1.75584E-7 2.91168E-8 2.53077E-9 2.01103E-10 5.58925E-10 2.5128E-10 8.91819E-10 9.06735E-10 1.45784E-10 3.40336E-11 3.59617E-10 1.26888E-8 6.00387E-8 3.4851E-7 9.05103E-7 4.99634E-6 1.37292E-5 5.2007E-5 1.74657E-4 4.08014E-4 5.20189E-4 9.22983E-5 8.09504E-5 2.70757E-5 2.03212E-5 5.40148E-5 1.07061E-4 6.90992E-5 8.91475E-5 9.34734E-5 4.70765E-5 3.67451E-5 3.8632E-5 5.7883E-5 8.30024E-5 9.36653E-5 9.51562E-5 9.54538E-5 9.22803E-5 9.41646E-5 9.20978E-5 7.76917E-5 8.60454E-5 7.97547E-5 7.01016E-5 6.80559E-5 5.38749E-5 5.48675E-5 9.91434E-5 1.07381E-4
-9999 -9999 -9999 -9999 -9999 -9999 -9999 -9999 -9999 -9999 9.90747E-6 6.48902E-6 7.90714E-6 7.7979E-6 3.8378E-6 4.55341E-7 8.98626E-8 2.66416E-8 9.02682E-9 4.73303E-9 1.40704E-9 6.17958E-10 1.16668E-9 3.60671E-9 3.44895E-10 8.30611E-11 1.48702E-10 6.72487E-9 2.84585E-8 1.80295E-7 1.20118E-6 3.37472E-6 1.1455E-5 3.62625E-5 9.13124E-5 4.18529E-4 3.70268E-4 2.03102E-4 6.46809E-5 4.26438E-5 2.40917E-5 3.86493E-5 8.79847E-5 1.65188E-4 1.36946E-4 8.90714E-5 4.82385E-5 3.10043E-5 3.64196E-5 5.47496E-5 7.68405E-5 1.08547E-4 1.55152E-4 1.56754E-4 1.603E-4 1.88366E-4 1.79194E-4 1.62421E-4 1.39362E-4 1.11113E-4 1.07051E-4 9.19541E-5 8.71486E-5 8.24517E-5 9.13122E-5 1.06145E-4
-9999 -9999 -9999 -9999 -9999 -9999 -9999 -9999 -9999 -9999 -9999 3.42494E-6 1.77267E-6 1.96578E-6 8.59313E-7 1.10814E-7 2.32738E-8 1.32115E-8 7.53001E-9 6.26655E-9 1.3457E-9 1.25929E-9 1.14731E-9 2.73913E-9 2.09243E-9 1.2475E-10 7.05511E-11 3.84311E-9 2.40243E-8 1.48385E-7 4.91102E-7 1.4552E-6 7.6429E-6 3.18626E-5 1.13234E-4 2.91927E-4 2.47884E-4 1.61697E-4 1.34139E-4 4.68445E-5 2.4381E-5 2.12358E-5 5.9468E-5 3.13516E-4 3.61004E-4 2.05058E-4 8.48828E-5 4.59384E-5 6.40754E-5 9.79243E-5 1.37168E-4 1.91529E-4 2.65065E-4 2.70359E-4 2.79481E-4 2.78418E-4 2.50447E-4 1.93585E-4 1.73418E-4 1.47051E-4 1.27366E-4 1.13435E-4 1.01105E-4 9.51998E-5 1.14383E-4 1.26933E-4
-9999 -9999 -9999 -9999 -9999 -9999 -9999 -9999 -9999 -9999 -9999 6.9604E-7 2.96648E-7 2.55881E-7 1.27345E-7 3.38954E-8 1.98624E-8 2.37664E-8 1.44742E-8 1.53652E-8 7.80874E-9 4.78018E-9 9.2486E-10 8.20449E-10 4.50935E-9 2.28222E-10 1.12529E-9 5.52016E-9 6.02819E-8 3.97717E-7 1.03934E-6 5.14541E-6 1.30373E-5 3.16738E-5 9.04221E-5 1.49056E-4 2.04432E-4 2.22288E-4 1.26657E-4 6.22572E-5 2.01106E-5 2.16413E-5 5.74656E-5 1.79984E-4 2.00171E-4 1.07798E-4 4.67788E-5 3.81431E-5 5.65053E-5 7.42722E-5 9.99682E-5 1.37415E-4 2.61664E-4 4.5361E-4 5.82796E-4 6.60669E-4 3.19657E-4 2.05951E-4 2.1432E-4 2.02039E-4 1.89899E-4 1.93754E-4 1.42196E-4 1.41095E-4 1.57658E-4 1.66732E-4
-9999 -9999 -9999 -9999 -9999 -9999 -9999 -9999 -9999 -9999 -9999 1.97832E-7 1.53929E-7 9.17823E-8 3.92771E-8 2.08881E-8 1.14016E-8 8.81962E-9 5.68033E-10 5.04652E-9 2.22442E-8 8.4138E-9 7.75023E-9 5.9969E-9 5.79367E-9 1.88187E-9 7.48049E-9 2.48316E-8 1.08979E-7 6.31378E-7 1.68122E-6 3.4028E-6 8.94128E-6 2.30432E-5 3.72146E-5 9.56715E-5 3.2118E-4 3.35553E-4 7.4712E-5 2.01224E-5 2.09057E-5 2.93433E-5 8.70575E-5 1.43406E-4 2.40023E-4 2.65697E-4 1.24782E-4 6.11248E-5 6.17287E-5 8.93509E-5 1.17863E-4 1.56822E-4 2.01931E-4 3.21553E-4 4.19053E-4 7.21143E-4 7.27739E-4 3.16133E-4 2.86639E-4 2.60074E-4 2.42093E-4 2.42797E-4 2.12121E-4 2.0714E-4 2.24683E-4 2.18135E-4
-9999 -9999 -9999 -9999 -9999 -9999 -9999 -9999 -9999 -9999 -9999 2.18227E-7 1.12392E-7 4.27998E-8 2.62939E-8 2.28215E-8 3.20916E-8 2.45151E-8 2.27569E-8 2.38653E-9 1.05946E-9 5.14458E-9 1.05766E-8 4.4663E-9 9.25663E-9 7.07336E-9 5.78157E-8 4.47603E-8 1.84056E-7 8.58967E-7 2.19894E-6 4.34026E-6 6.58297E-6 1.06639E-5 4.73005E-5 6.10844E-5 4.07101E-5 5.19962E-5 4.82126E-5 2.83173E-5 4.33002E-5 5.49212E-5 7.16802E-5 1.31697E-4 2.19713E-4 2.32406E-4 2.468E-4 2.53753E-4 2.1968E-4 1.78946E-4 1.48921E-4 1.94876E-4 2.06604E-4 3.14585E-4 4.60123E-4 4.64377E-4 4.82844E-4 4.90979E-4 3.58585E-4 4.05427E-4 3.60863E-4 3.43391E-4 2.94643E-4 2.72642E-4 2.73273E-4 2.54246E-4
-9999 -9999 -9999 -9999 -9999 -9999 -9999 -9999 -9999 -9999 1.97123E-7 1.03945E-7 4.514E-8 2.70479E-8 2.69778E-8 3.04779E-8 3.60302E-8 3.41212E-8 5.07963E-8 1.11417E-8 1.26586E-8 6.5422E-9 6.17288E-8 5.42347E-8 6.6225E-8 6.49657E-8 1.4157E-7 8.18574E-8 1.52343E-7 1.72271E-6 2.74892E-6 4.53432E-6 8.2765E-6 1.30121E-5 1.7976E-5 1.99227E-5 2.35614E-5 3.57398E-5 4.06846E-5 3.59281E-5 3.78251E-5 4.98398E-5 7.85728E-5 1.46994E-4 2.087E-4 2.01485E-4 2.29439E-4 2.54091E-4 3.95411E-4 4.13708E-4 2.34173E-4 2.45348E-4 2.86538E-4 4.19138E-4 4.79599E-4 5.0424E-4 5.94916E-4 6.12917E-4 5.15628E-4 5.07332E-4 5.39455E-4 4.45011E-4 4.64728E-4 3.67105E-4 3.81923E-4 3.94081E-4
-9999 -9999 -9999 -9999 -9999 -9999 -9999 -9999 -9999 5.25731E-7 2.69626E-7 7.91163E-8 3.514E-8 1.93774E-8 4.07489E-8 3.60548E-8 3.61961E-8 1.21017E-8 3.02578E-8 1.69986E-8 4.83097E-9 3.81654E-9 7.94565E-8 2.06213E-7 1.72631E-7 1.2541E-7 3.36305E-8 2.85247E-7 4.83625E-7 2.10352E-6 4.62657E-6 5.65234E-6 8.01349E-6 1.30694E-5 1.52077E-5 1.91634E-5 2.04316E-5 3.1242E-5 1.74758E-5 2.37292E-5 2.57306E-5 3.70506E-5 4.4974E-5 8.23598E-5 1.31678E-4 1.78083E-4 2.26434E-4 2.54678E-4 3.25866E-4 3.91132E-4 4.05664E-4 3.3381E-4 3.31616E-4 4.15477E-4 4.168E-4 4.72279E-4 5.2302E-4 6.31831E-4 7.49897E-4 7.57404E-4 7.98641E-4 5.8533E-4 5.36076E-4 5.04089E-4 4.95076E-4 5.40093E-4
