Leopardus munoai/Leopardus_munoai.asc
ncols         515
nrows         545
xllcorner     -119.0
yllcorner     -58.333333333333
cellsize      0.166666666667
NODATA_value  -9999
[rows 232 to 260 of 545, columns 260 to 324 of 515]
1.82197E-4 1.76637E-4 1.72964E-4 1.5636E-4 1.32765E-4 1.4057E-4 4.21781E-4 1.09959E-3 1.2565E-3 1.06501E-3 9.26499E-4 8.21037E-4 7.31836E-4 6.05864E-4 5.76646E-4 9.50755E-4 8.77518E-4 8.8049E-4 8.77332E-4 9.0938E-4 9.20509E-4 9.54938E-4 9.0497E-4 9.9366E-4 9.97457E-4 9.01444E-4 9.51795E-4 8.52542E-4 8.08973E-4 7.18597E-4 6.45092E-4 5.12496E-4 4.10418E-4 3.71174E-4 3.40213E-4 3.46782E-4 3.34569E-4 2.81183E-4 2.60339E-4 2.51543E-4 2.28476E-4 2.46115E-4 2.27096E-4 2.20505E-4 2.26768E-4 2.54111E-4 2.49721E-4 2.38721E-4 2.39233E-4 1.14514E-4 1.14675E-4 1.14991E-4 2.79428E-5 2.72748E-5 2.56693E-5 2.53162E-5 2.52115E-5 2.45912E-5 2.37322E-5 2.23066E-5 2.09406E-5 1.97503E-5 1.88157E-5 1.75872E-5 2.11116E-5
1.66225E-4 1.8912E-4 2.05793E-4 2.04088E-4 1.88107E-4 1.85977E-4 9.43801E-4 1.0607E-3 1.00126E-3 9.34589E-4 8.19079E-4 7.62539E-4 6.67231E-4 5.77192E-4 1.00961E-3 9.63032E-4 8.53725E-4 8.65037E-4 8.7486E-4 8.48268E-4 8.68513E-4 9.11014E-4 8.79936E-4 9.77888E-4 8.98018E-4 8.86386E-4 8.70493E-4 8.13379E-4 7.4092E-4 6.62101E-4 5.56466E-4 4.37375E-4 3.66012E-4 3.06032E-4 2.67094E-4 2.80249E-4 2.70187E-4 2.80299E-4 2.77312E-4 2.78162E-4 2.53705E-4 2.25204E-4 1.99148E-4 1.9769E-4 2.07754E-4 2.05641E-4 2.04029E-4 1.98322E-4 2.01139E-4 2.0214E-4 2.16888E-4 1.03998E-4 2.69386E-5 2.68074E-5 2.5322E-5 2.36771E-5 2.36396E-5 2.31507E-5 2.34391E-5 2.35397E-5 2.19076E-5 2.07681E-5 2.12567E-5 2.00053E-5 2.01651E-5
1.84823E-4 2.17404E-4 2.4969E-4 2.80376E-4 2.63282E-4 1.00717E-3 9.858E-4 8.88699E-4 8.89453E-4 8.13852E-4 7.49584E-4 6.66133E-4 5.69378E-4 1.13007E-3 9.86092E-4 8.66953E-4 8.30765E-4 8.55512E-4 8.10759E-4 7.92211E-4 8.08144E-4 8.5089E-4 8.95414E-4 9.12597E-4 8.46674E-4 8.19923E-4 7.82885E-4 7.26246E-4 6.74554E-4 5.82685E-4 4.83181E-4 3.9441E-4 3.35188E-4 2.63139E-4 2.35604E-4 2.43883E-4 2.60153E-4 2.75068E-4 2.9095E-4 2.92208E-4 2.60145E-4 2.2342E-4 1.91097E-4 1.77244E-4 1.7672E-4 1.78782E-4 1.76438E-4 1.73862E-4 1.75781E-4 1.80164E-4 1.84216E-4 1.86154E-4 5.09915E-5 2.54285E-5 2.56503E-5 2.50002E-5 2.45402E-5 2.33887E-5 2.1747E-5 2.02866E-5 1.97876E-5 1.81155E-5 1.96518E-5 2.02011E-5 2.14659E-5
3.11771E-4 5.45337E-4 3.06321E-4 3.6252E-4 5.72433E-4 1.13855E-3 1.03506E-3 9.1056E-4 8.21991E-4 6.40511E-4 6.22875E-4 5.7715E-4 1.0674E-3 1.04015E-3 8.84544E-4 7.75363E-4 7.86636E-4 8.10297E-4 7.17297E-4 7.07755E-4 7.49699E-4 8.25418E-4 8.82208E-4 7.98197E-4 7.90143E-4 7.77768E-4 7.42993E-4 7.20728E-4 6.60084E-4 6.01036E-4 5.28477E-4 4.4445E-4 3.55024E-4 3.0756E-4 2.40041E-4 2.27451E-4 2.25134E-4 2.35498E-4 2.40099E-4 2.32184E-4 2.14002E-4 1.96806E-4 1.7503E-4 1.62891E-4 1.45697E-4 1.35687E-4 1.38119E-4 1.38597E-4 1.42606E-4 1.52082E-4 1.59551E-4 1.57414E-4 4.75261E-5 5.03389E-5 2.37635E-5 2.35287E-5 2.16669E-5 2.11362E-5 2.03566E-5 1.94617E-5 1.86186E-5 1.84684E-5 2.00423E-5 2.15542E-5 2.24353E-5
8.45904E-4 5.82727E-4 3.59762E-4 4.52412E-4 1.38731E-3 1.2329E-3 9.66404E-4 8.98748E-4 7.92466E-4 1.30266E-3 8.61771E-4 1.01207E-3 8.90524E-4 7.74439E-4 7.44919E-4 7.03334E-4 7.34818E-4 7.00776E-4 6.34312E-4 6.45977E-4 7.06455E-4 7.5721E-4 7.83949E-4 8.06148E-4 8.07972E-4 8.31183E-4 7.9543E-4 6.98582E-4 6.31573E-4 5.75285E-4 4.98297E-4 3.9053E-4 3.21037E-4 2.54611E-4 2.3841E-4 2.25442E-4 1.84716E-4 3.72326E-4 3.52352E-4 3.82757E-4 3.72793E-4 1.69116E-4 1.52431E-4 1.30518E-4 1.17513E-4 1.0872E-4 1.12193E-4 1.12141E-4 1.14676E-4 1.25234E-4 1.31652E-4 3.82344E-5 4.09892E-5 3.99055E-5 4.21314E-5 4.46484E-5 4.34159E-5 2.05778E-5 1.94819E-5 1.92047E-5 1.88531E-5 2.12778E-5 2.13498E-5 2.23381E-5 2.20445E-5
4.36024E-4 1.01568E-3 4.32822E-4 1.12454E-3 1.22373E-3 1.00054E-3 1.52935E-3 7.9442E-4 6.8795E-4 6.22718E-4 7.25928E-4 6.66396E-4 6.89604E-4 6.79152E-4 6.63164E-4 6.71095E-4 6.69446E-4 6.5759E-4 6.38056E-4 6.09096E-4 6.22092E-4 6.93578E-4 7.85474E-4 8.82706E-4 9.01052E-4 7.93521E-4 6.57049E-4 5.25043E-4 4.66453E-4 4.74344E-4 7.99963E-4 6.60494E-4 5.73017E-4 4.95175E-4 4.24241E-4 2.32475E-4 3.56194E-4 3.21778E-4 3.29549E-4 3.59643E-4 2.94197E-4 2.57194E-4 2.48886E-4 2.18732E-4 1.95631E-4 1.85796E-4 9.31662E-5 8.98456E-5 9.23369E-5 9.92017E-5 1.06342E-4 3.37875E-5 3.64935E-5 3.56628E-5 3.67299E-5 3.79594E-5 3.7674E-5 3.53951E-5 3.55958E-5 3.50535E-5 1.6779E-5 1.90889E-5 1.95812E-5 1.95543E-5 1.91001E-5
1.04478E-3 4.78869E-4 6.41604E-4 9.70483E-4 1.20261E-3 1.02502E-3 1.42197E-3 1.2062E-3 1.33719E-3 1.12018E-3 7.86024E-4 4.69298E-4 5.73019E-4 5.89069E-4 5.96678E-4 6.03383E-4 6.36973E-4 6.29999E-4 6.10419E-4 5.81915E-4 6.10907E-4 6.93359E-4 7.63349E-4 7.67367E-4 7.53046E-4 1.30233E-3 1.09169E-3 8.36402E-4 7.96258E-4 7.57547E-4 6.45711E-4 5.94582E-4 5.76392E-4 4.77857E-4 4.65996E-4 3.99501E-4 3.4113E-4 3.16036E-4 3.115E-4 2.81177E-4 2.75729E-4 2.32697E-4 2.04036E-4 1.906E-4 1.66907E-4 1.58296E-4 1.58357E-4 1.50414E-4 7.57523E-5 8.05404E-5 8.83083E-5 9.92786E-5 3.41888E-5 3.40671E-5 3.41011E-5 3.40598E-5 3.17861E-5 2.93276E-5 2.96819E-5 3.08194E-5 3.05358E-5 3.36738E-5 1.78061E-5 1.88295E-5 1.8319E-5
9.28879E-4 4.97885E-4 6.85111E-4 9.9952E-4 1.86007E-3 1.16783E-3 8.59232E-4 1.41437E-3 1.256E-3 9.89595E-4 7.33232E-4 4.81258E-4 4.99531E-4 5.35475E-4 5.51701E-4 5.62353E-4 5.63422E-4 5.51748E-4 5.51256E-4 5.8009E-4 5.64881E-4 5.88038E-4 6.3378E-4 1.25977E-3 1.26457E-3 1.12762E-3 9.38458E-4 8.36054E-4 6.58056E-4 6.42337E-4 6.29467E-4 5.88139E-4 5.21933E-4 4.97414E-4 4.34095E-4 3.69188E-4 3.21783E-4 2.8619E-4 2.68668E-4 2.34011E-4 1.84441E-4 1.54429E-4 1.60239E-4 1.56154E-4 1.42895E-4 1.39843E-4 1.34723E-4 1.26017E-4 1.23068E-4 1.34253E-4 7.42752E-5 8.91317E-5 3.40525E-5 3.51672E-5 3.43588E-5 3.07794E-5 2.67413E-5 2.44874E-5 2.39572E-5 2.56632E-5 3.0202E-5 3.33001E-5 1.71978E-5 1.72616E-5 1.84437E-5
7.20315E-4 4.49743E-4 6.05429E-4 7.71464E-4 1.6895E-3 1.06445E-3 8.45002E-4 1.53553E-3 1.31018E-3 9.71671E-4 7.16262E-4 5.00421E-4 4.8643E-4 4.72507E-4 4.94997E-4 4.78979E-4 5.0003E-4 4.98667E-4 5.39018E-4 5.26161E-4 9.54369E-4 9.67293E-4 1.07848E-3 9.9767E-4 9.44462E-4 9.04854E-4 8.74066E-4 7.59875E-4 6.24894E-4 6.09847E-4 5.89654E-4 5.80175E-4 5.08726E-4 4.23351E-4 3.52653E-4 3.11466E-4 2.71577E-4 2.27204E-4 2.10953E-4 1.92536E-4 1.5873E-4 1.61003E-4 1.30711E-4 1.32744E-4 1.18271E-4 1.10464E-4 1.05684E-4 9.85462E-5 9.84331E-5 1.23615E-4 1.43436E-4 3.04248E-5 3.57381E-5 3.42637E-5 3.26716E-5 2.85169E-5 2.51319E-5 2.15107E-5 2.02953E-5 2.12746E-5 2.65253E-5 3.08133E-5 3.12274E-5 3.30184E-5 3.58071E-5
4.77676E-4 3.29839E-4 4.59684E-4 5.66885E-4 1.39364E-3 1.18661E-3 8.3983E-4 1.47106E-3 1.24459E-3 9.70715E-4 7.45482E-4 4.58078E-4 4.47221E-4 4.43165E-4 4.22614E-4 4.20105E-4 3.89737E-4 7.88494E-4 4.00553E-4 7.47578E-4 7.4909E-4 7.82348E-4 7.91317E-4 7.57154E-4 7.16907E-4 6.3984E-4 6.72562E-4 6.29354E-4 6.47582E-4 6.26428E-4 6.11285E-4 4.97866E-4 4.21487E-4 3.4894E-4 2.87897E-4 2.57617E-4 2.14862E-4 2.01492E-4 1.77408E-4 1.57049E-4 1.42248E-4 2.29399E-4 1.09279E-4 9.81484E-5 9.30497E-5 1.00047E-4 9.14862E-5 9.29841E-5 9.19122E-5 1.03037E-4 1.19768E-4 2.79873E-5 3.49647E-5 3.17193E-5 2.81998E-5 2.49886E-5 2.16821E-5 1.90428E-5 1.86019E-5 2.15028E-5 2.29743E-5 2.54159E-5 2.51603E-5 2.75585E-5 2.78623E-5
1.48781E-4 4.36749E-4 6.39228E-4 8.55386E-4 1.1363E-3 1.19941E-3 8.72982E-4 1.438E-3 1.19971E-3 9.87833E-4 6.90303E-4 5.05678E-4 4.41136E-4 4.17225E-4 4.0077E-4 3.7047E-4 3.11661E-4 2.97592E-4 2.81333E-4 4.99419E-4 5.20451E-4 5.79142E-4 5.50546E-4 5.34431E-4 5.59943E-4 5.46421E-4 4.42837E-4 4.53392E-4 6.3221E-4 5.8325E-4 5.53174E-4 4.06928E-4 3.19702E-4 2.86023E-4 2.49565E-4 3.9329E-4 3.70977E-4 3.17264E-4 3.06791E-4 2.64201E-4 2.39978E-4 1.99721E-4 1.85343E-4 1.7652E-4 1.5813E-4 8.98443E-5 8.57976E-5 8.15758E-5 8.39401E-5 9.41159E-5 1.04732E-4 4.53719E-5 2.40345E-5 2.33005E-5 2.32967E-5 2.17598E-5 1.9635E-5 1.76742E-5 1.63804E-5 1.74605E-5 1.76245E-5 1.89235E-5 2.11302E-5 2.19725E-5 2.19035E-5
1.79004E-4 1.75698E-4 3.46783E-4 5.80779E-4 8.11461E-4 9.0875E-4 8.676E-4 1.4683E-3 1.15083E-3 8.89707E-4 6.88252E-4 6.09554E-4 4.03013E-4 3.67323E-4 3.29325E-4 2.87537E-4 2.31712E-4 2.03403E-4 3.73197E-4 3.55886E-4 3.59659E-4 3.95434E-4 3.92496E-4 4.06982E-4 4.69483E-4 4.76894E-4 5.4905E-4 5.67772E-4 5.59178E-4 5.73718E-4 4.98167E-4 3.20234E-4 2.38512E-4 4.04525E-4 3.73421E-4 3.34144E-4 3.06979E-4 2.64724E-4 2.52412E-4 2.17171E-4 2.06924E-4 1.79271E-4 1.77291E-4 1.63187E-4 1.62429E-4 1.46742E-4 7.13749E-5 7.41968E-5 7.34351E-5 8.06954E-5 8.78924E-5 3.67144E-5 3.95557E-5 4.01006E-5 2.03139E-5 1.98517E-5 1.87081E-5 1.62667E-5 1.4124E-5 1.41402E-5 1.50852E-5 1.5975E-5 1.77768E-5 1.83005E-5 1.82955E-5
7.63244E-5 9.46973E-5 2.01819E-4 4.04811E-4 7.03733E-4 7.87894E-4 7.2188E-4 1.3283E-3 1.17748E-3 9.64208E-4 7.55853E-4 5.71327E-4 4.34684E-4 3.23124E-4 2.78221E-4 2.28147E-4 1.82813E-4 1.46586E-4 2.83316E-4 2.80963E-4 2.81537E-4 3.12111E-4 3.07815E-4 3.30554E-4 3.69297E-4 4.01248E-4 3.66756E-4 5.39341E-4 5.46123E-4 5.24899E-4 8.69179E-4 2.8323E-4 3.74437E-4 3.47893E-4 3.3367E-4 2.90539E-4 2.69019E-4 2.47455E-4 2.17216E-4 1.98627E-4 1.82472E-4 1.68187E-4 1.55031E-4 1.41754E-4 1.28838E-4 1.3288E-4 1.27707E-4 6.0659E-5 6.45191E-5 6.34408E-5 2.82697E-5 2.91645E-5 3.10374E-5 3.51288E-5 3.76654E-5 2.04553E-5 1.88853E-5 1.60639E-5 1.28525E-5 1.19219E-5 1.31375E-5 1.40827E-5 1.52987E-5 1.62863E-5 1.71617E-5
2.95007E-5 4.88695E-5 1.17185E-4 3.08714E-4 5.49733E-4 6.80961E-4 1.48152E-3 1.22953E-3 1.20251E-3 1.01659E-3 7.2302E-4 5.24427E-4 3.63052E-4 2.56484E-4 2.12376E-4 1.86963E-4 1.58081E-4 2.60396E-4 2.41351E-4 2.29601E-4 2.25271E-4 2.38803E-4 2.36427E-4 2.62335E-4 2.81909E-4 3.59653E-4 4.19035E-4 4.37642E-4 4.74493E-4 4.54747E-4 3.72793E-4 5.178E-4 3.56656E-4 3.15338E-4 2.92992E-4 2.59515E-4 2.30996E-4 2.23E-4 1.95271E-4 1.71663E-4 1.5584E-4 1.43664E-4 1.387E-4 1.22597E-4 1.16387E-4 1.28987E-4 1.15053E-4 1.04607E-4 5.43215E-5 5.54057E-5 5.8128E-5 2.3119E-5 2.78634E-5 3.2318E-5 3.87992E-5 2.10688E-5 2.05057E-5 1.82402E-5 1.40052E-5 1.24194E-5 1.19136E-5 1.34713E-5 1.43815E-5 1.50767E-5 1.5749E-5
1.11604E-5 2.18163E-5 6.15777E-5 1.58214E-4 3.57864E-4 5.41118E-4 5.49098E-4 1.28519E-3 1.31412E-3 9.64332E-4 7.11041E-4 5.12657E-4 3.53131E-4 2.66404E-4 1.8946E-4 1.58314E-4 1.39423E-4 2.38986E-4 2.07342E-4 1.94017E-4 1.92675E-4 1.93241E-4 1.89049E-4 2.00552E-4 2.43778E-4 2.84125E-4 2.91845E-4 6.49434E-4 3.54827E-4 6.2077E-4 5.37614E-4 4.13389E-4 3.21987E-4 2.99762E-4 2.69869E-4 2.24729E-4 2.01116E-4 1.77846E-4 3.01583E-4 2.99158E-4 2.69506E-4 2.43485E-4 1.36354E-4 1.29463E-4 1.31419E-4 1.15724E-4 1.13429E-4 9.46581E-5 4.40561E-5 4.46721E-5 4.64089E-5 1.94993E-5 2.40299E-5 3.11029E-5 3.75377E-5 4.55489E-5 2.3743E-5 2.16308E-5 1.70957E-5 1.6042E-5 1.3524E-5 1.36353E-5 1.35772E-5 1.48641E-5 1.41625E-5
3.60754E-6 9.53439E-6 3.03035E-5 8.08448E-5 1.96856E-4 3.39322E-4 4.6072E-4 5.12432E-4 1.0513E-3 8.67727E-4 6.6581E-4 4.42399E-4 3.38975E-4 2.52734E-4 1.84328E-4 2.73253E-4 1.21731E-4 2.09774E-4 1.8153E-4 1.6553E-4 1.57542E-4 1.5659E-4 1.57285E-4 1.82742E-4 1.96865E-4 2.07814E-4 2.46726E-4 2.60312E-4 4.87029E-4 4.59886E-4 4.03685E-4 3.31185E-4 2.95886E-4 2.56942E-4 2.30912E-4 1.93505E-4 1.67456E-4 2.96018E-4 2.92927E-4 2.90196E-4 2.72581E-4 2.58611E-4 2.48418E-4 2.42126E-4 1.21651E-4 1.05214E-4 9.73929E-5 8.67958E-5 7.62258E-5 1.47508E-5 1.50247E-5 1.81634E-5 2.19327E-5 2.91663E-5 3.64465E-5 4.78136E-5 3.00057E-5 2.70187E-5 2.1845E-5 1.6856E-5 1.41485E-5 1.36378E-5 1.40411E-5 1.45058E-5 3.02104E-5
2.04788E-6 4.53306E-6 1.81219E-5 5.29939E-5 1.36201E-4 2.13632E-4 3.21723E-4 3.80397E-4 3.67039E-4 6.84742E-4 5.86562E-4 4.25959E-4 3.13075E-4 2.22099E-4 1.83928E-4 1.42791E-4 2.41397E-4 2.19125E-4 1.65469E-4 1.555E-4 1.40665E-4 1.29231E-4 1.36098E-4 1.41897E-4 1.635E-4 1.79259E-4 1.93696E-4 3.72453E-4 3.6737E-4 3.48825E-4 3.20294E-4 2.60032E-4 2.40546E-4 2.06833E-4 1.88695E-4 1.75448E-4 2.96823E-4 2.85414E-4 2.6372E-4 2.38719E-4 2.40679E-4 2.63377E-4 2.97787E-4 2.51005E-4 2.34548E-4 1.22425E-4 1.24917E-4 1.10316E-4 4.30659E-5 3.75049E-5 1.45235E-5 1.5921E-5 1.93801E-5 2.48461E-5 3.20834E-5 4.10404E-5 2.56149E-5 2.39492E-5 2.00569E-5 1.58596E-5 1.47362E-5 1.41225E-5 1.42499E-5 1.52736E-5 1.59729E-5
3.85934E-6 4.11687E-6 1.71829E-5 4.79025E-5 1.11584E-4 1.15514E-4 1.73124E-4 3.02277E-4 2.94527E-4 5.45915E-4 4.8652E-4 3.84459E-4 2.88685E-4 2.18347E-4 1.69002E-4 1.37708E-4 2.21914E-4 2.05924E-4 1.6565E-4 1.3667E-4 1.2585E-4 1.14119E-4 1.13448E-4 1.14184E-4 1.33415E-4 2.73915E-4 2.58995E-4 2.78586E-4 2.98211E-4 2.93815E-4 2.49148E-4 2.10209E-4 2.01964E-4 1.91966E-4 1.80635E-4 1.59532E-4 2.84599E-4 2.43399E-4 2.31531E-4 2.37007E-4 2.56265E-4 2.70976E-4 3.05174E-4 3.60986E-4 2.03785E-4 1.95559E-4 1.55409E-4 1.10306E-4 9.05611E-5 1.60536E-5 1.31579E-5 1.40177E-5 1.71812E-5 2.04888E-5 2.62213E-5 3.09041E-5 3.05053E-5 3.05392E-5 1.28436E-5 1.36094E-5 1.32986E-5 1.35522E-5 1.47529E-5 1.54785E-5 3.19084E-5
3.07425E-5 6.81288E-6 2.10463E-5 5.36647E-5 9.13985E-5 1.33725E-4 1.51202E-4 2.82852E-4 2.46563E-4 2.08895E-4 3.81901E-4 3.09396E-4 2.39994E-4 1.78003E-4 1.4128E-4 2.40361E-4 2.04545E-4 1.79277E-4 1.55465E-4 1.22733E-4 1.09332E-4 9.97829E-5 8.93138E-5 8.94618E-5 1.06688E-4 2.03045E-4 2.20536E-4 2.38829E-4 2.52358E-4 2.21267E-4 1.99763E-4 1.93183E-4 1.81858E-4 1.50994E-4 1.39662E-4 2.36188E-4 2.42664E-4 2.39181E-4 2.39285E-4 2.31166E-4 2.32463E-4 2.79961E-4 3.11665E-4 3.82395E-4 3.87592E-4 2.43618E-4 2.0448E-4 1.5517E-4 4.89792E-5 1.77369E-5 1.17035E-5 1.42515E-5 1.59629E-5 1.8343E-5 2.18402E-5 2.237E-5 1.09164E-5 1.87668E-5 9.75508E-6 1.0357E-5 1.13943E-5 1.19363E-5 2.55532E-5 1.61374E-5 3.36323E-5
3.84309E-5 1.46898E-5 3.48165E-5 6.34433E-5 8.6263E-5 9.79594E-5 1.73036E-4 2.07576E-4 2.15109E-4 1.78055E-4 3.23402E-4 2.43813E-4 1.80447E-4 1.42797E-4 1.16913E-4 2.1113E-4 1.8333E-4 1.73327E-4 1.41216E-4 1.15917E-4 9.68038E-5 7.8992E-5 7.21781E-5 1.42872E-4 1.65512E-4 1.83739E-4 2.07633E-4 2.03679E-4 1.94357E-4 1.78811E-4 1.79184E-4 1.63146E-4 1.37891E-4 1.27867E-4 1.19788E-4 2.06127E-4 2.18394E-4 2.06943E-4 2.09235E-4 2.23575E-4 2.62352E-4 2.97267E-4 3.29779E-4 4.9613E-4 6.19049E-4 3.9544E-4 3.53932E-4 1.4241E-4 7.96662E-5 2.10727E-5 1.10653E-5 1.40162E-5 1.6035E-5 1.81299E-5 2.09273E-5 1.66385E-5 1.5785E-5 1.48239E-5 1.32401E-5 7.97656E-6 9.15514E-6 1.12054E-5 1.36803E-5 1.60206E-5 1.92969E-5
4.89547E-5 5.38706E-5 4.68606E-5 7.41608E-5 1.10427E-4 1.73244E-4 6.28039E-5 2.09913E-4 1.82541E-4 1.63294E-4 2.64371E-4 2.14994E-4 1.56499E-4 1.23515E-4 2.02427E-4 1.82558E-4 1.7067E-4 1.56983E-4 1.35513E-4 1.03297E-4 8.09736E-5 6.87196E-5 1.26837E-4 1.37935E-4 1.59242E-4 1.7234E-4 1.66919E-4 1.69446E-4 1.61775E-4 1.65298E-4 1.57441E-4 1.37186E-4 1.2313E-4 1.15719E-4 1.84691E-4 1.96477E-4 1.82176E-4 1.6698E-4 1.73497E-4 2.09884E-4 2.40306E-4 3.03902E-4 3.73616E-4 5.83968E-4 1.01501E-3 6.47318E-4 4.92885E-4 3.70096E-4 2.25495E-4 8.00008E-5 2.39303E-5 2.03502E-5 2.01993E-5 1.92957E-5 2.02869E-5 1.60733E-5 6.78307E-6 5.34071E-6 5.25372E-6 5.64774E-6 7.97278E-6 1.14004E-5 1.4872E-5 1.64956E-5 1.80483E-5
4.82543E-5 6.47792E-5 1.42235E-4 1.05155E-4 1.2706E-4 1.38068E-4 1.36983E-4 2.2467E-4 2.52546E-4 1.43075E-4 2.30431E-4 1.88731E-4 1.36778E-4 1.09033E-4 1.80831E-4 1.6763E-4 1.5486E-4 1.48038E-4 1.2919E-4 9.85701E-5 7.60603E-5 6.67708E-5 7.24977E-5 8.0936E-5 8.11922E-5 1.48671E-4 1.51459E-4 1.47251E-4 1.4986E-4 1.52668E-4 1.32158E-4 1.16756E-4 1.06594E-4 1.0118E-4 1.64318E-4 1.60166E-4 1.48787E-4 1.55216E-4 1.74186E-4 1.96123E-4 2.25181E-4 2.8546E-4 3.8651E-4 6.58877E-4 7.4295E-4 9.87814E-4 1.48245E-3 1.32655E-3 5.77351E-4 2.22488E-4 5.62971E-5 3.77527E-5 2.95126E-5 2.40295E-5 1.82687E-5 1.48425E-5 5.98255E-6 4.77684E-6 4.83733E-6 6.26573E-6 8.39036E-6 9.36765E-6 1.16179E-5 1.44622E-5 1.54379E-5
3.66027E-5 1.9471E-4 1.80541E-4 2.72032E-4 2.90646E-4 2.00153E-4 1.36115E-4 1.93112E-4 1.47883E-4 1.28091E-4 2.22083E-4 1.57958E-4 1.19132E-4 1.00992E-4 1.66352E-4 1.5106E-4 1.49827E-4 1.39986E-4 1.28119E-4 1.03825E-4 7.57524E-5 7.11333E-5 7.6172E-5 7.49784E-5 1.39678E-4 1.37801E-4 1.4064E-4 1.36158E-4 1.4708E-4 1.27578E-4 1.1887E-4 1.05529E-4 9.74894E-5 8.79701E-5 1.41673E-4 1.33365E-4 1.40288E-4 1.44497E-4 1.54837E-4 1.69126E-4 2.07895E-4 2.42996E-4 3.92435E-4 7.84517E-4 8.87697E-4 1.6979E-3 4.21023E-3 5.22702E-3 1.70489E-3 5.93918E-4 1.16279E-4 6.62512E-5 4.08483E-5 3.06594E-5 1.1983E-5 8.77476E-6 6.33129E-6 5.3671E-6 5.39458E-6 6.26317E-6 7.49502E-6 9.24384E-6 1.08701E-5 1.1543E-5 1.2331E-5
1.70756E-5 1.11287E-4 1.68228E-4 2.15097E-4 2.44126E-4 1.5591E-4 1.70653E-4 1.34955E-4 1.75546E-4 2.38569E-4 1.9447E-4 1.42495E-4 1.1636E-4 9.87395E-5 1.61385E-4 1.47903E-4 1.46194E-4 1.27654E-4 1.20439E-4 1.01879E-4 8.01052E-5 7.51233E-5 7.925E-5 1.35934E-4 1.42145E-4 1.35477E-4 1.42439E-4 1.379E-4 1.2266E-4 1.14932E-4 1.01189E-4 9.33843E-5 8.60756E-5 1.3582E-4 1.23835E-4 1.26492E-4 1.21585E-4 1.18962E-4 1.35526E-4 1.45887E-4 1.58991E-4 1.18955E-4 1.85197E-4 3.22908E-4 7.89045E-4 1.78614E-3 5.06545E-3 6.35783E-3 2.97402E-3 4.90934E-4 1.92969E-4 9.95959E-5 6.17221E-5 1.80344E-5 1.24994E-5 9.56678E-6 7.28009E-6 6.14389E-6 6.35692E-6 6.7476E-6 7.79858E-6 8.52983E-6 1.05564E-5 9.84791E-6 2.05785E-5
9.18821E-7 1.76608E-4 2.59699E-4 2.44226E-4 1.69844E-4 1.34022E-4 1.84989E-4 8.8053E-5 7.82706E-5 1.9821E-4 1.75031E-4 1.30101E-4 1.03403E-4 9.48639E-5 1.50005E-4 1.4287E-4 1.39127E-4 1.21988E-4 1.1355E-4 7.9049E-5 7.64563E-5 7.51804E-5 1.36385E-4 1.43287E-4 1.41358E-4 1.4916E-4 1.35142E-4 1.3141E-4 1.11579E-4 9.88998E-5 9.79752E-5 8.37767E-5 1.42082E-4 1.22366E-4 1.1018E-4 9.81484E-5 9.83779E-5 1.0119E-4 1.0355E-4 1.03943E-4 1.22204E-4 8.68817E-5 1.23915E-4 2.14699E-4 4.07759E-4 1.06258E-3 2.24935E-3 2.96243E-3 2.16111E-3 5.14034E-4 2.73519E-4 1.41373E-4 5.99207E-5 2.08119E-5 1.40768E-5 1.04346E-5 8.40362E-6 7.44777E-6 6.59529E-6 7.49976E-6 8.02458E-6 8.21234E-6 1.04939E-5 8.76123E-6 2.07606E-5
4.3766E-7 3.69086E-6 2.49285E-4 1.96022E-4 2.67441E-4 1.49831E-4 1.86934E-4 8.25283E-5 4.84072E-5 2.30174E-4 1.46329E-4 1.04113E-4 1.68927E-4 9.25334E-5 1.64919E-4 8.62748E-5 1.42805E-4 1.2704E-4 9.6361E-5 7.42384E-5 1.34947E-4 1.41187E-4 1.43529E-4 1.45639E-4 1.46605E-4 1.455E-4 1.47184E-4 1.30244E-4 1.17342E-4 1.06093E-4 9.28943E-5 7.73072E-5 1.2945E-4 1.10857E-4 9.74264E-5 9.12036E-5 8.244E-5 7.35537E-5 7.65176E-5 7.93333E-5 5.00321E-5 5.65002E-5 7.34658E-5 1.09592E-4 2.57097E-4 5.29537E-4 8.84836E-4 1.04356E-3 8.41903E-4 3.87456E-4 2.15459E-4 1.15072E-4 6.62744E-5 2.35064E-5 1.49067E-5 1.141E-5 9.07679E-6 7.65156E-6 7.67565E-6 7.86242E-6 8.51839E-6 9.93339E-6 1.00054E-5 9.08403E-6 1.74641E-5
5.09479E-8 1.15473E-6 1.60246E-5 1.57078E-4 3.56503E-4 2.09645E-4 1.22164E-4 7.23286E-5 5.37012E-5 1.20236E-4 1.16974E-4 8.85171E-5 1.60702E-4 9.55128E-5 9.41743E-5 9.10231E-5 1.47665E-4 1.27487E-4 1.01752E-4 7.56491E-5 7.60182E-5 7.74038E-5 1.49856E-4 1.61192E-4 1.64292E-4 1.58836E-4 1.41211E-4 1.31751E-4 1.13867E-4 1.07922E-4 9.49246E-5 1.45892E-4 1.26743E-4 1.14119E-4 9.57463E-5 7.55974E-5 6.26654E-5 5.85594E-5 6.74591E-5 4.08958E-5 4.49121E-5 5.21289E-5 5.37258E-5 7.63288E-5 1.49329E-4 2.18135E-4 3.5645E-4 4.76997E-4 2.469E-4 1.9948E-4 1.62865E-4 1.03933E-4 3.83459E-5 2.33662E-5 1.63935E-5 1.20932E-5 9.30599E-6 8.52373E-6 7.88632E-6 9.55828E-6 9.99935E-6 9.94661E-6 9.78639E-6 7.72344E-6 6.87158E-6
6.40808E-8 4.65917E-6 3.19864E-5 1.28119E-4 1.34901E-4 1.35426E-4 9.96261E-5 8.26033E-5 6.92891E-5 5.11424E-5 1.42567E-4 1.44371E-4 8.43626E-5 9.6463E-5 9.38157E-5 8.93327E-5 1.46643E-4 1.10291E-4 9.84591E-5 7.806E-5 8.20188E-5 8.30993E-5 9.0148E-5 9.15023E-5 1.70219E-4 1.59416E-4 1.27235E-4 1.31824E-4 1.21165E-4 1.15243E-4 1.01331E-4 1.69345E-4 1.39056E-4 1.08221E-4 8.8402E-5 6.37782E-5 5.16975E-5 5.28613E-5 6.03212E-5 7.46227E-5 4.38964E-5 4.37137E-5 4.44668E-5 6.41091E-5 1.0641E-4 1.78783E-4 1.42663E-4 1.51352E-4 1.47315E-4 1.25813E-4 1.2093E-4 8.90623E-5 3.61497E-5 2.46099E-5 1.76287E-5 1.36557E-5 1.01796E-5 4.49458E-6 4.49166E-6 9.20531E-6 9.65996E-6 1.05195E-5 9.45934E-6 6.98255E-6 6.64434E-6
1.59427E-9 3.24615E-6 1.53916E-4 1.26624E-4 2.2077E-4 1.23439E-4 5.97942E-5 6.27429E-5 7.43098E-5 3.33539E-5 5.20929E-5 1.13992E-4 6.26936E-5 7.15973E-5 9.43672E-5 9.43492E-5 1.59733E-4 1.21635E-4 1.17184E-4 9.74998E-5 9.30245E-5 8.85973E-5 9.07201E-5 1.72775E-4 1.64427E-4 1.43527E-4 1.37745E-4 1.40233E-4 1.30175E-4 2.06761E-4 1.9176E-4 1.65709E-4 1.39176E-4 1.23684E-4 1.14879E-4 7.95234E-5 5.58405E-5 6.13572E-5 7.48123E-5 4.43199E-5 4.96485E-5 4.75174E-5 5.19072E-5 5.57706E-5 8.51126E-5 1.37624E-4 1.06811E-4 9.01858E-5 9.39749E-5 9.03281E-5 1.0194E-4 9.05634E-5 3.49914E-5 2.53145E-5 1.84838E-5 1.40032E-5 5.34597E-6 4.45745E-6 4.11178E-6 8.22619E-6 9.32184E-6 9.56301E-6 8.38018E-6 6.42246E-6 5.3016E-6
