Leopardus munoai/Leopardus_munoai.asc
ncols         515
nrows         545
xllcorner     -119.0
yllcorner     -58.333333333333
cellsize      0.166666666667
NODATA_value  -9999
[rows 319 to 347 of 545, columns 390 to 454 of 515]
3.5792E-4 4.04536E-4 5.47512E-4 4.40328E-4 3.84304E-4 3.56593E-4 3.14207E-4 2.82983E-4 3.01627E-4 2.61158E-4 2.0406E-4 2.75275E-4 2.20266E-4 1.67626E-4 1.56171E-4 1.05647E-4 8.27342E-5 6.919E-5 4.75939E-5 2.70332E-5 2.07141E-5 2.77096E-5 1.57811E-5 1.26788E-5 9.73641E-6 7.14624E-6 5.49664E-6 5.12157E-6 3.45038E-6 2.74741E-6 2.14417E-6 2.19334E-6 2.45844E-6 2.09918E-6 1.59992E-6 1.69887E-6 1.92238E-6 2.65229E-6 2.52174E-6 2.47695E-6 1.46789E-6 1.40253E-6 1.93717E-6 2.23549E-6 2.63419E-6 2.59987E-6 2.85394E-6 2.98522E-6 3.01099E-6 2.72853E-6 2.38003E-6 1.62447E-6 7.67856E-7 5.99406E-7 3.87495E-7 3.06337E-7 2.73107E-7 2.97156E-7 4.35548E-7 6.99975E-7 6.33082E-7 8.13506E-7 2.13674E-6 2.03007E-6 2.09579E-6
7.5703E-4 5.63376E-4 7.3471E-4 6.75237E-4 5.83548E-4 4.6898E-4 3.10835E-4 3.9224E-4 3.54946E-4 3.9222E-4 3.53017E-4 2.50164E-4 3.441E-4 2.21603E-4 1.36645E-4 1.12989E-4 6.85462E-5 5.41207E-5 5.74463E-5 5.02809E-5 3.75057E-5 2.27955E-5 1.91335E-5 1.48086E-5 1.09073E-5 9.8728E-6 8.25289E-6 6.8054E-6 4.83387E-6 4.12821E-6 3.0129E-6 2.63828E-6 2.77753E-6 2.30123E-6 1.89179E-6 2.28587E-6 2.27359E-6 3.65764E-6 2.51567E-6 2.84737E-6 2.06415E-6 1.71884E-6 1.96235E-6 1.3474E-6 1.71404E-6 2.20103E-6 2.56895E-6 3.73176E-6 2.1257E-6 1.64997E-6 2.93578E-6 2.11364E-6 1.69787E-6 1.06157E-6 3.98123E-7 2.83466E-7 3.11113E-7 3.36062E-7 4.86133E-7 6.39522E-7 6.53308E-7 1.14799E-6 2.33108E-6 2.48601E-6 2.45261E-6
7.90658E-4 8.51011E-4 7.51912E-4 8.2283E-4 8.39856E-4 6.88448E-4 5.57103E-4 5.85056E-4 7.33754E-4 4.37627E-4 4.10879E-4 3.1971E-4 2.77605E-4 2.60616E-4 2.08555E-4 1.29643E-4 6.91384E-5 7.15552E-5 5.7495E-5 4.95724E-5 3.49352E-5 3.2343E-5 2.60834E-5 2.58582E-5 1.53815E-5 1.27854E-5 1.20575E-5 8.93036E-6 7.63236E-6 6.43461E-6 4.87248E-6 3.32788E-6 1.93945E-6 2.0461E-6 2.66015E-6 3.09436E-6 4.56898E-6 6.9669E-6 6.95581E-6 4.29812E-6 2.68372E-6 2.34334E-6 1.23923E-6 1.20068E-6 1.59004E-6 1.5653E-6 2.67539E-6 4.72414E-6 4.14482E-6 3.32912E-6 3.21188E-6 2.71376E-6 2.1255E-6 1.49023E-6 9.52945E-7 6.25573E-7 6.13832E-7 6.12996E-7 7.25905E-7 6.55268E-7 8.23536E-7 7.30461E-7 1.5317E-6 2.53675E-6 2.45948E-6
1.51401E-3 1.34203E-3 1.0552E-3 1.05528E-3 1.03669E-3 1.01665E-3 8.12928E-4 8.36432E-4 6.61514E-4 7.9944E-4 7.12991E-4 5.52015E-4 4.06169E-4 3.19521E-4 1.82522E-4 1.53431E-4 1.08169E-4 7.60471E-5 5.38672E-5 4.64051E-5 4.20083E-5 4.02405E-5 3.65662E-5 3.4082E-5 2.88259E-5 3.07859E-5 2.06649E-5 1.12484E-5 9.62395E-6 8.53478E-6 5.96851E-6 2.37175E-6 2.16086E-6 3.19424E-6 3.25483E-6 4.20415E-6 6.47857E-6 9.18131E-6 9.79144E-6 7.59729E-6 2.51142E-6 2.50826E-6 1.95003E-6 1.60095E-6 1.61875E-6 3.42753E-6 6.15301E-6 5.34655E-6 4.17184E-6 3.684E-6 2.9922E-6 2.651E-6 1.91745E-6 1.5131E-6 1.1664E-6 7.97219E-7 7.36922E-7 6.34232E-7 4.40981E-7 6.665E-7 6.94703E-7 6.15225E-7 9.3112E-7 2.2864E-6 3.442E-6
1.58871E-3 1.63238E-3 1.54661E-3 1.39011E-3 1.29057E-3 1.33329E-3 1.14357E-3 1.49314E-3 1.4511E-3 8.88787E-4 1.1073E-3 6.65007E-4 8.03746E-4 3.25762E-4 2.15198E-4 1.66562E-4 1.13874E-4 6.50781E-5 6.46956E-5 5.61997E-5 4.30219E-5 3.69734E-5 3.34637E-5 3.8745E-5 4.53373E-5 5.65099E-5 3.92472E-5 2.30511E-5 1.78371E-5 1.26096E-5 1.08655E-5 5.32122E-6 4.26808E-6 3.63528E-6 3.42103E-6 4.84361E-6 7.09393E-6 9.44012E-6 1.27861E-5 9.7758E-6 7.16792E-6 4.76177E-6 2.81832E-6 1.56634E-6 1.19571E-6 1.99734E-6 4.25428E-6 3.09697E-6 3.44844E-6 5.51252E-6 2.20837E-6 1.66708E-6 1.41444E-6 1.36836E-6 8.63903E-7 3.97579E-7 4.23544E-7 8.61231E-7 5.21528E-7 6.80764E-7 6.27483E-7 9.3405E-7 1.28905E-6 2.10127E-6 3.82812E-6
2.28858E-3 2.11461E-3 1.9575E-3 1.89916E-3 1.74621E-3 1.73567E-3 1.67211E-3 2.17245E-3 1.95448E-3 1.24797E-3 1.48044E-3 1.18423E-3 7.54196E-4 6.7453E-4 5.43439E-4 3.02687E-4 1.77108E-4 8.22079E-5 7.55296E-5 7.843E-5 6.72809E-5 4.94576E-5 3.63161E-5 4.14317E-5 5.47473E-5 7.18127E-5 5.42577E-5 4.49862E-5 2.42557E-5 1.90355E-5 1.29619E-5 1.04745E-5 5.62953E-6 4.02739E-6 2.71689E-6 5.68102E-6 7.86593E-6 8.88282E-6 1.146E-5 5.02864E-6 5.84645E-6 5.49165E-6 3.18586E-6 1.5744E-6 1.51984E-6 1.93298E-6 3.44318E-6 3.13783E-6 3.67973E-6 2.46693E-6 1.77324E-6 1.09986E-6 8.80932E-7 7.96946E-7 5.23445E-7 4.71753E-7 4.9224E-7 8.6491E-7 8.72612E-7 7.46755E-7 7.26888E-7 1.51145E-6 1.31644E-6 2.51498E-6 4.874E-6
2.92694E-3 2.61603E-3 2.40963E-3 2.11365E-3 2.30946E-3 2.02387E-3 2.76936E-3 2.88785E-3 2.68064E-3 1.78335E-3 5.14065E-3 2.34983E-3 7.25852E-4 8.10006E-4 4.53783E-4 5.29456E-4 3.40769E-4 1.56126E-4 2.00162E-4 1.58186E-4 1.12377E-4 8.20649E-5 5.77597E-5 6.08001E-5 8.63641E-5 9.72996E-5 6.23105E-5 3.87259E-5 3.48472E-5 3.13976E-5 2.36007E-5 1.33402E-5 7.75498E-6 5.88064E-6 5.8413E-6 6.5109E-6 1.11375E-5 1.0387E-5 7.45304E-6 4.70351E-6 4.62984E-6 5.90415E-6 4.45029E-6 1.21378E-6 1.0374E-6 2.1135E-6 1.56222E-6 1.95399E-6 3.99018E-6 2.49604E-6 1.41489E-6 9.77334E-7 6.98572E-7 7.42258E-7 4.92849E-7 4.38165E-7 5.53814E-7 9.20641E-7 7.4111E-7 6.27923E-7 8.94843E-7 2.35924E-6 2.13824E-6 3.52548E-6 3.44258E-6
3.44823E-3 3.31981E-3 2.85293E-3 3.76372E-3 3.51941E-3 3.27128E-3 2.29526E-3 2.87718E-3 3.03372E-3 3.20652E-3 4.18859E-3 1.44606E-3 8.52767E-4 6.14432E-4 4.6181E-4 4.6308E-4 2.50115E-4 4.4919E-4 3.04586E-4 2.93094E-4 1.79892E-4 1.54613E-4 1.01891E-4 9.90579E-5 9.19204E-5 1.07948E-4 7.4988E-5 7.07714E-5 4.57095E-5 3.48172E-5 3.54574E-5 2.04866E-5 1.16356E-5 9.56166E-6 1.21391E-5 1.17667E-5 8.09184E-6 7.61423E-6 6.9673E-6 4.00122E-6 5.2592E-6 6.45833E-6 6.53055E-6 3.73383E-6 6.11327E-7 1.10487E-6 1.06209E-6 1.1045E-6 2.66516E-6 3.3359E-6 1.72012E-6 7.9332E-7 6.81245E-7 8.34614E-7 7.29089E-7 4.48925E-7 7.00779E-7 6.38952E-7 6.37709E-7 8.88876E-7 1.25058E-6 2.50271E-6 3.98486E-6 7.09485E-6 8.23494E-6
5.24642E-3 4.66821E-3 5.1095E-3 3.16503E-3 3.8121E-3 3.29118E-3 3.49886E-3 3.33926E-3 3.90258E-3 5.71373E-3 3.06634E-3 2.06195E-3 1.7082E-3 9.58956E-4 7.93601E-4 4.70725E-4 2.69867E-4 3.56194E-4 3.14531E-4 3.97559E-4 3.1109E-4 2.31066E-4 1.69456E-4 1.20526E-4 1.58125E-4 1.17072E-4 6.40758E-5 1.04101E-4 9.73069E-5 5.48245E-5 4.32919E-5 2.83523E-5 1.47032E-5 1.30785E-5 1.3241E-5 1.31445E-5 1.04739E-5 1.07209E-5 5.5172E-6 6.29985E-6 6.88791E-6 6.57913E-6 6.13287E-6 4.1304E-6 2.40658E-6 1.57699E-6 1.47426E-6 1.75194E-6 4.66328E-6 3.07197E-6 2.19911E-6 7.59409E-7 1.39959E-6 1.15751E-6 6.48121E-7 2.28411E-7 3.05158E-7 6.1165E-7 9.04516E-7 2.32461E-6 2.72011E-6 5.43506E-6 1.65387E-5 2.98223E-5 2.80971E-5
4.13825E-3 3.39993E-3 4.95971E-3 4.67015E-3 4.42359E-3 4.8059E-3 5.29292E-3 5.82189E-3 5.10979E-3 3.46873E-3 2.27475E-3 1.80012E-3 1.92071E-3 1.25069E-3 7.03983E-4 5.15593E-4 4.49445E-4 3.84577E-4 4.63453E-4 4.26183E-4 5.20319E-4 3.59744E-4 2.73919E-4 2.07894E-4 9.4383E-5 6.01668E-5 4.8535E-5 1.28481E-4 1.08694E-4 8.09321E-5 4.17826E-5 3.57059E-5 2.84816E-5 1.7444E-5 1.55879E-5 1.21906E-5 1.01493E-5 6.50813E-6 8.49373E-6 7.245E-6 6.35856E-6 7.59001E-6 7.08958E-6 4.99173E-6 5.54895E-6 5.5237E-6 4.88588E-6 5.47682E-6 6.93145E-6 5.44478E-6 2.94523E-6 1.3084E-6 5.66566E-7 1.19738E-6 5.25904E-7 1.19232E-7 2.27675E-7 8.78138E-7 3.67147E-6 5.42816E-6 7.20385E-6 1.62316E-5 4.75046E-5 1.00718E-4 7.59551E-5
3.90841E-3 3.93173E-3 4.93119E-3 6.17467E-3 6.4357E-3 6.88655E-3 6.10783E-3 6.68725E-3 3.78236E-3 2.40612E-3 1.90923E-3 2.15713E-3 2.27891E-3 2.04295E-3 1.68592E-3 1.1938E-3 6.10781E-4 3.68999E-4 5.75968E-4 5.79987E-4 5.24564E-4 5.10752E-4 2.47512E-4 2.12581E-4 1.53875E-4 1.11404E-4 8.31324E-5 8.61654E-5 6.90703E-5 6.04997E-5 5.2938E-5 4.32637E-5 3.06435E-5 2.39699E-5 1.55241E-5 9.13227E-6 9.73727E-6 1.11318E-5 1.16302E-5 9.31717E-6 1.00185E-5 9.84353E-6 9.34429E-6 9.16243E-6 8.72549E-6 5.65788E-6 1.99373E-6 3.6051E-6 6.38483E-6 8.1515E-6 4.42427E-6 1.92043E-6 5.35739E-7 4.23242E-7 4.0414E-7 4.01028E-7 2.09276E-6 1.18512E-5 1.12752E-5 1.51797E-5 2.71125E-5 7.00194E-5 8.39378E-5 1.0172E-4 4.91423E-5
6.19161E-3 5.86246E-3 7.15027E-3 7.8834E-3 7.6545E-3 8.66442E-3 6.89729E-3 6.90298E-3 6.84257E-3 6.254E-3 4.87135E-3 4.5691E-3 4.39698E-3 3.61467E-3 2.37862E-3 1.59962E-3 9.11146E-4 6.22072E-4 6.6019E-4 7.27615E-4 7.75016E-4 9.08569E-4 7.08858E-4 5.19236E-4 2.47079E-4 2.72725E-4 2.01041E-4 1.26794E-4 1.19882E-4 1.01207E-4 7.9043E-5 6.08687E-5 3.64836E-5 5.77832E-5 4.73161E-5 3.0602E-5 3.0691E-5 2.81004E-5 1.68675E-5 1.31599E-5 1.47049E-5 1.77593E-5 1.45279E-5 1.27978E-5 1.02466E-5 4.14575E-6 1.06709E-6 6.59036E-6 5.56188E-6 7.17017E-6 2.59355E-6 1.15742E-6 1.88518E-6 9.25573E-6 1.58243E-5 1.11216E-5 1.60757E-5 1.22481E-5 1.62119E-5 2.97018E-5 7.72099E-5 4.02058E-4 8.04534E-4 8.84964E-4 1.82073E-3
1.32568E-2 1.4631E-2 1.16822E-2 9.65357E-3 7.2007E-3 7.89786E-3 6.80272E-3 7.30093E-3 7.78968E-3 7.83956E-3 7.68693E-3 7.58421E-3 5.81699E-3 5.37502E-3 3.92589E-3 2.67099E-3 1.64324E-3 9.48952E-4 9.68646E-4 1.41922E-3 1.15307E-3 1.55506E-3 1.4413E-3 1.01366E-3 5.82321E-4 4.20249E-4 3.14746E-4 1.76646E-4 1.26424E-4 9.89421E-5 5.83778E-5 3.83644E-5 3.04723E-5 4.77558E-5 4.92375E-5 4.29725E-5 4.31458E-5 3.87903E-5 2.19734E-5 2.14227E-5 1.75176E-5 2.39223E-5 2.66876E-5 2.42391E-5 1.29965E-5 5.7225E-6 4.44004E-6 3.43846E-6 1.00204E-6 7.22355E-6 1.73466E-6 6.12991E-6 1.48152E-5 1.78292E-5 7.9089E-6 1.04259E-6 1.5188E-6 4.93275E-6 1.03631E-5 3.66317E-5 1.13247E-4 2.0559E-3 2.32034E-3 3.71347E-3 3.08594E-3
1.9303E-2 2.31049E-2 1.67811E-2 1.10463E-2 5.59185E-3 5.4891E-3 5.99657E-3 1.11518E-2 1.18179E-2 1.2594E-2 1.31427E-2 1.55884E-2 1.32584E-2 8.21153E-3 5.53307E-3 2.95725E-3 2.14858E-3 1.54216E-3 2.14735E-3 2.03668E-3 2.41867E-3 2.37236E-3 3.19292E-3 2.13571E-3 1.10227E-3 6.01168E-4 3.88665E-4 2.17543E-4 1.44276E-4 9.88581E-5 5.51587E-5 5.29321E-5 6.12307E-5 5.51281E-5 7.42193E-5 5.3299E-5 4.5235E-5 2.45577E-5 3.62785E-5 2.77775E-5 3.25531E-5 3.24285E-5 2.57965E-5 3.65841E-5 3.42881E-5 1.56684E-5 8.19222E-6 3.65E-6 1.66607E-5 2.09959E-5 3.63035E-5 3.07166E-5 1.55891E-5 8.04155E-6 3.18463E-6 1.97658E-6 3.07117E-5 1.18019E-4 2.21775E-4 2.34655E-4 3.22433E-4 3.21175E-3 3.91795E-3 5.23305E-3 3.1996E-3
2.37007E-2 2.99089E-2 3.08621E-2 1.58558E-2 9.88229E-3 9.41925E-3 1.50771E-2 2.10182E-2 2.36407E-2 1.38966E-2 1.76366E-2 1.76108E-2 1.2339E-2 8.27388E-3 4.0527E-3 3.50088E-3 4.73749E-3 2.62373E-3 3.33078E-3 2.65959E-3 3.67592E-3 3.93319E-3 5.85217E-3 4.07064E-3 2.17182E-3 9.14426E-4 4.65283E-4 3.27397E-4 1.84789E-4 1.23464E-4 9.5614E-5 7.09703E-5 6.33223E-5 5.6679E-5 6.46065E-5 8.04277E-5 5.47845E-5 4.52721E-5 4.79581E-5 5.37039E-5 5.99514E-5 2.97046E-5 2.1257E-5 3.89138E-5 3.49993E-5 2.22079E-5 1.95861E-5 3.7546E-5 4.29531E-5 5.63244E-5 3.7756E-5 1.95096E-5 1.02766E-5 9.42724E-6 5.67152E-6 1.35972E-4 2.40083E-3 4.36343E-3 2.07591E-3 2.18646E-3 5.69892E-3 5.51086E-3 5.39927E-3 7.6465E-3 7.51078E-3
3.15136E-2 4.21353E-2 3.67501E-2 3.29948E-2 2.94978E-2 2.9007E-2 3.51009E-2 4.74219E-2 4.81822E-2 2.85032E-2 1.69607E-2 1.69487E-2 1.68894E-2 6.51367E-3 5.17791E-3 4.03031E-3 3.60865E-3 5.14331E-3 4.53676E-3 7.54893E-3 7.68422E-3 1.2911E-2 1.50115E-2 1.51891E-2 4.65409E-3 1.87073E-3 6.73155E-4 3.74765E-4 4.86853E-4 4.67802E-4 3.01941E-4 1.89665E-4 1.28465E-4 1.03366E-4 7.83925E-5 6.9177E-5 7.32903E-5 1.03475E-4 7.42694E-5 6.77514E-5 9.278E-5 2.65098E-5 2.33931E-5 4.15229E-5 2.08109E-5 2.45551E-5 6.15544E-5 5.13639E-5 7.16327E-5 4.95458E-5 2.83182E-5 2.49058E-5 2.26454E-5 1.38606E-5 1.76125E-4 2.48073E-3 4.31336E-3 4.26299E-3 3.71602E-3 5.63337E-3 -9999 -9999 -9999 -9999 -9999
4.27304E-2 3.6022E-2 3.58953E-2 4.99334E-2 4.90662E-2 3.77652E-2 3.84006E-2 4.8885E-2 5.89279E-2 4.01263E-2 3.73785E-2 2.02083E-2 1.22522E-2 9.79901E-3 7.08594E-3 4.74163E-3 5.24394E-3 7.02336E-3 9.16184E-3 1.08861E-2 1.65728E-2 1.75251E-2 2.42316E-2 3.85431E-2 1.33246E-2 4.5542E-3 1.90943E-3 1.25996E-3 1.07811E-3 5.00098E-4 2.97329E-4 1.97027E-4 1.15946E-4 1.65049E-4 1.97678E-4 1.19536E-4 9.69306E-5 1.21457E-4 1.05609E-4 1.04944E-4 5.93332E-5 6.72553E-5 3.71996E-5 4.67728E-5 5.43624E-5 8.54395E-5 1.4664E-4 2.21947E-4 2.04591E-4 1.22246E-4 7.47617E-5 6.69728E-5 1.35723E-4 1.794E-3 4.79139E-3 4.09358E-3 6.52794E-3 -9999 -9999 -9999 -9999 -9999 -9999 -9999 -9999
3.93815E-2 3.23666E-2 4.27776E-2 4.22927E-2 4.64113E-2 4.27693E-2 3.96284E-2 2.85421E-2 3.86318E-2 4.79419E-2 4.41602E-2 2.51677E-2 1.40196E-2 9.86639E-3 6.25824E-3 5.23643E-3 6.19839E-3 6.7989E-3 8.85547E-3 7.27118E-3 1.082E-2 3.03053E-2 2.96685E-2 3.06613E-2 1.18568E-2 2.98269E-3 2.21035E-3 1.95321E-3 1.68021E-3 7.65401E-4 4.31458E-4 4.23571E-4 2.10318E-4 3.94596E-4 2.93463E-4 3.25361E-4 3.04279E-4 2.54764E-4 2.22699E-4 1.37519E-4 6.87782E-5 4.00274E-5 7.80598E-5 8.05475E-5 1.64112E-4 2.95412E-4 4.51532E-4 7.02523E-4 6.56802E-4 1.97171E-4 5.62825E-4 1.89561E-3 5.0799E-3 1.11913E-2 -9999 -9999 -9999 -9999 -9999 -9999 -9999 -9999 -9999 -9999 -9999
3.91235E-2 3.1637E-2 4.83457E-2 5.98618E-2 3.90976E-2 5.30896E-2 2.58662E-2 2.64301E-2 4.59064E-2 2.96982E-2 2.75305E-2 1.68923E-2 1.02244E-2 9.94731E-3 9.26913E-3 1.04057E-2 5.13284E-3 5.07092E-3 7.41296E-3 4.16655E-3 6.47267E-3 2.81869E-2 2.36411E-2 1.91769E-2 8.10312E-3 3.35108E-3 3.87882E-3 4.0228E-3 3.2481E-3 1.83495E-3 1.81448E-3 1.27392E-3 7.71098E-4 8.44415E-4 5.62225E-4 4.5954E-4 4.33051E-4 3.29765E-4 2.67235E-4 1.13539E-4 1.11533E-4 1.23292E-4 1.30363E-4 2.86975E-4 5.11765E-4 8.36777E-4 9.90594E-4 2.59552E-3 6.49728E-3 2.92738E-3 3.03058E-3 8.037E-3 2.06072E-3 1.16441E-2 -9999 -9999 -9999 -9999 -9999 -9999 -9999 -9999 -9999 -9999 -9999
2.97903E-2 4.61054E-2 6.9285E-2 6.18362E-2 6.21889E-2 6.93381E-2 6.3991E-2 3.10402E-2 1.87518E-2 2.52008E-2 2.14842E-2 1.24884E-2 7.1969E-3 9.25969E-3 9.58746E-3 6.89459E-3 4.41206E-3 4.47858E-3 1.04514E-2 1.30916E-2 1.59094E-2 1.84436E-2 1.39582E-2 7.78528E-3 4.76037E-3 2.98435E-3 5.33866E-3 4.623E-3 4.91721E-3 2.90976E-3 5.69163E-3 3.51922E-3 1.27197E-3 8.16212E-4 1.00196E-3 6.82716E-4 4.83443E-4 4.43487E-4 5.92534E-4 6.01959E-4 7.41892E-4 6.02182E-4 7.07524E-4 9.16774E-4 1.29277E-3 6.28046E-3 7.2253E-3 7.9264E-3 -9999 1.05477E-2 1.50991E-2 1.83169E-3 7.80399E-3 -9999 -9999 -9999 -9999 -9999 -9999 -9999 -9999 -9999 -9999 -9999 -9999
4.63216E-2 5.88303E-2 6.97238E-2 4.93233E-2 4.45876E-2 3.6681E-2 3.45227E-2 2.13139E-2 1.27158E-2 1.68337E-2 1.6595E-2 1.32805E-2 1.19999E-2 1.07441E-2 1.06623E-2 1.01441E-2 1.40234E-2 1.12825E-2 1.39518E-2 2.13428E-2 2.12181E-2 1.00862E-2 1.33224E-2 1.3588E-2 6.60322E-3 2.40338E-3 3.2779E-3 2.87076E-3 2.18191E-3 1.59348E-3 2.94523E-3 1.74872E-3 8.81065E-4 7.20015E-4 1.18132E-3 8.41085E-4 1.33344E-3 3.67523E-3 4.42569E-3 3.54885E-3 4.12758E-3 1.90928E-3 3.33331E-3 7.21474E-3 4.16839E-3 7.74811E-3 7.57939E-3 -9999 -9999 8.42978E-3 -9999 -9999 -9999 -9999 -9999 -9999 -9999 -9999 -9999 -9999 -9999 -9999 -9999 -9999 -9999
3.67599E-2 4.704E-2 5.25055E-2 3.58645E-2 2.40635E-2 1.66419E-2 8.90622E-3 1.03488E-2 6.79946E-3 7.22663E-3 1.16427E-2 1.83908E-2 1.15672E-2 1.00001E-2 9.88779E-3 9.51064E-3 1.15394E-2 1.73338E-2 1.68764E-2 3.19019E-2 3.07535E-2 1.28992E-2 7.57281E-3 6.16125E-3 3.59E-3 1.43266E-3 1.07317E-3 1.1297E-3 1.07838E-3 1.14245E-3 1.45388E-3 1.6169E-3 1.23561E-3 1.04337E-3 1.78669E-3 7.0562E-3 7.67419E-3 1.04426E-2 1.0524E-2 9.50175E-3 5.97494E-3 5.62885E-3 1.27839E-2 7.61511E-3 -9999 -9999 -9999 -9999 -9999 -9999 -9999 -9999 -9999 -9999 -9999 -9999 -9999 -9999 -9999 -9999 -9999 -9999 -9999 -9999 -9999
3.79589E-2 4.55122E-2 4.42499E-2 2.0081E-2 1.08675E-2 9.50908E-3 6.95679E-3 4.67454E-3 3.34055E-3 2.20906E-3 6.44906E-3 2.03791E-2 1.42526E-2 4.9671E-3 6.11451E-3 8.32408E-3 9.58341E-3 1.45112E-2 2.12611E-2 2.61941E-2 3.65623E-2 2.79036E-2 9.04358E-3 2.98045E-3 1.26802E-3 2.1829E-3 2.10806E-3 2.13323E-3 3.11974E-3 6.12984E-3 1.63493E-3 1.79286E-3 9.34E-3 5.864E-3 7.93615E-3 8.82725E-3 1.41798E-2 1.47988E-2 1.42553E-2 1.22438E-2 7.87382E-3 6.12311E-3 1.12035E-2 -9999 -9999 -9999 -9999 -9999 -9999 -9999 -9999 -9999 -9999 -9999 -9999 -9999 -9999 -9999 -9999 -9999 -9999 -9999 -9999 -9999 -9999
2.67726E-2 3.27972E-2 2.51624E-2 1.24244E-2 8.51755E-3 8.73174E-3 7.51137E-3 2.45043E-3 1.78501E-3 2.52746E-3 2.28507E-3 5.78631E-3 5.60322E-3 2.02308E-3 5.04571E-3 1.62255E-2 1.14968E-2 1.34666E-2 1.53267E-2 2.27025E-2 1.76115E-2 2.03047E-2 5.43405E-3 4.08704E-3 3.05692E-3 2.3748E-3 2.59099E-3 8.97476E-3 2.77749E-2 4.5886E-2 1.85861E-2 1.41369E-2 2.82594E-2 8.91788E-3 8.06024E-3 1.33375E-2 1.14766E-2 1.07791E-2 2.07749E-2 1.48187E-2 1.79157E-2 1.14853E-2 -9999 -9999 -9999 -9999 -9999 -9999 -9999 -9999 -9999 -9999 -9999 -9999 -9999 -9999 -9999 -9999 -9999 -9999 -9999 -9999 -9999 -9999 -9999
2.07429E-2 3.13559E-2 1.5576E-2 7.49005E-3 4.59452E-3 4.00107E-3 7.51557E-3 4.00408E-3 4.30371E-3 5.30933E-3 5.33125E-3 2.79307E-3 1.03453E-3 1.26614E-3 3.15815E-3 1.09956E-2 1.91634E-2 2.57484E-2 1.49948E-2 2.07881E-2 2.18127E-2 2.09627E-2 8.53752E-3 7.8972E-3 5.74284E-3 2.83589E-3 8.72296E-3 4.12322E-2 9.41426E-2 3.57759E-2 3.29225E-2 2.36994E-2 1.42298E-2 9.92129E-3 9.77902E-3 8.95509E-3 1.15878E-2 1.29337E-2 2.01878E-2 1.91554E-2 -9999 -9999 -9999 -9999 -9999 -9999 -9999 -9999 -9999 -9999 -9999 -9999 -9999 -9999 -9999 -9999 -9999 -9999 -9999 -9999 -9999 -9999 -9999 -9999 -9999
2.02347E-2 2.42697E-2 1.16963E-2 9.0037E-3 4.17395E-3 4.70356E-3 6.06678E-3 6.82505E-3 6.66104E-3 4.88523E-3 4.84147E-3 2.97152E-3 1.46863E-3 1.20748E-3 2.14726E-3 7.14777E-3 2.57965E-2 3.94823E-2 3.60929E-2 2.27868E-2 2.23676E-2 2.43428E-2 1.72728E-2 9.06153E-3 6.05781E-3 5.30052E-3 3.03228E-2 8.69327E-2 3.09977E-2 9.35646E-3 6.66251E-3 5.64432E-3 1.42613E-2 6.44571E-3 4.06105E-3 4.74864E-3 7.98909E-3 1.20816E-2 -9999 -9999 -9999 -9999 -9999 -9999 -9999 -9999 -9999 -9999 -9999 -9999 -9999 -9999 -9999 -9999 -9999 -9999 -9999 -9999 -9999 -9999 -9999 -9999 -9999 -9999 -9999
1.24063E-2 1.15216E-2 1.43996E-2 1.17459E-2 6.21039E-3 4.64363E-3 4.59883E-3 5.68859E-3 5.95104E-3 8.33728E-3 7.17244E-3 4.47264E-3 2.59828E-3 2.36398E-3 1.93734E-3 3.66359E-3 1.27197E-2 2.90875E-2 4.36833E-2 2.51366E-2 2.55464E-2 2.60967E-2 1.8475E-2 6.09632E-3 5.46473E-3 1.17235E-2 2.1099E-2 1.00003E-2 1.10952E-2 2.51506E-3 5.05264E-3 9.45961E-3 5.9185E-3 5.29225E-3 3.7111E-3 6.03457E-3 4.01437E-3 -9999 -9999 -9999 -9999 -9999 -9999 -9999 -9999 -9999 -9999 -9999 -9999 -9999 -9999 -9999 -9999 -9999 -9999 -9999 -9999 -9999 -9999 -9999 -9999 -9999 -9999 -9999 -9999
2.0647E-2 3.13047E-2 2.65073E-2 3.09483E-2 1.28381E-2 1.05964E-2 9.79437E-3 7.41447E-3 6.99007E-3 4.79969E-3 4.93829E-3 5.64329E-3 7.07727E-3 4.07074E-3 3.83093E-3 5.03478E-3 6.55071E-3 3.16041E-2 3.05519E-2 2.44433E-2 2.39616E-2 1.96929E-2 1.45087E-2 7.34078E-3 2.83004E-3 4.66209E-3 1.17519E-2 4.74821E-3 3.23551E-3 4.83872E-3 4.86687E-3 8.24193E-3 8.59762E-3 7.41527E-3 6.6011E-3 6.28767E-3 6.17976E-3 -9999 -9999 -9999 -9999 -9999 -9999 -9999 -9999 -9999 -9999 -9999 -9999 -9999 -9999 -9999 -9999 -9999 -9999 -9999 -9999 -9999 -9999 -9999 -9999 -9999 -9999 -9999 -9999
4.05863E-2 4.45641E-2 2.80718E-2 2.36292E-2 1.73404E-2 1.36783E-2 1.01616E-2 1.25493E-2 1.14594E-2 6.91766E-3 1.18933E-2 1.79555E-2 8.77138E-3 6.20045E-3 9.95509E-3 7.29937E-3 8.2618E-3 1.97115E-2 3.17278E-2 1.95488E-2 1.77063E-2 1.43626E-2 1.05806E-2 5.67028E-3 2.76556E-3 4.92062E-3 7.09742E-3 6.26292E-3 5.91261E-3 5.54624E-3 6.57124E-3 2.70475E-2 1.17562E-2 1.11763E-2 8.77004E-3 7.40519E-3 -9999 -9999 -9999 -9999 -9999 -9999 -9999 -9999 -9999 -9999 -9999 -9999 -9999 -9999 -9999 -9999 -9999 -9999 -9999 -9999 -9999 -9999 -9999 -9999 -9999 -9999 -9999 -9999 -9999
