Leopardus munoai/Leopardus_munoai_projection 2041-2060_novel.asc
ncols         515
nrows         545
xllcorner     -119.0
yllcorner     -58.333333333333
cellsize      0.166666666667
NODATA_value  -9999
[rows 150 to 179 of 545, columns 335 to 401 of 515]
1.24266E1 1.65289E0 1.65289E0 1.65289E0 1.65289E0 1.65289E0 1.65289E0 1.65289E0 1.65289E0 1.65289E0 1.65289E0 1.65289E0 1.65289E0 1.65289E0 1.65289E0 1.65289E0 1.65289E0 1.65289E0 1.65289E0 3.98287E-2 3.98287E-2 3.98287E-2 3.98287E-2 3.98287E-2 3.98287E-2 1.99144E-2 1.99144E-2 -9999 -9999 -9999 -9999 -9999 -9999 -9999 -9999 -9999 -9999 -9999 -9999 -9999 -9999 -9999 -9999 -9999 -9999 -9999 -9999 -9999 -9999 -9999 -9999 -9999 -9999 -9999 -9999 -9999 -9999 -9999 -9999 -9999 -9999 -9999 -9999 -9999 -9999 -9999 -9999
1.65289E0 1.65289E0 1.65289E0 1.65289E0 1.65289E0 1.65289E0 1.65289E0 1.24266E1 1.65289E0 1.65289E0 1.65289E0 1.65289E0 1.65289E0 1.65289E0 1.65289E0 1.65289E0 1.65289E0 1.65289E0 1.65289E0 3.98287E-2 3.98287E-2 3.98287E-2 3.98287E-2 3.98287E-2 3.98287E-2 1.99144E-2 1.99144E-2 1.99144E-2 -9999 -9999 -9999 -9999 -9999 -9999 -9999 -9999 -9999 -9999 -9999 -9999 -9999 -9999 -9999 -9999 -9999 -9999 -9999 -9999 -9999 -9999 -9999 -9999 -9999 -9999 -9999 -9999 -9999 -9999 -9999 -9999 -9999 -9999 -9999 -9999 -9999 -9999 -9999
1.65289E0 1.65289E0 1.65289E0 1.24266E1 1.24266E1 1.65289E0 1.65289E0 1.65289E0 1.65289E0 1.65289E0 1.24266E1 1.65289E0 1.65289E0 1.65289E0 1.65289E0 1.65289E0 1.65289E0 1.65289E0 1.65289E0 1.65289E0 3.98287E-2 3.98287E-2 3.98287E-2 3.98287E-2 3.98287E-2 1.99144E-2 1.99144E-2 1.99144E-2 -9999 -9999 -9999 -9999 -9999 -9999 -9999 -9999 -9999 -9999 -9999 -9999 -9999 -9999 -9999 -9999 -9999 -9999 -9999 -9999 -9999 -9999 -9999 -9999 -9999 -9999 -9999 -9999 -9999 -9999 -9999 -9999 -9999 -9999 -9999 -9999 -9999 -9999 -9999
1.65289E0 1.65289E0 1.65289E0 1.24266E1 1.24266E1 1.65289E0 1.65289E0 1.65289E0 1.65289E0 1.65289E0 1.65289E0 1.65289E0 1.65289E0 1.65289E0 1.65289E0 1.65289E0 1.65289E0 1.65289E0 1.65289E0 1.65289E0 3.98287E-2 3.98287E-2 3.98287E-2 3.98287E-2 3.98287E-2 3.98287E-2 1.99144E-2 1.99144E-2 -9999 -9999 -9999 -9999 -9999 -9999 -9999 -9999 -9999 -9999 -9999 -9999 -9999 -9999 -9999 -9999 -9999 -9999 -9999 -9999 -9999 -9999 -9999 -9999 -9999 -9999 -9999 -9999 -9999 -9999 -9999 -9999 -9999 -9999 -9999 -9999 -9999 -9999 -9999
1.65289E0 1.65289E0 1.65289E0 1.24266E1 1.24266E1 1.65289E0 1.65289E0 1.65289E0 1.65289E0 1.65289E0 1.65289E0 1.65289E0 1.65289E0 1.65289E0 1.24266E1 1.65289E0 1.65289E0 1.65289E0 1.65289E0 3.98287E-2 3.98287E-2 3.98287E-2 3.98287E-2 3.98287E-2 3.98287E-2 3.98287E-2 3.98287E-2 1.99144E-2 1.99144E-2 1.99144E-2 1.99144E-2 -9999 -9999 -9999 -9999 -9999 -9999 -9999 -9999 -9999 -9999 -9999 -9999 -9999 -9999 -9999 -9999 -9999 -9999 -9999 -9999 -9999 -9999 -9999 -9999 -9999 -9999 -9999 -9999 -9999 -9999 -9999 -9999 -9999 -9999 -9999 -9999
1.65289E0 1.24266E1 1.24266E1 1.24266E1 1.24266E1 1.65289E0 1.65289E0 1.65289E0 1.65289E0 1.65289E0 1.65289E0 1.24266E1 1.24266E1 3.1863E1 3.1863E1 1.24266E1 1.65289E0 1.65289E0 1.65289E0 1.65289E0 3.98287E-2 3.98287E-2 3.98287E-2 3.98287E-2 3.98287E-2 3.98287E-2 3.98287E-2 3.98287E-2 3.98287E-2 1.99144E-2 1.99144E-2 1.99144E-2 -9999 -9999 -9999 -9999 -9999 -9999 -9999 -9999 -9999 -9999 -9999 -9999 -9999 -9999 -9999 -9999 -9999 -9999 -9999 -9999 -9999 -9999 -9999 -9999 -9999 -9999 -9999 -9999 -9999 -9999 -9999 -9999 -9999 -9999 -9999
1.65289E0 4.95868E0 1.24266E1 1.24266E1 1.24266E1 1.24266E1 1.24266E1 1.24266E1 1.65289E0 1.65289E0 1.24266E1 1.24266E1 1.24266E1 3.1863E1 4.61814E1 1.24266E1 1.65289E0 1.65289E0 1.65289E0 3.98287E-2 3.98287E-2 3.98287E-2 3.98287E-2 3.98287E-2 3.98287E-2 3.98287E-2 3.98287E-2 3.98287E-2 3.98287E-2 3.98287E-2 3.98287E-2 1.99144E-2 1.99144E-2 -9999 -9999 -9999 -9999 -9999 -9999 -9999 -9999 -9999 -9999 -9999 -9999 -9999 -9999 -9999 -9999 -9999 -9999 -9999 -9999 -9999 -9999 -9999 -9999 -9999 -9999 -9999 -9999 -9999 -9999 -9999 -9999 -9999 -9999
1.65289E0 1.65289E0 1.24266E1 3.1863E1 2.58887E1 3.1863E1 1.24266E1 1.24266E1 1.65289E0 1.65289E0 1.24266E1 1.24266E1 3.1863E1 3.90322E1 4.04859E1 3.1863E1 1.24266E1 1.65289E0 1.65289E0 3.98287E-2 3.98287E-2 3.98287E-2 3.98287E-2 3.98287E-2 3.98287E-2 3.98287E-2 3.98287E-2 3.98287E-2 3.98287E-2 3.98287E-2 3.98287E-2 3.98287E-2 1.99144E-2 1.99144E-2 -9999 -9999 -9999 -9999 -9999 -9999 -9999 -9999 -9999 -9999 -9999 -9999 -9999 -9999 -9999 -9999 -9999 -9999 -9999 -9999 -9999 -9999 -9999 -9999 -9999 -9999 -9999 -9999 -9999 -9999 -9999 -9999 -9999
1.65289E0 1.65289E0 1.24266E1 3.10465E1 3.1863E1 3.1863E1 3.1863E1 2.94135E1 2.87563E1 1.24266E1 1.24266E1 3.1863E1 4.25769E1 3.28189E1 3.28189E1 3.28189E1 3.1863E1 1.24266E1 1.65289E0 3.98287E-2 1.65289E0 1.65289E0 3.98287E-2 3.98287E-2 3.98287E-2 3.98287E-2 3.98287E-2 3.98287E-2 3.98287E-2 3.98287E-2 3.98287E-2 3.98287E-2 1.99144E-2 1.99144E-2 1.99144E-2 1.99144E-2 -9999 -9999 -9999 -9999 -9999 -9999 -9999 -9999 -9999 -9999 -9999 -9999 -9999 -9999 -9999 -9999 -9999 -9999 -9999 -9999 -9999 -9999 -9999 -9999 -9999 -9999 -9999 -9999 -9999 -9999 -9999
1.03555E0 3.80364E0 4.42099E0 3.4651E0 2.45146E1 1.24266E1 2.50324E1 2.23837E1 2.34591E1 2.43752E1 2.30409E1 2.39769E1 3.19227E1 3.28189E1 3.28189E1 3.1863E1 3.1863E1 2.40366E1 3.1863E1 1.65289E0 1.65289E0 3.98287E-2 3.98287E-2 3.98287E-2 3.98287E-2 3.98287E-2 3.98287E-2 3.98287E-2 3.98287E-2 3.98287E-2 3.98287E-2 3.98287E-2 3.98287E-2 3.98287E-2 3.98287E-2 1.99144E-2 -9999 1.99144E-2 1.99144E-2 -9999 -9999 -9999 -9999 -9999 1.99144E-2 1.99144E-2 1.99144E-2 -9999 1.99144E-2 1.99144E-2 1.99144E-2 -9999 -9999 -9999 -9999 -9999 -9999 -9999 -9999 -9999 -9999 -9999 -9999 -9999 -9999 -9999 -9999
4.38116E-1 3.26596E0 9.5589E0 1.15702E1 3.1863E1 1.42388E1 1.43184E1 1.63895E1 1.56726E1 2.17863E1 2.36184E1 2.69441E1 3.28189E1 3.28189E1 3.28189E1 3.1863E1 3.1863E1 3.14846E1 3.10465E1 1.24266E1 1.65289E0 3.98287E-2 3.98287E-2 3.98287E-2 1.65289E0 3.98287E-2 3.98287E-2 3.98287E-2 3.98287E-2 3.98287E-2 3.98287E-2 3.98287E-2 3.98287E-2 3.98287E-2 3.98287E-2 1.99144E-2 1.99144E-2 1.99144E-2 1.99144E-2 1.99144E-2 1.99144E-2 1.99144E-2 1.99144E-2 1.99144E-2 3.98287E-2 3.98287E-2 3.98287E-2 1.99144E-2 1.99144E-2 3.98287E-2 3.98287E-2 3.98287E-2 3.98287E-2 3.98287E-2 3.98287E-2 -9999 -9999 -9999 -9999 -9999 -9999 -9999 -9999 -9999 -9999 -9999 -9999
4.18202E-1 1.23469E0 4.64005E0 4.34133E0 1.27452E1 1.35617E1 2.61675E1 1.45574E1 7.70686E0 9.77796E0 1.39201E1 1.73255E1 2.22244E1 3.28189E1 3.28189E1 3.28189E1 3.1863E1 3.28189E1 2.85572E1 2.58887E1 1.24266E1 1.65289E0 3.98287E-2 3.98287E-2 3.98287E-2 3.98287E-2 3.98287E-2 3.98287E-2 3.98287E-2 3.98287E-2 3.98287E-2 3.98287E-2 3.98287E-2 3.98287E-2 3.98287E-2 3.98287E-2 3.98287E-2 3.98287E-2 3.98287E-2 1.99144E-2 1.99144E-2 1.99144E-2 3.98287E-2 3.98287E-2 3.98287E-2 3.98287E-2 3.98287E-2 3.98287E-2 3.98287E-2 3.98287E-2 3.98287E-2 3.98287E-2 3.98287E-2 3.98287E-2 3.98287E-2 3.98287E-2 3.98287E-2 -9999 -9999 -9999 -9999 -9999 -9999 -9999 -9999 -9999 -9999
4.38116E-1 6.3726E-1 6.91029E0 4.24176E0 1.37807E1 1.05944E1 1.47565E1 9.87753E0 7.30857E0 7.66703E0 1.03754E1 1.39201E1 1.37807E1 2.97122E1 3.1863E1 3.28189E1 3.1863E1 3.28189E1 3.28189E1 1.95957E1 2.32799E1 1.24266E1 1.65289E0 3.98287E-2 3.98287E-2 3.98287E-2 3.98287E-2 3.98287E-2 3.98287E-2 3.98287E-2 3.98287E-2 3.98287E-2 3.98287E-2 3.98287E-2 3.98287E-2 3.98287E-2 3.98287E-2 3.98287E-2 3.98287E-2 3.98287E-2 3.98287E-2 3.98287E-2 3.98287E-2 3.98287E-2 3.98287E-2 3.98287E-2 3.98287E-2 3.98287E-2 3.98287E-2 3.98287E-2 3.98287E-2 3.98287E-2 3.98287E-2 3.98287E-2 3.98287E-2 3.98287E-2 3.98287E-2 3.98287E-2 3.98287E-2 3.98287E-2 -9999 -9999 -9999 -9999 -9999 -9999 -9999
3.98287E-1 4.18202E-1 6.57174E-1 2.86767E0 4.24176E0 1.19287E1 1.1172E1 8.66275E0 6.05397E0 8.36403E0 1.49756E1 1.40197E1 1.85004E1 1.5354E1 2.4654E1 3.28189E1 3.28189E1 2.19058E1 2.68844E1 3.2082E1 2.94733E1 2.64065E1 1.24266E1 1.24266E1 1.65289E0 3.98287E-2 3.98287E-2 3.98287E-2 3.98287E-2 3.98287E-2 3.98287E-2 3.98287E-2 3.98287E-2 3.98287E-2 3.98287E-2 3.98287E-2 3.98287E-2 3.98287E-2 3.98287E-2 3.98287E-2 3.98287E-2 3.98287E-2 3.98287E-2 3.98287E-2 3.98287E-2 3.98287E-2 3.98287E-2 3.98287E-2 3.98287E-2 3.98287E-2 3.98287E-2 3.98287E-2 3.98287E-2 3.98287E-2 3.98287E-2 3.98287E-2 3.98287E-2 3.98287E-2 3.98287E-2 3.98287E-2 3.98287E-2 3.98287E-2 -9999 -9999 -9999 -9999 -9999
3.98287E-1 6.77088E-1 2.15075E0 4.34133E0 8.62292E0 8.56318E0 4.93876E0 7.6272E0 6.83063E0 8.80215E0 1.05944E1 1.40197E1 1.42388E1 1.40795E1 1.5115E1 2.59086E1 3.26396E1 1.56726E1 2.82187E1 2.89157E1 2.40366E1 2.08304E1 1.86598E1 1.24266E1 1.65289E0 1.65289E0 3.98287E-2 3.98287E-2 3.98287E-2 3.98287E-2 3.98287E-2 3.98287E-2 3.98287E-2 3.98287E-2 3.98287E-2 3.98287E-2 3.98287E-2 3.98287E-2 3.98287E-2 3.98287E-2 3.98287E-2 3.98287E-2 3.98287E-2 3.98287E-2 3.98287E-2 3.98287E-2 3.98287E-2 3.98287E-2 3.98287E-2 3.98287E-2 3.98287E-2 3.98287E-2 3.98287E-2 3.98287E-2 3.98287E-2 3.98287E-2 3.98287E-2 3.98287E-2 3.98287E-2 3.98287E-2 3.98287E-2 1.65289E0 1.65289E0 -9999 -9999 -9999 -9999
5.37688E-1 4.18202E-1 1.99144E0 6.91029E0 5.69551E0 6.15354E0 6.35268E0 6.43234E0 7.209E0 6.59166E0 9.95718E0 1.1869E1 1.39201E1 1.42985E1 2.31007E1 2.51917E1 2.00339E1 1.4876E1 2.97122E1 3.28189E1 2.17863E1 2.41561E1 2.25032E1 1.24266E1 3.98287E-2 3.98287E-2 3.98287E-2 3.98287E-2 3.98287E-2 3.98287E-2 3.98287E-2 3.98287E-2 3.98287E-2 3.98287E-2 3.98287E-2 3.98287E-2 3.98287E-2 3.98287E-2 3.98287E-2 3.98287E-2 3.98287E-2 3.98287E-2 3.98287E-2 3.98287E-2 3.98287E-2 3.98287E-2 3.98287E-2 1.65289E0 3.98287E-2 3.98287E-2 3.98287E-2 1.65289E0 3.98287E-2 3.98287E-2 1.65289E0 3.98287E-2 3.98287E-2 3.98287E-2 1.65289E0 1.65289E0 3.98287E-2 1.65289E0 1.65289E0 1.65289E0 -9999 -9999 -9999
6.77088E-1 6.57174E-1 1.69272E0 4.71971E0 9.73813E0 7.38823E0 4.48073E0 4.75953E0 6.7908E0 7.08952E0 8.56318E0 1.06542E1 1.63696E1 2.00538E1 2.41362E1 2.69641E1 2.60878E1 2.75814E1 2.77606E1 3.28189E1 2.64065E1 2.41561E1 2.15473E1 1.65289E0 3.98287E-2 3.98287E-2 3.98287E-2 3.98287E-2 3.98287E-2 3.98287E-2 3.98287E-2 3.98287E-2 3.98287E-2 3.98287E-2 3.98287E-2 3.98287E-2 3.98287E-2 3.98287E-2 1.65289E0 3.98287E-2 3.98287E-2 3.98287E-2 3.98287E-2 3.98287E-2 3.98287E-2 3.98287E-2 3.98287E-2 3.98287E-2 3.98287E-2 3.98287E-2 3.98287E-2 1.65289E0 3.98287E-2 1.65289E0 1.65289E0 1.65289E0 3.98287E-2 1.65289E0 1.65289E0 1.65289E0 1.65289E0 3.98287E-2 1.65289E0 1.65289E0 3.98287E-2 3.98287E-2 -9999
2.29015E0 6.57174E-1 1.89187E0 2.4893E0 2.25032E0 4.93876E0 4.65996E0 6.13363E0 6.512E0 7.78652E0 8.56318E0 1.29244E1 1.60311E1 1.42985E1 1.54934E1 2.05516E1 2.56696E1 2.71433E1 1.24266E1 1.24266E1 1.24266E1 2.94733E1 1.65289E0 3.98287E-2 3.98287E-2 3.98287E-2 3.98287E-2 3.98287E-2 1.65289E0 3.98287E-2 3.98287E-2 3.98287E-2 3.98287E-2 3.98287E-2 3.98287E-2 3.98287E-2 1.65289E0 1.65289E0 1.65289E0 3.98287E-2 3.98287E-2 3.98287E-2 3.98287E-2 3.98287E-2 3.98287E-2 3.98287E-2 3.98287E-2 3.98287E-2 3.98287E-2 3.98287E-2 3.98287E-2 3.98287E-2 3.98287E-2 3.98287E-2 3.98287E-2 3.98287E-2 3.98287E-2 1.65289E0 1.65289E0 1.65289E0 1.65289E0 1.65289E0 1.65289E0 3.98287E-2 1.65289E0 1.65289E0 3.98287E-2
4.32142E0 2.23041E0 2.13084E0 2.4893E0 5.13791E0 1.05944E1 7.36832E0 9.95718E0 9.02121E0 1.30638E1 1.49756E1 1.76242E1 1.73255E1 2.04321E1 2.43951E1 1.24266E1 1.24266E1 1.24266E1 1.24266E1 1.24266E1 1.24266E1 1.24266E1 1.65289E0 3.98287E-2 3.98287E-2 3.98287E-2 1.65289E0 3.98287E-2 3.98287E-2 3.98287E-2 3.98287E-2 3.98287E-2 3.98287E-2 3.98287E-2 3.98287E-2 3.98287E-2 1.65289E0 1.65289E0 1.65289E0 3.98287E-2 3.98287E-2 3.98287E-2 3.98287E-2 3.98287E-2 3.98287E-2 3.98287E-2 3.98287E-2 3.98287E-2 3.98287E-2 3.98287E-2 1.65289E0 1.65289E0 3.98287E-2 3.98287E-2 3.98287E-2 1.65289E0 1.65289E0 1.65289E0 1.65289E0 1.65289E0 1.65289E0 1.65289E0 1.65289E0 1.65289E0 1.65289E0 1.65289E0 3.98287E-2
3.66424E0 3.10664E0 2.80793E0 4.69979E0 7.0696E0 6.2332E0 9.16061E0 8.68266E0 8.66275E0 1.13313E1 1.24266E1 1.24266E1 1.65289E0 1.65289E0 1.65289E0 3.98287E-2 1.65289E0 1.65289E0 1.65289E0 1.65289E0 1.65289E0 1.24266E1 1.24266E1 1.24266E1 1.65289E0 3.98287E-2 3.98287E-2 3.98287E-2 3.98287E-2 3.98287E-2 3.98287E-2 3.98287E-2 3.98287E-2 3.98287E-2 3.98287E-2 1.65289E0 1.65289E0 1.65289E0 1.65289E0 3.98287E-2 3.98287E-2 1.65289E0 1.65289E0 3.98287E-2 3.98287E-2 3.98287E-2 3.98287E-2 3.98287E-2 3.98287E-2 3.98287E-2 1.65289E0 1.65289E0 3.98287E-2 3.98287E-2 1.65289E0 1.65289E0 1.65289E0 1.65289E0 1.65289E0 1.65289E0 1.65289E0 1.65289E0 1.65289E0 1.65289E0 1.65289E0 1.65289E0 1.65289E0
4.75953E0 3.10664E0 3.6045E0 3.92313E0 4.42099E0 5.79508E0 6.31285E0 7.906E0 1.24266E1 1.65289E0 1.65289E0 1.65289E0 3.98287E-2 3.98287E-2 3.98287E-2 3.98287E-2 3.98287E-2 3.98287E-2 3.98287E-2 1.65289E0 1.65289E0 3.98287E-2 1.65289E0 1.65289E0 3.98287E-2 3.98287E-2 3.98287E-2 3.98287E-2 3.98287E-2 3.98287E-2 3.98287E-2 3.98287E-2 3.98287E-2 3.98287E-2 3.98287E-2 1.65289E0 1.65289E0 1.65289E0 1.65289E0 3.98287E-2 3.98287E-2 1.65289E0 3.98287E-2 3.98287E-2 3.98287E-2 3.98287E-2 3.98287E-2 3.98287E-2 3.98287E-2 3.98287E-2 3.98287E-2 3.98287E-2 3.98287E-2 1.65289E0 1.65289E0 1.65289E0 1.65289E0 1.65289E0 1.65289E0 1.65289E0 1.65289E0 1.65289E0 1.65289E0 1.65289E0 1.65289E0 1.65289E0 1.65289E0
4.93876E0 5.51628E0 5.79508E0 6.83063E0 1.65289E0 6.512E0 1.65289E0 1.65289E0 1.65289E0 1.65289E0 3.98287E-2 3.98287E-2 3.98287E-2 3.98287E-2 3.98287E-2 1.99144E-2 1.99144E-2 3.98287E-2 3.98287E-2 3.98287E-2 1.99144E-2 1.99144E-2 3.98287E-2 1.99144E-2 1.99144E-2 3.98287E-2 3.98287E-2 3.98287E-2 3.98287E-2 3.98287E-2 3.98287E-2 3.98287E-2 3.98287E-2 3.98287E-2 1.65289E0 1.65289E0 1.24266E1 1.65289E0 1.65289E0 1.65289E0 1.65289E0 1.65289E0 1.65289E0 3.98287E-2 3.98287E-2 3.98287E-2 3.98287E-2 1.65289E0 1.65289E0 3.98287E-2 3.98287E-2 1.65289E0 1.65289E0 1.65289E0 1.65289E0 1.65289E0 1.65289E0 1.65289E0 1.65289E0 1.65289E0 1.65289E0 1.65289E0 1.65289E0 1.65289E0 1.65289E0 1.65289E0 1.65289E0
5.37688E0 5.11799E0 5.51628E0 1.65289E0 1.65289E0 1.65289E0 1.65289E0 1.65289E0 1.65289E0 1.65289E0 3.98287E-2 3.98287E-2 3.98287E-2 3.98287E-2 1.99144E-2 1.99144E-2 1.99144E-2 1.99144E-2 1.99144E-2 1.99144E-2 1.99144E-2 1.99144E-2 1.99144E-2 1.99144E-2 1.99144E-2 3.98287E-2 3.98287E-2 3.98287E-2 3.98287E-2 3.98287E-2 3.98287E-2 3.98287E-2 3.98287E-2 3.98287E-2 1.65289E0 1.65289E0 1.65289E0 1.65289E0 1.65289E0 1.24266E1 1.65289E0 1.65289E0 1.65289E0 1.65289E0 3.98287E-2 3.98287E-2 1.65289E0 1.65289E0 1.65289E0 1.65289E0 1.65289E0 1.65289E0 1.65289E0 1.65289E0 1.24266E1 1.65289E0 1.65289E0 1.65289E0 1.24266E1 1.65289E0 1.65289E0 1.65289E0 1.65289E0 1.65289E0 1.65289E0 1.65289E0 1.65289E0
6.05397E0 5.11799E0 5.65568E0 6.59166E0 1.65289E0 1.65289E0 1.65289E0 1.65289E0 3.98287E-2 3.98287E-2 3.98287E-2 3.98287E-2 3.98287E-2 1.99144E-2 1.99144E-2 1.99144E-2 1.99144E-2 1.99144E-2 1.99144E-2 1.99144E-2 1.99144E-2 1.99144E-2 1.99144E-2 1.99144E-2 1.99144E-2 3.98287E-2 3.98287E-2 3.98287E-2 3.98287E-2 3.98287E-2 3.98287E-2 3.98287E-2 3.98287E-2 3.98287E-2 1.65289E0 1.65289E0 1.65289E0 1.65289E0 1.65289E0 1.65289E0 1.65289E0 1.24266E1 1.65289E0 3.98287E-2 3.98287E-2 1.65289E0 1.65289E0 1.65289E0 1.65289E0 1.65289E0 1.65289E0 1.65289E0 1.65289E0 1.65289E0 1.65289E0 1.24266E1 1.65289E0 1.24266E1 1.24266E1 1.24266E1 1.65289E0 1.65289E0 1.65289E0 1.65289E0 1.65289E0 1.65289E0 1.65289E0
8.44369E0 8.28438E0 7.00986E0 7.00986E0 7.209E0 1.65289E0 1.65289E0 1.65289E0 3.98287E-2 3.98287E-2 3.98287E-2 3.98287E-2 1.99144E-2 1.99144E-2 1.99144E-2 1.99144E-2 1.99144E-2 1.99144E-2 1.99144E-2 1.99144E-2 1.99144E-2 1.99144E-2 3.98287E-2 3.98287E-2 3.98287E-2 3.98287E-2 3.98287E-2 3.98287E-2 3.98287E-2 3.98287E-2 3.98287E-2 3.98287E-2 3.98287E-2 1.65289E0 1.65289E0 1.65289E0 1.65289E0 1.65289E0 1.65289E0 1.65289E0 1.65289E0 1.65289E0 1.65289E0 1.65289E0 1.65289E0 1.65289E0 1.65289E0 1.65289E0 1.65289E0 1.65289E0 1.65289E0 1.65289E0 1.65289E0 1.65289E0 1.65289E0 1.65289E0 1.65289E0 1.65289E0 1.65289E0 1.65289E0 1.65289E0 1.65289E0 1.65289E0 1.65289E0 1.65289E0 1.65289E0 1.65289E0
9.49915E0 1.65289E0 1.65289E0 1.65289E0 1.65289E0 1.65289E0 1.65289E0 1.65289E0 3.98287E-2 3.98287E-2 3.98287E-2 3.98287E-2 3.98287E-2 1.99144E-2 1.99144E-2 1.99144E-2 1.99144E-2 1.99144E-2 1.99144E-2 1.99144E-2 3.98287E-2 1.24266E1 1.65289E0 1.65289E0 1.65289E0 3.98287E-2 3.98287E-2 3.98287E-2 3.98287E-2 3.98287E-2 3.98287E-2 1.65289E0 1.65289E0 1.65289E0 1.65289E0 1.65289E0 1.65289E0 1.65289E0 1.65289E0 1.65289E0 1.65289E0 1.65289E0 1.65289E0 1.65289E0 1.65289E0 1.65289E0 1.65289E0 1.65289E0 1.65289E0 1.65289E0 1.65289E0 1.65289E0 1.65289E0 1.65289E0 1.65289E0 1.65289E0 1.65289E0 1.65289E0 1.65289E0 1.65289E0 1.65289E0 1.65289E0 1.65289E0 1.65289E0 1.65289E0 1.65289E0 1.65289E0
7.96575E0 1.65289E0 1.65289E0 1.65289E0 1.65289E0 1.65289E0 1.65289E0 1.65289E0 3.98287E-2 3.98287E-2 3.98287E-2 3.98287E-2 1.99144E-2 1.99144E-2 1.99144E-2 1.99144E-2 1.99144E-2 1.99144E-2 1.99144E-2 1.99144E-2 1.99144E-2 3.98287E-2 3.98287E-2 3.98287E-2 3.98287E-2 3.98287E-2 3.98287E-2 3.98287E-2 3.98287E-2 3.98287E-2 1.65289E0 1.65289E0 1.65289E0 1.65289E0 1.65289E0 1.65289E0 1.65289E0 1.65289E0 1.65289E0 1.65289E0 1.65289E0 1.65289E0 1.65289E0 1.65289E0 1.65289E0 1.65289E0 1.65289E0 1.65289E0 1.65289E0 1.65289E0 1.65289E0 1.65289E0 1.65289E0 1.65289E0 1.65289E0 1.65289E0 1.65289E0 1.65289E0 1.65289E0 1.65289E0 1.24266E1 1.65289E0 1.65289E0 1.65289E0 1.65289E0 1.65289E0 1.65289E0
1.08334E1 1.65289E0 1.65289E0 1.65289E0 1.65289E0 1.65289E0 1.65289E0 1.65289E0 3.98287E-2 3.98287E-2 3.98287E-2 1.99144E-2 1.99144E-2 1.99144E-2 1.99144E-2 1.99144E-2 1.99144E-2 1.99144E-2 1.99144E-2 1.99144E-2 1.99144E-2 1.99144E-2 1.99144E-2 3.98287E-2 3.98287E-2 3.98287E-2 3.98287E-2 3.98287E-2 3.98287E-2 1.65289E0 1.65289E0 1.65289E0 1.65289E0 1.65289E0 1.65289E0 1.65289E0 1.65289E0 1.65289E0 1.65289E0 1.65289E0 1.65289E0 1.65289E0 1.65289E0 1.65289E0 1.65289E0 1.65289E0 1.65289E0 1.65289E0 1.65289E0 1.65289E0 1.65289E0 1.65289E0 1.65289E0 1.65289E0 1.65289E0 1.65289E0 1.65289E0 1.65289E0 1.65289E0 1.65289E0 1.65289E0 1.65289E0 1.65289E0 1.65289E0 1.65289E0 1.65289E0 1.65289E0
1.65289E0 1.65289E0 1.65289E0 1.65289E0 1.65289E0 1.65289E0 1.65289E0 3.98287E-2 3.98287E-2 3.98287E-2 3.98287E-2 1.99144E-2 1.99144E-2 1.99144E-2 1.99144E-2 1.99144E-2 1.99144E-2 1.99144E-2 1.99144E-2 1.99144E-2 1.99144E-2 1.99144E-2 1.99144E-2 1.99144E-2 3.98287E-2 3.98287E-2 3.98287E-2 3.98287E-2 3.98287E-2 1.65289E0 1.65289E0 1.65289E0 1.65289E0 1.65289E0 1.65289E0 1.65289E0 1.65289E0 1.65289E0 1.65289E0 1.65289E0 1.65289E0 1.65289E0 1.24266E1 1.65289E0 1.65289E0 1.65289E0 1.65289E0 1.65289E0 1.24266E1 1.65289E0 1.65289E0 1.65289E0 1.65289E0 1.65289E0 1.65289E0 1.65289E0 1.65289E0 1.65289E0 1.65289E0 1.65289E0 1.65289E0 1.65289E0 1.65289E0 1.65289E0 1.65289E0 1.65289E0 1.65289E0
1.65289E0 1.65289E0 1.65289E0 1.65289E0 1.65289E0 1.65289E0 3.98287E-2 3.98287E-2 3.98287E-2 3.98287E-2 3.98287E-2 3.98287E-2 1.99144E-2 1.99144E-2 1.99144E-2 1.99144E-2 1.99144E-2 1.99144E-2 1.99144E-2 1.99144E-2 1.99144E-2 1.99144E-2 1.99144E-2 3.98287E-2 3.98287E-2 3.98287E-2 3.98287E-2 3.98287E-2 3.98287E-2 3.98287E-2 1.65289E0 1.65289E0 1.65289E0 1.65289E0 1.65289E0 1.65289E0 1.65289E0 1.65289E0 1.65289E0 1.65289E0 1.65289E0 1.65289E0 1.24266E1 1.65289E0 1.65289E0 1.65289E0 1.65289E0 1.65289E0 1.24266E1 1.24266E1 1.24266E1 1.65289E0 1.65289E0 1.65289E0 1.65289E0 1.65289E0 1.65289E0 1.65289E0 1.65289E0 1.65289E0 1.65289E0 1.65289E0 1.65289E0 1.65289E0 1.65289E0 1.65289E0 1.65289E0
