Leopardus munoai/Leopardus_munoai.asc
ncols         515
nrows         545
xllcorner     -119.0
yllcorner     -58.333333333333
cellsize      0.166666666667
NODATA_value  -9999
[rows 145 to 173 of 545, columns 260 to 324 of 515]
1.54212E-7 6.07244E-8 1.27819E-8 5.77198E-9 2.82978E-9 1.05722E-11 1.829E-11 1.46839E-9 1.38579E-7 2.91338E-8 3.61753E-10 1.58101E-9 1.55714E-6 1.50146E-5 4.13738E-5 4.54198E-5 1.55829E-4 1.51131E-4 8.08647E-5 5.76375E-5 1.27316E-4 5.48797E-4 5.56046E-6 5.46194E-6 1.92597E-6 4.89791E-7 5.85532E-7 1.13048E-6 3.04805E-5 2.21134E-5 5.19612E-6 8.06962E-7 3.77431E-7 3.00341E-10 1.94242E-10 1.04797E-10 6.47502E-11 5.17314E-11 5.26923E-11 3.83822E-11 3.31138E-11 4.30813E-11 4.94095E-11 6.208E-11 4.33756E-11 2.09394E-11 1.8743E-11 3.10907E-11 3.41718E-11 3.85864E-11 2.27622E-11 1.53724E-11 1.17243E-11 1.71356E-11 1.92882E-11 2.31188E-11 2.17605E-11 2.79482E-11 3.1919E-11 7.92336E-11 5.40222E-11 7.61473E-11 6.88173E-11 1.35205E-10 9.93633E-8
3.2359E-7 3.07379E-8 9.22637E-9 1.27653E-8 3.4271E-9 1.03909E-11 6.65988E-11 6.44746E-9 5.78474E-6 5.04478E-8 5.81659E-10 7.03262E-10 4.766E-8 2.02509E-5 2.93938E-5 6.43827E-6 8.56453E-5 1.14615E-4 1.52153E-4 1.5262E-4 3.85505E-4 4.42442E-5 9.91837E-8 4.60615E-6 9.34436E-7 2.32703E-6 4.89439E-6 1.413E-5 1.76013E-5 1.4193E-6 6.4162E-7 6.46137E-7 3.86964E-7 2.60837E-10 2.21574E-10 1.47355E-10 1.18842E-10 5.4464E-11 4.65874E-11 6.99437E-11 4.79614E-11 3.00187E-11 3.11503E-11 3.3512E-11 2.16355E-11 1.80429E-11 1.50452E-11 1.31847E-11 1.74648E-11 1.65785E-11 1.89838E-11 1.14716E-11 1.52961E-11 1.28413E-11 1.66628E-11 1.33508E-11 1.97228E-11 4.66924E-11 6.50334E-11 5.79168E-11 9.01599E-11 8.11844E-11 1.05878E-10 1.80451E-10 1.8191E-10
1.32256E-7 7.5863E-8 7.97948E-9 3.63121E-9 9.44631E-9 1.02935E-9 1.21593E-8 1.80844E-8 6.98771E-8 5.17973E-8 2.62733E-10 4.68745E-9 4.34686E-8 3.33368E-7 9.09245E-6 2.67004E-6 1.45141E-5 1.47307E-4 4.08049E-4 4.14278E-4 5.06851E-5 1.0155E-5 4.29371E-6 1.29475E-5 1.53708E-5 1.82375E-5 2.06519E-5 1.74715E-6 6.86525E-7 5.2456E-7 5.31067E-7 3.77733E-10 3.49228E-10 1.44097E-10 1.94283E-10 2.15089E-10 7.60914E-11 2.86947E-11 2.63127E-11 1.03733E-10 5.96427E-11 1.76503E-11 1.99829E-11 3.22496E-11 2.35115E-11 8.2927E-12 8.25662E-12 8.9011E-12 1.02758E-11 9.95437E-12 1.26644E-11 1.41825E-11 8.1134E-12 1.59157E-11 6.74671E-12 1.31121E-11 8.63321E-12 2.26382E-11 2.9258E-11 3.73397E-11 6.98834E-11 9.37067E-11 8.61871E-11 7.65528E-11 1.26324E-10
1.10629E-6 1.65777E-7 3.52547E-8 2.00851E-8 2.8503E-9 6.84724E-10 7.34525E-9 5.91521E-8 2.76166E-8 1.04703E-8 6.48405E-10 1.17744E-8 3.95891E-8 1.09092E-7 7.35942E-6 3.29752E-6 2.85646E-6 1.03594E-4 1.2837E-4 2.10045E-4 1.21467E-4 2.73825E-5 4.03691E-5 8.82618E-5 5.2727E-5 2.92342E-5 1.89427E-6 1.25046E-6 9.76505E-10 8.25143E-10 5.51045E-10 3.42541E-10 3.57695E-10 3.09755E-10 2.84762E-10 1.11022E-10 5.04777E-11 3.63545E-11 5.24106E-11 4.89602E-11 3.81448E-11 2.21309E-11 2.77618E-11 1.78551E-11 5.72997E-12 2.5957E-12 8.98059E-13 1.15863E-12 3.7762E-12 6.527E-12 3.84759E-12 1.08737E-11 3.38807E-12 6.42097E-12 9.16756E-12 1.31166E-11 1.64777E-11 1.70479E-11 2.46059E-11 1.30568E-11 2.18414E-11 3.89558E-11 5.78869E-11 7.90766E-11 1.28021E-10
4.97513E-7 3.15807E-8 1.45122E-8 2.55324E-9 1.35273E-9 4.36222E-10 9.25089E-9 5.56141E-8 3.75849E-8 1.44431E-8 7.37705E-10 2.71176E-8 5.78049E-8 1.33016E-7 9.90525E-6 1.10115E-5 1.11664E-6 3.30504E-5 3.93612E-5 2.36389E-5 1.50498E-4 3.02246E-4 9.47633E-5 6.43182E-5 3.20271E-5 1.13193E-5 1.46942E-6 2.16521E-9 6.44283E-10 6.59789E-10 2.48431E-10 2.376E-10 5.3128E-10 1.8224E-10 6.64726E-11 3.17887E-11 2.06033E-11 4.53781E-11 3.20594E-11 4.61567E-11 2.74591E-11 2.28633E-11 3.4205E-11 3.55351E-11 9.47531E-12 7.80198E-12 7.98284E-12 4.84346E-12 1.26066E-12 1.44118E-12 3.58069E-12 4.22817E-12 5.66081E-12 8.36797E-12 1.46977E-11 1.60142E-11 1.24363E-11 7.33469E-12 9.79716E-12 1.83484E-11 2.25002E-11 6.77101E-11 4.14045E-11 5.18826E-11 5.18605E-11
2.88877E-7 4.89871E-8 3.55207E-8 3.39994E-9 1.12127E-9 1.77811E-9 6.94082E-9 1.48217E-8 1.08414E-7 3.94019E-8 9.74062E-10 1.9802E-9 1.31489E-7 1.08003E-7 1.25748E-5 1.0703E-5 9.97618E-8 4.82648E-7 1.01672E-6 1.07993E-7 8.39989E-7 1.581E-5 7.05963E-5 4.24086E-5 1.87611E-5 1.27384E-6 1.54234E-9 1.04632E-9 3.41884E-10 1.71112E-10 2.60034E-10 2.26945E-10 1.78558E-10 1.10601E-10 4.44966E-11 3.67257E-11 3.23809E-11 3.33438E-11 5.26252E-11 2.40334E-11 2.56559E-11 3.23529E-11 4.0999E-11 1.55909E-11 9.92784E-12 5.44531E-12 1.40676E-12 1.4253E-12 1.62514E-12 3.13394E-12 3.46645E-12 7.60025E-12 5.86364E-12 4.59788E-12 5.70244E-12 4.40115E-12 3.87523E-12 3.03724E-12 3.08842E-12 1.25469E-11 2.63258E-11 2.72279E-11 3.05647E-11 5.59034E-11 3.46259E-11
4.99558E-8 2.06517E-8 1.24371E-8 1.51498E-8 5.5132E-9 3.49604E-9 1.06201E-8 1.87154E-8 3.9883E-8 1.23789E-9 8.3412E-10 3.10036E-9 1.85963E-8 1.57481E-7 5.19204E-7 1.25274E-5 1.08538E-7 3.00194E-8 1.35621E-7 8.80988E-6 2.50117E-6 3.18119E-5 8.13005E-9 2.4829E-5 1.64676E-5 4.34617E-10 1.65118E-9 7.27458E-10 5.53393E-10 2.73799E-10 4.53841E-10 1.87176E-10 7.40429E-11 3.83142E-11 8.5423E-11 3.1081E-11 2.20018E-11 3.18924E-11 3.62297E-11 3.17975E-11 3.25092E-11 7.219E-12 4.39881E-12 3.56448E-12 1.69487E-12 9.90097E-13 7.93587E-13 9.12048E-13 1.09834E-12 1.20348E-12 1.95732E-12 4.03622E-12 1.10179E-11 1.18447E-11 7.43794E-12 2.46669E-12 3.27083E-12 8.29747E-12 4.6928E-12 3.74323E-12 9.52816E-12 1.11409E-10 4.51349E-11 1.86436E-11 1.46445E-11
6.91055E-8 4.90272E-8 4.8492E-8 2.42274E-8 4.39502E-8 2.13798E-8 2.39099E-8 2.07241E-8 6.7146E-10 6.12985E-10 7.22897E-9 4.52997E-9 5.62484E-9 2.02981E-7 1.26255E-6 1.47116E-6 9.51204E-8 2.92468E-10 6.43337E-9 1.09305E-6 2.61817E-5 1.83304E-8 1.58456E-8 2.35346E-9 1.88E-9 1.10274E-9 9.50756E-10 1.13043E-9 1.44014E-9 1.02709E-10 8.62755E-11 1.85232E-10 1.50909E-10 4.06224E-10 1.67529E-10 8.79743E-11 5.74695E-11 3.84128E-11 7.77373E-11 2.10438E-11 5.28655E-12 3.83971E-12 1.47304E-12 1.41365E-12 9.90874E-13 7.75713E-13 6.36269E-13 7.53175E-13 7.64611E-13 1.15663E-12 8.61089E-13 7.72693E-12 2.45681E-12 3.21765E-12 4.00646E-12 6.26421E-12 1.48747E-11 9.29956E-12 9.7099E-12 6.27709E-12 1.62036E-11 5.49504E-11 1.91018E-11 7.98295E-12 1.53166E-11
3.01147E-9 2.11751E-8 4.88168E-8 5.11284E-8 4.49092E-8 3.86479E-8 3.37717E-8 1.79096E-8 1.4554E-9 2.67564E-9 5.03156E-9 8.82352E-9 5.31389E-9 3.16825E-7 2.57422E-6 4.35002E-6 1.97484E-6 8.74981E-10 1.43647E-11 2.09337E-7 3.35653E-6 1.68784E-9 1.01972E-8 1.31642E-9 2.93444E-10 1.77112E-10 7.22474E-10 8.14602E-10 1.49749E-9 9.50365E-11 1.31008E-10 1.02326E-10 1.16469E-10 6.47827E-11 4.80179E-11 2.0717E-11 1.4546E-11 8.00093E-12 1.16882E-11 5.32618E-12 4.88432E-12 1.67144E-12 1.24689E-12 1.10933E-12 1.02818E-12 8.89067E-13 7.71938E-13 6.65579E-13 5.6477E-13 7.43183E-13 1.57718E-12 3.77109E-12 2.29561E-12 4.23284E-12 2.43494E-12 2.52924E-11 2.52028E-11 1.05779E-11 5.94258E-12 5.78571E-12 8.59357E-12 3.554E-11 1.57934E-11 8.56892E-12 1.97827E-11
8.48812E-8 5.90034E-9 5.63555E-8 9.09987E-8 6.43571E-8 6.4861E-8 3.24896E-8 3.05979E-9 3.3983E-9 3.24324E-9 1.21876E-8 1.13058E-8 5.00875E-8 1.14052E-6 3.25138E-6 4.81884E-6 4.37044E-6 3.46022E-7 5.7287E-10 7.79377E-13 1.64449E-10 3.37071E-10 1.14103E-9 1.49356E-9 2.64373E-10 3.52172E-11 7.58923E-11 2.04259E-10 2.33997E-10 5.69867E-11 1.72662E-10 2.60548E-11 2.18207E-11 1.69456E-11 1.28186E-11 9.29012E-12 7.15139E-12 6.70985E-12 5.80191E-12 4.44778E-12 4.10494E-12 1.7536E-12 2.08888E-12 1.18094E-12 4.17189E-12 9.81104E-13 7.17204E-13 5.46563E-13 5.30354E-13 4.41092E-13 5.6255E-13 4.54414E-12 2.74469E-12 1.89571E-12 4.57212E-12 8.89278E-12 5.55165E-11 2.54844E-11 1.33835E-11 9.03277E-12 9.34486E-12 2.42365E-10 1.35932E-10 1.40311E-11 6.82067E-7
3.55766E-7 5.60935E-7 1.65204E-7 8.82603E-8 7.73061E-8 7.01892E-8 5.72292E-8 1.17601E-8 4.53852E-9 1.02312E-8 2.35451E-8 2.17483E-8 3.49658E-7 3.31476E-7 3.67232E-6 2.51251E-6 1.7495E-6 1.07721E-7 4.08998E-8 1.5663E-11 9.60454E-13 4.82514E-12 2.30002E-10 2.31912E-9 3.12504E-10 6.07205E-11 6.27337E-11 1.84938E-10 7.52388E-11 2.13439E-11 2.45524E-11 2.44621E-11 1.18097E-11 8.82128E-12 1.03326E-11 9.11682E-12 7.93454E-12 7.02161E-12 7.47857E-12 3.91265E-12 3.10119E-12 1.21081E-12 8.1668E-13 8.25673E-13 9.03388E-13 8.83293E-13 8.08131E-13 6.1029E-13 4.96714E-13 5.3757E-13 8.46767E-13 2.69729E-12 1.61027E-12 5.03131E-12 7.81231E-12 1.13036E-11 3.4337E-11 2.31035E-11 7.18103E-12 7.49112E-12 3.22433E-11 2.54155E-6 2.48691E-6 7.63755E-7 6.71091E-7
4.86656E-8 1.94764E-7 1.59075E-7 1.2837E-7 1.83968E-7 1.69211E-7 6.21381E-8 2.3858E-8 6.51722E-9 8.37677E-9 1.9684E-8 4.8132E-7 1.03001E-6 1.30346E-6 2.63332E-7 3.0848E-7 1.17457E-7 6.72693E-8 3.2859E-7 8.91015E-10 2.10165E-13 3.53659E-11 2.41602E-10 1.43829E-10 1.86524E-10 5.04734E-10 5.25677E-10 2.51979E-10 2.30628E-11 1.56235E-11 1.38367E-11 1.21735E-11 1.15693E-11 1.06954E-11 7.0608E-12 7.77711E-12 5.43143E-12 4.78229E-12 5.58253E-12 4.44977E-12 1.24878E-12 1.15541E-12 8.43214E-13 9.23484E-13 9.32587E-13 9.57789E-13 7.27973E-13 5.67768E-13 5.21694E-13 5.50449E-13 1.3507E-12 9.25482E-13 6.14875E-12 1.23279E-11 6.58462E-12 9.28835E-12 1.1826E-11 1.27089E-11 1.02647E-11 8.19889E-12 7.72815E-12 4.03108E-11 3.38154E-6 1.3915E-6 7.79593E-7
1.17239E-7 1.08663E-7 1.47538E-7 4.31748E-7 2.26443E-7 4.26185E-7 2.01834E-7 1.57677E-8 7.71625E-9 1.07599E-8 9.93399E-8 7.05183E-7 2.02349E-6 4.3848E-7 1.90444E-7 4.57252E-7 3.52568E-8 2.42086E-8 7.98973E-8 9.97258E-12 6.63147E-12 1.06719E-9 1.04022E-9 3.22409E-10 1.23197E-10 4.80993E-10 4.31528E-10 9.61772E-11 1.31941E-11 1.34526E-11 1.08239E-11 1.01638E-11 1.40978E-11 1.34147E-11 7.42739E-12 4.85878E-12 5.0252E-12 4.99534E-12 4.45344E-12 4.60809E-12 2.00262E-12 1.23801E-12 1.01186E-12 1.48637E-12 2.08245E-12 1.802E-12 1.99252E-12 1.31661E-12 1.74427E-12 1.61504E-12 1.16274E-12 3.50864E-12 2.06341E-11 1.43298E-11 1.17684E-11 1.67689E-11 1.6971E-11 2.43237E-11 2.21525E-11 3.66995E-12 4.03388E-12 7.35079E-12 2.7542E-6 3.52319E-6 9.53028E-7
5.50022E-8 8.58685E-8 5.66835E-7 6.60357E-7 5.01199E-7 1.81329E-7 4.20157E-7 8.05269E-8 3.31411E-8 2.21337E-7 8.53666E-7 7.23957E-7 2.22958E-7 1.54894E-7 1.92968E-7 5.50589E-7 7.96685E-10 5.94873E-8 2.09531E-8 3.0822E-12 7.52118E-10 4.25157E-9 1.16674E-9 1.59707E-10 2.81106E-11 5.59482E-10 2.13126E-10 4.03607E-11 1.82369E-11 1.148E-11 8.43148E-12 1.04173E-11 8.44858E-12 5.83E-12 1.89898E-11 1.75798E-11 1.6707E-11 2.75504E-11 6.78579E-12 2.18436E-12 1.81322E-12 1.80311E-12 1.88549E-12 1.29474E-12 1.14209E-12 9.01168E-13 9.05942E-13 7.5473E-13 1.43241E-12 1.45384E-12 2.27995E-12 9.45088E-12 1.60707E-11 8.51252E-12 7.88813E-12 3.20707E-11 1.26897E-11 1.09953E-11 1.65842E-11 1.02773E-11 9.18077E-12 1.97065E-6 2.68613E-6 3.21314E-6 2.05962E-6
3.44547E-7 1.23853E-7 4.63205E-7 9.12188E-7 1.29758E-6 8.78878E-8 4.55408E-7 6.39562E-8 1.91228E-7 7.98137E-7 3.98558E-7 2.21002E-8 5.04324E-8 5.68518E-7 4.98592E-7 4.03595E-9 4.17718E-8 3.62636E-10 3.29181E-13 5.00785E-11 2.32769E-10 5.02305E-10 1.27129E-9 2.83704E-10 8.89887E-11 1.33487E-10 2.15761E-10 2.49166E-11 1.05049E-11 3.7903E-11 1.6803E-11 7.33191E-12 2.17304E-12 3.37752E-12 2.05365E-11 9.89708E-12 5.75107E-12 4.29534E-12 7.21201E-13 1.67699E-12 1.77169E-12 1.69598E-12 1.47971E-12 1.36502E-12 1.02218E-12 1.01463E-12 9.11604E-13 1.54521E-12 4.24527E-12 3.68039E-12 4.2476E-12 1.00799E-11 2.24412E-11 1.9263E-11 1.51047E-11 9.86711E-12 1.95813E-11 4.58853E-11 3.22832E-11 7.06224E-12 4.55336E-12 2.01018E-6 4.88742E-6 3.90658E-6 2.80526E-6
2.33431E-6 4.30767E-7 1.58665E-7 8.06418E-7 7.181E-7 3.05821E-7 2.37581E-7 1.10403E-7 3.76384E-7 9.23555E-7 6.38185E-7 2.68977E-7 3.07547E-7 8.72494E-8 8.53586E-8 5.10509E-7 4.12625E-7 5.78315E-12 7.87566E-11 4.7736E-11 1.0142E-9 9.96631E-10 7.63934E-10 2.03322E-10 5.87749E-11 4.51394E-11 9.06761E-11 3.21123E-11 1.76846E-11 4.00905E-11 2.67142E-11 2.67752E-12 1.75571E-12 1.23125E-11 5.90594E-12 3.52041E-12 2.15949E-12 2.16249E-12 1.88149E-12 2.36422E-12 2.52454E-12 2.66931E-12 2.7689E-12 2.33069E-12 1.25522E-12 1.62181E-12 2.17293E-12 3.35953E-12 4.4531E-12 6.11322E-12 9.06097E-12 9.59066E-12 1.27548E-11 1.13619E-11 7.95131E-12 1.32132E-11 1.45536E-11 8.08731E-12 2.41193E-11 4.12015E-12 3.8175E-12 1.52101E-6 1.14193E-6 4.70646E-6 2.39024E-6
1.25552E-6 1.90241E-7 1.96265E-7 1.21324E-6 6.45985E-7 4.01671E-7 1.51419E-7 2.69586E-7 1.65384E-6 1.44015E-6 2.28312E-6 2.54115E-7 9.04864E-7 3.5647E-8 2.60412E-8 6.96602E-9 2.88379E-9 3.54605E-13 3.55695E-10 2.81507E-10 7.36397E-10 1.17986E-9 5.791E-10 2.57123E-10 2.12709E-10 4.40635E-11 3.1223E-11 4.25373E-11 3.26614E-11 6.75138E-12 5.00622E-12 1.06898E-11 1.35489E-11 1.04913E-11 2.54052E-12 4.52405E-12 5.14455E-12 4.3362E-12 2.29994E-12 1.91969E-12 2.13729E-12 1.93823E-12 2.08122E-12 2.23344E-12 1.46205E-12 1.39466E-12 3.63043E-12 4.9456E-12 9.40115E-12 1.99206E-11 7.37621E-12 1.62224E-11 2.66206E-11 1.12095E-11 1.62045E-11 1.28878E-11 1.90616E-11 5.95612E-12 5.81901E-12 1.4066E-11 8.32834E-12 1.33051E-6 4.92118E-7 6.03395E-6 4.54165E-6
2.38837E-6 7.47898E-8 2.45891E-8 3.4219E-7 6.74996E-7 3.60863E-7 3.88805E-7 7.6464E-7 1.61816E-6 8.94216E-7 1.4086E-6 3.66545E-7 3.0692E-8 2.65361E-8 3.40048E-9 4.58569E-11 1.15121E-11 1.16629E-11 3.48319E-11 1.73869E-10 3.94092E-10 6.20352E-10 1.59423E-10 4.25342E-10 4.65714E-10 1.01769E-10 3.0982E-11 4.77222E-11 1.51942E-11 1.16878E-11 2.39512E-11 5.20506E-12 5.84199E-12 3.60967E-12 4.66738E-12 2.59093E-12 2.80831E-12 2.11908E-12 1.8201E-12 2.01517E-12 2.4738E-12 3.75922E-12 3.0268E-12 4.74565E-12 4.03966E-12 2.27451E-12 3.58502E-12 9.10694E-12 1.59847E-11 2.18504E-11 1.38182E-11 2.24021E-11 1.77519E-11 1.48279E-11 1.14995E-11 7.21478E-12 6.80656E-12 7.76834E-12 7.02816E-12 8.02414E-12 6.78613E-12 1.87476E-6 1.17491E-6 6.46651E-6 5.78716E-6
1.88673E-6 1.62621E-8 6.08781E-8 3.21038E-7 6.67505E-7 2.42736E-7 3.11567E-7 1.77456E-6 8.86475E-7 1.40712E-6 1.23872E-8 2.9966E-7 2.12951E-8 1.17876E-8 3.40217E-10 9.57158E-10 1.84671E-10 5.05136E-11 5.82258E-11 9.92352E-11 2.61699E-10 1.96498E-10 8.51857E-11 6.25208E-11 1.14689E-10 1.91817E-10 1.69497E-10 9.82704E-11 2.46102E-11 8.13136E-11 8.21476E-12 3.59568E-12 2.21501E-12 5.76872E-13 1.06271E-12 1.32061E-12 1.43408E-12 3.2524E-12 3.4357E-12 5.89673E-12 3.45024E-12 1.82332E-12 2.22333E-12 3.0278E-12 3.54472E-12 4.08928E-12 5.10725E-12 6.89038E-12 1.62328E-11 3.96005E-11 8.92542E-12 7.78222E-12 2.84539E-11 2.73269E-11 8.31801E-12 7.57383E-12 7.3328E-12 6.45128E-12 4.20564E-12 3.38674E-12 4.10172E-12 3.81395E-12 2.22793E-6 4.51288E-6 5.0307E-6
1.68579E-6 1.12629E-8 4.57053E-8 3.19539E-7 5.48065E-7 5.56137E-7 3.25433E-7 1.06387E-6 4.08677E-6 6.12385E-7 4.41849E-7 1.01238E-7 5.47158E-9 3.72652E-9 1.44896E-9 1.47114E-10 1.9886E-10 3.35311E-11 9.93612E-11 6.83011E-11 3.44578E-10 2.61905E-10 9.69733E-11 3.40726E-11 5.35396E-11 5.58812E-11 1.38583E-10 1.74869E-10 9.46735E-11 4.39049E-12 6.59184E-12 3.51175E-12 2.76357E-12 9.83325E-13 2.38165E-12 2.97662E-12 3.65408E-12 5.68612E-12 5.13789E-12 3.74778E-12 2.91456E-12 2.4265E-12 3.64286E-12 5.30809E-12 4.84635E-12 7.16505E-12 6.20226E-12 1.11647E-11 5.11102E-12 1.45977E-11 1.21677E-11 2.83136E-11 2.98466E-11 2.30889E-11 1.36092E-11 1.15782E-11 8.14049E-12 5.34861E-12 4.52904E-12 5.69189E-12 3.69771E-12 2.4345E-12 4.87543E-6 1.03197E-5 6.80112E-6
3.28761E-7 2.94294E-9 1.80298E-9 2.78126E-7 3.81305E-7 2.61545E-7 4.97627E-7 3.31355E-6 3.00283E-6 1.33402E-6 1.12319E-6 1.99589E-9 2.19859E-10 1.21242E-9 3.2923E-10 1.66512E-10 3.37026E-11 8.03903E-11 1.41313E-10 8.25527E-11 4.92974E-10 1.52763E-10 8.61972E-11 1.7248E-10 1.44301E-10 9.02646E-11 1.8487E-10 3.19697E-10 2.38854E-11 1.03457E-11 5.57931E-12 2.91234E-12 1.40243E-12 3.54661E-12 4.7744E-12 8.93807E-12 3.5334E-12 2.47868E-12 1.98619E-12 2.76668E-12 4.17133E-12 6.61027E-12 5.45952E-12 1.23536E-11 1.03035E-11 9.20541E-12 1.17512E-11 1.38005E-11 7.79199E-12 3.57654E-11 3.13162E-11 2.47093E-11 1.7902E-11 5.96692E-11 1.75472E-11 1.33451E-11 6.4434E-12 1.12075E-11 4.78728E-12 7.41707E-12 1.1131E-11 1.84246E-11 3.08749E-11 4.72418E-6 6.5305E-6
1.082E-7 3.14005E-9 4.47448E-8 2.286E-7 4.28055E-7 3.04975E-7 8.81748E-7 8.41021E-7 5.86921E-6 3.78229E-6 2.4443E-8 5.20015E-11 3.28859E-9 2.90117E-9 7.17212E-11 7.87245E-11 8.62093E-11 1.33512E-10 8.03489E-11 7.2286E-11 1.34006E-10 1.19591E-10 7.12628E-11 1.37457E-10 2.74542E-10 4.99067E-10 6.10655E-10 2.14793E-11 2.28983E-12 6.18838E-13 4.12814E-12 1.53177E-12 8.2534E-13 4.69402E-12 5.21749E-12 4.34841E-12 3.48965E-12 3.4569E-12 5.87075E-12 2.13596E-12 6.21359E-12 5.91471E-12 1.98034E-11 2.67651E-11 2.44944E-11 2.55518E-11 3.34327E-11 3.55672E-11 2.38356E-11 1.66739E-11 2.00996E-11 4.49154E-11 3.49183E-11 4.29508E-11 1.77368E-11 1.16493E-11 3.82094E-12 4.47742E-12 2.83373E-12 9.39249E-12 1.14057E-11 4.7666E-11 1.22429E-10 7.754E-6 8.59126E-6
1.30126E-7 2.8937E-8 2.40128E-8 1.20706E-6 3.21446E-7 4.96821E-7 6.58522E-7 2.8307E-6 4.47373E-6 9.43742E-7 2.58638E-8 3.31842E-11 3.50748E-11 1.11684E-9 5.42648E-11 1.16679E-10 1.76609E-10 4.81628E-10 1.80761E-10 2.60097E-10 8.19255E-11 1.74772E-10 4.38197E-10 3.26138E-10 1.92722E-10 5.6705E-11 6.64022E-11 1.05794E-11 1.03745E-11 2.28639E-12 8.20943E-12 2.73648E-12 1.06604E-12 2.30127E-12 3.43503E-12 1.45994E-11 4.28946E-12 4.65072E-12 1.68263E-11 2.30206E-11 1.26054E-11 2.29442E-11 2.57793E-11 4.38514E-11 4.18282E-11 3.00867E-11 4.75417E-11 4.71874E-11 6.29506E-11 2.55276E-11 4.22617E-11 3.87743E-11 8.83617E-11 4.80661E-11 1.446E-11 1.1365E-11 8.71192E-12 3.46578E-12 4.84279E-12 4.73741E-11 8.93904E-11 9.75509E-11 9.03773E-6 1.64803E-5 7.78343E-6
4.69641E-8 1.78301E-7 1.22755E-6 1.5374E-6 5.74088E-7 1.01801E-6 1.34667E-6 4.08881E-6 8.91805E-7 4.74582E-8 1.96932E-6 5.34739E-9 1.0881E-9 9.19685E-10 1.52709E-10 2.21837E-10 4.74201E-10 7.32158E-10 3.76173E-10 3.04642E-10 1.73113E-10 3.9653E-10 2.32303E-10 2.09813E-11 8.59146E-12 2.65662E-11 3.98126E-11 1.74365E-11 2.52679E-11 1.38165E-11 8.35976E-12 6.23335E-12 5.4492E-12 1.54365E-12 1.79369E-11 2.63198E-11 5.34522E-11 5.04928E-11 3.65675E-11 3.56236E-11 4.22729E-11 5.27749E-11 6.09562E-11 5.7377E-11 4.60169E-11 4.63216E-11 5.17004E-11 5.53545E-11 7.46144E-11 1.17048E-10 1.06018E-10 1.21498E-10 8.13992E-11 4.20042E-11 4.31755E-11 1.57591E-11 8.02625E-12 7.085E-12 9.3201E-12 1.75721E-10 8.67235E-11 7.68109E-11 5.47607E-6 8.70161E-6 7.59992E-6
1.46487E-7 2.29988E-7 1.89626E-6 1.36594E-6 7.70268E-7 1.49204E-6 1.60035E-6 2.26946E-6 3.64608E-8 6.7638E-9 5.11592E-7 1.46525E-8 2.79428E-9 4.31387E-10 8.03799E-10 6.52885E-10 5.35435E-10 3.74571E-10 2.231E-10 7.97573E-11 7.94045E-11 7.94088E-11 4.98149E-11 4.10273E-11 4.96293E-11 8.19388E-11 4.99061E-11 6.81456E-11 2.74071E-11 2.1924E-11 3.80136E-11 1.16406E-11 2.0642E-11 7.38032E-11 1.69666E-10 1.0043E-10 9.17519E-11 7.89863E-11 6.77368E-11 5.38021E-11 6.0584E-11 4.80633E-11 6.33132E-11 6.38084E-11 5.92512E-11 5.40937E-11 4.3337E-11 5.82059E-11 4.60403E-11 5.71656E-11 1.19766E-10 8.1006E-11 7.99684E-11 5.71845E-11 2.32937E-11 3.1018E-11 1.56188E-11 1.72684E-11 4.69198E-11 1.18051E-10 2.27291E-10 1.35779E-10 5.82974E-6 4.77617E-6 3.31911E-6
1.36807E-7 5.05182E-7 2.58354E-6 7.8624E-7 6.30776E-7 4.747E-7 2.11215E-6 6.99712E-6 2.95636E-9 2.72162E-11 2.73516E-9 4.39513E-9 4.3787E-9 3.09079E-9 2.58347E-9 1.74405E-9 5.33761E-10 7.87193E-11 9.24145E-11 6.11912E-11 1.04976E-10 1.30829E-10 3.99316E-11 8.61764E-11 1.75516E-10 1.42111E-10 1.1858E-10 8.81594E-11 6.4642E-11 7.07079E-11 5.51867E-11 6.35572E-11 1.00626E-10 1.87691E-10 2.19627E-10 2.80624E-10 1.18746E-10 1.07643E-10 1.05158E-10 9.30994E-11 1.27205E-10 9.87338E-11 8.75462E-11 1.01777E-10 8.38969E-11 7.77909E-11 8.55844E-11 1.06577E-10 7.60255E-11 6.40482E-11 1.60401E-10 1.06072E-10 5.3067E-11 7.96201E-11 5.72394E-11 4.45792E-11 3.03144E-11 8.35669E-11 9.89693E-11 2.64486E-10 2.14575E-10 5.15477E-10 5.06592E-10 4.73962E-6 5.05915E-6
2.76438E-7 8.97574E-7 1.23244E-6 4.14603E-7 3.67292E-7 9.004E-7 7.43232E-6 6.77532E-7 6.26607E-10 5.45314E-10 1.15249E-7 2.44505E-9 6.76994E-9 8.10787E-9 4.51672E-9 1.55794E-9 3.3274E-10 1.95772E-10 1.87143E-10 9.46403E-11 9.64162E-11 1.21718E-10 7.19675E-11 1.11885E-10 1.33864E-10 1.82103E-10 2.26567E-10 2.54536E-10 2.26491E-10 2.4619E-10 9.32495E-11 2.82882E-10 3.49175E-10 2.89004E-10 3.21011E-10 2.59824E-10 1.35672E-10 1.22371E-10 1.46155E-10 1.40779E-10 1.57071E-10 1.53863E-10 1.69154E-10 1.89215E-10 1.35427E-10 1.59525E-10 1.46156E-10 1.26634E-10 9.72197E-11 1.23175E-10 2.01609E-10 7.63248E-11 1.22688E-10 8.32618E-11 9.31466E-11 7.87814E-11 1.57594E-10 8.52015E-11 1.06685E-10 5.80013E-10 1.1488E-9 4.37004E-10 2.33224E-9 3.81464E-10 3.9281E-10
1.67419E-6 1.28953E-6 1.03269E-6 2.03471E-7 2.95613E-7 1.90323E-6 5.36054E-6 1.56006E-8 4.51199E-9 4.13575E-8 4.1253E-8 1.54028E-8 1.17469E-8 6.24296E-9 4.08524E-9 1.60838E-9 4.85665E-10 4.5029E-10 6.37165E-10 3.64099E-10 4.36415E-10 1.29759E-10 2.3659E-10 1.23896E-10 9.34588E-11 1.64066E-10 3.2564E-10 3.3433E-10 1.05279E-9 5.81281E-10 4.2098E-10 3.84316E-10 4.24003E-10 3.90339E-10 3.65964E-10 3.65312E-10 1.80226E-10 2.11064E-10 2.23607E-10 1.72307E-10 1.90222E-10 2.23446E-10 2.29357E-10 1.5626E-10 1.4081E-10 1.8825E-10 1.6731E-10 8.75802E-11 1.41895E-10 1.06851E-10 2.22242E-10 1.63382E-10 1.76086E-10 1.16857E-10 2.64472E-10 2.34916E-10 2.64677E-10 3.27595E-10 2.00595E-10 5.3246E-10 5.38238E-10 1.01853E-9 5.82584E-9 1.29026E-9 1.11447E-9
1.80216E-6 1.11949E-6 1.02781E-6 4.17947E-7 1.78024E-6 6.29263E-5 3.0431E-6 3.02545E-6 9.86527E-8 2.27214E-7 6.47106E-8 3.92434E-8 2.08539E-8 6.55837E-9 3.78746E-9 1.54336E-9 9.19599E-10 6.02513E-10 1.73312E-9 3.95348E-10 3.2669E-10 6.77724E-10 4.57836E-10 3.75142E-10 4.74387E-10 2.19599E-10 4.5803E-10 1.20978E-9 1.0555E-9 7.2349E-10 7.16045E-10 6.4404E-10 4.99327E-10 3.65223E-10 3.35898E-10 3.06649E-10 2.84799E-10 4.9047E-10 4.52488E-10 4.45133E-10 3.41242E-10 3.14832E-10 3.59307E-10 3.39703E-10 2.96757E-10 3.31764E-10 1.83723E-10 1.0873E-10 3.24915E-10 3.30356E-10 2.51204E-10 2.36962E-10 2.95459E-10 5.31804E-10 3.22743E-10 3.69893E-10 1.15106E-9 5.47827E-10 5.06349E-10 7.70944E-10 1.95983E-9 1.63708E-9 7.55253E-9 4.81786E-9 1.51463E-9
