Leopardus munoai/Leopardus_munoai_projection 2041-2060.asc
ncols         515
nrows         545
xllcorner     -119.0
yllcorner     -58.333333333333
cellsize      0.166666666667
NODATA_value  -9999
[rows 377 to 405 of 545, columns 330 to 395 of 515]
7.20609E-6 1.27863E-5 2.23459E-5 4.46855E-5 1.22264E-4 1.33773E-4 1.71871E-4 1.98793E-4 2.31456E-4 2.72604E-4 2.79607E-4 1.07118E-4 1.22196E-4 1.47085E-4 1.79232E-4 2.70475E-4 3.47562E-4 4.06407E-4 5.95687E-4 7.41865E-4 9.36967E-4 1.07479E-3 1.5992E-3 2.31759E-3 6.67765E-3 5.59072E-3 7.35495E-3 5.97711E-3 6.80605E-3 8.27481E-3 1.22655E-2 1.72939E-2 2.05306E-2 2.58329E-2 3.2624E-2 3.81548E-2 4.89134E-2 6.50037E-2 5.26261E-2 5.14767E-2 6.5828E-2 7.91955E-2 8.89883E-2 1.04456E-1 1.32602E-1 1.99335E-1 2.51487E-1 2.91962E-1 3.32264E-1 4.09426E-1 4.59741E-1 5.03566E-1 5.65369E-1 6.08478E-1 6.66408E-1 6.87466E-1 6.5115E-1 6.58984E-1 6.67496E-1 6.55749E-1 5.37985E-1 5.67344E-1 6.73203E-1 6.75314E-1 8.01011E-1 8.5109E-1
8.23673E-6 1.49101E-5 2.53445E-5 3.79541E-5 7.58031E-5 1.48311E-4 2.22756E-4 2.64046E-4 3.34419E-4 3.81274E-4 3.36011E-4 1.21586E-4 1.40732E-4 1.67973E-4 1.85982E-4 2.6195E-4 3.41187E-4 3.95533E-4 5.5534E-4 7.17181E-4 8.81914E-4 1.16907E-3 1.7009E-3 2.18922E-3 4.07744E-3 6.31917E-3 6.96216E-3 5.19949E-3 6.27526E-3 9.31459E-3 1.32427E-2 1.56952E-2 2.24583E-2 2.87201E-2 3.48273E-2 4.23582E-2 6.4035E-2 5.53784E-2 4.61984E-2 5.14354E-2 6.21997E-2 7.5561E-2 8.54285E-2 9.87426E-2 1.10494E-1 1.71245E-1 2.475E-1 3.0347E-1 3.34208E-1 4.14464E-1 4.50359E-1 5.24025E-1 5.99585E-1 6.70271E-1 6.94958E-1 7.09937E-1 7.1781E-1 6.83112E-1 6.20985E-1 6.24472E-1 5.25488E-1 5.35971E-1 6.31615E-1 6.60463E-1 7.71102E-1 7.82036E-1
1.05911E-5 1.75853E-5 2.93098E-5 3.74292E-5 5.22065E-5 9.28944E-5 2.38962E-4 3.73458E-4 4.23668E-4 4.74746E-4 4.39275E-4 1.48801E-4 1.69471E-4 1.9213E-4 2.27114E-4 2.87398E-4 3.46385E-4 4.59567E-4 6.27509E-4 8.0082E-4 9.21973E-4 1.24128E-3 1.7764E-3 2.40386E-3 5.00691E-3 5.52728E-3 5.08029E-3 4.71765E-3 6.77634E-3 9.5858E-3 1.31232E-2 1.61845E-2 2.15806E-2 3.03735E-2 3.60319E-2 4.21621E-2 6.27221E-2 6.9225E-2 5.06767E-2 5.15992E-2 6.21501E-2 7.54373E-2 8.91529E-2 1.04057E-1 1.21154E-1 1.57294E-1 2.15061E-1 2.96382E-1 3.31877E-1 3.6129E-1 4.23661E-1 5.30003E-1 6.17853E-1 6.51764E-1 7.34196E-1 7.61403E-1 7.41152E-1 6.89877E-1 6.77106E-1 5.07669E-1 5.2632E-1 6.03716E-1 6.10207E-1 6.41386E-1 6.8006E-1 6.08225E-1
1.3218E-5 1.89132E-5 2.88405E-5 3.97678E-5 4.8454E-5 6.96351E-5 1.17721E-4 2.20914E-4 2.03955E-4 2.61703E-4 2.01682E-4 1.78598E-4 1.84283E-4 2.28832E-4 2.77703E-4 3.54726E-4 4.13782E-4 5.22836E-4 6.72117E-4 7.99174E-4 1.00123E-3 1.32893E-3 1.59263E-3 2.77108E-3 8.01468E-3 4.83006E-3 4.02538E-3 5.08156E-3 6.31327E-3 9.93621E-3 1.28521E-2 1.69293E-2 2.18947E-2 3.08596E-2 3.48097E-2 4.77151E-2 9.52666E-2 8.33349E-2 6.16415E-2 6.59616E-2 7.62896E-2 8.46881E-2 9.26931E-2 1.12489E-1 1.39264E-1 1.65021E-1 1.95796E-1 2.34278E-1 2.86251E-1 2.94498E-1 3.80393E-1 4.38714E-1 5.57123E-1 6.87718E-1 7.37911E-1 7.86785E-1 7.22326E-1 6.57005E-1 6.15868E-1 5.12558E-1 5.20567E-1 5.86446E-1 6.44702E-1 6.58093E-1 6.25502E-1 5.49721E-1
1.55941E-5 2.12821E-5 2.77476E-5 4.09743E-5 5.46272E-5 7.31507E-5 9.05665E-5 1.0821E-4 1.41493E-4 1.80311E-4 1.89352E-4 2.22781E-4 2.48102E-4 2.80421E-4 2.9151E-4 4.10321E-4 5.06015E-4 6.25647E-4 7.42519E-4 8.69826E-4 1.172E-3 1.43328E-3 1.53826E-3 3.45629E-3 4.27749E-3 3.05864E-3 3.79658E-3 5.2706E-3 6.64043E-3 1.01146E-2 1.33397E-2 2.06109E-2 2.69751E-2 2.98952E-2 3.50158E-2 5.44779E-2 8.71155E-2 6.42481E-2 6.15418E-2 7.24656E-2 8.55341E-2 9.81264E-2 1.11347E-1 1.30474E-1 1.56705E-1 1.97986E-1 2.13526E-1 2.27218E-1 2.66632E-1 4.08711E-1 4.24675E-1 4.56154E-1 5.10949E-1 6.77343E-1 7.50171E-1 7.93173E-1 7.76175E-1 6.7194E-1 5.74684E-1 5.10334E-1 4.89014E-1 4.71985E-1 5.63135E-1 6.51663E-1 5.93247E-1 5.6863E-1
1.37491E-5 1.96807E-5 2.69674E-5 4.14484E-5 5.31225E-5 6.95457E-5 8.94889E-5 1.12909E-4 1.49389E-4 1.91177E-4 2.1682E-4 2.77841E-4 2.97883E-4 3.29455E-4 3.66059E-4 4.86727E-4 5.87897E-4 8.07632E-4 9.52665E-4 1.14067E-3 1.55812E-3 1.61092E-3 1.78092E-3 2.51087E-3 1.92832E-3 2.29803E-3 3.41924E-3 5.10393E-3 7.06333E-3 1.15936E-2 1.71049E-2 2.0795E-2 2.63521E-2 3.3385E-2 4.66579E-2 6.26962E-2 1.02641E-1 6.45815E-2 6.27991E-2 8.03558E-2 1.01234E-1 1.17665E-1 1.30419E-1 1.39795E-1 1.72573E-1 1.93521E-1 2.04677E-1 2.44834E-1 3.82503E-1 4.98969E-1 4.93253E-1 5.18352E-1 5.49497E-1 6.2795E-1 7.00199E-1 7.76779E-1 7.63724E-1 7.18279E-1 6.64667E-1 5.58263E-1 5.24631E-1 4.54026E-1 5.26503E-1 5.50736E-1 6.06518E-1 5.56434E-1
1.17E-5 1.71187E-5 2.80653E-5 3.96991E-5 5.33722E-5 7.10904E-5 8.78262E-5 1.05027E-4 1.51789E-4 2.03015E-4 2.6185E-4 2.92786E-4 3.44955E-4 4.09326E-4 5.14661E-4 6.64656E-4 7.96931E-4 1.00045E-3 1.26138E-3 1.49851E-3 2.24179E-3 2.45019E-3 2.95985E-3 1.38589E-3 1.44622E-3 2.36342E-3 3.747E-3 5.93358E-3 8.43075E-3 1.31245E-2 1.66698E-2 2.32667E-2 3.00873E-2 3.73121E-2 5.15859E-2 7.3378E-2 8.18109E-2 6.87601E-2 7.10223E-2 7.97294E-2 9.85107E-2 1.11981E-1 1.25851E-1 1.48101E-1 1.72602E-1 1.96495E-1 2.27858E-1 3.58578E-1 4.17451E-1 5.27441E-1 5.37658E-1 5.54959E-1 5.88672E-1 6.13269E-1 6.50748E-1 6.88729E-1 7.18193E-1 7.36225E-1 7.24796E-1 7.1697E-1 6.92446E-1 6.3523E-1 5.45217E-1 5.45192E-1 4.80788E-1 5.26781E-1
1.16801E-5 1.61283E-5 2.68402E-5 3.97365E-5 5.02673E-5 6.89332E-5 8.57855E-5 1.04081E-4 1.5429E-4 2.14599E-4 2.76735E-4 3.11976E-4 3.74007E-4 4.81133E-4 6.36764E-4 8.09056E-4 1.10115E-3 1.53355E-3 1.96136E-3 2.53188E-3 4.0684E-3 4.09011E-3 2.84823E-3 1.65978E-3 1.89475E-3 2.75535E-3 4.75561E-3 6.78777E-3 9.38865E-3 1.37715E-2 1.71976E-2 2.4469E-2 3.32269E-2 4.15013E-2 5.63291E-2 8.31113E-2 8.99281E-2 8.27091E-2 9.07377E-2 9.86889E-2 1.02663E-1 1.12772E-1 1.26195E-1 1.60062E-1 1.72977E-1 2.10455E-1 2.63423E-1 3.81721E-1 4.41514E-1 5.25788E-1 5.75095E-1 5.51872E-1 5.52491E-1 5.86844E-1 6.33125E-1 6.78856E-1 7.37158E-1 7.82387E-1 7.82785E-1 7.37106E-1 7.50619E-1 7.67734E-1 6.92321E-1 5.51222E-1 5.87291E-1 7.01678E-1
1.3683E-5 2.09783E-5 2.82011E-5 3.76401E-5 5.37646E-5 6.87213E-5 8.61498E-5 1.15756E-4 1.66685E-4 2.0686E-4 2.82993E-4 3.65034E-4 4.53105E-4 6.5023E-4 7.75799E-4 1.06702E-3 1.39756E-3 1.95138E-3 3.17123E-3 6.14423E-3 6.45184E-3 4.06105E-3 3.02354E-3 2.53246E-3 2.71413E-3 3.66535E-3 6.04076E-3 7.95504E-3 1.06504E-2 1.45405E-2 2.03526E-2 2.84064E-2 4.06163E-2 5.62493E-2 7.71721E-2 1.20988E-1 1.05814E-1 1.063E-1 1.11448E-1 1.10006E-1 1.19192E-1 1.23801E-1 1.32755E-1 1.53396E-1 1.91834E-1 2.15308E-1 2.50129E-1 3.47545E-1 4.32798E-1 5.30813E-1 5.99546E-1 6.00459E-1 5.98392E-1 6.40945E-1 6.40559E-1 6.5711E-1 7.45032E-1 7.95027E-1 7.69464E-1 7.78668E-1 8.0693E-1 8.29078E-1 7.36871E-1 7.68764E-1 7.68506E-1 8.16986E-1
1.50755E-5 2.11547E-5 2.82868E-5 3.98866E-5 5.43791E-5 7.49847E-5 9.49007E-5 1.22327E-4 1.64592E-4 2.19682E-4 3.06497E-4 4.09448E-4 5.41468E-4 6.97608E-4 9.21643E-4 1.3069E-3 1.67355E-3 2.4108E-3 4.70603E-3 1.31424E-2 5.04539E-3 4.15603E-3 3.86141E-3 3.87637E-3 4.2856E-3 5.54948E-3 7.68812E-3 1.00348E-2 1.37516E-2 1.90256E-2 2.47967E-2 3.52987E-2 5.13982E-2 7.07336E-2 1.11432E-1 1.19412E-1 1.10417E-1 1.29994E-1 1.43465E-1 1.47488E-1 1.3379E-1 1.47362E-1 1.52135E-1 1.82608E-1 2.25682E-1 2.44411E-1 2.30035E-1 3.25744E-1 4.35699E-1 5.06147E-1 5.71244E-1 6.20321E-1 6.67943E-1 6.21771E-1 6.88257E-1 6.95386E-1 7.34268E-1 7.97138E-1 7.62048E-1 8.04616E-1 8.38836E-1 8.43131E-1 7.92424E-1 7.77697E-1 8.52892E-1 8.74114E-1
1.48731E-5 2.01967E-5 3.15495E-5 4.299E-5 5.96471E-5 7.68716E-5 9.64593E-5 1.22273E-4 1.71039E-4 2.23045E-4 3.08614E-4 4.12072E-4 6.40003E-4 8.05097E-4 1.09852E-3 1.48856E-3 1.89437E-3 2.55585E-3 6.32881E-3 1.05197E-2 6.00777E-3 4.73509E-3 4.86438E-3 5.10763E-3 6.36014E-3 8.05863E-3 1.08865E-2 1.47559E-2 1.83074E-2 2.99512E-2 3.49785E-2 5.22082E-2 6.68952E-2 8.3258E-2 1.25211E-1 1.63349E-1 1.43055E-1 1.44771E-1 1.63076E-1 1.93015E-1 1.65165E-1 1.69261E-1 1.8818E-1 2.16038E-1 2.53989E-1 2.43477E-1 2.60469E-1 3.43276E-1 4.3617E-1 4.53648E-1 6.04159E-1 6.57558E-1 6.16539E-1 6.3757E-1 6.61855E-1 7.40188E-1 7.26777E-1 7.42105E-1 7.43488E-1 7.79439E-1 8.25561E-1 8.59986E-1 8.52027E-1 8.3074E-1 8.6757E-1 8.83246E-1
1.69644E-5 2.22288E-5 3.38901E-5 4.58724E-5 5.63124E-5 7.72225E-5 9.16717E-5 1.19991E-4 1.62829E-4 2.4205E-4 3.114E-4 4.42869E-4 6.06253E-4 8.13363E-4 9.7119E-4 1.42357E-3 1.83552E-3 2.46357E-3 4.8797E-3 1.08749E-2 8.16439E-3 5.42872E-3 5.54394E-3 6.53899E-3 8.54752E-3 1.22064E-2 1.5456E-2 2.07166E-2 2.59288E-2 3.99869E-2 4.68126E-2 6.15704E-2 8.29996E-2 8.73442E-2 1.2069E-1 1.93204E-1 1.5955E-1 1.71394E-1 2.11971E-1 2.2444E-1 2.08612E-1 1.98426E-1 2.10199E-1 2.43653E-1 2.50063E-1 2.68064E-1 2.83192E-1 3.23363E-1 4.33437E-1 5.17072E-1 5.78158E-1 6.70002E-1 6.37318E-1 6.42525E-1 6.56558E-1 7.36211E-1 7.14292E-1 6.84522E-1 7.0701E-1 7.52442E-1 7.55796E-1 8.32551E-1 8.54671E-1 8.88231E-1 8.98439E-1 9.34541E-1
2.21912E-5 3.12056E-5 4.42539E-5 5.34595E-5 7.1786E-5 8.92021E-5 1.00517E-4 1.20503E-4 1.64836E-4 2.42182E-4 3.45003E-4 4.75005E-4 5.98701E-4 7.9077E-4 9.95687E-4 1.28711E-3 1.70867E-3 2.24346E-3 2.95942E-3 6.8479E-3 9.75535E-3 9.75775E-3 8.09421E-3 8.70565E-3 1.03825E-2 1.48035E-2 1.72646E-2 2.45364E-2 3.26121E-2 4.98597E-2 5.21394E-2 6.90578E-2 8.73709E-2 8.26574E-2 9.81553E-2 1.89485E-1 1.94352E-1 1.84382E-1 2.17086E-1 2.53638E-1 2.42228E-1 2.46993E-1 2.31823E-1 2.50165E-1 2.63226E-1 2.87459E-1 2.92707E-1 3.08383E-1 3.58647E-1 5.0264E-1 6.2186E-1 7.00727E-1 6.49383E-1 6.56524E-1 7.29975E-1 6.88941E-1 6.54373E-1 6.75594E-1 7.26411E-1 7.51355E-1 7.56175E-1 8.23223E-1 9.02039E-1 9.20794E-1 9.3506E-1 9.41474E-1
2.8893E-5 3.83449E-5 5.14784E-5 6.49042E-5 8.20629E-5 9.76498E-5 1.09232E-4 1.21242E-4 1.67357E-4 2.50129E-4 3.97825E-4 4.95373E-4 6.46891E-4 7.66729E-4 1.0058E-3 1.25012E-3 1.5384E-3 2.27536E-3 2.66037E-3 6.1059E-3 1.06409E-2 2.69034E-2 1.46425E-2 1.13071E-2 1.19421E-2 1.74993E-2 2.28081E-2 3.01676E-2 3.99411E-2 6.38794E-2 6.40405E-2 7.42946E-2 9.23788E-2 9.03627E-2 1.20444E-1 1.90624E-1 2.12664E-1 2.01584E-1 1.9583E-1 2.21214E-1 2.72648E-1 2.65361E-1 2.48102E-1 2.63311E-1 2.89178E-1 3.4138E-1 3.53748E-1 4.38659E-1 6.04379E-1 6.09451E-1 6.00882E-1 6.21265E-1 6.84194E-1 6.63121E-1 6.40016E-1 6.25373E-1 6.18517E-1 6.44086E-1 6.62813E-1 7.40319E-1 7.97491E-1 8.40973E-1 9.00831E-1 9.31818E-1 9.39025E-1 9.10928E-1
3.71503E-5 4.60235E-5 5.69113E-5 7.54624E-5 8.68536E-5 9.38976E-5 1.10187E-4 1.44179E-4 1.96502E-4 2.74133E-4 4.0123E-4 4.97537E-4 6.39671E-4 7.97875E-4 1.0215E-3 1.17475E-3 1.48483E-3 2.03385E-3 2.96816E-3 6.67624E-3 1.16843E-2 1.36865E-2 1.81816E-2 4.29568E-2 2.23338E-2 2.25441E-2 2.92858E-2 3.94122E-2 5.10688E-2 7.24161E-2 6.81307E-2 8.18383E-2 1.04752E-1 1.14705E-1 1.74557E-1 2.73575E-1 2.48829E-1 2.23644E-1 2.17321E-1 2.25732E-1 2.62679E-1 2.81404E-1 2.57853E-1 3.17733E-1 2.95489E-1 4.96208E-1 6.27252E-1 5.43833E-1 5.40822E-1 5.48238E-1 5.78457E-1 6.05395E-1 6.6367E-1 6.12664E-1 5.5486E-1 5.22616E-1 5.00175E-1 5.44216E-1 6.50007E-1 7.5053E-1 8.07175E-1 8.75093E-1 9.01914E-1 9.04996E-1 9.20267E-1 8.81491E-1
4.8355E-5 5.71378E-5 6.84431E-5 8.60479E-5 9.55181E-5 1.12818E-4 1.33102E-4 1.74559E-4 2.26298E-4 2.88348E-4 3.95998E-4 4.99701E-4 5.71658E-4 7.55322E-4 9.3517E-4 1.13672E-3 1.49301E-3 1.75242E-3 2.85537E-3 5.76588E-3 1.10512E-2 1.37873E-2 2.00865E-2 2.65371E-2 3.24256E-2 3.28479E-2 4.4377E-2 5.63039E-2 7.29605E-2 8.67544E-2 7.85271E-2 8.46542E-2 1.05901E-1 1.39656E-1 1.91496E-1 3.49602E-1 2.95567E-1 2.6714E-1 2.64491E-1 2.68893E-1 2.61593E-1 2.68213E-1 2.8496E-1 2.94593E-1 2.88669E-1 3.35657E-1 5.14802E-1 4.9369E-1 4.36946E-1 5.32702E-1 5.83605E-1 6.02586E-1 5.98917E-1 5.40097E-1 5.42516E-1 5.82224E-1 5.65024E-1 5.92667E-1 6.19403E-1 7.41781E-1 8.17774E-1 8.74947E-1 8.80653E-1 8.96718E-1 8.90347E-1 8.6177E-1
5.1854E-5 6.20294E-5 7.53868E-5 9.16437E-5 1.10793E-4 1.28158E-4 1.50049E-4 1.90512E-4 2.27092E-4 3.03289E-4 3.67801E-4 4.79438E-4 6.11104E-4 7.23636E-4 9.06022E-4 1.09922E-3 1.27202E-3 1.57517E-3 2.52593E-3 4.32929E-3 8.43069E-3 1.31235E-2 1.84651E-2 2.827E-2 3.86459E-2 5.26589E-2 6.00963E-2 7.45627E-2 9.82076E-2 1.05355E-1 1.00109E-1 9.74393E-2 1.11275E-1 -9999 2.02537E-1 2.91958E-1 2.80518E-1 2.76123E-1 2.96151E-1 3.43416E-1 4.04991E-1 3.93151E-1 2.76738E-1 2.35711E-1 2.65565E-1 3.10708E-1 3.51341E-1 4.16836E-1 4.85454E-1 5.26854E-1 5.76809E-1 5.6335E-1 5.70132E-1 5.71901E-1 6.24065E-1 6.46364E-1 6.10367E-1 6.34475E-1 6.32869E-1 7.48356E-1 8.32385E-1 8.53282E-1 8.7457E-1 8.6267E-1 8.68383E-1 8.66456E-1
5.75305E-5 6.5165E-5 7.33432E-5 8.91383E-5 1.12624E-4 1.31372E-4 1.73157E-4 1.95201E-4 2.45662E-4 3.27728E-4 4.07743E-4 4.20314E-4 5.59387E-4 6.50582E-4 7.95254E-4 9.6095E-4 1.20572E-3 1.54023E-3 2.40557E-3 3.62122E-3 5.06203E-3 7.6576E-3 1.49702E-2 2.63875E-2 4.61735E-2 7.33765E-2 9.59931E-2 9.78715E-2 1.20812E-1 1.50095E-1 1.28754E-1 1.3181E-1 1.30086E-1 -9999 2.12277E-1 2.38874E-1 2.64998E-1 2.68468E-1 2.7958E-1 2.95089E-1 3.03865E-1 2.85224E-1 2.73142E-1 2.50253E-1 2.38332E-1 2.86276E-1 3.58329E-1 4.80665E-1 5.20347E-1 5.56051E-1 6.00844E-1 5.77939E-1 5.93675E-1 6.16784E-1 6.54952E-1 6.87145E-1 6.81729E-1 6.55436E-1 7.17467E-1 8.09421E-1 8.14138E-1 8.1841E-1 8.55281E-1 8.34927E-1 8.30928E-1 8.71212E-1
5.72843E-5 6.50377E-5 8.01069E-5 9.06101E-5 1.15729E-4 1.41233E-4 1.76596E-4 2.11795E-4 2.43931E-4 3.06718E-4 3.91012E-4 4.00119E-4 5.14184E-4 6.22052E-4 7.50235E-4 8.96312E-4 1.16513E-3 1.45505E-3 2.05735E-3 3.21994E-3 4.67833E-3 6.55895E-3 1.06241E-2 2.56139E-2 4.77743E-2 7.41723E-2 1.09436E-1 1.2699E-1 1.38669E-1 1.56815E-1 1.54781E-1 1.5925E-1 1.91544E-1 -9999 2.13367E-1 2.30313E-1 2.85986E-1 3.15154E-1 3.0641E-1 3.09273E-1 3.19584E-1 3.00651E-1 2.74624E-1 2.61895E-1 2.45504E-1 2.90859E-1 3.91345E-1 4.77425E-1 5.46898E-1 6.11228E-1 6.3092E-1 6.42061E-1 6.40685E-1 6.57124E-1 7.36558E-1 7.07189E-1 7.27639E-1 7.66345E-1 8.21752E-1 8.26649E-1 8.2709E-1 7.991E-1 8.19558E-1 7.72944E-1 8.09065E-1 8.22883E-1
4.79079E-5 6.57039E-5 8.35772E-5 1.12898E-4 1.32315E-4 1.75527E-4 1.5465E-4 1.72036E-4 2.10456E-4 2.88742E-4 3.76393E-4 4.05753E-4 4.9415E-4 7.2084E-4 6.9222E-4 8.14386E-4 1.13156E-3 1.36016E-3 1.95634E-3 2.71619E-3 4.04927E-3 6.10771E-3 1.02178E-2 1.82446E-2 4.03134E-2 8.10852E-2 1.16104E-1 1.27262E-1 1.54449E-1 1.65115E-1 1.79196E-1 1.9627E-1 -9999 -9999 2.38777E-1 2.8432E-1 3.26424E-1 3.4628E-1 3.45829E-1 3.56409E-1 3.58227E-1 3.53282E-1 3.43815E-1 3.14041E-1 3.19281E-1 3.50755E-1 4.02349E-1 4.91268E-1 5.55227E-1 6.34398E-1 6.78615E-1 6.94488E-1 6.89725E-1 7.69773E-1 7.80618E-1 8.05129E-1 8.0902E-1 8.4599E-1 8.49896E-1 8.40723E-1 8.30748E-1 7.96403E-1 7.74167E-1 7.65155E-1 -9999 -9999
5.17018E-5 6.95759E-5 9.39587E-5 1.38816E-4 1.58568E-4 1.27743E-4 1.38722E-4 1.47372E-4 2.27167E-4 2.63694E-4 3.58019E-4 4.14946E-4 4.56326E-4 5.67748E-4 6.92697E-4 1.19957E-3 1.0284E-3 1.30418E-3 1.66795E-3 2.19693E-3 3.08189E-3 5.37752E-3 9.60467E-3 1.83524E-2 3.25812E-2 5.99813E-2 1.02182E-1 1.58518E-1 2.23195E-1 1.94761E-1 2.19367E-1 2.36825E-1 -9999 -9999 2.61352E-1 3.04721E-1 3.48203E-1 3.78929E-1 3.82772E-1 3.84999E-1 3.92884E-1 3.89785E-1 3.85517E-1 3.81472E-1 3.83773E-1 4.15868E-1 4.80372E-1 5.50791E-1 6.28261E-1 6.93099E-1 7.61777E-1 7.91255E-1 7.81694E-1 8.30192E-1 8.86616E-1 8.85727E-1 8.84758E-1 8.75542E-1 8.41524E-1 8.74629E-1 8.2411E-1 8.1461E-1 8.02023E-1 -9999 -9999 -9999
5.29994E-5 6.62399E-5 9.08818E-5 1.16901E-4 1.15572E-4 1.18971E-4 1.23584E-4 1.46988E-4 1.80235E-4 2.43427E-4 3.14965E-4 3.71563E-4 4.51301E-4 5.31327E-4 6.65E-4 1.06691E-3 9.66711E-4 1.18416E-3 1.54721E-3 1.84558E-3 2.41266E-3 4.74139E-3 9.79056E-3 1.9114E-2 3.4141E-2 5.77481E-2 8.50695E-2 1.24142E-1 1.66361E-1 1.97807E-1 2.45901E-1 2.81129E-1 3.10949E-1 3.75536E-1 3.27434E-1 3.60734E-1 3.94161E-1 4.31583E-1 4.35067E-1 4.46012E-1 4.53584E-1 4.25777E-1 4.26024E-1 4.46229E-1 4.53496E-1 5.04711E-1 5.83267E-1 6.58919E-1 7.38062E-1 7.96302E-1 8.18783E-1 7.78969E-1 7.65278E-1 8.64748E-1 8.80103E-1 8.84823E-1 8.82817E-1 8.76899E-1 8.9268E-1 8.73937E-1 8.37923E-1 8.50712E-1 8.33646E-1 -9999 -9999 -9999
5.44633E-5 6.90778E-5 7.8952E-5 8.52354E-5 1.0114E-4 1.12759E-4 1.23533E-4 1.48814E-4 1.98535E-4 2.17366E-4 2.5086E-4 3.18101E-4 3.72756E-4 5.17077E-4 6.80331E-4 8.13832E-4 9.47283E-4 1.11346E-3 1.49164E-3 1.95425E-3 2.53332E-3 4.70043E-3 9.50832E-3 1.89215E-2 3.46174E-2 5.42032E-2 8.23616E-2 1.0753E-1 1.259E-1 1.53667E-1 1.98952E-1 2.54827E-1 3.48488E-1 4.22206E-1 -9999 4.09217E-1 4.50428E-1 5.00522E-1 5.34211E-1 5.20546E-1 5.25526E-1 5.0516E-1 5.08074E-1 5.23878E-1 5.77061E-1 6.23322E-1 7.08221E-1 7.56364E-1 8.17321E-1 8.59148E-1 8.73402E-1 8.5786E-1 7.8163E-1 7.80358E-1 8.39503E-1 8.98862E-1 9.02655E-1 8.77734E-1 8.60975E-1 8.52569E-1 8.38982E-1 8.77073E-1 -9999 -9999 -9999 -9999
4.94836E-5 6.49004E-5 7.9343E-5 7.92686E-5 9.0967E-5 1.05467E-4 1.32365E-4 1.4137E-4 1.72162E-4 2.32988E-4 1.19147E-3 3.85251E-4 3.68321E-4 4.69512E-4 6.14805E-4 7.42146E-4 8.3283E-4 1.115E-3 1.45881E-3 2.15663E-3 3.26759E-3 5.48126E-3 1.04602E-2 1.8257E-2 3.029E-2 5.03231E-2 7.33274E-2 9.5851E-2 1.19262E-1 1.41711E-1 2.00721E-1 2.74164E-1 3.78896E-1 -9999 -9999 -9999 6.00555E-1 5.81704E-1 5.8355E-1 6.14016E-1 6.18853E-1 6.09333E-1 6.01292E-1 6.19827E-1 6.60347E-1 7.5071E-1 8.32494E-1 8.55807E-1 9.03436E-1 9.24778E-1 9.21044E-1 9.01446E-1 8.45171E-1 7.96318E-1 8.40184E-1 8.85936E-1 8.15162E-1 8.46925E-1 8.59763E-1 8.82185E-1 9.02254E-1 -9999 -9999 -9999 -9999 -9999
4.6352E-5 6.30495E-5 8.6747E-5 8.77162E-5 9.33266E-5 9.45573E-5 1.03937E-4 1.26111E-4 1.5439E-4 2.8217E-4 8.16954E-4 2.93733E-4 3.74258E-4 4.76793E-4 6.42862E-4 7.24988E-4 1.20255E-3 1.47507E-3 1.68205E-3 2.43796E-3 3.95228E-3 5.94323E-3 9.34112E-3 1.65709E-2 2.74188E-2 4.76634E-2 6.22205E-2 8.59141E-2 1.10027E-1 1.5035E-1 1.95284E-1 2.52703E-1 3.50022E-1 -9999 -9999 -9999 -9999 -9999 -9999 -9999 -9999 -9999 7.26651E-1 7.09255E-1 7.74346E-1 8.43382E-1 9.0286E-1 9.29543E-1 9.52622E-1 9.58709E-1 9.57826E-1 9.27776E-1 8.33902E-1 8.11913E-1 8.43223E-1 8.31582E-1 8.45764E-1 9.35391E-1 9.33218E-1 9.2668E-1 -9999 -9999 -9999 -9999 -9999 -9999
4.97094E-5 7.02533E-5 7.2203E-5 7.58188E-5 8.43849E-5 8.51961E-5 9.88758E-5 1.14483E-4 1.52448E-4 1.91835E-4 2.62782E-4 3.28107E-4 3.81775E-4 4.78238E-4 6.13125E-4 7.21908E-4 1.00733E-3 1.62877E-3 1.79352E-3 2.79508E-3 4.90662E-3 6.14584E-3 8.74514E-3 1.47176E-2 2.61589E-2 4.53417E-2 5.53614E-2 7.95516E-2 1.0196E-1 1.33198E-1 1.77584E-1 2.49315E-1 3.43561E-1 -9999 -9999 -9999 -9999 -9999 -9999 -9999 -9999 -9999 -9999 8.31764E-1 8.75502E-1 9.22447E-1 9.49195E-1 9.65016E-1 9.77057E-1 9.78687E-1 9.78832E-1 9.65866E-1 9.05067E-1 9.3389E-1 9.71056E-1 9.68316E-1 9.67684E-1 9.74337E-1 9.63488E-1 -9999 -9999 -9999 -9999 -9999 -9999 -9999
5.47025E-5 6.99822E-5 8.52518E-5 8.54043E-5 8.22152E-5 8.31714E-5 9.52201E-5 1.23798E-4 1.94523E-4 2.08822E-4 4.29425E-4 3.61228E-4 4.2353E-4 4.82695E-4 6.92249E-4 7.85129E-4 1.15644E-3 1.54199E-3 2.07941E-3 3.30554E-3 5.45457E-3 7.09486E-3 1.0063E-2 1.3785E-2 2.35042E-2 4.2009E-2 5.42096E-2 7.016E-2 9.29142E-2 1.16487E-1 1.51951E-1 1.92975E-1 2.58695E-1 3.50906E-1 -9999 -9999 -9999 -9999 -9999 -9999 -9999 -9999 -9999 -9999 -9999 -9999 9.731E-1 9.74242E-1 -9999 -9999 -9999 -9999 9.85335E-1 9.92595E-1 9.93115E-1 9.89452E-1 -9999 -9999 -9999 -9999 -9999 -9999 -9999 -9999 -9999 -9999
5.04039E-5 7.58142E-5 1.10121E-4 9.55135E-5 9.64038E-5 9.55017E-5 9.64276E-5 1.26087E-4 1.75231E-4 2.13102E-4 3.15457E-4 3.07758E-4 4.31606E-4 5.31431E-4 6.38443E-4 8.1238E-4 1.1959E-3 1.61337E-3 2.55041E-3 3.80477E-3 6.05169E-3 7.84963E-3 9.75326E-3 1.41434E-2 2.06516E-2 3.63754E-2 5.34198E-2 6.68825E-2 8.3519E-2 1.03861E-1 1.23887E-1 1.57113E-1 2.01548E-1 2.78294E-1 3.5683E-1 4.39454E-1 5.00375E-1 -9999 -9999 -9999 -9999 -9999 -9999 -9999 -9999 -9999 -9999 -9999 -9999 -9999 -9999 -9999 -9999 -9999 -9999 -9999 -9999 -9999 -9999 -9999 -9999 -9999 -9999 -9999 -9999 -9999
6.00572E-5 8.37402E-5 1.12599E-4 1.2132E-4 1.10658E-4 1.04593E-4 1.1034E-4 1.53956E-4 2.14364E-4 2.61613E-4 3.22533E-4 3.75662E-4 4.46138E-4 5.77488E-4 6.91897E-4 9.34166E-4 1.43087E-3 2.19884E-3 3.11378E-3 4.25184E-3 7.06528E-3 9.04697E-3 1.21254E-2 1.65895E-2 2.4194E-2 3.48115E-2 5.02259E-2 6.2806E-2 7.52282E-2 8.68066E-2 1.004E-1 1.24944E-1 1.64422E-1 2.15689E-1 2.77737E-1 3.49659E-1 4.07035E-1 4.69671E-1 5.57653E-1 -9999 -9999 -9999 -9999 -9999 -9999 -9999 -9999 -9999 -9999 -9999 -9999 -9999 -9999 -9999 -9999 -9999 -9999 -9999 -9999 -9999 -9999 -9999 -9999 -9999 -9999 -9999
