Leopardus munoai/Leopardus_munoai_projection 2041-2060.asc
ncols         515
nrows         545
xllcorner     -119.0
yllcorner     -58.333333333333
cellsize      0.166666666667
NODATA_value  -9999
[rows 290 to 318 of 545, columns 396 to 461 of 515]
4.18731E-7 4.70907E-7 5.87691E-7 6.88668E-7 6.61957E-7 6.96604E-7 6.6424E-7 6.19967E-7 5.89003E-7 5.5264E-7 5.34075E-7 4.86862E-7 4.72561E-7 4.609E-7 4.31328E-7 4.06144E-7 3.79521E-7 3.27731E-7 3.33278E-7 3.22737E-7 2.9608E-7 2.94436E-7 2.77246E-7 2.60684E-7 2.47241E-7 2.93379E-7 3.29275E-7 3.50979E-7 3.61057E-7 3.3373E-7 3.47318E-7 3.35178E-7 2.7391E-7 2.50553E-7 1.97208E-7 1.53404E-7 1.38427E-7 1.17406E-7 1.21559E-7 1.25843E-7 1.58977E-7 1.25928E-7 5.72627E-8 7.32869E-8 3.29298E-8 3.13428E-8 3.45861E-8 3.5883E-8 3.65744E-8 7.00789E-8 8.75715E-8 8.29416E-8 4.58081E-8 3.15162E-8 2.09145E-8 1.79082E-8 1.95597E-8 2.21985E-8 2.63963E-8 3.10665E-8 3.10619E-8 5.94314E-8 8.54995E-8 1.04577E-7 1.02197E-7 1.18484E-7
5.79029E-7 6.09478E-7 6.98411E-7 7.71003E-7 8.45545E-7 7.02988E-7 6.52969E-7 6.65788E-7 6.12547E-7 5.70152E-7 5.35505E-7 5.02016E-7 4.79244E-7 4.7016E-7 4.42853E-7 4.17564E-7 3.81766E-7 3.47027E-7 3.43156E-7 3.14433E-7 2.6527E-7 2.65325E-7 2.47899E-7 2.36049E-7 2.27172E-7 2.91133E-7 3.28944E-7 3.3742E-7 3.06575E-7 2.62701E-7 2.26791E-7 2.45388E-7 2.16094E-7 2.12181E-7 1.98564E-7 1.75567E-7 1.56505E-7 1.42574E-7 1.18202E-7 1.25935E-7 1.56294E-7 1.3642E-7 1.13721E-7 9.20089E-8 7.73698E-8 4.12876E-8 4.37354E-8 4.64945E-8 5.15334E-8 7.46959E-8 9.06329E-8 8.43031E-8 6.4961E-8 3.60527E-8 1.76902E-8 1.48091E-8 1.89706E-8 2.35569E-8 3.62494E-8 3.40203E-8 4.70996E-8 8.44394E-8 1.3251E-7 1.51071E-7 9.55437E-8 1.25368E-7
6.43807E-7 6.41061E-7 7.86736E-7 7.91966E-7 6.24555E-7 7.47689E-7 7.58438E-7 6.90763E-7 6.61534E-7 6.12049E-7 5.51399E-7 5.23705E-7 5.50065E-7 4.94771E-7 4.62636E-7 4.91922E-7 4.10135E-7 3.69216E-7 3.41673E-7 3.30954E-7 2.94107E-7 2.5927E-7 2.24375E-7 1.9696E-7 1.95143E-7 2.81309E-7 3.23087E-7 3.12184E-7 2.72316E-7 2.33257E-7 1.92168E-7 2.00488E-7 1.91794E-7 1.79314E-7 1.87996E-7 1.99014E-7 1.67807E-7 1.70602E-7 1.2496E-7 1.13287E-7 1.21269E-7 1.18664E-7 1.05871E-7 6.5279E-8 5.8378E-8 5.63228E-8 4.977E-8 4.89029E-8 6.30342E-8 7.98769E-8 8.58844E-8 7.98888E-8 5.47561E-8 3.08778E-8 1.85648E-8 1.49343E-8 1.83175E-8 2.15361E-8 4.5083E-8 2.64713E-8 3.37355E-8 9.5294E-8 1.77517E-7 1.56133E-7 9.54846E-8 1.23983E-7
7.29468E-7 7.8523E-7 8.30028E-7 6.31883E-7 5.63513E-7 6.75322E-7 7.28749E-7 7.3279E-7 6.6908E-7 6.16885E-7 5.96689E-7 5.91751E-7 5.52378E-7 5.33664E-7 5.28401E-7 5.11283E-7 4.59846E-7 4.2727E-7 3.78378E-7 3.71728E-7 3.11515E-7 2.78521E-7 2.54181E-7 2.38079E-7 2.2487E-7 2.99587E-7 3.19379E-7 2.92665E-7 2.77413E-7 2.30599E-7 2.13363E-7 1.94815E-7 1.74854E-7 1.67427E-7 1.56401E-7 1.58532E-7 1.80491E-7 1.77168E-7 1.7961E-7 1.23552E-7 1.19754E-7 1.15929E-7 9.95185E-8 6.84977E-8 6.44181E-8 5.83555E-8 5.18126E-8 5.06603E-8 6.13967E-8 7.10064E-8 6.91053E-8 6.10583E-8 4.95472E-8 3.43841E-8 2.3641E-8 1.6601E-8 1.20962E-8 1.40521E-8 2.3531E-8 2.40551E-8 3.50118E-8 7.81338E-8 1.13775E-7 1.33137E-7 1.16731E-7 1.27884E-7
9.09617E-7 1.02858E-6 1.08501E-6 8.28996E-7 7.89098E-7 7.15905E-7 7.37645E-7 7.47498E-7 7.08508E-7 6.39392E-7 6.86209E-7 6.13675E-7 5.92373E-7 5.45863E-7 5.40336E-7 5.14811E-7 4.5427E-7 4.31717E-7 3.93578E-7 3.57097E-7 3.15437E-7 2.79762E-7 2.4955E-7 2.48813E-7 2.53265E-7 2.85928E-7 3.32751E-7 3.03639E-7 2.54143E-7 2.37064E-7 2.08441E-7 1.95303E-7 1.64268E-7 1.65346E-7 1.49491E-7 1.43847E-7 1.67348E-7 1.82232E-7 1.95913E-7 1.59148E-7 1.17296E-7 1.15736E-7 1.10449E-7 6.6633E-8 6.57065E-8 6.56284E-8 5.50473E-8 6.13375E-8 6.9703E-8 7.73808E-8 7.05032E-8 6.13799E-8 5.09523E-8 3.82363E-8 2.79744E-8 1.52175E-8 9.66422E-9 1.33407E-8 2.14785E-8 3.08506E-8 4.75816E-8 6.48719E-8 9.64041E-8 9.65365E-8 1.14521E-7 1.64837E-7
1.30311E-6 1.18218E-6 1.13321E-6 9.04007E-7 8.75577E-7 8.31997E-7 8.35225E-7 8.24471E-7 8.20511E-7 7.70717E-7 7.56093E-7 6.1245E-7 6.46975E-7 5.87372E-7 4.954E-7 5.08527E-7 4.70418E-7 4.41091E-7 3.90993E-7 3.6847E-7 3.1183E-7 2.73983E-7 2.39812E-7 2.85953E-7 2.7743E-7 2.87604E-7 2.99683E-7 2.99036E-7 2.62429E-7 2.73892E-7 2.27835E-7 1.83727E-7 1.55647E-7 1.61337E-7 1.4218E-7 1.36109E-7 1.70656E-7 1.87458E-7 1.76972E-7 1.64517E-7 1.48313E-7 1.15391E-7 1.17395E-7 6.52524E-8 7.23751E-8 7.45166E-8 7.01069E-8 7.03809E-8 8.44867E-8 1.06969E-7 9.47903E-8 7.75477E-8 7.10175E-8 5.95269E-8 3.76227E-8 1.87824E-8 1.25331E-8 1.70619E-8 3.05284E-8 3.60789E-8 5.77996E-8 6.13587E-8 8.25948E-8 1.08743E-7 1.40813E-7 1.38876E-7
1.5216E-6 1.48246E-6 1.04857E-6 1.01686E-6 9.49916E-7 8.85262E-7 8.32274E-7 8.45457E-7 8.19479E-7 8.1581E-7 7.68712E-7 7.31409E-7 6.37119E-7 5.92104E-7 5.17228E-7 4.96921E-7 4.92303E-7 4.51566E-7 4.11951E-7 3.9789E-7 3.36709E-7 3.04398E-7 2.88911E-7 3.01261E-7 2.85583E-7 2.83587E-7 3.15216E-7 2.88947E-7 2.61371E-7 2.27692E-7 1.98046E-7 1.74825E-7 1.59251E-7 1.44285E-7 1.31927E-7 1.27219E-7 1.52236E-7 1.64116E-7 1.80615E-7 1.67044E-7 1.45114E-7 1.0975E-7 1.14928E-7 6.92857E-8 8.07249E-8 9.31166E-8 8.1561E-8 7.10048E-8 8.39086E-8 1.26391E-7 1.15522E-7 1.0221E-7 1.16089E-7 1.11073E-7 6.90591E-8 2.60642E-8 1.73585E-8 2.20255E-8 4.04595E-8 4.39813E-8 6.5119E-8 7.03314E-8 8.66038E-8 1.0614E-7 1.32154E-7 1.9229E-7
1.79244E-6 1.30507E-6 1.60962E-6 1.20464E-6 1.06853E-6 9.99112E-7 9.24777E-7 9.62414E-7 9.07374E-7 8.90463E-7 7.75052E-7 7.66016E-7 7.41578E-7 6.23943E-7 6.05738E-7 5.42813E-7 5.09357E-7 4.8973E-7 4.25501E-7 3.83012E-7 3.51979E-7 3.23881E-7 3.2665E-7 3.18926E-7 3.01465E-7 2.99386E-7 3.15054E-7 2.86012E-7 2.5612E-7 2.64908E-7 2.38166E-7 1.90504E-7 1.64488E-7 1.5011E-7 1.3161E-7 1.18027E-7 1.38002E-7 1.44305E-7 1.71477E-7 1.564E-7 1.29549E-7 1.09491E-7 1.06289E-7 7.1274E-8 9.03997E-8 9.9753E-8 8.0582E-8 7.14602E-8 8.18776E-8 1.05514E-7 1.17002E-7 1.05806E-7 9.91049E-8 7.83851E-8 5.81644E-8 3.90776E-8 2.66596E-8 2.90872E-8 4.65087E-8 6.49207E-8 7.95628E-8 8.40723E-8 1.09753E-7 1.38135E-7 1.9493E-7 2.86396E-7
1.62426E-6 1.33495E-6 1.293E-6 1.14038E-6 1.1797E-6 1.09029E-6 1.03933E-6 9.12807E-7 8.86817E-7 8.77638E-7 8.37023E-7 7.9806E-7 7.34481E-7 6.97375E-7 6.54771E-7 5.67794E-7 5.81271E-7 5.18224E-7 4.30357E-7 4.35558E-7 3.76517E-7 3.45061E-7 3.53557E-7 3.13575E-7 3.19301E-7 3.1479E-7 3.19992E-7 2.90006E-7 2.55967E-7 2.78296E-7 2.20147E-7 1.8092E-7 1.57564E-7 1.34065E-7 1.20104E-7 1.27529E-7 1.1336E-7 1.24355E-7 1.60368E-7 1.73985E-7 1.23634E-7 9.70226E-8 1.04555E-7 1.11311E-7 8.46962E-8 9.26945E-8 7.65862E-8 7.11593E-8 7.23295E-8 8.1618E-8 9.84129E-8 9.21665E-8 8.89922E-8 7.99189E-8 6.35963E-8 5.578E-8 4.56542E-8 4.88866E-8 5.48078E-8 7.25544E-8 8.915E-8 1.07475E-7 1.28455E-7 1.52416E-7 2.49349E-7 3.14041E-7
1.31452E-6 1.35161E-6 1.35779E-6 1.19244E-6 1.25435E-6 1.27347E-6 1.15457E-6 1.02513E-6 9.42348E-7 9.26702E-7 8.2392E-7 7.63061E-7 7.15811E-7 6.82489E-7 6.87745E-7 6.41629E-7 5.75467E-7 5.51748E-7 5.10827E-7 4.61252E-7 4.08378E-7 3.9072E-7 3.74163E-7 3.33311E-7 3.31392E-7 3.3607E-7 3.13523E-7 2.88153E-7 2.79181E-7 2.20994E-7 2.28388E-7 1.94343E-7 1.70981E-7 1.38692E-7 1.18704E-7 1.30449E-7 1.18929E-7 1.22278E-7 1.48921E-7 1.38954E-7 1.18034E-7 1.05458E-7 6.57723E-8 1.12389E-7 8.13816E-8 8.70308E-8 8.39274E-8 7.75731E-8 7.20431E-8 7.90667E-8 8.38866E-8 9.82271E-8 9.77393E-8 1.10953E-7 7.21314E-8 8.79676E-8 1.17266E-7 9.7148E-8 9.34868E-8 8.92071E-8 1.09004E-7 1.19377E-7 1.35563E-7 1.5264E-7 2.57685E-7 4.23375E-7
1.75448E-6 1.61794E-6 1.85239E-6 1.6578E-6 1.43972E-6 1.42975E-6 1.38149E-6 1.29266E-6 1.12187E-6 1.03887E-6 9.02582E-7 8.13745E-7 7.01848E-7 6.7321E-7 7.34032E-7 6.9633E-7 6.48408E-7 5.85804E-7 5.48153E-7 4.87014E-7 4.41451E-7 4.32742E-7 3.99397E-7 3.74962E-7 3.5867E-7 3.35813E-7 3.32823E-7 2.95604E-7 2.47267E-7 2.26578E-7 2.34241E-7 1.98499E-7 1.72869E-7 1.40149E-7 1.22126E-7 1.22117E-7 1.13456E-7 1.263E-7 1.25317E-7 1.13049E-7 9.3903E-8 9.35402E-8 1.00391E-7 1.10681E-7 8.19491E-8 8.2965E-8 9.09714E-8 9.18788E-8 8.68025E-8 8.28702E-8 8.6319E-8 8.50538E-8 9.33139E-8 1.29503E-7 9.27284E-8 1.05311E-7 1.98266E-7 1.66547E-7 1.23369E-7 1.31926E-7 1.42873E-7 1.46209E-7 1.64605E-7 1.83887E-7 2.71917E-7 6.15684E-7
2.15403E-6 2.15121E-6 2.06742E-6 1.94327E-6 1.77003E-6 1.5596E-6 1.72913E-6 1.46996E-6 1.25829E-6 1.18168E-6 9.82045E-7 8.76931E-7 7.21564E-7 7.51135E-7 7.16898E-7 7.30619E-7 7.18599E-7 6.74261E-7 5.38239E-7 5.01932E-7 4.66745E-7 4.61046E-7 4.08873E-7 3.67659E-7 3.75384E-7 3.60293E-7 3.36118E-7 3.09882E-7 2.64353E-7 2.30884E-7 2.55217E-7 2.06675E-7 1.75079E-7 1.36096E-7 1.11538E-7 1.14424E-7 1.15028E-7 9.77457E-8 1.07929E-7 1.00313E-7 9.48542E-8 9.02228E-8 1.01173E-7 7.03168E-8 8.36007E-8 8.47448E-8 9.66982E-8 1.1439E-7 9.78904E-8 9.14384E-8 9.11673E-8 7.73251E-8 8.07937E-8 1.35686E-7 8.92721E-8 8.20941E-8 2.62042E-7 1.62513E-7 1.79659E-7 1.84285E-7 1.61036E-7 1.73491E-7 2.15383E-7 2.54573E-7 4.13659E-7 8.11357E-7
2.46223E-6 2.3856E-6 2.25196E-6 2.25005E-6 2.07313E-6 1.89105E-6 1.74841E-6 1.67093E-6 1.43903E-6 1.28156E-6 1.14622E-6 9.36487E-7 9.10799E-7 8.31737E-7 8.15279E-7 7.9018E-7 7.80077E-7 6.83544E-7 6.32162E-7 5.77777E-7 5.53017E-7 4.84369E-7 4.19634E-7 4.29209E-7 4.40168E-7 4.03824E-7 3.42258E-7 3.0293E-7 3.01883E-7 2.74275E-7 2.40166E-7 2.33916E-7 1.76108E-7 1.40721E-7 1.13384E-7 1.13215E-7 1.01745E-7 1.03813E-7 1.01865E-7 8.8232E-8 9.74697E-8 9.50992E-8 1.07331E-7 8.22447E-8 8.61842E-8 9.70285E-8 1.11822E-7 1.30032E-7 1.02028E-7 9.15159E-8 9.29183E-8 7.4558E-8 9.24954E-8 1.11623E-7 5.99264E-8 8.29671E-8 2.87755E-7 2.05007E-7 2.40807E-7 2.13882E-7 1.60095E-7 2.25231E-7 3.38415E-7 4.47629E-7 5.22414E-7 9.10782E-7
1.95228E-6 2.67821E-6 2.55847E-6 2.47442E-6 2.43759E-6 2.16017E-6 1.99019E-6 1.7756E-6 1.60574E-6 1.49589E-6 1.29788E-6 1.11171E-6 9.64857E-7 9.04816E-7 8.59526E-7 8.15605E-7 8.37989E-7 7.47391E-7 6.73552E-7 5.87547E-7 5.41304E-7 5.08978E-7 4.6916E-7 4.42334E-7 4.78458E-7 4.0727E-7 3.62365E-7 3.13059E-7 3.07112E-7 2.99939E-7 2.62448E-7 2.32526E-7 1.69794E-7 1.43326E-7 1.10511E-7 9.56513E-8 9.28062E-8 9.25023E-8 9.45863E-8 8.88722E-8 1.02601E-7 1.06604E-7 1.21722E-7 8.8585E-8 9.58535E-8 1.11124E-7 1.30046E-7 1.20041E-7 1.01495E-7 8.443E-8 9.00167E-8 8.44902E-8 1.06629E-7 9.40616E-8 3.63734E-8 6.24668E-8 1.66484E-7 1.82603E-7 2.28324E-7 1.57877E-7 2.07916E-7 3.35037E-7 5.34978E-7 6.03905E-7 7.40286E-7 1.037E-6
2.34249E-6 2.31468E-6 2.13302E-6 1.98535E-6 1.88862E-6 2.40159E-6 2.07881E-6 1.95307E-6 1.80703E-6 1.6423E-6 1.53984E-6 1.29393E-6 1.12035E-6 1.06321E-6 9.93385E-7 8.81537E-7 8.66973E-7 8.01837E-7 7.14616E-7 6.4535E-7 6.13385E-7 5.64827E-7 5.40793E-7 5.09995E-7 5.13139E-7 4.32414E-7 3.70836E-7 3.03215E-7 2.72626E-7 2.44127E-7 2.15055E-7 1.64323E-7 1.61114E-7 1.38547E-7 1.15503E-7 1.02685E-7 9.55621E-8 9.8455E-8 1.05687E-7 1.1295E-7 1.27563E-7 1.25483E-7 1.40062E-7 1.12437E-7 1.07498E-7 1.16659E-7 1.29305E-7 1.09606E-7 9.38224E-8 8.45609E-8 8.53923E-8 8.51763E-8 1.1032E-7 1.05861E-7 3.87074E-8 3.53062E-8 5.81351E-8 7.38285E-8 1.43717E-7 3.64943E-7 4.83176E-7 6.02168E-7 7.02002E-7 7.95363E-7 1.13914E-6 1.30367E-6
2.87382E-6 3.84236E-6 3.65996E-6 2.34829E-6 2.10101E-6 1.98543E-6 2.47434E-6 1.60894E-6 1.50853E-6 1.31063E-6 1.7299E-6 1.41683E-6 1.28238E-6 1.18528E-6 1.08895E-6 9.6928E-7 9.13233E-7 8.48645E-7 7.60145E-7 6.8808E-7 6.68575E-7 6.01437E-7 5.94283E-7 5.82921E-7 5.40097E-7 4.54239E-7 3.79765E-7 2.81149E-7 2.2362E-7 2.03859E-7 1.92376E-7 9.28153E-8 8.94076E-8 1.26059E-7 1.15664E-7 1.19019E-7 1.17588E-7 1.35E-7 1.60744E-7 1.52004E-7 1.70495E-7 1.68236E-7 1.90478E-7 1.26056E-7 1.15914E-7 1.24704E-7 1.15781E-7 1.03424E-7 8.42821E-8 7.35102E-8 7.09221E-8 7.74378E-8 1.08401E-7 1.01131E-7 3.53351E-8 5.01874E-8 7.98569E-8 8.1839E-8 3.38151E-7 4.81799E-7 6.00001E-7 6.98106E-7 7.97878E-7 9.53891E-7 1.18377E-6 1.49639E-6
3.52245E-6 3.20013E-6 4.28652E-6 2.68439E-6 2.38987E-6 2.19676E-6 1.93783E-6 1.79772E-6 1.64783E-6 1.4526E-6 1.2627E-6 1.16185E-6 9.99535E-7 1.26428E-6 1.14904E-6 1.049E-6 9.9059E-7 8.42647E-7 7.80429E-7 7.5564E-7 6.77164E-7 7.02479E-7 6.83919E-7 6.48958E-7 5.67916E-7 4.50476E-7 3.82373E-7 2.53355E-7 1.52784E-7 1.42225E-7 1.27714E-7 7.491E-8 8.24956E-8 8.68826E-8 8.82616E-8 1.31565E-7 1.21912E-7 1.51811E-7 2.33929E-7 2.08913E-7 2.23055E-7 2.26299E-7 1.46155E-7 1.36364E-7 1.33937E-7 1.3213E-7 1.2101E-7 1.0935E-7 7.99799E-8 6.86345E-8 5.97842E-8 6.48652E-8 1.16398E-7 1.30836E-7 5.8678E-8 1.02682E-7 9.94338E-8 3.43369E-7 4.98582E-7 4.95993E-7 5.43638E-7 6.71441E-7 9.08668E-7 1.22281E-6 1.81732E-6 1.91614E-6
4.08483E-6 3.66441E-6 3.54345E-6 3.15487E-6 2.78804E-6 2.40262E-6 2.36707E-6 2.09747E-6 1.76597E-6 1.5281E-6 1.32946E-6 1.18117E-6 1.51322E-6 9.3698E-7 1.29768E-6 1.13154E-6 1.04718E-6 9.25399E-7 8.46996E-7 7.76919E-7 7.16276E-7 7.42356E-7 7.71543E-7 7.50769E-7 6.88479E-7 5.66021E-7 3.91792E-7 2.5457E-7 1.77668E-7 1.2803E-7 1.17902E-7 7.52204E-8 7.07836E-8 9.88152E-8 1.09354E-7 1.55791E-7 1.29562E-7 2.07049E-7 2.80472E-7 2.80871E-7 2.9486E-7 3.06882E-7 1.80545E-7 1.57399E-7 1.53757E-7 1.5167E-7 1.26828E-7 1.13944E-7 8.52978E-8 6.77592E-8 5.56181E-8 5.34288E-8 1.00137E-7 1.19409E-7 9.45762E-8 1.1732E-7 1.87295E-7 5.91931E-7 6.00063E-7 5.66552E-7 5.31918E-7 6.62786E-7 8.13636E-7 1.41654E-6 1.92349E-6 2.37671E-6
4.8489E-6 4.35284E-6 3.94688E-6 3.58035E-6 3.18409E-6 2.9631E-6 2.56602E-6 2.19715E-6 1.98241E-6 1.5638E-6 1.31245E-6 1.24074E-6 1.10224E-6 9.92329E-7 8.90905E-7 8.05518E-7 1.07966E-6 9.79174E-7 9.31044E-7 8.75422E-7 8.15338E-7 8.50427E-7 9.12647E-7 9.15571E-7 8.18931E-7 6.93156E-7 4.93217E-7 3.09593E-7 1.64119E-7 1.65204E-7 1.39607E-7 1.41413E-7 9.61331E-8 1.67226E-7 1.22929E-7 1.37606E-7 1.74667E-7 2.41705E-7 3.34348E-7 3.31734E-7 3.50886E-7 2.55533E-7 2.21477E-7 2.10745E-7 1.92858E-7 1.76894E-7 1.49266E-7 1.19279E-7 9.07473E-8 7.73388E-8 6.92559E-8 7.17881E-8 9.52371E-8 1.20155E-7 1.12098E-7 1.03252E-7 4.45727E-7 6.10828E-7 6.13392E-7 5.658E-7 5.42858E-7 7.8268E-7 1.09792E-6 1.40962E-6 1.60731E-6 2.07307E-6
5.98052E-6 4.94052E-6 4.72231E-6 4.33486E-6 3.65261E-6 3.16907E-6 2.79745E-6 2.42583E-6 2.0872E-6 1.72376E-6 1.39608E-6 1.29847E-6 1.20521E-6 1.13816E-6 9.46323E-7 8.47721E-7 8.30963E-7 1.15414E-6 1.05607E-6 1.00468E-6 9.16368E-7 9.4255E-7 1.05168E-6 1.03731E-6 9.45944E-7 7.96023E-7 6.17822E-7 4.15841E-7 3.12051E-7 2.50287E-7 2.29133E-7 2.07234E-7 1.32479E-7 1.58162E-7 1.57095E-7 1.73359E-7 1.54404E-7 2.62344E-7 2.80208E-7 2.85785E-7 2.50181E-7 3.26998E-7 3.06226E-7 2.75684E-7 2.40839E-7 2.01925E-7 1.7786E-7 1.4036E-7 1.08615E-7 1.0368E-7 9.8813E-8 9.84692E-8 1.16156E-7 1.26017E-7 1.13015E-7 1.05457E-7 2.29259E-7 5.64064E-7 5.55998E-7 5.96945E-7 6.2904E-7 7.40083E-7 1.20064E-6 1.56641E-6 1.75773E-6 2.75173E-6
7.47696E-6 6.67678E-6 5.55562E-6 5.43854E-6 4.56837E-6 3.52314E-6 2.98463E-6 2.55457E-6 2.24087E-6 1.80986E-6 1.58099E-6 1.37932E-6 1.28976E-6 1.25303E-6 1.14684E-6 1.03937E-6 9.50498E-7 8.62114E-7 7.90857E-7 1.09354E-6 1.05278E-6 1.00592E-6 7.25555E-7 1.07054E-6 1.01122E-6 9.37819E-7 7.90528E-7 6.21417E-7 5.31089E-7 4.57254E-7 4.03097E-7 3.52362E-7 2.12529E-7 2.22546E-7 2.24695E-7 2.14168E-7 2.20902E-7 2.56627E-7 2.42322E-7 2.9022E-7 3.02474E-7 3.34234E-7 3.98312E-7 3.35581E-7 2.59904E-7 2.39291E-7 2.15263E-7 1.66927E-7 1.30983E-7 1.26304E-7 1.29722E-7 1.4231E-7 1.57513E-7 1.47649E-7 1.27742E-7 1.11478E-7 9.17535E-8 4.87766E-7 5.22339E-7 5.45514E-7 7.0062E-7 1.01803E-6 1.23995E-6 1.27341E-6 2.32528E-6 4.43304E-6
8.63733E-6 8.04717E-6 7.45711E-6 6.74423E-6 5.46418E-6 4.63098E-6 3.79177E-6 3.11052E-6 2.57953E-6 1.95874E-6 1.61208E-6 1.48419E-6 1.54303E-6 1.43742E-6 1.23582E-6 1.22292E-6 1.10104E-6 1.0002E-6 9.31126E-7 8.18452E-7 7.10399E-7 7.1212E-7 1.16033E-6 7.61896E-7 7.34121E-7 1.05525E-6 9.99357E-7 9.03152E-7 8.77203E-7 8.414E-7 7.2973E-7 6.35825E-7 3.50317E-7 3.15186E-7 2.72268E-7 2.76569E-7 2.5567E-7 2.8855E-7 3.40863E-7 3.25571E-7 2.92527E-7 4.24292E-7 5.25977E-7 3.82587E-7 2.81884E-7 2.60988E-7 2.39148E-7 1.92696E-7 1.66555E-7 1.51215E-7 1.57696E-7 1.80205E-7 1.91325E-7 1.64236E-7 1.34149E-7 1.09635E-7 7.83209E-8 3.03504E-7 4.34042E-7 5.43843E-7 5.81774E-7 8.87153E-7 1.33481E-6 1.49792E-6 4.46854E-6 5.97114E-6
1.20894E-5 1.17788E-5 1.05764E-5 8.37404E-6 7.09965E-6 5.71996E-6 4.50406E-6 3.53843E-6 2.87489E-6 2.14743E-6 1.66119E-6 1.56581E-6 1.78098E-6 1.69699E-6 1.53345E-6 1.44239E-6 1.27133E-6 1.18658E-6 1.06246E-6 9.08683E-7 7.82249E-7 7.74725E-7 8.09055E-7 8.2888E-7 8.30586E-7 1.20189E-6 1.27757E-6 1.29362E-6 1.42033E-6 1.49578E-6 1.50429E-6 7.53774E-7 4.92128E-7 4.38926E-7 3.45383E-7 3.42261E-7 2.78825E-7 2.88417E-7 3.63131E-7 3.85274E-7 3.52185E-7 4.1875E-7 5.93786E-7 4.67032E-7 3.6068E-7 2.83419E-7 2.29765E-7 2.03918E-7 1.86996E-7 1.72404E-7 1.93323E-7 2.00575E-7 1.82441E-7 1.62719E-7 1.37195E-7 1.30971E-7 1.03233E-7 3.68554E-7 3.54613E-7 4.6443E-7 6.74674E-7 1.17207E-6 1.37645E-6 2.53175E-6 6.83089E-6 9.62393E-6
1.53046E-5 1.41274E-5 1.21167E-5 1.04931E-5 9.44858E-6 7.55239E-6 6.01024E-6 4.6462E-6 3.57584E-6 2.82237E-6 2.07663E-6 2.69098E-6 2.0035E-6 2.19993E-6 2.08734E-6 1.84542E-6 1.61063E-6 1.37672E-6 1.15278E-6 9.92734E-7 8.57214E-7 8.06812E-7 8.45571E-7 8.56262E-7 9.31066E-7 9.77279E-7 9.47311E-7 1.50013E-6 1.62793E-6 2.11556E-6 1.67699E-6 1.08415E-6 7.22765E-7 5.66414E-7 4.26195E-7 3.39218E-7 2.85619E-7 3.31025E-7 3.83432E-7 3.32831E-7 4.46357E-7 5.8766E-7 7.1623E-7 5.69957E-7 4.95178E-7 3.65998E-7 2.49531E-7 2.24062E-7 2.16843E-7 1.83891E-7 1.73642E-7 2.00374E-7 1.73442E-7 1.61353E-7 1.51003E-7 1.53343E-7 2.48898E-7 5.56796E-7 4.86173E-7 6.14453E-7 1.0092E-6 1.79551E-6 1.73682E-6 3.53835E-6 8.18816E-6 8.91811E-6
2.13929E-5 1.80315E-5 1.59187E-5 1.40049E-5 1.28064E-5 9.83952E-6 7.69317E-6 6.28602E-6 7.45004E-6 5.92018E-6 4.34976E-6 3.95028E-6 3.81727E-6 3.50677E-6 3.4149E-6 2.47837E-6 2.07367E-6 1.79479E-6 1.47197E-6 1.16103E-6 1.00963E-6 8.94222E-7 8.01655E-7 8.71047E-7 9.85225E-7 9.99696E-7 1.00386E-6 9.36645E-7 1.51908E-6 1.0568E-6 9.67809E-7 7.19423E-7 5.77217E-7 7.05893E-7 5.66061E-7 5.10724E-7 3.73702E-7 3.46618E-7 3.8837E-7 4.54183E-7 4.6796E-7 8.31518E-7 7.22712E-7 7.19076E-7 7.50341E-7 5.38914E-7 3.51868E-7 2.86039E-7 2.62961E-7 2.2714E-7 1.77165E-7 1.74105E-7 1.77504E-7 1.49387E-7 1.81077E-7 1.82349E-7 2.93945E-7 6.85225E-7 6.58171E-7 9.05782E-7 1.33501E-6 1.8056E-6 2.17972E-6 4.6892E-6 7.691E-6 6.22694E-6
2.62129E-5 2.45589E-5 2.17308E-5 1.85714E-5 1.77399E-5 1.43655E-5 1.13025E-5 9.25121E-6 7.19923E-6 8.56866E-6 7.01168E-6 6.14871E-6 5.50082E-6 3.98367E-6 3.2003E-6 3.94719E-6 2.62275E-6 2.0581E-6 1.67334E-6 1.21065E-6 8.82514E-7 7.74364E-7 7.5646E-7 7.96345E-7 8.95924E-7 9.53498E-7 9.4077E-7 8.77015E-7 7.9408E-7 7.00709E-7 6.08026E-7 4.6124E-7 6.15257E-7 6.8415E-7 7.11065E-7 5.59644E-7 5.25207E-7 4.85019E-7 5.97876E-7 6.90645E-7 8.3994E-7 9.07708E-7 7.81961E-7 8.45668E-7 9.58489E-7 6.5817E-7 4.50086E-7 3.85846E-7 3.52772E-7 2.83716E-7 2.20717E-7 1.81588E-7 2.08505E-7 1.60054E-7 1.1885E-7 1.61097E-7 2.66563E-7 5.55153E-7 1.04164E-6 1.27645E-6 1.61966E-6 2.04365E-6 3.06925E-6 4.63195E-6 6.65063E-6 5.23507E-6
3.28231E-5 3.01186E-5 3.01998E-5 2.65536E-5 2.5706E-5 2.07829E-5 1.66117E-5 2.1997E-5 1.82698E-5 1.36847E-5 1.18497E-5 9.91187E-6 7.33399E-6 4.96356E-6 4.01959E-6 4.74891E-6 4.69167E-6 3.18858E-6 2.00413E-6 1.1667E-6 8.53346E-7 6.86648E-7 6.91781E-7 7.11887E-7 8.21167E-7 8.48309E-7 9.01062E-7 8.10048E-7 1.02294E-6 5.54037E-7 4.94336E-7 4.58206E-7 8.45253E-7 9.78359E-7 9.2592E-7 9.48068E-7 9.30651E-7 6.16209E-7 4.62972E-7 6.72801E-7 1.08658E-6 1.1617E-6 1.17729E-6 1.11741E-6 1.00491E-6 6.67741E-7 4.42061E-7 4.81381E-7 4.15455E-7 3.5779E-7 2.38667E-7 2.03185E-7 2.50974E-7 2.6641E-7 1.05596E-7 2.43536E-7 1.8436E-7 8.07103E-7 1.34783E-6 1.71824E-6 2.07947E-6 2.92326E-6 3.93484E-6 5.58587E-6 6.55049E-6 7.81816E-6
4.75694E-5 4.37462E-5 4.25526E-5 3.85073E-5 3.7179E-5 3.24778E-5 2.6709E-5 2.30533E-5 2.99439E-5 2.368E-5 1.89195E-5 1.57322E-5 1.06905E-5 7.7968E-6 6.5954E-6 6.96547E-6 5.19906E-6 4.72118E-6 2.84101E-6 1.42542E-6 8.5488E-7 6.26463E-7 5.71391E-7 6.15521E-7 7.13395E-7 7.78425E-7 8.76233E-7 7.17969E-7 5.67367E-7 4.98078E-7 4.17235E-7 4.88092E-7 1.24533E-6 1.55638E-6 1.35329E-6 1.10771E-6 1.24565E-6 1.07554E-6 6.38038E-7 8.36487E-7 1.22026E-6 1.47879E-6 1.56193E-6 1.42538E-6 1.12681E-6 6.51358E-7 4.5318E-7 5.30648E-7 4.86118E-7 3.54502E-7 3.49347E-7 2.42348E-7 2.33096E-7 2.43208E-7 1.99896E-7 2.24919E-7 2.06035E-7 9.12529E-7 1.73995E-6 2.25616E-6 2.73268E-6 3.54402E-6 4.43299E-6 4.79592E-6 4.96695E-6 5.44163E-6
6.35279E-5 6.76886E-5 5.73455E-5 5.4894E-5 4.88964E-5 4.26834E-5 6.12812E-5 5.32949E-5 4.73852E-5 3.6012E-5 2.95056E-5 2.2433E-5 1.59818E-5 1.18417E-5 1.01745E-5 8.78601E-6 6.12067E-6 4.96407E-6 3.93326E-6 1.85672E-6 1.10278E-6 8.81769E-7 7.08155E-7 6.7173E-7 6.58076E-7 7.19891E-7 8.03853E-7 6.34965E-7 4.89337E-7 5.03924E-7 5.91035E-7 6.56326E-7 1.65335E-6 2.39559E-6 1.87753E-6 1.54222E-6 1.64337E-6 1.37588E-6 1.39921E-6 1.00136E-6 9.87479E-7 1.52491E-6 1.21307E-6 1.83991E-6 1.39352E-6 9.63542E-7 5.4105E-7 4.47145E-7 4.05451E-7 2.81306E-7 3.50527E-7 2.73084E-7 2.29858E-7 4.23376E-7 4.97369E-7 4.23204E-7 4.00906E-7 1.05525E-6 1.77918E-6 2.62903E-6 3.80549E-6 4.16254E-6 3.85687E-6 1.93705E-6 4.56805E-6 4.41346E-6
