Leopardus munoai/Leopardus_munoai_projection 2041-2060_novel.asc
ncols         515
nrows         545
xllcorner     -119.0
yllcorner     -58.333333333333
cellsize      0.166666666667
NODATA_value  -9999
[rows 300 to 329 of 545, columns 268 to 334 of 515]
-9999 -9999 -9999 -9999 -9999 -9999 -9999 -9999 -9999 -9999 -9999 -9999 -9999 -9999 -9999 -9999 -9999 -9999 2.19058E-1 5.17774E-1 5.17774E-1 6.3726E-1 1.29443E0 1.47366E0 7.36832E-1 4.97859E-1 1.45375E0 2.98716E-1 1.87195E0 1.93169E0 2.56895E0 2.84775E0 2.98716E0 3.0469E0 3.64433E0 4.08245E0 4.12227E0 4.12227E0 2.38972E0 9.16061E-1 1.75246E0 1.75246E0 1.41392E0 1.41392E0 2.03127E0 3.14647E0 4.79936E0 7.04969E0 7.80643E0 5.99423E0 3.78373E0 5.49637E0 5.49637E0 6.73106E0 7.14926E0 7.84626E0 9.16061E0 1.1152E1 2.28816E1 2.24833E1 2.75615E1 3.6045E1 2.86369E1 3.00906E1 3.38345E1 4.01075E1 4.1163E1
-9999 -9999 -9999 -9999 -9999 -9999 -9999 -9999 -9999 -9999 -9999 -9999 -9999 -9999 -9999 -9999 -9999 -9999 -9999 3.38544E-1 3.38544E-1 7.7666E-1 9.16061E-1 9.95718E-1 1.55332E0 1.27452E0 6.77088E-1 1.35418E0 1.15503E0 1.71264E0 2.21049E0 1.39401E0 2.36981E0 2.86767E0 3.00707E0 3.90322E0 3.62441E0 3.4651E0 3.78373E0 6.3726E-1 9.16061E-1 1.41392E0 9.16061E-1 4.5803E-1 1.41392E0 1.75246E0 3.20621E0 6.512E0 8.34412E0 7.70686E0 5.99423E0 6.39251E0 5.91457E0 8.00558E0 8.84198E0 8.16489E0 9.16061E0 1.00767E1 1.4418E1 1.36214E1 1.68077E1 2.39769E1 2.87563E1 3.32172E1 4.92084E1 4.1163E1 4.1163E1
-9999 -9999 -9999 -9999 -9999 -9999 -9999 -9999 -9999 -9999 -9999 -9999 -9999 -9999 -9999 -9999 -9999 -9999 -9999 -9999 -9999 7.7666E-1 9.95718E-1 9.16061E-1 9.16061E-1 1.61306E0 2.78801E-1 7.36832E-1 8.96147E-1 1.21478E0 1.69272E0 1.1152E0 6.57174E-1 2.70835E0 2.74818E0 2.78801E0 3.06681E0 3.14647E0 3.1863E0 1.75246E0 4.5803E-1 1.13512E0 4.5803E-1 5.37688E-1 1.01563E0 1.01563E0 1.75246E0 4.79936E0 6.49208E0 8.00558E0 9.02121E0 7.84626E0 7.72677E0 9.67838E0 1.14707E1 1.09529E1 1.2327E1 1.21677E1 1.3482E1 1.36214E1 1.627E1 1.95559E1 1.94165E1 2.69043E1 2.84178E1 5.0005E1 4.1163E1
-9999 -9999 -9999 -9999 -9999 -9999 -9999 -9999 -9999 -9999 -9999 -9999 -9999 -9999 -9999 -9999 -9999 -9999 -9999 -9999 -9999 -9999 8.56318E-1 9.16061E-1 7.7666E-1 1.29443E0 3.58459E-1 2.38972E-1 6.3726E-1 3.38544E-1 1.03555E0 7.96575E-2 6.3726E-1 2.25032E0 2.64861E0 1.27452E0 2.25032E0 2.78801E0 2.38972E0 2.42955E0 6.3726E-1 6.3726E-1 1.99144E-1 1.41392E0 1.13512E0 1.13512E0 1.41392E0 3.20621E0 4.87902E0 6.75097E0 6.98994E0 9.71821E0 9.20044E0 9.67838E0 9.75804E0 1.02559E1 1.41392E1 1.63497E1 1.63497E1 1.69471E1 1.77835E1 1.91178E1 1.70467E1 2.05317E1 2.63865E1 4.1163E1 4.1163E1
-9999 -9999 -9999 -9999 -9999 -9999 -9999 -9999 -9999 -9999 -9999 -9999 -9999 -9999 -9999 -9999 -9999 -9999 -9999 -9999 -9999 -9999 -9999 -9999 5.17774E-1 9.95718E-1 1.21478E0 1.99144E-1 2.58887E-1 9.75804E-1 6.3726E-1 3.78373E-1 1.55332E0 1.75246E0 1.95161E0 2.36981E0 1.41392E0 1.13512E0 1.01563E0 2.05118E0 1.01563E0 1.99144E-1 1.39401E-1 3.38544E-1 9.16061E-1 1.13512E0 1.75246E0 3.78373E0 3.56467E0 6.61157E0 7.84626E0 8.44369E0 9.89744E0 9.02121E0 9.14069E0 8.66275E0 9.75804E0 1.02559E1 1.24465E1 1.67878E1 1.33426E1 1.69073E1 1.7903E1 1.9297E1 2.56895E1 3.94105E1 2.04521E1
-9999 -9999 -9999 -9999 -9999 -9999 -9999 -9999 -9999 -9999 -9999 -9999 -9999 -9999 -9999 -9999 -9999 -9999 -9999 -9999 -9999 -9999 -9999 -9999 3.38544E-1 9.16061E-1 1.47366E0 1.99144E-1 1.59315E-1 4.97859E-1 5.97431E-1 7.96575E-2 1.15503E0 1.27452E0 1.43383E0 1.41392E0 1.01563E0 6.3726E-1 9.16061E-1 6.3726E-1 5.37688E-1 2.58887E-1 1.39401E-1 2.58887E-1 1.13512E0 1.13512E0 1.75246E0 3.20621E0 4.67988E0 5.815E0 7.60729E0 8.78224E0 1.03156E1 1.05745E1 9.75804E0 8.66275E0 9.14069E0 9.14069E0 1.02559E1 1.54934E1 1.38007E1 1.54137E1 1.34422E1 1.84208E1 2.24236E1 4.03266E1 2.04521E1
-9999 -9999 -9999 -9999 -9999 -9999 -9999 -9999 -9999 -9999 -9999 -9999 -9999 -9999 -9999 -9999 -9999 -9999 -9999 -9999 -9999 -9999 -9999 -9999 2.19058E-1 5.17774E-1 1.47366E0 2.78801E-1 1.19486E-1 2.78801E-1 4.97859E-1 4.97859E-1 5.17774E-1 7.7666E-1 1.15503E0 1.39401E0 1.73255E0 9.16061E-1 4.5803E-1 4.5803E-1 4.5803E-1 1.99144E-1 5.45654E0 4.34133E0 5.37688E-1 2.05118E0 2.38972E0 3.90322E0 5.45654E0 4.67988E0 5.85482E0 7.72677E0 8.84198E0 8.68266E0 1.02559E1 9.75804E0 9.14069E0 1.02559E1 1.24465E1 1.56527E1 1.92771E1 1.19885E1 1.31037E1 2.04521E1 2.7203E1 2.04521E1 2.04521E1
-9999 -9999 -9999 -9999 -9999 -9999 -9999 -9999 -9999 -9999 -9999 -9999 -9999 -9999 -9999 -9999 -9999 -9999 -9999 -9999 -9999 -9999 -9999 -9999 2.19058E-1 3.38544E-1 1.35418E0 1.01563E0 1.39401E-1 1.79229E-1 3.58459E-1 4.97859E-1 5.97431E-1 6.3726E-1 7.96575E-1 1.15503E0 1.35418E0 1.01563E0 5.37688E-1 5.37688E-1 1.01563E0 1.01563E0 5.17774E0 4.99851E0 3.78373E0 3.20621E0 2.19058E0 3.12656E0 4.73962E0 4.99851E0 3.68416E0 5.83491E0 6.49208E0 7.92592E0 9.47924E0 9.14069E0 9.00129E0 8.66275E0 1.163E1 1.49159E1 1.78632E1 1.28846E1 1.82216E1 2.54107E1 2.04521E1 2.04521E1 6.63148E0
-9999 -9999 -9999 -9999 -9999 -9999 -9999 -9999 -9999 -9999 -9999 -9999 -9999 -9999 -9999 -9999 -9999 -9999 -9999 -9999 -9999 -9999 -9999 -9999 2.19058E-1 5.17774E-1 1.29443E0 1.99144E0 3.1863E-1 1.39401E-1 1.99144E-1 4.97859E-1 5.57602E-1 6.77088E-1 6.77088E-1 8.36403E-1 1.15503E0 1.33426E0 9.16061E-1 6.3726E-1 6.3726E-1 6.3726E-1 1.01563E0 4.79936E0 5.45654E0 3.16638E0 1.91178E0 1.21478E0 2.15075E0 4.67988E0 2.15075E0 4.12227E0 6.13363E0 7.12934E0 8.82207E0 9.14069E0 8.52335E0 9.14069E0 1.02559E1 1.06542E1 2.00538E1 1.90182E1 2.29613E1 3.49497E1 2.04521E1 2.04521E1 6.63148E0
-9999 -9999 -9999 -9999 -9999 -9999 -9999 -9999 -9999 -9999 -9999 -9999 -9999 -9999 -9999 -9999 -9999 -9999 -9999 -9999 -9999 -9999 -9999 -9999 -9999 3.38544E-1 9.16061E-1 1.71264E0 2.78801E-1 1.19486E-1 1.59315E-1 4.18202E-1 4.18202E-1 5.97431E-1 6.3726E-1 6.97003E-1 1.17495E0 1.75246E0 1.81221E0 1.01563E0 6.3726E-1 6.3726E-1 1.01563E0 4.48073E0 5.45654E0 3.90322E0 1.99144E0 1.63298E0 1.81221E0 2.9075E0 4.42099E0 3.78373E0 6.61157E0 7.36832E0 8.56318E0 8.28438E0 7.68695E0 8.92164E0 1.02559E1 1.00966E1 1.39201E1 2.23638E1 2.7681E1 3.73594E1 2.04521E1 2.04521E1 6.63148E0
-9999 -9999 -9999 -9999 -9999 -9999 -9999 -9999 -9999 -9999 -9999 -9999 -9999 -9999 -9999 -9999 -9999 -9999 -9999 -9999 -9999 -9999 -9999 -9999 -9999 3.38544E-1 6.3726E-1 1.35418E0 7.56746E-1 1.59315E-1 1.39401E-1 2.58887E-1 3.1863E-1 3.58459E-1 4.18202E-1 7.56746E-1 1.35418E0 1.35418E0 1.29443E0 1.31435E0 9.16061E-1 6.3726E-1 1.01563E0 2.05118E0 2.05118E0 4.08245E0 1.15503E0 1.69272E0 2.42955E0 2.92741E0 2.46938E0 6.05397E0 5.85482E0 7.50772E0 8.58309E0 8.10515E0 7.74669E0 7.36832E0 8.98138E0 1.08533E1 1.24664E1 2.16867E1 2.75814E1 2.87364E1 3.256E1 3.26396E1 2.04521E1
-9999 -9999 -9999 -9999 -9999 -9999 -9999 -9999 -9999 -9999 -9999 -9999 -9999 -9999 -9999 -9999 -9999 -9999 -9999 -9999 -9999 -9999 -9999 -9999 -9999 3.38544E-1 6.3726E-1 1.35418E0 1.91178E0 2.78801E-1 1.39401E-1 1.79229E-1 2.78801E-1 2.38972E-1 3.58459E-1 8.36403E-1 2.58887E0 3.86339E0 2.64861E0 1.89187E0 1.61306E0 1.45375E0 1.73255E0 1.81221E0 2.19058E0 2.42955E0 9.35975E-1 4.77945E-1 1.21478E0 3.12656E0 4.12227E0 5.71542E0 3.38544E0 6.41243E0 8.30429E0 8.30429E0 9.39958E0 7.96575E0 8.70258E0 1.08932E1 1.28448E1 1.75047E1 2.50921E1 2.97122E1 3.17634E1 2.81987E1 2.58289E1
-9999 -9999 -9999 -9999 -9999 -9999 -9999 -9999 -9999 -9999 -9999 -9999 -9999 -9999 -9999 -9999 -9999 -9999 -9999 -9999 -9999 -9999 -9999 -9999 -9999 2.19058E-1 6.3726E-1 1.19486E0 1.55332E0 8.36403E-1 1.79229E-1 1.59315E-1 2.38972E-1 2.38972E-1 2.78801E-1 3.58459E-1 1.35418E0 1.35418E0 1.01563E0 8.96147E-1 1.35418E0 1.43383E0 1.37409E0 1.43383E0 1.67281E0 1.77238E0 1.81221E0 6.57174E-1 4.97859E-1 1.27452E0 3.42527E0 2.84775E0 4.32142E0 6.63148E0 7.68695E0 6.03405E0 7.64712E0 8.12506E0 7.58737E0 1.1391E1 1.32431E1 2.01334E1 2.33197E1 2.85572E1 2.58289E1 2.29015E1 2.00339E1
-9999 -9999 -9999 -9999 -9999 -9999 -9999 -9999 -9999 -9999 -9999 -9999 -9999 -9999 -9999 -9999 -9999 -9999 -9999 -9999 -9999 -9999 -9999 -9999 -9999 3.38544E-1 7.7666E-1 9.16061E-1 1.39401E0 1.35418E0 2.19058E-1 1.39401E-1 1.99144E-1 9.95718E-2 2.78801E-1 2.38972E-1 3.58459E-1 8.36403E-1 8.56318E-1 7.16917E-1 1.91178E0 5.71542E0 3.16638E0 1.21478E0 1.35418E0 1.45375E0 1.91178E0 6.57174E-1 1.59315E0 2.03127E0 2.6287E0 1.93169E0 2.9075E0 6.9302E0 7.08952E0 5.49637E0 7.72677E0 9.18052E0 8.02549E0 1.31634E1 1.50353E1 1.99741E1 2.30409E1 2.65459E1 2.49726E1 2.00339E1 1.82017E1
-9999 -9999 -9999 -9999 -9999 -9999 -9999 -9999 -9999 -9999 -9999 -9999 -9999 -9999 -9999 -9999 -9999 -9999 -9999 -9999 -9999 -9999 -9999 -9999 -9999 2.19058E-1 6.3726E-1 9.16061E-1 1.29443E0 1.79229E0 3.1863E-1 1.19486E-1 1.59315E-1 1.99144E-1 1.79229E-1 2.38972E-1 4.18202E-1 5.71542E0 5.71542E0 5.21756E0 4.75953E0 5.71542E0 5.71542E0 1.09529E0 1.21478E0 1.55332E0 7.56746E-1 1.91178E0 4.12227E0 3.92313E0 2.84775E0 5.01842E0 6.39251E0 6.49208E0 6.57174E0 7.18909E0 6.87046E0 8.24455E0 8.64284E0 9.18052E0 1.31037E1 1.89585E1 2.56099E1 2.47536E1 2.29015E1 1.82017E1 1.56527E1
-9999 -9999 -9999 -9999 -9999 -9999 -9999 -9999 -9999 -9999 -9999 -9999 -9999 -9999 -9999 -9999 -9999 -9999 -9999 -9999 -9999 -9999 -9999 -9999 -9999 2.19058E-1 3.38544E-1 6.3726E-1 9.95718E-1 1.47366E0 4.97859E-1 1.39401E-1 1.59315E-1 1.79229E-1 1.99144E-1 1.99144E-1 2.78801E-1 5.71542E0 5.71542E0 5.71542E0 5.71542E0 5.71542E0 5.71542E0 1.43383E0 8.56318E-1 1.75246E0 2.19058E0 2.80793E0 3.06681E0 4.24176E0 4.42099E0 5.815E0 6.49208E0 6.63148E0 6.05397E0 7.14926E0 5.61585E0 4.62013E0 1.11919E1 8.50344E0 1.45176E1 1.78632E1 2.66056E1 2.58289E1 2.09897E1 1.63497E1 1.49159E1
-9999 -9999 -9999 -9999 -9999 -9999 -9999 -9999 -9999 -9999 -9999 -9999 -9999 -9999 -9999 -9999 -9999 -9999 -9999 -9999 -9999 -9999 -9999 -9999 -9999 2.19058E-1 3.38544E-1 6.3726E-1 9.16061E-1 1.39401E0 1.15503E0 1.39401E-1 1.39401E-1 1.59315E-1 1.99144E-1 3.58459E-1 5.97431E-1 5.71542E0 4.89893E0 5.71542E0 5.71542E0 5.71542E0 5.71542E0 5.71542E0 6.77088E-1 1.73255E0 2.56895E0 2.52912E0 3.06681E0 4.24176E0 4.24176E0 5.19765E0 5.93448E0 7.44797E0 6.11371E0 6.53191E0 6.49208E0 7.70686E0 1.35219E1 9.18052E0 1.64294E1 1.96555E1 2.72827E1 2.49726E1 2.20452E1 1.82017E1 1.56527E1
-9999 -9999 -9999 -9999 -9999 -9999 -9999 -9999 -9999 -9999 -9999 -9999 -9999 -9999 -9999 -9999 -9999 -9999 -9999 -9999 -9999 -9999 -9999 -9999 -9999 2.19058E-1 2.19058E-1 6.3726E-1 9.95718E-1 1.19486E0 1.79229E0 1.39401E-1 1.19486E-1 1.39401E-1 1.99144E-1 2.58887E-1 5.97431E-1 2.52912E0 5.97431E-1 5.67559E0 5.71542E0 5.71542E0 5.67559E0 5.67559E0 1.81221E0 1.15503E0 1.49358E0 2.7681E0 3.06681E0 4.24176E0 4.24176E0 5.19765E0 6.77088E0 6.77088E0 3.96296E0 6.67131E0 6.63148E0 1.05944E1 1.63497E1 1.67679E1 2.15274E1 2.25829E1 2.50324E1 2.37578E1 2.37379E1 1.91178E1 6.63148E0
-9999 -9999 -9999 -9999 -9999 -9999 -9999 -9999 -9999 -9999 -9999 -9999 -9999 -9999 -9999 -9999 -9999 -9999 -9999 -9999 -9999 -9999 -9999 -9999 -9999 2.19058E-1 2.19058E-1 5.17774E-1 9.16061E-1 1.19486E0 1.47366E0 2.38972E-1 1.19486E-1 1.39401E-1 1.39401E-1 1.99144E-1 2.19058E-1 4.97859E-1 9.75804E-1 4.97859E-1 4.97859E0 5.67559E0 5.67559E0 5.67559E0 9.5589E-1 7.16917E-1 1.15503E0 2.01135E0 2.98716E0 3.92313E0 4.24176E0 4.24176E0 5.93448E0 6.77088E0 6.71114E0 6.9302E0 6.49208E0 1.00966E1 1.07139E1 1.4179E1 2.56895E1 2.5112E1 2.7203E1 2.45942E1 2.37379E1 2.09897E1 6.63148E0
-9999 -9999 -9999 -9999 -9999 -9999 -9999 -9999 -9999 -9999 -9999 -9999 -9999 -9999 -9999 -9999 -9999 -9999 -9999 -9999 -9999 -9999 -9999 -9999 -9999 2.19058E-1 2.19058E-1 3.38544E-1 6.3726E-1 9.95718E-1 1.39401E0 4.38116E-1 1.19486E-1 1.39401E-1 1.59315E-1 1.79229E-1 1.99144E-1 2.38972E-1 4.77945E-1 4.38116E-1 1.85204E0 3.78373E0 1.29443E0 8.36403E-1 1.27452E0 9.75804E-1 1.19486E0 1.79229E0 2.19058E0 3.4651E0 4.24176E0 4.24176E0 5.19765E0 5.93448E0 6.77088E0 6.77088E0 7.54755E0 8.38395E0 8.84198E0 1.74649E1 2.94733E1 2.91148E1 2.04521E1 2.49726E1 2.37379E1 2.00339E1 6.63148E0
-9999 -9999 -9999 -9999 -9999 -9999 -9999 -9999 -9999 -9999 -9999 -9999 -9999 -9999 -9999 -9999 -9999 -9999 -9999 -9999 -9999 -9999 -9999 -9999 -9999 2.19058E-1 2.19058E-1 3.38544E-1 5.17774E-1 9.16061E-1 1.35418E0 8.36403E-1 1.19486E-1 1.59315E-1 1.39401E-1 2.19058E-1 1.59315E-1 2.58887E-1 3.58459E-1 6.3726E-1 1.21478E0 7.36832E-1 9.75804E-1 7.96575E-1 1.19486E0 1.15503E0 1.43383E0 1.79229E0 1.99144E0 3.06681E0 4.24176E0 4.24176E0 4.24176E0 5.19765E0 6.77088E0 7.44797E0 7.26874E0 1.31634E1 1.33426E1 1.45972E1 2.95131E1 2.04521E1 6.63148E0 2.04521E1 2.00737E1 1.72259E1 3.08673E0
-9999 -9999 -9999 -9999 -9999 -9999 -9999 -9999 -9999 -9999 -9999 -9999 -9999 -9999 -9999 -9999 -9999 -9999 -9999 -9999 -9999 -9999 -9999 -9999 -9999 -9999 2.19058E-1 3.38544E-1 5.17774E-1 7.7666E-1 1.29443E0 1.67281E0 1.19486E-1 1.39401E-1 1.39401E-1 1.99144E-1 1.39401E-1 2.38972E-1 3.58459E-1 4.18202E-1 5.17774E-1 6.77088E-1 7.36832E-1 8.56318E-1 1.01563E0 1.25461E0 1.43383E0 1.81221E0 2.19058E0 3.06681E0 3.50493E0 4.24176E0 4.24176E0 4.24176E0 6.77088E0 6.77088E0 8.06532E0 9.26018E0 1.49159E1 1.70467E1 2.32202E1 2.04521E1 3.08673E0 3.08673E0 6.63148E0 6.63148E0 1.49358E0
-9999 -9999 -9999 -9999 -9999 -9999 -9999 -9999 -9999 -9999 -9999 -9999 -9999 -9999 -9999 -9999 -9999 -9999 -9999 -9999 -9999 -9999 -9999 -9999 -9999 -9999 2.19058E-1 2.19058E-1 3.38544E-1 7.7666E-1 1.19486E0 1.55332E0 1.19486E-1 1.19486E-1 1.99144E-1 2.78801E-1 1.59315E-1 1.99144E-1 3.58459E-1 3.98287E-1 5.57602E-1 6.77088E-1 9.5589E-1 1.13512E0 9.16061E-1 1.33426E0 1.63298E0 1.95161E0 1.91178E0 2.82784E0 3.06681E0 3.06681E0 4.24176E0 4.24176E0 7.44797E0 5.93448E0 7.44797E0 8.58309E0 9.18052E0 1.19486E1 1.77835E1 2.04521E1 6.63148E0 3.08673E0 6.63148E0 1.49358E0 1.49358E0
-9999 -9999 -9999 -9999 -9999 -9999 -9999 -9999 -9999 -9999 -9999 -9999 -9999 -9999 -9999 -9999 -9999 -9999 -9999 -9999 -9999 -9999 -9999 -9999 -9999 -9999 2.19058E-1 2.19058E-1 3.38544E-1 6.3726E-1 9.95718E-1 1.47366E0 1.39401E-1 1.19486E-1 1.39401E-1 1.39401E-1 1.39401E-1 3.58459E-1 4.18202E-1 4.97859E-1 5.37688E-1 7.36832E-1 1.15503E0 4.5803E-1 5.37688E-1 1.01563E0 1.41392E0 1.97152E0 2.19058E0 2.78801E0 3.56467E0 3.06681E0 3.06681E0 3.06681E0 5.93448E0 5.19765E0 7.18909E0 1.08334E1 1.03754E1 9.57881E0 1.63696E1 2.69043E1 2.65459E1 6.63148E0 6.63148E0 1.49358E0 1.49358E0
-9999 -9999 -9999 -9999 -9999 -9999 -9999 -9999 -9999 -9999 -9999 -9999 -9999 -9999 -9999 -9999 -9999 -9999 -9999 -9999 -9999 -9999 -9999 -9999 -9999 -9999 2.19058E-1 3.38544E-1 3.38544E-1 5.17774E-1 9.95718E-1 1.71264E0 1.59315E-1 1.39401E-1 1.99144E-1 2.58887E-1 1.99144E-1 3.58459E-1 3.38544E-1 5.17774E-1 5.97431E-1 7.56746E-1 5.37688E-1 4.5803E-1 9.16061E-1 1.53341E0 1.41392E0 1.63298E0 2.40964E0 2.19058E0 3.0469E0 3.06681E0 3.06681E0 3.06681E0 5.19765E0 5.19765E0 6.6514E0 1.31634E1 1.31634E1 1.19287E1 1.85403E1 2.19058E1 2.2782E1 2.04521E1 1.85004E1 1.49358E0 1.49358E0
-9999 -9999 -9999 -9999 -9999 -9999 -9999 -9999 -9999 -9999 -9999 -9999 -9999 -9999 -9999 -9999 -9999 -9999 -9999 -9999 -9999 -9999 -9999 -9999 -9999 2.19058E-1 2.19058E-1 3.38544E-1 3.38544E-1 5.17774E-1 9.95718E-1 1.45375E0 2.38972E-1 1.99144E-1 2.38972E-1 2.38972E-1 3.58459E-1 4.97859E-1 2.58887E-1 5.77517E-1 7.16917E-1 7.96575E-1 9.75804E-1 1.13512E0 1.13512E0 1.41392E0 4.97859E-1 1.43383E0 2.19058E0 2.46938E0 2.96724E0 3.06681E0 3.06681E0 4.24176E0 4.24176E0 4.64005E0 8.58309E0 1.35617E1 1.35617E1 2.02927E1 2.27223E1 2.40765E1 2.56099E1 2.35786E1 6.63148E0 3.08673E0 1.49358E0
-9999 -9999 -9999 -9999 -9999 -9999 -9999 -9999 -9999 -9999 -9999 -9999 -9999 -9999 -9999 -9999 -9999 -9999 -9999 -9999 -9999 -9999 -9999 -9999 -9999 2.19058E-1 3.38544E-1 3.38544E-1 3.38544E-1 6.3726E-1 1.19486E0 1.15503E0 2.38972E-1 2.19058E-1 3.58459E-1 3.58459E-1 3.58459E-1 2.98716E-1 3.38544E-1 1.39401E-1 7.16917E-1 8.76232E-1 1.21478E0 1.01563E0 1.19486E-1 1.01563E0 1.75246E0 2.19058E0 2.19058E0 2.56895E0 3.06681E0 3.06681E0 3.06681E0 4.24176E0 5.19765E0 4.3015E0 8.80215E0 1.21079E1 1.07538E1 2.62272E1 2.64463E1 2.66454E1 3.14647E1 2.04521E1 6.63148E0 3.08673E0 3.08673E0
-9999 -9999 -9999 -9999 -9999 -9999 -9999 -9999 -9999 -9999 -9999 -9999 -9999 -9999 -9999 -9999 -9999 -9999 -9999 -9999 -9999 -9999 -9999 -9999 -9999 2.19058E-1 2.19058E-1 3.38544E-1 3.38544E-1 6.3726E-1 9.95718E-1 1.47366E0 4.97859E-1 3.98287E-1 5.97431E-1 3.58459E-1 3.98287E-1 4.97859E-1 2.38972E-1 7.96575E-2 5.77517E-1 9.95718E-1 9.95718E-1 4.18202E-1 5.77517E-1 8.96147E-1 1.35418E0 2.19058E0 2.19058E0 2.78801E0 2.78801E0 3.06681E0 3.06681E0 4.24176E0 3.64433E0 3.6045E0 8.14498E0 1.21079E1 1.55531E1 2.65259E1 3.23409E1 3.21617E1 2.04521E1 2.04521E1 6.63148E0 3.08673E0 3.08673E0
-9999 -9999 -9999 -9999 -9999 -9999 -9999 -9999 -9999 -9999 -9999 -9999 -9999 -9999 -9999 -9999 -9999 -9999 -9999 -9999 -9999 -9999 -9999 -9999 -9999 2.19058E-1 2.19058E-1 3.38544E-1 3.38544E-1 6.3726E-1 9.95718E-1 1.47366E0 9.5589E-1 1.29443E0 1.31435E0 8.16489E-1 6.3726E-1 4.97859E-1 7.96575E-2 1.15503E0 7.96575E-2 8.96147E-1 5.77517E-1 3.78373E-1 8.16489E-1 3.38544E-1 1.19486E0 2.19058E0 2.46938E0 3.06681E0 4.22185E0 4.24176E0 4.24176E0 4.24176E0 2.36981E0 5.85482E0 8.06532E0 1.26855E1 2.33596E1 2.84178E1 2.87364E1 2.04521E1 2.04521E1 2.04521E1 3.08673E0 3.08673E0 3.08673E0
-9999 -9999 -9999 -9999 -9999 -9999 -9999 -9999 -9999 -9999 -9999 -9999 -9999 -9999 -9999 -9999 -9999 -9999 -9999 -9999 -9999 -9999 -9999 -9999 -9999 2.19058E-1 3.38544E-1 3.38544E-1 5.17774E-1 6.3726E-1 9.95718E-1 1.39401E0 1.47366E0 1.73255E0 1.13512E0 1.15503E0 6.3726E-1 5.97431E-1 7.96575E-2 7.96575E-2 3.78373E-1 2.98716E-1 3.38544E-1 7.96575E-2 1.59315E-1 5.17774E-1 2.19058E0 2.19058E0 1.99144E0 3.56467E0 4.22185E0 4.24176E0 4.24176E0 4.24176E0 1.67281E0 4.71971E0 8.08523E0 1.7206E1 2.68446E1 2.43354E1 1.80026E1 1.6509E1 1.91576E1 6.63148E0 3.08673E0 3.08673E0 3.08673E0
