Leopardus munoai/Leopardus_munoai_projection 2041-2060.asc
ncols         515
nrows         545
xllcorner     -119.0
yllcorner     -58.333333333333
cellsize      0.166666666667
NODATA_value  -9999
[rows 203 to 231 of 545, columns 330 to 395 of 515]
8.21167E-7 8.84663E-7 8.83823E-7 9.56251E-7 1.08813E-6 1.18088E-6 1.04868E-6 1.07378E-6 1.00338E-6 1.01642E-6 1.16555E-6 1.50199E-6 1.67865E-6 1.18862E-6 9.08842E-7 7.15147E-7 7.60991E-7 8.43485E-7 9.81013E-7 9.66363E-7 9.5154E-7 9.48316E-7 1.05528E-6 9.92991E-7 7.64703E-7 7.32591E-7 5.6952E-7 5.61952E-7 4.65567E-7 3.5868E-7 2.74749E-7 2.33717E-7 1.7837E-7 1.53363E-7 1.32729E-7 9.81682E-8 7.42605E-8 6.02678E-8 5.25717E-8 4.70997E-8 4.12364E-8 9.34882E-9 9.09748E-9 1.05053E-8 1.3139E-8 1.80559E-8 2.44565E-8 2.92209E-8 3.90458E-8 5.71125E-8 8.04242E-8 1.27103E-7 1.95119E-7 2.79337E-7 3.45627E-7 2.17478E-7 8.14836E-8 6.4293E-8 3.11248E-8 2.09718E-8 1.66456E-8 1.24799E-8 1.13309E-8 2.25367E-8 4.18147E-8 8.09204E-8
9.5742E-7 1.04442E-6 1.13643E-6 1.15924E-6 1.1678E-6 1.21684E-6 1.23713E-6 1.31674E-6 1.351E-6 1.31665E-6 1.47858E-6 1.44492E-6 1.51396E-6 1.2069E-6 1.22783E-6 8.44546E-7 8.65087E-7 8.19556E-7 9.88876E-7 9.65628E-7 9.32868E-7 8.59953E-7 8.69927E-7 8.21488E-7 8.88967E-7 1.12342E-7 6.34132E-7 5.72564E-7 5.42123E-7 4.76962E-7 3.60425E-7 2.55502E-7 1.80666E-8 9.80491E-8 1.85628E-8 6.73218E-8 5.57842E-8 4.36591E-8 3.50345E-8 1.00286E-8 8.05968E-9 6.77505E-9 6.81277E-9 6.61734E-9 7.26456E-9 8.38303E-9 9.96708E-9 1.11262E-8 1.45346E-8 2.17989E-8 3.95143E-8 6.70759E-8 1.12006E-7 1.67803E-7 2.62709E-7 1.79998E-7 7.62256E-8 4.89998E-8 2.65511E-8 1.543E-8 1.19032E-8 1.15732E-8 1.82647E-8 2.67144E-8 3.11604E-8 5.70603E-8
1.11843E-6 1.18536E-6 1.28053E-6 1.327E-6 1.44751E-6 1.44836E-6 1.36521E-6 1.64022E-6 1.52102E-6 1.6595E-6 1.75337E-6 1.5365E-6 1.26172E-6 1.14241E-6 1.01954E-6 1.02335E-6 9.09321E-7 9.05613E-7 9.43827E-7 9.64292E-7 8.73111E-7 8.00129E-7 7.99466E-7 6.84926E-7 1.01303E-7 9.50678E-8 1.04815E-7 7.882E-8 7.65926E-8 7.10572E-8 5.69259E-8 3.81415E-8 8.94535E-8 2.20344E-8 6.35571E-8 5.58844E-8 1.86088E-8 1.27748E-8 9.04692E-9 7.00653E-9 5.31275E-9 4.16424E-9 3.78858E-9 3.5183E-9 3.78018E-9 4.55931E-9 4.62299E-9 4.36765E-9 4.79471E-9 7.91876E-9 1.70865E-8 2.89875E-8 3.98333E-8 5.133E-8 5.45519E-8 4.25867E-8 2.80771E-8 2.30455E-8 1.62354E-8 1.23675E-8 1.23858E-8 1.70616E-8 2.45037E-8 2.78943E-8 2.69347E-8 3.01405E-8
1.2671E-6 1.24216E-6 1.32715E-6 1.58681E-6 1.56939E-6 1.70831E-6 1.71948E-6 1.80203E-6 2.05929E-6 1.80881E-6 1.71559E-6 1.53238E-6 1.28478E-6 1.00437E-6 7.34497E-7 9.39976E-7 8.78385E-7 8.97423E-7 9.64372E-7 9.53688E-7 8.5983E-7 7.9057E-7 9.04027E-8 8.58358E-8 9.12121E-8 9.38866E-8 8.46236E-8 8.82099E-8 9.65388E-8 8.85045E-8 1.7239E-7 1.13418E-7 7.80561E-8 5.65762E-8 4.82013E-8 1.63302E-8 1.29357E-8 1.03154E-8 7.85156E-9 5.71607E-9 4.25188E-9 2.68305E-9 1.69279E-9 1.36223E-9 1.45481E-9 1.64214E-9 1.25877E-9 1.32573E-9 1.53854E-9 2.55925E-9 5.62456E-9 1.11237E-8 1.35159E-8 1.11638E-8 8.63841E-9 7.7546E-9 9.89705E-9 1.03463E-8 1.01929E-8 9.73326E-9 9.10415E-9 1.15998E-8 1.63415E-8 2.18159E-8 2.54586E-8 3.74472E-8
1.38309E-6 1.58047E-6 1.88206E-6 1.67458E-6 1.69981E-6 1.73563E-6 2.02027E-6 1.99551E-6 1.98343E-6 1.83998E-6 1.86253E-6 1.73918E-6 1.39144E-6 9.58013E-7 8.16977E-7 7.17377E-7 1.0621E-6 1.26532E-7 1.07762E-7 1.14882E-7 1.1679E-7 1.11085E-7 1.07016E-7 8.36006E-8 1.08594E-7 1.08848E-7 1.14398E-7 1.46961E-7 2.1632E-7 1.23727E-7 1.29802E-7 9.46619E-8 7.13658E-8 5.02425E-8 3.64405E-8 3.3599E-8 2.41464E-8 7.07984E-9 5.84404E-9 4.74552E-9 3.39146E-9 2.38396E-9 1.22159E-9 5.90827E-10 6.14062E-10 6.63652E-10 6.58828E-10 8.14306E-10 1.27666E-9 1.58081E-9 2.55876E-9 3.62306E-9 4.35032E-9 4.0618E-9 2.66377E-9 2.1334E-9 2.81583E-9 4.98587E-9 5.87075E-9 6.52349E-9 8.79212E-9 1.5518E-8 2.29485E-8 3.00173E-8 3.73597E-8 3.97168E-8
1.43045E-6 1.67964E-6 2.00003E-6 2.02821E-6 2.14754E-6 1.94782E-6 2.28909E-6 2.464E-6 1.93629E-6 2.30283E-6 2.13452E-6 1.54855E-6 1.34886E-6 1.41348E-7 1.18771E-7 1.07792E-7 1.00932E-7 1.24021E-7 1.20453E-7 1.19791E-7 1.65853E-7 1.22133E-7 1.3287E-7 1.14238E-7 1.21936E-7 1.52191E-7 1.53799E-7 2.69696E-7 2.08638E-7 1.44857E-7 1.04518E-7 6.80446E-8 5.46525E-8 4.13359E-8 3.21091E-8 9.54695E-9 7.77021E-9 6.34018E-9 5.72862E-9 5.00844E-9 4.40864E-9 3.30291E-9 1.56026E-9 4.94423E-10 4.01211E-10 5.60932E-10 1.12802E-9 1.70818E-9 1.90091E-9 2.47436E-9 3.02869E-9 3.41538E-9 4.52441E-9 2.76942E-9 1.76393E-9 1.07541E-9 1.48479E-9 2.66056E-9 4.44843E-9 7.70455E-9 1.42822E-8 2.21785E-8 2.56355E-8 2.91841E-8 2.91E-8 3.04445E-8
1.47441E-6 1.89035E-6 2.24097E-6 5.84744E-7 2.51048E-6 2.42567E-6 2.41552E-6 5.5305E-7 2.32691E-6 4.02227E-7 3.21866E-7 2.3068E-7 1.67237E-7 1.32302E-7 1.1513E-7 1.09195E-7 1.14772E-7 1.32634E-7 1.35904E-7 1.47734E-7 1.45773E-7 1.15636E-7 1.4863E-7 1.41862E-7 1.56295E-7 1.63968E-7 3.33387E-7 1.03306E-7 2.32169E-7 6.90439E-8 1.07356E-7 7.1739E-8 5.26426E-8 1.15958E-8 8.16322E-9 8.03266E-9 6.78627E-9 5.50382E-9 4.41696E-9 4.97555E-9 6.05334E-9 4.97267E-9 2.74021E-9 1.85763E-9 1.5884E-9 1.9233E-9 2.20212E-9 2.48458E-9 2.75136E-9 4.22372E-9 5.22275E-9 6.03296E-9 4.29221E-9 2.5684E-9 1.93709E-9 1.10855E-9 1.01014E-9 2.64658E-9 7.87168E-9 1.27873E-8 2.01274E-8 2.15889E-8 2.40159E-8 2.38853E-8 2.54888E-8 2.17146E-8
1.88359E-6 2.42595E-6 2.82638E-6 2.82188E-6 6.30387E-7 5.69445E-7 5.26209E-7 4.51621E-7 3.91553E-7 3.3352E-7 2.48895E-7 1.91941E-7 1.52027E-7 1.16504E-7 9.97953E-8 9.5111E-8 9.9722E-8 1.18481E-7 1.30425E-7 1.28514E-7 1.2532E-7 1.23348E-7 1.36589E-7 1.39401E-7 1.57616E-7 1.06527E-7 1.19665E-7 1.00198E-7 8.10562E-8 1.57715E-7 1.09406E-7 2.36205E-8 1.37108E-8 1.02175E-8 6.77017E-9 5.65647E-9 4.11967E-9 3.53144E-9 4.28565E-9 4.84752E-9 5.82526E-9 6.26174E-9 6.42473E-9 7.27922E-9 6.72235E-9 4.67771E-9 3.75797E-9 3.25579E-9 3.60741E-9 4.09085E-9 4.76716E-9 5.9177E-9 5.18835E-9 3.21401E-9 5.17029E-9 3.08867E-9 2.88796E-9 5.11184E-9 9.39713E-9 1.60175E-8 1.54032E-8 1.92099E-8 2.20124E-8 2.17063E-8 2.09414E-8 1.73687E-8
4.90652E-7 5.35004E-7 3.22419E-6 3.14065E-6 6.15064E-7 5.86123E-7 5.01524E-7 4.20987E-7 3.52822E-7 2.89822E-7 2.13109E-7 1.73986E-7 1.33448E-7 1.09357E-7 8.31611E-8 8.29377E-8 8.93207E-8 9.59768E-8 1.03714E-7 1.10543E-7 1.05392E-7 1.18107E-7 3.90792E-8 1.26352E-7 5.71245E-8 7.00269E-8 9.68767E-8 1.00559E-7 8.07037E-8 5.53534E-8 3.19844E-8 1.48998E-8 1.08624E-8 7.41561E-9 6.33782E-9 5.97723E-9 4.9694E-9 5.65452E-9 6.01641E-9 6.55286E-9 9.67281E-9 1.11841E-8 1.10747E-8 1.53429E-8 1.37429E-8 7.30379E-9 5.49397E-9 4.5303E-9 4.19849E-9 5.49443E-9 6.55419E-9 7.79482E-9 6.46438E-9 4.46924E-9 8.36136E-9 5.58598E-9 5.6303E-9 6.04393E-9 9.30813E-9 1.26336E-8 1.47884E-8 1.66029E-8 1.84999E-8 1.93088E-8 1.43976E-8 1.21649E-8
5.98455E-7 3.14036E-6 3.70674E-6 6.92879E-7 6.53306E-7 5.4686E-7 4.59047E-7 3.89365E-7 2.82223E-7 2.28404E-7 1.80338E-7 1.45089E-7 1.10376E-7 9.08653E-8 7.54376E-8 7.02029E-8 6.68409E-8 7.8538E-8 9.24142E-8 1.01244E-7 1.06507E-8 1.00267E-7 2.06376E-8 2.1584E-8 2.90029E-8 4.53459E-8 6.55583E-8 7.34484E-8 5.96884E-8 4.46283E-8 2.60633E-8 1.18235E-8 5.63876E-9 3.31221E-9 3.34104E-9 7.39497E-9 1.17115E-8 9.22578E-9 7.58846E-9 1.36886E-8 1.72536E-8 1.91933E-8 1.86988E-8 1.72335E-8 1.47149E-8 1.01343E-8 7.83313E-9 6.20029E-9 6.13742E-9 8.08063E-9 8.11501E-9 8.96158E-9 6.90873E-9 7.27598E-9 8.19006E-9 7.21155E-9 6.78879E-9 6.97401E-9 1.02254E-8 1.08648E-8 1.3469E-8 1.45279E-8 1.56475E-8 1.42635E-8 1.12903E-8 8.17031E-9
7.1698E-7 7.25184E-7 8.20141E-7 7.76211E-7 6.75139E-7 5.47875E-7 4.32936E-7 3.48407E-7 2.58002E-7 2.01942E-7 1.53532E-7 1.26533E-7 9.25414E-8 7.99795E-8 7.44298E-8 6.28254E-8 5.34824E-8 6.16289E-8 7.61026E-8 8.8785E-9 9.86755E-9 9.21424E-9 1.13836E-8 1.16442E-8 1.88891E-8 2.31637E-8 3.65372E-8 4.16248E-8 4.25854E-8 3.30121E-8 1.66235E-8 8.96392E-9 3.99551E-9 1.75973E-9 3.52433E-9 1.35683E-8 2.6509E-8 2.64719E-8 2.49617E-8 2.45861E-8 2.23784E-8 2.3289E-8 2.00748E-8 1.76805E-8 1.49716E-8 1.10269E-8 9.07961E-9 7.96394E-9 7.99405E-9 1.02505E-8 1.07715E-8 9.66089E-9 7.30766E-9 8.66061E-9 9.62588E-9 8.13576E-9 8.00774E-9 8.05073E-9 9.67495E-9 1.0165E-8 1.15018E-8 1.42035E-8 1.40396E-8 1.1517E-8 8.27242E-9 5.68825E-9
9.85589E-7 1.08353E-6 9.78918E-7 8.34808E-7 7.00174E-7 5.26807E-7 4.39831E-7 3.19696E-7 2.29721E-7 1.67472E-7 1.22269E-7 1.11761E-7 8.95699E-8 7.90591E-8 6.86257E-8 5.62545E-8 4.45524E-8 2.27221E-9 3.81174E-9 5.88552E-9 9.54744E-9 9.75255E-9 1.05254E-8 9.14353E-9 1.18793E-8 1.83808E-8 2.50797E-8 2.63302E-8 2.17751E-8 1.62345E-8 1.25444E-8 6.23602E-9 3.00618E-9 2.15297E-9 7.81917E-9 3.3199E-8 1.06547E-7 2.01368E-7 1.44921E-7 6.47792E-8 3.30083E-8 2.23806E-8 1.78024E-8 1.60082E-8 1.43127E-8 1.2272E-8 1.05027E-8 9.18388E-9 9.79601E-9 1.20676E-8 1.23722E-8 1.09338E-8 9.38091E-9 1.24242E-8 1.17167E-8 1.14341E-8 9.64729E-9 9.01523E-9 8.07384E-9 9.44376E-9 1.23685E-8 1.20512E-8 1.3413E-8 9.76363E-9 6.51395E-9 4.50889E-9
1.21602E-6 1.23279E-6 1.18002E-6 1.01654E-6 7.52707E-7 5.57918E-7 4.31989E-7 3.02005E-7 1.91653E-7 1.32188E-7 9.97175E-8 9.2118E-8 8.82857E-8 8.65746E-8 8.34702E-8 7.73127E-8 6.30643E-8 2.83501E-9 5.00623E-9 7.38741E-9 8.99314E-9 1.30527E-8 1.18117E-8 1.61735E-8 2.01714E-8 2.75028E-8 3.39314E-8 3.49533E-8 2.45701E-8 1.35999E-8 9.43288E-9 7.23447E-9 5.58509E-9 7.27877E-9 1.90957E-8 5.37928E-8 1.75549E-7 7.39318E-7 3.64851E-7 8.51443E-8 3.36805E-8 1.7805E-8 1.41493E-8 1.40039E-8 1.39457E-8 1.34208E-8 1.23606E-8 1.22955E-8 1.3075E-8 1.50604E-8 1.56363E-8 1.21189E-8 1.34721E-8 1.55453E-8 1.53977E-8 1.35283E-8 1.09032E-8 9.81703E-9 8.61264E-9 8.91643E-9 1.01605E-8 1.16271E-8 1.2171E-8 1.0886E-8 6.32514E-9 4.07659E-9
1.36106E-6 1.37149E-6 1.31076E-6 1.1253E-6 9.29971E-7 6.55118E-7 3.86293E-7 2.75171E-7 1.7248E-7 1.11196E-7 8.31354E-8 7.21295E-8 7.58039E-8 9.26581E-8 1.55452E-8 1.95406E-8 1.13721E-8 1.07513E-8 1.00508E-8 1.2906E-8 1.46709E-8 1.803E-8 2.07943E-8 2.21766E-8 2.87344E-8 4.07053E-8 4.13719E-8 3.3945E-8 2.44472E-8 1.64071E-8 1.13099E-8 1.03917E-8 1.27422E-8 1.70247E-8 2.65287E-8 5.48547E-8 1.36273E-7 2.33275E-7 1.38707E-7 4.34965E-8 1.89638E-8 1.18119E-8 1.11436E-8 1.27511E-8 1.3977E-8 1.53547E-8 1.66226E-8 1.56447E-8 1.62095E-8 1.90299E-8 1.67664E-8 1.46707E-8 1.66772E-8 1.80763E-8 1.92917E-8 1.68699E-8 1.27247E-8 8.71625E-9 7.41393E-9 8.37874E-9 9.37236E-9 9.93261E-9 1.30711E-8 1.1024E-8 5.97355E-9 3.62787E-9
1.63198E-6 1.67839E-6 1.50641E-6 1.1141E-6 8.34658E-7 5.54766E-7 3.58711E-7 2.37812E-7 1.67025E-7 1.72714E-8 8.75077E-9 5.28415E-8 9.27328E-9 1.61842E-8 3.23218E-8 4.37802E-8 4.85703E-8 3.1982E-8 2.51183E-8 2.25093E-8 2.24092E-8 2.69644E-8 3.17447E-8 4.35466E-8 5.34882E-8 6.50176E-8 6.07656E-8 5.66811E-8 3.36007E-8 1.87994E-8 1.60691E-8 1.45075E-8 1.61658E-8 1.68862E-8 2.63414E-8 3.6041E-8 4.78952E-8 5.41578E-8 3.04538E-8 1.31439E-8 6.05843E-9 5.41959E-9 8.74844E-9 1.18653E-8 1.42348E-8 1.7045E-8 2.10193E-8 2.1293E-8 1.9544E-8 2.10984E-8 2.11068E-8 2.01325E-8 2.18593E-8 2.41257E-8 2.62961E-8 2.16797E-8 1.25779E-8 6.29255E-9 4.65759E-9 5.39706E-9 6.4853E-9 6.68086E-9 8.73172E-9 7.51134E-9 4.68209E-9 2.98823E-9
1.60199E-6 1.8885E-6 1.53327E-6 1.24974E-6 9.14722E-7 6.16492E-7 3.84578E-7 2.50839E-7 1.80559E-7 1.63466E-8 9.20791E-9 6.72546E-9 1.08548E-8 2.24296E-8 6.80304E-8 1.36772E-7 1.14708E-7 6.50211E-8 4.47043E-8 3.42476E-8 3.63417E-8 4.22783E-8 5.22875E-8 6.9351E-8 9.3071E-8 1.06426E-7 1.23852E-7 9.38608E-8 5.44908E-8 3.52979E-8 2.29623E-8 1.9841E-8 1.92056E-8 1.63921E-8 1.92384E-8 2.0228E-8 1.99288E-8 1.75036E-8 8.92275E-9 5.58377E-9 3.95455E-9 4.46048E-9 7.29039E-9 1.16603E-8 1.5702E-8 2.09777E-8 2.43443E-8 2.82141E-8 2.58662E-8 2.33788E-8 2.11145E-8 2.1216E-8 2.47825E-8 2.51681E-8 3.25553E-8 2.82651E-8 1.34669E-8 5.80907E-9 3.66762E-9 3.79436E-9 4.37148E-9 4.90302E-9 6.39838E-9 4.88611E-9 3.77109E-9 2.74743E-9
1.25146E-6 1.2498E-6 1.23102E-6 1.14584E-6 8.22628E-7 6.8052E-7 3.89443E-7 2.4866E-7 1.59425E-7 1.91857E-8 1.17047E-8 1.07387E-8 1.33708E-8 3.82881E-8 6.72386E-8 1.22351E-7 1.13607E-7 8.26896E-8 5.52054E-8 4.46135E-8 4.57558E-8 5.11915E-8 7.82708E-8 1.06741E-7 1.53566E-7 2.46543E-7 2.71425E-7 1.79225E-7 1.02776E-7 5.54013E-8 3.31701E-8 2.1724E-8 1.89336E-8 1.11152E-8 9.84051E-9 1.01714E-8 9.37267E-9 8.14161E-9 5.55747E-9 4.57809E-9 4.24667E-9 5.24067E-9 7.8983E-9 1.25093E-8 1.79135E-8 2.49992E-8 2.86572E-8 3.27937E-8 3.01586E-8 1.93178E-8 2.0819E-8 2.39902E-8 2.16703E-8 2.06826E-8 3.56077E-8 2.57431E-8 1.35154E-8 6.92519E-9 4.12585E-9 4.10015E-9 3.15015E-9 3.7047E-9 3.97285E-9 3.54861E-9 3.08037E-9 2.7578E-9
8.95951E-7 9.04193E-7 2.03376E-7 8.52239E-7 6.74197E-7 1.30491E-7 3.51023E-7 4.9723E-8 1.75003E-7 2.06254E-8 1.56106E-8 1.42089E-8 2.52112E-8 4.11899E-8 5.56355E-8 8.36013E-8 8.05717E-8 7.04875E-8 5.16362E-8 4.09201E-8 4.48384E-8 5.65326E-8 7.82657E-8 1.34799E-7 2.29067E-7 4.40557E-7 5.12931E-7 3.36654E-7 1.57082E-7 7.7482E-8 4.354E-8 2.39562E-8 1.65369E-8 8.93816E-9 5.92445E-9 5.12212E-9 5.25123E-9 5.01808E-9 4.58109E-9 5.16166E-9 4.96993E-9 6.60727E-9 9.91388E-9 1.44478E-8 2.00577E-8 3.06021E-8 3.51371E-8 3.53073E-8 2.3251E-8 1.7773E-8 1.62876E-8 1.8482E-8 2.19189E-8 2.09998E-8 1.78618E-8 1.37417E-8 1.03174E-8 5.39868E-9 3.69023E-9 2.54418E-9 2.16362E-9 2.46686E-9 2.63979E-9 2.60573E-9 2.79146E-9 2.70923E-9
6.22707E-7 1.13981E-7 1.18016E-7 1.23992E-7 1.09689E-7 9.30839E-8 3.32629E-7 4.63791E-8 1.95122E-7 2.41994E-8 2.04432E-8 2.51351E-8 1.99911E-8 3.90161E-8 4.95027E-8 5.33578E-8 5.37856E-8 4.9543E-8 4.47125E-8 3.71404E-8 3.74938E-8 4.69983E-8 6.95989E-8 1.1674E-7 2.26903E-7 5.01021E-7 8.27881E-7 3.8184E-7 1.83947E-7 9.55648E-8 5.11487E-8 2.4008E-8 1.43847E-8 6.99459E-9 3.82281E-9 2.98565E-9 3.73645E-9 3.78911E-9 3.96578E-9 4.34928E-9 5.42348E-9 7.41388E-9 1.07543E-8 1.78443E-8 2.62283E-8 3.67057E-8 4.17033E-8 2.85865E-8 1.90879E-8 1.36314E-8 1.00313E-8 1.14573E-8 1.11861E-8 1.04893E-8 8.91038E-9 5.76055E-9 4.29455E-9 2.81085E-9 1.8645E-9 2.05252E-9 1.55353E-9 1.76136E-9 1.70694E-9 2.17633E-9 2.20807E-9 2.29297E-9
4.12283E-6 4.26035E-6 7.22212E-8 7.38432E-8 6.60037E-8 5.81345E-8 5.0833E-8 3.93425E-8 3.94435E-8 2.61238E-8 2.72396E-8 2.60122E-8 2.93894E-8 3.27959E-8 3.69526E-8 3.58516E-8 3.61992E-8 3.1155E-8 2.63442E-8 2.53656E-8 2.67776E-8 3.08275E-8 4.65904E-8 8.08537E-8 1.49504E-7 2.66892E-7 3.98981E-7 3.04873E-7 1.48194E-7 7.31452E-8 4.05315E-8 2.75862E-8 1.2443E-8 8.61088E-9 4.19981E-9 3.3918E-9 3.20906E-9 3.50871E-9 3.95635E-9 4.70498E-9 5.79425E-9 1.01198E-8 1.28008E-8 2.32712E-8 3.77426E-8 4.10247E-8 5.62016E-8 2.15875E-8 1.15848E-8 8.72741E-9 7.98194E-9 6.41016E-9 4.21148E-9 4.66118E-9 3.29052E-9 2.42452E-9 2.02784E-9 1.43097E-9 1.51E-9 1.24183E-9 1.30412E-9 1.3311E-9 1.39478E-9 1.60336E-9 1.7116E-9 1.90327E-9
3.15011E-7 3.46533E-8 4.12077E-8 4.52938E-8 4.4858E-8 4.08142E-8 3.30251E-8 2.64787E-8 2.42527E-8 2.34216E-8 2.22558E-8 2.30437E-8 2.6085E-8 2.51143E-8 2.60326E-8 2.60466E-8 2.49669E-8 2.13662E-8 1.88996E-8 1.56799E-8 1.60594E-8 1.91711E-8 2.86827E-8 4.40424E-8 7.69773E-8 1.33732E-7 1.84494E-7 1.55356E-7 8.14891E-8 5.81357E-8 3.47431E-8 2.13693E-8 1.20297E-8 6.83419E-9 4.49684E-9 3.44126E-9 3.31401E-9 3.52191E-9 4.23432E-9 5.11565E-9 6.55052E-9 1.09584E-8 1.12696E-8 1.52769E-8 2.92849E-8 3.77696E-8 4.14859E-8 1.86676E-8 8.50079E-9 5.03782E-9 4.23401E-9 2.8998E-9 2.41504E-9 1.99632E-9 1.60021E-9 1.10052E-9 1.047E-9 1.15896E-9 1.03348E-9 1.0649E-9 9.6503E-10 9.13957E-10 9.65916E-10 1.14365E-9 1.26156E-9 1.29357E-9
1.98095E-7 2.00689E-8 2.65354E-8 3.06791E-8 3.19703E-8 2.86237E-8 2.36187E-8 1.43712E-8 1.55676E-8 1.72851E-8 2.01092E-8 2.08972E-8 2.22511E-8 2.06641E-8 2.06944E-8 1.82679E-8 1.55855E-8 1.31525E-8 1.1393E-8 9.07932E-9 8.07782E-9 8.6872E-9 1.22392E-8 2.22417E-8 4.09385E-8 5.4317E-8 7.40613E-8 6.92863E-8 5.79742E-8 4.32521E-8 2.71229E-8 1.73441E-8 1.07502E-8 6.6131E-9 4.65302E-9 3.85962E-9 3.58331E-9 3.67377E-9 5.02004E-9 6.71651E-9 7.96325E-9 9.70696E-9 1.39602E-8 1.77079E-8 2.18832E-8 2.42859E-8 1.86086E-8 1.11086E-8 5.71347E-9 2.79586E-9 1.92903E-9 1.09562E-9 8.96241E-10 7.7144E-10 7.83848E-10 6.41439E-10 6.57384E-10 7.9341E-10 6.60023E-10 7.07621E-10 7.28957E-10 7.07989E-10 7.21152E-10 7.60388E-10 8.61756E-10 9.18758E-10
1.67237E-7 1.62885E-8 2.22282E-8 2.47417E-8 2.74227E-8 1.76795E-8 1.28534E-8 1.25601E-8 1.42501E-8 1.64924E-8 1.80622E-8 1.97189E-8 1.84392E-8 1.78225E-8 1.49561E-8 1.11779E-8 8.45254E-9 6.66233E-9 6.72198E-9 5.52658E-9 4.47978E-9 4.05093E-9 6.59183E-9 1.27066E-8 2.12399E-8 3.30123E-8 4.70731E-8 4.47266E-8 3.46869E-8 2.76904E-8 2.07255E-8 1.65511E-8 8.99879E-9 6.51208E-9 4.72818E-9 3.64617E-9 4.28862E-9 4.35628E-9 4.57652E-9 5.15622E-9 6.41483E-9 7.79756E-9 1.14616E-8 1.33672E-8 1.31405E-8 1.18748E-8 9.63101E-9 5.87981E-9 2.5125E-9 1.17821E-9 7.31637E-10 6.18651E-10 6.20292E-10 6.12054E-10 5.27822E-10 3.86684E-10 5.76657E-10 4.80106E-10 6.33652E-10 5.41184E-10 5.83181E-10 6.16305E-10 5.49908E-10 6.03195E-10 6.36764E-10 6.32177E-10
1.89354E-7 3.28399E-6 1.64407E-8 1.89183E-8 1.69111E-8 1.34347E-8 1.25962E-8 1.38137E-8 1.46297E-8 1.70821E-8 1.85498E-8 2.02321E-8 1.78709E-8 1.29193E-8 1.3636E-8 8.02872E-9 7.56857E-9 4.57347E-9 3.81188E-9 3.93622E-9 2.39625E-9 2.96993E-9 4.33438E-9 8.22447E-9 1.13191E-8 1.56418E-8 1.83973E-8 2.3125E-8 2.11296E-8 1.91422E-8 1.45128E-8 1.08742E-8 7.53864E-9 5.45358E-9 3.91757E-9 3.2622E-9 2.75866E-9 2.79408E-9 3.94148E-9 4.63153E-9 4.4412E-9 6.9461E-9 7.88296E-9 9.07125E-9 7.32486E-9 4.73848E-9 3.55184E-9 2.2532E-9 9.14183E-10 4.39797E-10 3.38832E-10 3.14979E-10 3.54405E-10 3.78172E-10 3.11248E-10 3.15278E-10 3.80146E-10 4.38448E-10 4.61193E-10 4.40441E-10 4.83045E-10 5.0728E-10 4.77985E-10 4.61863E-10 4.79108E-10 4.18201E-10
1.4991E-8 1.45565E-8 1.54224E-8 1.52416E-8 1.41573E-8 1.24963E-8 1.20807E-8 1.40698E-8 1.48278E-8 1.86112E-8 2.06522E-8 2.00579E-8 1.86167E-8 1.67136E-8 1.12906E-8 8.10281E-9 4.64801E-9 3.49021E-9 2.87251E-9 2.43101E-9 2.31232E-9 2.36656E-9 3.25515E-9 4.97269E-9 7.3012E-9 9.90484E-9 1.2664E-8 1.57015E-8 1.47112E-8 1.37134E-8 9.56392E-9 7.51195E-9 5.26623E-9 4.36039E-9 2.90707E-9 2.5086E-9 2.16684E-9 3.07168E-9 2.39345E-9 2.39981E-9 2.71934E-9 3.11802E-9 4.97385E-9 4.76697E-9 3.72695E-9 2.1184E-9 1.27331E-9 5.44454E-10 1.95662E-10 1.56292E-10 1.60342E-10 2.00472E-10 2.12309E-10 2.77995E-10 2.96666E-10 3.56245E-10 4.09749E-10 4.9316E-10 4.07718E-10 5.13896E-10 3.98344E-10 4.21479E-10 4.41626E-10 4.40474E-10 3.83701E-10 3.35473E-10
1.4361E-8 1.33323E-8 1.27063E-8 1.30647E-8 1.23339E-8 1.45142E-8 1.45067E-8 1.53853E-8 1.62261E-8 2.02848E-8 2.35367E-8 1.8901E-8 2.03291E-8 1.26034E-8 7.8877E-9 4.6437E-9 3.873E-9 3.67946E-9 2.17753E-9 2.0938E-9 3.45837E-9 2.12439E-9 2.87301E-9 3.9276E-9 5.70214E-9 7.74831E-9 9.02901E-9 9.61887E-9 8.97524E-9 8.78979E-9 6.86438E-9 5.25541E-9 4.20626E-9 3.34011E-9 2.55466E-9 1.79045E-9 1.5385E-9 1.62615E-9 2.24559E-9 1.61139E-9 2.10431E-9 2.40124E-9 2.64819E-9 1.79728E-9 1.95059E-9 1.21768E-9 5.50483E-10 2.47716E-10 9.09911E-11 7.06348E-11 8.15163E-11 1.11106E-10 1.63305E-10 1.92456E-10 2.41454E-10 2.94082E-10 3.74404E-10 4.18564E-10 4.70822E-10 4.7594E-10 4.43674E-10 3.77199E-10 4.33502E-10 4.04189E-10 3.94088E-10 3.97725E-10
1.40284E-8 1.22473E-8 1.33592E-8 1.32681E-8 1.14876E-8 1.41579E-8 1.49071E-8 1.72175E-8 1.84637E-8 2.07076E-8 2.56678E-8 2.08858E-8 1.84022E-8 1.96088E-8 8.35101E-9 3.99166E-9 3.36344E-9 2.03115E-9 1.858E-9 1.86978E-9 1.8099E-9 2.16415E-9 2.34534E-9 3.36433E-9 4.19235E-9 4.93868E-9 5.5761E-9 6.03361E-9 6.03968E-9 5.80801E-9 4.59836E-9 3.77558E-9 2.64229E-9 2.20861E-9 1.73569E-9 1.29314E-9 1.08152E-9 1.24816E-9 9.51986E-10 9.51491E-10 1.49334E-9 1.11693E-9 1.5798E-9 1.26704E-9 6.94566E-10 7.07265E-10 3.70912E-10 1.76593E-10 9.83699E-11 6.98055E-11 7.7492E-11 8.81676E-11 1.16435E-10 1.41523E-10 1.70134E-10 2.12865E-10 2.93865E-10 3.40837E-10 3.35392E-10 3.77242E-10 4.25955E-10 4.34629E-10 4.15827E-10 4.64796E-10 4.79389E-10 5.41061E-10
1.1078E-8 1.08187E-8 1.0851E-8 1.09083E-8 1.07867E-8 1.18852E-8 1.36929E-8 1.59317E-8 1.66963E-8 1.97164E-8 2.44348E-8 2.67584E-8 1.94409E-8 1.46377E-8 8.08562E-9 4.85918E-9 2.84665E-9 2.52367E-9 1.65304E-9 1.71481E-9 1.67811E-9 1.67225E-9 1.79915E-9 2.16001E-9 3.23266E-9 3.67296E-9 4.16488E-9 4.48115E-9 4.14774E-9 3.82652E-9 3.02339E-9 2.62569E-9 1.91069E-9 1.52112E-9 1.14832E-9 8.19391E-10 6.43265E-10 5.63785E-10 7.49513E-10 6.95461E-10 9.78899E-10 9.87274E-10 1.05182E-9 8.87441E-10 6.94645E-10 4.84149E-10 2.9184E-10 1.68248E-10 9.99413E-11 7.82611E-11 8.02219E-11 8.47343E-11 8.72022E-11 1.02324E-10 1.14759E-10 1.48903E-10 2.057E-10 2.3965E-10 2.62372E-10 2.93251E-10 3.52618E-10 4.8694E-10 3.73109E-10 4.87907E-10 5.91411E-10 6.59055E-10
8.48363E-9 8.31521E-9 7.65658E-9 7.71531E-9 8.28527E-9 9.23076E-9 1.01536E-8 1.3266E-8 1.53162E-8 1.71768E-8 2.28485E-8 2.85367E-8 2.08202E-8 1.81319E-8 9.66448E-9 4.5374E-9 2.70219E-9 1.68203E-9 2.184E-9 2.17005E-9 2.25336E-9 1.56638E-9 1.63441E-9 1.77137E-9 2.48322E-9 2.91852E-9 3.31779E-9 3.26487E-9 3.21773E-9 2.81557E-9 2.35327E-9 1.74762E-9 1.31622E-9 1.00334E-9 8.20904E-10 5.33496E-10 5.72943E-10 3.51242E-10 4.68052E-10 5.62559E-10 7.11157E-10 5.28563E-10 7.59056E-10 4.54545E-10 5.41993E-10 3.80388E-10 2.94848E-10 1.94652E-10 1.15622E-10 1.00555E-10 8.50178E-11 8.26785E-11 8.52972E-11 7.84801E-11 8.8197E-11 1.10858E-10 1.39437E-10 1.71152E-10 2.13092E-10 2.51019E-10 2.77154E-10 3.66723E-10 3.52451E-10 4.49073E-10 6.40613E-10 7.5384E-10
